1.0247393288e+00
-1.8479397860e+00
-1.2676349421e+00
-1.0671849487e+00
-9.0947379151e-01
-1.5755976368e-03
-7.8622509276e-01
1.9814951151e+00
3.7992133568e-01
3.3219771929e-03
-8.6859447652e-01
4.3095120838e-01
1.2312435329e-01
-1.2007413753e+00
-9.6600614583e-01
8.9690616558e-01
-2.6975763489e-01
-9.2810170567e-01
2.6809266416e-01
-7.2189573785e-01
9.6059487391e-01
6.6812345805e-01
-2.7326073415e-01
1.8549897875e+00
-3.8198833587e-01
1.2738314971e+00
2.0352761358e+00
-1.3017980986e+00
-2.4872070046e+00
-2.5098802032e+00
-2.4156293510e-01
4.1622458310e-01
2.1784277407e+00
-9.9684680632e-01
6.6048995931e-01
-2.5879208338e-01
-1.2166007330e+00
1.8090062254e+00
7.4383323539e-01
-4.2992754144e-01
3.0215612821e-01
-5.4566645848e-01
7.4855176578e-01
2.7144397356e+00
9.6865921864e-01
5.9545642752e-01
-2.4656560750e-01
1.0942648811e+00
-9.5307578491e-02
-1.1681929743e+00
8.2504073458e-01
3.6230339333e-01
9.4304617596e-01
-5.3318748054e-01
-1.4105333904e+00
5.1894338304e-01
-4.7157229436e-01
-1.2015326114e+00
-1.3230464817e+00
6.3523272643e-01
7.2969087189e-01
7.2497402389e-01
-5.3756007170e-01
7.9328523324e-01
1.1140907398e+00
-2.1184615732e+00
6.8335195652e-01
1.0524619666e-01
-1.4935136362e+00
3.3647429741e-01
-5.7118023639e-01
-1.6420816482e+00
2.8169050863e+00
-2.8613034675e-01
-9.9088388341e-01
-1.3733488196e-01
-1.6969765566e+00
-6.5954519874e-03
-4.1090711427e-01
3.3390512421e-01
-1.6768773923e+00
-2.4987305193e-01
-7.1837438490e-01
2.6990258303e-01
9.0085797671e-01
-7.3490680972e-01
1.5530682795e+00
-1.3911973710e+00
1.1866770326e+00
4.0574513032e-01
3.7595977252e-01
-2.1459229082e+00
-3.7207536519e-01
7.7099885481e-01
6.1948321786e-01
-8.0245749663e-01
-2.1963987758e-01
-5.5112361131e-01
-6.2663308552e-01
9.2720806015e-01
2.5581732949e-01
-1.0965879196e+00
1.1183345677e+00
5.2727466351e-01
4.2587725542e-01
-1.7159184814e+00
-4.2764495991e-01
1.8402034679e-01
2.4229403564e+00
-1.3296427296e+00
-9.8878399123e-01
6.3693528915e-01
-1.5720362794e+00
-3.2264217513e-01
-2.4839755763e-01
9.1318057158e-01
4.4198300142e-01
6.2121858580e-01
-2.0167040137e-02
7.5407473152e-01
6.5861754393e-01
-8.6444681610e-01
5.5866892281e-01
-1.8157822979e+00
-6.9956244637e-02
9.4183067165e-02
1.7823629789e+00
-8.3836783034e-01
7.4392664744e-01
1.2478047161e-02
1.4987736027e+00
-9.6690464003e-01
-1.3017897918e+00
-1.6744632307e+00
1.1583735926e+00
3.0249839478e-01
4.8836199564e-01
8.9634581509e-01
-7.3786162588e-01
-4.2190598803e-01
