1.5284755507e-01 -2.4080799180e-03 -1.4033614362e-01 6.4195627099e-02 1.0182668996e-01 -2.8851770853e-02 -1.1441098780e-01 -5.5329925502e-02 -2.6679473638e-02 6.6620481699e-03 5.6663211975e-02 5.3933288072e-02 1.3799236290e-02
-1.8415954568e-01 1.1551699657e-01 -7.7243747156e-02 5.4943627836e-02 6.0029045338e-02 -1.1427703521e-01 1.0366856379e-01 -6.2114886858e-02 -2.1622299636e-01 -3.5045138560e-02 -2.8258596361e-02 -5.8421367719e-02 -5.6109370239e-02
-2.1945620044e-01 7.6361558890e-02 -3.4917041861e-01 4.8289357961e-02 -3.6364398133e-01 -1.9985292708e-01 -1.5478153187e-01 -1.4180550366e-01 1.7043949552e-01 -5.5264445913e-02 -4.0730967811e-02 8.0731701592e-02 8.7437841780e-03
-2.7625618892e-02 4.7394367744e-02 1.9261522460e-02 4.6409298090e-02 7.2928724403e-02 8.1490281049e-02 -2.8071197570e-02 7.1211376733e-02 1.4175796438e-01 -3.0870380424e-02 9.7860554442e-02 1.3639024842e-01 -5.1216762591e-02
1.0578860498e-01 3.5205766372e-02 2.2713262751e-01 -6.6086353077e-02 9.6911064193e-02 1.3569782517e-01 7.9607461977e-02 -1.0926795428e-01 -2.9983317280e-02 -8.4475134776e-02 6.8753841136e-03 -1.4998743784e-02 8.1949369878e-02
-8.5104557818e-03 -5.7382715833e-02 5.7893892003e-02 -2.1683524758e-01 -3.7117484064e-02 -1.7108105729e-02 6.4480586972e-02 4.4048365782e-02 -4.5008247611e-02 -1.1737162483e-01 -4.4774835292e-02 -2.3701252146e-01 -1.8581306916e-01
1.1631894422e-02 -6.8046055552e-02 -5.6661099483e-02 1.3501867481e-02 -1.3075454833e-01 -5.1588746151e-02 8.9494383648e-04 -1.0252481159e-01 5.8039718069e-02 1.9519783726e-01 -2.1268160445e-01 -6.5454157952e-02 -1.2054535456e-01
-2.2600856433e-02 2.9976588284e-01 5.6451990988e-01 1.9599813735e-01 5.8838646785e-01 4.1721073070e-01 3.9288941073e-01 1.6612391891e-01 -3.2063906978e-01 -3.3038819501e-02 -1.8043359625e-02 5.1409732285e-02 -3.2297574409e-02
1.6021227468e-01 -7.5425079606e-02 8.0063942125e-02 -1.1840653915e-01 1.6223141691e-01 -1.9811961002e-01 -2.4608880876e-02 -5.2271642690e-02 -3.3990574338e-02 7.1054900954e-02 7.7177193458e-02 -4.2201826699e-03 2.6098187428e-02
-2.2757579086e-01 1.3396955663e-01 -1.4476048221e-01 8.5679784593e-02 -1.0614928212e-01 2.6896712870e-01 7.8817708258e-02 1.2502948435e-02 -1.1158546608e-01 -9.7143906735e-02 3.9095046794e-03 2.1596787184e-03 2.2844521963e-02
1.2787482594e-01 -2.9457017453e-02 1.1902263816e-01 -8.3882321756e-02 -1.0770804134e-01 -8.2787972259e-02 -2.8347086236e-02 -1.2990653533e-01 7.4642106380e-02 -1.4535773693e-02 1.3892557130e-01 -1.9218962633e-01 3.5225245723e-02
9.9895379126e-02 -6.6781644128e-02 1.1064354010e-02 -2.1499698289e-01 3.6856361313e-02 2.3205855409e-02 -4.3844972320e-02 -1.0236994094e-01 -1.4779861634e-01 5.3905944794e-02 -8.7074369827e-02 6.3910487289e-02 7.1242211833e-02
3.3040679569e-01 8.1488928940e-03 1.5827292296e-01 1.1366213102e-01 1.1871516602e-01 -4.5144135846e-02 1.1798640039e-02 -6.6340717580e-02 -1.1266366244e-01 4.1498972615e-02 -7.4496346342e-02 8.7921320284e-02 2.1584583725e-02
5.2687227220e-02 -7.2150950759e-02 -2.6613459583e-02 -1.3879644303e-01 -5.7435155039e-02 6.1945457408e-02 4.4908275723e-04 -8.9182998809e-02 -5.6518530249e-02 1.2918380552e-01 6.6097639360e-02 1.7837175884e-01 -8.7197450456e-02
-1.8756380245e-02 1.2757327309e-01 -3.7935716106e-02 -3.4705529673e-02 5.3334906456e-02 -9.1594598767e-02 -5.6844141178e-02 9.3108337021e-02 -4.8676695298e-02 -4.2909524851e-02 1.4777736444e-01 -1.8236910608e-01 -2.9416999511e-02
-6.7252033391e-02 2.0859926082e-02 7.1070339702e-03 8.5055989296e-02 8.8674641148e-02 6.3050117739e-03 -1.3825155444e-02 1.5327581933e-01 1.6849430576e-02 -4.2189696234e-03 1.2666140238e-01 4.2992465156e-02 -3.2541770504e-02
9.9822412531e-02 -4.4925608533e-02 1.0419239043e-02 -6.0642814004e-02 -3.1611353239e-02 -1.8680827861e-01 7.1198400689e-02 7.1375349220e-03 1.2390640380e-02 -1.1776823733e-01 -1.9254135503e-02 3.2111749123e-02 2.6760450549e-02
-7.9063350739e-02 -1.2149632574e-01 -7.1779361677e-02 1.9380550006e-02 -1.1254640083e-01 -1.9269475484e-01 -1.0959839659e-02 1.5586511107e-01 4.5210684318e-02 1.0339438634e-01 -6.4750519880e-02 5.2080933826e-02 -4.3459272722e-02
6.9342974760e-03 -7.4825569889e-02 -1.1231088037e-01 1.0213395997e-01 -6.7917739501e-02 1.1821754729e-01 -2.8433855917e-01 1.1440899332e-01 7.2037775331e-02 7.6084522394e-02 -7.1807209496e-02 -1.3275747663e-01 -6.8046153560e-02
2.8161744101e-01 -8.7388312516e-03 1.7360833923e-01 1.5352614468e-01 1.2630279750e-02 -3.5391932028e-02 -8.7285236869e-02 -2.7761676963e-01 5.7344762372e-02 -8.3832455778e-02 8.2898137497e-02 1.4073745199e-01 -5.4381650760e-02
-5.9479285364e-02 6.0727711706e-02 -9.5239964616e-02 -1.1854105895e-01 -2.7658565611e-02 -1.8254532097e-01 1.7323714916e-01 7.6576159796e-04 -1.5877035744e-01 -1.7755193016e-01 3.4657700659e-02 7.1687130135e-02 3.1921816612e-02
2.3972188046e-02 6.8059864697e-02 2.7525614899e-03 3.8259047577e-02 -5.0284701198e-02 9.8010190337e-02 -6.2205425696e-03 -2.7652542413e-02 5.3791507546e-02 1.6678326573e-01 6.6111519915e-02 -1.7906960641e-02 1.2629438814e-01
1.3141398479e-01 2.2870224574e-01 1.3442831356e-01 -2.4441525370e-02 9.7003370523e-03 1.5487199230e-02 -1.3841340629e-02 7.5362636818e-02 -1.4387490501e-01 4.7053024187e-02 -3.3525527089e-03 -1.1082205194e-01 -9.4680453729e-02
-9.4758244908e-02 -6.9899356827e-02 1.6419335669e-02 1.3872330947e-02 6.3675667679e-02 7.3143838688e-02 3.7412598986e-02 -6.8699257965e-03 -2.0119224927e-02 -2.6259443318e-02 1.6704833940e-01 8.0097699501e-02 9.8416484779e-02
6.4142422980e-02 -3.6347494559e-02 -9.0049420974e-03 -1.2814418321e-01 1.6213885627e-01 -1.5909268986e-01 2.6331576603e-02 -3.9674630582e-02 -5.8364445736e-02 7.3213775005e-02 4.3248324375e-02 1.0717255371e-01 3.0018512929e-02
-6.5090881343e-02 -6.1125896788e-02 7.9383183496e-03 6.2574488386e-03 -5.9729280916e-02 7.3341103282e-02 2.9635420732e-02 1.2140789448e-01 2.9620453484e-02 -3.7958771607e-02 1.6642167007e-02 -8.7091959408e-02 1.4518058299e-01
-4.3024557330e-02 -9.8574873580e-02 -5.9860151911e-02 3.1813369729e-04 1.6701163516e-01 1.0437100519e-01 6.5803802023e-02 1.1163551473e-01 -1.7777368839e-02 1.1033880834e-01 -1.2348556556e-01 -1.3501461574e-01 -2.6929123851e-02
-4.2819678679e-02 1.2646984722e-01 -7.5988941788e-02 1.2806826813e-02 1.0952439617e-01 1.3136593494e-01 6.1906511066e-02 8.4395066531e-02 2.8286908453e-03 -4.9540468687e-02 1.3702544540e-01 -8.7728686856e-02 6.8078670220e-02
3.1122201564e-02 1.4780875735e-02 -1.2126489412e-01 7.3664689887e-02 -1.7429503231e-01 -3.3646435912e-03 -8.0084413152e-02 -8.1095851247e-03 1.4116615285e-01 -1.0213661647e-01 8.4756217205e-02 1.0647221283e-01 -1.3120829416e-01
1.1640839631e-01 1.1939957659e-01 3.3260677298e-01 -1.8417798156e-02 3.3803259355e-01 1.5342517347e-01 1.9520177398e-01 2.8469575272e-02 -1.0266187895e-01 -3.0163567325e-03 1.4084418648e-02 -1.3457270521e-02 3.3182255980e-02
1.2747263842e-01 2.8613068239e-02 5.9719186326e-03 -8.1338187011e-02 6.1708780710e-02 8.2971374072e-02 2.0020032471e-02 1.0676412562e-02 -2.1574909548e-02 -1.1967872535e-01 -1.3289927526e-01 -2.9297212514e-01 -6.9584916823e-02
1.0598035013e-01 6.5517953774e-02 -4.6295645731e-02 8.1699517351e-02 2.0394379779e-01 2.9980278471e-02 -5.9188221558e-02 2.9506942847e-02 5.7723429668e-02 1.3003534311e-01 -7.7726272379e-02 4.3916798884e-02 6.6334737737e-02
3.2527970955e-02 -2.4308685434e-02 -2.2368092074e-01 3.0429185684e-02 1.8048519821e-02 -6.2716558434e-02 -2.8753326748e-02 -1.0281444680e-01 4.8628159462e-02 -1.4356316109e-01 1.6526287660e-01 -3.0408465915e-02 8.3947438758e-02
3.2466128705e-03 8.5816279883e-02 1.4629286027e-02 1.3801103814e-01 8.5852152665e-02 3.6199560232e-02 -5.2221463016e-02 1.0864003441e-01 5.3412333418e-02 3.3016149533e-01 1.1934003944e-01 2.4001574874e-01 -1.5412585035e-01
8.3396614295e-02 -1.1847337579e-02 -6.1411149335e-02 1.8247736853e-02 9.6273773125e-02 9.9409414389e-04 -3.1814281150e-02 -1.9274839489e-02 9.1504649930e-02 -4.1213718141e-02 1.8438145825e-01 -2.5166676150e-02 -8.8994745222e-02
-1.2526648897e-01 1.0597913825e-01 -4.4870410635e-02 6.8316906045e-02 6.4099349291e-02 1.0860804339e-01 -3.4683743177e-02 7.5619380711e-02 1.2768553413e-02 1.6805543283e-01 -1.5435671940e-01 -1.2870450563e-02 -1.1771081377e-01
-1.5106825893e-01 2.2433771980e-02 -7.8633985421e-02 3.0906334866e-02 -7.0639277499e-02 1.1765016910e-01 -6.4760662561e-02 1.9267945904e-02 -2.1579019589e-02 -1.9429901283e-01 7.0135282605e-02 -9.9546832906e-02 4.8631561540e-02
-6.9480555600e-02 1.6651486784e-01 -6.2464335399e-02 -1.0032052944e-01 -7.5352204473e-02 -1.7612387223e-02 3.9239453928e-02 -4.6974507295e-02 -1.1856774799e-01 8.9179951125e-02 -2.0052888887e-01 4.2027856645e-02 2.6909177196e-02
-7.4079853827e-02 4.0884467519e-02 -4.7540425094e-02 -1.5700800056e-01 -2.4683950900e-02 -8.0201633945e-02 -2.3622605912e-02 5.8153275492e-02 4.0476457965e-02 8.5686385637e-02 -2.9754147515e-02 -1.4845962909e-01 7.8942734539e-02
7.3637832785e-03 6.7237374317e-04 4.2661982060e-03 1.0008672827e-02 -3.8971563029e-02 1.1342193498e-01 4.5524110077e-02 -4.2064484216e-02 -3.7300271931e-02 -7.3571526793e-02 -5.4067129061e-02 -3.1406168516e-02 3.6225104407e-01
7.9130921186e-02 -4.6337192315e-02 4.1551238134e-02 4.5203417651e-02 -9.2564673132e-02 4.6388967921e-02 3.3572918832e-02 7.3014486697e-02 -3.9125601712e-03 -2.9815752125e-01 1.1491390162e-03 -1.7840109185e-01 -1.2376312424e-02
9.1545329098e-03 -1.0071142234e-01 4.1321742139e-03 -2.0400834603e-01 -1.2951144955e-01 1.9776491074e-01 9.3125516078e-02 5.5995631380e-02 -7.6033732120e-02 -8.5181511743e-02 -1.7436444799e-01 2.4809465914e-01 1.2468415803e-01
-1.3624865745e-01 2.5750779287e-02 4.1271258900e-02 -4.4327808518e-02 -5.8895311822e-03 -7.9049035065e-02 -8.9335349085e-02 3.1547939314e-01 5.7314065541e-02 2.0351777760e-01 1.1696875304e-01 6.0051778717e-02 -1.0759516728e-01
5.3857481720e-02 -6.8623626552e-02 6.6353856909e-02 3.3289350230e-02 -1.9126725605e-02 -1.4947234238e-01 -9.6497796709e-02 -6.9045687930e-03 -3.7908340520e-02 1.7974378245e-01 8.8273380965e-02 4.5350709163e-02 -1.3622953501e-02
7.3276370860e-01 -5.6222524842e-02 6.6942298964e-01 -1.9406214849e-01 4.9760719957e-01 4.2509977075e-02 2.5671786537e-01 -1.9652078372e-01 -2.7405138538e-01 -3.6775046548e-03 -2.2456758565e-02 1.5124374557e-02 1.0584218782e-02
1.9610282366e-02 2.8764549925e-02 -8.3474983558e-03 -8.4792306493e-02 4.1221105491e-02 4.2311630592e-02 9.4564642418e-02 9.3408000615e-03 5.7950882080e-02 3.1902637794e-01 8.6568189333e-02 2.1385224745e-01 1.0927034170e-01
-7.7550084161e-02 -4.3769064662e-02 -4.6857771182e-02 -3.4851004950e-02 1.5743309689e-01 -1.9901613066e-02 -1.3428967846e-02 1.2276273711e-01 3.3929931636e-02 -1.2698714082e-01 -1.8814273246e-01 1.0679593313e-01 6.4168844848e-02
2.3268452335e-01 1.0027384208e-02 1.4333555373e-01 2.2147317844e-02 1.3535574982e-01 3.4158709212e-02 -1.8508820741e-02 -1.5953106097e-02 -7.5106025671e-02 -2.2609957877e-02 -2.6662675624e-02 4.3166257149e-02 6.5479654177e-03
5.0382134143e-02 4.6436322099e-02 1.5128460321e-01 -8.4147460491e-02 -3.2974543879e-02 -2.8191744533e-02 -4.5315032166e-02 9.3176953962e-03 -5.4832552075e-02 1.3578944619e-01 5.7064919918e-02 -1.0091343185e-01 -4.2952994379e-01
-1.2899329512e-02 -1.7857381607e-02 7.2167042343e-02 1.3664878603e-01 -1.7664409739e-02 -1.0538627620e-01 -8.7784668891e-02 -1.7535761333e-01 8.7388143960e-03 4.7503529539e-02 -8.7802649453e-02 8.4175852277e-03 3.0974350544e-02
-1.0619936598e-01 -7.1321419453e-02 -1.1910266570e-01 1.4698874164e-02 1.0250327367e-01 7.8139324217e-02 -7.1252504874e-02 -5.7171913243e-03 1.1478002843e-01 8.7825426487e-02 1.7197606720e-01 2.0150904255e-01 4.6272186916e-02
-1.5610400039e-01 1.8296743636e-01 -2.2964425184e-02 2.1825538747e-01 2.0785432309e-02 2.3882711542e-02 -2.1107374213e-01 1.3242836052e-01 1.1305794862e-01 5.8305887958e-02 2.4735371810e-01 2.7225101715e-02 1.1969081114e-01
2.6181617467e-02 6.8375977294e-02 1.3869239582e-02 1.2047718681e-03 9.9543076671e-02 -1.8594831456e-02 1.2046352143e-01 7.0211296909e-02 -1.1572764059e-01 8.2913748012e-02 8.7018118534e-03 -5.3172635427e-02 -5.5581319777e-02
-4.1375650619e-02 -3.7518217331e-02 -8.3600919333e-02 7.3627646908e-02 -1.0924687988e-01 1.3247421328e-01 -3.4974814055e-02 4.4779637046e-02 -6.4780829422e-02 6.6971244056e-03 -7.8252849561e-02 5.7059942885e-02 9.6470440432e-02
-6.4835121670e-03 -1.1144440663e-01 -1.3701366562e-01 1.4037694811e-01 2.6742247094e-02 -1.8229569975e-03 -4.2929142154e-02 -9.0088840518e-02 2.2867259950e-01 8.7578944994e-02 -1.7383911566e-01 -1.0179046289e-01 6.1232776586e-02
2.0665417546e-02 -2.5999336006e-02 7.2601308917e-02 4.2901577703e-02 2.2716062689e-01 1.2894905281e-01 8.7690157661e-02 3.1166470804e-02 1.5600055222e-02 2.1339811921e-02 -1.0439844669e-02 7.7912005251e-04 9.0809779619e-02
1.8061927019e-03 -1.9732807867e-01 6.3141741621e-02 -2.9281391240e-02 1.1655945031e-01 -6.9299315240e-02 7.6614061833e-02 -8.0280264192e-02 4.7900823974e-02 9.3624992564e-04 -1.8855781757e-01 -2.1532284694e-01 1.0101603323e-02
-6.0090829704e-02 -5.9755171136e-03 -1.1118653551e-01 5.7608710150e-02 -9.0011920085e-02 -1.8140278639e-01 -1.5039709107e-01 4.1720469494e-02 1.4666234237e-01 -2.8063611450e-02 -8.6515739954e-03 -2.5627341840e-02 -2.5109404795e-01
-9.8850707062e-02 1.5868924036e-01 4.9891368712e-02 -4.3093093422e-02 -4.3102085602e-02 -1.0058573799e-01 6.4234600686e-02 8.8934704209e-02 -2.1968730215e-02 -5.0937757885e-02 -9.1336224230e-02 8.3137403802e-02 2.4892387240e-02
-1.8657553158e-02 -5.3095440981e-02 1.1543235652e-03 -4.0609626828e-02 4.2689704083e-04 -1.5943056851e-03 5.2015060959e-02 -6.2585665194e-03 -8.1544313585e-02 -1.7268921087e-01 -6.3109453823e-02 7.1021842917e-02 -3.9621240039e-02
-2.7775091502e-02 -3.3453086148e-04 -6.3129414723e-02 1.3825148669e-01 1.2443358748e-01 4.4238992721e-01 -3.2607590539e-02 1.6577251254e-02 5.8816930164e-02 2.2879237004e-02 3.2905559062e-02 4.7966858650e-02 -1.0184697012e-01
1.7217160411e-01 7.6352537598e-02 2.6224504429e-01 -1.1774265831e-02 5.0486061010e-03 -1.3273053864e-01 4.8907616849e-02 -1.2760888804e-01 -2.1294710573e-01 -1.1427708315e-01 -8.0040173871e-02 -5.7931466884e-02 4.9221033672e-02
2.9155771021e-01 -6.5420265128e-02 3.9162972689e-01 -5.9628150984e-02 7.4573918506e-02 -2.9607824802e-02 1.9277998997e-01 -9.5534039476e-02 -2.0916230959e-01 -1.2760109677e-02 4.7993390951e-02 2.4212920645e-02 -1.1641063602e-01
3.6284604355e-02 8.5465427005e-02 6.9949838579e-02 -1.5681469590e-01 7.4730204615e-02 1.0305758345e-01 -6.7075557225e-02 6.2724850506e-02 9.4592886711e-02 -9.4718249065e-02 1.6767471748e-01 2.7158332170e-02 1.0280132015e-01
-6.0734680596e-02 8.0120996146e-03 -1.0177988775e-01 1.0620889205e-01 -5.8087315079e-03 -6.5956878275e-02 -1.1581165324e-01 7.2680974863e-02 2.5453337384e-02 -9.8132033205e-02 6.0634024565e-02 -2.2994497299e-02 -4.0217744019e-02
-5.9098572058e-02 5.8571847923e-02 2.2619245672e-03 -6.6696653502e-02 -6.1923300653e-02 -1.5353115928e-01 1.0427505139e-01 -9.4124705574e-03 -5.2795759371e-02 -2.8010681221e-02 5.5903736385e-03 -1.8626954304e-02 -1.3607491730e-01
6.9381299489e-02 -1.0466191086e-01 -3.3555161223e-03 6.7089941765e-02 -1.1841430565e-01 -5.6944924630e-02 -1.9941481379e-01 2.6996464394e-02 1.0458961397e-01 5.0261195335e-02 7.4882920174e-02 8.5578863089e-02 -4.5983694661e-02
1.9621646524e-01 -3.8258180146e-02 9.6701197176e-02 -2.7809629766e-01 -1.9057235976e-01 -1.0623745721e-01 7.2374533924e-02 -9.9960821583e-02 -1.1056125402e-01 -1.5827849558e-01 -1.6819985998e-01 -1.0469070047e-01 4.8874244197e-02
