7.0273944106e-01
-2.4438177603e-01
2.6328263107e+00
1.2026381754e+00
-8.5002957704e-02
-4.7969764110e-01
4.1602812631e-01
1.5715290939e+00
1.7563879818e+00
-1.9031198378e-01
-9.4086493714e-01
2.0480251864e+00
-9.6505682520e-01
7.3041491066e-01
-8.4712111312e-01
-6.4505115025e-01
-5.4826745966e-01
1.0201025502e+00
1.5243629013e+00
5.2205380392e-03
9.8670071446e-01
3.3058163698e-01
3.4586739382e-01
-1.6748132176e+00
4.4848039628e-01
3.2912179381e-01
1.4539136695e+00
-5.0397306135e-01
1.3623682847e+00
-1.6222664383e+00
-3.5521910244e-01
7.8318136359e-01
-3.6664492014e-01
-9.2479198698e-01
4.7483803988e-01
1.1004915187e+00
1.8596197583e-01
1.2488091665e-01
-9.4665987533e-01
4.2067478802e-01
1.3934338803e+00
3.6321995746e-01
1.8721704336e+00
-4.3810643934e-01
1.3461290192e+00
8.0384170681e-01
-2.0199338331e+00
4.8163198276e-01
-4.0065977446e-01
6.9379730204e-01
6.2577446278e-01
1.3943347113e+00
2.7976224502e-01
2.7014780461e+00
-1.1936363008e+00
1.9193743109e-01
