-7.9590555978e-01
-2.2453545929e-01
1.1620822528e-01
2.5458741584e-01
-1.6178587919e+00
2.3324365309e-01
1.0464649118e+00
-1.0996945777e-01
-1.6225921798e+00
4.3503768979e-01
1.1996772746e+00
1.1296206169e+00
-1.9828042771e+00
-8.7005201571e-01
2.1054859984e-01
1.9775582641e-02
-2.6840773774e-01
-7.7461581609e-01
2.6163086215e+00
4.5262546308e-01
-1.3834085611e+00
-1.3869728309e+00
1.4782837365e+00
-3.7243190615e-01
-3.1714093493e-01
8.6450030747e-01
1.7776859395e+00
1.3271750928e+00
-9.7644927369e-01
-1.2297736053e+00
6.5074231933e-01
-5.8039562623e-01
1.4247588973e+00
5.9835489595e-01
-1.0180057932e-01
1.3941625117e+00
9.9303205678e-01
-2.2520081532e-01
-1.2599945728e+00
-7.1287062041e-01
1.3599965411e+00
5.4781140219e-01
1.2379439926e+00
-3.9475852049e-01
-1.0950596685e+00
-9.9477728790e-01
-1.5047098677e-01
8.7013088575e-01
1.1914116364e+00
-1.9806751953e-01
3.8747961353e-01
-1.5763720113e+00
2.1145901143e+00
1.3146977226e+00
-2.2491345496e-01
-1.8640696579e-01
-1.2658877573e+00
5.4887495750e-01
2.1464024444e+00
-1.1400064232e+00
1.8309190707e+00
-9.1974416955e-01
7.0278130493e-01
4.5064439949e-01
-8.9761488194e-02
-1.4620452522e-01
-5.1874239661e-01
1.1684968608e-01
-3.9174949298e-02
-1.9973778353e-01
-1.0104202446e+00
7.4733389070e-01
1.3364311628e+00
-4.0386556487e-01
6.2196054771e-01
2.6722667041e-01
-1.0434108454e-01
5.7359171382e-01
7.3428296408e-01
-2.4531763480e+00
7.3629058669e-01
-7.7920501007e-01
-7.0558833728e-02
-9.8113659404e-01
5.1275812042e-01
-1.5044329193e+00
4.0719902206e-01
5.3718817473e-01
-1.2674010381e-01
4.5797350729e-01
-1.3225646275e-01
-1.5137757957e-01
-8.8347413109e-01
5.0889028269e-01
-3.4901320824e-01
-1.2861542174e+00
1.8691861131e+00
-1.5243979031e+00
1.4202920172e+00
4.8701380149e-01
1.1806697342e+00
-1.3451333406e+00
6.3949093719e-01
-3.9911455293e-01
-1.1812039363e+00
-9.9577529772e-01
-3.9899941901e-01
-9.5098580343e-02
-1.9444377370e-01
4.2324013696e-01
-1.2936221805e+00
-1.1443361155e+00
2.0067695202e+00
1.2947685907e-01
-1.3986904151e+00
-8.5077990518e-01
-5.3063535891e-01
9.4771617762e-01
-7.4605946749e-01
-8.3801128646e-01
-1.3248005199e+00
-8.6914584356e-01
1.4741393830e+00
7.9742529855e-01
8.9304780755e-02
1.6255789349e+00
1.3394257044e+00
-2.0754551534e+00
-3.9573052074e-01
1.8423479401e+00
9.7165579852e-01
7.7529543832e-01
-1.9297940787e-01
2.7052152410e-01
6.1469587613e-01
3.6010709235e-01
-4.6029251183e-01
-9.7356304035e-01
-1.3794273322e+00
-6.8608704381e-01
1.4716145662e+00
-1.4218852583e+00
7.9553036909e-01
1.8635220486e+00
-3.9024753553e-01
-1.3983150336e+00
7.6060761433e-02
9.1121835027e-01
-6.3602520946e-01
1.0485337582e-01
3.8275941150e-01
-2.2122447455e-01
-5.9402321765e-01
-1.0764561689e+00
-5.1195950946e-01
-1.2366391598e+00
-1.3237893373e+00
-2.4214308691e+00
-1.1024696046e-01
-3.7171667711e-01
1.6895755443e+00
6.1697042119e-01
1.7163058287e+00
-3.8120519955e-01
-5.0436947111e-01
-2.2698395340e+00
6.9540697829e-01
5.3878516599e-01
3.7847820016e-01
-1.0145674583e+00
7.7461660203e-01
-1.2794508893e-01
1.6488810054e+00
-6.1084256234e-01
5.0609373002e-01
1.0523439867e+00
1.1849831496e+00
9.1294840070e-01
-1.7684630639e+00
2.4527479312e+00
-4.0791283447e-01
-5.2918330575e-01
5.1864532913e-01
5.7579764140e-01
2.0223255052e-01
9.6989469951e-01
3.6675346269e-01
-4.4255241211e-01
1.6909970119e+00
2.4208711102e+00
4.2645463450e-01
5.6935785673e-01
1.2372909940e+00
-2.2507722116e-01
1.5541495613e-01
-4.0532701571e-01
-2.4411240953e-01
2.0646557846e+00
