3.2878465790e-01 5.9370996203e-02 -1.2223470936e-01 6.5682745617e-02 2.4209383341e-01 2.1564504874e-01 -4.5854572113e-02 2.1019901244e-01 -5.9392568691e-02 -1.1113151719e-01 6.7306841170e-02 2.0364763868e-01 1.8169201998e-04 -1.1842071527e-01 2.1436876466e-02 -2.0352135510e-01 1.5385423954e-02 8.5067304352e-03 3.6031772902e-02 -1.7912850845e-01 2.0170949090e-01 -5.6191612143e-02 -1.0935993048e-01 -1.5518681775e-01 4.5766087729e-03 6.1743052740e-02 2.2024722671e-01 -2.0035001900e-01 -2.3440992896e-02 6.2150067592e-02 1.7402107963e-01 1.4561355826e-01 8.5116877181e-02 1.7716585255e-01 -8.2465761721e-03 -9.0140008595e-02 -6.8549312590e-02 2.2555677336e-01 3.3940263570e-01 1.3553090486e-01 -8.4218948781e-02 9.8324654995e-02 7.9036937175e-02 1.1338743767e-01 1.9141367341e-01 2.3328171949e-01 1.7944391447e-01 3.1829358305e-01
-2.7823749735e-01 1.9818584363e-01 1.0298250852e-01 2.4648212327e-01 -8.0382300038e-02 1.2253590182e-01 1.9782055836e-01 2.9155715400e-02 1.7058078901e-01 -3.7010410680e-02 -2.0570003927e-01 7.9653489077e-02 2.3278098036e-01 2.3331827224e-01 1.0489614817e-01 -1.7269681633e-01 1.2877430925e-01 2.4453743434e-01 2.3413579220e-01 -1.0390028941e-01 2.9816294256e-01 -1.0531257242e-02 2.5798759383e-01 1.2361280232e-01 -2.1076884122e-01 -2.8349387961e-02 -1.7010396996e-01 3.3033710192e-01 2.7450207949e-03 -5.6626345322e-02 2.3768517669e-02 -1.8660943385e-01 2.3428460510e-01 -2.6068360778e-01 1.9504175432e-01 -1.1919438914e-03 -8.7968647074e-02 2.5356860540e-01 -8.1991155698e-02 5.5698011999e-02 2.0006286823e-01 -1.2025111962e-01 5.5814076201e-02 -7.2879833994e-02 6.7700476091e-02 -5.0250002640e-02 2.1869330867e-01 8.9760147920e-02
9.7473179905e-02 4.2899340091e-02 3.5127539548e-02 1.0582814331e-01 2.3312323446e-02 2.9016981688e-01 -6.4094489818e-03 6.4930620196e-02 9.1657446614e-02 1.1073066366e-01 1.7160732718e-01 3.5847910945e-02 -1.8480890568e-01 -2.5882040676e-02 3.8578118330e-02 -1.9114810615e-01 1.1865198382e-01 1.9980633128e-01 -1.4524240904e-01 3.9170164950e-01 -4.9738143929e-02 -7.9660931908e-02 -3.6934185130e-01 -2.7966608226e-02 2.0541505993e-01 7.5683164143e-02 1.1419923357e-01 -1.6078588730e-02 1.6347443893e-01 1.3614172373e-01 1.8641603714e-01 -1.0392896211e-02 2.5490712172e-01 -1.1704138964e-01 1.4178559562e-01 3.0149658463e-02 -1.3058057629e-02 -1.6998526899e-01 2.1789316799e-01 -4.7887144473e-03 2.3042951207e-01 1.5406818048e-02 -2.8586523960e-01 -3.3428458075e-03 1.7102934410e-02 2.4456823212e-01 4.2563432802e-02 -6.2273269969e-02
6.7014442570e-02 1.2018971215e-01 -2.1563478158e-03 -1.7202760101e-01 7.9440836216e-02 1.0124059919e-01 -9.1294942606e-02 -6.5481354263e-02 1.1253217705e-01 -6.1567314440e-02 9.1446933040e-02 -6.3369111824e-02 2.4512689843e-01 2.2490520005e-01 -6.2877550259e-02 2.6385848089e-01 8.6392495834e-02 9.2716233499e-02 2.4775565374e-01 -1.7059509458e-01 1.9042410027e-01 7.5900921384e-02 1.5656758903e-01 2.4523635658e-01 -5.9522079641e-02 1.1076531232e-02 -2.6537825435e-01 -6.8790166770e-02 6.9695229645e-02 2.3877535791e-01 3.7755398258e-02 -2.2705101911e-01 -1.5865004625e-01 -8.7897964783e-02 -1.1555448391e-01 1.3815507841e-01 -4.4460590879e-02 1.3428447566e-01 5.5259653624e-02 -7.5085182233e-02 -3.8750837185e-03 -8.7417714920e-02 -6.2503904493e-02 1.9651459394e-02 -3.6566478699e-02 -6.5605443676e-02 1.1949828252e-01 9.5654713810e-02
5.8952111734e-02 -9.5202703454e-02 3.1028336620e-02 1.1624653782e-01 1.3835116174e-01 -1.9513016623e-01 5.5435656011e-03 -1.8239846614e-01 -7.8652281601e-02 1.7197764666e-01 -1.4211499110e-01 2.2229059993e-01 1.8830832072e-01 2.8323541272e-01 1.6580097421e-02 7.0326406326e-02 -6.3464006730e-02 -3.6790558483e-01 4.4021579021e-02 2.8744729165e-02 -1.3854245571e-02 6.7179441104e-02 -1.1473776244e-01 8.0367235471e-02 3.3987400571e-02 1.0881603008e-01 7.2101566582e-02 -4.7300962920e-02 1.3865704209e-01 2.9707395566e-02 2.6242377776e-01 1.8506473571e-01 -3.3100624914e-03 1.8425720123e-01 4.1311772615e-02 1.6931333836e-01 -1.5503916681e-01 -1.6876756207e-01 2.7352397165e-02 1.0943885574e-01 9.6809660343e-02 7.0810200181e-02 -9.7073153500e-02 -6.2780235737e-02 -1.0180634819e-01 6.6953117065e-02 1.8385083257e-01 1.7987271302e-01
1.1749098086e-01 -8.3358662145e-02 9.0101585814e-02 5.9643182510e-04 8.8375573361e-02 -3.9699215470e-02 1.1997945979e-01 -1.0192654406e-01 1.9804314069e-01 1.4002979826e-01 9.3412917780e-03 -1.4154986544e-01 1.9981570674e-01 2.4168654149e-01 2.5394817803e-01 -8.0051646669e-05 -4.0176827991e-02 -3.9119999972e-03 2.8718389225e-01 -6.0800940862e-02 3.0157529757e-01 -1.2869996156e-02 -2.4082073178e-01 3.8512029004e-01 -6.6153804212e-02 1.4999597582e-01 3.6583862859e-02 1.2504574605e-01 -1.9127068811e-01 2.6337529060e-01 1.3117747379e-01 1.5008294215e-01 3.6220334139e-01 -1.2735464122e-01 7.3855569509e-02 1.4438192080e-02 1.3987767896e-01 -8.8803977062e-02 1.7934079399e-01 -2.3294815800e-02 -4.3327903866e-02 1.6764145702e-01 -5.9033181036e-02 6.6019603580e-02 -2.0829026803e-01 1.2697817062e-01 5.3408938454e-02 4.4134668394e-01
2.1201895357e-01 -5.1729343762e-02 2.0063638583e-01 5.4142617435e-02 5.3688873127e-02 3.0369732933e-01 1.3837801240e-01 2.0030439918e-01 -1.4872315754e-01 2.1360632257e-01 -1.2557789307e-01 -1.1244290257e-01 -4.9343095924e-02 -2.4389711639e-01 1.8685365586e-01 -2.9542483931e-02 -6.8867427081e-02 -1.6058122016e-01 1.7391252128e-01 -1.8597123703e-01 3.0005244013e-02 -1.9583120060e-02 -1.2794947427e-02 -2.0022356687e-01 -1.3737652348e-02 9.3445529750e-02 2.9951058368e-01 1.5567627597e-01 -3.8721056625e-01 -2.9020689380e-01 1.8540937243e-01 2.8393526820e-01 -1.0892902120e-01 2.0626954066e-01 7.0893525732e-02 -1.7510489136e-01 1.3288501240e-01 5.3472752845e-02 7.2806347211e-03 3.4408042562e-02 -3.2212275678e-02 5.1123287044e-01 1.1436806092e-01 6.1150058172e-02 1.1837735673e-01 2.0753260931e-02 3.4008053999e-02 2.3224527328e-01
7.2161542893e-02 -2.0998478988e-02 1.6228321722e-01 1.7829080290e-01 1.3143401570e-01 2.2736786671e-01 1.5048969892e-01 1.9606226265e-01 -2.5400799672e-01 3.8309693311e-03 -8.7105193643e-02 -1.2155118160e-01 -2.5484910417e-01 -4.6321829173e-01 1.1594682196e-01 -3.3220482203e-01 1.7609362814e-02 1.3888642594e-01 -5.3756467550e-03 6.5675485717e-02 -6.7049852647e-02 2.2560483233e-02 -3.2036806246e-01 -1.4153428161e-01 -1.7138531830e-01 1.6486869397e-01 1.8069876281e-01 1.8296786025e-01 -1.4188736433e-01 1.0191513077e-01 -2.4667202338e-01 1.2180746429e-01 5.8037562950e-02 -1.1305682426e-01 2.0471605719e-01 -1.3931653956e-01 2.5728370948e-01 -4.6153515517e-03 3.1952094051e-01 1.6680250082e-01 1.0372696976e-01 2.8896824017e-01 9.9074868164e-02 9.7111352940e-02 -3.7278382127e-04 -3.7377387974e-02 -5.0587262923e-02 1.2644123788e-01
-1.2442366802e-02 1.1895695880e-01 5.2043954172e-02 -5.1947961397e-02 -1.6699426216e-02 -1.1566521442e-01 -2.8580820929e-02 -1.3384410619e-01 2.6473673158e-01 -4.1243141886e-03 -1.6423054275e-01 1.0675799081e-01 2.6805304193e-01 3.7200839539e-01 -5.1113665852e-02 2.4290532302e-01 1.5151502120e-01 1.1328798732e-01 8.6834222280e-02 5.1037266776e-02 2.7251639949e-01 1.9153539765e-01 3.9410003753e-02 3.8052706527e-01 -4.5637341414e-02 -8.4139955321e-02 -2.0979829182e-01 -5.4681599516e-02 -2.2041988516e-01 3.6305781443e-01 -8.8711292347e-02 2.9967506177e-01 -6.7032105669e-02 -6.9781069691e-02 1.2498956980e-01 4.3066228592e-02 5.2064526046e-02 4.8304516860e-02 8.3084923258e-02 -1.1070390159e-01 -1.7143029719e-02 -1.4266416681e-01 -9.1665525914e-02 -1.0041215726e-01 -1.9040560097e-01 1.5302463839e-03 2.1041981187e-01 2.0494237689e-01
-5.8059632937e-03 2.8839823850e-01 -5.7131657664e-02 -1.3387734656e-01 -1.4053240125e-01 1.9613155327e-01 -6.2006558101e-02 9.4961851565e-02 1.9205941321e-01 -8.5106701618e-02 -8.2759039518e-02 -1.6360459654e-02 1.8034309144e-01 1.8150673889e-02 -8.8623684644e-02 2.9450236223e-01 -1.1635766634e-01 1.4218433513e-01 9.2634436988e-02 -4.6130166806e-02 1.5788112590e-01 4.5204005162e-02 1.8470923292e-01 2.9492291218e-02 -7.1104208933e-02 8.3552542854e-02 1.3668241365e-01 1.9997239407e-02 8.6331274945e-02 9.8439930575e-02 5.6229212763e-02 -2.6286714688e-01 -1.4817362595e-03 5.1902121888e-02 -3.7519800931e-02 4.1667080870e-02 1.7987902232e-01 2.5000736254e-01 -6.1632107926e-02 5.9078801607e-02 3.4172667466e-02 4.6503701501e-03 2.6959908214e-01 2.9758833044e-01 8.9680392755e-02 -1.6149166042e-02 7.9948377418e-02 7.6542417930e-02
-1.8073954365e-01 5.1120517647e-02 -1.9266262776e-01 5.4252141365e-02 -1.3375382788e-01 1.1097701069e-01 1.8683718813e-01 7.4875873901e-02 -1.3041012111e-01 1.0569644644e-01 -1.0575409429e-01 3.5592308696e-03 -8.4934025370e-03 -2.4362345206e-01 4.4821344814e-01 -2.7744152252e-01 7.8888837705e-02 2.3618968798e-01 -2.7124605889e-01 4.9628611134e-02 -1.7257862910e-02 -6.3490916186e-02 2.8509974613e-01 -3.9297937485e-02 3.4948578840e-01 6.0226013713e-02 5.6261321357e-02 8.1947709437e-02 -1.5532523151e-02 -1.4289630543e-01 -2.3500732595e-01 1.6283175382e-01 3.7891426450e-01 -5.2296288564e-02 1.4000520600e-01 5.2381605925e-02 -1.2982039997e-01 -1.2455641686e-01 2.7395420504e-01 -1.5220251866e-02 4.4604512503e-01 -1.3532749358e-02 3.7702647643e-01 1.4118488722e-01 -6.2580022241e-02 5.9387017650e-02 5.0302904162e-03 3.7426659762e-02
2.7250348326e-02 -1.9880354942e-02 1.1497022586e-01 6.1294012158e-02 3.1379594794e-01 8.5196131208e-02 -3.9560713360e-02 1.0427602745e-01 1.6253770901e-02 2.6486699470e-02 -1.4208407075e-01 -5.2593404457e-02 8.3948465275e-02 1.6839497784e-02 1.4673824210e-01 2.5725959440e-01 -2.3140632495e-01 1.4649932036e-01 1.4658601516e-02 1.8794755178e-01 -9.5675541790e-02 -6.5250901181e-02 2.2380445414e-01 -1.0014509482e-02 7.9112016899e-02 3.2811044004e-01 5.0500712637e-02 -2.0446232093e-02 1.2692909122e-01 -8.7849803001e-02 -9.8028733449e-03 8.0433741834e-02 -7.9109747788e-04 3.6355061667e-01 8.8245635109e-02 7.6097844776e-02 2.7998268657e-01 8.9465521314e-02 -1.2756124961e-01 1.5669849949e-01 9.7282429574e-02 2.7844905051e-02 9.8949186761e-02 -1.3296335557e-01 -2.7701755802e-01 1.5351610383e-01 -7.8412863263e-02 -2.1671326673e-01
1.6855192336e-02 -1.0641833666e-01 1.5960872239e-01 4.0282317715e-02 -2.0321183071e-01 -6.2638768390e-02 -3.3684755323e-02 1.7898811197e-01 1.5236358003e-01 -1.8960941145e-01 2.6065058840e-02 9.3068108096e-02 1.8993515353e-01 -3.2495815536e-01 -2.0291243196e-01 -1.7317230583e-01 3.3709132543e-01 9.7469240617e-02 2.9977339359e-01 3.6758334581e-01 -1.7498640001e-01 2.4270998931e-02 -4.8959271583e-02 -2.4718371238e-02 1.6361801589e-01 2.4698343163e-02 5.9266501780e-02 -2.0272207093e-02 7.3657595861e-02 -9.7868517045e-02 3.0081961392e-02 -8.6869165352e-02 -1.1881440054e-01 9.0167214398e-02 -1.2503412388e-01 1.2701240952e-01 -2.0559275550e-01 1.3430515722e-01 2.4717830298e-01 -2.9703277620e-02 -3.4764087929e-03 1.8717970630e-01 -2.2536644885e-01 4.0659502000e-02 2.6371059610e-01 -1.2338311913e-01 1.3563316960e-01 -5.2046045110e-02
-4.2547204936e-02 -1.6612658824e-01 1.0733695344e-01 1.2448179254e-01 9.6989262230e-02 6.2411576862e-02 1.2789360149e-02 2.2383771616e-01 1.2543660019e-02 1.7365477321e-01 -7.0437232898e-02 2.6233338231e-01 1.9266018157e-01 -1.2891726838e-01 1.4476883679e-01 -2.1461854052e-01 8.3556253394e-02 1.1404703325e-01 1.1858946834e-02 4.8142897977e-02 -8.0094865068e-03 7.1865096813e-02 2.4347087624e-01 1.4693439349e-03 2.8499289100e-01 7.7256886647e-02 -2.9155693961e-02 1.3420225890e-01 -9.5549406412e-02 -1.5430269785e-02 -1.0093365350e-02 -1.5114432774e-01 1.1444821171e-01 9.6979345372e-02 3.8127417608e-02 1.9896058408e-01 -8.1413234018e-02 3.2812765211e-02 1.5146876058e-01 2.4468851373e-01 4.9286900411e-02 2.8247464255e-02 1.1303760172e-01 7.1179709694e-02 1.2058863698e-01 3.8122452740e-02 1.4863251352e-01 -3.2596525676e-02
-2.2513852997e-01 9.6845010774e-02 -4.7263406178e-02 8.6558229500e-02 -7.1973695899e-02 -1.0886457751e-01 -9.7332259679e-03 2.6401240389e-02 1.3693643334e-01 -4.8901311222e-02 -1.1874438282e-01 -7.8640148728e-02 1.6279310912e-01 1.2365165219e-01 -2.0433270606e-01 3.7033624975e-01 1.8863311677e-01 -6.7072834730e-02 3.3253695198e-01 1.0947064622e-01 6.8809141324e-03 1.3577316100e-01 1.0384368452e-01 2.4053948321e-01 1.0051449937e-02 -1.0799095633e-01 -4.0536410849e-02 -7.5509117527e-02 8.3101862379e-03 -2.3327285308e-02 -2.0614841531e-02 -1.6658486954e-01 -2.1006107578e-01 1.6046529225e-01 -2.7988202848e-01 6.0646449022e-03 -4.1490749084e-02 2.5457932814e-01 -1.5475728365e-01 -1.7787646283e-01 -6.9624576618e-02 -2.7683301632e-02 -5.3253458166e-02 -5.5282768462e-02 1.0714330625e-01 -6.4539308059e-02 2.0047023337e-01 3.7591626691e-01
6.8307260133e-02 -1.2921510664e-02 -4.0111907163e-02 -2.1560506778e-01 5.7588634436e-02 2.4694142265e-02 -1.7821981434e-02 6.2761463027e-02 -1.6219743159e-01 -5.6694316730e-02 1.8195069998e-01 1.3893596763e-01 -3.1525521721e-02 -7.0205781154e-02 5.5088545315e-02 -1.0279168741e-01 -6.7721395551e-03 -1.6725136998e-01 -9.2658995358e-04 -1.8701762334e-01 -8.4513190132e-02 2.2069868167e-02 1.4785679209e-01 1.0188059020e-01 2.3644899251e-01 -1.2970812660e-01 7.2680934935e-02 -2.7201060124e-01 -8.5869198105e-02 9.3618980182e-02 2.9706932449e-01 1.4071027933e-01 2.4378068743e-01 2.4256381015e-01 -2.9305797007e-01 1.0822110020e-01 7.2569998146e-03 -9.8251274291e-02 2.8894974018e-01 2.3336666481e-01 9.6240360512e-02 -7.2918981640e-02 3.1406784143e-01 -1.6790178505e-01 1.3370916562e-01 -1.2931981657e-01 -9.4190850029e-02 1.1128432924e-01
1.9236596519e-02 -7.9478170386e-02 -5.1159386658e-02 -4.4017514921e-02 1.1126156122e-01 6.4008956146e-02 -3.7910553612e-02 3.1352062841e-01 -1.2605393781e-01 -3.4115807819e-02 2.2343904578e-01 2.0885787461e-02 1.2137878245e-01 -2.0308844263e-01 -5.1823355570e-02 -9.2338889017e-02 2.0637048501e-02 2.9093312480e-01 6.6615108374e-02 1.1466626603e-01 -5.2700348938e-02 -8.0170342852e-02 2.7608219022e-01 -8.3655623309e-02 1.7429810543e-01 3.9141944502e-02 1.6070247337e-01 -1.9641526792e-01 2.4094291479e-01 -1.6044707168e-01 -9.8976597035e-02 -3.3935074325e-02 1.4683118675e-01 4.8701053928e-02 -2.9356357650e-03 -7.3482317120e-02 4.5314985801e-02 2.7843702454e-01 1.5258096130e-01 2.4250324785e-01 -1.5213430968e-01 -1.4752039423e-02 1.9754350106e-01 -8.5241229443e-02 1.7383700451e-01 -1.7703287426e-01 -9.0194762984e-02 -7.0590364900e-02
7.8403362843e-02 -2.1680403352e-02 1.2941392946e-02 3.0338202652e-02 2.3623273919e-02 1.0665110901e-01 -4.3756823942e-03 1.0559689332e-02 1.3120068917e-01 -4.8711869340e-02 3.7128126424e-01 7.1264072353e-02 -6.5678041474e-02 -8.4876868557e-02 1.8585902874e-01 1.0815214920e-01 9.7515623430e-02 1.1617818834e-01 1.0197921666e-02 -8.7369422434e-03 -1.3626413664e-01 -2.0236905495e-02 -1.2189125908e-01 -2.1869147724e-02 -2.2145319850e-02 2.1532442298e-02 7.9989612623e-02 9.3398304588e-03 3.4536812905e-01 2.3402715072e-01 2.6715111494e-01 2.0379217225e-01 -1.2184213238e-01 8.5817350609e-02 -3.5706514281e-02 1.0350956496e-01 2.6830154954e-01 6.1275419322e-02 -5.7445740150e-02 8.6901031593e-02 -1.5087399899e-01 7.5069680621e-02 1.3974048069e-01 -1.1618268752e-01 5.9545536111e-02 -5.3319328237e-02 1.0139483406e-01 -6.7906313263e-03
-4.4773425283e-02 2.2033956959e-01 -7.0547162834e-02 -4.6570472080e-02 -1.0473659215e-01 -7.4991297862e-02 -1.6902886012e-01 -7.1598035099e-02 2.6684551115e-01 -2.5065524293e-01 8.3302115040e-02 1.6007822323e-01 1.4162792261e-01 1.6381972743e-01 2.8531936764e-02 3.5952239464e-01 5.2705841438e-02 1.0857431975e-01 1.3089822981e-01 -9.3477426987e-02 1.7567554220e-01 -6.2639626105e-02 3.5099152674e-02 2.7451162421e-01 -2.5424167323e-01 7.0389398902e-03 1.0353009567e-01 -1.2387443909e-01 -7.3429808339e-02 5.4275988378e-02 -9.7632715179e-02 -1.8702494557e-03 -3.9788226049e-01 -1.3950555258e-01 -7.4803963985e-02 -1.2238357412e-01 7.7665493458e-02 -9.6385159593e-02 1.1246205720e-01 1.6061824537e-02 -2.3462906263e-02 -2.0828569017e-01 2.3336984898e-01 2.3402057380e-01 -7.5571018985e-02 -8.3439347492e-02 -1.0799701154e-01 7.5259131321e-02
-8.0419310001e-02 1.6664886887e-01 -5.2859194554e-02 1.4476078131e-01 -5.9342130478e-02 -1.4377781689e-01 5.8930970451e-02 1.4629381647e-01 2.1938984787e-01 1.0032640662e-01 2.3779834501e-02 -3.6093980651e-02 2.3561013465e-01 8.0228559907e-02 -4.8620166130e-02 2.2610508212e-01 1.9814576203e-01 6.5858011416e-02 1.5430969136e-01 7.0567329587e-02 3.1291168808e-02 1.5460836637e-01 5.1975267163e-03 2.2019482525e-01 1.1462828336e-01 -1.2967847770e-01 1.1401339172e-01 -9.0552128629e-03 -5.1982516206e-02 7.4823794675e-02 -1.6943412949e-01 -3.5589054112e-01 -6.7962175561e-02 -1.5044961374e-01 5.9655600409e-02 1.3638724981e-01 -1.1380793364e-02 -8.2490584962e-02 -2.2038426881e-01 -2.2405572784e-02 5.3085522137e-02 -5.5464353183e-02 7.3340564487e-02 -2.3251390762e-01 -4.7460738178e-02 5.9326219439e-02 -9.0239424328e-03 -2.2155220046e-02
2.5807849637e-02 1.2464813251e-01 -1.6442594509e-01 1.4637223490e-01 2.8519235299e-02 9.4973862247e-03 -2.4836736655e-02 4.8123181486e-02 -1.7358785916e-01 9.1613890924e-02 -1.9101969391e-01 2.0905266395e-01 1.7556554165e-01 -7.2409835198e-02 3.3053342349e-01 -2.4702780221e-01 2.5369510349e-01 -4.6001130523e-02 -1.6881036862e-01 -6.6504034458e-02 -1.8463047391e-01 6.6504754904e-02 1.2050718008e-01 -2.7193637176e-01 1.6757883561e-01 1.4229306370e-01 -6.2192764289e-02 -1.0711614491e-01 -3.2482531523e-04 -5.7881562121e-02 -1.7806782979e-02 4.5414137271e-02 3.7921713772e-01 -3.1196428434e-02 -7.5479304273e-02 5.2619469722e-02 -1.1921702696e-01 8.3326358719e-02 4.8829018563e-01 5.4465269496e-02 8.0390949134e-02 -1.1823265972e-01 -5.6174489579e-02 1.6706620765e-01 3.2833483115e-01 1.3351581363e-01 -5.0901208530e-02 -1.3929304989e-01
6.5368554650e-03 -6.9721725125e-02 1.4200388075e-01 8.5214305024e-02 1.4920551190e-02 4.9751785667e-02 1.3336527820e-01 1.5505403432e-01 -2.0166579270e-01 3.3539119501e-01 4.4071275709e-02 3.5840469639e-01 -1.4955909892e-01 -9.6933317829e-02 5.7945498475e-01 -7.1247005315e-02 -1.3982132414e-01 4.2312143744e-02 -1.0979900638e-01 9.2369021153e-02 -1.6959714656e-01 3.6817989908e-03 8.2285125486e-02 -1.1363727292e-01 2.6005087825e-01 2.8490452362e-01 2.4456913216e-01 1.4258883570e-01 -2.7704835293e-01 -5.5326453818e-02 1.9425246195e-01 1.7112763530e-01 -1.1162461078e-02 8.8276905881e-02 1.8608753569e-01 -1.8222217216e-01 2.4937208975e-01 -3.5884537560e-01 2.5677525318e-01 -5.3631853416e-03 2.9035662786e-01 1.6327832209e-01 2.4746602057e-01 -1.0970664244e-01 -7.4892003675e-02 -4.4635262156e-04 -3.1888838876e-01 -7.5525756331e-02
2.4609457450e-01 3.8922428902e-02 2.7789501102e-01 6.4159671271e-02 6.1285000015e-02 -1.2086104100e-01 2.5495363633e-01 -1.9420121930e-01 1.2232042026e-01 2.3004587968e-01 2.1839173845e-02 1.1292599957e-01 -9.6127781011e-02 -2.6141968670e-02 2.3819106857e-01 7.3578315466e-02 -1.1158119421e-02 1.3153539092e-02 1.6063125048e-01 1.9681394464e-01 2.5412840989e-01 -3.4586199959e-03 -2.3709943240e-01 6.1236423674e-02 -7.8396771517e-02 2.3567395188e-01 2.1898349247e-01 4.7280520755e-01 -1.8292839294e-01 4.9478097197e-02 1.7588401836e-01 1.3815861255e-01 -2.2865084335e-01 1.3162630922e-01 3.3775921333e-01 3.2861010853e-02 2.0481694909e-01 -9.2093055005e-02 -3.8559814232e-02 8.7331547769e-02 2.6356091188e-01 2.8560682640e-01 2.3529500608e-01 5.9876612078e-02 -1.7288340592e-01 2.4236681981e-01 -8.7549098676e-02 1.3036985638e-02
-1.3054726318e-02 6.2752670445e-02 2.1035776361e-02 -9.1758864550e-02 2.3677588085e-02 -9.8323320494e-03 9.3530394520e-02 -4.0046374153e-01 -1.3279747126e-01 6.4182534004e-02 2.0724861219e-01 7.3633578230e-03 2.1086244884e-01 2.4078641501e-01 -9.1129883114e-02 1.5074623818e-01 4.3629229340e-01 -1.9347014128e-01 1.9810966298e-01 2.8017578772e-01 1.7475154186e-01 2.1941577906e-01 -2.6573965519e-02 7.6191694244e-02 1.4652011574e-01 -3.1774049856e-02 5.4036444786e-02 -5.8920832817e-03 2.4459834194e-01 1.3134195172e-01 1.0114950448e-01 -1.1579994422e-01 -1.8580035325e-01 1.7507248452e-01 4.7688467662e-02 1.3050831075e-01 -1.8305405766e-01 8.5702568792e-02 2.1324980509e-02 1.1423713563e-02 -3.6759674959e-02 6.3061050489e-02 -1.9017630099e-01 -6.6577139549e-03 1.5445108095e-01 1.9668433813e-02 1.2513237272e-01 1.6275992514e-01
1.6785402135e-01 2.1422986464e-01 2.0339974096e-01 4.9672384053e-02 -2.1480281046e-02 1.2020762796e-01 2.5019025809e-01 2.2944563403e-01 2.0337867744e-01 -7.1188713728e-02 1.9375908191e-01 -5.9967862121e-02 2.0686450958e-01 6.0899710191e-02 1.4195830669e-01 1.9064622778e-01 1.5833541766e-01 5.7877979190e-02 2.1318063027e-02 1.1520649348e-01 -5.1613411213e-02 -1.0248260648e-01 -5.8939261436e-02 6.8201201338e-02 -9.1949310190e-02 1.6123321292e-02 2.6808292167e-02 -3.1034368912e-02 -1.0450957773e-01 -1.3688939993e-01 -1.2955600078e-01 1.5502368617e-01 -1.7571876068e-01 -6.0018533981e-02 1.2817079796e-01 3.4179274620e-02 -7.2408161449e-02 6.1604389073e-02 8.8850994400e-02 6.8069873245e-02 2.4104599155e-01 1.6294820711e-01 -1.5106722927e-01 1.6430730708e-02 -1.6510082363e-01 1.5929848761e-01 6.2269270652e-02 -1.0259782771e-02
6.5085224504e-02 2.1390114579e-02 -1.2971477754e-01 -1.3959920068e-01 -1.5479408609e-01 -7.0820114225e-02 -2.3445876451e-01 -2.4001151330e-01 3.0131618063e-01 -2.8614664055e-02 3.6275207281e-02 2.2878896310e-01 1.6780511175e-01 2.5624971197e-01 -7.9327915189e-02 2.9733833524e-01 1.9005958299e-01 -3.2694596590e-03 6.5791170545e-02 -2.2986643522e-01 1.4491925428e-01 3.0462897047e-02 -6.8338689479e-02 2.1923834964e-01 -4.4212492535e-02 -1.7211725119e-01 -1.2238569222e-01 -2.3675904903e-01 5.4562390367e-02 1.5408651274e-01 -5.9718880422e-02 -2.2088238501e-01 -2.9541198676e-01 -1.6658219451e-01 -9.5266198280e-02 -3.9331077404e-02 -1.6310657853e-01 1.6906696075e-01 -1.7664292556e-01 1.1575014846e-02 -7.4826886636e-02 -1.1837279487e-01 -3.7927036694e-03 1.4498449640e-01 9.1500276472e-02 -1.5782307677e-01 9.0134727033e-02 1.1179804707e-01
-1.2610208995e-01 1.6261277456e-01 1.8105618463e-01 3.3432375046e-01 7.8846020213e-02 2.5562802593e-01 5.8700004026e-02 1.6359896533e-01 -2.3334668278e-02 9.9878045365e-02 -1.2545736126e-01 -1.0576452739e-01 1.7540948819e-01 7.0471390245e-02 1.2363711060e-01 2.2138607223e-01 1.6709758243e-01 2.4633638594e-01 -5.0830565374e-02 1.7209942597e-01 -4.2743263032e-02 -8.1188052441e-02 1.9104471437e-02 -1.5884489508e-02 -1.0347248184e-01 1.4818168563e-01 -8.4171467305e-02 1.8489339213e-01 -2.9260470912e-01 -1.9499358834e-01 -2.9921558694e-01 -1.2500123049e-01 1.6345110605e-01 -3.2412080022e-01 2.1706846061e-01 1.5319258703e-01 -1.3272194187e-01 -6.7758207257e-02 2.3582200138e-02 3.1538290043e-02 1.5546956496e-01 -1.8119170785e-02 -7.8120827144e-02 7.6195983962e-02 -4.1074032557e-02 1.0212023166e-01 5.2360481785e-02 -2.2654638687e-01
2.6829745264e-01 -2.4738758049e-01 2.0216244130e-01 1.8981345484e-01 2.0075942281e-01 1.1787369591e-01 1.9134593568e-01 -6.7881932260e-02 -9.9274765395e-02 2.2468811459e-01 -1.5858143354e-01 -9.8150909773e-02 -1.5191264281e-01 3.8794795837e-02 3.2089810523e-01 -1.7685607415e-02 1.4757419822e-02 -2.3130500552e-01 -2.0587403350e-01 1.0672784398e-01 -8.5309868218e-02 7.7788697672e-03 1.1404449781e-01 -1.4644098233e-03 4.7036666068e-02 2.2085654551e-01 7.5991142489e-02 1.7612456216e-01 3.7316902409e-02 -1.1287880541e-01 1.2494097039e-01 2.0727472121e-01 -2.2230292386e-02 1.0245606353e-01 1.0049251912e-01 1.1512390798e-01 2.0641044085e-01 -2.1469584620e-01 1.9516010674e-01 9.4434674961e-02 1.4700047567e-01 1.4563325285e-01 1.0275731928e-01 -4.1177120321e-02 -5.5550114223e-02 1.2438703865e-01 -5.6138020266e-02 4.9312139916e-02
5.6991875952e-02 -4.4490864535e-02 1.3606673456e-03 3.7574375343e-02 4.2065611949e-02 -5.2927082957e-02 1.9442930774e-01 1.2896409588e-01 -3.9280012510e-02 4.6700057902e-02 1.7014772975e-01 7.0600364582e-02 -7.9518452869e-02 -9.3781819693e-02 7.2879193229e-02 4.4991462044e-02 1.0818566400e-01 -2.0059106272e-01 7.2084707183e-02 -2.1622312154e-02 1.9624483430e-02 1.3207289572e-01 7.5149978984e-02 1.8180612464e-01 1.2045250774e-02 -2.5441806292e-03 9.1866176934e-02 8.3859715388e-02 -4.9439851955e-02 -7.2211672076e-02 2.0160129186e-01 3.4000545012e-02 -1.0751676354e-01 7.9744183011e-03 -7.3398370061e-02 9.4440237315e-02 -6.2127010282e-02 2.2581511299e-01 -7.2313965126e-02 -4.3750626026e-03 2.4446056895e-02 8.3549148234e-02 7.0889265489e-02 1.1226386017e-02 1.2555196895e-01 -5.3970668843e-02 2.2832147829e-01 8.9315878452e-02
2.9560449839e-02 2.3904619720e-01 -2.6941657070e-02 -1.6234912480e-01 -1.0296387443e-01 9.2087155028e-02 -1.5055564174e-01 8.1701031336e-02 1.6230817553e-01 2.0128481379e-02 6.4960692708e-02 8.1672805545e-02 -1.5150804731e-01 4.9056016736e-02 6.8727346555e-02 -3.5480828826e-01 1.5216261158e-02 1.2569736442e-01 1.2716789867e-01 -4.0959095829e-02 3.3076982348e-04 5.6028971507e-03 -4.1734956460e-03 -6.5015660077e-02 -7.1838628373e-02 -1.9797339690e-01 1.5182888396e-02 -2.6486032358e-01 3.5516738854e-02 1.5586077942e-01 2.3847057563e-01 -8.1381896028e-02 4.1594265123e-01 7.7818027411e-02 1.2392652886e-01 -8.1725119500e-02 -1.6512382835e-01 -4.2956814448e-02 1.7528418338e-01 8.7111198733e-02 1.2618017009e-01 6.9809326576e-02 -5.0564630292e-02 1.7576270022e-01 -5.9894555705e-02 -1.5694687779e-01 1.1943510917e-01 2.6914126851e-01
4.3620574787e-02 3.8362602955e-02 9.2503663566e-02 -3.8566821906e-02 1.4033794933e-01 4.3638791552e-02 -1.2770363281e-01 2.4189095962e-02 1.4853743322e-01 1.1656189559e-01 2.2825686445e-01 -7.0844445889e-02 2.6801491620e-01 8.4733123661e-02 -6.4172656771e-02 2.1368589181e-01 1.8531229116e-03 1.2430815008e-02 1.3529452520e-01 4.8008256451e-02 -1.8390841363e-02 -1.5000523561e-01 3.2964270553e-01 1.0797659756e-02 -2.4294839189e-02 9.3125456242e-03 -9.2563756134e-02 -2.3958792613e-03 1.2579295454e-01 1.3092948471e-01 5.0003006379e-02 -9.6072512052e-02 -1.1617745285e-01 1.8956006709e-01 4.3657097987e-02 -1.0311605452e-01 2.5734145741e-02 1.6209945711e-01 -1.6657545744e-01 -1.0984127027e-02 -8.5394401799e-02 -2.0774839086e-01 -7.3551909731e-02 7.9819649293e-02 -8.4224838686e-02 1.6432347414e-01 1.4281245881e-01 -2.3783829588e-01
