1.3848591821e+00
2.3287323130e-01
-3.2284053339e-01
-4.5646076685e-01
9.9841242331e-01
7.4471480139e-01
9.1727424414e-01
-2.0673308113e+00
-1.1955435923e+00
-4.9276666928e-02
7.7641793675e-01
-4.4408564394e-02
1.5240401301e-01
-1.6892055189e+00
-8.8153378352e-01
-1.2144601978e+00
-2.2141016679e-01
-2.6682440710e-01
1.2595209500e+00
-1.0313817646e+00
1.0823328742e+00
-7.4377176351e-01
-1.3247295069e+00
2.3565021566e-01
-1.6891259572e+00
-2.8975867403e-01
1.4018582075e+00
-1.8747687255e+00
-2.0388098770e+00
8.2569212977e-01
7.8207798184e-01
7.8353312376e-01
-1.6421222790e+00
-1.7518402956e+00
-1.6210414414e+00
-1.3419197543e+00
-1.5931013621e+00
3.3697805221e-01
2.1638324695e-01
4.5357729916e-01
6.9312297126e-01
-1.8796552609e+00
8.5849355436e-01
-7.9201850414e-01
4.6729749742e-01
5.2167164068e-01
9.8998232526e-01
-7.7880258509e-01
6.5249678114e-01
6.3829656728e-01
3.2513657169e-01
1.9595090751e+00
-1.3073075827e+00
5.9958554667e-01
-8.8388113352e-01
2.4052312541e-02
6.2569824243e-01
-1.3532252658e-01
1.5683872332e+00
4.4907974277e-01
-5.1845603609e-01
3.2713357640e-01
6.4567965658e-01
-1.9934187910e+00
-1.2628002930e+00
-4.6630387308e-01
1.1666840933e+00
7.3443310193e-01
-1.2661621349e+00
1.0865783575e+00
-1.2441359505e+00
-8.0643269776e-03
-1.6029313498e+00
2.4442585760e-01
1.7989878388e+00
-9.7369824241e-01
-4.8297386023e-01
-5.0457109178e-01
-3.4771802244e-02
-8.6559723817e-01
-1.5380808448e+00
1.2694140026e+00
7.7243326012e-01
-4.9271949132e-01
2.3425703513e-01
-1.2159581201e+00
-2.2293881092e+00
1.0758109378e+00
2.9261361317e-01
2.3820065285e-01
-2.9501545675e-01
5.1330091480e-01
-4.3061064504e-01
-1.2430811837e+00
-1.2984645044e+00
1.5135211570e+00
7.4229849165e-01
9.0776819592e-02
8.7939526572e-01
-1.0923278133e+00
-1.4522694905e+00
-3.5740709276e-01
7.0919393322e-01
-7.2038422553e-01
-1.3736540777e+00
3.3392815614e-01
1.1486960715e+00
4.1712923885e-01
5.1528572125e-01
-6.5543344732e-01
1.6272942262e+00
-7.7892504799e-01
3.1741811426e-01
8.5552526103e-02
-1.0508735823e+00
9.0892608879e-01
-5.5838853901e-01
-1.6962952182e+00
-6.1350381839e-01
3.9302057916e-01
1.1668239610e+00
1.9151348388e+00
3.7700006521e-01
-9.5855512085e-01
-1.2760674250e-02
-1.4057147370e-01
2.9533363288e-02
-6.0413326827e-01
1.1803795641e+00
5.5284977795e-01
4.1255640957e-01
1.4091220037e+00
4.7497239509e-01
