-1.9203561909e+00
1.0305144367e+00
-3.5204423001e-01
5.9561161372e-01
-8.9136922801e-01
4.8737997414e-01
4.9907153317e-01
1.0104604890e+00
9.3224181814e-01
-9.7515623557e-01
-4.0210143380e-01
6.9430479656e-01
-4.2503090450e-01
3.4007810796e-01
-1.2125337699e+00
-9.5390787019e-01
-9.1930179402e-01
-5.2831261828e-01
5.6888587951e-01
-9.9198284282e-01
9.1812340085e-01
-6.6244873592e-01
2.7145175861e-01
2.5927941194e-01
-1.4898073357e+00
6.6202212832e-01
-1.3039242702e+00
-1.3570324965e+00
-1.1613376435e+00
-1.6248030512e-01
3.9004032227e-01
-6.4354641350e-01
-5.0953335263e-01
1.9120054789e+00
6.8180838864e-01
1.8734043429e+00
-1.5604183172e+00
3.9381163062e-01
9.5647547957e-01
1.6068797452e+00
5.9698081854e-01
2.7730754250e-01
4.5223930130e-01
3.6405267277e-01
-8.7478203466e-01
-1.4391646908e+00
-1.6585350487e-01
-1.1964440877e-01
-3.8326507780e-01
1.1875722817e+00
-7.2554528979e-01
-7.7834929949e-01
-5.5594411836e-01
4.3627866962e-01
-1.5688320503e+00
-1.4154001651e+00
2.9047041958e-01
-1.8682369940e-01
3.8971321861e-01
-3.6095074992e-01
-2.7250877210e-01
1.0696396279e+00
-1.9831027989e-01
-7.4128140434e-01
1.8028275438e+00
-4.9165204400e-01
2.3900842935e+00
-3.3314210010e-01
1.0558995498e+00
1.9702057692e+00
-5.8215849736e-01
6.3193317341e-01
2.7515347071e+00
-8.1683619618e-01
-4.2170845723e-01
-1.7728955140e+00
-1.1192724000e+00
3.4642184425e-01
-1.3267462683e+00
7.4164019337e-01
6.2052415478e-01
-7.2512302189e-01
8.5716287648e-01
-3.3625897568e-02
9.7835831167e-01
6.3913977039e-01
