3.2090253919e-03 -1.3492405842e-01 -3.3041187071e-02 -3.5985716388e-02 3.4167108850e-01 1.0266316694e-01 -1.2323118025e-04 1.6574491751e-01 4.0774935303e-02 -7.0862081196e-05 -6.7044405468e-02 9.0560931694e-02 1.2857508225e-01 1.1623836621e-01 -7.6702448866e-02 1.4970139138e-04 3.9209389494e-02 7.8518064794e-02 -1.0552770437e-01 3.6217410694e-02 8.3135088576e-02 -1.1839167635e-02 3.5719750959e-02 4.3531507455e-04 1.2750503331e-01 -3.1701068610e-04 3.3999166752e-02 -1.5941518060e-04 -4.0950777359e-04 1.6863851709e-02 1.2412566251e-01 1.8876393503e-01 -1.7553814278e-01 1.2087582732e-02 -4.8011122199e-04 -7.9301349413e-02 1.4776113634e-01 3.1629317719e-02 -5.8298713112e-02 7.6474881915e-02 -1.5539714770e-01
1.1220624641e-01 -1.2623285788e-01 1.5279094804e-01 9.4415584893e-02 4.3444671382e-02 -8.0875096811e-02 -1.7561197317e-04 6.4631186418e-02 1.4228630410e-01 -4.4544975645e-04 1.8759157856e-01 1.2122646299e-01 -9.8397357237e-02 -1.0895345358e-01 -1.0592339512e-01 -4.5975502528e-04 3.6446419071e-02 -1.0370614818e-01 -5.3024297610e-02 -1.0798902923e-01 9.7852635053e-02 9.6710329776e-02 -3.5513883612e-02 -6.1646602457e-04 -1.0493816050e-01 2.1817567569e-05 -1.6385604249e-03 -1.5803150558e-04 6.1697679743e-04 1.2004439637e-01 4.2081578364e-02 9.4496687994e-02 1.7819016801e-02 1.0192527594e-01 6.9006924116e-04 7.4839420555e-02 1.5641703595e-01 -8.5097433779e-04 1.4395280271e-01 2.0368260115e-02 -1.6089997298e-01
-1.0763435853e-01 -5.9603027941e-02 1.2017273651e-01 1.1523182574e-01 1.8423601754e-01 1.8668135148e-01 -3.8117407562e-04 7.7952304981e-02 7.9293982842e-02 5.8741904748e-04 6.8960507210e-02 -4.9474408041e-02 1.4974050104e-01 1.3339407091e-01 -8.2301203677e-02 -3.1945364589e-04 -8.4202701676e-02 -1.3093272444e-02 3.7460128115e-02 9.4266985843e-02 -1.0455146220e-01 9.6812572775e-02 4.9921927009e-02 2.1775100045e-04 6.7928864660e-02 -5.3759518387e-05 6.8890887927e-02 -1.9026310755e-05 -2.8260041989e-05 1.1006798367e-01 1.1460168273e-01 1.0185615938e-01 -1.1688800107e-02 -1.2463413055e-01 2.0364063039e-05 -2.0023866201e-02 1.7843771492e-01 1.4437858169e-01 7.8437269636e-02 -2.1371222665e-02 -1.1922664462e-01
-6.1788534384e-02 6.5014770708e-02 5.5913582131e-02 8.5424020885e-02 8.9639607997e-02 5.2945290341e-02 2.7045021996e-04 3.0892992053e-02 8.0911652084e-02 -6.6746268297e-04 5.6911721339e-02 -3.7771744545e-02 -7.5991367571e-02 1.0784617303e-01 -7.2974247497e-02 6.3995797388e-04 -6.8122120835e-02 1.2381288966e-01 3.1358430143e-02 1.0628286267e-01 -8.2133217758e-03 9.2845930947e-02 1.2074219678e-01 -2.6163089441e-04 8.9100804987e-02 -3.3932623607e-04 -4.5004368835e-03 3.8642356923e-04 2.3729269498e-04 8.8934397226e-02 1.7584211232e-02 7.9257643092e-02 2.8235252982e-03 -3.9539746739e-02 2.0906820318e-04 2.2439834734e-03 8.1495753540e-02 1.2693778922e-01 9.3408033517e-02 -4.4062057064e-02 -1.2246667102e-01
-5.1260756515e-04 1.3550671410e-01 6.6058614286e-02 9.0448319974e-02 1.2336883000e-01 5.3589623352e-03 2.1185561718e-04 -4.9277390668e-02 -1.9201610959e-02 6.2384021556e-04 1.2312824310e-01 8.1400485531e-02 -9.1785407497e-02 7.2837460514e-02 2.8695225193e-02 -1.4666791408e-04 9.3675149905e-02 1.3447531838e-03 3.1404791250e-01 -5.4049328502e-02 -7.3092630697e-02 2.8631409425e-02 3.2043757440e-03 6.7030236008e-05 -4.6498385276e-02 -4.5412100534e-04 -3.9597252151e-02 2.3986142907e-04 -3.9974291346e-04 -2.3487483987e-02 4.1382148345e-02 -1.6935540917e-01 9.5411477396e-02 9.8672157295e-03 -2.0927894728e-04 7.6971171169e-02 3.4137362763e-01 3.2679793001e-02 6.4050906300e-02 -5.2146460440e-02 -5.6872543864e-02
-4.4725322639e-03 9.7911172634e-02 2.3222979478e-01 1.5011711079e-01 -1.0639751473e-01 -1.7052968489e-04 -4.6559684124e-05 -2.3814951737e-01 -7.5423770015e-02 4.5608858764e-04 4.2474782139e-01 -4.9331727225e-03 -6.0760503885e-02 3.3326342939e-02 5.7194500186e-02 -1.6634648747e-04 5.3014070414e-02 -8.4482143346e-02 6.6657349917e-02 2.7645819110e-02 5.8133854317e-02 -2.0150703005e-02 -8.3758195757e-02 -3.1013236752e-04 -4.3332735557e-02 -5.2638217190e-05 -3.4708114871e-01 1.9309351377e-04 4.2386020474e-04 -1.0343660090e-01 1.7430906068e-02 -2.7191818373e-01 4.3259784435e-01 -2.2584005565e-02 -2.5450642952e-04 2.4782157272e-01 -3.1602288024e-01 4.8680045210e-03 1.9530272227e-01 -2.2701619449e-01 8.9491006094e-02
-7.9079783526e-02 3.3927945523e-01 7.0982617006e-02 6.3382075615e-02 2.7772641619e-01 -1.1530670915e-01 1.5281484886e-04 -1.1984619866e-01 4.7286314060e-02 4.0614296047e-04 1.0149387218e-02 2.5751992996e-02 2.3882977259e-02 -6.1475243320e-03 -1.3798316295e-02 -2.2999542919e-04 9.7342919952e-02 5.0569040478e-02 9.9436245734e-02 -9.5034098773e-02 9.8691414795e-02 4.7079924290e-02 7.6880899622e-02 5.4508297363e-04 -1.0358535115e-01 -4.9047042920e-04 3.1046751231e-02 2.1042049831e-04 -2.4085735018e-04 -5.3366497181e-03 -5.4653218354e-02 -6.1271521411e-03 1.5545729425e-02 1.0530829341e-01 1.6248064626e-04 7.6048018539e-02 -4.2133596701e-02 -2.1212634658e-02 1.8293731650e-02 -1.9026804466e-02 1.2671022856e-01
6.6260301356e-03 2.2685898599e-01 7.3110302164e-02 5.9663716126e-02 1.6498490347e-01 -1.3512294170e-01 1.0797678619e-04 -3.5706398767e-02 7.5033261063e-02 -3.3885383259e-05 5.4304074285e-02 6.1313338164e-02 -3.7124022104e-02 -6.3520874002e-02 -1.5482166536e-02 4.8080855592e-04 8.2533778761e-02 2.5686412536e-02 8.8697437434e-02 -1.2114683794e-01 9.0575852301e-02 5.6866992574e-02 5.7148921208e-02 8.6563554058e-05 -1.0382921344e-01 1.1777445120e-04 5.3778548998e-02 1.8726389577e-04 -2.6552795087e-04 3.4723404103e-02 -1.0030938442e-01 6.9601382519e-02 5.0803777187e-03 1.3332940783e-01 1.0863370715e-04 5.6797025345e-02 5.0344166336e-02 -3.2736619873e-02 5.1096894533e-02 2.7811088934e-02 6.2510370791e-02
1.3571968219e-01 -2.3829769927e-01 -5.5573447477e-02 -7.2019731288e-02 7.5856428884e-02 8.4961119936e-02 8.2875663660e-05 1.8352035872e-01 -3.3236147991e-02 -1.8174772058e-04 -2.4649728410e-02 1.6737101815e-01 1.0900552235e-01 3.3253701865e-02 3.1493791631e-02 -8.1823195887e-05 1.0080500932e-01 -5.1147241873e-02 -2.0665978939e-02 -2.9117862362e-02 6.4750978577e-02 -7.5542445955e-02 -1.0363502648e-01 -4.5819590159e-04 9.4559439920e-02 3.1748697299e-04 4.7675812744e-02 -2.3229555244e-04 -4.3456996485e-04 -4.5857249870e-02 1.8014923319e-01 7.0593680272e-02 -1.3150035412e-01 4.1699318321e-02 5.3049424638e-04 -5.2392280189e-02 1.7978615338e-01 -4.3939172662e-02 -6.9188951162e-02 1.2982088949e-01 -1.0511805050e-01
-3.9753723935e-02 6.1481478219e-03 1.3895358972e-01 1.3928985337e-01 7.6634115732e-02 5.6429087448e-02 2.2665407681e-04 -3.1189071005e-02 5.4482212535e-02 -6.4284153012e-04 1.6266369872e-01 8.4444215361e-03 -6.1964578718e-02 6.9645973056e-02 -6.1036637158e-02 3.9711144384e-04 -1.8994881313e-02 -2.5088406903e-02 1.0590008272e-01 2.8357478733e-02 -4.1315379628e-02 9.2168980970e-02 1.8275293715e-02 -3.4605272486e-04 -1.3302940952e-02 -1.9226290116e-04 -3.5575981084e-02 -3.9878769421e-04 -3.6046524979e-04 6.7170878503e-02 6.4003229228e-02 -5.0216617435e-02 7.8054505908e-02 -4.6500111212e-02 1.2799251446e-04 5.6326223972e-02 1.6122871497e-01 9.9402252991e-02 1.3295879908e-01 -8.1001048519e-02 -1.2224231200e-01
7.6941409991e-02 -1.2344954658e-01 -9.0953197198e-02 -9.2621616143e-02 -1.1953867358e-01 1.9211256224e-01 1.1182979075e-04 2.8237776642e-01 -1.0617855406e-01 1.0397403462e-04 -8.2569678165e-02 5.0023669604e-02 1.9986724596e-01 1.0186914746e-01 1.5605635139e-01 -4.5129536536e-04 4.8888403676e-02 9.5520845302e-03 4.3865589906e-02 8.1448809238e-02 -4.1802731235e-02 -1.0587460492e-01 -9.1222382243e-02 -4.2315085215e-06 1.7030021820e-01 4.3478211646e-05 1.7153889895e-01 1.6104585255e-04 3.3378047173e-04 -8.9213853224e-02 -1.2760402211e-01 3.3520137230e-01 -3.0774257142e-01 -4.2372447117e-02 1.0388190643e-04 -9.7427780058e-02 5.1624483472e-02 -4.0369314573e-02 -1.0076111926e-01 2.0848958775e-01 1.0062344877e-01
8.2326655459e-02 8.0180804728e-02 -6.3438398821e-02 -6.9550075628e-02 8.0432363420e-03 -4.1127731842e-02 6.4163566240e-04 7.6038192749e-02 -6.6407217459e-02 -1.7526500419e-04 -4.7153309547e-02 9.0474018035e-02 9.4220592573e-02 -1.5717828653e-02 1.1556280705e-01 9.6438034665e-07 1.1933996406e-01 4.0493091087e-02 7.0354666861e-02 -5.8574114689e-02 9.3783783177e-02 -8.1249555706e-02 -3.5554311733e-02 -9.7415062029e-06 5.0646871076e-02 1.6600319175e-04 6.2961400694e-02 -2.0488267512e-04 -6.3789364344e-04 -9.1082858648e-02 -1.0551354668e-01 1.2151657945e-01 -5.9639284062e-02 1.0838493062e-01 9.4662444997e-05 -4.7614105423e-02 -3.2256104665e-02 -8.7576515982e-02 -7.2803234368e-02 1.3624735486e-01 1.3984641370e-01
7.2534719212e-03 2.3245399084e-01 4.5011263707e-02 1.0416571446e-01 -8.7309750191e-02 -4.1793875035e-02 -9.7883625025e-04 -6.6114788834e-02 -1.5219480435e-02 -7.9280839570e-04 1.6509365197e-01 1.2920638513e-02 -2.6740887701e-01 6.7896824648e-02 5.7714941280e-02 3.4184303711e-04 3.2510618635e-02 9.0841407489e-02 2.8826812636e-01 2.6120057205e-02 -5.1113919689e-02 5.2647618248e-02 6.6579446641e-02 2.4703644861e-04 7.9980533025e-04 -8.5732396189e-05 -7.9971884837e-02 -3.2516141644e-04 7.7861680795e-05 -8.7414971226e-03 -9.2398416909e-02 -7.2868858885e-02 1.2493810337e-01 1.1087498725e-02 -4.5621863799e-04 6.5404665557e-02 1.6574460633e-01 6.2661281066e-02 1.3536703805e-01 -8.5466572166e-02 -2.2772626884e-02
9.6639871847e-02 -1.1621949312e-01 -1.7096613949e-01 -1.7049427814e-01 4.9301970572e-02 1.7813025506e-01 7.0714721787e-05 2.4595168054e-01 -1.7790751614e-01 -3.1354299606e-04 -1.7290742020e-01 1.1334768875e-01 2.9371192353e-01 1.5424331071e-01 1.8560184837e-01 4.2598927804e-05 1.3869317653e-01 8.1031503804e-02 -3.4224931757e-02 7.7915528805e-02 9.0493712495e-02 -1.8759868867e-01 -1.1784464542e-01 -4.4574397533e-04 2.4084258642e-01 -2.0017857667e-04 5.7111522571e-02 -6.2938928340e-04 -1.1500930326e-04 -1.8558337429e-01 3.1737754940e-02 1.9566080567e-01 -1.4727029192e-01 1.7508898113e-02 5.1502931709e-05 -1.1026430992e-01 -7.0965246234e-02 -1.1156692814e-01 -1.9388734949e-01 2.4198324842e-01 1.5620706958e-01
6.3008188449e-02 -5.5840587844e-02 -7.1327393491e-02 -6.1421337760e-02 -1.3138790830e-01 1.2432951038e-01 -2.1788749070e-04 1.5993522606e-01 -9.0794434776e-02 -2.5647119310e-04 -3.5124935453e-02 2.6939112680e-02 1.2048050908e-01 9.3310393279e-02 1.3133301445e-01 -2.4272413189e-04 2.0148640164e-02 5.0136694483e-02 9.7134932677e-02 8.6676451979e-02 -3.3688641300e-02 -7.9548637021e-02 -4.5264798329e-02 -1.7881836379e-04 1.6696152142e-01 3.1153246129e-04 6.4692157414e-02 2.7673350022e-04 3.4610841114e-05 -7.3180705206e-02 -5.7509563614e-02 1.2464924079e-01 -2.8898846618e-02 -3.5574290217e-02 -5.3544176489e-06 -4.9378674685e-02 3.6251030796e-02 -1.6608793010e-02 -5.8857516956e-02 1.4125491271e-01 6.2194180591e-02
-1.9103762447e-01 8.0163353963e-02 1.8560498585e-01 1.9855191420e-01 9.9103779336e-02 2.1408058009e-01 2.9702092025e-04 -8.3015745265e-02 1.2319768661e-02 -1.9036731587e-04 1.4408294012e-01 -1.2993494431e-01 1.3369589426e-01 1.9873192303e-01 -3.1043568194e-02 -8.7704128383e-05 -1.0683533754e-01 -1.9107065918e-02 1.2236564716e-01 1.5951724301e-01 -1.3783765596e-01 1.0921801835e-01 4.3317829337e-02 4.0228495215e-04 6.5445410545e-02 2.9905589537e-04 -3.9766998934e-02 4.2009576153e-04 3.0686872452e-04 6.3933718349e-02 1.7631768495e-01 -6.9971474139e-02 1.6986354991e-01 -1.9116172848e-01 -1.4604432491e-04 3.0664095639e-04 4.1707715134e-03 1.9162721178e-01 1.3614752400e-01 -1.3664468495e-01 -2.2955636726e-02
-1.4902040167e-01 1.0424155443e-01 8.2828141124e-02 7.6122047409e-02 6.7169999887e-02 1.5933303177e-01 -8.6828295004e-05 -3.8436866715e-02 -1.7081769298e-02 1.8898400609e-04 8.2226162484e-03 -1.1327083374e-01 2.3162084052e-01 1.2265540718e-01 2.7702992914e-02 -6.9581755749e-04 -6.3073470734e-02 -2.5599698079e-02 4.7630201545e-02 1.1134642753e-01 -8.0221666463e-02 3.0664514155e-02 1.6732879222e-02 1.9984948325e-04 5.3956131777e-02 -1.0938200176e-04 2.8365296047e-02 -2.7486372529e-04 1.2740347749e-04 7.2664829767e-03 -2.1895788255e-02 5.0785450282e-02 1.0378966160e-01 -1.2838244369e-01 1.7954672753e-04 4.7632285525e-02 -1.3377566594e-01 8.7795731192e-02 2.2516652273e-02 -2.8728191089e-02 1.1703414698e-01
9.3396150956e-02 3.0251948354e-02 -4.5213064559e-02 -7.7149878808e-02 9.3638057806e-02 -2.6953017201e-02 1.1453626860e-04 5.4329807116e-02 -9.1219093717e-02 1.6659663764e-04 -4.5419766710e-02 1.4805592602e-01 1.8915364198e-01 -4.8242304775e-02 1.2253591646e-01 2.9673820724e-04 1.9245496224e-01 -1.0173857543e-01 8.4312871743e-02 -1.4745920003e-01 9.1293966719e-02 -1.1156156497e-01 -1.2832238969e-01 -1.1839440698e-03 -3.6799757638e-02 -6.2587806174e-04 6.5455674124e-02 1.9490537600e-04 7.9525292403e-04 -1.2578567463e-01 -2.1335680211e-02 7.0335665486e-02 -6.9037706859e-02 1.1285732674e-01 -6.7239319674e-05 -3.5806165297e-02 6.1645196495e-04 -1.3170839462e-01 -1.0501462835e-01 1.3858422304e-01 1.6973965787e-01
-5.5728866481e-02 1.2023980040e-01 -9.0779186690e-02 -5.7080485896e-02 6.6167543432e-02 6.4552251737e-02 1.6733546765e-04 9.0714652469e-03 -1.2318576070e-02 5.4774108101e-05 -1.1878528826e-01 -6.7805986146e-02 7.0601830004e-02 1.5738968978e-01 3.3585840504e-02 -6.2883189783e-04 -4.3639272537e-02 2.8577042145e-01 -9.8440581760e-02 2.0180246102e-01 9.7528985904e-02 -2.5745730907e-02 1.4565351577e-01 2.6544743674e-04 2.5761811259e-01 -8.4366968378e-05 3.4940381158e-02 -5.9738823810e-04 -2.9683921559e-04 -2.2361396130e-02 -7.4410609848e-02 1.4176911372e-01 -6.1983900179e-02 -9.4722325063e-03 -1.9453229313e-04 -7.2187276183e-02 -1.8551805061e-01 4.3523959011e-02 -6.0426055466e-02 2.5839407757e-02 5.6989740966e-02
-4.1633525329e-02 -1.9322827123e-01 3.1082500374e-01 1.9103959826e-01 2.6636592762e-01 8.4552388711e-02 5.2291556178e-04 -6.5341166372e-02 1.0122408806e-01 -2.6511615718e-04 2.3562384771e-01 7.0257898553e-02 1.8755502953e-01 9.6159948733e-04 -1.5437267325e-01 4.7473096253e-04 3.0668208279e-02 -2.3526745580e-01 -4.1879290943e-02 -7.6050847960e-02 1.4392550510e-02 1.0238072163e-01 -1.1554756504e-01 2.0464296053e-04 -1.4419052493e-01 -6.2286543571e-04 -5.5531870689e-02 -2.8957198905e-04 -1.7491256353e-04 9.0483174503e-02 1.6053539327e-01 -1.1438953441e-01 1.2558026465e-01 -3.9719831849e-02 8.1073521211e-05 9.7363961053e-02 1.2737407203e-01 5.2182742755e-02 1.2847384130e-01 -9.0905961827e-02 -1.4207984486e-01
7.5712421360e-02 -6.6569616903e-02 -1.5021941354e-01 -1.3938017525e-01 -4.9293952871e-02 1.4611507187e-01 -5.3086061075e-06 2.2488849357e-01 -1.3873731781e-01 -2.1017214140e-04 -1.3907761832e-01 4.8281585396e-02 2.1776576542e-01 1.4578961042e-01 1.6586468139e-01 -1.7754790901e-04 6.3918873918e-02 1.6012468925e-01 -3.8832668480e-02 1.4040409585e-01 7.5887121733e-02 -1.4505557575e-01 -4.7204207841e-02 -1.4579008171e-04 2.6287916252e-01 1.1017476515e-03 6.6684395216e-02 -2.9005355119e-04 -5.7696814349e-05 -1.3905333228e-01 -9.4638515253e-02 2.2951741459e-01 -9.3533260396e-02 2.4874938846e-03 -3.6772594767e-04 -1.0415480136e-01 -1.0266081872e-01 -6.9465639433e-02 -1.4437075290e-01 2.2247485982e-01 1.3041854331e-01
4.6415900056e-02 -1.4590731861e-01 1.9505590166e-01 1.4184739364e-01 2.3640942658e-02 3.5599505146e-02 -4.0468298188e-04 -1.6564115618e-02 4.6335659028e-02 5.9270415838e-04 2.6235926888e-01 8.1155609666e-02 -3.4322104220e-02 -4.7208275973e-03 -5.5426059841e-02 3.3912906915e-04 3.2556872291e-02 -1.4860226370e-01 8.2331328198e-02 -4.6658467572e-02 -1.7620964568e-02 6.8109982840e-02 -9.1449896752e-02 -2.5237202876e-04 -8.5496322660e-02 -3.1119122802e-04 -5.7345637760e-02 -2.9428233119e-05 -3.8125721933e-05 5.2908096243e-02 7.3453376162e-02 -7.0159550374e-02 1.2824801600e-01 -1.4922120064e-02 -4.1477381662e-06 1.1007969961e-01 2.0410899639e-01 3.7731760686e-02 1.5867201210e-01 -6.1814032528e-02 -1.4466812141e-01
9.6902067681e-02 7.6579665011e-02 -8.0395491551e-02 -6.0204673541e-02 1.0390737856e-02 -1.1872811127e-01 -8.1139581236e-05 8.1515655070e-02 3.5490499334e-02 5.2547586811e-04 -4.6789756269e-02 7.1340883056e-02 -1.1833897623e-01 5.9360394685e-05 1.6405123435e-02 1.9787780221e-04 3.8668187391e-02 2.5100065057e-01 -7.1357933623e-02 3.6781134370e-02 1.9063143842e-01 -1.6094389831e-02 1.1208764404e-01 5.4053185072e-05 1.5093388802e-01 -6.1286135925e-05 3.0306146190e-02 6.6952200509e-04 2.0622779665e-04 -2.5267479277e-03 -6.3657913811e-02 1.8247937359e-01 -1.4241541812e-01 1.5492094376e-01 2.0621789533e-05 -7.9463144596e-02 -3.5224524943e-02 -2.5902990053e-02 -2.3184213345e-02 9.2522246595e-02 -3.2891443901e-02
1.7507830203e-01 5.2715661795e-02 6.5851744975e-02 1.5090269562e-02 -1.8342305078e-01 -1.9215143632e-01 -2.1326583168e-04 -5.1614275081e-02 8.1998901561e-02 1.5284728265e-05 1.2459737863e-01 1.0063523187e-01 -1.2739620732e-01 -1.8575985061e-01 3.4306812367e-02 3.4530954642e-05 6.6740226960e-02 -3.6626495530e-02 -6.8780709069e-02 -1.0779973534e-01 1.9791439650e-01 2.9302274200e-02 -3.0231586969e-02 -1.2567827009e-04 -6.1645410908e-02 -2.4553089017e-04 -1.4015926696e-02 -7.1259165280e-05 2.8626943634e-04 4.2795100995e-02 4.4567332169e-03 3.5819447564e-02 1.2273627205e-01 1.9123025977e-01 -1.2305645911e-04 8.4173630202e-02 -1.4440351217e-01 -1.0130833117e-01 9.9315751799e-02 2.6650333696e-02 6.6451016569e-02
-1.5319085493e-02 -2.7263578422e-02 6.6999249740e-02 2.3805088408e-02 -1.0969801018e-01 1.4015757190e-01 -1.8732193400e-05 -4.1870630807e-02 -1.3383330433e-01 -2.7090436083e-04 7.4417904898e-02 -3.2405420355e-03 2.5799677064e-01 3.7705346560e-02 1.4779564564e-01 -7.3757606702e-05 5.4473027407e-02 -2.0494383509e-01 1.6172808831e-01 -6.5136848009e-03 -1.0691412591e-01 -8.0667174695e-02 -1.7243715505e-01 -5.9865939898e-04 -4.6083667200e-02 1.8659316914e-04 2.7764388858e-02 4.8171679007e-04 -1.1989499500e-04 -1.1066920010e-01 -1.0114722743e-02 -3.3699418345e-02 1.5189932929e-01 -9.3954548726e-02 2.1822817125e-04 7.6614274454e-02 -5.4922169185e-02 -2.8576785444e-02 -2.3241490377e-02 4.2742095355e-03 1.8327567632e-01
4.6726726255e-02 -8.0232307740e-03 -8.7958181921e-02 -8.8547259381e-02 5.9059557864e-03 7.4738420953e-02 1.2454195966e-04 1.5823796753e-01 -8.0431851397e-02 2.1143283794e-04 -8.9112806294e-02 3.8857455234e-02 1.7831179781e-01 6.7543506053e-02 1.1091720274e-01 4.3049726658e-04 5.5683406914e-02 8.1562539216e-02 -1.7556888677e-02 5.4074693274e-02 6.8617563248e-02 -9.3665932033e-02 -2.8697935936e-02 2.0372597027e-04 1.5582773905e-01 -3.1986620453e-04 7.7120092065e-02 1.3684529595e-04 -9.7738744922e-05 -9.0311608182e-02 -9.3653001324e-02 2.0432275742e-01 -8.8386323526e-02 2.6551618527e-02 3.2161789590e-04 -6.7926391336e-02 -7.9751545567e-02 -5.3141515838e-02 -9.7345472475e-02 1.7386953481e-01 1.1840829214e-01
3.4402770302e-02 1.3068578560e-01 -1.9217145620e-02 3.1947011627e-02 -3.1975927732e-01 2.2840266759e-02 -3.1232747029e-04 -3.4367519631e-02 -4.3967164936e-02 2.0242870930e-04 9.1177707510e-02 -5.9415878249e-02 -1.7135948189e-01 7.1460370488e-02 1.2318627867e-01 2.7837673223e-04 -6.2985269222e-02 1.2977468277e-01 1.8221273207e-01 1.4032680710e-01 -5.6612022999e-02 1.0461793181e-02 5.9985693239e-02 9.0619552772e-05 1.4754110487e-01 -4.4140451029e-04 -4.4571640148e-02 -2.1234599298e-04 1.1579262794e-04 -1.0132227360e-02 -1.1776383414e-01 -4.2637881684e-02 1.4764411685e-01 -3.8184748968e-02 1.1905922637e-04 4.5077173586e-02 -3.1190215689e-02 5.8426091806e-02 9.0432739877e-02 -3.9609052035e-02 4.3416431649e-02
