5.6011445264e-02 -4.4661887940e-02 -2.4461702412e-02 3.4671033070e-03 1.8604148657e-01 6.1539840021e-02 5.1519929931e-02 1.3799523098e-02 -2.5422505342e-02 7.4262582888e-02 -1.1778866122e-02 -1.5716337774e-01 3.3386586476e-02
9.6176861928e-02 -2.1741982357e-01 1.1901748992e-02 -1.3158760080e-01 1.2427237950e-01 1.5736209141e-02 1.2179754459e-01 -1.1657827157e-01 1.8359152992e-02 -4.0878774439e-02 -6.8602333768e-02 3.4367391923e-04 1.3704598210e-01
-2.2991594037e-01 7.7096862014e-02 -1.9954628738e-01 8.4972449082e-02 6.4542420128e-02 2.0658784507e-01 2.9955141200e-02 6.6162897190e-02 1.2252467965e-02 8.8991928653e-03 -5.1076937923e-02 -1.3505854064e-03 4.1712529047e-03
1.6336352369e-02 4.7394686198e-02 -6.5168539304e-02 -8.5479023311e-02 -1.2079460318e-01 -1.6182866271e-02 -3.2908802925e-02 -5.1883262995e-02 -5.7140517388e-02 -7.1545360291e-02 -6.2337116718e-02 -1.0707413458e-01 -5.4796697767e-02
8.2340405610e-03 -8.3243009860e-03 -4.5162635667e-02 4.5516000623e-02 -6.8860588159e-02 7.5287493166e-02 -2.7142186743e-02 6.1523418296e-02 1.0959238571e-01 -2.8809320204e-03 2.8692371573e-02 -1.8132532041e-03 1.0444586375e-01
-3.9102167721e-02 -1.1161592821e-02 -5.3371946802e-02 -5.7380170917e-02 1.0406781758e-01 8.9364836597e-02 -5.4243365659e-02 1.3114821301e-01 5.8993727303e-02 1.3067626400e-01 1.1921152019e-01 -2.0897489424e-02 -1.4923942785e-01
-1.1738332176e-02 -2.7085342873e-02 4.9075653359e-02 -1.3069703204e-01 -1.0349837134e-01 2.8265945654e-02 -3.0303204421e-02 7.3607061701e-02 -1.0859468634e-02 -3.5749584417e-02 3.0900934090e-02 1.1851095378e-01 -4.6535413039e-02
-5.5642987283e-02 1.4995203054e-02 2.7934725772e-02 -7.1142372975e-02 6.8863475357e-02 2.8547233839e-03 2.7750521217e-02 -1.2739007865e-02 -2.5113814056e-02 -1.1513593652e-01 -8.3386116494e-03 -3.3372160098e-02 4.9914969765e-02
8.4789680577e-02 -1.0658400812e-01 2.8579334677e-02 -8.3431352195e-02 -6.7165970238e-02 -1.1300539521e-02 -8.3039129720e-02 -6.4004496088e-02 2.1895986292e-03 9.0400621727e-02 -3.3698321364e-02 -7.9301986764e-02 3.1745558273e-02
8.0093280866e-02 -3.7158299524e-02 7.1542732388e-02 4.8360236614e-02 -8.6816796523e-02 8.1525766702e-03 -4.9953343288e-02 -5.3257906734e-02 -7.8351138265e-02 -3.1180239571e-02 -1.8864736827e-02 2.2920816283e-02 1.3400594738e-01
7.1579806423e-02 -4.5193052069e-02 -1.2346084647e-01 8.5175277228e-02 9.6846247366e-03 -6.7538559544e-02 -1.6890023857e-01 -4.5374797300e-02 1.2289631680e-01 1.4465862165e-01 5.5784748733e-02 4.2367802146e-02 -2.2396922065e-02
9.1463232188e-02 -8.4549684435e-02 7.2266754803e-02 -2.4983678840e-01 -9.3065230579e-02 2.1096634709e-01 2.4465597734e-02 3.7419105143e-02 4.4892605747e-02 1.2334708661e-01 -5.9186584904e-02 2.7041561345e-02 7.1694425902e-02
-5.9739260703e-02 2.1888572174e-02 -9.7266645560e-02 -3.7566654120e-02 -4.2894392218e-02 -7.5569700863e-02 1.0398737190e-02 8.8574255767e-03 -6.7967394113e-03 -6.7261175687e-02 1.0419686842e-01 -7.2767604303e-02 -4.6672062721e-02
-7.6830066305e-02 -4.6186132610e-02 -8.6749109807e-02 -7.4954296553e-02 -8.5326699087e-02 2.8094033108e-03 -3.4677359340e-03 5.8262525782e-02 9.4374689018e-02 -1.2964656231e-01 -7.9013231882e-03 -3.0593370119e-02 -1.2976560884e-05
-3.6262022267e-02 4.8762364368e-02 3.7731078696e-02 5.1230394840e-02 -2.2577150604e-02 -4.6466299125e-02 4.7434779651e-02 6.1720196765e-02 1.0123599809e-01 1.6369860346e-01 -7.3364555337e-02 -2.9742644022e-02 -2.5761154162e-02
-1.2383728869e-01 1.5732655778e-02 1.8485497606e-02 -4.2850853235e-02 -7.4367516745e-02 -3.0673851685e-02 2.7028189664e-02 5.7586581477e-02 -1.8970044444e-02 1.0206857733e-01 -8.3386608643e-03 1.8668256432e-01 3.8231813992e-02
-9.6457234745e-02 1.0283911818e-01 -5.3766305203e-02 -1.0475990312e-01 2.6478377841e-02 2.1705994990e-02 -4.7136084668e-02 4.2070363776e-02 -5.5219778812e-02 1.4345269952e-02 5.5556038389e-02 -7.3764165079e-02 5.6788199068e-02
9.2890828310e-02 2.6954615182e-02 4.7719665319e-02 -1.0939813790e-01 -2.4235352029e-02 -2.7853860303e-02 6.3474998072e-02 4.3524770785e-02 1.3029798948e-02 -3.1888980645e-02 -1.9313707376e-01 -1.7631961072e-01 7.0928037237e-03
7.6521920449e-04 1.2158947261e-01 1.9397478278e-02 7.3953921171e-02 -4.5014734973e-02 -9.5778548323e-02 -9.1389169208e-02 -8.4056195510e-02 -1.7227044668e-01 4.3683027883e-04 1.6306736346e-01 2.1559267403e-02 -7.1382752258e-02
-6.1747535828e-02 -7.5100866675e-02 5.2827422638e-03 -8.3376528594e-02 -1.9390970080e-02 4.5076871731e-02 6.4455692784e-02 4.7005339745e-02 -3.3752941716e-02 6.9735836610e-03 4.6089865599e-03 2.0943980630e-02 2.5203871444e-02
4.4464887813e-02 -3.7533732446e-02 4.8384206222e-02 -1.0851945068e-02 2.3411951766e-02 1.0607922456e-02 9.0618421155e-02 -1.4151045822e-01 -7.6024964986e-02 6.2756542499e-02 -5.2949914785e-02 -7.6194825057e-02 -1.3454954692e-01
-2.6019533830e-02 -3.5398583106e-02 -8.8425446495e-02 1.5214798632e-01 -8.5090105482e-02 -6.2262211729e-02 -8.4191102434e-02 -3.5121083879e-02 -2.0852998896e-02 -1.2218212229e-02 -3.0300441246e-02 -1.5364570359e-01 -5.1663487820e-02
6.2800379452e-02 -1.8624383484e-02 8.8879875943e-02 -1.1572529547e-01 -4.8493642313e-02 -9.2809239329e-02 1.6608513395e-01 -8.3818715078e-02 1.0976991043e-03 -1.2034659620e-01 -8.2518314581e-02 4.8709963582e-02 -8.4065598442e-02
-4.0798513363e-02 -9.0141818989e-02 -1.0832483781e-02 7.2930857298e-02 2.7234857923e-02 6.2831840178e-02 -5.2116721721e-02 1.2424310865e-01 3.8851939610e-02 -8.2071958748e-02 5.3391812320e-02 -3.4028993759e-02 5.3697551995e-02
-2.1316503975e-02 -1.2670799228e-02 8.3573641139e-02 3.5639213598e-02 1.3609873409e-02 -5.1464815894e-02 -4.8378189086e-02 -2.5250278277e-02 5.7056895722e-03 5.1487686424e-02 1.5819189855e-01 4.2888814869e-02 1.6963107912e-02
2.2256724689e-01 1.4999286388e-01 3.4190125840e-01 -2.1243995430e-02 3.9235446809e-01 1.6519158289e-01 1.1057525363e-01 4.0039541888e-02 -8.8766651793e-02 5.6489517037e-02 2.1720401589e-02 -5.2262412610e-02 -4.5257357065e-02
-2.1397371468e-02 2.5759008048e-02 2.1824984382e-02 -3.4608283519e-02 -4.0547390766e-02 -1.2281434816e-01 1.2294111428e-01 -2.6094021212e-02 7.7708901372e-02 -2.2500345878e-02 1.1008064527e-01 -2.4716973376e-02 3.7071290581e-02
5.6052526132e-02 -4.3155064827e-02 6.2886671964e-02 5.4454051569e-02 1.4877948691e-01 -2.0794312062e-02 -9.0344256997e-02 3.1566485071e-02 -9.6362374792e-03 1.6362435784e-01 -6.0550821298e-02 1.6899867890e-01 1.0200414922e-01
-1.1795320204e-01 -1.2543153424e-01 1.0875842343e-01 4.0996339187e-02 -1.5269851163e-02 -2.8373957669e-02 6.1546356773e-03 1.0472427476e-01 7.8775146355e-02 -4.6352762208e-02 9.2593138838e-02 2.9537347640e-02 -3.0697905660e-02
4.4273485670e-02 -1.4795035301e-01 -2.6183025656e-02 -2.3785383117e-01 -1.4921164884e-01 1.5710096199e-02 -1.9017705641e-03 -2.2088434216e-03 1.4964639854e-02 -1.1504509252e-01 -1.7378268886e-02 -5.3306202615e-02 4.5715740302e-03
-6.9208649304e-02 -2.2656478618e-02 5.7244266187e-02 -6.1787111877e-02 2.9184810826e-02 -7.1443617077e-02 -1.5451425263e-02 -4.7797822895e-02 6.8118744910e-02 -4.1030217585e-02 4.1898234581e-02 -7.0089932631e-02 -1.6712972705e-01
2.3263141408e-02 4.1459822671e-03 -7.4439050694e-02 -4.3515317469e-02 -8.2441387518e-02 -6.8592841207e-02 -7.4113755221e-02 -1.1474461101e-03 5.8470333077e-02 7.2250866596e-02 7.6931679013e-02 -5.3633768028e-02 1.2468988523e-02
-6.5948944451e-02 9.0315557559e-03 2.5480505188e-02 -5.6036198444e-03 -5.7774623039e-02 2.7710259482e-03 6.6252428096e-02 2.5663339394e-02 -2.7424822333e-02 2.9083988340e-02 -1.5704669230e-01 -1.8252417972e-01 -1.3612320987e-02
1.3323302226e-01 -7.2566745191e-02 1.6758749521e-01 1.2302164593e-02 4.2191714018e-02 7.7174627287e-03 1.8846317790e-02 -8.4601998768e-02 -4.7823458315e-02 1.0663393873e-01 1.4475802091e-01 -7.5269173717e-03 3.1256046464e-02
6.4212956392e-03 1.6934305372e-02 -6.2242812286e-02 -3.2411315888e-02 5.2036511397e-02 -1.1205750264e-01 4.1847784436e-02 3.1389156921e-02 1.6429767149e-02 8.9230282582e-02 -3.2883092060e-02 1.1762882273e-01 -5.1389495914e-03
-7.0223026556e-02 2.6024636769e-02 -6.8056127302e-02 -1.0186405696e-02 -3.6715338575e-02 1.0761366512e-01 -1.0493957596e-02 -3.1299426087e-02 -1.5037042571e-02 9.6418412660e-03 2.2685256671e-02 5.4458090171e-02 1.0937353727e-01
6.2220339425e-02 -1.0239637029e-01 2.7719781734e-02 -5.4336552370e-02 -7.9932801253e-02 -1.2877459483e-02 5.8996402452e-03 9.1225912718e-03 5.3056558996e-02 4.6675983609e-02 -3.4348953069e-02 2.7433917762e-01 -5.3441167639e-04
3.7297967444e-01 -7.5661676861e-03 2.8743910944e-01 -5.6053187648e-02 -5.6342657805e-02 -7.4531279726e-04 -3.7436816972e-02 -1.5814047078e-01 -7.8006071644e-02 -9.5869128296e-02 -1.5362393536e-02 2.7812215068e-02 -1.5174206660e-02
-1.1363388429e-01 6.5318845347e-02 -1.2528976199e-01 -3.1004730004e-02 -4.5753179761e-02 -4.9932806266e-02 -9.1861408787e-02 8.4604596460e-03 1.0575264559e-01 -2.4023290767e-02 -2.0310074370e-03 -3.6094668838e-03 6.7459865176e-03
-8.1052364868e-02 9.6346976021e-02 -2.5873715105e-02 1.1230834160e-01 1.8915555854e-02 1.2231416700e-01 2.5503952131e-02 -4.1811086630e-02 -1.3552881250e-01 -1.8120490257e-02 -8.9315823434e-02 4.0802516394e-02 6.6522721645e-02
-9.5185219527e-03 5.4514152068e-03 5.4002313371e-02 -2.7662333071e-02 2.0307127549e-02 -1.7868399218e-01 6.3909099551e-02 1.7620351484e-02 -1.0271507929e-01 1.3170293233e-01 -3.2791191038e-02 -9.0911155322e-05 2.1503333046e-02
1.4821326391e-02 2.5476365256e-02 -2.4083844840e-02 1.2072936157e-01 6.1684063442e-03 5.2067787487e-03 -4.7534674267e-02 -6.4911024295e-02 5.0546701181e-02 1.1032769245e-01 5.5177245797e-02 -6.6402843200e-02 -7.8736866602e-02
-3.8590618917e-03 2.5546697391e-02 6.7599162571e-03 -1.6904427633e-02 2.6059593872e-02 9.3747262921e-02 -1.4151575978e-01 4.9604174302e-02 6.3499525382e-02 -3.6587452984e-02 6.9861326307e-02 7.8480742071e-02 1.4658912274e-02
-3.7154291994e-02 -2.0873617984e-02 -1.5487558134e-02 -2.2666570474e-02 -1.5227888160e-01 2.1559850784e-02 -2.3673543055e-02 -5.0588741932e-02 1.0535797782e-01 1.0938315101e-01 -5.5015856052e-02 3.1426393602e-02 -2.3025091310e-02
1.2351731529e-02 3.4052416198e-02 1.1795645422e-01 -5.2522778180e-02 2.3170516445e-02 -1.4731759366e-03 4.8413980847e-02 8.0609615099e-04 -1.7812321934e-01 -5.6541407433e-02 6.8903465136e-03 -1.7451876224e-02 -2.3096714679e-02
-6.9170184499e-02 1.3182778405e-02 7.2620249714e-02 -1.7108294699e-02 4.8386616423e-02 7.4860923751e-02 2.4788934033e-02 3.6317810819e-02 5.1551267475e-02 8.9534209670e-02 -4.9119769346e-02 -1.2225419527e-01 3.4613607996e-02
4.8411287659e-02 3.8103568939e-02 -6.0140415091e-02 3.1306005370e-02 2.0341507260e-02 -8.2062481744e-02 2.2689929041e-02 1.9005108550e-02 4.4798082453e-02 2.5215322194e-02 9.8378497922e-02 -4.8100645613e-02 -5.0207095990e-02
1.2792157709e-01 4.9406760301e-02 1.1269054753e-01 4.9567583256e-02 -1.6926091332e-02 -2.0047842487e-02 1.0357795003e-02 -1.4093236987e-01 -2.1615288042e-03 1.9877290718e-02 -9.7123133373e-04 2.8071722537e-02 3.9135214665e-02
-1.1127164986e-01 6.8222618181e-02 -1.6478832228e-01 2.0861990663e-02 1.2803429494e-02 5.9673829412e-02 -6.4574942412e-02 9.5478646257e-02 9.2659469744e-02 1.0044708601e-01 -1.9133830098e-02 -2.4127984106e-02 1.2518299430e-01
6.3606951074e-02 -9.9637173629e-02 -9.9414509428e-02 -1.1643381146e-01 -2.2098770283e-02 -2.7765120824e-02 2.6688871707e-02 4.5712029833e-02 1.5288747480e-02 -9.5823172791e-02 3.2313305365e-02 -7.7253921607e-02 -6.8739949694e-02
2.3692609711e-02 -2.3706921602e-01 -5.8894652884e-03 -2.3955026915e-02 -9.3946785263e-03 5.7985254355e-02 3.3289246744e-02 -1.5204436085e-01 3.4075946765e-02 4.1884934627e-02 7.2249784197e-02 5.2502064913e-02 4.6974168540e-02
1.7876666196e-02 -1.1469406674e-02 -1.0335469764e-01 4.6724243082e-02 -2.3155274762e-02 -1.0403651028e-01 -6.5543196745e-02 5.9225133765e-04 -3.0301152642e-02 2.9145738733e-02 -8.7339815041e-02 -3.0606290274e-03 6.9336647893e-02
-1.8231816632e-02 -1.0253742420e-01 -2.1771798184e-02 6.1827738528e-02 6.5509682253e-02 1.9440604195e-02 -5.5721996582e-02 2.8434313054e-02 3.8793207657e-02 1.4196402993e-01 2.0466974795e-02 7.1969349749e-02 4.7909788866e-02
7.8762062121e-02 -7.0762326735e-03 2.2365938982e-02 -1.1123872939e-01 3.4128372279e-02 -5.8409630246e-02 1.0758367671e-02 -1.3788061647e-01 4.8250649576e-03 -5.5718081692e-02 2.8338975845e-02 -1.1088219641e-01 2.5199659859e-02
4.0656423230e-02 1.2840650321e-01 1.5502164641e-01 2.7049128344e-02 1.2344071530e-01 -6.6867785408e-03 1.2257308366e-02 5.0385348290e-04 -5.4391337284e-02 -8.0461820449e-02 1.9803610084e-02 -4.5779417809e-02 -3.9823877487e-02
4.6239002827e-02 -3.8986191664e-02 -5.6620816571e-03 -4.3857861776e-02 6.7690312310e-02 -8.2090796161e-02 5.1267686024e-02 -5.2143469848e-02 -1.3232980707e-01 8.9420176251e-02 -7.5573099942e-02 -4.0817901204e-02 -8.6880600741e-02
-5.2999289375e-02 1.1615046374e-01 -4.0942936070e-02 1.6586738453e-01 -2.2758429273e-02 -6.2354352311e-03 1.6303638605e-02 1.6395076102e-01 2.5219571956e-02 -1.0506956890e-01 -2.5662645991e-02 8.1593505097e-02 3.7550640374e-02
-5.4916378395e-03 -1.0341468642e-02 8.2723775603e-02 -7.3882437330e-02 -4.2195045094e-03 -1.5233439474e-02 -4.4300119393e-03 -2.0606173818e-02 -2.8852557411e-02 6.9627016567e-02 -8.0793989934e-02 -8.1800434164e-02 -1.8710922509e-01
-7.9677763420e-02 2.6381895901e-03 -7.7756801154e-02 8.8113538136e-02 -1.9314785941e-02 -5.2527530633e-02 -1.5521720038e-02 -7.2686698985e-02 -7.3171185251e-02 -1.2597874259e-02 -1.9260836269e-02 9.8315491532e-02 -4.3014681808e-02
6.8061726834e-02 -5.0834351140e-02 -1.0183371312e-01 -1.1768045975e-02 -1.7355848121e-01 1.0710013800e-01 4.2084859356e-02 5.2266078655e-06 -6.8779550750e-03 1.1707470162e-01 -4.3034252490e-03 8.5712212577e-02 4.3694051074e-02
5.6119463237e-03 8.9082645185e-02 5.3578101608e-02 -1.2959286961e-01 -1.2696073789e-01 -3.7910222924e-02 5.0860575245e-02 -3.6019388974e-02 -5.2172629675e-02 2.1573206806e-02 -6.5445419928e-02 -1.0980282556e-01 5.6114547195e-02
-6.8302358913e-02 3.5146590955e-02 1.1302990475e-02 3.4130303127e-02 -1.8055877497e-01 9.5114885028e-02 7.2003655843e-03 -6.9545426458e-02 7.8766232045e-02 -2.6751623272e-02 4.9750233048e-02 -3.2635849929e-02 2.8889720207e-02
-3.9447669581e-02 1.1200171316e-01 -6.5406154074e-02 9.5358685004e-02 7.2783641270e-02 4.6923718647e-02 3.8368439730e-02 6.4256613527e-02 1.5681862071e-02 -1.4291925269e-01 -6.6746539121e-02 4.2611070111e-02 5.5002181093e-02
-5.9815005724e-02 -4.4367563638e-02 3.1543268156e-02 -8.3793683093e-02 8.3400155843e-03 2.8786361143e-03 1.0184298716e-01 3.3013913558e-02 -3.2252863195e-02 -6.6510268746e-02 -9.8635042220e-02 -1.0257849128e-01 -3.7718010271e-02
-1.0414808134e-01 -1.1030029172e-02 -2.6374367269e-02 -1.1126400452e-01 -3.4516742153e-02 -1.1816582911e-01 2.9373779818e-02 -5.7009273900e-02 2.9424977619e-03 1.3482854733e-01 -8.6221917663e-02 3.6800497017e-02 -8.7229206173e-02
-3.8772336384e-03 9.8962613186e-02 1.1340239535e-01 2.9891929984e-02 -4.9294520175e-02 -4.5091806960e-02 7.2070466638e-02 7.7619391076e-02 -5.3389467962e-02 -3.5905847284e-02 -6.1678884782e-02 3.0728784651e-02 -9.5879432649e-02
1.2247556421e-01 9.0667796364e-02 5.8073404887e-02 2.6577219461e-02 3.1259077226e-02 8.5618956935e-03 -5.4330215323e-02 4.2560285155e-02 8.5961399753e-02 5.3537031028e-02 -6.8488909921e-02 -2.8326268912e-02 -1.0860957543e-01
-1.8328580159e-02 1.3836317620e-02 9.2290848282e-02 -1.1465506393e-02 -1.2723986462e-01 -4.5035011598e-03 9.2550470716e-02 -4.1473303478e-02 -1.4257773617e-01 1.1336359387e-01 -3.8068357225e-02 2.9849881608e-02 6.0894108895e-02
4.7915491151e-02 -5.8678299978e-02 9.8634077000e-02 -3.6675698788e-02 1.7755849548e-01 -2.7847137889e-02 8.1216970220e-02 -3.3266158114e-02 -1.1760745591e-01 -7.5189722512e-02 1.0667101117e-01 -2.9557574531e-02 3.8732691540e-02
-5.5256236996e-02 6.8922573637e-02 4.2388762339e-03 -3.0477842357e-02 -7.2128768298e-02 -2.8291608752e-02 -2.5060541690e-02 2.7891722425e-02 -5.3860844456e-02 5.7269002608e-03 -2.5931911304e-02 1.0797228227e-01 8.6303648227e-03
9.5505627990e-02 -8.8547713956e-02 2.8698006312e-02 -9.7135168645e-02 6.8943623077e-02 -4.8968774382e-02 1.4622394645e-01 1.4071802228e-01 -1.8889546539e-02 -2.1624478363e-02 -4.9769354136e-02 -9.4561697025e-02 5.2045060407e-02
-1.1223343408e-01 -4.1872833105e-02 -6.3550991760e-02 7.5023122502e-02 -4.0286759200e-02 -5.8552668665e-02 -7.2585604116e-02 3.1761807906e-02 -7.6215151013e-02 -2.2555164043e-02 1.0752503038e-01 -1.9275048535e-02 5.2163202997e-03
2.8727006986e-02 -5.4417559307e-03 6.2645647117e-02 -6.7861554306e-02 3.6198172225e-02 -1.3866626498e-01 6.2816666786e-02 -3.6644914723e-03 -9.6424598667e-02 -5.9001421694e-02 -1.0416346329e-01 1.0395225607e-01 9.7604385901e-02
1.2131460731e-01 -2.6950673318e-02 -4.9174963373e-02 2.6974349722e-02 9.9741314114e-02 8.1818553753e-02 -3.0294317013e-02 -1.3029958271e-02 -2.8181538713e-02 -2.6487256698e-02 5.3302418667e-02 1.6921378919e-01 1.6913013175e-02
2.0252245257e-02 -4.3787568221e-03 -1.6974508465e-02 1.6429341844e-01 -1.1885995719e-02 -6.0350590548e-03 -1.5753662198e-01 3.8581014130e-02 9.7779006815e-02 1.2589868777e-02 4.7733484036e-02 -4.2103261677e-02 -2.1538060718e-02
-3.1863051624e-02 7.7268590078e-02 6.2865582106e-02 1.3977626808e-03 -1.9942104345e-02 5.5798654399e-02 -1.1441587536e-01 4.0784353231e-02 1.3810400484e-01 -5.9552865211e-02 5.3746238935e-02 1.6640076590e-01 -6.6840856934e-03
-2.9482508271e-02 8.0991409860e-02 5.0627919012e-02 -2.6675167997e-02 1.8422712041e-02 -3.2279130485e-02 1.1686590157e-01 1.8352358970e-02 -5.6653212452e-02 3.2184356974e-02 2.7437184984e-02 4.4591766194e-02 3.6433081523e-02
2.2326732071e-02 2.9187975114e-02 1.4950780716e-01 -2.8641793123e-02 -7.0761322092e-02 -1.8956826216e-02 7.7214822316e-02 7.8955499027e-02 -6.6792204414e-02 -9.1543700194e-02 -2.0445402599e-02 -3.0044920835e-03 -2.4939868420e-02
-1.9697269585e-02 -5.3812793552e-02 -5.7342471333e-02 2.0181094937e-01 1.0402819401e-01 3.1972624862e-01 -3.2135283854e-02 5.1702507402e-02 7.3424514694e-02 -3.7065026510e-02 2.6282083774e-02 1.4054706473e-02 1.8934382706e-02
-5.1395144567e-02 4.2101643585e-02 -1.6184486082e-01 4.0285979427e-03 2.5459296604e-02 9.2224657044e-02 -6.8720933950e-02 3.4650123166e-02 1.8846402673e-02 -2.8387672545e-02 8.4704508547e-02 9.0567800260e-03 8.4904996612e-02
9.6992811250e-02 -5.0956566177e-02 3.2565160729e-02 1.2564189519e-01 -4.4738526618e-02 7.5154995095e-02 -1.3810058977e-01 -9.0957846150e-02 1.9443368699e-01 3.4243404518e-02 1.3409305909e-01 -1.7066806548e-03 -2.7111054969e-02
-3.9287935611e-02 -8.8800512514e-02 5.4744533505e-03 -1.4172521906e-01 -5.8693612919e-02 -5.6301376879e-02 3.0314916892e-02 4.1856217384e-02 -1.6631708138e-02 -4.6454974199e-02 3.5484499935e-02 3.4888182751e-03 -1.2401353286e-03
-1.1271589632e-01 -3.5507589993e-02 -1.0178417007e-01 1.9707593279e-02 -3.5338818572e-02 -1.7976311848e-02 -2.6570032776e-02 4.9773870945e-02 6.1897645544e-02 1.4909969335e-02 5.2024925275e-02 8.1296034335e-02 1.4934451757e-01
1.2881122221e-02 2.1241691168e-02 5.6114002344e-02 -4.2652105976e-02 -1.5843486857e-01 -2.0423152467e-02 -8.8720178266e-02 1.0179390917e-01 6.9790809768e-02 -3.2354255797e-02 -5.5965875433e-02 -1.5364719670e-02 4.6792796774e-02
-2.4030425366e-02 4.1421647704e-02 -2.8552907847e-02 9.6641444495e-02 -6.7458600085e-02 8.6675260567e-02 -9.4962795519e-02 9.4461622789e-02 1.6194981608e-01 1.4314433878e-02 1.2842978618e-01 5.3564192165e-02 -1.5300530013e-02
-1.3305234543e-01 5.1850494342e-02 -3.8597485445e-02 -5.9784844712e-02 -1.2985211847e-01 1.8671668360e-02 2.6559574480e-02 1.4515229468e-03 8.0278257380e-02 1.4997262788e-01 1.0147674523e-01 3.1519717049e-02 -7.1751711643e-02
-1.0069389900e-01 -6.7353707301e-03 -4.3408525622e-02 8.9655468637e-02 -1.2471747076e-02 -4.4329746419e-04 -1.5978605753e-02 1.2022617559e-01 -7.4915293678e-02 4.7991537724e-03 -3.5670685678e-02 -5.9649912084e-02 2.9751273340e-02
1.4284542108e-01 1.0035920167e-01 1.2036772710e-01 8.8381336043e-03 -1.3664248847e-02 -7.5545619030e-02 -4.2009961310e-02 5.2974584518e-02 -6.3605999017e-02 -8.7126361343e-03 7.7842369118e-03 -3.0148972067e-02 -3.1627018991e-02
-1.4824413172e-01 1.0807073660e-01 -2.1589558582e-01 1.2312630454e-01 -1.1748673092e-01 4.6401130695e-03 -5.3861206364e-02 -3.8903191230e-02 3.6554241088e-02 -4.9682429859e-02 -1.7721268913e-02 6.9204030521e-02 -8.9838789599e-03
-1.4679981266e-01 5.0676839822e-02 4.7684022178e-02 -4.7101065777e-02 6.2929209692e-02 -3.1714013492e-02 4.3519939577e-02 -6.4363534162e-02 -1.0620695602e-01 -1.3949119133e-01 6.2484199783e-02 -1.0537932206e-01 1.1293166184e-01
-1.1917221127e-01 -1.8703329330e-02 -1.6253724668e-01 -3.6801951112e-02 -1.6352217411e-01 -3.5409463794e-02 -2.0108566785e-02 -1.8250905931e-02 4.4444235960e-02 2.2523721637e-04 -6.5179968789e-02 2.3890221659e-02 -4.0782179462e-03
-1.3312012400e-01 1.1434385006e-02 -1.2406783437e-02 -4.9742866693e-02 -5.3666622327e-02 -4.4494043287e-03 -1.2288363696e-02 2.3135874184e-03 -5.8065335410e-02 -1.2854429319e-01 -1.1413622591e-02 7.3307926020e-02 -1.8571714351e-02
1.7658378532e-01 -1.0373094379e-01 -6.5488791238e-02 -5.6561175872e-02 -2.1784316719e-01 -1.0102749860e-01 -1.8394233571e-01 -4.6489340244e-03 6.5681723206e-02 -2.7786712766e-02 3.7850158115e-02 2.1423431766e-02 1.6244883675e-02
3.1640811194e-03 1.1520652957e-01 6.3102350918e-02 -5.5879630525e-02 3.7200583637e-02 6.9753727677e-02 9.7428446557e-02 -1.4842011554e-02 -1.6242545747e-01 -1.9088240237e-01 -1.0752022994e-01 -8.6097200970e-03 8.8751115886e-02
-4.3840864981e-02 2.7508131249e-02 7.7934034336e-02 2.2178127739e-02 2.3045475028e-02 4.4377011586e-02 -3.9265794200e-02 3.2235535501e-02 -1.4046374707e-02 1.9362652985e-01 -5.5125433096e-02 -2.8280076379e-02 -2.4656134645e-02
1.2145317870e-01 2.1666539428e-02 8.2267831512e-03 7.2562708060e-02 -9.6421774215e-03 1.0334684314e-02 -1.4306561614e-01 -4.9779416751e-02 5.6325985337e-02 1.4784341210e-01 9.1519695676e-02 1.8682674402e-02 -5.9790136242e-02
-1.6329466535e-01 -7.2408825862e-02 5.1867852713e-02 -1.3750484416e-02 6.8800104083e-02 -1.3855387946e-01 6.5877515338e-02 -7.3799640631e-02 -1.1716217589e-02 -1.2746622768e-02 -2.2037285748e-02 7.7082478290e-05 9.0183589858e-02
-2.8563848512e-02 -6.0086886425e-02 -1.4646528868e-02 -3.6622062606e-02 3.7052386743e-02 -1.1735398150e-01 -4.7668422587e-02 7.8169050238e-02 9.7404043166e-02 -4.2727857731e-02 1.7379440369e-01 1.0260080518e-01 4.1407616920e-02
1.5953129764e-01 -8.2358347558e-02 1.3363620281e-01 -1.0713365277e-01 8.7272802352e-02 -1.0191423434e-01 3.3875751803e-02 -1.5347086790e-01 -1.0680332054e-01 8.7342069958e-02 3.3396197047e-02 8.0662332372e-02 -7.6428865603e-02
9.5846990608e-02 -1.3542874967e-01 3.6962875440e-02 7.3127493184e-03 6.0039857124e-02 -2.2843845504e-02 5.6129844123e-02 -7.4906556583e-02 7.3678784256e-02 -3.8034558254e-02 -4.6312334717e-02 1.2677413076e-01 -1.7178120703e-02
-3.5888256330e-02 4.5599245540e-02 -8.2371970665e-03 2.4828380342e-03 2.1417871781e-02 1.5475703217e-01 -2.1368549824e-03 -5.0862973736e-02 6.8786945562e-02 6.7293919565e-02 4.1864464176e-02 5.6239497518e-02 1.1841807475e-01
9.4807638418e-03 2.9154049865e-04 1.4748591401e-02 -8.3287655347e-04 2.1605192027e-01 -5.3332269571e-02 -2.7138471734e-02 2.3957675638e-02 1.0803587304e-02 5.4072268847e-02 1.2293033397e-01 8.4500199343e-02 -2.5667613272e-02
3.5552935590e-02 -1.1480028662e-02 1.3858367527e-01 5.4292779750e-02 5.4971539315e-02 -5.5674012963e-02 1.6603677252e-03 2.6784546446e-02 -1.2021789767e-02 -1.1936960785e-01 1.5155780040e-01 -5.9571694970e-02 4.5786629068e-02
9.7174217168e-02 2.3674401288e-02 -1.4396269699e-03 6.1090050376e-02 -1.9533599392e-02 6.9368816203e-02 -1.5118230763e-02 -4.6416255878e-02 -6.4800316058e-03 9.7785105582e-02 2.8561873784e-02 1.5840013389e-01 -3.6415403526e-02
1.3070824504e-02 3.1336723313e-02 -5.5422469630e-02 -3.0089926865e-02 -6.0609346066e-02 8.8366690970e-03 -2.9141712089e-02 4.6344663417e-02 7.5936973195e-02 -1.4974518345e-02 8.3585389728e-04 7.5952263527e-03 -3.3843286629e-02
-9.9018019005e-02 -5.1842018886e-02 -6.0747244763e-02 3.8911601173e-02 1.7698732985e-02 -9.3949661778e-02 -7.1580788996e-02 6.6342205396e-02 4.6952584869e-02 7.5156002972e-02 8.6330997773e-02 5.0590711651e-02 4.9442308351e-03
-3.5264983185e-02 1.5104292312e-01 -4.3432568967e-02 -4.5703856243e-02 5.1458582754e-02 -2.4952899153e-03 -1.3458705531e-01 -1.5524117912e-02 -1.6262477639e-02 4.1986649802e-02 5.4817456605e-03 -4.9059536799e-02 -1.7626467674e-01
2.5614427575e-01 -1.6428833865e-02 1.4125211342e-01 1.6786747413e-02 7.5628095864e-02 1.1905436677e-01 7.2607567320e-02 -7.7488467892e-02 -6.9502478615e-02 -2.1541749041e-02 -1.3230739931e-01 2.6933445529e-02 3.3624694043e-02
7.5205363757e-02 2.7350498640e-02 -5.8475493243e-02 1.2497282474e-01 3.4004135692e-03 1.5742554058e-03 -8.4339725573e-02 -1.1043153343e-01 5.6979048754e-02 7.7807789045e-03 -6.5818765272e-02 -6.8190989670e-02 5.1774240612e-02
5.4772950518e-02 8.1836334326e-02 6.5553352290e-02 8.9855326358e-02 1.1976903384e-01 -3.0018608197e-02 1.7203085937e-01 6.4762766455e-03 -4.5582185253e-02 1.0602534278e-01 5.6430800679e-02 5.2235287540e-02 2.5775514325e-02
1.0462858246e-01 7.2045609180e-02 1.2072312605e-01 -1.5844374934e-01 5.0836316729e-02 5.9996532925e-02 3.9413420517e-02 -3.1505299014e-04 1.7018325207e-02 8.4618101880e-04 3.0575307171e-02 1.2804932345e-01 -5.7507281358e-03
7.7235549056e-02 2.2560730857e-02 7.6347046491e-02 -1.0846739824e-02 8.2281965097e-02 9.7193934658e-02 1.3165275384e-02 3.5427391941e-02 -5.5912285625e-02 6.0535735154e-02 -6.5889518431e-02 -8.4241682334e-02 -4.4557303664e-02
-1.1030222835e-02 1.7284299210e-02 -5.5826484055e-04 -3.7484319003e-02 -7.2509353583e-02 -1.4667916047e-01 -2.5369441877e-02 -1.2686763434e-02 -1.8607656001e-02 -8.7357498003e-02 -5.5572127321e-02 -2.9400710908e-02 2.9411876777e-02
1.3437594557e-01 1.3137130374e-01 -3.6089971594e-02 -5.1963928113e-02 8.7736289435e-02 -1.5632554359e-02 1.5030674786e-01 4.3798224451e-02 -5.3859110529e-03 3.4494739897e-02 8.3183822480e-02 -5.9266404820e-03 3.8683190524e-02
-2.0124469477e-02 2.3107646055e-02 3.3734782981e-02 3.1513793393e-02 3.1352931195e-02 5.9439113316e-02 6.9637544847e-02 7.3034366788e-02 -7.7583484288e-02 -1.3829689859e-01 -9.6954620449e-02 -1.6210917923e-01 -1.4206266788e-03
-7.5953645870e-02 -1.2834545663e-01 -1.6753030411e-01 2.2502894964e-02 -5.8826978034e-02 -8.4914423120e-02 -4.8894906595e-02 8.1996740084e-02 2.9260276233e-02 5.3169305095e-02 -8.4332108439e-02 5.7241663353e-03 -5.6885985891e-02
3.4102155582e-02 1.2824010222e-02 8.3983947030e-02 -5.2317930806e-02 4.4468272602e-02 -1.2613411658e-01 -1.2268849626e-01 -8.5416296324e-02 -4.8262730426e-02 -3.3162197257e-02 -2.5497126019e-02 -6.6284617091e-03 6.6410411414e-02
6.2683808248e-02 -3.5475533272e-03 -8.3862280114e-03 -1.7876217510e-03 8.9523394590e-02 -5.3873080714e-03 -6.0482132493e-02 1.6567044121e-02 6.4533006249e-02 -1.5809369741e-02 -9.4688792262e-02 -1.6752437043e-01 4.1436681758e-03
7.3744374981e-02 -3.6365280278e-02 -1.4998056670e-01 3.6809169418e-02 1.6093773467e-01 3.1113363022e-03 -1.3066614086e-01 -1.2675307306e-01 1.4690539429e-01 -4.2965885718e-02 2.5863962628e-03 -4.2768362072e-02 3.2239819031e-02
1.1410547144e-01 -1.5795028830e-02 -5.5647194905e-03 3.8258922358e-02 9.4950419244e-02 5.3155249908e-02 -3.7253026263e-02 -3.7154127558e-02 -4.0567165406e-02 -8.0654027248e-02 7.1830307273e-03 -3.5349257217e-02 2.1191798465e-02
7.9560025888e-02 1.0070260596e-01 6.3988833507e-02 1.7651522346e-02 8.1207368237e-02 -3.3594083083e-03 -2.6665409842e-02 5.9635002251e-02 4.3809534500e-02 -2.3947327283e-02 6.4883651045e-02 -4.8794087556e-03 -9.0825170407e-02
-6.2145234159e-02 3.1219273681e-02 1.3118868155e-01 -2.8095302171e-03 1.8847252678e-02 1.0783811134e-01 6.1804368117e-02 -1.1357383333e-02 -4.0757588676e-02 -7.4475367109e-02 8.5982544800e-02 -3.5256627863e-02 6.7926686043e-02
-4.1783340505e-02 2.3095391360e-02 -8.2197441281e-02 5.3026701313e-02 1.5734336552e-02 2.8168245819e-02 1.1849332171e-01 1.2219990357e-02 -3.7689027960e-02 -1.5580258957e-01 8.5504073874e-02 1.7748823621e-02 1.7431968393e-02
