-4.1757526307e-01
1.2671456573e+00
-4.4689860644e-01
-1.0406047157e+00
1.0901951162e-01
2.3472513486e-01
-8.7621581460e-01
2.3450839830e-01
-1.2356119368e+00
2.0923363198e+00
-6.1888912068e-01
5.1791863635e-01
7.4948533637e-01
-1.6396092827e-02
-2.8141501088e-01
1.5387717837e+00
-2.3815443227e-01
1.2160947832e+00
1.4459648484e-03
-1.5773955422e+00
5.0016062279e-01
-4.7962378237e-01
2.1119441294e-02
7.9772336065e-01
-1.5961814463e-01
-2.2633340706e-01
1.8882837864e-02
-1.4573149405e+00
-2.2680678449e-01
-3.5079196365e-02
-1.4171576535e+00
1.3214305302e+00
-6.0641315125e-01
2.1223521612e+00
-1.6571774878e-01
-8.0476252811e-01
1.0159583462e+00
-3.7273714245e-01
1.9071292492e+00
-8.4007087954e-01
4.5710250512e-01
2.4904380422e-01
-7.4413845824e-02
1.7902466244e+00
2.6501612916e+00
-7.4202944450e-01
9.1237136568e-01
5.3829667574e-01
1.6062433664e+00
5.2171231416e-01
9.6761229108e-01
9.9713246195e-01
3.8276395170e-01
-8.0021442632e-01
-5.3589291096e-01
6.0866028803e-01
7.4183525914e-01
1.0233498949e+00
-3.9806003119e-01
-8.3583519820e-01
-1.1069865839e+00
-1.2305734730e+00
-9.5043103764e-01
-1.3108016371e+00
-2.5090945777e-01
-8.4620269285e-02
6.3163781257e-01
1.8209510795e-01
-1.7968948730e+00
1.7896738997e+00
1.2898582508e+00
-1.0021574034e+00
1.1252055877e+00
-1.2299839990e+00
6.9845137353e-01
-7.9784852769e-01
3.4046993610e-01
1.8573093298e-01
1.9001995268e+00
5.6091495937e-01
3.4792332006e-01
9.2005379604e-01
1.1390812527e+00
1.6828920788e+00
-1.5489450095e-01
