2.4916125241e-03 -2.4562216828e-01 -1.6623690451e-01 1.0377946969e-01 -2.1279787030e-01 -1.3713693410e-01 -3.6103818604e-02 3.2957852562e-02 -2.0501918975e-02 -5.8254940967e-02 2.2202820353e-01 2.3159930964e-02 3.4438496117e-02 -8.1985508551e-02 2.4272029878e-01 1.6319517695e-01 1.7539331703e-02 -1.8336899681e-02 -1.7953809351e-01 -8.3252300057e-02 -9.7691664806e-02 -2.3265510276e-01 -4.5595076668e-02 -1.7137590485e-01 5.8520126300e-02 -2.4316715966e-01 -1.1829345502e-01 -3.8904530947e-02 5.0072933417e-02 4.2814201145e-02 -4.1676653769e-02 1.8285393831e-01 -8.3205022292e-02 8.0903429796e-02 -2.1661895712e-02 9.8225860105e-02 1.5595494917e-01 -1.3346719375e-01 -2.7963247334e-02 -6.8565138157e-03 -3.3046785827e-02 -1.0457029855e-02 -9.8991128269e-02 -1.7572043143e-01 -7.0848591483e-02 -3.9987147734e-02 1.3874907765e-01 -7.6582004118e-03 -7.1585930929e-02 -1.4872950365e-01 1.1322859344e-01 4.1727976500e-02 2.1567515042e-01 -1.0262027315e-01 1.0528872776e-01 -4.2901489671e-02 -3.2520958191e-02 -6.6189588522e-02 7.8487290011e-02 3.3950015521e-02 -2.0641493293e-02 1.7568206382e-02 -2.0032591316e-01 -3.3565787963e-02 4.1626596376e-02 5.1367318056e-02 -1.5260103244e-01 -1.5008606166e-01 4.8830071443e-03 -2.4246052423e-01
-2.2297891665e-03 -4.8612540468e-03 -1.8117978316e-01 3.7851025994e-02 -2.7849187811e-02 -3.5168977054e-02 -2.4921028909e-01 -1.1368393043e-02 4.9285813043e-02 -1.7873619818e-01 -2.0985077657e-02 -2.0089361758e-01 -4.9770913572e-02 -5.6797920150e-02 2.4150423656e-02 2.7155148366e-01 1.7510087949e-01 1.1798235911e-01 1.4215614393e-01 -2.6158208656e-01 1.2184363508e-01 -3.0443770404e-02 -1.9350171368e-01 -1.3004145264e-01 9.1840146957e-02 -1.7273260277e-01 -2.0705943176e-01 -1.6692352494e-02 -1.7446085076e-02 -2.4008090442e-02 8.0364586686e-02 -8.9789612969e-02 -6.5537168675e-02 -1.0848806804e-01 1.3466860400e-01 2.5908014517e-01 -2.2006968820e-01 5.6539750223e-02 8.3147698145e-02 -8.9802964687e-02 9.9574553738e-02 -8.1512180777e-02 1.2992424025e-01 1.1755659584e-02 -2.1010091137e-01 -5.3495620169e-01 -2.2853378711e-01 -1.1665749907e-01 -1.6770812621e-01 7.8833700141e-02 1.3313840112e-03 -3.0868529540e-02 1.1510259609e-01 -1.1091674648e-01 -1.0721356412e-01 1.1558013049e-01 -3.5987785032e-01 1.0254447305e-01 -1.1445679971e-02 -1.8001444722e-01 1.3845249296e-01 -1.7414235267e-01 -1.3783633490e-01 -5.5496624048e-03 1.5068423114e-01 -5.7483234011e-02 -3.1072756592e-01 2.2953402936e-01 5.2570921476e-02 -3.2264604677e-01
-3.9751923914e-02 -1.3575427740e-01 -2.9449513993e-02 -6.1597770763e-02 -1.6811238536e-01 1.3718622750e-02 -7.9068832409e-02 -2.5455845986e-03 3.8475938088e-02 6.1724784904e-02 4.4034917626e-02 3.0304466646e-03 -1.2592677732e-01 1.5742572370e-02 -1.5010383516e-02 -2.0703046977e-01 3.6511080830e-02 2.0980197300e-01 -1.4524680706e-01 -1.4068210693e-01 1.5022149982e-01 2.8666865332e-02 -2.1253007988e-01 -1.5869922745e-01 8.0923790585e-02 -1.3020248218e-01 -2.6571138815e-01 -6.8841919341e-02 -2.3243757491e-02 -1.3816292089e-01 -7.5711557435e-02 4.0508603732e-02 -1.6555592914e-01 -2.4716333649e-02 -6.1287669643e-02 -9.3180674316e-02 1.6748458709e-01 -2.2972838909e-03 2.3055577027e-02 3.8889476910e-02 -4.1935078348e-02 1.2028766441e-01 -6.2139811695e-02 5.9140604080e-02 -1.5209230781e-01 -1.0889504101e-01 -8.0079677464e-02 2.2546620311e-02 -3.0653199414e-02 1.1762910729e-03 4.9712578464e-02 -1.1286748070e-01 -9.9430259430e-03 -2.0540691619e-01 -1.5897671229e-01 1.7620878016e-02 -3.2558799856e-01 1.5006547341e-01 -2.8221859289e-02 -8.5730307547e-02 -4.2393169693e-02 3.6120827478e-02 -9.1359045519e-02 5.5078553539e-02 -1.9098446888e-01 1.1905991233e-01 -8.1910241054e-02 -1.5924335102e-01 4.3393470088e-02 3.8563447726e-02
7.0218209636e-02 3.0109359904e-02 1.4441950428e-01 1.1264296456e-01 -8.3443553664e-02 -2.8707594121e-01 -2.0475442819e-01 -8.9182384974e-02 -3.2286548938e-02 1.2833287843e-01 -8.7587743267e-02 1.1184594894e-01 -3.9203528852e-02 -3.2797203828e-01 1.5704076127e-01 3.9631404308e-01 3.4130525148e-03 7.4422474796e-02 -2.8647459898e-01 -2.2620718797e-01 -9.5248077832e-03 2.6766600469e-01 1.5871256860e-01 -3.1193749717e-01 4.2171579926e-01 -2.9833294340e-01 1.2033983458e-01 -4.3981014573e-02 2.0460504638e-01 -3.4235522304e-01 1.1301571055e-02 -9.7598061521e-02 -1.2186012737e-01 -2.1655128802e-02 -2.7702620823e-01 -2.2369484204e-01 -7.5755615154e-02 -2.2341058878e-01 -1.0742539529e-01 -7.6701016818e-02 6.2120009025e-02 -9.4815790079e-02 2.7390679457e-02 -1.9412419862e-02 -9.0567912609e-02 -2.7203984738e-01 -1.3893677519e-01 -2.6374485990e-02 2.4915139108e-02 -6.7845447503e-02 -2.6368401475e-01 -2.9551881425e-02 -2.3006294633e-01 -2.1067993465e-01 -7.3168246832e-02 2.2354143185e-01 -3.8269105117e-01 3.9101310735e-03 -6.9057518627e-02 -1.5107440913e-01 -7.1678126517e-02 -1.6315794479e-01 -1.3539019950e-01 1.5893562112e-01 -8.8828183981e-03 -2.5694011378e-02 -6.7356471616e-02 1.2360999831e-01 -2.5838665819e-01 -2.3160707637e-01
-2.2180339052e-01 3.3300308011e-02 -1.2791790432e-01 -2.4455824273e-01 5.9772469142e-02 -1.1352534376e-01 -9.1549199965e-02 -1.2242850885e-01 -2.0398218438e-01 5.7305441365e-02 -6.8734237172e-03 -9.9693996758e-02 1.7765168329e-02 -1.5901468070e-01 -1.1060566236e-01 -2.2455167441e-01 -1.8039173134e-01 -1.1352233744e-01 -6.3099335019e-02 -2.9358874829e-01 1.6384407976e-01 1.4817429572e-02 -1.9566329050e-01 -5.4083137358e-02 3.2996601362e-01 -8.7564097596e-02 -1.7148489229e-01 -4.8886232608e-02 -1.9343203328e-02 -1.4341479668e-01 -2.6158932527e-01 -1.5045665971e-01 -1.4392959662e-01 -2.1531387482e-01 1.0113122796e-01 -5.7941844436e-03 -6.9167483553e-02 -5.2796912297e-02 -6.7920052657e-02 -1.5853681586e-02 -6.1293019922e-02 8.8533286584e-03 -7.1297605466e-02 8.8411453291e-02 -7.3905988182e-02 -2.8472215547e-01 -1.3910530733e-01 1.2513487601e-02 2.3924284654e-03 -1.3161625118e-02 -7.6234086350e-02 8.6647229556e-03 1.5290112260e-02 1.1746090847e-01 -1.7232934127e-01 -4.8187455941e-03 -3.7183858441e-01 -5.9568107980e-02 -1.0929446860e-01 -5.7134088810e-02 1.2111066733e-01 -8.8765986046e-02 -2.6038074883e-02 1.9533147393e-02 -2.5230456885e-01 5.4640230633e-02 -7.3803541641e-02 -2.4440221077e-01 -1.9367436288e-01 -1.0474076263e-01
1.5959640485e-01 1.8671422431e-01 1.0095709570e-01 1.8874811441e-02 -1.7271276645e-02 2.3393054158e-01 -8.8817183000e-02 7.7143536160e-02 -9.1880749727e-02 5.3908314342e-02 7.4655760483e-02 -1.3002368131e-01 -6.3434679895e-02 2.2834924433e-01 -1.1862630377e-01 -3.6878539396e-02 -7.6873453643e-02 9.6952799233e-02 2.4016524133e-01 -3.1809357228e-01 9.0376947146e-03 1.6452642821e-01 -1.4670458527e-01 5.5692643701e-02 5.5437085293e-03 -1.1807690693e-01 -3.7341065550e-02 1.4535846568e-01 -3.0485003598e-01 1.9193216859e-01 2.0063813928e-01 1.9092973122e-01 -7.9902937556e-03 2.3084839811e-01 3.1012589751e-02 1.5496584491e-01 -3.9613017209e-02 4.3160427335e-02 1.5553421305e-01 2.0987894776e-01 1.3960121876e-01 4.3061507161e-02 1.0956529154e-01 1.6840456112e-01 -1.4991713708e-01 2.8273575416e-01 -4.9492805592e-02 4.8349747804e-02 -7.2148011230e-02 6.9121509276e-03 1.4233418847e-01 1.8275056581e-02 8.2325042725e-02 1.1147514512e-01 1.1677835589e-01 5.3095997252e-02 2.4931337892e-02 6.3106741351e-02 1.1304949641e-01 1.0399301179e-01 6.0130646665e-02 1.8592325995e-01 -8.8143251761e-02 9.0599812432e-02 1.3480075523e-01 3.0313685825e-02 -2.2369225447e-02 2.1200718377e-01 2.7196448584e-01 5.2333458747e-02
-7.6077797649e-02 -1.8044833169e-01 -4.1183093579e-02 -1.4946352948e-01 -5.9518518790e-02 8.0570655028e-03 -4.9179847956e-02 8.2515628155e-02 -1.0257148097e-01 1.0278105824e-01 -4.2613891588e-02 -1.3678314596e-01 1.5384881273e-01 -1.1769123547e-01 7.4398478862e-03 -2.3244006474e-01 -5.5767488112e-02 -2.4257523139e-01 -1.0359593764e-01 -1.3392077996e-01 -7.6776684004e-02 -1.5213381220e-01 -1.0338009066e-01 -3.6698787922e-02 -7.7442610513e-02 -1.2794510668e-01 -1.2991912293e-01 -2.1723432285e-01 1.5103065340e-02 -1.0684281339e-02 -4.1134950302e-03 -9.1179048029e-02 -1.5057758929e-01 -9.2431546389e-02 7.9034670149e-02 -1.3794324252e-01 5.7683463690e-02 -1.6492399096e-01 1.6792911814e-01 -4.9486743243e-02 -2.8359169324e-01 1.1309479856e-01 5.9503182311e-03 -2.8711117786e-02 -9.3117283564e-02 -4.2356811268e-03 -9.7349766261e-02 -2.5059755942e-01 -1.2350613192e-01 -8.0768716875e-02 1.1016433685e-01 -3.6170881621e-02 8.6200497071e-02 5.0491719236e-03 5.6390137771e-02 4.7569482939e-02 -2.4622792114e-02 -1.4623340901e-01 -4.1934628243e-02 3.2965796222e-02 3.5009136666e-02 -5.1149312225e-02 -1.2602225164e-01 -1.1363653457e-01 -8.5003539989e-02 6.1950141034e-02 -4.2886068407e-02 -2.4591225429e-01 -7.4666067890e-02 8.1179503209e-02
-1.0035024128e-02 -1.4578037516e-01 -1.8342520029e-01 -1.2809319118e-01 -4.9754987138e-02 4.0617706738e-02 9.7931496093e-02 -4.0214567008e-02 -1.2622230905e-01 -6.9337117886e-02 -8.1252940506e-02 -2.1154825588e-01 1.6167829177e-01 1.3412007579e-01 5.9163743687e-03 9.8703152904e-02 -4.9798291539e-02 -1.2248711812e-01 1.1896809977e-03 -1.6854909644e-01 -1.4728976987e-01 -2.8753745804e-03 -2.6407350427e-01 -7.9169269008e-02 9.4849253402e-02 2.6279210677e-02 -8.2643947974e-02 -4.0613738895e-02 -1.1090575051e-01 4.5190630822e-02 6.8365184436e-02 -1.4591408658e-01 -9.9058936820e-02 -4.9776958074e-02 -2.5364892575e-01 -1.9528974097e-01 -4.9279300180e-02 -1.3900416220e-01 -1.3553909805e-01 9.0078635923e-02 -8.1855562596e-02 -5.5819983262e-02 1.7655278352e-01 -3.2134204025e-02 -2.0082130661e-02 -4.2635666839e-02 -2.4107501710e-01 -2.8140187076e-02 -1.1013432544e-01 4.1836890470e-02 -1.3360351798e-01 -1.7927205421e-01 -1.9849731394e-01 -9.1166970806e-02 -9.3403546298e-02 1.4027912351e-02 -1.7015983097e-01 -9.4422820210e-02 7.0638504244e-02 -5.6878010350e-02 -1.2784101196e-01 -1.3564493696e-01 -9.3975705718e-02 1.4370258133e-01 7.8821625779e-02 2.2249807409e-02 -6.5111125127e-02 4.4345210507e-03 1.1369387696e-01 -2.1139127367e-01
-2.6693682939e-02 -1.9436587092e-02 -2.0201531167e-01 -1.1107698379e-02 1.4433519388e-01 7.3753578668e-02 -1.3283196895e-01 -9.5106312430e-02 2.0523630498e-02 3.9106529926e-02 -1.2241883879e-01 -1.3456389896e-01 9.7202911127e-02 2.0652215060e-01 7.1271796968e-02 -2.2121902025e-01 9.6900918521e-02 1.1954017225e-01 2.1459876932e-01 2.1476278285e-01 4.8074837167e-02 4.6419196717e-02 -9.7298971428e-02 1.9317791901e-01 -5.8905939556e-02 3.3257665192e-01 -2.3286470544e-02 2.6711880270e-02 -1.6401699606e-01 1.7680331009e-01 1.5822843376e-01 -1.5824738553e-01 6.2756025575e-02 -5.7382053718e-02 9.1281060058e-02 3.1975308703e-01 1.4370153738e-01 2.9258845438e-01 9.5474759001e-02 2.7326920525e-02 -2.4599529559e-01 6.4463792923e-02 1.5008753710e-01 1.7128628813e-01 -9.8298738550e-02 -8.6671028409e-02 1.2917873680e-01 -2.0275762541e-01 7.2356681382e-02 1.7569461846e-01 3.3341028282e-01 9.9841169766e-02 4.8996463488e-02 -5.0544882972e-03 -1.5881403791e-01 -2.7711608197e-02 6.3066677738e-02 6.7794145203e-02 -1.5384469910e-02 1.2830044082e-02 -3.3644621847e-02 1.2711592318e-01 1.7168491955e-02 9.8300467195e-02 1.0364210464e-01 3.2359709881e-01 -7.3421149256e-02 3.4034982095e-02 -5.1503775236e-02 -2.7159989273e-02
-1.4847334772e-02 -2.5259443619e-01 6.0792277539e-02 -8.8754060647e-02 -1.2898755059e-01 2.3094445755e-02 -3.8947451040e-02 -7.7994165638e-02 7.2161448084e-02 1.1522878610e-01 -2.0844078046e-01 5.8363149279e-02 -2.1481216823e-01 -1.9278716910e-01 1.1395272360e-01 8.8358645333e-02 2.1350765822e-03 6.8283010872e-02 8.2471979871e-02 3.1568747974e-02 -6.4787429961e-02 6.5163737454e-02 8.5161860033e-02 -3.1968490698e-02 -1.9316527298e-01 -2.5231516161e-02 -1.7925524714e-01 -4.0505268076e-03 -1.8623046546e-02 -1.5237753322e-01 1.5995465972e-02 3.6235914147e-01 -7.3489809637e-02 1.8823903688e-01 -2.5749895638e-01 -4.0219132575e-02 -7.5716404614e-02 -1.1222720871e-01 2.5563582857e-02 2.6476782752e-02 -1.9209660069e-01 -1.8526979735e-01 4.5111789744e-02 -6.2436057432e-02 -1.1098433395e-01 1.8108051118e-02 5.6738176075e-02 1.1408958474e-01 1.3938423419e-01 1.8603312197e-02 -7.1519045973e-02 2.8185014551e-02 6.6762158363e-02 -1.1503751561e-01 2.0024112403e-02 -1.8007364731e-01 -2.3539194036e-01 -1.0080411818e-01 1.0791943489e-01 7.5214387567e-02 -9.0815468567e-04 1.1525074156e-01 1.2764666908e-01 -1.0793301661e-01 -6.1278038332e-02 -8.7936899503e-02 -2.8769755096e-02 -1.2543181793e-01 -2.1845389408e-01 -1.2508946825e-01
-6.3068879532e-02 1.1777801083e-02 -4.5019157095e-02 1.0021489589e-01 -4.2734454526e-02 2.7981643750e-02 6.6602461446e-02 1.0017842631e-01 -7.3515338906e-02 -2.9708936886e-01 1.3687998993e-03 -1.5830468233e-01 8.8559263134e-02 -1.2136971178e-01 -1.7094095163e-01 7.9396659665e-02 -1.8573660520e-02 -1.5024931526e-01 2.8983633493e-02 -1.0095759590e-01 -6.6791329564e-02 6.2351940145e-02 -9.9145894009e-02 6.7757879198e-02 1.8339451116e-02 8.7041398854e-02 -8.2044635869e-02 1.3872539514e-02 -4.2652781643e-02 -1.4663184336e-02 5.6633535161e-02 -1.3970116065e-01 2.6817365438e-02 3.5950029462e-02 -5.2061910375e-02 -7.3387839334e-02 4.6293643895e-02 -1.4314581548e-01 -2.1119679570e-01 -4.7992575897e-02 -1.7367265039e-01 -2.2455091147e-01 -3.0963171092e-02 -1.3842677653e-01 -2.0384485491e-01 1.1210070551e-01 -3.2192370939e-01 -8.8375324578e-03 -2.1825400731e-01 -3.0752976153e-02 -1.4653794738e-01 -4.4431251817e-02 -1.4763412183e-01 -1.8474413479e-01 1.3661203567e-01 3.3647706623e-02 1.6710975885e-01 -1.2347566678e-01 -2.0925791677e-01 -1.0525275918e-01 -5.3689053303e-02 -2.4803965005e-02 -1.1297011573e-01 -1.0244717201e-01 1.6334597774e-01 -7.9451691011e-02 -1.9767954129e-01 1.1952197263e-01 2.5438075798e-01 -1.5350681652e-01
-1.4171419320e-02 -2.2942826064e-01 -1.0495380206e-01 3.9499896777e-02 3.1379821359e-01 2.1278793095e-02 2.0297892077e-02 -1.6367601811e-02 -5.7114662364e-02 -3.0586057861e-02 -1.5651137934e-01 -5.0421387626e-02 -1.0883175724e-01 -2.4965763953e-01 9.6136027952e-02 -5.5178028149e-02 8.4496670379e-02 -3.3273260770e-02 2.7350394223e-02 2.1257244352e-01 8.9158957234e-02 -1.8760956835e-01 -6.4804880598e-02 4.0329217675e-02 -9.7818145267e-03 1.1133686411e-01 -6.7093122909e-03 -3.1653412622e-02 -3.5156308494e-02 3.1830337262e-01 -2.5872924673e-02 -1.2140592831e-01 3.0234599482e-01 -2.1840349417e-01 -7.4744553690e-02 -1.7164321620e-01 -2.4635534448e-01 8.2896773239e-02 1.1832266948e-02 -4.4943184711e-02 -7.2462049621e-02 -6.8214148950e-02 -4.3354494471e-02 7.5505401304e-02 1.2922588409e-01 1.5259062840e-01 -1.2833115273e-01 -5.3700436674e-02 -3.9119106631e-02 3.1831430852e-01 -1.9466665272e-01 5.7213793533e-02 -2.9020022275e-01 1.2821394552e-01 6.4668605063e-02 -2.0497981929e-01 -1.0370407158e-01 8.9017837277e-02 4.0425793939e-02 -5.4294303297e-02 -2.0555367468e-02 -1.3846463262e-01 2.8331683210e-01 -1.4884825102e-01 -2.4910558358e-01 -1.1548900923e-01 2.3509928802e-01 3.3214710955e-01 -3.0027174136e-01 1.4606422498e-01
1.3492337903e-01 2.9938280247e-01 -1.6641871776e-03 -3.1057016294e-02 2.3317995328e-01 9.5065335791e-03 -8.8590220634e-02 -4.3161434536e-02 -2.1532017092e-01 1.1002279327e-01 -7.9628354665e-02 -2.3334895195e-01 2.8382155968e-01 2.7580041323e-02 -1.6343107467e-01 1.0254247703e-01 -2.3153182067e-01 -1.6767645060e-01 2.0852710596e-01 -1.0660207282e-01 5.8364512872e-02 4.7465913655e-04 -1.6895791929e-01 2.3015298878e-02 2.3251935988e-01 1.1898824867e-01 8.8625352168e-02 -1.2773266199e-01 8.1982013380e-02 1.1433017006e-01 6.3081074977e-02 -4.0037193505e-01 2.6721640446e-02 -1.4096654552e-01 3.1340634202e-02 -2.1032699831e-01 -1.2824013172e-01 6.9016064697e-02 3.3725177092e-02 5.2030232893e-02 7.6557986632e-02 1.4766240356e-01 -9.4278463575e-02 1.8834753326e-01 1.4225633514e-01 -8.7662724219e-02 -1.5374632409e-02 1.7376231755e-01 -8.1940881792e-03 -6.4653392294e-02 -1.2004526678e-01 -7.8988041452e-02 -2.3296472006e-01 2.9119100235e-01 4.6552686224e-02 2.9985510166e-01 7.0761336732e-02 1.7134912006e-02 -1.8901052137e-01 -2.9938340840e-01 1.1223347894e-01 -2.6621375011e-01 6.4965793999e-02 1.4497665570e-01 1.1745885897e-01 5.6392594737e-02 1.5580498888e-01 4.3173938954e-02 -1.4366182995e-01 1.1229679744e-01
-7.7647936843e-02 -2.9664789369e-01 -7.2775679980e-02 9.8141908299e-02 -8.6333218972e-02 -1.2438072382e-01 -1.6562784706e-01 -9.2036853730e-02 -2.4205356609e-02 -1.2055071400e-01 2.0523775274e-01 -3.9848742442e-02 1.3401624553e-02 -1.8245246352e-01 1.4882725088e-01 -2.9255084338e-02 2.1904394939e-02 4.8324975849e-02 -2.1094254187e-02 1.2751255965e-01 -8.9794811891e-02 -6.7480148868e-02 -4.1390427593e-02 -8.6853718107e-02 2.9762797783e-01 -9.3556940565e-02 3.6716161499e-02 7.7480462081e-02 3.5886122880e-02 6.2768038603e-02 -1.6105577159e-01 -1.8799950779e-02 -3.1562951722e-01 -1.3184392717e-01 -1.5176228793e-01 7.0778142213e-02 -1.0712598020e-02 -2.4136407232e-01 -2.0549107415e-01 -1.7295239835e-01 -2.8364745604e-01 6.9720969871e-02 -1.1103174256e-02 3.0699787826e-02 -1.1148378464e-01 -5.2389178988e-02 -1.0855120123e-01 -9.0552407668e-02 -2.1225147630e-02 -4.8351669679e-02 -2.3197218361e-02 -6.2225562540e-02 -9.2778742797e-02 -3.3244738687e-02 -3.6813177893e-02 1.1629701965e-01 -1.2836762737e-01 1.1756797651e-01 1.0205454146e-01 -1.2543237780e-02 -1.6674343531e-01 -1.6621440495e-02 -1.6484718406e-01 1.2718211914e-01 -5.1629992601e-02 2.7602368434e-01 -1.1145230537e-01 -2.2805794768e-02 -1.5569185302e-01 -2.5960004698e-01
-7.9584525122e-02 -2.9022606291e-01 -7.6047748202e-02 5.7647190278e-02 -3.9280740160e-02 6.3757700680e-03 -2.8470006980e-01 -1.8236780694e-01 -1.3040154501e-01 -6.9496808284e-02 -8.6160248896e-02 -9.0337983634e-02 7.3326591217e-02 -2.9409883034e-01 -1.6914078573e-01 -6.9347957008e-02 -4.4539398578e-02 4.0924400892e-02 -6.1998765424e-02 2.0580522801e-01 5.0102027516e-02 -9.5729588046e-02 -3.2451261273e-01 -1.4219282051e-01 -1.8798271062e-02 -2.6870775977e-02 -1.5025324429e-01 7.1084792432e-02 -1.0632252719e-01 5.6718644913e-02 -1.5319162012e-01 -8.3937559017e-02 5.4388271825e-02 1.6055986229e-02 -4.4282607441e-02 1.5318496580e-01 -5.6605927179e-02 -5.7194855880e-02 -6.9215028631e-02 2.6225223860e-02 -5.8347552070e-01 -2.3569926419e-01 -2.2444637612e-01 1.5839771009e-01 -3.3644856791e-02 -8.5676075194e-02 -1.4059100805e-01 -7.7709136926e-02 2.2391849629e-01 -5.2861866713e-02 6.1918071247e-02 2.3585321393e-01 -2.9752138316e-01 -1.1829980880e-01 -1.1535933301e-01 1.6819768540e-02 -4.3646124561e-01 -2.6629513818e-01 -4.9104836131e-02 -1.2092810584e-01 -5.5241606357e-02 6.7094696676e-02 9.8901067696e-02 -1.4467099202e-02 -2.0046767193e-01 1.5476588433e-01 -1.1407862929e-01 -1.8760637450e-01 -1.0899359606e-01 -1.5500400022e-01
7.8292897179e-02 8.3361344641e-03 2.8374182815e-01 6.7689023710e-02 1.9087796992e-01 3.5993580612e-02 2.4616811526e-01 -4.2775106951e-02 -6.6822997943e-02 6.8737073536e-02 -1.5417716091e-01 1.6941373371e-01 1.1357264183e-01 -5.8789630381e-03 -8.5957212618e-02 1.0716799613e-01 -3.2677795137e-01 -1.4365690585e-01 -1.7818952419e-01 8.1215772762e-02 1.3737379032e-01 1.9458971343e-01 3.0735955493e-01 -1.2575461384e-01 3.0602345655e-02 1.4699391246e-01 1.3218516510e-01 -2.0492487491e-01 1.1243796910e-01 -1.3297839237e-01 1.1662120966e-01 1.4843896741e-01 1.7278676726e-01 1.3900065548e-01 -7.6971249615e-03 -1.7167930117e-01 -1.0467480912e-01 1.4947472605e-01 6.5575166415e-03 2.2651994011e-01 3.7101860101e-01 -4.3927910459e-02 -2.3752478288e-01 7.6760867904e-02 1.6951805072e-01 1.2689713892e-02 7.8138558870e-02 1.2615474469e-01 3.3618885873e-01 -1.4958657699e-01 -2.0427973055e-01 5.0269160348e-02 -8.2756625601e-02 7.4488006338e-02 2.6815100272e-02 1.3132915002e-02 2.2449197015e-01 -1.2966322133e-02 -3.6450138014e-02 8.0336666166e-02 -8.1397583229e-02 -1.2515628388e-01 1.9168370349e-01 -3.6827962797e-01 -1.5931529824e-01 -1.3540744398e-01 3.4965744667e-01 1.4197701753e-01 -7.3479081859e-03 1.2048421811e-01
6.5621414936e-02 -9.2779828990e-02 1.3756902120e-01 -7.9588509215e-02 9.7892954868e-02 -4.0485881346e-02 4.3451786308e-02 -5.3086393869e-02 -2.4218843284e-02 -7.2646674627e-02 -7.5662560339e-04 2.7673270279e-02 -3.0008420974e-02 4.4951406794e-02 -2.3932551457e-01 -5.0493667321e-02 -7.4168598874e-02 -1.6643911093e-01 -1.0691567493e-01 -1.8400003103e-02 2.0298515523e-01 9.1877499473e-02 -4.6664446465e-02 -7.4895314811e-02 -1.0845054675e-01 1.9236077052e-01 -8.2423516516e-03 -3.4185799873e-02 -3.7249267773e-02 1.7671472702e-01 -1.2647775715e-01 2.9568934199e-02 1.0404155991e-01 -1.8841460397e-02 7.0520982388e-02 4.2425148673e-03 -7.7682966648e-02 2.0997246696e-01 1.1405770627e-01 2.0987423109e-01 -1.2744799951e-01 -1.3905139296e-01 -2.5131461741e-01 1.3300975421e-02 1.3062617428e-01 4.2326903875e-02 2.3579922074e-02 4.8123891387e-02 7.6825869350e-02 -1.2330005890e-01 -3.8129513234e-02 9.2820101747e-02 -1.2227032358e-02 -1.3697697226e-01 2.9517204220e-02 -5.6604618293e-02 2.6551491264e-02 -3.0963537007e-02 -3.2651314084e-02 -8.2716780325e-02 -2.3355376203e-01 -1.0681012241e-01 1.7700137258e-01 -6.2100977190e-02 -1.0418141283e-01 -5.1331965855e-02 1.1052626676e-02 -5.3339262379e-02 6.7096840521e-02 1.8916659463e-01
3.2103047129e-02 -4.2791607611e-03 -2.3150272455e-01 1.1238293588e-01 -2.4718929662e-01 2.8153714558e-01 4.5408434518e-03 2.4808894981e-01 -2.6053420964e-01 -2.1245737037e-01 9.9474636004e-02 3.5978396139e-02 -7.1997647020e-02 -8.7783532460e-02 2.1585763215e-01 7.5346110852e-02 1.2533938234e-02 -1.5946604719e-01 -2.3564630218e-01 5.2827255139e-02 -2.8470553011e-01 -1.9070874103e-02 1.4772076615e-01 2.7150945018e-01 -3.4310474829e-02 -2.5862553634e-01 2.5422303255e-01 1.8567817331e-01 1.4025603557e-01 -1.6365981841e-01 1.7446875382e-01 1.6510455270e-01 2.8968391940e-02 -7.0228820277e-02 -3.1724714512e-01 6.9440268984e-02 8.4789450613e-02 -1.9405067699e-01 -2.7788385486e-01 -7.4316459078e-03 1.7806173031e-01 -2.1234164782e-02 -1.6376993579e-01 -3.7589196380e-01 -1.2184520046e-01 1.4024861025e-01 1.1531130209e-02 4.0690689219e-02 -5.6058429752e-02 -2.7299926567e-01 1.3111767887e-01 -1.6980278382e-02 2.2873679946e-01 -5.2215010090e-01 -3.4099396510e-02 6.4832428961e-03 -7.8778819250e-02 -1.8548320457e-01 -3.6016750502e-01 -3.8449222309e-01 -2.6176871225e-01 1.0212998971e-02 -2.1330478758e-01 3.2589587108e-02 1.3233989600e-01 2.0128067479e-01 -1.0448326486e-01 -1.6752434109e-01 2.2562524795e-01 -5.0825543290e-01
-3.7472110666e-01 -1.7073247581e-01 5.9763691975e-02 -1.0233253515e-01 -3.7291386304e-02 -1.2772358084e-01 1.2542623095e-02 -8.1101811812e-02 2.0304126425e-01 -6.3732755775e-02 2.6055877078e-01 4.7003866361e-03 -1.8315239727e-01 -8.9248562384e-02 1.9972162674e-01 -1.4186430820e-01 2.6409886525e-01 1.2593645616e-01 -1.0283313816e-01 -2.1808727339e-02 1.9822346882e-01 -5.1613695019e-02 -2.0355110724e-01 -1.8490363389e-01 -1.1931860924e-02 -1.2820683876e-01 4.7682250525e-02 -7.7915960216e-02 -1.4062390042e-01 4.6461470104e-02 -1.4849334933e-01 3.5656973768e-01 -7.1772104136e-02 2.4915046715e-01 -3.1076921437e-02 1.8121131040e-02 1.8913336912e-01 1.2769345859e-01 -1.1990271193e-01 -4.5955772459e-03 -2.3433075594e-01 -1.1182435987e-01 -1.4886890128e-02 -2.4219763317e-02 -7.9219289345e-02 -8.8117359697e-02 3.0344935434e-02 -2.1138363527e-01 -5.9011702395e-02 9.9201668360e-02 -6.4238867409e-02 1.6647034068e-01 2.1693974642e-01 -1.3315145610e-01 -8.7368329647e-02 -3.1493759120e-02 -2.2068540218e-01 1.7950391521e-01 4.5351623490e-01 1.2564173809e-01 6.5471949508e-03 3.1268198097e-01 2.1909725457e-01 -1.3493704150e-01 -5.0474999222e-02 -1.2923642696e-02 6.6867219495e-03 -1.9545916958e-01 -6.8038730482e-02 -6.7150312706e-02
-1.8554678531e-01 2.7999325455e-02 7.0897169833e-02 -8.0079818512e-02 -3.7077883631e-02 4.7122186447e-02 -2.1813489814e-01 -2.1994687338e-01 -6.0893274080e-02 2.1816335631e-01 4.3876874712e-02 2.4481489793e-02 1.0978179114e-01 -1.9756266056e-02 -1.0446660906e-01 -1.1631805973e-01 -3.7218117372e-02 6.6492086050e-02 -4.1723967242e-02 3.1163238539e-02 1.2361701699e-01 3.7030823797e-02 2.2445773903e-02 1.4090045119e-01 9.1510966239e-02 8.7776621670e-02 -4.9556239292e-01 -2.3522774651e-01 -1.6801987228e-01 -2.6727970465e-01 6.0927278919e-02 7.9203032302e-02 8.7772651855e-02 2.3144383143e-01 8.5654727153e-02 -7.9968679653e-02 1.0040521889e-01 3.6259157428e-02 6.9619850435e-02 7.9984060346e-02 9.8518493894e-02 1.1214247845e-01 -2.7614084841e-02 1.7234061740e-01 1.1004076724e-01 -3.3065016355e-01 1.8069444360e-01 -1.4223387257e-01 1.5796712932e-01 3.1880888237e-02 -4.6832574852e-02 6.5095399810e-02 2.7775327285e-01 1.8897987475e-01 -3.1031854785e-01 -1.0708594971e-01 -2.3344317605e-01 1.1277019107e-01 1.2466726516e-01 1.2182550902e-01 6.6274540640e-02 -1.3422036307e-01 2.0681032962e-01 -3.0678786533e-02 5.1775082076e-02 -8.9438082945e-02 9.0322615798e-02 -2.3431173686e-01 -1.3202277800e-01 4.8712913671e-02
5.6824899599e-03 -2.6670217191e-02 -1.0858574665e-01 9.0190161078e-02 3.6080953663e-02 2.2227415318e-02 5.7059782965e-02 8.5555091698e-02 -7.0761851229e-02 7.4922391154e-02 -1.8631173295e-01 -1.3742108699e-01 2.1535771491e-01 -1.1810074854e-01 1.7536154396e-03 1.8985472763e-02 -5.7848284854e-02 1.2071321320e-01 3.4986981688e-02 2.7549774671e-01 -1.4469601749e-01 -9.6770570176e-02 9.5062449816e-02 1.2388425904e-01 -3.1452684368e-02 1.0627029945e-01 7.7522185478e-02 2.6078964115e-01 1.2554385859e-01 6.0858839637e-02 1.4872882205e-01 -2.1248354546e-01 -1.5558815285e-01 -1.1727316704e-01 1.9685266222e-02 1.2767554615e-01 -3.7808385776e-02 7.2146097188e-02 -2.3074405114e-01 -1.3247552050e-01 3.2372513296e-02 1.4384593252e-01 4.5313351240e-02 -1.2618837423e-01 -5.8712056829e-02 9.8336321760e-02 -1.1892132727e-01 -9.1454520578e-02 1.7966108541e-02 1.2896397416e-01 -2.1693310890e-03 -1.0680850202e-01 -1.2621070654e-01 1.8622438925e-01 2.8645575322e-02 -7.9832429874e-02 7.7161393708e-02 -4.1040376329e-02 -2.5359315233e-01 -1.2890601300e-02 6.9982422162e-02 8.5020992864e-02 -2.7652970096e-02 2.0943809926e-02 2.6669742735e-02 1.9921518430e-01 -8.9481893188e-02 1.0688492605e-01 4.7167125507e-02 2.6031847995e-02
-5.6326512367e-02 -2.9741378814e-02 -2.6744353881e-02 -1.2255297639e-01 -1.6495634231e-01 4.1381240177e-02 -1.7791297855e-01 -3.1024714065e-03 1.1262035052e-01 1.8652757894e-02 1.2304716958e-01 1.9486166503e-02 -1.5357520239e-01 9.0932568927e-02 1.9165921826e-01 -8.0265766314e-02 -2.4894450018e-03 1.5700809888e-01 -1.9379116226e-02 -3.5389886033e-01 1.3051103451e-02 2.0358633948e-01 3.3019767826e-02 5.1557330080e-02 -2.4781909113e-02 -2.7489016472e-01 -5.5736426338e-01 -2.3877698816e-01 -1.6720311878e-01 -3.6337964292e-01 -8.7388790471e-02 2.0192831951e-01 -8.0998431890e-02 7.0242155043e-02 3.3032050921e-03 -3.7374721366e-02 1.5656650746e-01 -1.6128094094e-01 4.9105960829e-02 -1.2658461904e-01 -9.0810245297e-02 1.3739118018e-01 4.3061731634e-02 -5.2144522101e-02 -8.9096269774e-02 -4.3271499578e-01 2.0158036144e-01 -4.9638961221e-02 -4.1390314101e-02 -1.5743092426e-01 3.8453753086e-02 8.8822164145e-02 1.0106431818e-01 3.4726137834e-02 -3.1000949531e-01 -1.1006123764e-01 -6.0540401296e-01 1.8261046133e-01 1.7155091811e-01 5.9362526937e-02 5.5835121118e-02 1.0118566441e-01 -3.0022299531e-01 4.1279609809e-02 -5.0457612879e-02 -1.3248646619e-01 -1.4656239194e-01 -3.5839025721e-01 -4.1888710255e-02 -1.4324284835e-01
-2.2761102996e-02 -1.1819682327e-01 3.2549402363e-03 -1.3507114611e-01 2.5563375261e-02 2.1481093494e-02 -7.7748870664e-02 -3.7077530704e-02 1.5989029277e-02 -2.3808829913e-02 1.3910385266e-01 -1.8963231378e-01 1.8896293350e-02 1.0521852908e-01 -1.6319391345e-01 -1.4797152774e-01 -1.2193881037e-01 -2.1360705792e-01 1.0114874273e-01 -9.7417728705e-02 1.1314734239e-01 -1.3642224934e-01 -1.1766014587e-01 -1.7687257084e-01 1.2773918973e-01 -1.7410391950e-02 -2.4495609074e-02 -1.1565285296e-01 -1.3620315499e-01 8.0305475247e-02 1.0101287114e-01 -1.7500358627e-01 3.5012560105e-02 -5.5994613201e-02 1.3542653000e-01 5.6110360474e-02 -7.5471466046e-02 2.6266605755e-01 2.2660035569e-01 1.8919374076e-02 -1.4218655549e-01 -5.4977303014e-02 -5.0358311377e-03 -2.5889657070e-01 7.2136045450e-02 -6.1031366401e-02 -2.1819751898e-01 -6.7400939922e-02 -8.9559729859e-02 -1.1389586341e-01 1.4048406733e-01 -4.6498736103e-02 -2.2949804825e-01 7.9913242670e-02 -1.5761753021e-02 -3.0451844736e-01 2.5569636195e-01 4.0214668666e-02 -4.2907899000e-02 -9.7871145562e-02 -2.5244681148e-01 -6.0757955469e-02 -1.2335813156e-01 -8.3701683269e-02 -2.1766520071e-02 -8.4217817215e-02 -1.3573675411e-01 4.5679741540e-01 2.6953095132e-01 2.5122854610e-02
-1.8364254943e-01 -6.6805987598e-03 -1.0731678247e-01 -1.9856021830e-01 1.5529194626e-01 -2.0728210974e-02 7.7495642968e-02 -2.9078051528e-01 2.1818086682e-01 1.4930077367e-01 2.0195329351e-01 3.0952435689e-01 -3.5592011318e-02 -2.0513872193e-03 6.8118652828e-02 -1.9812277256e-01 -1.3741734659e-01 1.9702283751e-01 -9.6208091033e-02 2.2094572326e-01 2.9033313408e-01 6.3948762547e-02 1.4859780006e-01 2.2255606433e-02 1.5177202849e-01 -1.2190049964e-01 -3.5529751293e-01 2.3771544143e-02 -1.3308871607e-02 -2.4293120491e-01 -2.1601704269e-01 2.4533464182e-02 -7.8976285643e-02 1.6272967284e-01 8.6980125440e-02 1.0350476362e-01 1.3392411531e-01 3.4348155998e-02 1.5185327438e-01 -4.5886178845e-02 -1.0483973985e-01 2.7985654302e-01 -7.7438315683e-02 2.8887514732e-01 -6.7419628363e-02 -2.3431965838e-01 2.6805665585e-01 -1.6995863665e-01 1.5202028796e-01 -1.4995577908e-01 7.6807368048e-02 7.9050433173e-02 3.6652585336e-01 1.3024038348e-01 -4.4069997934e-01 -3.5040723653e-01 -2.4115592893e-01 2.9203377579e-01 2.1236250510e-01 3.4386275570e-01 -8.3547329123e-02 1.0295774320e-01 1.5223875572e-01 1.5911414488e-01 -2.8293858359e-01 3.0086145945e-02 -4.2186042405e-02 -3.8463364581e-01 -4.1235977214e-01 1.5584415241e-01
1.0403949768e-01 2.3729213257e-01 3.3563037452e-01 1.7672202085e-01 -7.9341093929e-02 -7.7718242127e-02 3.2125921026e-02 2.2147495871e-01 -4.5862111192e-04 -3.8217123840e-02 3.6936728108e-02 1.5107899496e-01 -5.8988803884e-02 -2.6199071065e-01 1.8311874875e-01 -7.9946791480e-02 2.1837678338e-04 8.4664004508e-03 -1.9858976985e-01 -1.3960440263e-01 2.9134326734e-01 1.4536499692e-01 2.1953944244e-01 -1.1435881720e-01 -2.5145899653e-01 4.4559876252e-02 2.1245511338e-01 1.6131027304e-01 1.1982654848e-01 -4.9527496641e-01 -9.8224684358e-02 1.4982894238e-01 1.6601966941e-01 8.5868844807e-02 -1.5659569090e-01 -2.1025944505e-01 -9.4636711412e-02 5.9521017981e-03 -3.9812779699e-02 6.4433353618e-02 3.3854018165e-01 -1.3256124278e-01 -1.9025958464e-01 7.8744409227e-02 1.4866169077e-01 2.9496475620e-01 -2.1119162246e-02 1.2615796613e-01 5.4878454536e-02 -2.9288075268e-02 -1.3405177839e-01 2.0758108842e-02 9.5095556486e-02 -1.3943526361e-01 1.6384574027e-01 1.2211116243e-01 -9.7558279868e-02 2.8261132155e-02 -3.1827872217e-02 1.8766746869e-01 1.1113817814e-01 4.0146328428e-02 2.0163094101e-02 -1.6217687405e-01 -8.3610447578e-02 -1.1499717415e-01 1.4010310109e-01 1.1591119724e-02 3.0497783966e-01 1.3932452828e-01
-1.2725234943e-02 6.2101289887e-02 -3.2647136303e-02 9.8938489105e-02 2.4635459269e-01 -1.2078310944e-01 1.6646450246e-01 -3.6765271769e-02 6.9132297043e-02 3.2326013600e-02 9.2243248128e-02 -1.6970034478e-01 2.1804443016e-01 -4.3756246227e-02 4.2814774662e-02 -9.9686280629e-02 1.3273282312e-01 2.1427035029e-01 3.6220252152e-02 8.7522977100e-02 -2.4702905312e-02 -2.0174527133e-01 -1.7786642305e-01 -2.3115727921e-02 1.0964795903e-01 -1.6073244263e-02 -1.1686041246e-01 -1.3222475302e-01 1.3618125879e-03 2.7316810614e-01 4.5563478899e-02 -1.2897644190e-01 -2.4945610652e-02 8.4705099303e-03 -1.5651969436e-03 -1.1890700945e-01 2.6671744158e-01 1.6638125917e-01 7.1404196390e-02 -1.0650086175e-01 -2.4931541196e-01 1.5089048880e-01 2.4905362760e-01 1.0373520283e-01 -1.0547122415e-01 1.0376057185e-01 -2.3485771878e-01 -1.2723842053e-01 -3.3510849017e-02 1.1924557346e-01 2.5725161824e-02 6.9818361322e-02 4.9516004685e-02 2.7092862928e-01 -6.9738056685e-02 1.3107806577e-01 1.7736695118e-01 3.4216630540e-01 1.7015219818e-02 1.6127985456e-01 8.7807811330e-02 2.0042051835e-03 -2.2691389366e-02 8.8678494834e-02 2.0074634593e-02 1.5407639472e-01 8.3296729366e-02 1.4403824234e-01 2.2440269477e-01 2.1317311321e-02
-1.8728101381e-01 -8.1927473762e-02 -7.8646607542e-03 1.3449498815e-01 -1.7492797884e-02 1.9679946359e-01 -9.8029772181e-02 3.7269561345e-02 1.8099310542e-01 -2.5478286921e-02 3.3783873790e-02 1.1964442746e-01 3.8725763661e-02 -5.3842789896e-02 7.2465665185e-02 -4.1678636276e-02 -6.7980931909e-02 9.9506706244e-02 1.8465560415e-01 1.4735194109e-01 8.2042938423e-02 3.5452264779e-02 2.0577458923e-02 4.4492357708e-04 2.7015863879e-02 -4.3282619443e-03 9.8429574107e-02 3.0138476772e-02 -1.1628239126e-01 2.4866343439e-02 -7.7981260161e-02 7.8925280744e-02 8.7558856187e-02 8.6754439049e-02 2.0351650061e-03 1.5707576057e-01 6.6533645514e-02 -2.1430554073e-02 4.0707289601e-02 -3.2627978884e-02 4.1535952721e-02 -2.3559274204e-02 -2.3897839921e-02 1.4875009000e-01 -9.8055247942e-02 1.8343088233e-01 9.1417038176e-02 -8.5943323599e-02 2.3421512135e-01 5.1328622362e-02 2.1623748328e-01 6.8826387552e-02 -3.7370142744e-02 1.8433025737e-01 -2.9010511589e-02 -2.0502059168e-01 -1.0412606887e-01 1.6809204574e-01 4.0296196776e-02 1.5116793003e-01 -4.8233812650e-02 1.1803656585e-01 2.4585163588e-02 2.2552888907e-02 -1.6043279341e-01 -4.1744188877e-02 4.0543360347e-02 1.9975897595e-01 1.1760861561e-01 5.6945275692e-02
2.0240753282e-01 1.5399845398e-01 1.2295578642e-01 1.7998284538e-01 6.5918022601e-02 -1.1075339857e-01 -1.5796636558e-01 1.8284580233e-01 -1.7512592283e-01 3.4499931895e-02 -1.4093470606e-01 -9.9268365224e-02 -1.3184382583e-01 -1.6427122930e-01 -1.1792597858e-01 3.4660838852e-01 -4.3633232985e-02 -4.4191285071e-02 -6.6990254237e-02 1.6617686333e-01 -2.6113955949e-02 1.6869284230e-01 4.1961477353e-03 -1.5060211455e-01 5.1558985340e-02 1.2206723350e-01 3.5225931082e-01 2.0730250340e-01 2.8879037520e-01 1.5861606812e-02 1.1253710952e-01 -1.4797762143e-01 1.0415303141e-01 -2.2467884763e-01 -1.0419349716e-01 -2.2459646216e-01 -2.4255799314e-01 -1.7232599263e-02 -2.3191123115e-01 4.5923226194e-02 2.2343545539e-01 -4.4906402183e-02 -3.5363602561e-02 1.3897124779e-01 -2.4387802453e-02 1.2990919062e-01 -2.3009953343e-01 5.5936463285e-02 2.2092192709e-02 -8.7971993912e-03 -1.7318646304e-01 6.5894493488e-02 -1.4224353026e-01 -5.2676978276e-02 1.5084184511e-01 1.6009664628e-01 1.2784936234e-01 -9.6771068308e-02 -4.5822202211e-01 -3.4530338368e-01 1.8146258608e-01 -2.4049290495e-02 1.4398008176e-02 -1.8594683195e-02 -2.2018733528e-02 -5.6743882588e-02 1.8059392985e-01 3.8009895648e-01 4.9018306895e-02 1.1008181118e-01
1.4698035236e-01 2.1514672426e-03 -5.5122774324e-02 2.2877881420e-01 -3.5158315952e-02 9.6526687166e-02 -3.9554214955e-01 1.0344091324e-01 2.3391247586e-01 -9.4933906784e-02 5.3799758428e-03 -6.4813382166e-02 -2.3034870129e-01 2.3985088182e-01 5.6109162151e-02 2.0314380306e-01 2.4137637734e-01 9.6984584459e-02 9.4227242466e-02 -3.0051763514e-01 -1.6267654426e-01 2.1407857624e-01 -2.8124817266e-01 -2.0658621101e-01 -1.5717868943e-01 2.3975987082e-03 -3.0148129891e-01 3.6489507536e-02 -2.5233871046e-01 5.0373415643e-02 1.1048117741e-01 2.4137231291e-01 5.2782187197e-02 6.8398281207e-02 -1.8361104203e-01 7.1830427172e-02 -7.8890580066e-02 -1.3475605331e-01 1.7223455858e-01 1.9478310050e-01 1.4773901200e-01 -1.6363696633e-01 3.9218571235e-01 7.0081503753e-02 -7.9867601075e-02 -1.4601508667e-01 -1.4845281012e-01 -1.0723973424e-01 -1.4401675447e-01 2.9179027026e-01 -9.8054985504e-02 2.8659079822e-01 2.8229824376e-02 -1.9402655674e-01 -1.8883189685e-01 4.6201653639e-02 -1.8173288189e-01 -1.0925726618e-01 5.6906537717e-02 1.2081203801e-01 8.9354061155e-02 2.9490570888e-01 -7.0647811463e-02 3.1710873236e-01 1.3863824476e-01 -6.0749343928e-02 -1.0540182654e-01 -1.4421015532e-01 8.3788367416e-02 -2.5441271209e-01
5.0728163288e-02 -1.1035436242e-04 1.4111506589e-01 1.6854817375e-01 1.5110789654e-01 -3.4961425618e-03 2.4660693281e-01 1.8841970263e-01 -3.6381587357e-01 -1.7639870461e-02 -1.8337504563e-01 2.0498883425e-01 -5.2688116064e-03 -3.9070813823e-01 2.2727002033e-01 1.7069671003e-01 -9.9904706742e-02 -5.2196522628e-02 -1.9286358990e-01 4.6212200800e-01 -9.0859753029e-05 3.7487193008e-02 9.2131284944e-02 8.5027726055e-02 -2.0403797247e-01 -9.2596394340e-02 4.7954961237e-01 3.4880769906e-01 3.0268418710e-01 1.3754726242e-01 -1.0413549580e-01 -1.1105522370e-01 -4.7022499880e-02 -2.9457917602e-01 -6.8148051698e-02 -5.5152406534e-02 -1.1755037485e-02 -1.1513577707e-01 -2.8291296101e-01 -1.3190427648e-02 9.1211140240e-02 -1.8309252465e-01 -3.4238027793e-01 -8.5399288960e-02 7.9829212201e-02 6.2390196846e-01 7.1485606092e-02 6.3009568809e-03 1.7324004753e-01 -2.0324603425e-01 -9.4679725687e-02 -1.7857680999e-01 -6.9620093662e-02 -4.1960504179e-01 3.3403566314e-01 1.7484454221e-02 2.3712378125e-01 -2.6906353626e-01 -2.7853555731e-01 -2.7917537910e-01 -1.5331392872e-01 -6.3316180305e-02 7.7702030479e-02 -1.7377347893e-01 -2.1455430790e-01 -1.4360334688e-02 1.5848157243e-01 3.1936708178e-01 9.3220619686e-02 -2.7974514807e-02
7.5277172619e-02 -1.6721464113e-01 -7.9022605882e-02 -3.9979765227e-02 -8.7271154167e-02 -6.0361246943e-02 -1.1129791857e-01 -5.5966243937e-02 9.3903341656e-02 -1.3861763620e-01 1.7294078041e-01 -1.2729146079e-01 -4.6057815697e-02 -9.8601643044e-02 -5.1693944738e-02 6.3139660669e-02 -6.6370619171e-02 -5.0297760576e-02 -4.7506177873e-02 1.7618745657e-02 -9.4345659220e-02 -1.0968313084e-01 -1.6106820957e-01 2.4990874339e-02 1.5973691978e-01 -5.4534924879e-02 -8.2953217154e-02 1.2804470424e-01 7.4127206131e-02 2.7144925816e-02 1.1696055172e-01 -1.1288280199e-01 -1.9787626267e-01 -3.2835543112e-02 -1.6775665122e-01 -1.7171266840e-01 4.6585705219e-02 -1.2232787531e-02 -1.1262625903e-01 -7.0793630832e-02 -1.6844617411e-01 1.8690051027e-01 4.1678205076e-02 -1.5770860682e-01 1.1243438963e-02 -2.0464328865e-01 -7.1431372889e-02 -3.3408904839e-02 -1.6095779529e-01 4.6518397741e-02 -2.7460626647e-01 -5.7271510133e-02 4.7328202476e-02 1.3505293328e-01 1.0626528590e-01 1.3521907517e-01 9.3223113626e-02 -1.7252826785e-01 3.8611235123e-02 -1.2922811027e-01 -2.4784774369e-01 -1.0555021537e-01 4.4397860937e-02 1.0036422815e-01 9.9315994401e-02 -1.2424883946e-02 3.7618131574e-02 -4.3087789329e-02 -1.6314646379e-01 -1.4387088619e-01
-2.9682173082e-02 3.1084449748e-02 8.1323866141e-02 -2.7767602566e-01 -1.0124504573e-01 1.5524026910e-01 1.1255189864e-01 1.4615760518e-01 1.1634982544e-02 -1.1292004306e-01 -2.7964221007e-02 -8.4816247954e-02 -9.0263856299e-02 1.8788179324e-01 3.3756736651e-02 -1.2803113077e-01 -1.7110191783e-02 -8.1695330660e-02 3.2394553749e-02 -2.5932192968e-01 -3.0716027988e-02 -7.3835678518e-02 -1.4830173098e-01 1.9872201358e-01 9.3135735688e-02 -3.2697657826e-02 -2.0838759568e-01 -8.2741769516e-02 -1.8466772550e-01 -2.6003961114e-01 3.3626545938e-01 5.1081938496e-02 -2.0094190001e-02 -2.5243160537e-01 7.7865289267e-02 -5.1150257471e-02 1.5700368405e-01 8.4172453558e-02 -1.1054735350e-01 1.9827679555e-01 -4.2839222351e-02 7.7868444323e-02 -1.4560842771e-01 -2.1739723547e-01 -9.8978349726e-02 -5.8527967201e-02 -1.3778551799e-01 -1.1079810116e-01 -2.6958607711e-01 -4.8208344951e-03 1.5324357236e-01 -1.0323745306e-02 -1.2199781401e-02 4.0388818492e-02 1.5036393378e-01 -1.7637252557e-02 2.4880830572e-01 -2.3722522230e-01 -1.0499836943e-01 -1.0289201750e-01 -1.1858562062e-01 -1.5529003606e-01 -2.1215177746e-01 -3.0012814707e-02 2.1294361618e-01 2.6758240337e-02 -1.4705869412e-01 -4.0864314532e-02 3.4197942375e-01 -3.5641717051e-01
-1.9401711618e-01 -6.8698511486e-02 -1.6607964249e-02 2.0437688592e-01 -2.0279027963e-01 3.2315360188e-02 -1.1249391208e-02 -2.2628982363e-02 1.5474544108e-01 6.3599735957e-03 8.8079192156e-02 2.1827584701e-01 -2.2311716785e-01 -2.6553180597e-01 9.8415867377e-02 1.7043244377e-02 2.5317654692e-01 3.2403305833e-01 -2.9515854092e-01 7.5164498663e-02 -4.1562484006e-02 2.4187473709e-01 2.4944209031e-01 3.1986823675e-02 -5.9938041100e-03 -9.6226224475e-02 8.5030059838e-02 1.5765759995e-01 2.7449902947e-01 -1.1329560423e-01 -2.1968723017e-01 2.2561196838e-01 -1.3114949463e-01 2.6651795174e-01 -4.1265716706e-02 -9.6597717323e-02 3.7814575997e-02 1.2619381818e-01 -1.3927467269e-01 1.9207552382e-02 1.1033892225e-01 -3.9384392027e-03 1.6615670016e-02 2.3771557432e-01 1.4309642212e-02 1.2122469578e-01 2.9183200722e-01 9.8715853640e-02 1.2371277586e-01 2.7336242153e-02 -3.4584131499e-02 1.0343786666e-01 9.8763552695e-02 -2.2899228573e-02 -1.3295471544e-01 8.8444692753e-03 -3.3178542955e-01 2.6373592552e-01 1.9402272076e-01 1.3418603734e-01 9.9227497577e-02 1.2067307530e-01 1.8828524280e-02 -8.9339606375e-02 -3.9374021904e-01 -1.1230856743e-01 2.7748525322e-01 -2.7716173170e-01 -1.3934891681e-01 2.6105817801e-01
6.3726861596e-02 -4.6782016641e-02 -5.4801714303e-02 2.3992797336e-01 -1.3419278235e-01 -2.9138813695e-01 -1.4727565218e-01 -1.3495682398e-01 2.2923556908e-01 6.0498353183e-02 2.9448043606e-02 5.3813982842e-02 -3.6056520588e-01 4.5821894336e-02 -3.7019268403e-02 1.7741286940e-01 1.1593111513e-01 1.2295506238e-01 -8.3222575712e-04 -1.7676243485e-01 4.0847601107e-03 3.0969388133e-01 -2.1589818408e-01 -2.9438466716e-01 -4.6286774202e-02 1.6058996881e-01 -2.9374577683e-01 1.4829879868e-02 -1.5293097266e-01 4.3219933152e-02 -5.3263187236e-02 -5.6562261148e-03 -6.1552708695e-02 2.7046877311e-01 -6.4854893994e-02 -2.1238781046e-01 -1.7402091135e-01 -5.9343321913e-02 -2.9289414862e-02 1.4860286972e-01 -1.6901420731e-02 -1.9047500862e-01 2.7586373558e-01 4.1339255493e-01 -5.8961944010e-02 -7.0522579334e-02 -2.2200092087e-01 -1.9721242695e-02 -3.6034628391e-02 1.8694636803e-01 -3.2162582102e-01 2.3135386456e-01 -2.1186512530e-03 -2.0941629905e-01 4.8573794730e-02 4.8250595322e-02 -2.5919472560e-01 1.4093241304e-01 2.6008233490e-01 -6.5665697816e-02 1.9426301281e-01 4.3495071426e-02 8.8805896999e-02 9.0092464613e-02 -7.5458607988e-02 -3.2249843605e-01 9.9437500252e-02 -3.6689325841e-03 -2.1627909009e-01 -1.7076694315e-01
-1.5498898249e-01 -1.0915536249e-01 5.2226035295e-02 1.2437792814e-01 1.5776976825e-01 3.3972370526e-02 -3.3342406947e-02 1.3578873246e-01 1.5063251202e-01 1.0022270924e-01 -8.1756380389e-02 9.6068168342e-02 9.3959792593e-02 -1.3774798343e-02 8.5639221144e-02 -3.9565662480e-02 1.0108203224e-01 5.2375295926e-02 1.1431971646e-01 5.3901930594e-02 -8.3621982185e-02 7.8900547590e-02 5.1557567525e-02 2.6372953685e-02 6.5763361984e-02 3.8602601208e-03 1.1099828127e-01 1.0648989788e-01 -2.8155807655e-02 1.0056520414e-01 1.6985141592e-03 1.3033615461e-01 1.2159953401e-01 2.0432859701e-02 -7.5368059401e-02 4.9536056570e-03 1.7142744776e-01 1.2828551115e-01 -1.9517234869e-02 4.4941828771e-03 5.9587860513e-02 -4.1208614519e-02 2.9729527072e-01 7.2097777741e-02 8.4239236954e-02 6.3030219216e-02 3.2131725576e-03 -2.8199222767e-02 5.5347046745e-02 1.3476189449e-01 -6.6252861463e-02 -2.2777523017e-02 1.7882172962e-01 -2.1582913671e-02 2.8432403219e-02 -2.9921158065e-02 1.0432349806e-01 1.3453114047e-01 4.4502427341e-02 9.2945359288e-03 -2.2799581750e-02 -4.0307312282e-02 1.6844536489e-01 1.1448328151e-01 1.2660815769e-01 5.1795357379e-02 -1.0090523524e-01 1.5854550336e-01 -2.1382012478e-02 1.0708497263e-01
4.8434431916e-02 -3.9980700980e-03 1.5539767242e-02 3.9020472202e-01 5.1559840103e-01 -8.9254975050e-02 -1.9119987487e-01 -1.0867668379e-01 -1.2041124684e-01 6.4407695463e-02 -2.2018900637e-01 -1.8967346792e-01 -1.4080387373e-01 -3.2528167795e-01 -2.5348219125e-01 1.7841871299e-01 -7.2418920593e-02 -7.7513974644e-02 2.0100681204e-01 1.6818855459e-01 1.8206488938e-01 -2.3150777527e-02 -3.9537668043e-01 -1.5319478789e-01 3.0797173659e-02 3.6201513181e-01 1.3220182800e-01 7.1230079006e-02 1.4337643941e-01 4.3798128310e-01 -7.5485110043e-02 -4.0058381449e-01 -3.9678617910e-03 -1.7443743794e-01 -3.4786802995e-02 -1.8260717083e-02 -3.8958455523e-01 1.3779052581e-01 -5.5045805615e-02 6.5091917244e-03 -2.2774225828e-01 -3.0160197838e-01 6.2765171978e-02 4.6707035173e-01 1.8119217586e-01 -5.0491329180e-02 -4.6492965082e-01 -5.2742547725e-02 2.0297184238e-01 2.2187470223e-01 -6.0505437249e-02 -6.8869417682e-02 -4.3441324764e-01 2.2441172892e-01 -6.9747079796e-02 1.6052372233e-01 -2.6005385872e-01 -1.0999102299e-01 -1.0187980097e-01 -1.4611265528e-01 -7.1132002354e-02 6.2077520216e-02 4.1128221568e-01 -3.8816392437e-02 -2.0801702698e-01 -6.3977373577e-03 5.0228102274e-02 3.7899102622e-01 -2.3435489665e-01 2.4406110137e-01
-4.1868634287e-02 1.8121316030e-01 -1.5858151832e-01 -1.1841229880e-01 -1.9129108530e-01 5.2764452456e-02 -2.4794910889e-01 -1.7732371975e-01 1.1941286135e-01 6.2690317553e-02 7.9753656533e-02 -6.8889350331e-02 1.6669371561e-01 3.4913442083e-01 4.7219045363e-02 -6.6373799197e-02 -7.7896240921e-02 1.8183815684e-03 1.6510191238e-01 -3.1488509455e-01 3.8565537474e-02 -2.2908052663e-02 -1.1279054673e-01 6.8593463257e-02 1.3660260438e-01 4.7826287540e-02 -8.0624089907e-01 -5.2088435920e-02 4.0768870226e-02 -9.5422161683e-02 1.3650430979e-01 8.0352887563e-03 -1.4641069019e-01 3.4937302097e-02 4.2654706425e-02 2.6158131664e-01 1.5283316254e-01 -3.7937573942e-02 2.2737508834e-01 8.0605676801e-02 -1.3405470370e-01 1.4829051453e-01 2.3407320849e-01 4.5242133746e-02 -1.4448458551e-01 -3.3381766867e-01 1.6107729331e-01 -8.7144367977e-02 1.5715836683e-03 1.5235502633e-01 1.1580893592e-01 1.4159100463e-01 1.8232572121e-01 1.8088666772e-01 -3.7283751434e-01 -2.1478211889e-01 -3.5502076021e-01 8.5304178032e-02 1.3602257581e-01 6.2951394591e-02 -1.2368545989e-03 1.1969634476e-01 -1.7758653200e-01 1.8562136897e-01 2.0224438347e-01 1.8272711503e-01 -3.3597312620e-01 -4.7295494909e-01 -1.0199508634e-01 6.2494322950e-02
1.5807823056e-02 -3.8714860965e-02 -1.4744532694e-01 -9.3786078267e-02 5.1917358052e-02 -2.1268895700e-01 -3.9564661740e-02 -1.7131068522e-01 2.8416803090e-01 1.2776430154e-01 1.4438059300e-01 6.7399875505e-02 4.0193991274e-02 -2.9338746193e-01 4.5694029906e-02 -4.8936098060e-02 1.3260223115e-01 6.2483348708e-02 1.1368444085e-01 -3.6190173817e-02 4.1764223412e-02 -2.7105445398e-02 8.1769080672e-03 -6.5114889654e-02 3.4975677088e-02 -6.6709615280e-02 -3.1612494294e-01 -4.2492587000e-02 6.5135088578e-02 -3.7206059681e-02 6.9527932778e-03 -6.3341912834e-02 -8.7182324841e-02 1.2613730766e-01 -3.7098287973e-02 -1.8475269588e-02 -2.6336639070e-02 -1.0656870762e-01 5.5191169355e-02 -1.8181735396e-01 -1.8827554920e-01 2.2210539862e-01 1.3870076922e-02 -8.1614597013e-03 -3.8896009179e-02 -3.4916864531e-01 -9.2741032404e-03 -1.5022143004e-01 7.0892402721e-03 7.1036513028e-02 -1.2071439610e-01 -1.1487588286e-01 -2.7260266484e-02 6.9487031610e-02 -4.2046889325e-02 1.5981573886e-01 -4.1136454024e-01 3.4518783630e-01 1.7563121184e-01 8.8303132247e-02 2.1963937765e-01 1.4023644885e-01 9.6806780537e-02 8.7273452603e-02 1.8217945761e-01 -4.1894965266e-02 -3.6832773651e-02 -3.0256027159e-01 -3.2936278163e-01 1.9670600320e-01
-1.7693865106e-01 -5.7231991683e-02 -9.7592766911e-04 3.0832321076e-01 1.8697118923e-01 -2.8779779153e-01 1.4404386781e-02 6.3792000969e-02 -7.5720108846e-02 -1.5441954324e-02 1.3558894921e-01 -2.3027756280e-02 1.2830432845e-02 -1.9178959926e-01 1.0391733771e-02 2.6537951788e-01 2.0288775037e-01 5.5798162847e-02 6.4015108482e-02 5.6300569548e-01 -2.0477269865e-01 -9.1452110320e-02 2.1656194024e-02 -4.6085953654e-03 1.5029670049e-01 -8.1048822533e-02 5.1152116708e-01 2.2375252943e-01 3.3781886689e-01 2.1383068387e-01 3.7653809608e-02 -1.1936082700e-01 -1.8514881455e-01 -4.5556665750e-02 -1.3999767299e-01 -1.7402994893e-01 -1.9351877243e-02 -1.5039199614e-01 -2.6252857633e-01 -3.3589243323e-01 -1.6875217850e-02 9.5090976752e-02 9.3571424291e-03 3.5070818157e-02 -7.4072045525e-02 2.4062622107e-01 -1.3669430662e-01 -1.0534149582e-01 -1.6163071405e-01 1.5434347744e-01 2.6949921802e-02 -1.7625030940e-01 -1.1167211201e-02 -2.1403652922e-01 -1.0666328048e-01 3.0595003309e-01 4.1363347374e-01 -1.0771824036e-01 6.9219267551e-02 -3.6015289766e-02 -1.3130876242e-01 -1.2475110537e-01 -1.2212505397e-01 2.2268445836e-02 2.0505312286e-01 1.2123985450e-01 8.3681622442e-02 3.4753422272e-01 -2.2544571393e-01 -2.8097490323e-01
-1.5330490596e-02 2.8922624970e-02 -2.1168810527e-01 -3.7369832715e-02 -2.3868745192e-01 2.8174794232e-01 -6.3462756277e-02 1.2384718207e-01 -8.4455046080e-02 -9.7378954995e-03 5.7431896858e-02 -9.8000193690e-02 1.4424958229e-02 6.8295871915e-02 7.8056998348e-02 -9.6499644175e-03 -2.3907554676e-02 -5.8011382410e-02 2.4268925155e-01 -2.2546879725e-01 -5.7125703188e-02 -7.0126607710e-02 -1.5380712365e-01 4.5841362685e-02 9.4358146991e-02 -5.2759821745e-02 -2.1997384291e-02 -3.3827020079e-03 -2.3106673472e-01 1.9259441755e-01 1.5177736921e-01 -6.3964726199e-02 -5.8520445455e-02 -1.6052775179e-01 3.4997639580e-01 5.4964023123e-02 1.1371890158e-01 9.5064957789e-02 1.1466575507e-01 -3.2983056911e-02 3.7670405549e-02 -6.8976832994e-02 1.8956554417e-02 2.1597519269e-02 -1.6173117929e-01 -6.9100271573e-02 -4.2452937260e-03 -3.6887647010e-01 -1.1470493680e-01 1.1177255460e-01 3.3401539782e-01 -1.5529819063e-02 -2.2990753641e-02 -8.2906654834e-02 1.6476245434e-02 5.0536822512e-02 6.8159934105e-02 -7.2275948180e-02 -5.1624171539e-02 4.1270638866e-02 -7.0342703426e-02 -1.3883620577e-02 -2.6849896387e-01 4.6647745663e-02 2.0039841663e-01 2.1965766197e-01 -1.8016633936e-01 1.0847189837e-01 2.0510989628e-01 -1.7686309628e-01
3.2561071819e-02 -1.7027540689e-01 -8.2521592181e-02 1.0532380477e-01 2.5919783188e-03 4.0664996818e-02 -1.0040707860e-01 1.7949604912e-01 4.2287386044e-02 -5.5807507775e-02 1.6853716385e-02 -1.2229054490e-01 -1.4936027431e-01 -6.8005880846e-03 1.1131240703e-01 -7.2357937850e-02 1.4996572777e-01 4.4025899242e-02 7.6498955345e-02 2.5511900548e-01 -1.0302681936e-01 -2.9646873976e-03 6.0258076782e-03 6.6577088683e-02 -1.6224208223e-01 -6.2148852765e-02 1.0096901576e-01 1.4596146055e-01 9.1248715210e-02 9.0184038765e-02 3.9217304562e-02 2.2237379236e-01 3.6156445929e-02 4.7813887758e-02 -9.3055078796e-02 1.4571102782e-01 1.5995238317e-01 -4.0943435324e-02 -4.9706641988e-02 1.6102578559e-02 8.3817261843e-02 3.1119256960e-02 -2.3370702374e-02 -3.0369525544e-02 -1.7389410712e-01 2.0065396246e-01 1.2364567689e-01 -7.4166781889e-02 -8.0555281186e-02 1.7737901742e-01 1.6021769529e-01 1.0616520733e-01 -7.4198613358e-02 2.4170231258e-02 -1.8321937220e-02 1.4157385686e-01 3.4192883600e-02 1.2414955620e-01 1.1652893362e-01 6.8071586058e-02 8.6263707217e-02 2.0868656109e-02 -9.6313781433e-02 1.5185660420e-01 3.9624177113e-02 2.0668316535e-01 -7.5399993911e-02 -1.7874665071e-01 1.4584502385e-01 -2.1173614258e-01
-3.3560530367e-02 1.8237382397e-01 1.0872918227e-01 -1.4144380272e-01 1.0169892791e-02 -7.9784542531e-03 2.7119203805e-02 -1.2034846103e-02 -3.7835243689e-02 9.8837231666e-02 -1.4852547892e-01 2.4317466608e-01 -3.4002485907e-02 3.9432940853e-02 -2.6948631848e-01 -1.6382592290e-02 -2.0591030337e-01 -1.9757996226e-01 3.7681488171e-02 -9.0708208750e-02 -2.5785449941e-02 -2.5735949389e-01 1.3179149777e-01 -1.4327803407e-01 -1.6996492236e-01 -4.8100623546e-02 -1.7669336125e-02 -4.8358335850e-02 -1.6558707082e-01 -1.0440428838e-01 -5.5897575330e-03 -1.5977968964e-01 -2.2039958882e-02 -1.1568053636e-01 -2.0427176126e-02 -3.8641132732e-02 -4.0268465686e-02 -5.3981290239e-04 1.1797395164e-02 1.4835905333e-01 9.2609552554e-02 5.3727384444e-02 -1.8507538365e-01 -2.5791769111e-01 1.9185673489e-01 1.3018772695e-01 5.4275951985e-02 -1.1006490413e-03 8.9784052621e-02 -1.8517131115e-01 -7.0670973847e-02 -6.9211829173e-02 1.8146450820e-02 -8.9392785861e-02 1.0737344320e-01 -1.8232050785e-01 -1.0966192119e-01 -2.9871318100e-01 -1.9040438127e-01 2.3388211876e-02 2.3642854128e-02 -1.3604146138e-01 -1.3521770056e-02 1.6021949429e-01 -2.7276221670e-01 -4.3792768536e-02 2.6484520905e-02 -4.0083818608e-01 2.8267239307e-02 -1.2255232623e-01
1.8194331770e-01 1.9366929189e-01 1.6276696947e-01 -2.8686868541e-01 1.8764084803e-02 -1.5780449249e-02 -1.1266156493e-02 -1.0460309780e-01 -1.9356971039e-02 -1.8993729928e-01 -3.2986813204e-02 -3.1836406791e-01 1.0240529198e-01 1.3528401885e-01 -3.4413396946e-01 1.5074975293e-01 -5.9317836348e-02 -3.2399863475e-01 1.3624688451e-01 -3.9383881015e-01 6.3732301005e-02 1.3491853862e-01 -3.8913896306e-02 -3.8733299258e-02 2.3949741739e-01 8.0674745814e-02 -2.7151113988e-01 -4.2332119770e-01 -8.2873204395e-02 5.5202760831e-03 1.3763765089e-02 -2.2528989002e-01 2.7255864633e-01 -1.7436826982e-01 2.9119546032e-02 -2.1853804404e-01 -1.5900649005e-01 1.0577080247e-01 3.4524646605e-02 9.0921406839e-02 2.2196971982e-01 7.8034503920e-02 1.8517797340e-01 2.4602528248e-01 5.9408923123e-02 -3.4315017278e-01 -1.0568665722e-01 5.9205494594e-02 -1.3163826351e-01 -1.2248613155e-01 -1.7890581867e-01 9.3463305238e-02 -2.9279821883e-01 1.0754025349e-01 2.1361946277e-03 1.2418847652e-01 -8.7444631407e-02 1.8393203888e-02 -1.3967589975e-02 -2.2066053852e-01 8.3372463753e-02 -2.0043905275e-01 3.4893233387e-01 4.2032089247e-02 2.5809883934e-01 -3.0934688835e-01 1.3316417332e-01 3.2304394500e-01 5.5012031180e-02 2.2050125044e-01
4.3448788232e-03 -7.4436127413e-03 -2.6494869819e-02 7.9586916622e-02 1.0124411732e-02 4.4905141742e-02 -1.2810009054e-01 1.1879276200e-01 1.4470823489e-02 -2.3437297253e-02 -2.8848107755e-02 -1.3082775010e-01 2.7718681926e-02 -1.2298621444e-01 7.2917867655e-02 4.9719669541e-02 9.6999142258e-02 1.1540883733e-02 -1.6304672633e-01 -6.7493877650e-02 4.0056741776e-02 -9.6123024759e-02 4.1237727953e-03 3.1649929887e-02 2.7756579531e-02 -1.5452205916e-01 -1.5553250414e-02 1.7303384196e-01 9.9475798039e-02 -4.7763922483e-02 -1.3126434999e-01 5.5317881585e-02 -1.0350381162e-01 -2.8224710280e-01 -2.8141893276e-02 -1.0368599198e-02 -5.9864880985e-02 -8.7887296470e-02 -1.5409780849e-01 -1.0478520042e-01 -7.8349053374e-02 -8.3688010793e-02 -1.8971220893e-01 -5.6513848571e-02 -1.4247688261e-01 -1.0100743869e-01 1.3999119994e-01 -1.8921515542e-02 -1.2798130619e-01 -2.3465731407e-02 -1.0649762443e-01 -8.3543162905e-02 1.2067633134e-01 -2.2774020294e-01 3.9956040276e-02 3.2345639341e-03 1.6989107737e-01 -5.8689850494e-03 -4.9905861003e-02 -6.0442975463e-02 -8.7465422835e-02 9.0584366003e-02 -1.0945471734e-01 -5.3269395925e-03 1.3749117210e-01 7.8230988520e-02 -1.1684312968e-01 -2.5471479379e-01 6.9287806125e-02 -2.3762417056e-01
-1.4524710115e-01 1.8356085450e-01 -1.0413638526e-01 -3.6883556666e-02 -4.9667960314e-02 -5.1908022395e-02 1.9466088516e-01 3.6018794047e-02 1.7209768736e-01 1.7085780262e-01 2.8992367475e-01 8.0860926687e-02 1.7451673865e-01 -2.8631024047e-01 3.1339417366e-02 1.1868281231e-02 6.6181380231e-02 4.1790855781e-03 -2.2868036295e-01 -4.3191090735e-02 -1.1958770260e-01 8.2101503124e-02 2.3292814276e-01 1.0410315034e-01 1.3012568919e-01 -2.5405934949e-01 2.1526064017e-01 -1.4761011171e-01 1.1397582762e-01 -3.3992319104e-01 2.3215602172e-01 1.0634613956e-01 -2.8477063637e-01 2.0707678624e-03 -1.8876572768e-01 -2.1200636592e-01 1.4833710662e-01 -2.1218351844e-01 -2.5271773582e-01 -1.7339113164e-01 1.0814198156e-01 1.3794328773e-01 -1.7503791056e-01 -1.0666058404e-01 7.1513694292e-04 -1.7496079612e-01 6.6363304307e-02 -9.7703171675e-02 -3.5928786214e-02 -1.2792408134e-01 -5.3644646396e-02 -3.5448166466e-01 1.2749902746e-01 1.6246111411e-01 -1.3754885081e-01 -6.2049748105e-02 6.1427863618e-02 2.4025267839e-01 -6.5652052926e-02 1.2337319269e-02 1.6067555870e-01 -1.1333835028e-02 -6.7707876296e-02 1.2107741576e-01 7.8353931935e-02 5.0782038171e-02 -8.2181116356e-02 -1.3923462504e-01 3.9380144559e-02 -1.4044071127e-01
-3.8583192489e-02 -8.7547121588e-02 9.5936113253e-02 -1.9469928454e-01 -3.1509448375e-02 -1.6110058712e-02 3.4519641284e-02 -1.3513748649e-01 -7.6167897270e-02 -1.0342756558e-01 -8.7674918995e-02 1.3315537660e-01 9.0813947460e-02 -1.6230659128e-01 -1.6413348195e-01 -1.7896402824e-01 -2.1538894227e-01 -2.0943940387e-01 2.5189956324e-02 5.7993182290e-02 1.7373014548e-01 -2.5603698912e-01 1.8341700778e-02 7.4649463583e-02 -9.6761280911e-02 3.7359357534e-02 2.1238390182e-01 1.1478090596e-01 -2.5760412668e-02 2.6848740751e-01 -3.6268012346e-02 -9.1959570251e-02 2.8171215258e-02 -2.5673820832e-01 -9.2332212846e-02 -1.2639972793e-01 -1.0831380750e-01 9.8928169994e-02 -8.1371659375e-02 1.0161089107e-02 -1.8848349927e-01 -1.1321114904e-01 -1.6512428219e-01 -4.0790111317e-02 6.8298526117e-02 3.6176005082e-01 -3.2053940404e-02 1.2506999613e-01 6.8392715599e-02 -6.3336667055e-02 -9.0188938770e-02 -2.1125482251e-01 -4.4343189786e-02 -1.8270025709e-02 -4.7227782921e-02 -4.3358449489e-02 1.4550144227e-01 -3.5168996503e-02 -2.5818599669e-02 -1.9602035365e-01 -7.5969669811e-03 -9.3085489205e-02 1.0946526766e-01 -1.9553765971e-02 -1.2647423307e-01 -2.5054667184e-01 7.4447080881e-02 4.7651583216e-02 2.6799892859e-01 2.8066020811e-02
-1.6389204614e-01 9.4347638721e-02 -1.0578024657e-01 -2.4175977254e-01 -7.6685220846e-03 2.2804776144e-03 4.9436123428e-02 -1.0605319049e-01 1.1833893761e-01 4.5703977749e-02 -2.4341368131e-02 -3.3117666492e-02 -3.0259655245e-01 2.6563557946e-01 6.0157152558e-02 -1.6165860994e-01 1.4283826862e-01 -1.4194121757e-01 -9.3702850274e-02 -2.4398614707e-01 -8.9460917185e-02 3.3944436844e-02 1.5826080023e-02 -4.4154044063e-02 7.6724731398e-02 -2.2316156059e-01 -3.0938770275e-01 -8.3684266118e-02 -1.0637449599e-01 -9.0945406654e-02 -1.5942394929e-01 1.1846602481e-01 -1.8939590720e-01 -5.0109354596e-02 -6.3808249482e-02 -2.6987043096e-02 1.8005560053e-01 1.1208370908e-01 -3.0105742175e-02 -1.2043243560e-01 -3.7805809002e-02 1.5041723503e-01 9.7919045753e-02 1.2775731628e-02 -1.1569393669e-01 -2.1973700474e-01 6.3034595699e-02 -9.9676765047e-02 -1.6524082963e-01 2.6337772568e-02 -1.3160257462e-01 2.3140458331e-01 2.1443844387e-01 -2.2921164534e-01 -1.5053525835e-01 7.0769701750e-02 -1.3414928483e-02 2.4855085713e-02 2.4435674132e-01 1.1715405139e-01 -2.3630536338e-01 2.0762314213e-01 -8.9070797978e-02 2.5081431188e-01 -2.5222961920e-02 -1.1262424529e-01 -1.6583775293e-01 -2.6127489355e-01 -1.8260543327e-01 -8.3934191887e-02
-1.9685317296e-01 -1.7970505080e-01 8.1253124783e-02 -1.0008552529e-01 1.1751945880e-01 -1.3165213477e-01 3.9139212827e-02 1.6971785488e-02 5.5703614647e-02 1.9961635010e-02 -1.0948998389e-02 -1.4946213131e-01 -4.4830603395e-02 -1.0411658048e-01 -1.7638655346e-02 1.8039021233e-01 -1.0313347625e-01 -8.1589248847e-02 2.3238003026e-02 -1.0216006000e-01 -1.1672251510e-02 -4.5486682178e-02 -1.3129968186e-01 -4.3589993283e-02 9.0175233575e-02 1.0963011916e-01 -1.5623947807e-02 -1.5366682904e-01 8.1405604937e-02 -1.3610618470e-02 7.7461576187e-02 -1.5092811471e-01 -3.8169862141e-02 9.5838349170e-03 1.4532036409e-01 -1.6078824909e-02 -3.2268233502e-01 2.6532169522e-01 1.6547067721e-01 -3.5748964727e-03 -1.5174781310e-02 4.1480508948e-02 1.2891897858e-01 7.2176314998e-02 1.3660260785e-01 7.7430907467e-03 -1.9320300093e-01 -1.5198640828e-01 -1.2449123167e-01 -5.5401569426e-03 -8.9657352140e-02 9.9333447563e-02 -1.6717109471e-01 1.2073440491e-01 -1.1399318824e-01 -8.4834218597e-02 -9.2156332348e-02 1.2596334367e-01 -4.7418626691e-02 2.9555661053e-02 2.0435938400e-02 9.0980042364e-02 8.7214141878e-02 -5.5062738543e-02 -2.1583905454e-02 -3.1728197122e-02 -7.6040367693e-02 2.1105080895e-01 3.8500179748e-02 -1.0082595842e-01
-2.2963416808e-01 -1.5095847598e-01 -2.0427275533e-02 -2.8296300951e-01 -9.1315171354e-02 3.0879920624e-01 -4.2369486368e-02 -1.8858540902e-01 2.5498831061e-02 -8.9267532519e-02 6.8542268708e-02 7.9995678428e-02 -1.7891638893e-03 9.1682106197e-02 -1.3354620481e-01 -1.9598355922e-01 -7.4294549048e-04 6.4895446642e-02 1.1962941857e-01 -4.3903579470e-02 8.0860603189e-02 -1.6204088746e-01 1.3996755679e-01 1.3803760190e-01 -2.8625213284e-01 8.6494092170e-03 -2.4880530227e-01 6.2539788637e-02 -2.5449073105e-01 2.9273360153e-01 -1.4779875289e-01 1.6339439974e-01 8.8393037162e-02 1.6079529310e-01 3.8173849455e-01 2.0806232425e-01 6.0193537948e-02 2.3052680666e-01 2.4490585399e-01 1.8670716419e-01 -1.2854467495e-01 -1.3449193361e-01 -6.4406671368e-02 5.6582725307e-02 4.0282368455e-02 9.7601102689e-02 1.5254111680e-01 3.2899599782e-01 1.6223357389e-01 -1.1008117033e-01 2.0147707899e-01 2.0129440646e-01 9.7959213871e-02 6.5807817318e-02 -1.0285880036e-01 -2.6074333652e-01 -2.6018188400e-01 3.1166355117e-02 2.1431511410e-01 1.5395341187e-01 -1.6538413082e-01 1.8219237436e-01 -2.3554914693e-01 1.1335805480e-01 -1.7333417231e-01 -4.2300242570e-02 -1.1303733709e-01 -2.7076908325e-01 -9.1498575083e-02 3.0047599237e-02
4.8717378837e-02 -2.0597944217e-01 -2.9327978294e-01 1.2133478503e-01 1.3050976864e-01 6.1156996798e-02 -1.2137121731e-01 -9.9419481784e-02 1.4566577969e-01 -7.9269893305e-03 -1.8443810578e-02 6.8504860454e-02 -8.2181061740e-02 5.7510568034e-02 -2.6443811718e-02 -4.3542961831e-02 4.9968127484e-02 1.2036026538e-01 2.0171054676e-01 1.0953693850e-01 2.4557841805e-03 -4.7620728626e-02 6.8421122947e-03 -5.4823216441e-02 -6.5381178707e-03 5.8494734946e-02 -7.8137968251e-02 1.3859563558e-01 1.6389007533e-01 1.3046894221e-01 -6.4505983559e-02 4.7324928782e-02 -3.2841827652e-02 5.0132893066e-02 -1.3256570165e-01 1.5600394472e-01 -6.3164891014e-02 -2.7200996951e-02 -1.2273440949e-01 -3.4669428829e-03 -2.5130698456e-01 -6.5882688091e-02 6.9626482422e-02 8.3948677408e-02 -1.2960979413e-01 4.6296675102e-02 -9.8997746515e-02 3.8889487282e-02 5.9321256102e-02 2.1863910604e-01 7.9629801824e-02 4.9462559075e-03 8.3668803261e-02 3.6103986705e-03 -2.3865488092e-01 1.2473146314e-03 -2.1200824465e-01 7.8100548371e-02 6.5875394524e-02 2.7963691493e-01 5.5172632177e-02 7.2153990379e-02 -8.2161116134e-02 -1.2536345704e-01 -3.2483603004e-02 5.2577815841e-02 -1.0235820706e-01 -1.9179323815e-01 -1.2602288699e-01 -3.0070860509e-02
-9.6691995531e-02 -1.6265134932e-01 8.5107653622e-02 -1.6576891384e-01 -1.4516390339e-01 9.7633714141e-02 3.4351420751e-02 -4.5792662040e-02 2.2745971081e-01 -7.4307456262e-02 2.1401992383e-01 5.3450799750e-02 -3.5771933055e-01 2.3827479333e-01 2.0175587464e-01 -1.1752120059e-01 7.2111408772e-02 1.5520538820e-01 -1.8976329818e-01 -1.8595628540e-01 -3.3097815726e-02 1.8727128374e-01 1.1707500148e-01 -1.8111664479e-01 -9.8727316833e-02 -1.9905002465e-01 -1.5590843107e-01 -9.8787515821e-02 -1.6644853270e-02 -2.9139925751e-01 -1.6261700996e-01 3.7478713926e-01 -1.5880591611e-01 2.8944537418e-01 -7.1523606314e-03 1.4760978292e-01 2.8072328861e-01 -1.1773278109e-01 8.5562790588e-02 1.6118165678e-02 4.4163055159e-02 1.0764558224e-01 -1.6110425227e-02 -2.2841815942e-01 -2.4061418130e-01 6.5501387274e-02 2.4212452533e-01 -3.2578620439e-02 -1.6559295427e-02 -1.4090318554e-02 -2.1362902864e-02 3.0773599296e-02 2.2350097912e-01 -2.9148140878e-02 -3.7828436454e-01 -4.0689869735e-02 -1.0579510111e-02 6.7054963611e-02 2.8425564474e-01 1.7777284917e-01 -1.6947230401e-02 3.1593865196e-01 -2.6412354887e-01 5.2594387899e-02 -1.0407946986e-01 -8.3979671879e-02 -3.5460038199e-02 -2.9059716226e-01 -3.4321378725e-02 -4.2468311454e-02
7.1987561642e-02 -6.7737567964e-02 1.1740539481e-01 -6.6316521832e-02 -6.7781960175e-03 1.6781473239e-01 3.9427675040e-01 4.8301191166e-01 -5.5025146804e-01 -3.2941231653e-01 -1.2100955617e-01 1.3696385107e-01 1.4255107310e-01 1.1051922900e-01 -8.5460344199e-02 -4.2859801282e-01 -3.0384550366e-01 -1.9273026681e-01 2.1756323833e-01 2.5376522058e-01 -2.3957453632e-02 -1.4846548495e-01 3.3266818098e-01 4.6381044000e-01 -4.1951302716e-01 2.1476383607e-02 1.6145169450e-01 2.3065024614e-01 -3.8265040033e-02 2.4949123653e-01 3.0826702707e-02 -1.5813661327e-02 -7.7879445730e-02 -1.5825623296e-01 1.3298771060e-01 1.6537577190e-01 2.0740582938e-01 1.2263845384e-01 -2.1320627776e-01 9.4168140565e-02 1.7405563191e-01 -1.6747191280e-01 -6.3022154789e-01 -4.9101029512e-01 -4.8216823132e-02 4.7795022860e-01 4.5294304768e-01 2.1418280990e-01 -1.8156566756e-01 -3.6380161890e-01 1.5982290904e-01 -5.2352213657e-02 1.1900727852e-03 -6.6999122303e-02 4.2669187703e-01 -7.3926793494e-02 3.0596193675e-01 -4.4978904924e-01 -2.5774125153e-01 -1.5608501802e-01 -1.9060224517e-01 -2.7450803818e-01 -1.6392936486e-02 -2.4616225479e-01 1.3906304090e-01 1.4414623005e-01 -5.9385022988e-03 -1.2122087467e-01 3.2378842776e-01 2.4160306414e-01
-7.2049766425e-02 3.9996020725e-02 8.6613597441e-02 -2.9147947493e-01 -3.2493482844e-02 1.3122140801e-01 7.0671889976e-02 3.4416783259e-02 -1.3504796808e-01 4.0136732549e-02 4.1864250930e-02 6.6783453826e-02 -1.0044181182e-02 -7.8126356762e-02 -1.3333431760e-01 -5.7166338651e-02 -9.6816952135e-02 -1.5813567122e-01 1.2048421094e-02 -1.9693639297e-02 -1.2471168601e-01 -9.7290996325e-02 3.5302174924e-02 1.1467571248e-01 -1.8686975908e-01 -7.7421158941e-03 8.2757129197e-02 -5.9840903838e-02 1.0658854683e-01 -1.0675663085e-01 3.2264679902e-02 -3.8363249507e-02 -1.5668434738e-01 5.1617227354e-02 -2.1054079205e-02 8.9118522733e-02 -1.1933316436e-02 -1.4104028036e-02 -2.5624229176e-01 -1.1227914829e-01 2.3569405074e-01 -5.4450759251e-02 -2.2271233162e-01 1.0335500111e-02 1.3384379749e-01 1.0900734408e-01 1.7108318182e-01 6.8919041416e-02 -7.5694827777e-02 -4.3390172112e-02 -1.4603331063e-01 -2.9144058779e-01 -5.7449772952e-02 -1.5860024063e-02 1.1035537490e-01 1.3499090256e-01 2.6675857264e-01 -3.3113226139e-02 3.8393351354e-02 -7.9436781997e-02 -1.0741706355e-01 -5.7760524092e-02 -1.1653818301e-01 -1.6179128864e-01 -7.7128500431e-02 -3.4708475600e-02 1.0764530881e-01 -2.0919684948e-01 2.7984602985e-02 -3.1359452706e-02
1.1307271121e-01 1.4907276290e-02 6.4485719472e-02 -3.0742688258e-02 6.3236092375e-02 1.8177994542e-01 7.5799202190e-02 1.1927180258e-01 -8.5497264853e-02 1.3621347180e-02 -6.3729434429e-02 5.1939860739e-02 2.4582920163e-01 6.8013404576e-02 -1.6272683520e-01 -2.1613892673e-01 -1.0085721105e-01 7.2885039061e-02 9.7191005747e-02 3.1495525535e-02 9.5868964004e-02 -2.4666240239e-02 -1.6705843164e-01 1.3481272530e-01 5.7755948462e-02 -2.3696577008e-02 2.2664690887e-01 2.9203394626e-02 6.0843932539e-03 1.4316383300e-01 1.8876026016e-02 -1.9882354890e-01 1.7718241540e-01 -7.4561437392e-02 3.0616332679e-01 -4.4915714909e-02 1.3483608366e-01 5.2099279087e-02 -3.9077612559e-02 1.0957942054e-01 3.7595648324e-02 -1.9470481161e-02 1.9978150131e-02 -6.5705685299e-03 7.7067882859e-02 3.1841272963e-01 -8.5677259586e-02 4.2664639320e-02 7.6565947158e-02 1.0746584165e-01 6.0086250467e-02 -5.1916580584e-02 6.4640651544e-02 8.9893700789e-02 -4.5591061103e-02 4.9351947636e-02 2.1342541558e-01 -8.8085731618e-02 -4.2259828122e-02 -1.1958846635e-01 -3.1949370958e-02 -1.3773469953e-01 8.3967159954e-02 -8.1197763697e-02 1.2169211868e-01 1.7416652704e-01 1.7507786322e-01 1.8525698282e-01 1.0364761660e-01 -4.0145833110e-02
