9.1309774155e-02 1.2498746317e-03 5.4653025217e-02 -1.7208315258e-01 8.4787243985e-02 2.4325079380e-01 -8.8404559658e-02 1.4736082500e-01 1.8067378899e-01 1.0017961738e-01 -7.2555452423e-02 2.2082730060e-02 7.3331413787e-05 4.5792976386e-02 -4.0005506015e-02 -3.7389369508e-01 -1.2250552801e-01 -3.3455958898e-02 7.5052622147e-02 4.5529183240e-01 7.9843289456e-02 1.5655049005e-01 2.6076155124e-01 -3.3795335765e-02 2.8344808099e-01 -7.9716595848e-02 1.3402223988e-01 -2.9313340149e-01 3.2151715894e-01 -3.3599580472e-01 -3.7193011300e-01 -3.3181511058e-03 1.0127202532e-01 3.2717507188e-01 -6.4676523823e-02 -1.3435783585e-01
-3.7432987614e-02 1.2475281645e-02 -9.4024916959e-02 -2.2796791515e-01 -8.0321954146e-02 3.3392208358e-01 -2.0264654705e-02 -3.8393460556e-01 -1.8097668813e-01 -5.1629300027e-02 -1.8990384637e-01 3.2125350268e-02 1.9697996275e-01 2.0144360434e-02 -1.4109205641e-02 1.2927691499e-01 2.1703035478e-01 -8.6601929157e-02 1.1926986666e-01 -8.3517489924e-02 -1.1084701698e-01 2.3204473692e-01 -7.8434667466e-03 1.3205842510e-01 1.8833671866e-02 1.3154892234e-01 -1.7493534862e-01 -3.6182303226e-01 -1.7229974317e-01 1.4359562901e-01 -1.7470243417e-01 -1.5223036252e-01 1.5055736878e-01 -8.0876481976e-02 7.6707904664e-02 1.1723112126e-01
1.4332008132e-01 2.4323385343e-02 -1.0883107479e-01 2.5215909341e-01 -1.1615316033e-01 2.7132597833e-01 4.4224496801e-02 2.1113633265e-01 -4.0480434357e-03 -3.8598918411e-02 4.1534775713e-02 3.5178765621e-01 -6.5228657487e-02 -1.0041890558e-01 3.4742341600e-02 2.6553654118e-01 3.3425543608e-02 -2.0025034924e-01 2.3579159206e-01 -1.4426022534e-01 5.6803431852e-02 2.6652624919e-01 -8.7209805868e-02 -2.1267707035e-02 -9.3810535765e-02 -3.0584932000e-02 -4.8523209054e-02 -1.2954848606e-01 1.5982470656e-01 1.3099298595e-01 1.4888771441e-01 1.3631079690e-01 4.5498619392e-01 -1.3784506539e-01 2.9222415998e-02 2.0355117850e-01
2.1514377268e-01 7.3345160426e-02 1.2381073159e-01 -8.6451260438e-02 -2.1551682355e-01 -1.5466994223e-01 2.7418713635e-02 2.5025192661e-01 -3.0319647021e-01 -1.7110944186e-01 -1.5844346667e-01 -3.3030870194e-02 -1.7255761930e-01 -1.5546924618e-01 7.8052520312e-02 2.1076884195e-01 3.8834395703e-01 2.5473818560e-01 -9.9608275275e-02 -1.2167068523e-01 1.3083562906e-01 1.4901752546e-01 1.8147148816e-01 -4.1719352194e-02 9.1958312364e-02 -8.1291326161e-02 2.0802678437e-01 2.8155199631e-02 2.0298429647e-01 3.7776463696e-01 1.1219783480e-02 -7.2066077696e-02 2.8628459305e-01 2.5650641514e-01 -7.5219483534e-03 3.6740608684e-01
1.8079819809e-01 -8.3533539462e-02 -1.3526805705e-02 2.7062755043e-02 1.5448061719e-01 -1.2225459886e-02 6.6244033141e-02 -1.8060198503e-02 -1.0816121682e-01 -1.6311418828e-01 3.9139178768e-02 1.6505280964e-02 1.2156054444e-01 1.8944062991e-02 1.8122311528e-01 2.1235950054e-01 -1.0908046179e-02 -1.2208799748e-01 -1.0170335124e-01 -6.4213602274e-02 2.7062300042e-01 -8.9470361171e-02 -9.4811497044e-03 -9.5542998922e-02 -7.2075995286e-02 -5.2954562967e-03 1.2990328168e-01 -2.4372941939e-02 1.5572446703e-01 -2.5170501699e-02 -1.2731312131e-02 -9.8112567548e-02 -2.0281678438e-01 8.2000944942e-02 -1.0626113440e-01 -1.7520636145e-01
-1.7040014448e-01 4.6795263918e-02 -4.1159198477e-02 -2.4258465721e-02 6.9919944504e-02 1.0856541825e-01 1.5450224193e-01 1.2446843561e-01 1.5779359519e-01 -1.1412809444e-01 -5.7170998787e-02 8.5142943537e-02 4.4679820798e-02 -1.8502342482e-01 2.3998861038e-02 8.6992921965e-03 9.5015925198e-02 -1.2014388441e-03 2.0370588031e-01 2.5331884577e-01 -1.2040313155e-01 -5.5047596175e-02 2.3102324602e-01 1.7923765383e-01 9.7439170749e-02 1.2383174418e-01 2.3125838794e-01 -2.7436510216e-01 -3.3837188703e-01 1.1493088753e-01 1.7409919986e-02 1.6745641596e-01 -1.3456435664e-01 4.3179666938e-02 1.2321719829e-01 2.2815105277e-02
6.6795531736e-02 1.6207690822e-04 -1.0775423156e-01 -5.2312363700e-02 -4.7539152976e-02 -3.3203181801e-02 8.7929241290e-02 -2.8289521680e-01 9.3318898108e-02 -2.2658223593e-01 -2.4687779608e-01 -1.3634759917e-01 1.6536884579e-01 -1.1663152776e-01 -1.3260546281e-01 6.8596606860e-02 6.0997400096e-02 3.4484840121e-03 -1.2743268683e-01 3.5311126313e-02 -2.1795876978e-02 -3.4194788317e-02 1.8579467237e-02 2.7380156418e-01 1.0775776734e-01 2.3955101864e-01 2.0663542122e-02 6.2109322302e-02 -1.2035549005e-01 2.4720724102e-02 2.4485704919e-01 3.4838147243e-02 -8.0017558308e-02 3.7481492636e-02 1.2357231004e-01 -7.5526990549e-02
1.0585767110e-01 -9.4617988225e-02 -5.7715995908e-02 -1.1276566154e-02 -8.9242851343e-02 3.0647504735e-01 -1.5036127338e-01 3.3870526884e-02 1.0208447293e-01 -7.3152916811e-02 2.0609557816e-01 1.7251402081e-01 9.1327861376e-02 1.3827238262e-01 -1.2232237874e-01 9.4509247334e-02 6.3490011634e-02 3.4018533205e-02 -9.2574777244e-02 2.3256134616e-01 5.1384456317e-02 7.6418763618e-02 3.1385577376e-01 2.6098054017e-02 -2.5974307740e-01 -1.7739921583e-01 2.2153083260e-01 -5.6411159592e-02 -2.3271417402e-02 2.8721520089e-02 -1.7589286526e-01 1.0857924544e-01 -4.3976145948e-02 -1.1120171995e-01 -1.7606768752e-02 -6.6261930697e-02
7.3870899113e-02 7.2698499303e-02 1.8303179327e-02 -1.2344549013e-01 -1.4587460076e-01 4.2052588665e-01 9.1240522567e-02 1.1589861317e-01 1.5090357660e-01 -1.0562735498e-01 -9.2983897883e-02 1.8136456315e-01 -1.1198434266e-01 -1.0559439076e-01 -2.2930441417e-03 1.0699529450e-01 -1.7812356870e-02 -1.2343185542e-01 -4.1739683686e-01 3.3966377293e-02 2.6756930196e-02 -2.4063563807e-01 3.9129562919e-02 -3.4599556150e-02 -1.2306395776e-01 1.3608589179e-01 1.3506179656e-01 9.2827963507e-02 5.4011077676e-02 1.0407595268e-01 -1.7806617216e-01 4.0552860534e-01 1.7199592396e-01 8.3555018228e-02 6.0110366290e-02 2.4857411847e-01
1.4830831323e-01 -8.3938130590e-02 -1.5985746689e-01 -2.4730390373e-01 -2.1154738139e-02 2.4327488437e-01 -1.5297878355e-01 2.8653921731e-01 -5.6111028356e-02 -3.6170602921e-01 -2.1651359368e-01 -2.7781669006e-02 -6.7151254224e-03 1.4667596692e-01 -3.0736031638e-01 3.5770238896e-02 -1.2096762416e-01 1.0476538087e-01 1.3569914029e-01 4.3069138317e-02 8.6645620604e-02 4.9719679835e-02 -2.0585131981e-02 1.7492516949e-01 2.4150952650e-01 -2.3754544740e-01 -1.1291582905e-01 1.0644493042e-01 -1.6500447631e-01 4.1552808018e-01 7.1418734938e-02 -2.1081432157e-02 -4.3839300574e-01 1.5700583520e-01 2.4067054806e-01 2.1716900263e-01
-3.0160492377e-01 -6.3295968772e-02 3.0213177158e-02 -1.1985887989e-02 2.1206657748e-01 4.6957613073e-02 -2.5082556584e-02 -8.2214424610e-02 7.7503729434e-02 1.8826383256e-01 6.6509655975e-02 4.7867320874e-01 -1.0496978244e-01 -4.1267910088e-02 2.5077437709e-01 8.6153065780e-02 -2.2275995774e-01 -3.6785472930e-01 -3.6113118864e-02 8.2058321072e-02 4.2088304726e-01 1.0785889121e-01 3.9455151871e-01 3.7693468347e-02 6.9097711163e-02 4.3758841478e-02 3.3228672357e-01 3.1699814720e-01 2.5315661002e-02 3.4018753504e-01 9.2476445015e-03 3.0572852659e-01 6.5284348128e-02 2.2071693326e-01 5.5384287180e-02 2.8200253163e-01
2.7273208655e-01 5.0128186646e-02 5.0124859169e-03 2.1938849702e-01 -1.4529030777e-01 1.2646959030e-01 -1.6533984915e-01 3.3567424201e-01 -2.1515825456e-01 6.6997595549e-02 -1.5670061022e-01 1.2081974464e-01 -4.2348389446e-02 9.0285698701e-02 -1.7534047131e-01 -1.6363520866e-01 -1.7469328657e-01 -4.1796358069e-02 1.8183721053e-01 1.2441148062e-01 1.7898112285e-01 8.7252523917e-02 1.5741728884e-01 -7.7756885978e-02 2.0241075362e-01 -5.9210490730e-02 2.8542354415e-01 -1.3331461342e-01 9.9594223996e-02 1.8550863479e-03 1.9270618500e-01 3.4562003919e-01 3.7040041267e-01 2.1869408877e-01 5.7770446978e-02 -1.6461235229e-01
-1.2608227462e-01 -9.7862631869e-02 -7.0625051523e-02 -4.4944531243e-02 2.0716980496e-02 9.3052686619e-02 2.0752899018e-02 2.8146930928e-01 -2.2838625568e-02 1.3120035361e-02 -4.3328395632e-02 -3.8677985449e-01 8.8183657519e-02 -1.4728240491e-01 -1.8736026746e-01 2.0253361379e-02 2.4698753330e-01 -1.0506425225e-02 -3.1127394045e-01 3.0142831456e-01 1.3488118814e-01 8.0509734647e-02 -2.3927907696e-01 1.1037514820e-01 -1.8333279618e-02 2.5717743099e-01 1.0253899244e-02 -2.8257479088e-02 1.0190603158e-01 1.8809669145e-02 -1.6483429093e-01 2.8445245513e-01 -2.2763727774e-01 2.2350955401e-01 2.1009192421e-01 -1.4240879538e-01
-1.0892143712e-01 -1.8375587560e-01 5.8867057612e-02 5.2217435996e-02 -7.6705931334e-02 6.8640479975e-02 1.9456229526e-01 -1.6928791467e-01 -3.5401742207e-02 -5.2234768863e-02 -3.3772958276e-02 4.9369007295e-02 -2.5844055707e-01 -8.7727548368e-02 -2.5908148661e-01 1.8899435221e-01 1.2333783630e-01 -2.0811340528e-01 4.3679891365e-03 7.8447156198e-02 -1.4506133639e-02 1.6903679944e-01 1.3931996764e-01 -8.4540703540e-02 1.7814512133e-01 -1.9691767901e-02 9.2139251533e-02 -1.7346541762e-01 -3.6435829703e-02 9.0021843564e-02 2.7866561925e-02 1.2371799023e-01 6.8616599334e-02 -3.4009375173e-02 -1.8119182197e-01 -2.2413271158e-01
1.1126571540e-02 -5.3658648334e-02 -2.0570787682e-02 -2.9272637051e-01 6.4277020922e-02 -1.7638512680e-01 4.8340418412e-01 -6.3543340753e-02 1.2153719658e-01 8.6600948701e-03 -1.0774412417e-01 -1.8733868200e-01 2.2270495240e-01 -1.0056915209e-03 1.4436626296e-01 3.5183652821e-01 3.0335783662e-01 -5.6894607395e-02 2.3994340036e-01 2.8189994484e-01 2.6933487922e-01 -9.0649978759e-02 -6.5567224032e-02 -5.2351032525e-02 -1.2023396960e-01 5.3973214832e-01 -2.7589943429e-01 -9.9228074351e-02 -8.3317607329e-02 -9.7134190503e-02 4.0819750654e-01 1.0033304521e-01 -2.3155585210e-01 -1.1451832041e-01 -1.9249777952e-01 -7.1610930695e-02
-2.0374712118e-02 -2.0056812076e-01 -1.7991317560e-01 7.0249769559e-02 5.6545118282e-02 -1.8227816234e-01 5.0592379167e-02 -2.7308572897e-02 2.2092406703e-01 1.7195347326e-01 5.5635259369e-02 8.5155401101e-02 2.7545461162e-01 1.7634402879e-01 -2.2036596860e-01 -6.0347638972e-02 2.0722320610e-01 -2.4088317394e-02 2.8936613491e-01 7.3324735242e-03 -2.1527932521e-02 -1.3387780570e-01 2.2884642246e-01 3.6862850670e-01 -9.1281157678e-02 3.5196499970e-02 -1.0037172992e-01 3.0505616040e-02 1.7820063279e-01 1.3323779559e-01 1.6034810232e-01 -7.9101910673e-02 -1.4888638381e-02 7.6679050595e-02 -2.5764532342e-01 -1.5694183552e-01
2.7352582359e-02 6.5114039494e-02 8.1633139740e-02 6.1102932686e-02 -1.2110389653e-01 2.8755956022e-01 2.9253684911e-02 -1.7447870918e-02 3.2996222216e-01 6.7446603678e-02 4.8890390041e-02 -3.0191917093e-01 -5.1378261321e-02 2.5117737849e-02 9.5306892645e-02 -4.0158978269e-01 2.1917145090e-01 1.7712787882e-01 -9.3661751616e-02 -9.9379274206e-02 8.1170593575e-02 -4.6944424750e-02 7.6347833053e-02 2.5038536793e-01 1.3069664790e-01 -6.4039425560e-02 6.9498951360e-02 -3.0171323822e-02 -3.2577153787e-03 1.0311184730e-01 3.1252076681e-01 -1.5254666242e-01 9.3596559811e-02 8.6968531194e-02 -5.7008781787e-02 -2.3637795631e-01
-3.2004540190e-01 -7.5058219503e-02 1.5304166310e-02 -2.4084621163e-01 7.3000978964e-02 7.5404829776e-02 1.4634829167e-01 -8.9917699931e-02 1.0593700558e-01 -9.8255969261e-02 -3.8905019023e-01 -8.7789129047e-02 2.0151926549e-01 -1.0072312239e-01 -5.0960224715e-02 -1.8510862626e-01 3.9250122389e-02 5.3250727977e-02 -3.0726200443e-01 2.4721511421e-01 -9.7861276669e-02 -1.0858043291e-01 3.4003226314e-01 -1.5649960366e-01 -1.4151077880e-01 4.4993271291e-02 2.7338943655e-01 2.0409514848e-01 9.3957140616e-02 -1.0690382927e-01 9.7308074992e-02 2.9744925647e-01 3.1289369865e-02 3.2316947065e-01 1.7354584220e-03 3.4984642958e-02
