8.5102003412e-01
-1.1705649402e-01
3.2208268915e-01
-1.7277663810e-01
1.5161839001e-01
-5.8868314676e-01
1.4722676532e+00
7.3482750652e-01
-1.0272646049e+00
1.4143282631e+00
1.1130727839e-02
2.1463857475e-01
-7.1996872067e-01
2.0696673404e+00
-4.8341400168e-01
-7.3504264110e-01
1.1082170679e+00
1.1014693382e+00
-4.7203243542e-01
2.5798076869e+00
-7.5218468853e-01
3.6174305369e-02
-1.6711188249e-01
1.6046569779e+00
9.2953305868e-01
1.7608253557e-01
4.2101392034e-01
7.5826204886e-01
1.3567903211e+00
-1.1457972181e+00
1.7148387279e+00
