9.1791698862e-02 1.9614313401e-02 -1.2346371764e-03 9.0199319819e-02 -1.1834525092e-01 -5.5889192518e-03 1.6246776202e-01 -3.8626926137e-02 -3.0490710752e-02 1.4928943793e-01 1.1467149091e-01 -1.3729450191e-01 -8.5013751524e-03 7.5805051609e-02 1.5877113785e-01 -9.4149163698e-02 1.2346928194e-01 1.5052986885e-01 8.6971239660e-02 -1.3787406289e-01 4.7737902625e-02 1.3626817123e-01 1.1088703939e-01 -2.8590495215e-01 1.2871456992e-01 1.6074478428e-02 1.7012361597e-01 1.7811781493e-01 -2.1759334984e-02 -6.1559557530e-02 -3.3412093371e-02 1.2713332349e-01 -1.3312480488e-01 -2.1460362464e-01 -3.1396789057e-03 1.9324906140e-01 -7.2683229622e-02 4.4006186244e-02 2.1414893433e-02 -4.4891358856e-02 3.1515711227e-02 3.0376961450e-03 2.3620712390e-01 4.4096486639e-02 -2.7284174466e-01 1.6592995328e-02 -1.9268584568e-02 -6.2871021128e-02 3.1063170618e-02 9.0506824955e-02 -1.3786663321e-01
3.5768420637e-01 1.8226847334e-01 -2.3577565347e-01 1.1678243027e-01 -1.9735676199e-01 -2.3517561570e-01 -1.0162731933e-01 -4.1184365775e-01 -3.0192952287e-01 3.0482525295e-02 9.0718968707e-02 -3.9172627571e-01 -4.1807748064e-01 2.9656927896e-01 4.6880390765e-02 1.5758966795e-01 3.2467309925e-01 9.1382634938e-02 2.2910516366e-01 -2.8636520332e-01 -1.3366993705e-01 -3.1822327396e-02 -4.7914997384e-01 -6.7289229594e-02 3.5094048806e-02 1.3711512553e-01 4.7127168858e-02 -6.1193249931e-01 -5.9763137846e-02 1.7312461623e-01 2.1016417567e-01 -2.1756496429e-02 -2.3113016310e-01 -2.5087953501e-01 -1.6351039730e-01 1.5102899969e-01 8.5810188317e-03 -2.6985188190e-02 2.8123045471e-01 -4.7810806069e-01 -5.7200392199e-02 -3.3124204253e-03 -2.0278027239e-01 -6.4660012266e-02 5.0149039462e-02 3.6689886406e-01 -2.3822083908e-01 6.7043075104e-02 -1.7092724822e-01 1.1774044742e-01 2.0535542074e-01
1.1367028677e-01 -7.0224987020e-02 1.1863961683e-01 1.2002426904e-01 1.9655569690e-01 -1.2735193152e-01 -1.6765730493e-01 1.6321257759e-01 -4.0479551461e-02 2.2119735796e-01 -4.4089108042e-02 -7.7836174035e-02 1.9335285502e-01 3.1432740864e-02 1.7738486374e-01 8.5738436015e-02 2.5480052755e-01 6.4197954017e-02 3.0511381916e-01 2.8431329865e-01 2.6384034554e-02 6.4834593860e-02 1.7077953656e-01 -4.8633623560e-02 -2.5655251569e-03 -2.5040483554e-02 9.4716317912e-02 1.2192264251e-01 4.6022949752e-01 1.8203481555e-01 9.9770580906e-02 -1.0615223571e-01 1.2337990700e-01 9.0167380069e-02 2.2877260707e-01 -3.2460938970e-01 1.6657580045e-01 5.4887795464e-02 -1.3025123707e-01 1.9431988470e-01 8.3468954716e-04 -1.1276116544e-01 -6.2104848497e-02 2.0799796266e-01 -1.2253017324e-02 4.6954736917e-02 -4.4805285212e-03 4.7287734270e-02 7.1244049838e-02 8.6541997689e-02 8.9562164256e-02
-1.7193487953e-01 -1.5622142771e-01 1.7041661172e-02 4.5205885665e-01 -9.9570589889e-02 5.0084888212e-02 -2.8783868964e-01 1.5292618810e-01 9.6601585761e-02 -1.4262587841e-01 -1.5768937822e-02 -1.1804317161e-01 1.6417216882e-01 7.3392809096e-03 3.0940958091e-01 -4.4627614165e-02 -5.1563182633e-02 -3.6891252353e-01 -6.2254363500e-03 -2.4638177653e-02 -9.6983621654e-02 -1.3923143094e-01 1.8764455326e-01 2.2588198095e-01 -2.0911259204e-01 1.2699394588e-01 -1.2237192337e-01 -7.0794197457e-02 8.0197500024e-04 -7.7555620515e-02 -3.2866230786e-01 3.0468373060e-01 8.3582554399e-02 4.0205442709e-02 2.9639690016e-02 1.6639092365e-01 -5.1327970229e-02 -1.0548324392e-01 1.6378191169e-01 -1.7417820613e-01 2.2888358284e-01 4.1784351638e-01 -1.6205007933e-01 1.9565607670e-01 5.9682662919e-02 1.2460005408e-01 6.0611925277e-02 -4.2008515984e-01 8.8603688036e-02 2.7460290999e-01 -7.0899304272e-03
3.0583410448e-02 2.3418595736e-01 -1.0717060859e-01 8.7726577447e-02 -1.5621485019e-01 -8.8918917643e-02 1.0065289881e-01 -6.3219673815e-02 -6.4328937568e-02 -3.9151517097e-02 2.7399589050e-01 4.7418461411e-02 -1.0437729765e-01 -1.1060860013e-01 -5.1212251982e-02 -1.7795340231e-02 3.2621804111e-01 1.1579021128e-01 9.4788541998e-02 -2.6675665849e-03 4.3396127333e-02 2.0815888723e-01 -2.6185416758e-01 1.6796371221e-01 -1.3844820254e-01 1.8974645560e-01 2.8218317633e-02 9.6094586406e-02 1.6421576114e-01 2.1231813783e-01 -1.4655845673e-01 1.5155657523e-02 -6.4977708993e-02 -2.6324294293e-01 -4.9817706952e-02 1.3909487340e-01 -3.3489334080e-01 1.3312470531e-01 -1.3225306412e-01 -2.8858088923e-02 -1.5410415167e-01 4.5914816203e-02 -1.2417455328e-01 1.3175548295e-02 4.9654610434e-02 -1.7522992640e-01 1.8745053460e-01 -6.1849530839e-02 -2.8328190834e-01 9.3360575970e-02 -2.4837753673e-01
1.3449543405e-01 7.9445266805e-02 -1.4962449076e-04 1.4300293511e-01 -6.8970691174e-02 -2.3460044180e-02 -6.3162536382e-02 2.1711877339e-01 1.2881950914e-01 1.8418436779e-01 1.8808909906e-01 5.7734565785e-02 1.5866146404e-01 3.2837112705e-02 -5.8993396545e-02 5.3923079720e-03 1.2977911170e-01 6.8266917287e-02 -5.3713178923e-02 2.4038239899e-01 2.8253149201e-01 3.0936915809e-01 2.1357547327e-02 3.2597771250e-02 2.3117534488e-01 2.0651732900e-01 1.5681673697e-01 -5.8272356187e-02 -1.3772444152e-01 2.2161940788e-01 -4.8777254452e-02 -3.2170147021e-02 -1.6403046190e-01 -5.1367931756e-02 7.2103299273e-02 -4.8918466979e-02 1.2633340977e-01 2.2727194374e-01 -2.8714901123e-02 5.8062590648e-02 5.2653437870e-02 1.6779479720e-01 -1.1287019949e-01 2.4562677859e-01 -6.3951793557e-03 1.1930193089e-01 6.6134160606e-02 5.0193642883e-02 -1.5610739581e-01 4.4458756773e-02 5.9205472346e-03
-1.4735379502e-01 1.6725782680e-02 -2.6423869607e-02 -5.4862780928e-02 1.6450722925e-01 4.2841596746e-02 3.1057579371e-01 -5.9701140375e-02 -3.0918022064e-01 -6.6970523126e-02 5.1631759992e-02 5.0209593483e-02 -1.1383396672e-01 -2.6293242717e-02 -3.5855505763e-02 -3.7120571514e-02 -2.7362608484e-02 2.9666566477e-01 3.2067146467e-02 7.6652757042e-03 1.8234587839e-01 7.8555944401e-02 -2.9434934343e-02 2.4869545441e-01 4.7391716722e-01 -2.0532550218e-01 -1.6562939517e-01 -2.8284244941e-01 3.0748816009e-02 3.3949402647e-01 7.4298652934e-03 -1.5114465082e-01 1.9650519055e-01 1.6475103708e-01 1.2219238669e-01 -7.7008946069e-02 -1.2469943491e-01 -2.5049931803e-02 -1.4341324337e-01 -1.8173897419e-01 -1.1325965215e-02 1.4083352401e-01 1.4163017229e-01 2.4581339875e-01 1.0650208684e-01 -1.0035001156e-01 1.7248720437e-01 -9.3314891733e-02 5.0638491026e-02 4.0733420874e-02 2.9963239100e-01
-3.4684094154e-02 2.5325598891e-01 3.7499623292e-01 4.7006034274e-02 1.2892845155e-01 -5.7131609889e-02 1.6965782796e-01 -4.6673546551e-01 -1.8173455354e-01 -2.4589013215e-01 -1.6190634753e-01 -1.1492266931e-01 -3.5222720082e-01 -7.3934307395e-02 1.8617912308e-02 1.7264629432e-01 2.8829894034e-01 -3.3456761094e-01 -7.0612904371e-02 -2.7719826573e-02 -3.0561544657e-02 1.3673563866e-02 -9.1736871270e-02 -6.3102252631e-02 -3.0209504770e-01 -1.6702514321e-01 -3.1168704222e-02 -6.0814126784e-01 1.5059735409e-01 -1.6281561963e-01 1.7153846195e-01 -5.4757593884e-01 -1.6937472899e-02 -4.7670991140e-01 1.2755186593e-01 3.1830825979e-01 -6.6954692727e-03 2.5013127562e-01 -1.4678070223e-01 -8.7864211310e-02 -2.7129337722e-02 -1.8902494445e-02 1.3120966976e-01 -2.4045112069e-01 -9.3969048336e-02 -4.5999148502e-02 1.6337714762e-02 -5.3937799767e-03 7.6387309732e-02 -2.8225077217e-04 -6.9522871784e-02
-2.2350342513e-01 4.1172531746e-01 -6.9852357576e-03 1.2887474961e-01 -1.2160659110e-01 2.7413257684e-01 2.8765568795e-01 2.6050023756e-01 4.6037011953e-02 1.6581992125e-01 -4.7734122685e-02 7.2930834969e-02 -1.1997700576e-01 -4.5376558510e-02 2.0616179696e-01 2.3887647934e-02 2.1796390744e-01 1.4672489771e-01 3.8929045780e-01 2.7940500167e-01 7.2373298420e-02 -6.0386520181e-02 -1.8768856449e-01 8.9858676691e-02 -1.5490608986e-01 1.2185732651e-01 -1.4451363262e-01 3.9118944871e-01 -1.0268023873e-02 -1.2169743487e-01 4.7113866212e-02 7.3342972212e-02 9.8288487014e-02 2.7545243581e-01 1.1398337287e-01 4.1826136862e-02 7.9498620687e-02 2.5426467339e-01 2.0464539025e-01 1.5587099429e-01 7.7454409648e-02 -8.5054271061e-02 2.2635516782e-01 -5.4345272026e-02 -4.1913826651e-02 5.6694748997e-03 4.6453447027e-01 2.2095786686e-01 7.1744963884e-02 1.2884461157e-01 7.2764118772e-02
1.1965247876e-01 -2.9915680048e-02 5.0072629828e-01 5.3492217959e-02 1.6699920463e-01 2.9812076576e-01 -1.7731160527e-01 1.8875513513e-01 1.9064903655e-01 1.2608951562e-01 8.7705528163e-02 6.8730028633e-03 2.9362711378e-02 3.4159504349e-01 5.0790043106e-02 1.4646620424e-01 1.8694423188e-01 1.2289303323e-01 -1.1064826888e-01 -1.3134079812e-01 -1.7776527656e-01 -4.3126819362e-02 1.5981130340e-01 6.4770613774e-02 -1.6928873738e-01 1.8457840446e-01 -1.6469148272e-01 2.4579200117e-01 1.4094350091e-01 -1.2426504389e-01 -4.6922673057e-02 1.5029403977e-01 -1.5936812431e-02 2.7725211450e-01 3.0363043101e-01 9.2371904463e-02 4.2331712018e-02 6.1829150189e-03 4.8476391875e-03 9.1125418532e-02 3.6337582971e-01 2.9918853285e-02 -1.0979039488e-01 5.4478248313e-02 1.6709751998e-01 1.9698370124e-02 -1.7767289392e-01 1.1327752940e-01 -8.2749441234e-02 2.3503708074e-01 4.7519518281e-02
-1.3060839494e-01 1.3428426070e-01 -1.1986517984e-02 -1.5162528034e-01 1.9537952579e-01 1.2817205736e-01 1.4881532109e-01 1.9323598518e-01 -1.8725465426e-01 1.7841644849e-01 1.4681732186e-01 7.9871517053e-02 2.9408344067e-01 3.2165464995e-02 3.8495393427e-02 1.1621989544e-01 -1.2419369379e-01 2.9586099799e-01 2.7611206435e-01 5.6921383571e-03 3.5588322110e-02 2.9267939490e-01 1.7870868518e-01 1.2004013607e-01 4.9008397971e-01 2.4321672253e-01 1.4002042812e-01 1.7010500485e-01 -1.0029303108e-01 9.6496693745e-03 6.3507960149e-02 -1.1539179120e-01 1.0762415801e-01 1.3094930971e-01 -1.6708603162e-01 2.4173563687e-01 2.7751930522e-01 -3.4093795564e-01 -2.3425332100e-01 1.5790482309e-01 -8.6204859483e-02 1.2964528347e-02 7.1727347631e-02 -2.1753666606e-01 -3.1917061464e-02 -9.9366675135e-02 5.2324071148e-02 2.1374608798e-01 -1.0771956610e-01 -3.3506256519e-01 2.0202058959e-01
-1.6953078076e-01 1.4180363739e-01 -1.0624557083e-01 -5.6040490926e-02 -1.0587160363e-02 -1.5599214702e-02 -2.7186886819e-01 3.0254704468e-01 -1.9230059408e-02 4.8245640094e-02 2.5167795935e-01 -4.6472834075e-02 -1.6892157034e-01 -5.8638661471e-02 1.2839341280e-01 -1.3616289216e-01 2.5396329112e-02 7.4025849376e-02 1.5300096607e-01 -3.6549821908e-01 -1.7367680002e-01 1.1022323017e-01 1.7438260026e-02 2.9623748647e-01 -6.7738481080e-02 5.1117127179e-02 4.4180570885e-02 8.3610589209e-02 -5.9213524453e-02 -1.1453066426e-01 6.4318625220e-02 5.0173654946e-02 9.9997936511e-02 -2.2630372649e-01 2.2107593513e-01 2.4234779313e-01 -1.1642276801e-01 -2.3297536960e-04 -4.9906084695e-02 -2.2299022820e-01 -2.2460009467e-02 1.0792690132e-01 7.9796157227e-02 2.4343046898e-02 1.1062495455e-01 9.0546992412e-02 -1.6825678126e-01 -2.1983270193e-01 4.7615852326e-02 3.7290485550e-02 1.5042447036e-01
-5.1775166830e-02 8.0223355189e-02 1.8767446409e-02 5.0710392873e-02 9.8657864605e-02 -1.2131015017e-01 -1.7894242534e-01 -7.5542180916e-02 1.3962967775e-01 1.6453359993e-03 2.1885290656e-01 9.9826532770e-02 -2.5139574135e-01 3.2119461700e-01 -2.7338529371e-01 5.5080214501e-02 7.7844269821e-02 -2.1801683150e-02 1.5535040554e-02 2.4994634732e-01 2.4487088756e-02 -2.2208756457e-01 -3.8358027118e-01 4.3347061334e-01 -8.1261642108e-02 8.7979012351e-02 2.0545248002e-01 -4.7197108471e-02 -1.5453344035e-01 3.2044902336e-01 8.3079796357e-03 -3.7517484996e-02 -1.5950769219e-01 1.2668369403e-01 3.2604107610e-02 -1.7245381997e-01 -3.5596173336e-02 1.0159030642e-01 7.7161687757e-02 -1.5491067500e-01 -6.1012332729e-02 2.5109168588e-02 -1.8477036052e-01 1.5885395321e-01 4.2758947819e-01 -1.2526402377e-03 9.2531414206e-02 1.9309556705e-01 7.3177380792e-02 -1.1379466239e-01 2.9331552567e-01
2.4668666318e-01 -1.8350428062e-01 6.4992125016e-02 -5.0731822514e-02 -3.6329992810e-01 -1.1127060413e-01 7.3653976458e-02 3.2475433927e-01 2.2500303191e-01 -1.2457841429e-01 1.2013344791e-01 9.7133013180e-02 1.9566619232e-02 -2.3736993594e-02 1.9763653713e-01 -2.6411745914e-02 2.1823464190e-01 -4.7597972794e-01 2.2567285482e-01 1.7045838478e-01 -1.2987091830e-01 1.0241287086e-01 -6.6607905783e-02 3.7619823451e-02 2.6777040657e-01 -6.1705446747e-02 2.5429717978e-02 1.2432843143e-01 8.2552802591e-03 -2.6992169170e-02 4.9985915103e-01 -4.9917352026e-02 9.5294078134e-02 1.6851678400e-01 -1.0082102630e-01 -4.0608728295e-01 1.8180219719e-01 1.1623827665e-01 1.6931993332e-01 -1.5670147541e-01 4.6905399631e-02 -2.9995132679e-01 1.6829389475e-01 -1.5715680949e-01 -6.7360424716e-02 3.3328706415e-01 -2.2925123296e-01 4.7052251742e-02 1.8179499263e-01 -1.2809305579e-01 1.5697835468e-02
-1.5410333366e-01 1.5426388745e-01 -1.7518023404e-01 1.5735630039e-01 1.4717969538e-02 5.5730068506e-02 -5.4824159113e-02 5.8109162963e-02 2.0151329415e-01 -1.7578227542e-01 -1.5949262176e-01 1.3082486916e-01 1.8123187743e-01 1.4987745283e-01 -7.8389299309e-02 1.6422045157e-01 3.4980046528e-01 -1.4954014563e-02 -2.6636866283e-01 -6.8648691002e-02 -1.4373654762e-01 1.6913547092e-01 5.3095935757e-01 2.2984916844e-01 2.8589692758e-01 -7.0224196427e-02 -3.6074322790e-01 6.6070920472e-02 9.7900138887e-02 2.0864218641e-03 4.8289336288e-02 6.3746011800e-02 -1.0196255898e-01 -2.3245897401e-01 -3.9833913088e-01 5.1999658093e-02 -1.1192934058e-01 5.4087106869e-01 -5.1811582107e-01 -1.2121432987e-01 -6.5212647108e-02 -2.0571343134e-01 5.7603407686e-02 1.2584165449e-01 9.3556397945e-02 -3.8693598729e-01 2.5546377875e-01 1.9341194240e-01 -6.0558944565e-03 -7.9808741812e-02 4.4248646903e-01
-2.8905684221e-01 -2.3237413187e-01 -1.5657197152e-01 -4.3061084107e-02 -7.6808364301e-02 1.5759494395e-01 -1.3676744779e-01 1.4762607848e-01 1.0791089369e-01 3.9885379456e-01 -8.2198477329e-02 1.3815204131e-01 -7.8942622107e-02 -9.7456651923e-02 4.3414483005e-01 3.0967759796e-01 1.7013388189e-01 1.7112397960e-01 9.2715810861e-02 9.9599375137e-02 -2.3919634513e-03 1.0140641544e-01 1.8907691803e-01 -5.9791196097e-04 2.4438152187e-01 -2.7651791100e-01 3.7846546796e-01 -1.6338964844e-01 2.2493171949e-01 5.0010485048e-02 6.3431876761e-02 9.0938614485e-02 -2.6831124583e-01 -3.3963407021e-02 -3.6149056649e-01 -4.7337606021e-01 -7.4087062926e-02 -1.2042923368e-01 1.4675776955e-01 1.4786572409e-02 2.5749625071e-01 -1.4780324807e-01 2.7896047036e-01 -3.0496529881e-01 3.9189450961e-01 1.8427412094e-02 5.2610906834e-02 6.1075282051e-02 -8.5102323502e-02 3.5367565184e-01 -1.4965120312e-01
1.0830210210e-01 -8.6753315548e-02 -1.8245651438e-02 2.0234883772e-01 1.7816324706e-01 6.5739271378e-02 3.9341778157e-01 5.3474176411e-02 2.3248917884e-01 2.2597034168e-01 -1.6448984471e-01 5.2466718914e-01 -7.8038778648e-02 1.9806785119e-01 3.5195969825e-01 3.6924183616e-01 -1.6826653021e-01 -8.5320082987e-03 1.0303370300e-01 4.9783080346e-02 8.6692348836e-03 3.4585260330e-03 -3.3472564566e-02 -3.2781075371e-01 1.9201448689e-02 9.1006328393e-02 1.8672535058e-01 9.4611829991e-02 3.1200604292e-01 -1.2966072914e-01 -1.2796244383e-02 -3.5567234639e-01 4.2574648651e-02 1.4077468203e-01 1.4582910289e-01 -1.9317813293e-01 1.1484690932e-01 2.8405720798e-03 2.0182472294e-01 -1.6875666728e-01 -6.6644341751e-02 7.1615762585e-02 2.6012318699e-01 -1.8198761731e-01 7.8776725071e-02 -3.1704916840e-01 -2.6058760530e-01 -6.4210125720e-02 -2.1980078853e-01 1.2156225591e-01 -9.0564750928e-02
-6.0241856370e-02 2.8403717951e-01 -2.1125136056e-01 -5.1078571385e-02 -1.1637317072e-01 1.1496398450e-01 2.5048555819e-01 1.2844443579e-01 -1.1177423478e-01 2.4376890325e-01 1.9893367419e-01 1.0274927084e-01 -4.2993596684e-02 7.6430543753e-02 -1.6819254569e-01 -1.2094574247e-01 1.5969694542e-01 4.8919465067e-02 3.5373450317e-02 -7.9328645668e-02 -2.0218028681e-01 7.7687423814e-02 -1.6123376596e-01 -1.1270106003e-01 -4.0674498806e-02 8.4489376745e-02 -2.0109068352e-01 -3.3536684123e-01 -1.1475032589e-01 1.7587582471e-01 -1.5780995858e-01 -2.2316484574e-01 -2.9345281187e-01 -1.4607116032e-01 1.0952215315e-01 -2.3232119111e-02 1.5204830113e-01 1.0206812942e-01 1.9149893623e-02 -1.7476553216e-01 1.4732684473e-02 7.7657219716e-02 -7.5995796032e-02 1.4009284174e-01 -9.3532812185e-02 6.8871741206e-02 3.8593224892e-01 8.2121861204e-02 -1.2467544608e-01 3.2196094521e-02 1.4231183866e-01
-1.0010729952e-02 -6.6378093520e-01 -1.4649148535e-01 3.7832749162e-01 3.9813955864e-02 -1.8517581514e-01 -2.0201778428e-01 -2.5131968320e-01 -2.3251706339e-01 8.0145986718e-02 -8.7621839236e-02 9.0965720790e-02 -3.6807285130e-02 1.6547983205e-01 -2.3054723811e-01 4.5499679770e-02 -6.6130936429e-02 3.5874963050e-01 -4.0238267440e-02 1.0398801734e-02 2.0389081835e-01 -2.4323372042e-02 -1.4240924287e-01 -1.6618101591e-02 -1.2605563294e-01 -6.3941308242e-02 6.9225749666e-02 -1.5831718991e-01 -4.5074437677e-01 -2.0428085509e-01 -1.0560404298e-01 2.1922427997e-01 -2.5284391934e-02 6.9566869788e-02 1.2273124326e-01 -1.1536434137e-01 1.2918773480e-01 -5.1786886732e-01 -1.1627517654e-01 -1.0777381647e-01 8.2230480042e-02 1.6177231184e-01 4.5396597840e-02 8.4983220983e-02 1.4869173385e-01 6.1565094885e-02 -5.0226783373e-02 2.2099301533e-01 4.0270161957e-02 2.2482247235e-02 -2.2435415940e-01
-1.6840684454e-01 -2.1226788481e-02 1.6142853969e-01 -8.1402036247e-02 -5.3570286092e-02 9.4715304213e-02 1.3421654325e-01 -8.8083259565e-02 3.7733998623e-02 2.9137331351e-01 -2.1078290280e-01 2.3089049955e-01 5.1672370803e-02 -1.1976234070e-01 5.3780854621e-02 1.3327736506e-01 2.3966550427e-01 -3.1432324826e-01 1.2493018679e-01 3.5446347170e-01 -6.2788087007e-02 -1.4354356264e-01 3.8259762243e-02 3.4684839285e-02 6.7365495481e-03 -1.7507155068e-01 1.8843986892e-01 2.1496763171e-01 1.2514522139e-01 3.7575430589e-03 -1.6540890836e-02 2.6580260541e-02 -3.5428392019e-02 3.8020625082e-01 -6.6037681154e-02 4.8148192569e-02 1.7388292064e-01 1.4040143338e-01 -3.3993703486e-02 -3.8544030173e-02 1.3425205202e-01 -6.4485257626e-02 2.0260285274e-01 3.5487217574e-02 -3.0768087712e-01 2.1050391872e-01 3.5585893260e-02 1.7978250761e-01 -3.2279537881e-02 4.4175511877e-02 6.2365753113e-02
1.1983139158e-01 -4.2994692270e-02 2.0026417134e-01 -1.9727446968e-02 3.7855688739e-02 3.7233188443e-01 1.4305326185e-01 4.3752091775e-02 -2.1198358611e-03 2.9930060336e-01 2.3874632143e-01 -9.9841426359e-02 4.2556354999e-02 -1.5783577088e-01 1.7003404793e-01 -9.4615492963e-02 -2.2159703687e-01 -1.6331578312e-01 -7.5728892999e-02 -5.1443522197e-03 5.6459604857e-02 -1.4403675665e-01 -2.5887814315e-04 -1.2081227847e-01 -3.4631478947e-01 1.0153441455e-01 4.7440067304e-01 9.6543228724e-02 2.5371356740e-03 1.3623278925e-01 2.2023152578e-01 -2.6731346397e-01 3.8381656309e-01 1.9425776670e-01 4.7862144594e-01 1.5710304552e-01 1.0350446838e-01 -4.2965567559e-02 4.1877506202e-01 2.7409797501e-01 2.6284130157e-02 -5.4513234008e-02 -2.1374389217e-03 -2.0367323894e-02 -1.2283623076e-01 1.5004122189e-01 -4.5725341528e-02 -9.5132312859e-02 1.4365199282e-01 -5.4611566344e-02 -1.7175342180e-01
2.1415287222e-01 1.1709791891e-01 1.6196786998e-01 -5.5942284183e-02 2.9587307869e-02 1.8427965017e-01 1.9008977937e-02 6.4517855543e-02 2.2757628692e-02 -2.0747693391e-01 7.6688871177e-02 1.5699908418e-01 -2.2338989810e-01 9.9461191199e-02 1.8246886537e-01 -2.7310504225e-01 8.7885980658e-02 1.3374862388e-01 5.5491763179e-01 3.2272602558e-01 -1.2074832871e-02 1.3522351005e-01 -7.5985360263e-02 -8.9204033594e-02 1.5138486630e-01 -8.9401387185e-02 6.3466580738e-02 5.1902872539e-02 3.3518208008e-01 -1.5272673742e-01 -6.8251741431e-02 -1.0036043706e-01 1.8881323383e-01 -2.6309781351e-01 -1.1784764981e-02 -5.9360537776e-02 1.0612913823e-02 8.3148943420e-02 -5.0409242522e-02 8.1570723328e-02 1.1674528600e-01 -4.0316773658e-01 5.9559995612e-02 1.5649895217e-01 6.9882065623e-02 2.0282163100e-01 1.5170947821e-01 -1.6151972381e-02 1.2244906222e-01 3.7712006000e-01 -1.0453275689e-01
-2.4582314024e-01 1.1419586333e-01 7.9058660366e-02 -2.1203348861e-01 -6.5171451269e-02 7.3115931834e-02 -8.7288117404e-03 -3.1643204093e-02 1.5406901576e-01 1.9844209032e-01 1.8409278861e-01 -9.0343017021e-02 1.4385636236e-01 1.7691689484e-01 1.5566160691e-02 1.7898275433e-01 2.9859332929e-01 5.0786813458e-02 7.0783874276e-02 8.6958852187e-02 3.3165275985e-01 1.2748132927e-01 1.0874426111e-01 1.1303729700e-01 -8.4842825786e-02 1.6908277717e-01 1.7434885822e-01 -2.0996683457e-02 -2.3185258560e-01 -4.3303131600e-02 -2.9105966836e-01 -1.1274207562e-01 -4.5397887590e-02 5.7936252321e-02 -1.1566382947e-01 2.8348552480e-02 -8.4523315825e-02 -2.8282105498e-02 -1.1838177271e-01 1.4521967260e-01 -1.5122427044e-01 2.0392655722e-01 1.6862601118e-02 2.9686804245e-01 1.2852819453e-01 -1.9061508507e-01 -1.3164771446e-01 -2.0457481109e-01 -7.3766810045e-02 -1.6293733305e-01 -8.4770554297e-02
