-6.9785323717e-01
1.8800193961e+00
-4.5531552598e-01
3.5107798866e-01
8.3440693754e-02
-7.3455812581e-02
-9.0312817499e-02
1.3332512553e-02
1.5651910337e+00
2.6008125804e-01
-1.3594508910e-01
-8.0400618008e-01
-1.0433890579e+00
4.9701653156e-01
9.8980658838e-01
4.7101521205e-01
2.2050186824e-01
1.2489973007e+00
9.9399778293e-01
-1.9963570303e+00
1.8716968694e-01
1.3763257225e+00
-1.1568314895e+00
3.8100374463e-01
7.9401952281e-01
9.3472224341e-01
4.3175929747e-01
1.4104114004e+00
-3.4835114111e-01
5.6892601221e-01
-3.6542384003e-01
-1.2067187085e+00
3.9029333993e-01
-4.4440400254e-01
-2.7456748423e-01
6.5081033412e-01
-2.0650967227e-01
-2.0942675004e-01
3.4046197829e-02
2.6893664197e-01
1.2096977324e+00
1.6184553428e+00
-5.9293171728e-02
-1.0282627391e+00
8.3588569220e-01
1.0421787130e+00
2.8238366889e+00
7.9695048206e-01
-1.8317939453e+00
6.8006800718e-02
-2.3040942324e-01
5.8452643808e-01
-1.4148074074e+00
1.0427488366e-01
-5.4371117346e-01
7.1666182770e-01
7.7494088792e-01
3.1049520497e-01
3.3257713744e+00
1.0620482242e-01
5.1033632935e-01
-1.5989447809e-01
-5.8792557320e-01
-7.2226847641e-01
-2.4474119563e-01
-1.4238817819e+00
-1.7987643950e+00
-2.4339646937e-01
-4.4801362050e-02
-3.5392980165e-01
6.2787000882e-02
4.7554907992e-01
-1.7174094985e+00
-8.7629461710e-01
1.4365085447e+00
-1.2029785251e-01
-3.9553900708e-01
-2.1346933371e-01
-5.0460399525e-01
-8.4265284782e-01
-1.0597663466e+00
1.5913017749e-01
-7.1745390679e-01
-2.0156929313e-01
-8.4841388603e-01
2.5659298112e-01
-4.8074940198e-01
8.0178958089e-01
-2.2753924669e-03
-8.3414233407e-01
1.7138713713e-01
-8.1199578186e-01
1.0277600414e+00
-2.0320111503e-01
-2.7335406027e+00
-9.9662139134e-02
-1.3030049481e+00
-3.6628831228e-01
2.4263684310e-01
3.5936387949e-01
9.9595209109e-01
-1.4463724143e+00
-1.3515077667e+00
-8.1264696871e-01
1.4084105263e+00
-8.4602240485e-01
1.3863863521e-01
9.7305469464e-02
7.7248456596e-01
4.6561302987e-01
1.5184575726e+00
-4.0266834498e-01
-8.9653191506e-01
1.2286730081e+00
-5.6773162723e-01
3.0746552169e-01
2.0404602767e+00
1.1391264546e+00
-5.3259488900e-01
2.2277056925e+00
-1.9187902642e+00
-3.5406970640e-01
-4.0962383448e-01
9.1975679137e-01
-2.6832273577e-01
-1.4655288071e-01
-3.4374362786e-01
-9.9716492401e-01
-3.2848080670e-02
1.9395547927e+00
1.1026852224e+00
-1.2062033440e+00
-9.5636151421e-01
-1.5860129429e+00
-1.7903408378e-01
1.6923889473e+00
-1.7042399003e+00
2.2449263245e+00
