-8.9493070111e-01
1.3830092131e+00
2.1523157853e+00
-4.2012151890e-01
-4.6522851213e-01
-2.3232421134e+00
1.0751280524e+00
2.0396261268e-01
1.6951560006e-01
-1.2181718728e-01
6.0244523419e-01
-9.9818842689e-01
-9.6688728443e-01
-1.0121656941e+00
9.2651328436e-01
-5.4390895604e-01
1.1966019744e+00
8.9454819262e-01
-4.2549498375e-01
1.8367514063e-01
1.9736695438e+00
-9.0273971353e-02
6.8307488805e-01
-3.9277352549e-01
-1.1707155443e+00
-2.7306944282e-01
3.6231518096e-02
3.1125156449e-01
3.5233024689e-01
-1.1498066203e+00
6.9096240824e-01
-3.4825074932e-01
1.1124818984e+00
-1.2757915047e+00
-5.2227927640e-01
9.6179194263e-01
-5.6284796705e-01
4.7723052507e-01
1.4171432378e+00
-5.7489488982e-01
1.5881130818e+00
-9.9792758335e-01
-5.6509545957e-01
2.7067641584e-01
2.6223335094e-01
6.5924895914e-01
8.0978741050e-01
-6.8915142253e-01
1.1627717590e+00
4.4046108493e-01
-1.5474625977e+00
-4.9070694977e-02
1.8637421533e+00
-7.2163207739e-01
9.8032428948e-02
-5.5197505516e-01
-1.3082118368e+00
-1.0659348163e+00
-1.8079900119e-01
1.2008726798e+00
-3.7149784541e-02
1.3959594126e-01
-4.4080900019e-01
1.2638797830e+00
3.9758514491e-01
1.5491391800e+00
-1.3217461152e+00
-5.5672115221e-01
2.5718920476e-01
-2.7721513706e-01
1.6474620959e+00
1.2066429293e+00
9.1674306656e-01
-7.8145611939e-01
5.6655020914e-02
9.1506688980e-01
2.1567821228e-01
-2.7087423091e-01
6.9561945776e-01
1.6163183228e+00
3.4114994097e-02
-1.2227672926e+00
-3.3324808717e-01
1.2291086231e+00
-1.2646118185e+00
7.1734632066e-01
3.7219063792e-01
2.0971173531e+00
-1.0565408738e+00
-8.0343523194e-01
5.8837959046e-02
1.5822642874e-01
1.1133698016e+00
6.8208298345e-01
-3.2082453745e-01
-6.8119788084e-01
-3.5734778927e-01
2.1423760983e-01
1.7286744469e+00
2.1563737036e-01
9.8629145886e-01
-9.6519969778e-01
1.1557771251e+00
-1.0131569216e+00
-1.0552759416e+00
1.7720448373e+00
4.4655310549e-01
-9.4385730871e-01
1.3497520503e+00
-3.7736792092e-01
1.3485943362e-01
-7.8621934891e-01
4.7384649754e-01
-1.7921728756e-01
6.4440592300e-01
-5.3504114010e-01
1.5235200635e+00
5.1259348169e-01
-3.4243166097e-01
-9.7938609490e-02
7.6485783074e-01
1.3871302311e-01
4.7722034468e-01
2.0787296963e+00
1.3317271833e+00
-1.0015906008e+00
-7.8858383236e-01
7.3122119720e-01
-1.1801637935e+00
-1.6964557898e+00
-4.0230199018e-01
-4.7228403673e-02
1.1407373813e+00
