1.3953927793e+00
-4.2068877399e-01
1.8847592062e-01
-1.5752764040e+00
4.6721608601e-02
1.3868584411e+00
7.7457440934e-01
2.6816576451e-01
-3.4887275178e-01
2.9021140622e-01
-1.6778896546e-01
-1.9162666187e-01
7.7180216147e-03
1.5213569388e-01
4.9157949566e-01
1.0707185806e+00
3.0414697932e-02
-1.1560745870e+00
4.8497172152e-01
-3.9975509403e-01
-6.8214699353e-01
-8.1600580949e-01
-1.5013161368e-01
-5.6822908794e-01
2.4040888819e-02
3.8104915291e-01
5.8069008866e-02
1.1832193922e+00
3.7705180596e-01
-2.3105319884e-01
-1.3620435239e+00
5.8435012265e-01
-6.5869105814e-01
-2.5121834437e-01
5.6373737112e-01
3.0161181443e-01
-6.4894821370e-01
-2.6852630465e+00
2.0861281982e-01
-1.6617435414e+00
-3.1691593961e-01
3.6350520118e-01
-4.9264745823e-01
-7.5749580670e-01
-9.5626781960e-01
9.5210779292e-02
9.4725134285e-01
-2.6942643758e+00
2.5920697974e-01
5.6495878347e-01
2.3752751957e-01
-3.7360685425e-01
-3.7395453675e-01
4.3077603089e-01
-7.4935077511e-01
2.2166923517e+00
