2.1444453425e+00
-3.4292593409e-02
-1.7685694858e+00
-3.5301933407e-01
4.2879388838e-01
1.4391052486e+00
5.6785214334e-01
1.1465255582e+00
1.3399936173e-01
8.0836252217e-01
8.4067836813e-01
1.8302650127e+00
1.0056363974e+00
1.3726449270e-01
-1.5342255194e-01
-9.4482467603e-01
4.9442484505e-01
-6.9236928164e-01
1.1533239537e+00
1.7695150417e+00
-8.5513244775e-02
-1.7946261520e+00
1.4805634110e+00
-1.3185316707e+00
-8.2160406120e-01
5.7971734227e-01
-2.0372985712e+00
-9.1613080906e-02
2.1183046534e-02
-5.6142970409e-01
1.3693996505e+00
-7.8295589306e-02
-3.8588157883e-01
1.1678072278e+00
-4.7525808030e-01
-1.2008008736e+00
4.0714749231e-01
-4.5975628763e-01
5.4403069041e-01
-3.1737693728e-02
-5.0735327368e-01
3.8263173275e-01
1.6333216574e-01
1.1017294347e+00
-7.9200410305e-01
-4.6481160502e-01
-9.9576201363e-01
3.5398299556e-01
-2.0468078592e+00
