-1.6297396499e-02 -5.5385075594e-03 -1.8851106167e-02 1.3411724067e-01 5.7489129849e-02 1.4098803737e-01 -6.5012696648e-02 -3.6502154501e-02 -9.3138454921e-03 1.9665896263e-01 -7.0884142625e-02 -3.9417277952e-02 -6.6698620464e-02
1.4094546074e-01 5.3861010385e-02 -7.2699330678e-02 -2.3272123991e-02 6.8573466704e-02 1.0211451814e-01 5.8325948240e-02 9.8593374914e-03 5.7049103785e-02 -7.8047518989e-02 -1.7601804954e-02 9.4287799500e-02 -1.1568248020e-02
-3.7405607223e-02 -1.1807718347e-01 9.9103099228e-02 -9.4496693417e-03 4.8957479914e-02 2.1368820037e-01 -5.4093210539e-02 7.3308160923e-02 8.8197371578e-03 1.1188539702e-01 5.9602946500e-02 -3.8717283573e-03 1.7062778417e-02
5.1095267792e-02 1.4576917121e-01 -9.4704750837e-02 5.6576690357e-02 -1.9202072534e-02 -9.0340788618e-02 -4.6307064901e-02 -1.5760705787e-01 1.3635952866e-02 -1.4022445907e-01 1.5663110465e-02 1.4959981445e-01 1.1785184508e-01
2.8643311845e-03 1.9988347538e-02 8.5974572382e-03 2.1587757111e-02 1.3814060091e-01 3.8594123140e-02 -3.4018979335e-03 -1.0980476250e-01 -6.4687608135e-02 -1.2699632413e-01 1.1544758717e-01 1.9911009460e-01 7.5725750259e-02
1.3638062601e-01 3.6173587464e-02 -2.8153603686e-02 -7.0079707598e-02 1.1086038467e-02 6.4828170860e-03 5.0504184741e-02 -1.2750422341e-01 -1.0953785631e-01 1.3785320472e-01 -3.5031352039e-02 -2.1460358245e-02 -2.4403906478e-02
4.9226927674e-02 2.6147741064e-01 5.8186492902e-02 9.6265977821e-02 2.7767795650e-01 1.7322741620e-01 7.8087320399e-02 -1.2563436807e-02 -1.1490618287e-01 -4.4614739566e-02 -4.6083272679e-02 4.5601012010e-02 -7.8840450265e-02
-3.5823383019e-02 -4.9586954503e-02 -1.7895980516e-01 2.4165360358e-02 1.0511832022e-01 -2.5106170516e-01 -6.8211571321e-02 -1.7816995098e-01 -6.5706598282e-02 -9.0331939726e-03 7.7593142870e-02 2.2177882805e-03 -4.4256164422e-02
-8.1907604823e-02 1.7013374345e-01 3.2098628849e-02 1.7340009807e-01 -2.9672103842e-02 5.3794265045e-02 1.1396646637e-01 6.6657144878e-02 -4.5160341001e-03 6.2585685966e-02 1.7569902040e-02 3.2489441424e-02 -1.0690069132e-01
4.9594895248e-02 -6.1517988954e-02 -2.2318365246e-02 9.5674647618e-02 -7.1575685802e-02 -1.2412386340e-01 -1.0998353716e-01 3.5291631174e-02 1.5209677042e-01 -1.5389400679e-02 4.6618007404e-02 4.7845263334e-02 2.6788141093e-03
4.4581102568e-02 -6.4659965001e-02 8.7041783370e-02 3.3993212216e-02 -6.5518953547e-02 1.4861478147e-03 -1.1671885522e-01 1.2782499735e-01 -4.1298068828e-02 -8.3450341939e-03 7.4726321358e-02 1.4632965159e-02 5.6168469877e-02
3.0556593118e-02 -1.1447027673e-01 2.6707722525e-02 1.5053081970e-02 1.8887024642e-02 -1.2195096098e-01 1.3907863412e-01 -1.3577743857e-01 3.1682575493e-02 3.1335617125e-02 -1.1183507025e-02 -1.9222282899e-03 6.8209424559e-02
-9.8942891586e-02 6.4625208248e-02 -3.6167412928e-02 -2.3352631776e-02 -4.1201650670e-02 -6.4730650014e-02 4.2796905002e-02 4.4278233406e-02 -2.2000870040e-01 -1.4387746249e-02 -5.8449049734e-02 1.2585296871e-01 1.0895683732e-01
-8.2253991085e-02 -1.3658628468e-02 1.7744982434e-01 -7.3678231857e-02 8.2687663899e-02 3.8670488574e-02 -6.2535158047e-02 1.1243057949e-01 -6.8620515866e-02 -4.7991610550e-02 -5.6582419048e-02 -1.0624038273e-02 -1.2807153461e-01
-5.4953062658e-02 1.1553161049e-01 -9.8039383725e-02 7.0454627093e-02 9.2218739172e-02 -4.6666020626e-02 -1.4410749082e-01 1.7753508878e-02 -6.0835136698e-02 2.4172829023e-02 1.0872875085e-01 -3.3314907218e-02 -1.1873721670e-01
1.2206689201e-01 -1.1343715317e-02 3.7407280420e-02 1.1221658142e-01 -1.0578490344e-01 -3.8962905365e-02 -1.1709881489e-02 -4.7273488290e-02 1.0987063193e-02 1.2875995108e-01 4.4948227701e-02 -1.8103799142e-02 3.3593839223e-02
1.0710585716e-01 3.8207394098e-02 1.0703627846e-01 -2.4908819677e-03 -1.8786866719e-01 2.8775928883e-01 -9.4649049789e-02 -7.3096891000e-02 -1.9005996567e-01 1.6776371599e-02 2.2520722120e-02 6.5730897249e-02 -4.8300744563e-02
2.2324273924e-01 1.9770965904e-01 1.2600270494e-03 -1.3378411730e-01 -6.1968829577e-02 -4.2954549732e-02 1.5016917462e-01 -1.0376245903e-02 -1.9806693607e-01 5.1168547373e-02 1.4013675050e-01 -1.2488782443e-01 -2.6467130944e-01
-1.0015498414e-01 -2.6182665103e-02 -4.9914046521e-02 1.0991189047e-01 6.3306063371e-03 -1.9279195229e-02 -4.7103483768e-02 1.1296353228e-01 -3.5498796722e-03 9.6435442605e-02 -3.6888759886e-02 -4.8992689318e-03 -1.8523379386e-02
1.2513575302e-02 -8.6618931652e-02 4.4764966221e-03 1.5343586898e-01 -8.5493415279e-02 6.4466797031e-03 -5.7194237817e-03 -6.8486238334e-02 2.1029535305e-02 1.4723852319e-02 -1.0437930871e-01 -6.5233562066e-02 -7.8601199658e-02
-5.2740437085e-02 3.6486805286e-02 1.1500488913e-02 -1.4290117633e-01 -6.9452835552e-02 5.7385379707e-03 1.2280280854e-01 -6.6122902687e-02 -9.8524377540e-02 -1.7002221595e-01 -1.3126520056e-01 1.7633069855e-01 7.2781586539e-02
1.6830906339e-01 9.0301718876e-02 2.0458655575e-02 -5.9158702404e-02 -5.2177859443e-02 8.7129569344e-02 -7.0017205770e-02 3.5004810137e-02 1.1895107922e-01 -1.6794532375e-01 6.6581960210e-03 -4.8825555145e-02 1.0007689269e-01
4.0957709791e-01 -1.2780225005e-01 1.4668953216e-01 -2.3784717130e-01 1.3992867805e-01 -4.1951127229e-02 1.2443875670e-01 -2.0328535590e-01 -1.0657197830e-01 3.5096952757e-02 -3.6251312987e-03 1.9966948523e-03 1.3740900632e-03
2.1378920143e-01 6.8869684509e-03 -1.2264597443e-02 1.5121973289e-01 9.9203846161e-02 -1.1021905876e-01 1.9647756511e-01 -1.5251595200e-02 2.9246556146e-02 -9.0982294541e-02 1.0357450336e-01 2.4251606409e-01 -6.3232951467e-02
6.3935782119e-02 -6.1676238899e-03 -4.7406844589e-02 1.2989513876e-01 5.1166560664e-02 1.0674403344e-01 -2.6290968498e-02 -2.0570451029e-02 1.0161925847e-02 1.8973987565e-01 2.6755569437e-02 -1.1086525940e-01 1.5447902321e-01
1.6312837374e-01 -7.6102195739e-02 7.1208558627e-02 -2.0897779114e-01 1.6560285945e-01 -6.0030679750e-02 7.7109457086e-02 4.7834927299e-02 -3.3229386018e-02 -4.7997422718e-02 4.5713674688e-02 -6.6083252007e-02 8.2592740081e-02
-5.2517962252e-02 -2.3683334836e-02 -1.8181727966e-01 1.0818908033e-01 -7.7820546465e-02 -5.5240718042e-02 -1.0433196348e-02 -5.2436545803e-02 -1.3467279639e-01 -6.5361717277e-02 1.6685671510e-02 6.9198126836e-02 -4.5824149455e-03
-1.3750869817e-01 2.5217929030e-03 -9.2408722008e-02 9.8415912896e-02 -7.1626882620e-02 -1.0615051163e-01 7.6649824352e-03 -9.9313905230e-02 1.5907663865e-02 6.3343479646e-02 -8.3035694111e-02 1.9373734347e-02 3.7026605924e-02
3.9548419018e-03 -3.1916604464e-02 -4.1501202445e-02 -3.5840885370e-02 -5.4770491008e-02 -4.5244816321e-02 1.9060437892e-01 -4.0207594680e-02 -7.9676875680e-02 -2.8349593074e-02 -1.5038888721e-01 -5.0220464831e-02 -3.6872286765e-02
5.7990179430e-03 1.7098634766e-01 3.0754050787e-01 2.0332848673e-01 8.7522085692e-02 8.6289468293e-02 7.3236051006e-02 3.5490280070e-02 -7.5621409750e-02 3.3118838404e-02 1.8557135084e-02 6.1560539654e-02 -1.5278181016e-01
-6.1659219475e-03 -1.3826392714e-01 1.1909129617e-02 -4.7655187006e-02 5.6382469523e-02 -6.8015022574e-02 2.4472919378e-02 -3.1757860516e-02 2.9501231812e-02 1.7469452710e-01 -9.3003724626e-02 -4.8345580251e-02 1.2501952320e-01
-2.2389988989e-03 -8.3887230737e-02 2.8538205106e-02 -5.3418234209e-02 -5.5078417525e-02 -1.2562524065e-02 2.6361274898e-02 -6.0845401784e-02 1.0752050112e-01 -3.3085304755e-02 -4.2353455755e-02 5.9256989107e-02 -1.1460522024e-01
-9.6335537224e-02 1.3112769795e-01 -1.7767332827e-01 1.5552778066e-02 -7.5006131319e-03 -3.6331952431e-02 1.6382032944e-01 -1.0049729727e-01 3.8822114430e-02 1.6907745915e-02 -9.6853736520e-02 -1.1668508959e-01 -8.5626445283e-02
-3.4699452698e-02 -3.5824217294e-02 -4.7587295946e-02 2.0604875604e-02 -2.1689861430e-02 4.3187786606e-02 9.9149893679e-02 5.0546606855e-02 -1.2681392432e-01 6.1083192736e-03 1.6860780640e-02 1.5372327735e-02 -6.5398767641e-02
1.3420087360e-01 7.1059886616e-02 -4.8478966443e-02 1.9625344537e-02 1.2184105993e-02 2.5278587897e-01 2.3473230725e-02 2.8325549186e-02 8.4251428172e-02 6.2487135162e-02 1.0370379847e-01 1.0315455477e-01 1.1498414137e-01
2.4976046207e-02 7.2965334343e-02 -1.1405929525e-02 2.6439668600e-02 -1.9191260678e-01 -1.4344045108e-01 -4.1580755561e-02 4.6241226459e-02 5.5234941151e-02 5.7745850090e-02 -9.5566045064e-03 -7.6633748188e-02 -3.1814381896e-02
-1.9707561401e-02 5.7900686876e-03 -1.4356336989e-01 -1.3671026007e-01 -2.9285465660e-02 4.6938033537e-02 -5.5971240483e-02 1.9532731219e-02 -8.2998392979e-02 6.4414225373e-02 -6.1122922393e-03 -1.1690864315e-01 9.7435712680e-02
7.1905704067e-02 -6.8120815323e-02 1.4938999726e-02 2.6228730394e-01 -8.2978932171e-03 1.1512103633e-01 -2.8120896137e-02 -1.6293473670e-03 -1.0342037930e-01 -1.3513171157e-01 2.8978308654e-02 7.4095270072e-02 1.8634607025e-02
-1.6207790309e-02 -5.1641297910e-02 4.1100651923e-02 1.6285862933e-02 1.0025512746e-01 -3.5864030034e-02 -7.6638725595e-02 -1.1006370614e-02 1.2309894691e-01 1.0663097073e-01 7.4874121939e-02 -5.0072931498e-02 2.4283800408e-02
2.4617958128e-02 6.7227026956e-03 -6.2462876389e-02 9.9266993940e-02 1.6803300140e-02 -1.2062852339e-01 3.6546294131e-02 -8.8773678835e-02 5.2079481405e-02 -4.1974388580e-02 -7.8853484300e-02 -1.4600017740e-01 2.9839103308e-02
-1.8365942957e-02 -5.8149898152e-02 -1.4022504040e-01 7.0788892658e-02 -1.9847386235e-01 1.1172455156e-02 -5.7816710953e-02 1.4650248261e-02 6.3475523370e-02 2.8335077493e-02 -5.5588877974e-02 -7.2905899213e-02 -6.2595054052e-02
-7.8462200139e-03 -1.2707384108e-01 1.0436278215e-01 1.3513544939e-02 1.8208574466e-02 2.5866676642e-03 -3.7508310543e-02 -1.1420545310e-01 1.4714499611e-02 4.5802735543e-02 -3.6745826360e-02 -1.5521484475e-01 -1.9666934611e-01
-1.4475385372e-02 5.4370998715e-02 -7.8867547118e-02 9.7162239868e-02 -8.8680350083e-02 2.2232882328e-02 -2.3115617143e-02 6.1261885451e-02 5.7861934015e-02 6.1415550436e-02 -1.3830057823e-01 1.5694151751e-03 1.5977050191e-01
-1.0736467680e-01 2.8999040323e-02 3.1002033861e-02 5.6615135929e-04 -4.6615939811e-02 1.4116421288e-01 1.8888933327e-01 -2.8085571922e-02 -8.7986922568e-02 9.8090765796e-02 -1.1896647188e-01 -2.3264894575e-01 1.1772294970e-01
1.1683905462e-01 -3.1160743295e-02 2.4606899347e-03 -1.7129473089e-01 1.2495945462e-01 -3.8559069374e-02 8.5706086382e-02 -1.2746416504e-01 -1.4871135261e-01 6.5518214015e-02 -4.8217153466e-02 1.3269685112e-01 1.8875179104e-01
1.7278235485e-02 -1.8693941630e-01 -2.3087697045e-02 4.4358642559e-02 1.3308985519e-01 2.4969389232e-02 -4.0159371026e-02 6.9501364026e-02 6.7962788183e-02 2.8692594648e-02 2.3929940792e-01 -1.0553863883e-01 2.9436818654e-02
1.4825072559e-01 5.6463870087e-02 6.4871076192e-02 7.9024771788e-02 9.7924785270e-02 -3.3365640148e-03 -1.7163879360e-02 -1.3292827117e-01 -1.7440647087e-01 -1.3142058373e-01 -7.3658326223e-02 1.0691193551e-01 6.1698441058e-02
2.5491673322e-02 1.5149357343e-01 4.2009616736e-02 6.0219473868e-02 6.4801502291e-02 1.5402239925e-02 1.1109965284e-01 5.8543348902e-02 -3.9042295778e-02 -1.8390507018e-01 -1.0145856174e-01 -1.3847895760e-02 -1.5013203605e-02
-7.2697506698e-02 -1.8887237486e-02 -1.5482832651e-02 -3.7149130675e-02 -3.0459963151e-02 6.3868903247e-02 -6.5561659284e-03 -8.0957139274e-02 2.4715620329e-02 1.1790643060e-02 8.4624296760e-02 4.8650805848e-02 -5.1271144319e-02
4.2719703622e-02 8.7984295743e-02 -1.0973911769e-01 -9.9347129031e-02 4.4159549857e-02 7.1049561990e-02 -1.1567867118e-02 1.3195227481e-01 5.1204588590e-02 1.3512413074e-01 8.8590159212e-02 -8.4311742929e-02 -6.3575383365e-02
-1.4789601706e-01 -4.1044226146e-02 3.6955706660e-02 5.1749119558e-02 -7.2488604321e-02 -1.9050703848e-02 -1.1217726582e-01 5.6209120320e-02 1.1389622633e-01 1.0565716779e-01 1.3145679482e-01 8.5355940303e-05 -1.1995911331e-01
1.1593535792e-01 2.8905550297e-02 1.7000518809e-01 -6.6352279974e-02 2.9633644100e-03 -1.5451196894e-01 8.9858872192e-02 -1.1438673338e-01 -7.5017433408e-02 4.2065601440e-02 -3.9739912435e-02 -1.2693076801e-01 -1.0034782798e-01
-1.0057053431e-01 4.1410035976e-02 4.0663265872e-02 3.8621969381e-02 1.0089102221e-01 4.4526298152e-02 1.0682330340e-01 -1.5799188108e-02 -1.6156312999e-02 3.5382217737e-02 1.6026581539e-01 4.4802709168e-02 -1.3556798234e-01
-7.8123164562e-02 7.9092781899e-02 -1.9293427411e-02 -1.7057801736e-02 3.7077237387e-02 -4.8054700434e-02 3.1456710003e-02 -9.2956393548e-03 1.8860851744e-02 1.8550340289e-01 -2.8295441099e-01 -1.0817052728e-01 3.0577231429e-02
-7.5850159275e-02 4.0057317220e-02 9.8161611912e-02 -3.8693606141e-02 -1.6504650229e-01 -9.5115574064e-02 8.8842425722e-02 8.5476444926e-02 1.1903455740e-02 -1.0702634343e-01 9.9346547746e-02 -4.0359549297e-02 -4.7692055454e-02
-3.2891753038e-04 -3.6737771252e-02 9.0448278715e-02 2.0559469701e-02 -9.2666599777e-02 -7.3398211182e-02 -1.1033403797e-01 1.6529466945e-02 5.5605303551e-02 -9.0195676862e-02 -2.3737182395e-02 -6.8454781771e-02 -5.0666474021e-02
-7.1045839206e-03 -9.3272729747e-02 6.9873034242e-02 3.1666183128e-02 -3.2125939937e-02 -8.9076764198e-03 -3.3844779849e-02 3.1605470645e-02 5.6050179897e-02 -8.9000396368e-03 -7.2756891029e-02 -8.3198209012e-02 -4.2572748011e-02
-1.7013351787e-02 9.9232753834e-02 -8.1765742535e-02 -9.7787773179e-02 -7.0358577690e-02 8.8275305507e-03 -1.0863364698e-01 3.3809623558e-02 1.8183836790e-02 -5.7925635249e-02 -3.6424484583e-02 -1.1488999772e-01 -9.1414044590e-02
1.2028390201e-01 -1.1900257739e-01 -1.2759379800e-01 8.2098382680e-02 1.4015354887e-01 1.2543820847e-01 3.9832419044e-02 1.0744386987e-01 9.2561390768e-02 -6.1591998551e-02 4.7729901773e-02 -1.1791555664e-01 1.6735960580e-01
-6.9852116625e-02 -7.8346382640e-02 1.8150756876e-02 3.3628850180e-02 -5.0231962288e-02 8.8091901154e-02 -9.9906275400e-03 -1.2140918219e-01 1.4183916557e-01 7.2307205506e-02 -1.1769401933e-01 3.7732701582e-02 1.4937300283e-01
-3.1118785830e-02 -5.6740342893e-02 -4.4010595283e-03 4.9110473349e-03 8.4176479177e-02 4.3819262255e-02 -6.7709597188e-03 5.1653004461e-02 -2.9857596074e-02 -1.7328973223e-01 -3.8062134895e-03 1.9364737335e-01 1.2346838394e-01
5.4966556282e-02 9.6674773196e-02 1.2840189589e-01 1.6720699308e-01 1.3137909911e-01 4.7369725194e-02 2.3238158445e-02 -2.4519754047e-02 -1.7746595652e-02 -5.1417428555e-02 -1.4416955054e-01 -1.2852020755e-02 -9.2354583016e-02
-1.5615347164e-01 2.5588025515e-02 -6.7461988741e-02 -6.9519588347e-02 -4.8384906542e-02 -8.3226781696e-03 -6.0615616655e-03 -2.9754525857e-02 7.7476547459e-02 6.4213433461e-02 -1.2088349610e-01 -2.3165781426e-02 1.1315181892e-01
-8.5161950383e-02 1.7633127490e-02 -8.6078913708e-02 -2.8627821974e-02 4.3705948192e-03 1.3075396571e-01 5.4795438938e-02 -3.1582697884e-02 -2.5807055766e-02 1.0647612445e-02 -7.6640025328e-02 6.6565987436e-02 8.6631210123e-02
5.6996084084e-02 -4.3800194568e-02 1.0212585841e-01 -1.5099098299e-01 1.5755942825e-01 -1.7218656965e-01 9.8740161384e-02 -1.2459079271e-01 -2.1478210469e-01 -8.0780010963e-02 4.5274609158e-02 4.9810819037e-02 -3.5109150282e-02
1.5572228470e-01 1.0259396111e-01 1.2669258931e-01 1.6801924497e-02 -5.4580152076e-02 1.4944804861e-01 -2.5529033831e-02 -1.0208766364e-01 5.3784840869e-02 1.2293664894e-01 -1.4868942363e-02 -1.0899464843e-01 2.8591437230e-03
1.4665684432e-01 -4.4299806070e-02 1.5200326925e-01 2.0653469105e-02 -7.7367282675e-02 1.1193813941e-01 4.6306314672e-04 2.9530851575e-02 5.0504979917e-02 -1.3479498366e-01 2.5829282648e-02 6.6222313724e-02 8.6455887570e-02
3.5119829316e-02 1.1315170585e-02 -1.2650658520e-01 7.1780551562e-02 3.0027546498e-02 -3.1690608920e-02 -1.2993958651e-01 7.6656145858e-03 3.8900853597e-02 6.0132227422e-02 1.2456244740e-01 6.1897303651e-02 -1.1075399697e-01
2.9443620470e-02 5.4384459797e-02 1.8845284303e-01 -8.1778000959e-03 -9.9125535677e-02 1.8711399319e-01 4.2388877312e-02 -2.5426497156e-02 -7.8391475643e-02 2.1744373631e-01 -1.2237632264e-01 -6.3363090828e-02 1.8848406222e-01
4.2292785883e-02 1.0940994780e-01 5.4953284622e-02 2.6355105362e-02 -5.0513770343e-02 -2.4288036322e-02 1.0918968252e-01 9.9961585462e-02 -2.4494533144e-02 5.8308269852e-02 -3.8674078514e-02 -3.7420610795e-02 3.4610542093e-02
-2.2914495645e-02 3.3074487785e-02 3.2918345977e-02 1.0082462181e-02 8.0847397716e-02 1.0319599282e-01 9.6729317215e-03 -2.1504358255e-02 -2.0588890995e-01 4.6166408031e-02 4.1014033055e-03 -2.1671383185e-02 -9.7359220988e-02
5.9317233308e-02 9.3146348027e-03 -4.5065965992e-02 -1.2029648525e-01 -1.2328859687e-01 5.7895192323e-02 -6.5057658168e-02 1.7614596686e-02 1.5211725192e-01 4.3302613879e-02 -3.5072449194e-02 2.0985593930e-02 -8.1194541071e-02
-7.2773741274e-02 3.1386803501e-02 -4.0524659386e-02 -6.6705596606e-02 1.2971732232e-02 1.7564015630e-01 -7.7193886340e-02 -8.6129408542e-03 2.9799671359e-02 -1.9121296437e-01 9.5103606802e-02 3.7057033733e-02 6.1938616817e-02
-1.4725698179e-01 1.0153799569e-01 1.4279718824e-02 -1.4046571799e-02 -9.2241685806e-02 -8.4401932257e-02 3.5344022481e-02 5.5327714166e-02 4.7926082837e-02 -7.0401280232e-02 -1.1125078680e-01 9.8509557633e-02 -8.3985723048e-03
1.1774295077e-01 -1.7115407357e-02 -5.9962763658e-02 -1.5288171298e-01 2.8239255010e-02 7.7353942700e-02 -2.8147983462e-02 1.4645355607e-02 1.0933878555e-01 8.4129157251e-03 1.1729916861e-01 2.4524955891e-01 5.2723372084e-02
4.4445587743e-02 7.8802013196e-02 1.4704863077e-01 6.6255121980e-02 7.0505460723e-02 7.7811987951e-02 2.2891121252e-01 -6.7505449548e-02 -1.3785792023e-01 1.7809042636e-01 3.2628373904e-02 -1.0152050287e-01 2.2418909210e-02
1.0583215369e-01 -1.2038914907e-01 8.4969229666e-05 2.2189846315e-02 7.7062761454e-02 6.9629485524e-02 -4.7325758713e-02 -7.0496697091e-04 4.2316558198e-02 3.8670609189e-02 6.9259469977e-02 1.5113486570e-03 -2.8600347489e-02
-4.9585116009e-02 -1.9675294550e-02 1.0243403987e-02 3.8737363579e-02 3.7280116167e-02 1.6510939623e-01 3.3611414498e-02 -3.6635836018e-02 -7.8253623447e-02 -2.0830667311e-01 -7.1470866543e-02 -1.3851190453e-02 4.9117916784e-02
1.2063409008e-03 -1.3115988417e-01 1.1040286541e-01 -3.7817455602e-02 -5.3349608941e-02 2.9002681798e-02 -1.2191409023e-01 -6.2312019751e-02 1.5052919368e-01 5.6871672161e-03 1.6787417075e-01 5.8941141996e-02 -1.0407736820e-02
-1.1555643829e-01 -1.1328902400e-01 -2.2730827955e-02 -5.6836200648e-03 4.2671365043e-03 1.3740799674e-01 -4.8421974921e-02 1.0422669124e-01 2.0777591634e-03 1.7323308880e-01 1.1616974988e-01 -1.5831645055e-01 -1.6328969853e-03
9.1631243117e-03 -4.7260838426e-02 7.6607014437e-02 3.5564971003e-03 -2.6864528116e-02 -1.5062169328e-02 1.4527523432e-01 -4.6887183380e-02 -4.3089483362e-02 -7.4774534636e-03 2.0542271664e-02 1.2108529034e-02 -7.3786974228e-02
5.9336117158e-02 -3.4857857611e-02 -9.5563037868e-02 1.8981657860e-01 2.4612333328e-02 1.8609410789e-01 -3.9190096534e-02 -2.1957802928e-01 2.7124521824e-02 -1.7778805882e-01 -1.1205493520e-01 2.9888818700e-02 -1.2006639432e-01
3.6995782087e-02 4.3480899177e-02 9.9174216132e-02 -7.3951013612e-02 -1.3848911553e-01 1.5634788185e-01 1.4402525307e-01 1.1302415803e-01 1.0376689354e-01 1.5581832880e-01 3.2081002778e-02 -3.1061480278e-02 -1.0562959298e-01
2.6630123945e-02 1.4863711586e-01 4.6625597951e-02 -4.3749402697e-02 5.3152056333e-02 -6.3927025594e-02 -9.2235041495e-03 -9.2892421724e-02 -8.2280586386e-03 -1.1569004416e-02 2.0858323718e-01 -9.0997163340e-02 -4.0316715113e-02
-6.3089594376e-02 7.9006923113e-02 -6.3638447733e-02 -2.2216484107e-02 -4.0381312140e-02 -6.5556460379e-02 -5.9107780854e-02 7.4587032729e-02 8.3900474778e-02 1.0014169904e-01 4.4038663627e-02 1.3437106907e-01 -3.5644987557e-02
5.9068136050e-02 -1.0726050264e-03 -8.1348393833e-02 -5.4387401280e-02 -1.7914885013e-01 -1.9365197506e-03 -4.4116992568e-02 -6.2533545043e-02 1.5721217548e-01 -9.6488492099e-02 -1.1857197417e-01 1.1948013342e-01 -6.7521122095e-02
-1.2004442426e-01 -3.5393983330e-02 -1.0954753691e-01 9.6781346919e-02 -1.2280413966e-02 -3.0083218578e-02 1.2944137737e-01 -5.6298125829e-03 4.4756896059e-02 8.3864531175e-02 -4.1665731484e-02 -1.4573484810e-01 -1.3315860610e-01
-1.5325491172e-02 5.6406465241e-02 -7.5259952033e-02 -3.5176656994e-02 1.2334214290e-01 4.4623684202e-03 2.9119828387e-02 -2.6257929499e-02 8.0421329488e-02 -8.7752552617e-03 2.2273129029e-02 -4.6102120638e-02 -5.5085896289e-02
-8.6805630326e-03 8.8606297460e-02 -5.3307038065e-02 -1.5191008353e-02 4.2453060361e-03 -1.3281752887e-01 3.6028808814e-02 1.8085037645e-02 4.8298473729e-03 -1.6015094951e-01 -1.4090433912e-02 -1.3006448205e-01 1.4783390022e-02
-6.8954220131e-02 1.4752202644e-01 1.7422352542e-01 8.4211877854e-02 1.0684666684e-01 4.1677648921e-02 -6.0252478004e-02 -3.7412516813e-02 1.1535587967e-01 8.0699786951e-02 1.0364233104e-01 3.6525693770e-02 7.5142366302e-02
-6.6380082566e-02 6.2405708747e-02 -2.4403844704e-02 2.3474256186e-02 5.7390914812e-02 -5.8130272277e-02 4.4105435060e-02 -2.8352087340e-02 -8.4972766354e-03 1.8336622089e-01 -1.1696622670e-01 5.9240165221e-03 4.4116107463e-02
-1.0000714207e-01 -1.4918207849e-02 -3.9091706694e-02 2.0607589922e-01 -5.6933354248e-02 -5.7653960142e-02 3.6965107588e-02 -9.2108860039e-03 1.1767761940e-01 -1.1387459267e-01 5.0800918218e-02 5.2692321359e-02 3.8447283701e-02
-6.8473858405e-02 -1.3128727605e-01 2.6114670900e-02 6.8030413030e-02 4.1268703854e-03 5.3002585085e-02 1.3524527283e-01 3.0612145575e-02 -6.3244836751e-02 -2.0202128047e-02 -2.5201811571e-01 7.0897293091e-02 1.0574687195e-01
1.0814634754e-01 -7.9117647754e-02 5.5191425419e-03 -1.3572666744e-01 -2.3472001981e-02 -2.7624866801e-02 -4.8777188477e-02 -4.6545555291e-02 3.2036025878e-02 4.3685496400e-02 -8.3252842966e-02 6.9979854068e-03 1.0262802937e-01
-9.3380967578e-02 9.3612993529e-02 -5.3171440456e-02 -1.3948879239e-01 1.0944241049e-01 1.4061517019e-01 3.6505894667e-03 1.6410709684e-01 1.4063411165e-01 -9.4847392157e-02 5.2224490865e-02 1.0007436063e-01 6.6133940021e-02
-1.2147707299e-01 1.7182078665e-01 7.0433203860e-02 -7.7807749258e-02 -1.2316772527e-01 1.7462112246e-02 1.1632761997e-01 9.0574803839e-02 -7.3297571379e-02 -4.8151897211e-02 -1.3719459217e-01 1.8254792623e-03 5.6712818304e-02
8.4807006374e-02 -1.1083073645e-01 -8.0831916741e-02 -2.3635014800e-01 -1.0375287955e-01 7.5917481589e-03 -3.8028682316e-02 -1.7829412612e-01 3.5362539152e-02 5.0535667039e-02 -9.1180191048e-02 -4.6233517315e-02 -3.2669303436e-02
1.0998234536e-01 1.1043108642e-01 2.2084039293e-01 -1.9851885682e-02 8.6316797640e-02 4.0475959652e-02 4.5468116667e-02 -3.3516253865e-02 -6.0721460318e-02 1.0638790892e-03 5.8621097004e-02 7.8385758869e-03 -5.6081828325e-02
1.2465498607e-01 2.8746655885e-02 8.1587450987e-03 2.9336855901e-02 4.1777356821e-02 8.8106422969e-03 -1.6272347530e-01 -8.4559934273e-02 8.2545991515e-02 1.0837187980e-01 -6.1622574025e-02 -1.1177381543e-02 -6.1690890902e-03
1.4784016547e-01 -4.0429011837e-02 -2.7628595210e-02 -7.4752398955e-02 -1.1936724952e-01 -2.9608533697e-02 1.7382147239e-01 3.9320914822e-02 9.0156002205e-02 -1.6020960523e-01 6.1815955612e-02 7.1792440952e-02 -3.5035012150e-02
-1.3627105109e-01 -4.8270479611e-02 -6.4834771154e-02 -1.4480717472e-01 -5.8892344474e-02 1.6869817389e-02 4.9855299551e-02 7.5096761292e-03 -2.7770790051e-02 5.0331170286e-02 5.3838487131e-02 -1.3310415950e-01 -1.0259744177e-01
1.6187283723e-01 -1.5766046487e-02 1.1544378247e-01 -1.1433325130e-02 1.4673404285e-01 3.2858713623e-02 -2.5181856634e-02 -1.2432690358e-01 5.3846843512e-02 1.2102768774e-02 -4.7962358270e-02 -6.1199119664e-02 9.1623908924e-02
4.7158705700e-02 1.6722721909e-02 -1.0166226215e-01 1.1869610592e-01 9.8672157534e-02 2.6828277084e-02 -1.8950965368e-02 -2.3057809193e-02 1.2153060927e-01 1.1125105030e-01 -1.4465132695e-02 -1.2087362658e-01 -5.0587425894e-02
5.9212364424e-02 -3.6909580346e-02 -6.1756549057e-03 7.7923373615e-02 1.0816482195e-01 1.1050453179e-01 -7.2064452758e-02 -2.9470670470e-04 1.1697074460e-03 -5.7092993620e-03 1.4989780320e-01 -5.7666002634e-02 -1.1982993870e-01
1.4978103817e-01 -4.0262476749e-02 9.6706464151e-02 2.4180580502e-02 7.2116822630e-02 -1.0131182651e-01 4.9418315585e-02 1.1394317758e-01 -2.3932933466e-01 1.3864179264e-01 2.3109728698e-02 -9.1875293716e-02 -1.6817422446e-01
2.8751337306e-02 -5.8545119619e-02 -4.7954926471e-02 8.9940027187e-02 -2.7181399092e-02 -1.2441731398e-01 -2.0361677582e-01 -4.7571570746e-02 3.1786099386e-02 5.4626679896e-02 1.6627165420e-01 -2.2542239302e-03 -1.4311189355e-02
7.6955354172e-02 2.4188893208e-02 4.8455243883e-02 -1.0038664373e-01 3.0169613229e-02 7.9932149060e-02 7.7089540830e-02 -3.9334890537e-02 6.6847084974e-04 -6.5172148373e-03 1.3603253718e-01 -7.0650918882e-02 3.4274314813e-02
-6.3542949574e-02 1.3894146036e-01 -3.2752244433e-02 -9.6750543339e-02 -3.1819756125e-02 -8.7347631476e-02 -8.2966126201e-02 8.8738358498e-02 3.8002685995e-02 9.1801291878e-02 1.8788669851e-02 -5.1388658460e-03 -1.7741270825e-01
5.4532076699e-02 -5.4244413596e-02 2.4522824243e-01 -1.2223756846e-01 2.3285243795e-02 4.3205105020e-02 7.9838365083e-02 1.0726347209e-01 -1.3872609647e-01 -5.3105758073e-02 -1.7636569214e-02 -3.2454156378e-02 -4.7107817513e-02
-6.7702843419e-02 1.2466656955e-01 -3.7086200834e-02 1.4570920656e-01 1.6019228436e-01 1.3532534587e-01 1.1341946825e-01 9.7707674460e-02 -4.6488597064e-02 4.4668864415e-02 1.5891485687e-02 2.9175375578e-02 3.3083607386e-02
3.8037172654e-02 1.4632964442e-01 1.9674308674e-02 1.8617487623e-02 1.8086478251e-01 6.2552491459e-02 2.9217037496e-03 1.4026131101e-01 -5.9150460891e-02 8.9066294796e-03 1.7263874238e-02 -7.1356223878e-02 -1.0173627459e-01
4.3339741033e-02 4.0354455502e-02 -1.8359021843e-02 -9.7911344390e-02 1.2757502460e-01 4.4911350074e-02 3.8904672440e-02 1.3633350382e-01 -6.2803646312e-02 -8.9547474801e-02 4.6939855776e-02 8.9310949940e-02 -2.6078821075e-02
-1.4384580789e-01 -4.9407492178e-02 1.4735962407e-01 1.4516411237e-01 1.3804966652e-02 1.2458127364e-01 -4.2376929992e-02 -9.3968760787e-02 2.3469674156e-01 -2.9624619488e-02 1.9771134974e-02 8.5764332569e-02 8.1732570460e-02
1.3713580857e-01 2.2788301498e-02 1.4374807710e-01 -2.3058814117e-02 1.0568215710e-01 5.7023007004e-02 8.7386330000e-02 1.5381201816e-02 -2.0299024052e-01 -9.4831835926e-02 -9.5605724481e-02 7.6346710027e-02 -1.3151200842e-02
-1.0095616378e-01 1.3237444765e-02 -9.0081495908e-02 7.9605111732e-02 9.6751775608e-02 -5.9942947772e-02 -1.7352297189e-02 5.2653895799e-02 -7.5476024711e-02 -2.4770659486e-02 -1.8534869654e-01 -2.3056594287e-02 6.5555414957e-03
6.3346342428e-02 6.3943777538e-04 9.4312824643e-03 -1.6520564033e-01 -2.9285351872e-03 7.4578700610e-02 -1.2630485070e-02 6.5058309222e-02 -1.3602270455e-01 -6.4343795268e-02 -1.1192963199e-01 5.4138249258e-02 -2.1923034891e-01
1.7860279964e-02 1.2543021183e-01 -1.1836643856e-01 -8.9381415232e-02 -4.7846245922e-02 -9.6835741369e-02 2.0631572957e-02 -3.3167463424e-02 2.5854754524e-02 -3.4321933264e-02 2.6866259285e-02 6.4113792755e-02 -1.2970818162e-01
-6.4293238748e-02 -3.7118657486e-02 -1.2236034995e-01 -1.8324964223e-01 1.7863562129e-02 -2.3496899993e-02 1.7290941774e-01 1.4472019813e-01 1.5870007482e-01 -8.8234811972e-02 -1.2366685197e-02 9.7308794096e-02 4.4965952217e-02
-3.0128993517e-02 -9.2583543972e-03 2.2913131234e-02 1.0850029335e-01 2.5657532029e-02 1.0227348257e-02 1.2814845856e-01 -1.5289888162e-01 -7.7138409932e-03 1.0842262100e-01 -1.0594410436e-01 1.5500287234e-02 -1.5261906180e-01
5.2737357441e-02 2.7189179499e-02 4.0236389927e-02 4.8316271449e-02 -5.9775357879e-02 -1.1344647961e-02 -9.3909384851e-02 4.2181138932e-02 4.5995051106e-03 3.1023292764e-02 -1.1516093111e-01 -1.1642445277e-01 -1.0950313472e-01
-4.0445504671e-02 -4.7431679565e-02 1.9027391658e-02 9.3639077111e-02 4.6272129114e-02 5.1922595332e-02 2.0339050452e-01 -1.3824807421e-02 1.3484805817e-02 2.8093155017e-02 -9.1055168486e-02 -1.2630627090e-01 -2.1135467349e-02
9.3745102225e-02 -2.0117025564e-02 -8.3065832542e-02 -2.3249882262e-02 -1.5038312089e-02 -7.8302175348e-02 2.7528996910e-02 3.2977382814e-02 -8.2553234922e-02 2.6405009593e-02 1.8391719081e-01 -1.6899503847e-01 -2.0320099110e-01
-3.1860799021e-02 -5.6555362421e-02 2.8992149669e-02 1.9186868035e-02 -3.5127239244e-02 1.4085879444e-01 3.5777158002e-02 -6.9198954373e-02 -2.1822062425e-02 9.6696575033e-02 5.4154969755e-02 -3.3476955794e-02 1.4259234464e-02
3.0736124189e-02 -2.1817022166e-02 -1.0334930157e-02 4.7890379081e-02 6.3141849443e-02 6.9195512159e-02 -1.3694919766e-02 2.9916851459e-02 6.7066746545e-02 1.2619635243e-01 -5.2254108493e-02 -2.6837570135e-02 1.9245726639e-01
-1.2331407769e-01 3.2895016263e-02 -4.0666001773e-02 1.0651416842e-02 -1.2517897875e-01 5.3969024534e-03 8.0938331904e-03 6.7549119401e-03 -9.6733310066e-03 1.1515495723e-01 4.6863739016e-02 1.9097786670e-02 3.0363302876e-03
1.2191262680e-01 1.2817649087e-01 1.0096997291e-01 -1.1009600726e-02 9.5942699382e-02 9.8795103666e-02 1.6773306704e-01 7.7308909807e-02 -1.8834619996e-01 -9.0520698287e-02 -1.3570060982e-02 2.7495491065e-03 8.6957198407e-02
1.9346419691e-01 5.6563475831e-02 8.3334245599e-02 4.7326759802e-02 1.1041472247e-01 -1.1940176020e-01 9.5792922488e-02 -4.3188310525e-02 -1.0562218298e-01 4.5073594692e-02 -6.9094583718e-02 -1.3961785569e-03 2.8507328812e-04
-9.4268016941e-03 1.5514156510e-01 4.4950235511e-04 1.3369983394e-01 7.3881697912e-02 -1.7871639739e-02 2.8779897097e-02 3.5786677020e-02 4.2257112748e-02 -1.4660180427e-01 2.8070250074e-02 -4.6219924800e-02 -1.0625103908e-01
1.2267289653e-01 6.4422976637e-02 2.2695572101e-02 -8.6639772570e-02 7.2815737030e-02 -1.7645400345e-02 -2.9157790571e-02 3.1188844092e-02 8.8464161085e-03 2.0603819189e-04 -2.7680123854e-02 6.5594143417e-04 -1.5189995096e-01
1.1336406387e-01 -1.6822644028e-02 -1.5576634872e-01 4.0947307369e-02 -8.4851547564e-02 -4.9983784038e-02 6.8483080043e-03 -8.8107644544e-03 5.2681645759e-02 -1.6283960637e-01 -4.4710736634e-02 4.9424989516e-02 1.1032901161e-02
-1.1496807477e-01 -8.4514196412e-02 7.6146055474e-02 -2.8119970491e-02 2.0188104004e-01 2.0137821034e-01 5.6883626109e-02 -5.8418478201e-02 -1.4250843984e-01 5.2262606349e-02 -4.5006331662e-02 1.2379708858e-02 1.0507701143e-01
4.3136083801e-02 -6.3397510030e-02 3.8028325452e-03 -5.1973720658e-02 7.7644510297e-03 2.0732912323e-01 1.0292892292e-01 1.3316410214e-01 7.4950833130e-02 -6.0656949602e-02 5.5291012766e-02 -7.3000073993e-03 -3.1986088265e-02
4.8760061870e-02 5.6509940294e-02 7.2349499910e-02 2.1294318108e-01 1.6766743308e-02 1.2293550109e-01 -6.3369819059e-02 1.3088405625e-01 2.8837698625e-02 -3.3163025163e-02 -8.8203070586e-02 5.6573723372e-03 -2.6574861516e-02
1.4465442065e-01 3.2033540505e-02 -5.0238427624e-02 -3.3201146620e-02 9.3668154926e-02 4.1775838537e-02 -1.0583222288e-02 -3.3204250255e-02 -1.9208808534e-01 4.7145501588e-02 -1.6141357863e-01 3.5369135729e-02 -2.4521817052e-02
-7.5956306505e-02 -4.7516810040e-02 2.3842097729e-02 -1.2940413919e-01 8.8966624704e-02 6.4856077544e-02 5.4810603060e-02 2.9713882677e-02 -1.2115782172e-01 -1.0659581145e-01 1.0729026770e-01 3.9862935778e-02 8.4905352125e-02
1.7219237250e-03 8.3632978636e-02 9.9271154240e-02 1.3100943064e-01 1.6677849433e-01 3.7340899716e-02 -7.3898323556e-02 -4.9997936786e-02 -6.7983662311e-02 -1.0281868813e-01 5.4354538316e-02 1.4331826931e-01 -2.7151018471e-02
-9.7297074421e-02 -3.0535052173e-02 -1.3659264883e-01 1.5381558286e-01 -1.1518932057e-01 1.5141744838e-02 -2.5738779751e-01 -8.1432781199e-02 1.5365333911e-01 -8.0655867635e-02 -2.0633746050e-02 5.3235506344e-02 -1.1167267884e-01
-1.1000371161e-01 -1.2221061815e-01 8.5498241041e-02 -6.5356801905e-02 -6.8178692291e-02 -5.7745936349e-02 5.0099952752e-02 -3.2343177763e-02 -9.9003855734e-02 1.4436148915e-01 1.6217336647e-02 -4.8722488958e-02 1.9240283824e-03
2.4494334762e-01 -9.6797325544e-03 1.2396156604e-01 -1.2470915943e-01 1.1138961697e-01 3.1873751003e-03 6.1871453735e-02 -5.0545356675e-02 -7.7549629015e-02 4.3903768272e-02 8.5733867383e-02 -8.8046677403e-02 3.0985997978e-02
5.7974433570e-02 3.7236387557e-02 -1.1452863755e-02 -1.1804419667e-01 2.5716937288e-02 -9.9060791915e-02 -8.9099697692e-02 1.1170279911e-02 2.4859546442e-03 -2.0673104117e-02 -1.0340384224e-01 -6.7541637196e-02 -6.4916941905e-02
-5.5651489871e-02 9.5441539100e-02 -1.0128153592e-02 9.1286278016e-03 -4.3181384858e-02 8.4022875877e-02 -1.9277866233e-02 7.1827941250e-03 -4.0401850660e-02 1.8678163192e-01 5.9957622751e-02 -6.7936051072e-02 3.8260216567e-02
-5.5316230676e-02 -1.5793915540e-01 6.1732699643e-02 1.2035395906e-02 8.2204893069e-02 -2.7272197798e-02 -1.2908850461e-02 6.9411304097e-02 1.0579754777e-01 3.8075975428e-02 2.2156601192e-02 -6.1273098853e-02 -4.2002979965e-02
4.6364330381e-02 5.0389009861e-02 7.5411645833e-02 7.4485754035e-03 5.3436632321e-02 -7.5042783575e-02 -3.6604586288e-02 1.8860067421e-01 -2.3701729789e-01 -1.2842534123e-01 2.4082551766e-01 1.0165481771e-01 5.9662428909e-02
