4.1728781610e-02 -1.6234518739e-01 1.4910864547e-02 -4.2900671922e-02 -2.2716847150e-01 5.9664729490e-02 -6.5176390778e-02 -2.6767098383e-02 -2.4372187684e-02 8.2845041099e-02 -2.0798706972e-02 -5.8929045414e-02 -7.2612233991e-03 7.2830359954e-02 1.9651823066e-02 -1.8427738204e-01 2.8819672552e-02 1.0058067441e-02 -1.7345593436e-01 -6.2290789075e-02 3.2798928709e-02 -6.9971364253e-02 -1.0853824852e-02 1.1090447811e-02 1.9894161111e-02 9.2316816864e-03 -1.3372735138e-01 -3.5961076991e-03 8.6304481972e-02 -6.4351592237e-02 4.9969879237e-02 -7.1656874313e-02 9.3543674423e-02 6.3532553340e-02 -1.3582490766e-01 -4.2757447624e-02 1.8385968048e-02 1.8981080513e-01 5.8056499252e-02 -1.0569382230e-01 -5.1363640874e-02 -9.1962812473e-02 2.0578582543e-01 1.1375729159e-01 -4.4083642754e-02 -3.9404042594e-02 -1.1853766996e-01 5.2119427435e-02 8.5261322910e-02
-1.7255200259e-01 3.1211979998e-01 3.4960518689e-02 -1.3341009885e-01 1.2646369859e-01 8.2023250674e-02 2.4792409286e-01 -1.0324273980e-02 7.9680416269e-02 -1.1408171693e-01 -1.4686599060e-01 8.0876951329e-02 8.8900111149e-02 -4.9053432478e-03 1.7122508715e-01 7.7337944081e-02 -1.5925653893e-01 -1.0401727872e-01 1.5661833673e-01 1.6642180071e-01 -2.0693753199e-01 1.4863608045e-01 -3.7221094288e-02 -2.0538507087e-02 -6.3387102121e-02 -2.6678568837e-01 1.5917658659e-01 -6.0097024357e-02 4.8186925957e-02 1.1202947046e-01 -4.7598617968e-02 -3.4335720757e-02 -4.1735873647e-01 1.5978912835e-01 2.5762142020e-01 6.9642818444e-02 -1.7605905637e-01 -1.8563996243e-01 -2.2883655778e-02 1.1057916662e-01 2.6532135110e-01 2.2247390695e-01 -1.3362984308e-01 -1.7229080442e-01 9.9810925425e-02 -1.0682349181e-01 8.6748110104e-02 3.0091795098e-01 -1.7915623019e-01
-4.1011193461e-02 -1.3821685769e-02 6.6054036203e-02 4.6154289007e-02 5.7557629516e-02 6.5240599499e-03 2.5195680881e-03 -7.4116945167e-03 -5.0712193477e-02 -3.0167621668e-02 -5.7765402365e-02 -3.3564785379e-02 2.9117767580e-02 -1.0739044196e-02 1.2177946929e-01 7.7879002414e-03 -7.0745310099e-02 3.0713899560e-02 2.2614357830e-02 6.8248212957e-02 3.7636124868e-02 -2.3538726013e-02 -3.8136356720e-02 -1.2599685670e-01 7.9168182035e-04 -7.1034512520e-02 2.6072868077e-02 1.7431348607e-02 -9.6470164971e-02 1.1924119558e-01 -1.4216424014e-02 -3.0589911162e-02 -5.5307328674e-02 -1.9401714599e-01 1.6573816784e-02 1.9998244141e-02 1.3872525868e-02 9.2233679485e-02 -1.2360616829e-01 6.8647930576e-02 8.7830497745e-02 2.0559267003e-01 -4.9995806491e-02 7.5398463544e-02 1.0512593956e-03 1.5189271770e-01 2.3558657391e-02 4.5557966850e-02 -1.0087857433e-01
2.1063856908e-01 -4.7732276550e-01 -3.2118272492e-02 7.5299042618e-02 -2.9810586114e-01 -8.1254611073e-02 -3.1145085106e-01 9.0589829750e-02 -6.5304952806e-02 5.1700328691e-02 1.8078225898e-01 -9.2111625511e-02 2.6698771282e-02 -5.0409390729e-02 -1.4475767266e-01 -6.9717827049e-02 1.5927162691e-02 8.2165014601e-02 -1.8284988129e-01 -2.5354314599e-01 3.0034206977e-01 -1.1826325090e-01 4.7874329125e-02 -2.4813846084e-02 4.5130712730e-02 1.4351575284e-01 -3.5441981081e-01 -1.1069475698e-01 -1.6882304359e-02 -1.6915825365e-01 9.8417160798e-02 -2.6873183901e-02 2.5578636509e-01 1.0089182632e-02 -4.0006215746e-01 -9.1018840763e-02 2.7592414113e-01 2.5407116710e-01 1.4053872508e-02 -1.1821050714e-02 -3.0781225218e-01 -1.6970922193e-01 1.9268469731e-01 7.8259253846e-02 -1.0867789135e-02 -8.3433830719e-03 -1.3166103355e-01 -1.0739560921e-01 4.4434964819e-01
8.9624279951e-02 -3.6979943312e-01 -1.5288829974e-01 7.0116215148e-02 -1.1746244673e-01 1.6101715043e-01 -2.9171872700e-01 1.3576343319e-01 -2.3194543377e-02 -3.3432672229e-02 -3.3878325498e-02 3.0136566875e-02 2.3519398812e-02 1.3723275643e-01 -5.0043925723e-02 6.8642859647e-02 -7.8341134994e-03 8.6966631532e-02 -8.6404006688e-02 -7.2113780907e-02 9.9340159934e-02 -8.6021330663e-02 7.1841583327e-02 -5.6075301996e-02 1.0731174837e-01 3.1349217472e-01 2.9593618750e-03 5.3319076170e-03 -9.5505903443e-02 -1.4348268861e-01 8.6572652424e-02 -8.1670831754e-02 1.0758346518e-01 3.8767911115e-02 -1.1777565023e-01 -1.5790624853e-01 1.2435895336e-01 2.0152844039e-01 -1.2108502078e-02 1.0435240380e-02 -2.0708214268e-01 -1.9969286850e-01 1.0745911662e-01 1.0723319433e-01 -1.8406340996e-02 7.1604152339e-02 -1.7860365459e-01 -5.3867287322e-02 1.4989105780e-01
2.0793863510e-01 -1.6607894959e-01 -1.7299532294e-01 -1.0865780247e-01 -2.0392579307e-01 -3.5896350502e-01 2.5241348501e-02 1.8918874722e-02 1.7641805454e-01 -2.5278139004e-01 -3.0802892623e-02 1.9018575931e-02 2.5078004940e-02 1.3067364565e-01 1.3959825963e-01 -1.3823835575e-01 3.3736828146e-01 1.5366427335e-01 7.0084394740e-02 -1.6761401744e-01 1.8713796998e-02 1.4280114815e-01 6.0842129102e-02 1.8179988274e-01 3.7532919454e-01 9.4261462392e-03 -2.7915627753e-01 2.7409576999e-02 4.9180121758e-02 3.0360749620e-02 -8.5911741224e-02 -1.3884118949e-01 2.7235538897e-01 5.2963188774e-02 -1.1170293312e-01 -1.6176679905e-01 -5.4417056386e-03 1.5285678498e-01 1.6221364972e-01 -3.0480652120e-01 1.2799233280e-01 -1.8989812340e-01 2.4383090671e-01 -1.7698757828e-01 -2.5972166393e-01 -1.1828644245e-01 -2.3376571138e-01 -8.5130107470e-02 1.4809389474e-01
-1.9485909597e-02 4.9855566921e-03 -5.9919157255e-04 -1.0567191092e-02 -9.6930505173e-02 7.9082747818e-02 -1.6529247531e-02 4.1670860121e-02 9.7121198934e-03 4.4810705395e-03 -8.5670687481e-02 -2.0451563547e-02 -6.5490384654e-02 1.3567358634e-01 -1.7897909969e-02 5.2106349769e-02 2.2648295441e-02 2.0360203166e-02 -1.3183983478e-01 1.0341891448e-01 1.1858798251e-01 -3.6803775133e-02 1.7868361167e-02 -6.3875881967e-02 4.5761696753e-02 1.3426562443e-01 -5.9713027777e-02 -4.3186180591e-02 1.5247369840e-01 6.9111583980e-02 -7.7768261514e-03 -1.0456212411e-01 -9.2613157853e-02 1.9904490900e-02 -8.5503551111e-03 -5.9469726612e-02 5.7608508394e-02 -1.6795795261e-02 8.3548734927e-02 9.1207265367e-04 -1.0246502800e-01 -6.8875214975e-02 -5.6002995625e-02 4.9944804761e-02 6.8533097592e-02 -3.2133506472e-02 -6.5241087741e-02 4.8911070806e-02 -1.4875429281e-02
-2.4870396450e-02 -2.3382366777e-02 -2.7417701838e-02 -1.1036243633e-01 -5.4862256284e-02 -1.0349809098e-01 6.0772132351e-02 -5.6558984880e-02 -1.1195217337e-01 -9.7061826271e-02 -1.2204593268e-01 3.0154291750e-02 2.2763094497e-02 -3.2440724406e-02 1.6607050395e-01 -1.7488413414e-01 1.9315076446e-01 -5.1832539123e-02 2.0347982081e-01 -3.1744172090e-02 1.0673569158e-02 1.6436428455e-01 4.1828285096e-03 7.1648234606e-03 8.4211456446e-02 -8.4740985148e-02 -2.4556514621e-02 7.7477833418e-02 -1.5110410580e-02 2.0891931442e-01 -1.6421490044e-01 -2.7985762425e-02 4.6942461131e-02 2.6435646674e-02 -6.2688059082e-02 5.8067263421e-02 -7.2895155536e-02 -1.2799066184e-02 1.7385065232e-01 -1.8711834833e-01 5.3914663572e-02 2.9922674898e-02 1.2951015278e-01 -1.1464138136e-01 -2.0541125398e-01 -2.0224548879e-01 2.0265401263e-01 2.8812215751e-02 1.4023993181e-01
1.1055432764e-02 2.4693833077e-01 2.5593694006e-02 -5.2428211853e-02 8.4494606949e-02 -2.0585313087e-01 3.2211021082e-01 6.5853825534e-03 1.1947077022e-02 1.1394979651e-02 1.1748893597e-02 -5.1618189922e-02 6.3005112262e-02 -7.2798093484e-02 3.6811567614e-02 -9.4367275688e-04 8.9564424647e-02 2.2441700038e-02 1.1717182966e-01 1.1384806146e-01 -5.9880534000e-02 -9.2986650119e-02 3.4044423368e-02 -2.1049057097e-02 -2.4457076322e-01 -7.8111026526e-02 -1.1861756173e-01 -5.1682239749e-02 -1.5242111514e-01 -7.4716013265e-03 -4.9056231763e-02 1.7424391574e-03 -1.0951324190e-01 1.5612814491e-01 3.2040435328e-02 1.3377953957e-01 -4.8221247591e-02 -5.5723799757e-02 -1.1072864791e-01 -7.4019988827e-02 1.2411767066e-01 5.5255635092e-02 -8.7441959281e-02 7.6955407957e-02 1.7826817329e-01 -1.2206166382e-02 8.4595150690e-02 1.0331401807e-01 -4.0694853853e-02
-2.8224610993e-01 2.1470208166e-01 2.8072390063e-02 3.8346817331e-02 3.9066630865e-01 -6.8817442518e-02 7.8414096146e-02 -6.1053046271e-03 8.0483845985e-02 -5.4313632977e-03 -8.5274848934e-02 1.4472196511e-01 4.4133284023e-02 -1.6461646269e-01 8.8554562958e-02 -6.3980555858e-02 -1.4612471574e-01 -1.3538928297e-01 1.2392175887e-01 4.6365234892e-01 -1.8765787178e-01 -9.0179415648e-02 1.3398778983e-01 -1.4135775683e-01 -2.9238087470e-01 -1.6148068075e-01 3.0254271153e-01 -4.7264870027e-02 -6.5175673998e-03 1.4890675180e-01 -1.4955410544e-01 1.7403529459e-01 -2.7004322169e-01 3.0246940777e-02 1.6872710006e-01 1.3388940444e-01 -1.9802938916e-01 -1.8249076096e-01 -8.7475260490e-02 8.1767512120e-02 1.5982351188e-01 1.7886707192e-01 -2.7231440877e-01 2.7631814311e-02 9.2053007005e-02 1.8537913584e-01 1.3115037563e-01 1.2479078919e-01 -2.2066091264e-01
-7.6253771689e-02 -4.6191199911e-02 -9.0981251571e-02 8.5185843838e-02 -3.8700700622e-02 -1.7552133710e-01 4.4471517702e-02 -5.1125850126e-03 1.6048857277e-01 -1.0431925062e-01 6.0347412834e-02 3.2271118621e-02 1.1537437394e-01 3.3926671682e-03 6.6373253480e-02 1.1367239821e-01 -2.1315783592e-01 1.2211529425e-02 -1.4326908201e-01 6.8563237616e-02 1.1566103479e-02 1.4190826418e-02 -2.5722542771e-02 6.9712967551e-02 -3.1808090740e-03 1.8828105552e-02 -8.0301488360e-02 -1.0451046921e-01 -1.8086881227e-02 -2.9684017186e-02 4.9827752266e-03 1.8377662720e-02 -3.1912209103e-02 1.3677488644e-01 -2.2451447261e-02 -4.0729662754e-02 8.7449271389e-02 8.6052603072e-02 1.3929450243e-01 -8.0175558986e-03 6.8041945989e-02 -2.1737509646e-01 -1.5063300002e-02 5.4301491139e-03 3.0872562758e-02 2.9209437654e-02 -1.6128912505e-01 1.8877266866e-02 -1.0785451280e-02
2.7002210707e-02 -5.3689821883e-02 -8.7607756110e-02 5.2036503420e-02 -1.3713205164e-01 -4.1498096203e-03 1.8606169384e-02 -1.8985129423e-01 4.6007546889e-02 6.2667646152e-03 -4.3747858070e-02 7.6193530402e-02 -9.8455269399e-03 -4.9733228739e-02 2.0391877640e-02 9.0586966871e-02 -1.3237393510e-01 -3.5767542583e-02 -1.1613159456e-01 3.9247904658e-02 2.5807750558e-02 3.0647506522e-02 7.9499142216e-02 3.4517984122e-02 -7.6181267031e-03 5.3782898773e-02 -9.5900978410e-03 -1.6479628462e-02 -6.0600478405e-02 -1.2512444672e-01 1.2132319102e-01 -1.8556746451e-02 -4.8051320546e-02 -2.6031979535e-03 2.5216700593e-02 2.4259634375e-02 4.9296356549e-02 8.9445864703e-02 8.1627559170e-02 1.9201968853e-02 1.1768707619e-01 -1.1127914523e-01 -9.2867033211e-02 -8.5513294101e-02 9.8268678265e-02 2.0696533981e-02 -1.0819248378e-01 1.4622702855e-02 1.0640352991e-02
-1.9707914841e-02 5.9539398611e-02 2.2663209479e-02 -7.1555613657e-02 1.4092102342e-01 2.4365772230e-01 -4.7594475821e-02 -1.7331156728e-02 9.4554521462e-02 -3.1857088583e-02 1.7874254827e-02 2.8005409269e-02 6.1631022012e-02 -2.8986353949e-02 9.9600058058e-02 -2.0566363571e-02 -2.4861835334e-01 -1.1272959850e-01 -2.0266890081e-01 8.3389880334e-02 5.6266702963e-02 2.9583028352e-02 -8.5771816624e-02 -2.0628558413e-01 -1.0495418014e-01 1.2310876415e-01 8.3848264411e-02 -1.7193477355e-01 7.4200902370e-02 -2.8517842894e-02 -1.2425514521e-01 3.6929065632e-02 -8.0699238865e-02 -3.1973566973e-02 3.4505500338e-02 -1.0713056863e-01 -7.4797766570e-02 -6.1718572074e-02 -1.3488170233e-01 -7.9200264047e-02 -5.4516310432e-02 -1.8227596240e-01 -1.0649783430e-01 3.7376356467e-02 2.3870205240e-01 1.0335570721e-01 -1.6417933819e-01 2.6569373881e-01 -4.0074001413e-02
-1.7518056449e-03 -3.2186839193e-02 7.0818584482e-02 -1.9116726581e-01 -8.5560699059e-02 7.3692080821e-02 1.5938865029e-01 -1.6469960515e-02 -3.8910975233e-02 9.2513477833e-02 9.5754361831e-02 -1.3456172922e-01 -9.6699011483e-02 3.6030082099e-02 -7.2517485685e-02 -7.4442478163e-02 -9.7842224349e-02 7.3740344289e-02 2.0223805837e-02 -8.2869873423e-02 -1.6436584962e-01 8.7953849421e-02 -2.8545361507e-02 -4.7064140963e-02 -4.8858211012e-02 -1.1443093505e-01 1.8616029083e-02 4.8925524510e-02 -1.3573925035e-03 1.6913921579e-01 -5.0813373571e-01 9.9770185599e-04 -1.5075035433e-01 -6.0047211705e-02 4.1952246980e-02 1.3459778164e-01 -1.9112061906e-01 -1.5325738803e-01 1.0142536931e-01 -6.5733046721e-02 -5.8956580757e-02 -1.1904531558e-02 -2.6125609927e-02 -4.7065867696e-02 4.8033966575e-02 1.4749807131e-02 -4.8795722854e-02 1.8065745455e-01 -1.2163387890e-01
-2.2961736334e-02 -5.2999223948e-02 2.5194248793e-02 9.3328831725e-03 -5.5240713648e-02 8.2624060912e-02 3.6468429539e-02 -8.0261476158e-03 -2.2404672253e-01 1.1280567188e-01 -3.3713471587e-02 -1.1357440497e-01 -5.0758256530e-02 8.2833486260e-02 -6.0177100074e-02 -3.5035263920e-02 9.6610957249e-02 1.4063003692e-01 7.8536578767e-02 -1.5589639850e-01 -7.2502202149e-02 -2.7231296461e-03 -2.5177639860e-02 2.6599949290e-01 7.6589328488e-02 -2.3212660104e-02 -4.8000463707e-02 2.5268879958e-02 -2.3542235520e-02 8.9931583814e-02 -1.9636554027e-01 -4.8935669845e-02 1.1391710382e-01 -9.0641591616e-02 -5.2362921974e-03 5.7560016645e-02 6.2686580405e-02 1.4498517187e-02 -4.6016861253e-02 2.9105822497e-02 5.0119353945e-02 8.6856754764e-02 9.0128427424e-02 8.2555119552e-02 -3.2571685698e-01 8.8029327064e-02 1.2507718427e-01 -2.1491633163e-01 1.0902210036e-01
-2.3882551639e-01 2.9687567588e-01 5.6922890256e-02 5.6149776943e-02 3.8574795831e-01 3.1842641133e-02 2.8064172466e-01 -5.6499209603e-02 1.6761937720e-01 7.3020330922e-03 -2.0431239992e-01 9.0455740851e-02 9.6168824758e-02 -5.2637012288e-02 1.2472734333e-01 1.3160482273e-01 -2.1622544043e-01 -4.6129360377e-02 1.5497882241e-01 3.0923064004e-01 -7.3905453883e-02 -1.8774846347e-02 -3.4460341287e-02 -8.3220178537e-02 -1.7920461975e-01 -5.6269860464e-02 2.1233294357e-01 1.1487626933e-01 9.7757587175e-02 -4.2148306360e-03 5.2389617584e-02 7.9151174964e-02 -3.6239947539e-01 1.1648740726e-01 9.1958983208e-02 -3.1856609393e-02 -1.2856910595e-01 -2.3460069649e-01 3.1459402052e-02 2.4711879628e-01 4.8756558308e-02 8.4867861663e-02 -2.1520610514e-01 -1.5928153867e-01 1.2857575475e-01 -3.7527781299e-02 1.6438934911e-01 3.4470367684e-02 -1.4155000749e-01
-4.4080821046e-02 -8.9086340235e-02 7.8704512547e-02 9.1843341395e-02 2.0873498355e-02 2.3376522836e-01 -8.0455059042e-02 7.3730394362e-02 -5.3358485379e-02 -7.3443667445e-02 -2.2313631641e-01 -3.4149499467e-02 9.4253023380e-02 1.2012619706e-01 1.6135078293e-01 1.0657238170e-01 -1.9441189169e-02 -4.0312989615e-02 -1.5708348642e-01 -2.6425144211e-02 6.0073611051e-02 9.0069395494e-02 1.6788488494e-01 3.0536624833e-02 3.4670393576e-02 1.3048497605e-01 8.2898848494e-02 1.3682900944e-01 6.6273034902e-02 6.0026188329e-02 -5.9809720294e-03 -9.5824835295e-02 -1.5546318725e-02 -1.7724951550e-01 2.2889265548e-01 3.4859611352e-03 2.0755425640e-02 -9.8117744604e-02 3.8233306901e-02 2.3687663131e-01 -4.6148150583e-02 3.3491070449e-02 -8.8450912558e-02 -2.0473006657e-02 3.4924895255e-02 1.9473541010e-01 1.5539983142e-02 8.0401556989e-03 -6.7148662504e-02
-8.0617024057e-02 -9.1245488298e-02 1.6626259200e-01 -8.2917394517e-02 4.6651069209e-02 7.5043055568e-01 -2.0414271483e-01 1.0986172677e-01 -4.0902365333e-01 6.3296511370e-01 8.5398438718e-02 -3.4537394097e-01 -1.9279333759e-01 -1.1690400947e-01 -2.2462162629e-02 -3.7736020729e-01 -1.1298283490e-01 -1.6676400501e-01 9.6708655242e-02 4.7448963106e-02 -8.9762593355e-02 6.4573053861e-02 -4.7159921074e-02 -2.1303071502e-01 -3.0671245373e-02 -7.8165278887e-02 1.5071793595e-01 -5.2536090731e-03 4.3739847709e-02 3.6510324692e-01 -5.4071239179e-01 -1.1013368830e-01 -1.3371844343e-02 -4.6497469849e-01 5.8361429468e-02 1.6639784856e-01 -1.6380597700e-01 -1.1141509362e-01 -1.3085627445e-02 4.0434557200e-02 -5.0208805339e-02 2.0921643987e-01 1.1500711763e-01 1.4617966603e-01 -4.7009311806e-02 3.1218558680e-01 7.7949666712e-02 1.0250873028e-01 -5.1510067243e-02
4.8903825943e-02 -2.4730797358e-01 1.1564418951e-02 1.2238631157e-01 -2.1700380441e-01 2.8691925184e-01 -3.1643628225e-01 9.9466679048e-02 -3.0593138020e-01 1.8927798335e-01 1.5253534479e-01 -3.2896218503e-02 4.2043182710e-02 -1.5848021237e-01 -2.8099373317e-01 -9.5457290712e-02 -1.1214964105e-01 -1.5760744662e-01 -1.6002661700e-01 -1.2664964316e-01 7.5424771174e-03 -1.3773103587e-03 1.0597794417e-01 2.9263780000e-02 2.0132699978e-01 -1.5858227159e-02 -2.5488672942e-02 -5.8341721810e-02 -2.2471800145e-01 1.2673357670e-01 -1.3817266781e-01 6.8410617980e-02 1.1704630404e-02 -4.7741249482e-01 -9.2543376911e-02 2.3367020722e-01 4.7246431283e-02 -1.9426383303e-02 3.4252734313e-03 4.8553841239e-02 -1.1639707126e-01 -5.9126716986e-02 2.2927513495e-01 1.9961400043e-01 -1.2065315056e-01 3.3639447013e-01 -6.0732281243e-02 -1.9558416849e-01 1.8338646950e-01
-1.2281377485e-01 4.6726491697e-02 -5.4966205324e-01 2.0183172458e-01 -1.8383412701e-02 -8.5465034741e-01 1.7576508953e-01 -4.0727375913e-01 1.4557529848e-02 -3.3825311824e-01 -7.3788684035e-02 4.8511814824e-01 4.8313563586e-01 -2.6302224260e-01 -3.4485748372e-01 -3.1797435074e-02 5.3693331123e-02 -6.2089913169e-02 -2.3323761009e-02 1.7256999007e-01 -2.3943853406e-01 1.1329643622e-02 3.6469426597e-01 -2.1199788499e-01 1.2903549679e-01 -1.7053032831e-01 -1.0323418467e-02 -1.8162471436e-01 -6.6779547406e-01 -2.7809386281e-02 5.5661029456e-01 5.1685856229e-01 -2.2363558874e-01 2.4071383352e-03 -7.0374621356e-02 8.8319135227e-03 7.0844579372e-02 -1.4915465613e-02 6.8095211768e-02 -1.8468980398e-01 7.6694250398e-02 -1.8764735308e-01 1.2219109376e-01 -2.3876083883e-01 2.0004854785e-01 1.2498713755e-02 -9.6281555728e-02 1.5103490289e-01 -1.1611216219e-01
-1.2996862004e-01 5.2043703935e-02 1.7303026124e-02 -3.1088327393e-02 2.2446935161e-01 -1.1594972678e-01 7.7428696397e-03 -1.7065634285e-02 -2.6517335337e-03 -6.6200041060e-02 -6.1982718147e-02 1.3320639418e-01 4.7253342298e-02 -8.6558587282e-02 2.5105019768e-02 6.0853704813e-02 -1.8587436136e-03 -6.1143448037e-02 1.4622109410e-01 1.8620519136e-01 -1.1739318904e-01 -2.4987473193e-03 7.0680778401e-02 -1.0738516217e-01 -1.7896804082e-01 -9.5861718236e-02 2.2588992300e-01 -2.1326264147e-03 -1.1206450546e-01 1.2391687428e-02 5.4752717279e-02 4.5598259509e-02 -1.4246230260e-01 -2.2897777164e-01 2.0268819683e-01 1.0269297144e-01 -1.0539785848e-01 -9.6065634022e-02 -1.4842935795e-02 5.3825369952e-02 1.0886428298e-01 1.0235414200e-01 -1.8219522215e-01 -9.2521499452e-03 1.5558576251e-01 1.8767087742e-01 1.0029080371e-01 8.6588825512e-02 -1.8179009829e-01
-2.9544519065e-03 -6.2014635245e-02 -9.9350995731e-02 7.6985935986e-02 -3.3575251410e-02 3.8424493930e-02 8.2608205375e-02 -2.5282704751e-02 -9.1970270785e-03 6.7549304447e-02 -1.3715408350e-02 -6.3056301907e-02 4.8588580792e-03 4.1069252550e-02 -2.5618956377e-02 1.7054801967e-02 -1.5496607332e-01 7.9246587483e-02 -5.2752179640e-02 -5.3767964731e-02 -3.2232252264e-02 -6.7919749121e-02 5.1762886870e-02 1.4198809433e-02 -2.3410838627e-02 2.1858775864e-02 -7.1400032934e-02 1.2673572015e-02 -2.2886631806e-03 -6.7875606175e-02 1.4984470685e-01 7.4690810442e-02 -8.4243645578e-02 2.3702039642e-02 2.0974162678e-02 2.5548931216e-02 -1.0994490647e-01 3.2809844150e-02 1.6337542099e-01 4.9443791505e-02 -1.1001299919e-01 -2.1585327539e-02 -1.1870128486e-01 -2.2487657877e-02 1.2321463216e-01 -1.1190193958e-01 -3.8708897653e-02 -8.0132457763e-02 -4.6974361730e-02
-1.4544203391e-03 -3.4548786812e-02 1.2504292123e-01 -4.2551585668e-02 4.7836479008e-02 2.4321864481e-01 -8.3571366781e-02 8.7080898557e-02 2.8744278433e-01 6.8211416266e-02 7.9757115099e-02 9.2890834882e-02 -1.5099870041e-02 4.1786222579e-02 -1.3510189054e-01 5.5201188974e-02 -2.4390613956e-01 7.0226158390e-02 4.4955053001e-03 1.3156006710e-01 -3.9826545994e-02 -1.4145520289e-01 -1.4691650851e-01 -1.0841138958e-01 6.9768179783e-03 2.3866954894e-02 1.0320588520e-01 -1.3462865745e-01 -1.0010361491e-02 -8.0334518827e-02 3.8020346209e-03 -1.1671910421e-01 -1.1769456160e-01 1.6880236763e-02 1.6486481378e-01 -1.0304479584e-01 -8.7870255255e-02 -5.0871043630e-03 -7.9017288684e-02 6.7421558086e-02 -4.3129017503e-02 -1.1955532109e-02 -1.4405261051e-01 -2.1149365075e-02 1.1715862401e-01 4.0719753336e-02 1.3740023770e-02 5.2676576015e-02 -4.2205664261e-02
1.5664327051e-01 -7.1548930334e-02 -1.9262870464e-01 2.8517639376e-01 -1.0914474560e-01 -9.5343570750e-02 3.5323309377e-02 -1.1437728604e-01 -2.3522628505e-01 5.9224716579e-02 -1.8288126057e-01 -2.0951384797e-02 -7.8600214568e-02 2.1704633432e-02 -1.8251384784e-01 -3.7332063548e-02 1.3448339367e-01 2.5993326393e-01 -7.2605565587e-02 -3.0093524929e-01 2.1107496301e-02 5.3593252901e-02 2.5543746006e-01 1.4125741498e-01 5.6562941149e-02 -2.7912640417e-02 -1.2164734314e-01 1.8659514758e-01 -2.7551654059e-03 -8.8881965895e-03 2.4986028952e-01 3.0333994129e-02 1.1117022496e-01 -1.9039960286e-01 -9.6798213847e-02 -1.3913442369e-01 7.2120795786e-02 5.7638682856e-02 1.3495379921e-01 -1.1242173809e-01 -2.9729050711e-02 1.6109049187e-02 1.2292596416e-01 7.2806125567e-02 -1.9158271025e-01 -7.6599389687e-02 -2.0656670886e-02 -1.3128332856e-01 4.4186904881e-02
5.6944966717e-02 1.1375402883e-01 1.4786847743e-02 -5.4994920422e-02 1.4576609082e-01 -1.3822387416e-01 -9.4316042758e-03 5.7778796973e-02 1.9671370388e-01 -8.2798353166e-02 -5.5624914626e-02 9.9245780307e-02 5.3145529550e-02 7.8394602857e-02 1.1421555805e-01 -3.2977951052e-02 -1.1178983279e-01 -3.2006171940e-02 -1.7354067223e-02 1.6095724981e-01 8.0902931958e-02 -8.4376873906e-03 -1.2444226633e-01 -1.7982027045e-01 -6.0729165454e-02 8.6155680956e-02 -2.5128047269e-03 -1.3386760862e-01 -6.6944502220e-02 9.8147927853e-02 -3.5299193914e-02 -9.9929962381e-03 -2.4016925689e-01 8.0228450574e-02 1.7477888877e-03 -4.8982698923e-03 -7.4855091045e-02 -9.9873884642e-03 -1.7723124180e-01 -3.7468589257e-02 4.9841862207e-03 -1.2165660099e-01 -1.7563586245e-01 -8.1069561468e-02 2.2130924464e-01 -6.2295214170e-02 1.3021881959e-02 2.1071447480e-01 -5.7248162119e-02
-1.8049212598e-02 -2.0110242276e-01 3.5164743881e-02 8.0205659244e-02 -1.2405671627e-01 1.3573755872e-01 -2.3467394429e-02 2.0893737523e-02 -2.1156449720e-01 1.5751798709e-01 1.3987916633e-01 -2.5956692535e-02 -9.2716896805e-02 -2.0598215746e-01 -1.0301999388e-01 -1.5974523622e-01 -7.3836174391e-02 -7.2269238076e-02 -5.4561343562e-02 -2.6467764417e-01 -1.4772435608e-01 -5.5474893202e-02 -1.1029146274e-01 -9.1846730562e-02 -3.7814448388e-03 -1.9045774685e-01 -4.4197661021e-02 -1.0290524581e-01 -5.9624567519e-03 3.5069774852e-02 -2.2586019279e-01 6.4948885017e-02 2.9605252743e-02 -2.3809330528e-01 -1.4250793860e-02 1.3810572575e-01 1.1107481375e-02 5.0199449048e-02 7.5938718432e-02 1.4864738789e-01 -1.1727501009e-01 -4.1293417076e-02 1.7738842643e-01 1.2455595735e-01 -8.0423350966e-02 1.5354956117e-01 -7.4687970984e-02 -2.2465723216e-01 3.6720831699e-02
-5.8836707586e-02 -2.0126939370e-01 -7.8706331154e-04 1.5189498382e-01 -3.2473660719e-01 3.8341390456e-01 -1.1365942797e-01 1.7048387418e-01 -1.8061912622e-01 4.1110297734e-02 -2.8454865971e-01 8.6661075987e-02 1.3495054185e-01 3.2362137747e-03 6.4673764401e-02 -6.7566902058e-02 2.3424543346e-02 -3.5504708935e-02 -2.7067224630e-01 -1.9622558907e-01 2.3259645353e-01 1.3530849194e-01 2.2774423042e-01 7.6654248528e-02 1.7854821607e-01 6.6387367350e-02 -1.4633627720e-01 1.5519489850e-01 2.2237638327e-01 9.0280087380e-02 -3.1176237772e-02 -1.0140213855e-01 2.8207037732e-01 -1.6026725291e-01 -7.9560648749e-02 -1.5058545002e-01 2.2937029854e-01 -3.0707280720e-02 2.2269492593e-01 2.1358028020e-01 -1.0421547092e-01 6.2437331951e-02 2.3421079014e-01 -8.7882836631e-03 -2.1942011974e-01 1.6137308700e-01 -5.7721220027e-02 -2.3520991055e-01 1.6947460259e-01
1.6724787165e-02 -1.7683319666e-02 -1.1436183812e-01 -9.3964585940e-02 -5.6338696577e-02 -2.3385972294e-01 4.4398975422e-02 -1.2439293387e-01 2.4119809767e-01 -2.9603513093e-01 1.2134417106e-01 7.6597620906e-02 1.5022060051e-02 9.1546760067e-02 1.9464065551e-02 1.1375832785e-01 4.3738866775e-02 3.8104315291e-02 -2.8068747800e-02 1.3494764788e-01 -3.9482229220e-02 7.5865532798e-02 -8.8568764135e-03 1.5710128856e-01 4.6401173864e-03 1.0870641255e-01 -1.3826142751e-02 3.1303474352e-02 7.5293227962e-03 4.2204714759e-02 2.6157194949e-02 -8.7782648526e-03 -1.9999463495e-02 1.1654299955e-01 2.1793010564e-01 -1.0481483914e-01 1.3253474846e-02 -1.5118207890e-02 1.2962513511e-01 -5.4702929113e-02 1.3930631316e-01 -9.1775013752e-02 -8.9811073235e-02 -1.3015503506e-01 -2.0434792969e-03 -9.3990805947e-02 -1.8461783242e-01 1.6655261560e-01 7.6950906609e-03
7.9504940430e-03 -1.6452653730e-01 -2.6318258065e-01 3.2063919126e-01 -2.4834553565e-01 -4.5831353606e-01 1.0215043769e-01 -1.7716250018e-01 -2.1015375680e-01 -1.3323157588e-01 -3.4780167904e-01 2.4246233242e-01 2.1737425657e-01 -7.0797758301e-02 4.5259014520e-02 -2.3196059548e-01 3.1192854519e-01 -1.2878233265e-01 -1.9393498335e-01 -4.3378468509e-02 -5.0016986103e-02 3.5597254853e-01 2.5382721492e-01 1.6768989594e-03 4.1878723103e-01 -5.8233056692e-02 -9.5819534797e-02 9.0047864483e-02 -1.2008433326e-01 2.3366753768e-01 1.5818945177e-01 2.4570621052e-01 1.1134281600e-01 -3.5244741672e-01 1.0289919794e-01 -3.7489471197e-02 9.1353283489e-02 -4.1254051463e-02 1.8734734916e-01 -1.2695237110e-01 6.1919703618e-02 -6.0855775870e-02 3.1688663922e-01 -4.8799006088e-02 -1.6923064827e-01 -1.1337673343e-01 -1.1876465041e-04 -2.6685719043e-02 1.6012358531e-01
3.3671503234e-02 -7.3238878374e-02 -9.9666120259e-02 2.9933216795e-02 -1.1063885297e-01 -5.2350751569e-01 1.6540428393e-03 7.2451621724e-03 -2.2013162358e-01 -4.9485008111e-02 1.2576111092e-01 1.2714198531e-01 1.7217703137e-02 -2.5620288442e-02 -2.2165606377e-01 -2.0734697206e-01 2.7256062530e-01 4.0970884131e-02 8.6701220233e-02 -1.3247015033e-01 -7.6334070577e-02 -7.1333891169e-02 1.1644137254e-01 6.7272144782e-03 4.2027737031e-02 -2.2194892885e-01 -1.3308378840e-01 1.3085573646e-02 -2.2582684173e-01 -2.9633973807e-02 2.4845624643e-02 2.6292106115e-02 1.0391897735e-01 -1.9015048562e-01 -6.8472333835e-02 1.3012963379e-01 -2.0108220269e-02 1.0368753363e-01 -8.4888049639e-02 -1.3840553604e-01 3.8407806650e-02 6.8453229599e-02 1.8336321780e-01 2.9062273467e-02 -1.7318924278e-01 -1.6543471409e-01 8.2332184761e-02 -1.8535862248e-01 1.8504187134e-02
-8.8496377544e-02 -3.1977510465e-02 7.0453609233e-02 5.8080370960e-02 4.0704627167e-02 1.9174294450e-01 -1.0533657372e-01 8.0559288397e-03 2.2232911037e-01 -3.2626396706e-02 6.6456777476e-02 -4.5358312953e-02 2.4520709393e-01 -7.2597349144e-03 -1.2877906963e-01 3.5084472609e-02 -2.8715471269e-01 -5.7226192585e-02 -2.0397868310e-01 1.0489785653e-01 -3.8073528230e-02 -2.4581700234e-01 1.0297204191e-01 -2.2561327379e-01 -1.0415987853e-01 -1.3858648136e-02 1.2045297316e-01 -2.5592608985e-01 -1.4095389923e-01 -7.3978521406e-02 1.7831489424e-01 2.0626582286e-02 -2.0093555116e-01 -7.2991601364e-02 6.5526810090e-02 -3.4345377050e-02 9.3886143199e-02 1.0817895687e-01 -2.0000430168e-01 3.3121152593e-02 -8.0612076632e-02 -3.4951576043e-02 -1.9145139427e-01 1.4243095556e-01 2.3693895928e-01 3.5718531243e-01 -5.6625772968e-02 1.2920370598e-01 -8.1447110734e-02
2.3252802990e-01 -9.9283106493e-02 9.5969494884e-02 -4.1739716399e-02 -1.9061818567e-02 -4.2101079347e-01 -1.9976970585e-01 -5.1953026226e-02 3.5538101342e-02 -1.6891749174e-01 1.9181468164e-01 3.6679698234e-02 4.4543465383e-03 1.3509891441e-01 -2.4575524008e-02 1.7513095676e-01 5.2769782942e-02 2.8647408025e-01 3.8380631667e-02 -5.8631289442e-02 1.1960893681e-01 -1.9858867531e-01 1.3951347585e-02 1.1659106088e-01 -1.8377936703e-02 5.6523419869e-02 -5.9415089418e-02 5.1888683378e-02 -1.2098465725e-01 -1.0350204790e-01 2.4427415377e-01 1.6328836680e-02 2.2137932611e-01 2.8922836123e-01 -1.8070674762e-01 -3.6957694077e-02 2.1958795750e-01 5.3091210211e-02 6.2032886156e-02 -4.7614495104e-02 -8.6484115319e-03 -1.3833719522e-01 -4.9684843662e-02 -3.2337539145e-02 -7.9250179173e-03 -6.9007592648e-02 -4.0338310813e-02 -1.3781136437e-01 1.1433873922e-01
-5.2922524887e-02 7.8077396069e-02 -2.1438785998e-01 -1.2289655503e-01 6.9751504287e-03 -4.2305796673e-01 1.8106756153e-01 -5.4142703770e-02 7.8146615798e-02 4.4243273041e-02 1.8247709784e-01 8.3328857896e-03 -1.9537284161e-01 -1.0572742693e-01 -1.3472763922e-01 -2.0873541420e-01 3.6932952500e-02 -2.1982944708e-02 5.2254677414e-02 4.8866249298e-02 -1.1533703556e-01 -2.8013767815e-02 -4.2536374572e-02 -7.7590156120e-02 -1.2823581678e-02 3.2474907839e-02 1.1669207755e-01 -1.4381413977e-01 -1.5436270779e-01 -2.2434781689e-02 1.3464358251e-02 4.7101841121e-02 -4.7149588664e-02 8.0692463442e-03 6.7432030527e-02 8.9927527877e-02 -1.4939934004e-02 -5.2396069942e-02 -6.5246030016e-02 -2.6934962821e-01 4.8959993337e-02 -1.0231655717e-01 -7.4449527349e-02 -7.6419735712e-03 8.3682613097e-02 -2.4074914443e-01 -1.1571070410e-01 3.2358137746e-01 -1.9229456353e-03
2.7415872210e-02 2.5170511453e-02 -9.8783823704e-03 -3.6874092986e-02 -2.5563505424e-02 -4.3526837172e-02 -2.8098033633e-02 -5.7765914912e-02 1.1023547836e-01 1.0445001634e-02 3.1721254084e-01 5.3104253618e-02 -1.7809650091e-02 5.0466119862e-02 -1.8319812592e-01 8.4394625548e-02 -2.1502545182e-01 1.2427831844e-02 -1.6738834528e-01 1.3050558186e-01 -5.5462154147e-02 -5.9106237135e-02 2.1908725935e-02 -2.7162285303e-01 -3.1835896894e-02 5.7060699759e-02 4.7944073555e-02 -1.4951699301e-01 -1.1996581783e-01 -1.2836019437e-01 2.4533852723e-02 9.3729265711e-02 -7.6785531728e-02 5.1289828785e-02 -8.0262941271e-03 3.2900860251e-02 -2.1648663428e-02 7.7854888213e-02 -2.2031610840e-01 -9.0920640184e-02 2.6602297759e-02 -8.6643179332e-02 2.1141999790e-02 2.4342320891e-02 1.6163876731e-01 1.5857338426e-01 -6.6976179583e-02 1.1673480118e-02 1.5311321029e-02
3.1786460525e-02 -5.1466169540e-02 -4.0510403180e-02 -2.0298876525e-02 -8.6775224939e-02 -2.5178552395e-01 1.0257965410e-01 -6.8261862160e-02 -4.7111519887e-02 -9.2909415387e-02 9.2569769503e-02 9.4593672494e-02 -1.3519448956e-01 -3.8282764315e-02 -7.2825026324e-03 -4.4505336289e-02 3.0036853071e-01 -1.0439181420e-03 1.1890894042e-01 -7.0427793303e-02 6.6437044947e-02 5.2409026502e-02 -2.6852428707e-02 1.1429038323e-01 9.2269294741e-02 -1.3120261839e-01 -2.5090242279e-02 1.6770539556e-01 3.4310737869e-02 7.9337892424e-02 -9.6309915466e-02 2.7661637178e-02 1.6450319042e-01 -9.4103046112e-02 -3.2812014557e-02 2.2927367967e-02 -8.9927009441e-02 1.6400225152e-02 1.6931673023e-01 -1.2924314970e-01 -2.8120617974e-02 -2.1606282661e-02 8.5574232641e-02 -9.1359182718e-02 -3.3087954968e-01 -3.1422120799e-01 1.0057672729e-01 -1.6053810298e-01 8.2256614705e-02
-9.8857878602e-03 -1.4088057541e-01 4.7708061158e-02 2.0525875340e-01 -2.1234229050e-01 2.0663991131e-02 6.1926716163e-02 -5.9573429429e-02 -1.4835458436e-01 -1.3629159181e-02 -2.5073469801e-01 1.0585157426e-02 1.6296877292e-01 -8.4314787872e-02 -4.0683421206e-02 1.3074920614e-01 1.4326395837e-01 -1.6074274446e-02 -2.4748751802e-02 3.9015941456e-03 2.6445046386e-02 1.3496616117e-01 2.1836806293e-01 1.6587748543e-01 -7.9499599586e-03 -4.9598311625e-02 -1.0953456233e-01 2.6594853136e-01 9.4661045799e-02 -6.8808711791e-02 4.7513882285e-01 3.7229928238e-02 1.6154871230e-01 -4.9749573094e-02 6.8013064402e-03 -6.5730925715e-02 2.7067331542e-02 7.1049294225e-02 1.3976608506e-01 1.0146164598e-01 -1.5625484734e-02 4.1913691159e-02 6.7828411552e-02 4.6645081632e-03 -8.3104911289e-02 1.2622476868e-01 5.4739198602e-02 -2.7387705683e-01 5.7737944696e-02
4.3355842981e-02 2.8981083693e-02 3.2965153080e-01 -1.9609441402e-01 9.0709630385e-02 8.2470803168e-01 -2.1860916136e-01 2.6908349601e-01 -2.0593898257e-02 1.3290018855e-01 1.0868992027e-02 -1.1717341848e-01 -1.2322837317e-01 8.5333258057e-02 2.3643564337e-01 4.2435700077e-02 -6.0114996585e-02 1.9868842897e-02 1.3945216990e-01 9.8084516442e-02 6.7795637017e-02 1.3889862216e-01 -1.6900423141e-01 2.5792071804e-02 -1.1268724089e-01 1.0571303303e-01 2.3160650905e-01 1.0825252787e-01 3.6976849723e-01 1.3258303788e-01 -4.3947590788e-01 -2.4020558410e-01 -8.0287602421e-02 -1.9320115997e-01 1.1308457242e-01 7.9280010503e-02 -1.6632197756e-01 -1.4951885051e-01 1.1801466980e-01 2.7947290520e-01 6.0468788689e-02 2.2160641008e-01 -8.6699257456e-02 4.1248897043e-02 -4.1529881707e-02 9.4918588432e-02 4.8181208829e-02 1.0532407858e-01 -2.0731303133e-01
-1.5958879666e-02 -3.5560192378e-02 -5.1139658046e-02 7.5525718581e-02 2.4263900232e-03 -6.3826759220e-02 -4.4157765132e-02 -3.9192149302e-02 1.7685404261e-02 -4.1540055083e-02 -6.1910239585e-03 2.2693479721e-01 -1.2810331349e-02 2.6047829939e-02 -8.6396542640e-02 -3.3500007479e-02 -1.5685246375e-01 -9.8776376719e-02 -7.1730818754e-02 -1.3597413610e-01 -1.3470312032e-01 7.3021392142e-02 2.8311445085e-02 -1.0028486042e-01 3.3740156838e-02 1.0402224315e-01 5.3897484450e-02 -2.1917021641e-02 -1.1265476112e-01 7.6680903551e-02 3.7499080231e-02 8.9170900957e-02 -1.6194318867e-01 -3.0727438447e-03 6.2217345358e-02 -2.7903085551e-02 5.0870785199e-02 -4.3101494555e-02 6.8561571675e-02 3.4670489333e-03 4.5459756902e-02 -8.0610920072e-02 -5.3810129795e-02 -6.0640948486e-03 1.3284761193e-01 9.1579326688e-02 -3.8949827337e-02 -9.2914034169e-03 -1.1255506770e-01
-1.4565711276e-02 -1.2177441228e-01 1.6328028718e-01 -6.7739074005e-02 -3.8718117827e-02 4.2785538531e-01 -5.2278427164e-02 7.6343615048e-02 -1.1983532349e-01 5.5576967309e-02 4.0751115292e-02 -1.3518939476e-01 -1.6171951457e-01 5.9960721574e-02 1.3469862894e-01 -5.1453475805e-02 3.8062105768e-02 1.4290315377e-01 -8.5462519846e-02 -2.7427800940e-01 1.2276373816e-01 7.6383775947e-03 1.9078264287e-02 2.2103561776e-01 1.7927619696e-01 -7.2778831748e-02 5.0289729868e-02 1.4396224766e-01 1.6750522954e-01 4.5236793225e-02 -1.4622380908e-01 -9.0412419629e-02 8.8067648509e-02 -2.2702268457e-01 -5.1610861676e-02 -5.0847641197e-02 4.6160056862e-02 -2.2945166130e-02 1.7842116473e-01 8.3648065710e-02 -9.6190472894e-02 6.1766153227e-02 8.3337091762e-02 1.4066209269e-01 -1.2396408177e-01 1.5888818408e-01 9.5401832060e-02 -2.9519955446e-01 5.5215330157e-02
