4.9335583409e-02 -2.2206489907e-02 -4.8247207245e-03 5.7324935352e-02 3.4168727563e-02 -1.0196392997e-01 -1.3788845442e-02 -1.0827215152e-01 -1.1498962814e-01 6.6203553133e-02 -9.0160094792e-02 -1.0010734989e-01 -6.3277521085e-02 -1.0087948167e-01 8.7830180907e-02 -4.0042944383e-02 1.2170008660e-01 1.7843502766e-01 -4.6347916327e-02 -2.7781262621e-02 1.9501534511e-01 1.6869032702e-03 -1.3204190341e-03 -2.3212562986e-02 3.9686908323e-02 -2.1883634668e-01 1.8909819608e-02 -2.3895717919e-01 -8.3703357948e-02 -1.2160696281e-01 -8.0289885795e-02 -7.5163377155e-02 2.3403944672e-02 1.1460872617e-01 6.7137816256e-02 5.5541741916e-02 4.9972965325e-02 -1.5626536591e-03 1.6966015356e-01 -4.8362717996e-02 -1.0482110816e-02 -8.8708222304e-02 -6.8300747345e-02 -2.8878070615e-02 7.7095896589e-02 8.0866975531e-02 -1.2050311735e-01 -4.8924164378e-02 -1.0451192387e-01 -1.8018555040e-01 1.5140743160e-01 1.0781465960e-01 8.9226715617e-03 6.2751658428e-02 1.9936604839e-02 1.0987776360e-01 1.4710387557e-02 -1.2009699944e-01 5.8191677616e-02 1.3795797051e-01 -1.2427355193e-01 1.9157352143e-01 -1.2394985083e-01 -5.2217423647e-02 9.7138054848e-02 1.2492287001e-02
1.7586872650e-02 -7.8666301977e-02 6.6969769852e-02 -2.9238366814e-02 -6.6914355722e-02 -4.4922875594e-02 -1.3800257514e-01 4.1104783374e-02 -9.3670516811e-03 -1.1720113278e-01 -5.2218092251e-02 -3.2937226980e-02 -1.4957817000e-01 -5.8421538303e-02 -5.6025182664e-02 1.6739420877e-01 -3.9032514690e-02 9.7216832294e-02 -7.7701299225e-02 1.0947766060e-01 -9.9150151006e-02 -6.9753544297e-02 -5.8918335628e-02 6.4668469704e-03 -1.1063378860e-01 1.4695641591e-01 9.8649638527e-02 -5.4904939447e-02 -1.6491474302e-01 -1.1906181720e-01 -1.3976691513e-01 1.4917069248e-01 -1.1291705200e-02 -2.1326142623e-01 -5.4847038170e-02 -6.8923588377e-02 -1.2517864579e-01 2.0665214530e-02 1.1813727147e-01 7.7928759967e-02 -1.2127954047e-01 -5.0274536911e-02 -1.0505649751e-01 6.0660115439e-02 -1.3373223446e-01 9.5442371004e-02 3.3235638967e-02 1.0225741426e-01 -9.5751758921e-02 4.4661814706e-02 2.1199404416e-02 -1.2719698276e-01 3.1390402357e-03 -1.5419836737e-01 -8.5364425292e-02 2.7399754034e-02 -7.7113041662e-03 -1.9080227104e-01 1.6832769848e-01 2.8015526315e-01 -1.4205047955e-03 -6.5476826326e-03 -4.6113497392e-02 6.3619477890e-03 4.6329120241e-02 3.4584457345e-02
1.7817197642e-01 5.8486598182e-02 8.7295830522e-03 -2.0111513777e-02 -4.4233721096e-02 -3.1840566876e-02 2.6192220990e-02 1.6596591048e-02 1.0661607046e-01 1.6701040621e-01 -1.4098446097e-02 8.0309089722e-02 -1.3318718182e-01 9.9053497009e-02 -6.7924956765e-02 3.0619344166e-02 -3.9887258521e-02 1.2813031578e-02 -1.9711347407e-02 -9.6375284098e-02 -1.5985570740e-01 -9.4538569330e-02 1.7617214830e-01 -8.9789515803e-02 4.4857892136e-02 1.2158937112e-01 1.6443131100e-01 1.1506808603e-01 1.3608344592e-01 -8.5165302194e-02 1.1895598237e-02 2.7223744245e-01 -6.5379320760e-02 -1.6397647899e-01 2.1312613439e-02 6.6068981932e-02 1.5193345096e-01 1.2520534086e-01 -8.0449297702e-02 -1.4414948147e-01 -9.1884509502e-02 -1.9830216671e-01 -8.9061332433e-02 -3.5607748209e-02 9.3708924227e-02 3.4727904330e-03 7.2381288688e-02 1.2727945491e-01 8.6254066763e-02 1.4196301885e-02 -1.1928890529e-01 -3.6063793565e-02 -8.1744924433e-03 1.1244183865e-01 -3.8945589762e-02 -1.9046979993e-01 -1.6063770967e-01 7.9233781221e-02 1.2169903218e-01 -4.9737958391e-02 8.4158392644e-02 -9.0757708424e-02 1.7424050778e-02 -1.0312079770e-01 -1.5802788435e-01 4.7744128670e-02
-3.6677224091e-03 -5.1990830507e-02 1.6096845708e-01 -6.3675615883e-02 -1.6352806203e-01 1.2464779408e-01 -9.2479733074e-02 -9.0811204677e-02 -8.2742654303e-02 1.1098511227e-01 7.5679255563e-02 1.4870083618e-01 8.7148831091e-03 9.6039922815e-02 -5.3008325461e-02 2.7213514571e-02 -1.5703871926e-01 3.0759346174e-01 -2.3484539144e-01 -3.0948638469e-02 -1.5929690712e-03 -9.9779512054e-02 8.1074537377e-02 1.1679395180e-01 -8.7067805866e-02 -1.8776139055e-01 1.5820422565e-01 -7.4903755333e-02 -6.1673275644e-02 -1.2229029781e-01 -1.5446371616e-01 -1.2473521925e-01 5.1159575598e-03 -1.1948759613e-02 -7.3243869699e-02 -7.1942009815e-02 -1.4159708890e-01 -1.8974114808e-01 4.2883828345e-01 7.3922559774e-01 -2.5249134865e-01 -1.3874632970e-01 -2.7007437310e-01 -3.8369072483e-01 -2.2532573512e-01 7.3094875188e-02 -1.5372162208e-01 -6.8532682794e-02 8.5242242041e-02 -3.9358000498e-01 -1.1528530513e-01 6.4376027541e-02 8.4583698771e-02 -2.2703909971e-01 -1.0665383437e-01 1.6973123179e-02 2.4878110297e-01 -2.4481323014e-01 -4.5191434471e-02 -2.7705297417e-01 8.9080065852e-02 -4.6477735437e-03 1.5726880848e-01 -1.8025971832e-01 -1.2875624332e-02 -5.5794306586e-02
-1.8085658648e-01 1.4505071831e-01 5.6042702953e-02 -4.3917634392e-02 -1.3339176266e-01 2.0387218931e-01 1.3794411257e-01 -1.7747496085e-01 5.8798058238e-02 -1.7817705106e-01 -1.5301108913e-01 2.5963460943e-02 -1.4030221660e-01 -1.3835730369e-01 3.2423848414e-02 -4.7610650771e-02 -2.0116946461e-01 9.6216932723e-02 3.1248848551e-01 2.0954010109e-01 -1.7866041292e-01 1.6011442995e-01 7.0322140411e-02 2.5159495806e-01 -3.4822715042e-03 -2.0257749195e-01 5.7699872199e-02 -8.0390173082e-02 2.4461436325e-01 -2.1720945172e-01 2.4539489590e-01 2.2299601560e-01 8.4856591996e-03 7.1242981688e-02 1.5361064338e-02 9.4059617768e-02 -4.1467423543e-02 -8.6330323818e-02 -9.9032419271e-02 -9.5801451578e-02 1.3613799971e-01 4.4104723732e-02 1.1979974014e-01 -3.9299045222e-03 -1.5820271819e-01 -3.6517019104e-02 2.3888677144e-01 -1.3955640042e-01 -1.4256888153e-01 1.9029821854e-01 -1.6781240546e-01 5.9229790722e-02 -2.9559713994e-01 1.3276250506e-01 6.8028060574e-02 -1.3672747604e-01 -2.2640164618e-01 1.7764051380e-01 6.1272016374e-02 2.0159871924e-01 -3.3808711070e-02 -2.1105485780e-01 -1.8688152977e-01 -1.5963325600e-01 -1.1865946119e-01 1.8830787920e-02
-2.2329804878e-01 4.6020082847e-02 -1.5049652591e-01 1.1092639128e-02 -8.1274413270e-02 -2.1224159545e-01 -9.1069911292e-03 1.7736222533e-01 1.0674628608e-01 -2.5612921118e-02 1.7057506984e-01 1.0372612907e-02 1.5491312707e-01 4.3713411280e-02 -1.7833755757e-03 6.7375053914e-02 1.6373688253e-02 -5.8174873687e-02 -3.2127892823e-02 -2.6923178073e-02 1.9774072823e-03 3.6710080805e-02 -1.3766434604e-01 1.6880988887e-01 7.2065046476e-02 1.0759853809e-01 2.4966479973e-01 2.3962863101e-01 3.5924619001e-02 -1.2728016803e-01 1.0540742305e-01 2.0625433571e-01 -1.9096518306e-01 -8.9461437854e-02 1.4237768253e-02 -3.8032819853e-02 -1.1958678686e-01 -4.0142008376e-03 -5.4432093272e-03 2.3554765724e-02 -3.8598020561e-02 -8.4251554270e-02 -1.7734585230e-01 -2.5023313582e-01 -2.5368233575e-02 -4.6460222370e-02 -2.1033951034e-01 -3.9230459370e-03 3.1059585337e-02 1.3460405245e-01 -1.3888312330e-01 9.4857708726e-02 -9.6476545357e-02 -1.1762372941e-02 6.3011816169e-02 2.9496759119e-02 2.8032748203e-01 6.7262902537e-02 3.9158649083e-02 -4.6870612306e-02 -3.4603067004e-02 -1.2629485487e-01 1.2991151482e-01 -2.5268337623e-01 -4.3272136040e-02 -5.9600832981e-02
7.6763008929e-03 -6.6480153502e-02 -1.7944355399e-01 -9.5201052944e-02 -7.7935576622e-02 -4.3117927048e-02 -4.9590444071e-03 5.7426161003e-02 -1.0052049171e-01 -9.6248143047e-03 -1.3705396230e-01 1.8118485201e-01 1.3079995809e-01 -1.3652055516e-02 8.3211750212e-03 -1.0681892680e-01 -1.0706156154e-01 -2.0401249424e-02 -3.4354637170e-02 -1.1644411573e-01 6.9436058793e-02 -1.9232788928e-01 6.5209454913e-02 -1.3420207233e-01 7.6821868199e-02 -9.1697006101e-02 2.2251093381e-01 -2.8384529145e-03 -2.1081573447e-01 -1.2876083430e-01 -6.8027298305e-02 -1.5542825888e-02 -4.3725602777e-02 -1.1253311179e-01 -1.0065520977e-01 1.5552650174e-01 1.1906160411e-01 -1.6546046952e-02 2.3033848975e-02 -1.3610003094e-01 -5.8812131080e-03 9.7012524620e-03 -6.9044395640e-02 3.2247664319e-03 -7.9435482248e-02 -5.2226720824e-02 2.0308741127e-02 -1.2248368073e-02 -8.5202311577e-02 9.2007740592e-02 -9.8255253488e-02 1.7387101768e-01 -2.7801766675e-02 2.2132619501e-02 1.0484480848e-01 -9.4579229700e-02 9.0640535021e-02 5.4118736560e-02 -1.3329272988e-01 -1.6788982372e-01 1.6246991068e-02 1.1977959836e-01 -3.1981591607e-02 9.3649968372e-02 -2.7998840812e-01 -3.8489682677e-02
7.7444851769e-02 -2.1830649932e-01 2.8214814051e-01 -9.1351520480e-02 1.6581644377e-02 -1.3063220714e-01 1.8925925844e-02 -8.1783004410e-02 1.2948293052e-01 1.1789056275e-01 -1.4269278876e-01 -5.9961813100e-02 -1.0324446608e-02 -5.6241461981e-02 2.5264842282e-01 -2.0498526762e-02 -2.2065358699e-01 -9.0263593160e-02 -2.8332204038e-01 -1.6303580298e-01 5.5571810981e-02 3.7953594508e-03 -7.5821386236e-02 4.5070806013e-02 1.6385006015e-01 -1.9550610864e-02 1.8976407043e-01 2.8794190551e-01 -1.2561872504e-02 1.3774384326e-01 1.1483310007e-01 1.7620777025e-02 -1.7216481351e-01 4.4861641187e-02 1.7134014677e-02 8.0736733688e-02 6.9132012539e-03 2.1575738652e-01 -3.3548954426e-02 -7.3997766326e-02 1.1434116087e-01 -1.4971676883e-01 2.8124744173e-02 7.3518195430e-03 2.8223020773e-01 -4.6339338937e-02 -3.7928940485e-02 -8.6335277955e-02 -9.1956954922e-02 1.4317036480e-01 1.7221348358e-01 4.7946238866e-03 1.6332515279e-01 2.0883588357e-01 -1.6844965662e-02 1.3864147822e-01 1.7993443448e-01 -3.3097936976e-02 7.3999030930e-02 6.4802701494e-02 1.3620706896e-01 2.0980185936e-01 -4.9634940676e-02 3.7395632644e-01 -1.4513809734e-01 -7.2187913546e-02
-2.7612848328e-03 -7.2941490296e-02 3.0751675475e-02 2.5455292918e-01 -1.4981627783e-01 1.0789875984e-01 -1.5322064900e-01 -1.7818013357e-01 5.8162475755e-02 2.8886381760e-02 -1.0375857269e-01 -2.3158533176e-02 6.6633446676e-02 1.3209087960e-01 5.5474095768e-02 -9.3139935920e-02 9.5568444076e-02 1.2934073033e-01 1.0533387970e-01 4.5925852663e-02 -8.3833992233e-02 -2.8968250557e-02 1.2929960200e-01 1.5608185939e-01 7.4027243433e-02 -5.5456817990e-02 1.9797483656e-02 2.2160501122e-01 3.7987158847e-02 1.0394553602e-02 5.0616787762e-03 1.3573803169e-02 8.6749625295e-02 1.3829119646e-02 2.7810761588e-02 -2.1640407462e-01 1.0820174154e-01 3.8532148620e-02 1.0427196078e-01 -3.8242387070e-02 -3.8111375532e-02 -1.2990335528e-01 -1.4096213959e-02 -4.2296428780e-01 1.8930037179e-02 -1.0595273398e-01 -8.9659607751e-02 -4.9296727958e-02 -7.5524060898e-02 1.5876530424e-02 2.0015514271e-01 1.9657922015e-01 4.2595659376e-02 8.6404876377e-02 -6.8034162882e-02 -1.1394614836e-01 1.4548925480e-01 4.9847968248e-02 -4.9989326428e-02 -9.1488915154e-02 -8.1411692200e-04 7.5497901209e-03 3.9564031299e-02 9.5625401728e-02 -1.1880282077e-01 -1.2247738525e-01
2.0127429312e-01 1.6664713886e-01 4.4710233041e-02 -4.1063625296e-02 8.5843987397e-02 1.3745550689e-01 -1.2566599156e-01 2.3662208292e-02 -4.3991138818e-03 -1.6056570362e-01 -7.5478955845e-02 -4.2657075169e-03 -1.5588544702e-01 -6.4723690684e-02 -7.2979616542e-02 1.5591891000e-01 -2.2561851420e-01 -3.2158744036e-01 5.0908581153e-03 2.2036718281e-02 1.3498588462e-01 1.3468710764e-01 -1.4949061002e-01 9.1009368494e-02 -1.2044754940e-01 2.9380035434e-02 4.5423711978e-02 5.1237379138e-03 -1.1970667629e-01 -1.7340533991e-01 1.4004252531e-01 -3.7308579465e-02 1.0328848231e-01 1.6237342831e-01 -5.0981167806e-02 -6.4018011379e-03 -1.1382401856e-01 -1.2065992074e-01 -2.0687124779e-01 -2.0568415992e-01 1.4545906743e-01 6.5906240523e-02 3.1753306288e-01 -1.0656706741e-02 1.5282227108e-01 1.7539015454e-01 1.3946378909e-01 1.5579117521e-01 2.7381724523e-01 3.2678652927e-01 -2.3267363682e-01 -2.7551584803e-01 -1.7512327376e-02 -7.5116881408e-02 7.4371251612e-02 1.3253862171e-01 -8.7325219643e-02 9.8426742724e-02 -7.5657398182e-02 -1.4953701862e-02 2.5632000354e-01 4.2196100236e-02 -1.8721831441e-01 -2.7490636169e-02 -1.4945896194e-01 -4.4945008638e-02
2.6049503256e-01 9.1982305051e-02 7.0918300473e-02 -7.4792036371e-03 6.1874692394e-02 5.3541215664e-02 2.1423134813e-01 1.5207558052e-01 -3.3704397999e-02 9.6155454504e-02 6.7182191252e-02 1.2943221107e-02 1.1011292906e-01 4.6496499983e-02 1.6321184595e-01 3.4634872237e-01 3.0154233120e-02 -2.4581880248e-01 -3.0617068794e-01 9.7701325333e-02 3.6725288818e-02 -1.0122657624e-01 5.4719008237e-02 1.3525429413e-01 6.5332229161e-02 -5.1796239321e-02 -3.8454764123e-02 6.4050945104e-02 -7.8535809589e-02 8.8597322570e-03 -1.0005660795e-01 -7.4813381190e-02 -1.3477329713e-01 5.0542247411e-02 -9.6000456964e-02 3.1604443362e-02 -6.1848701305e-02 -2.2636312475e-01 -1.5100595869e-02 -6.2769566672e-03 1.6997331804e-01 -1.1822615028e-01 7.0693837721e-02 -1.0090786857e-01 2.6424745446e-01 7.6947170622e-02 -2.0561886312e-01 6.8307898690e-02 -1.7630825847e-01 -1.3484626681e-01 2.6267586571e-02 -3.2201727891e-02 2.3331529711e-02 -4.2469809135e-01 -8.5621076386e-03 1.1915223558e-01 3.3497398756e-02 -1.5253725657e-02 2.0012955713e-01 1.8307264794e-01 1.7069858034e-01 1.2895156991e-01 6.7690749921e-02 1.1842282111e-02 1.9748271717e-02 -6.6981323823e-02
-7.8116296531e-02 -5.0160682328e-02 -2.4188811988e-01 -1.8134867363e-02 -4.2186897897e-01 -6.3316071015e-02 -1.3077144033e-01 2.2244274597e-02 1.5805763960e-01 -1.9216115540e-01 2.5150960198e-01 -2.3456062293e-01 4.8792047238e-01 3.1251986998e-01 1.2418723454e-01 -2.5134393625e-01 -3.1919396624e-01 2.0461431329e-02 -3.9027567543e-02 -1.7001233442e-01 1.5108247534e-02 1.6459589191e-01 -8.0115089719e-02 -6.7485643938e-02 1.4706052161e-01 4.8927703373e-01 4.7716340392e-01 1.5463770940e-02 -3.8959915100e-02 -4.7196261752e-02 -1.4987096610e-01 2.7073256428e-01 -4.9422603710e-01 -2.1580359027e-01 -6.4095432991e-02 -5.8153034563e-01 1.3721478361e-01 3.2929548746e-01 4.7929676081e-02 2.3698458865e-01 -3.6551531032e-01 -4.1601576509e-01 -2.0908646445e-01 -3.1708632565e-01 -2.1186821779e-01 1.4314976238e-01 -2.0786047618e-02 -8.7318412865e-02 -1.0232817018e-01 -3.2379371290e-01 -1.0345841522e-01 2.0590928288e-01 8.4654704764e-02 6.7587524723e-01 -1.1734950640e-01 1.6340658040e-01 2.6332612320e-01 -2.4547512720e-01 1.7679860498e-01 -1.6431679158e-01 2.6529677743e-02 9.0343164878e-02 2.1124994810e-01 -1.0865763507e-02 3.1859925235e-02 1.6207018033e-01
1.6131975915e-01 5.5459057388e-02 2.0224541530e-02 -1.1075560219e-01 3.4823139500e-01 1.0113850520e-01 -1.2107879760e-01 2.2786453657e-02 -2.2423225235e-01 -5.8653791725e-02 -6.6934985652e-02 -3.6535106929e-02 -1.8501096814e-01 3.1453135211e-03 3.1080863335e-02 4.2668702923e-01 -1.3800863960e-01 1.8827024468e-01 -2.4216297629e-01 4.3364639578e-02 -2.0378323469e-01 1.3142410880e-01 -1.3949423765e-01 8.7250545085e-02 4.0863752534e-01 -3.9238909365e-02 -5.0507382526e-01 -7.7764538313e-02 5.2599201734e-02 3.3662786695e-02 2.0641082983e-01 -6.1376721913e-02 -2.4305841325e-03 -1.4954086322e-03 -2.0440684743e-01 3.3158926243e-01 2.4974390746e-01 3.3892458103e-01 -1.4635175429e+00 -1.5261582858e-01 8.0727624347e-02 1.9164009676e-01 -3.0033931004e-01 3.2644587062e-01 -9.5205470008e-03 9.9016525270e-02 2.6578334061e-01 8.7538413860e-02 8.8908724203e-02 -1.7854860245e-01 -1.5127578501e-01 -3.6440966116e-01 1.0634984709e-01 1.7847397046e-01 8.8585265182e-02 1.1721206430e-01 -3.7185715952e-01 9.7262239134e-01 9.6051754632e-02 5.3763069276e-01 8.2828375026e-02 3.1619694070e-02 7.9741647887e-02 -2.1038865165e-01 7.5219260150e-02 -6.3244520563e-02
-3.6227499054e-02 -2.1970142466e-01 -3.8116863106e-02 3.2405889068e-02 5.2971091174e-02 5.9921683563e-02 1.6604105064e-02 7.7047918072e-02 -7.7429779727e-02 -9.9820467734e-02 8.6839087367e-02 -1.4178841320e-01 3.1959969639e-01 2.8559890127e-01 5.6235805932e-03 -2.4641744719e-01 -2.2519981865e-01 -2.6105990203e-01 -1.3164715292e-02 7.5497323644e-02 -6.6155786163e-02 1.1647487520e-01 -4.3346443225e-02 4.8197939277e-02 2.0558785426e-02 4.0397506856e-02 1.0183894040e-01 -2.0541676960e-01 -5.6800226951e-02 5.8317194353e-02 -1.2017488554e-01 1.4728938967e-01 -2.1802851725e-01 -3.5199302772e-02 -2.3096913627e-01 1.9103928360e-02 -1.0023284606e-02 3.3964302412e-01 3.7564397235e-01 1.7935867084e-01 -2.6949460474e-01 -3.3448778011e-01 -3.7529285558e-01 -2.1397658116e-01 -1.5485213995e-01 9.4246070991e-02 -3.2302541521e-01 -1.9788587206e-02 1.9468222428e-01 -2.9794598627e-01 1.6399146411e-01 2.3400999119e-01 -1.5762659014e-01 4.0379831286e-01 -1.6273980598e-01 1.7294801512e-02 2.2127090558e-01 -3.4487213422e-01 -1.9433391412e-01 -4.9029557643e-01 -1.6897384944e-01 1.9278142931e-01 2.0129706507e-01 -6.0317210518e-02 -2.1916563642e-03 2.9879536256e-02
-2.5307108850e-01 -2.2953306078e-01 2.8997268695e-01 -2.2014551933e-02 1.5959285530e-01 7.9755462024e-02 -8.5684040245e-02 2.4023532066e-02 -9.1718112274e-03 2.2580585024e-03 -1.7296128901e-01 2.2250574936e-01 -1.9674186724e-03 -3.9215017888e-02 2.1864333453e-01 4.0558742736e-02 1.9265008945e-02 -9.9742049064e-02 1.9456442464e-01 2.5109088900e-02 -1.4040892871e-01 -4.0853274341e-02 5.8035845737e-02 1.3509850316e-03 -1.6503515269e-01 -1.1663960539e-01 2.5315575690e-01 -9.5641838083e-02 -1.1636552795e-01 -1.0476766351e-01 1.5226674169e-01 -6.4926696338e-02 -1.6587073982e-01 -5.9322350206e-03 -4.7771641527e-02 1.2353325448e-01 2.3318530097e-02 7.0788078233e-02 4.3327618880e-01 -1.2697270935e-01 -1.9668070237e-01 1.8953911647e-01 -3.6031433089e-01 2.3793253980e-01 3.0180758563e-01 2.4745170500e-02 1.3079921895e-01 -2.0297107559e-01 -1.5670061269e-01 5.8985510161e-02 2.5825490514e-01 3.8788726943e-01 -1.5822603039e-01 2.0640511174e-01 -5.3595650599e-02 -1.9120327752e-02 -4.6401387114e-02 -1.9680968580e-01 -3.7745984357e-02 5.3025816874e-02 1.6106306172e-01 8.5575182287e-02 6.3199748691e-02 -4.2935215622e-02 -6.4568097423e-02 7.5248349464e-02
-1.1581816716e-02 1.4335695555e-02 -1.6139564881e-01 1.9907133412e-02 3.5015639442e-02 3.9780100416e-03 -1.4294320321e-01 -6.1435721561e-02 7.7118251565e-02 -8.7426662813e-02 -1.8508631939e-02 -1.5637366586e-01 -1.6945072320e-01 2.2416050798e-03 5.9639833208e-02 -3.2787788336e-02 -1.0581518945e-01 1.6494334548e-01 5.0810020935e-02 -7.9222320881e-02 -6.4180798973e-03 4.9157401713e-02 1.2468489904e-01 -1.7401557166e-01 1.3800981598e-01 5.8740541959e-02 -5.4170323085e-02 7.3326939903e-02 -7.7812257780e-02 -1.0690217370e-01 3.9740426640e-02 3.5171657149e-02 -3.3968260114e-02 -3.5209245017e-02 2.8061702962e-02 -2.1790351167e-01 -5.9927840208e-02 -1.8431456047e-01 3.3586586169e-02 -1.5884980218e-01 5.5177804340e-02 -1.7189281303e-01 1.9351914468e-02 -2.2348156174e-01 -1.1768074057e-02 -8.3019213844e-02 -7.4306596894e-02 4.0764694362e-02 -4.3350662963e-02 -7.7442116830e-02 2.1822229869e-01 -1.1382516464e-01 8.2591546089e-02 3.2589901919e-02 -5.0237670158e-02 -3.1208606394e-02 -2.5385690942e-02 -5.3820535895e-03 1.1363098784e-01 6.5381197129e-02 -8.1448274302e-02 1.1464768225e-01 -9.7094990521e-02 -1.5439645252e-02 1.6804753048e-01 -5.8760384796e-02
-1.4311648389e-01 -1.1151663529e-01 1.3568931695e-01 -2.1255141628e-03 9.5291126585e-02 7.8788530213e-02 -1.5954835135e-01 -1.5254989783e-01 1.2978714243e-01 -3.5723935569e-02 -2.3646504365e-01 3.3232825354e-02 -4.4373662738e-02 7.3263341791e-02 -1.6576258386e-01 -6.0594871604e-02 -9.9953435649e-02 2.1947729001e-01 3.0899296048e-03 -6.8747058607e-03 -1.7627627320e-01 -1.2472622635e-01 3.9152446249e-02 -1.2615124350e-01 7.1193578739e-02 -1.7990683511e-01 -2.8117520492e-02 1.0673785987e-02 8.2203854433e-03 3.0558112365e-01 -2.7870708002e-02 7.3589571833e-02 9.2705882986e-02 1.9829310896e-01 7.5011016709e-02 -9.6339435354e-02 6.3890993385e-02 -3.1110988492e-01 -2.4527168723e-01 -9.4325828669e-02 2.0855835623e-01 6.6871510130e-03 1.6808431873e-01 1.2410273293e-01 1.1723501965e-03 -2.3583767426e-02 1.1835385532e-01 -4.7673403211e-02 8.3570053721e-02 -1.0505707348e-03 5.1710869532e-02 -2.0529631154e-01 2.0963141694e-01 1.2580839187e-01 1.0329897511e-01 -2.0897574860e-02 -1.0811821311e-01 2.4197657250e-01 -3.2137051399e-02 2.3689128686e-01 -1.5151424584e-01 -2.3381276694e-01 -3.3750910705e-01 1.3433326871e-03 9.1806461067e-02 1.4147704693e-01
-2.9226046729e-02 9.9641651348e-02 6.1853932603e-02 -1.3468741035e-02 -1.7208381626e-02 -1.7674914098e-01 -7.2911067570e-02 8.6361575645e-03 -5.9236268307e-02 2.8496502158e-02 -1.4361939370e-01 1.0244916635e-01 -6.6026079307e-02 -1.2985923828e-01 -1.6754886498e-01 6.9523959542e-02 5.2050578329e-02 1.3293403483e-01 -5.9270170664e-02 5.7094222360e-02 -9.9674141052e-03 1.3639227071e-01 2.4363528994e-01 1.3780997021e-01 -5.0827519840e-02 1.0637688357e-01 6.3150797905e-02 -9.1315862318e-02 -1.3750314212e-01 -1.5819579979e-01 -1.9197932660e-01 3.5243267294e-02 2.3183297200e-01 -1.1075472491e-01 6.6052621659e-02 -9.1847007793e-02 -2.2863733290e-02 1.4694181277e-01 -6.1482485358e-02 8.5711467302e-02 -1.4764553749e-01 -2.2595899956e-01 -1.1746709839e-01 -7.3982457532e-03 -9.8766060608e-02 -1.0088680805e-01 -4.0077672100e-02 1.2098145894e-01 -1.0954345483e-01 1.2569982545e-01 2.3696902936e-03 -7.9683153880e-02 -5.0605863373e-02 -1.3516536071e-01 4.4889986550e-02 -3.3472373310e-01 -1.6742869680e-01 -5.5451041967e-02 8.0642723036e-02 -2.7451715578e-02 -1.2178719191e-01 -8.6284992277e-02 -1.1466200257e-02 5.5335866175e-02 1.7382536486e-01 -4.0228841454e-02
1.4406951783e-01 -1.1569756085e-01 1.8737690920e-01 2.6610289947e-02 1.2060147149e-01 4.7895799508e-02 -3.6884582737e-02 -2.1339609689e-01 1.4877809392e-01 -1.4267683525e-02 -5.3534090127e-02 -3.0855867746e-02 -1.9405024148e-01 -1.7090775799e-01 1.3509323966e-01 -7.5546860441e-02 -8.8775745059e-02 -1.2720683701e-01 -1.6793280438e-01 -1.4274843175e-01 6.2103048705e-02 -3.0962701861e-02 -1.3190170898e-01 9.7756850340e-02 2.9352886466e-01 -1.6215036842e-01 1.2396263683e-04 1.1472761948e-01 -2.5445690269e-01 1.3941005314e-01 7.1013095356e-02 -1.0605795468e-01 -6.0369455733e-02 -9.6842166949e-02 9.7427042632e-02 2.6859657660e-02 5.8301912547e-02 -2.6853584847e-01 -1.6056215319e-01 1.7457556359e-02 1.6880072726e-01 -1.7528665003e-02 3.3253956361e-01 1.3639530160e-01 -2.9707469388e-03 1.2455870928e-01 1.2019503598e-01 -7.9255182647e-02 -1.3928415528e-01 7.0765945654e-02 4.8877949265e-02 -6.4718757832e-02 2.7596965953e-01 1.1731658923e-01 2.5306106533e-02 1.5324662266e-01 9.0393906915e-02 1.2098739956e-02 -1.3812196761e-01 2.1965489245e-01 -1.4711642281e-01 8.5972841153e-02 -1.4096994230e-01 2.3026454484e-01 -5.1506815276e-02 4.8442072738e-02
-2.4061840978e-02 -3.9829227407e-03 -3.9928138470e-02 1.6606229154e-01 -2.9843074734e-02 1.3934654726e-01 -2.6197287560e-02 -1.5261040177e-01 1.0399763058e-01 -1.0346696002e-01 -5.6245614392e-02 1.3477486788e-03 -1.0506894170e-01 -8.1348692004e-02 -1.5890812703e-01 -1.6219314452e-01 2.8277559782e-02 -1.5447630609e-02 2.8517107321e-01 -9.9711761321e-02 -1.6797902961e-01 8.0552278097e-02 1.9927007560e-03 -1.1652052952e-01 -2.5949562176e-02 -2.5671235615e-02 -2.3600419287e-02 -5.2938345642e-02 6.4976926903e-02 2.0733172961e-01 4.1314949043e-02 1.9607242126e-01 -8.9446156757e-02 1.3544392377e-02 2.9112171246e-02 -6.9869577452e-02 -2.6554422863e-02 -1.5749830307e-02 -3.4610801574e-01 -9.9136067547e-02 1.6443042800e-01 2.7251538727e-01 2.3703307363e-01 1.0700128289e-01 -1.5786883100e-01 -1.4847458213e-01 1.1435574869e-01 -9.2905129968e-02 2.1074471013e-01 3.8770722799e-02 1.6252684646e-02 -2.1776180801e-01 1.8274101345e-01 2.4119519482e-01 1.2937644151e-02 -1.2733683907e-01 -5.1133170529e-02 2.2116982080e-01 -9.9106255001e-02 3.0612320847e-01 -2.2646749517e-01 -1.8695687893e-01 -2.3321710045e-01 -8.9568949574e-02 1.0894094599e-01 4.2530369498e-02
-2.2776227388e-02 1.2964440019e-01 1.5837056996e-01 -3.6632342625e-02 -8.6576802465e-02 -4.5576847013e-03 1.9864456375e-01 -8.1043380874e-02 -5.4339041143e-03 1.6328848530e-02 -5.0887749623e-02 1.2272012096e-01 -9.8079984965e-02 -1.1343028355e-01 -9.6868755073e-03 1.5753445711e-01 1.1885991797e-01 2.2286732200e-02 -1.0665258289e-01 -6.6452445553e-02 -1.2988597419e-02 -2.5625001331e-03 8.5847571545e-02 4.7739378955e-02 -2.7597719245e-01 -9.0829219937e-02 1.7342407367e-01 9.6468331279e-02 1.2713716368e-01 5.6468079441e-02 5.8882268903e-02 -3.5687101696e-02 -1.7034183254e-01 6.2096043616e-02 5.3581237416e-02 -1.2220277195e-02 -1.2602836700e-02 -2.6997111568e-02 -1.1286832739e-01 5.2121908166e-02 1.1600855790e-02 -9.4238871557e-02 1.3433406449e-01 -9.5178851193e-02 -1.0592565270e-02 4.1469333368e-02 3.6156333925e-02 8.4585142364e-02 7.0335071732e-02 -7.5804176390e-02 -1.7249132620e-01 -3.6540175273e-02 -7.9120903225e-03 -1.4225395470e-02 2.4122902647e-01 3.5901335570e-02 3.0932210633e-01 1.7010068820e-01 1.8499431465e-01 -6.0640568506e-03 2.6125514134e-02 -2.6762940592e-01 -5.5638103910e-02 1.5953595080e-01 8.3078890946e-02 -1.8395499892e-02
2.4583473234e-02 7.2681955319e-03 9.3694185135e-02 -3.9274890581e-02 -1.1032460099e-01 1.9518309291e-03 3.8627697613e-02 1.8842014792e-01 1.1759707077e-01 -6.3966388050e-02 -4.3214750341e-02 1.0132984987e-01 8.3717491445e-02 -6.5730294864e-02 -2.1701886058e-01 -1.0346286981e-02 -9.8844518938e-02 -2.9761802975e-02 -3.7955271655e-02 4.3995387225e-02 2.0825545834e-01 -1.5612091851e-03 2.8231446329e-02 3.3412916640e-02 -1.9256788400e-02 1.8317394020e-04 -5.8301909377e-02 4.8941499191e-02 -2.3173487215e-01 8.3726826381e-02 -1.4657458201e-01 1.0685626545e-01 1.0777291512e-01 5.6507504404e-02 -1.7269661827e-01 2.6839309592e-02 1.3312497464e-01 1.2004249050e-01 -6.6863964972e-02 8.9741833395e-02 -3.5443278452e-02 -1.8164338915e-01 -8.0822982176e-03 -1.9274744361e-02 1.5074288312e-02 -2.7497420606e-02 -1.0890816312e-01 -7.7351745457e-02 1.9059850402e-01 8.7025113375e-02 2.4443635068e-02 1.0231641255e-02 9.4680005805e-02 -2.9332405654e-02 -1.1369545557e-01 1.0220480062e-01 -5.2730114450e-02 1.6102046417e-01 9.4283465288e-02 1.2692681450e-01 3.7592291280e-02 7.9461805804e-03 -3.7114180053e-02 -1.1046480589e-01 -1.0696154185e-01 7.5292272025e-03
4.6827078924e-02 -1.1389346391e-01 6.7238979393e-02 -5.3408216475e-03 -1.4154173195e-02 -1.8447382988e-02 -1.9640397851e-02 -1.6401553042e-01 -3.1885297835e-02 8.3586374023e-02 7.7996274855e-03 -1.8568299975e-02 -4.7083461873e-02 -5.2612192747e-02 -1.2747990736e-01 8.9045734031e-03 2.6081734419e-02 1.2663465645e-01 4.7003890170e-02 3.5853566516e-02 6.4336888747e-02 -2.1563377097e-01 -2.9893428795e-03 7.6703661548e-02 -1.7872084673e-02 -2.4988797693e-02 -1.0628150486e-01 5.4863329542e-02 1.2819245176e-01 -4.1909506865e-03 -1.1399944960e-01 3.9867804691e-02 1.0156683974e-01 -1.6570075982e-01 -1.3633882559e-02 -1.4877539391e-01 1.4823153732e-01 8.0749341405e-02 2.7258191969e-02 -3.4585067155e-02 1.9244155444e-02 3.1176989572e-02 -5.0525869459e-02 -3.0216312197e-02 -6.1042892838e-02 -1.9403885537e-02 -1.4325032904e-01 -1.3168678403e-02 1.7898497713e-02 -1.1752396244e-01 -1.3411886310e-01 -5.0773994739e-02 -2.6879605302e-02 1.2831177995e-01 1.5222188571e-01 -6.6081430748e-02 4.0558470770e-02 -1.6921878172e-01 -9.6407761645e-02 4.8831216442e-02 9.8223371232e-02 -1.6355400245e-01 6.6078168102e-02 6.1498208455e-02 2.1510115296e-02 -3.3489967996e-02
3.6664189445e-02 8.8040786047e-02 -1.0481054754e-01 1.2772372609e-01 1.1387285406e-01 1.6540738743e-01 5.0933426352e-02 1.7639140004e-01 -1.6579488541e-01 1.2539378666e-01 1.4798141588e-01 1.6781066648e-01 -6.6299080777e-03 2.2442582416e-01 -1.6588363458e-02 1.2360154368e-01 3.2044969859e-01 -1.5904017486e-01 -3.4064434897e-03 1.4001642052e-01 -6.9815239254e-02 -7.4442410414e-02 2.2858329333e-01 8.1379674850e-02 6.3451261607e-02 2.6564027669e-02 -5.1522824459e-02 -4.3401665620e-02 2.7277300924e-01 -9.1868724939e-02 -9.5799028056e-02 -1.4905518933e-01 8.8781542310e-02 -2.1993413765e-01 1.0010423838e-01 1.7155416233e-01 -9.6310274885e-02 2.1990538269e-02 4.0343980833e-02 1.1002990765e-02 -2.3266563045e-01 4.5321479581e-02 -2.1673982617e-01 2.5373103914e-01 -4.5394447453e-02 -8.2425480092e-02 -2.2671585930e-01 -1.4791294523e-01 -4.5879243469e-02 -9.9484877193e-02 1.4574986415e-01 2.2582871805e-02 -1.2375616099e-01 -2.7456064653e-01 -2.0194622540e-01 -1.0066419529e-02 1.7832130972e-01 -2.5785873739e-01 8.6881620132e-02 -3.1691962214e-01 1.0774960049e-01 -6.8926737191e-02 1.7857602925e-01 -1.5142227234e-01 8.8075198273e-03 1.3962145107e-01
-5.1329631300e-02 -6.3826876500e-02 -1.7191926049e-02 -1.9561628282e-01 -7.7702710227e-02 -2.3535135484e-01 -8.8215544749e-02 2.2193289473e-01 -2.3439479927e-02 5.3630477054e-02 -2.4885013602e-01 2.4408140635e-02 1.9983756237e-01 -9.5720977780e-02 2.5029453516e-02 1.5797668847e-01 4.7795572919e-01 4.3622100761e-02 -1.7234066325e-01 2.3189117408e-01 5.9867777033e-02 3.4863369104e-02 5.2104449482e-02 1.5850076444e-01 1.1476771315e-01 1.1676422447e-01 -3.4670300606e-02 1.3517035878e-01 -1.4791460437e-01 4.7332649573e-02 -2.2682289672e-01 -2.1986226868e-02 -7.7510471280e-02 8.0830129148e-03 4.8077862982e-02 -6.3748873166e-02 -1.1444295743e-01 3.8425123813e-02 1.5914771654e-01 3.5533352191e-01 -2.6361841717e-01 -3.0001626907e-01 -9.2657436905e-02 5.0124459709e-02 2.4535262492e-02 -1.0366427860e-01 -1.3471871709e-01 6.2654145506e-02 8.4086380312e-02 -2.0282026121e-02 3.1978643073e-02 -7.5753081892e-02 1.9688614851e-01 -3.3720923239e-02 -1.2717810655e-01 2.7907626146e-02 -3.0273785712e-02 1.0857750193e-03 7.8336918153e-02 -1.7945420409e-01 -1.7086726014e-03 1.0802958769e-01 -6.8772696024e-02 3.2431631488e-02 1.7619328170e-01 -5.7241258559e-02
-8.1412960302e-02 9.1438086404e-03 1.8631373114e-01 -4.2605795569e-02 -1.5602614298e-02 7.3499113795e-02 1.1675121268e-01 1.8254281853e-01 2.0103069942e-01 -1.2680256508e-01 7.6736990426e-03 6.0823806684e-02 9.5575969076e-02 -9.4891373011e-02 -1.9578771052e-01 1.4061829256e-01 -4.2163353849e-02 1.5950593958e-01 9.2140784887e-02 -1.1949334769e-01 -5.2366280529e-03 1.9777148991e-01 -2.2958140828e-02 -4.1012856468e-02 -6.6837780400e-02 1.7715543497e-02 -2.1121122132e-01 -6.5471621821e-02 3.5071780246e-02 4.7875005032e-02 7.1415460263e-02 -9.6058534559e-02 1.4902361451e-02 1.4029691767e-01 -1.1445628906e-02 1.1679396862e-01 1.7883742592e-01 1.5259368613e-02 -2.2814839149e-01 -6.8677534383e-02 1.1003921699e-01 9.2847523771e-02 2.2972940723e-01 -3.9559540434e-02 2.2282224324e-01 -7.2574756563e-02 6.3466412348e-02 -1.6201179682e-01 -1.4821097882e-01 1.8580052841e-01 1.5542934047e-01 -7.0088727700e-02 -1.8302492998e-01 -2.9730245821e-01 1.1773984931e-01 -3.0943930310e-01 1.3470484017e-01 8.9276415073e-02 1.6088910034e-01 1.0027025159e-01 1.9704312328e-01 -4.5797466022e-02 -1.4023589727e-01 6.8433219038e-02 -2.1825004848e-02 -3.0205851574e-02
1.5352933028e-02 -4.2198110649e-03 1.4690451252e-01 6.4261560827e-02 -4.0399456484e-02 -1.1352903508e-01 -7.6857579976e-02 -4.6182065211e-02 -7.3290880210e-02 1.4563935515e-02 -2.3781021298e-01 -7.3254754200e-02 7.7935900673e-02 -8.4379769409e-02 2.0827077040e-02 -1.2016064987e-01 -5.7272004588e-02 1.1323531709e-01 2.6150668969e-02 -1.2550413279e-02 -4.5084310243e-02 4.2960247136e-03 9.8671177965e-02 -1.6023462123e-02 -1.0624063601e-01 2.0062103954e-01 1.3481868080e-01 7.0482786844e-02 9.6009656642e-02 -2.0168124076e-01 -7.1496885825e-02 1.0485252344e-01 -1.6200619109e-03 -1.8497119985e-01 -7.3597232618e-02 -2.3406295308e-02 2.1370553536e-02 8.5787570683e-02 9.4276796307e-02 9.8289680783e-02 -1.6526489731e-01 -9.1898477642e-02 1.4895543529e-01 -8.7115959225e-02 -1.7287345378e-01 -4.7087904871e-02 -5.7224952429e-02 -1.2276002515e-01 -1.8957198892e-01 1.9524820386e-01 -3.7232783969e-02 2.6853746456e-01 2.4890271201e-01 1.1465185523e-01 -1.5929197845e-01 -1.3434117208e-01 -7.9598407705e-02 -8.5025116249e-02 -7.6593515027e-02 -1.3267430338e-04 -1.4543944868e-01 -3.7108108299e-02 -1.9464804633e-02 1.3148812314e-01 1.0129439279e-01 -1.3931317567e-01
-3.4051037488e-02 4.6548972095e-02 -2.9828816732e-02 1.6344300722e-01 5.6457283532e-02 -9.7786077205e-02 1.9518875864e-01 9.8970407637e-02 2.0430872906e-01 5.0429180806e-04 1.3177220349e-01 1.2179871019e-01 -4.8087437326e-02 -1.8073577782e-02 2.1395455768e-01 2.0923025006e-01 -8.5937642995e-02 -4.9727901343e-02 -1.5707820777e-01 3.9263576555e-03 -3.1392896608e-02 -1.2383701650e-01 2.2969749801e-01 2.5770201945e-01 2.9742690242e-01 7.1642765773e-02 -8.6931176765e-02 9.9286644761e-02 -1.6310633846e-01 -4.5419808214e-01 -1.1785237026e-01 -1.8868675952e-01 -5.4964578276e-02 2.2558447053e-01 -2.4561431081e-01 8.8405477826e-02 -1.9482125130e-01 -6.8659017060e-01 -6.4263433894e-02 1.9186742990e-01 4.6958302824e-03 8.3741508191e-02 5.0778558073e-02 1.9703745286e-02 1.1703742173e-01 -2.8745897836e-02 1.0273303283e-01 4.1470910360e-02 -1.5721355862e-01 3.2549606008e-02 -1.9742215207e-01 -2.2246819033e-01 -2.0510956891e-01 -1.7990422100e-02 -2.0231329524e-01 7.3983844753e-02 2.9204618802e-02 1.5314366933e-01 -6.7919219628e-02 1.7544600218e-01 6.0399857279e-02 -2.3459581646e-01 -8.0737203770e-02 3.0061579706e-01 -5.2729251231e-02 1.4124065622e-01
1.1365492014e-01 -5.7177562826e-02 -9.6764793631e-02 9.5782181589e-02 3.0944371612e-02 -1.3047886058e-01 -7.1726165083e-02 -2.6929826257e-01 1.4046272225e-02 2.5358778165e-01 -2.6063462667e-01 -2.7072325114e-01 5.9743852177e-02 1.4730661460e-01 -9.4299587418e-02 1.4472121963e-01 2.8581161697e-02 -5.2472750999e-02 -1.8898316876e-01 -4.1796821160e-02 2.7806619369e-02 -1.6585085131e-01 2.6368775864e-01 -6.6967270900e-02 1.5433509838e-01 4.7255600105e-02 2.1567250733e-02 1.0047994801e-01 -1.0205653096e-01 2.6970509670e-01 -5.3853231990e-02 -3.6646115299e-02 2.5552711018e-02 -3.7976053370e-02 -4.1080837932e-02 3.2961133617e-02 4.9510347500e-02 -2.9330463234e-01 -1.0905275953e-01 2.5658903847e-02 2.3911543855e-02 6.3722035904e-02 1.0083509224e-01 -6.6863627480e-03 -1.3024163088e-01 1.6502806760e-01 2.1011388528e-02 1.6727382945e-01 2.0094789797e-01 -2.2892648169e-02 -1.4620162621e-01 4.9822242089e-02 6.8702287361e-01 1.5482321096e-01 5.2547009571e-03 1.6574353905e-01 -9.9529248353e-02 1.0512234650e-01 -1.2828850415e-01 4.2456577768e-02 -2.0536814061e-02 -9.6843226034e-02 -2.7659082204e-01 5.8232100446e-02 3.7442645780e-02 1.1729149147e-01
-9.6588834324e-02 -1.1574135097e-01 3.1539372624e-01 5.2191548923e-02 2.0438505757e-01 1.7337576620e-01 -2.7238316639e-01 1.6501418743e-01 5.9986419949e-02 -4.7550237067e-02 -1.7612543875e-01 -1.6945926167e-01 -1.2042831770e-01 -8.2932800135e-02 1.3993717382e-01 -1.2170621333e-01 2.6622969056e-02 -1.0176093657e-01 8.9115862951e-02 -1.2810585419e-01 -2.3580852232e-01 8.0048950765e-02 -6.5807144767e-02 1.0510759589e-01 -4.5293686555e-02 -1.4616215556e-01 2.3356887346e-01 -2.1508646753e-01 2.2741570999e-01 -5.8553715991e-02 1.4197294912e-01 -2.5462955237e-01 -7.9644790631e-03 1.2279955894e-02 1.0634180514e-01 3.5797596222e-01 3.5706199184e-02 4.2219437098e-01 -5.3552348919e-01 -2.9947238537e-01 3.3468956084e-01 2.3534437199e-01 -1.6227053419e-01 2.9402481659e-01 -3.7590936080e-01 3.7640023296e-01 2.9059677553e-01 -2.7279187811e-01 -2.6887465937e-02 4.0924744143e-02 2.5435352934e-01 2.2961151801e-01 -1.2557403034e-01 1.2148147824e-01 -1.6729280857e-01 -1.0234579932e-01 -3.4949789790e-01 -1.0145220636e-01 -5.8234874843e-02 1.0068179239e-01 1.1737343215e-01 2.8570451283e-01 -3.4947685300e-02 -1.8504951762e-01 -2.3952383177e-01 1.3220832342e-01
1.7001790688e-01 1.1122388417e-01 3.5821150588e-02 -1.0864986437e-01 -3.2139265423e-03 4.1558573793e-02 -8.2926488137e-02 -2.4529206317e-01 1.1905260225e-01 -5.8519526166e-02 -8.3050746870e-02 7.3440542704e-02 5.6347926187e-02 -4.8363889422e-02 1.3343571968e-02 1.2151119408e-01 1.2586055260e-02 -7.6317146695e-02 -5.7782619422e-02 1.0109545525e-01 2.1713916958e-02 8.1319043060e-02 9.6097625990e-04 -2.2933215229e-02 1.5263772258e-01 1.7708631978e-01 7.6303276187e-02 -5.7444730949e-03 4.1564176455e-02 1.3371703448e-01 -4.4100357745e-02 -1.7886406704e-01 -2.0933941652e-02 -1.2879686545e-01 -5.9432563249e-02 -2.1899185551e-01 -1.2632368755e-01 -5.8926650858e-02 6.4040418757e-02 4.5620327526e-02 -9.2142760302e-02 -4.7501002659e-02 1.7304726228e-02 -5.8156923265e-02 -8.2297544827e-02 -2.2067128604e-01 5.6973912314e-02 -1.7119132659e-01 5.8845922384e-02 -6.5137034929e-03 9.3147560279e-02 1.2437018895e-01 1.1367689093e-01 -6.1675407758e-02 7.9929425724e-02 1.3733983137e-01 1.0772623629e-01 1.0152973432e-01 1.5355606200e-01 -1.6501997732e-01 1.1243329348e-01 -1.3495861772e-01 -6.0835729692e-02 6.3700734086e-02 -9.5355417033e-02 2.0719567464e-01
2.3371467371e-01 9.2236745983e-02 -7.6515299048e-02 1.6890591289e-01 -8.3152818375e-02 1.2168483400e-01 -6.4101621401e-02 -3.8971032587e-02 -7.0019978323e-02 -8.8349794847e-02 -9.4936144436e-02 1.4270187785e-01 -1.3974783112e-01 8.0971163060e-02 -1.8630217822e-01 -7.1642069576e-02 9.9328392632e-02 3.3868683792e-02 -1.4149680813e-01 1.1598378980e-01 2.0364840779e-01 3.2993417955e-02 1.4626049678e-01 2.8887836154e-01 -1.8754692995e-01 1.7452280890e-01 4.4979979499e-02 2.5871577165e-01 -1.9701800789e-01 8.8540670599e-02 5.9599362561e-03 2.1120964283e-01 -2.4699334196e-01 1.2613200699e-01 -1.8256603921e-01 -2.5058560480e-01 -1.2072674163e-01 -5.0185202624e-02 2.3881040767e-02 1.6123173440e-01 -1.2323761122e-01 -1.3527161486e-01 -2.5737135178e-02 1.0442425526e-01 -7.2457693546e-02 1.2201340287e-01 -1.4105601360e-01 7.8963639250e-02 2.6981684341e-01 1.0744292541e-01 -8.1593687533e-02 -9.2713464910e-02 1.2427857513e-01 8.0059671714e-03 -5.1452920758e-02 4.9245312060e-02 -2.0064861455e-02 2.9477637530e-02 -7.1358385814e-02 -1.8589439445e-01 -1.4328287564e-01 -8.4485968127e-02 1.0939727781e-01 -5.9344575138e-02 2.2552053885e-01 2.3622583501e-01
-1.1064498393e-01 -4.1940843792e-03 5.8344321156e-02 1.2668568787e-01 1.6041948110e-01 -5.7411519757e-02 -5.1655029188e-02 -4.8925702290e-02 9.0623188697e-02 1.6509088177e-01 -2.3693140119e-01 2.1649926773e-01 -1.6234885525e-01 8.1892924334e-02 5.3245297786e-02 -1.5217607291e-02 1.8841012959e-01 2.3339719467e-01 -1.6758537606e-03 8.5773731566e-02 -8.4564204589e-02 1.6470179569e-01 1.9855797927e-01 -3.2765098743e-03 1.1553901145e-01 3.4000869537e-02 -3.6725407207e-01 -1.7740911134e-01 9.3505498901e-02 -6.0799299784e-02 -1.0985835176e-01 -6.0246569316e-02 -7.1149957858e-02 1.2244785469e-01 1.7352848814e-01 1.6383708898e-01 1.6970427576e-01 -2.6890338324e-01 -9.5766754643e-02 4.8828066530e-02 8.4863893610e-02 1.7575836939e-01 1.6281230824e-01 3.6454899998e-02 3.6283798331e-02 -4.3026186912e-02 -1.3530435292e-02 -7.9153966044e-02 -2.3557580921e-01 3.6083140503e-02 2.9411996332e-01 -5.1169707975e-02 9.2090159867e-02 2.3159782596e-01 -2.3390378523e-01 5.2472023568e-02 -4.7343017108e-02 -6.8694901172e-02 1.1172074699e-01 1.0206662833e-01 -1.6076111616e-01 7.9793536491e-02 -2.8970853824e-01 6.0295150452e-02 5.5219167357e-03 -8.7632083358e-03
7.0307270739e-02 1.5162819770e-02 -1.5338936672e-01 5.8208116677e-02 1.2410722649e-01 -5.4042123854e-02 4.1331864834e-03 4.9280673962e-02 -4.1239409057e-02 8.9190455383e-02 -3.1760369314e-02 -7.1756725251e-02 -5.1004573431e-02 3.5273457465e-02 9.1659084890e-02 -3.4193987660e-02 -1.7406229737e-01 8.8885196007e-02 -3.8403906789e-02 1.2122121633e-02 -8.0729030362e-02 1.4060518186e-01 9.7169195938e-02 -2.2578235769e-02 -3.0852802906e-02 -2.3723912727e-02 -8.4432791601e-02 2.0705528595e-02 6.0763108957e-02 -3.8548289088e-02 1.4129717040e-01 -2.3849749258e-02 -9.3806804131e-02 -5.3156991283e-02 3.0755489739e-02 -3.2682396827e-02 -1.6234694501e-01 4.2352486436e-02 -3.4371653744e-03 -9.1979015577e-02 -1.4638726794e-01 9.4036075348e-03 -7.5521542601e-02 4.6729362690e-02 -5.2272191965e-02 -3.0937694064e-02 -3.9758505145e-02 2.4519994098e-01 5.1909869852e-02 -8.6995318910e-02 3.5884877530e-02 1.1344331454e-01 1.1178277809e-01 5.9635929813e-02 1.9507765897e-01 1.4480192090e-01 -1.1572168263e-01 -2.8327699916e-02 1.4578830249e-01 -2.8781736528e-02 -7.8523507306e-02 -4.8920561645e-02 -2.5770151783e-03 -6.8296956116e-03 4.2377664833e-02 2.3936801372e-01
7.1064194152e-02 6.9725137528e-02 2.0057138954e-01 4.3386927018e-02 -2.0258107021e-02 1.1108809450e-01 -1.0347578594e-01 1.7097224494e-01 6.3019734358e-02 6.1330511525e-02 -1.5737184850e-01 7.1291471239e-03 -1.9877840167e-01 6.0507425236e-02 -8.0206760923e-02 1.0427450452e-01 1.1077445144e-01 2.2739059338e-01 2.5410009433e-01 5.7931075153e-02 -8.2706591009e-02 1.4311834868e-01 1.0343402329e-01 2.1860503504e-02 4.0471439483e-02 2.0683453308e-02 6.8652823554e-02 -9.8437809854e-02 -6.3489663508e-02 1.4569794457e-01 -1.9847001000e-02 -4.0064365933e-02 1.3147470663e-01 2.9767029190e-01 2.2774875300e-01 -4.2674843057e-02 -1.2023870571e-01 -3.3505984165e-01 -3.2960231531e-01 -1.5981031406e-02 1.0214433701e-01 1.2653414108e-01 2.7492537504e-01 -7.7468724231e-02 -1.2300400090e-01 2.2551163319e-02 6.4251539915e-02 3.2483041338e-02 -2.1656203023e-02 1.2870313533e-01 -4.8102874166e-02 -1.5336481659e-01 1.4623033805e-01 -1.1500267458e-02 3.0135399871e-01 -2.4217978790e-01 -5.3135261683e-03 8.9898980238e-02 4.7183818305e-02 1.4077230661e-01 -1.2034887304e-01 -1.8737651548e-01 1.0952125832e-02 -6.1361078697e-02 1.9792411006e-02 -3.4279566984e-02
2.2565152391e-01 -7.8401841589e-02 -4.0308203579e-02 2.0875897642e-01 -4.0790453424e-02 -1.1740834174e-01 1.2787395230e-01 1.5259397552e-01 1.8135682800e-01 8.1067807147e-02 1.8069363276e-01 -9.8896140597e-03 2.6977909066e-01 -1.3522684903e-01 -2.5607993938e-01 3.3644092385e-02 2.6765094666e-02 1.2069153119e-01 -1.0824223778e-01 -2.4735171413e-02 -9.4835511916e-02 3.9772816700e-02 1.8374680179e-01 -8.1317511806e-02 -5.2723929504e-02 5.3689495175e-02 -2.5759082407e-02 -2.5722500160e-01 -1.5390100035e-01 -1.4851904422e-01 -1.1102496361e-01 3.0091696364e-03 -3.6378202303e-01 -5.2113653824e-02 -1.1230453696e-01 -2.3678402545e-01 -1.1911282674e-01 -1.2819757177e-02 -4.4782953044e-03 2.0118333726e-01 -1.0483236805e-01 3.3196818529e-03 -1.0472818837e-01 -3.7632989405e-01 1.5194372591e-01 1.8560840856e-01 -9.5828686642e-02 7.8487201859e-02 -1.0823046667e-02 1.8814052078e-02 -1.6962481242e-01 -1.1751716136e-01 8.8196919659e-02 -2.2936290397e-02 -1.5338482529e-01 2.7666100187e-01 -2.1076976589e-01 1.9149884184e-01 2.7104377870e-02 -1.3270824973e-01 -1.8044434142e-02 -4.8781717485e-02 -2.1444398051e-01 7.2473206442e-02 -9.0035179379e-02 1.2978923777e-02
9.4687341919e-02 -7.7244877558e-02 -2.7784233657e-02 -3.3102239596e-02 4.3468774689e-02 -6.5926475877e-02 1.8055807470e-01 -1.4016539260e-01 -3.1057832673e-02 1.0613217375e-01 7.8759533339e-02 5.5428711358e-03 -2.1389771848e-01 -1.3839240539e-01 6.6812741584e-02 -1.3538424921e-01 1.2335836458e-01 1.2829743268e-01 -9.7563650249e-03 1.8579163891e-02 -7.0440196037e-02 1.7182551221e-02 5.8579083815e-02 7.2732733937e-02 1.5118666235e-01 -5.5508082924e-02 -1.9153622177e-02 1.5843183712e-02 2.9064474064e-02 -5.9574395590e-02 -9.1889415732e-02 -1.4022323951e-01 7.2103233169e-02 1.8729379858e-01 2.9619978538e-02 -9.2930095940e-03 -2.2757033456e-02 -1.8225980291e-01 -3.9003587355e-02 3.1661983167e-02 -1.9264215390e-04 -3.1176139432e-02 2.5972838700e-02 8.1426511990e-02 4.9123928704e-02 -1.5882576590e-01 -8.1915361932e-02 4.5893738874e-02 1.7472069078e-02 6.2895630947e-02 2.1794513134e-01 -5.9933440105e-02 -1.4675943271e-01 1.5120598193e-01 -7.7000582239e-03 -9.6808576205e-02 -1.3378743624e-02 1.2471039926e-01 -8.0797600893e-02 1.6106193848e-01 -3.2733855181e-01 2.2423582410e-02 -5.7590204326e-05 5.0779024981e-02 1.1270242997e-01 -1.1671690026e-01
-3.2125723257e-01 7.8849751512e-02 -1.8293132419e-01 -9.5742156479e-02 3.0989894185e-01 3.9226347028e-01 -3.6477046477e-02 -1.1129113197e-01 -2.6670485132e-02 1.9563865431e-01 -1.9707125364e-01 2.7692526830e-02 -3.8303768599e-01 5.2654485178e-02 7.8540000719e-02 6.2225802804e-02 2.6146743396e-01 -5.1050616635e-02 7.9672291965e-02 5.5143280515e-02 -1.1169834247e-01 1.8456346994e-02 -3.2462242153e-01 -4.2372139717e-02 1.6755504827e-01 -2.1161702492e-01 6.3267226916e-02 -1.2360877917e-01 -1.1256173961e-01 3.7750247322e-02 5.8249054701e-01 2.9848375029e-02 2.7739883959e-01 -2.0193204863e-01 -2.1066419325e-01 1.6373034977e-01 7.4136921690e-02 4.5280518892e-02 2.3783403644e-01 -6.1357456207e-01 -6.2020605061e-01 1.5391051147e+00 8.0868331769e-02 1.0664015874e+00 -9.0499007305e-02 1.9658130245e-02 -6.7014589599e-01 3.2346034466e-01 -3.1986447639e-02 -2.3627427888e-01 4.8480876846e-02 7.9385219346e-01 1.3156098593e-01 6.1203024740e-01 -5.3766768708e-02 9.7304951751e-03 -5.6316459651e-01 -1.5073418397e-01 5.0589983576e-02 -3.7709498383e-01 4.3221868835e-03 2.4944088410e-02 8.6679358487e-02 -1.7258493825e-01 -2.2112916884e-01 -6.0870821423e-03
