2.2134564773e-01 -1.1523774211e-01 -1.0359854738e-02 -5.6611267349e-02 1.2018618393e-01 -1.5437047577e-01 -2.0222630369e-01 2.5823135170e-01 -8.6392775844e-02 -3.5926435613e-02 -6.7163654421e-02 2.8562122115e-01 9.9139662632e-02 6.9944992578e-02 6.8464900069e-02 -4.6386065328e-02 -1.2814992314e-01 -6.5235273667e-02 1.2807640394e-01 2.1272344357e-01 -1.4436341466e-01 -1.3689266651e-02 -6.3000391490e-02 -5.1389902055e-02 5.2657447913e-02 6.6299850109e-02 -2.0959999103e-01 -2.9667755179e-02 6.4239742248e-02 -3.5617335471e-02 7.5416216393e-02 2.4444037961e-01 -3.1924686989e-02 1.2109418290e-02 1.7657685647e-01 4.2073153563e-02 -3.3155005445e-03 -8.4308437594e-02 2.0212026279e-01 8.4028412175e-02 6.4256536640e-02 1.3076994595e-02 8.1266928435e-02 -4.5221987127e-02 7.7348418644e-02 -1.2864336418e-01 3.1676840663e-02 2.4239124453e-02 9.5514168518e-03 -5.0583914483e-02 1.9378484315e-02 -2.0487278324e-01 -3.1230254051e-02 1.2989249773e-01 5.2771325203e-02 -1.1274330321e-01 1.3754227088e-01 6.3560294135e-02 -8.2192055542e-02 -1.0474710738e-01 -1.4778798008e-01 -1.1290497181e-01 1.3869030844e-01 -2.5595858981e-02
6.6881751532e-02 1.2819301354e-01 1.3897724965e-01 9.5430139068e-02 -1.7236642508e-01 -5.0246607668e-02 -1.3269356529e-01 -1.0614441294e-01 4.2839750103e-02 1.3961444193e-01 5.0547382022e-02 5.5467466472e-02 6.3677013178e-02 -2.2458904727e-01 -7.2656098413e-02 -3.3033390889e-02 -7.6657050466e-02 9.8064396932e-02 6.5578652857e-02 -2.9238345481e-02 -7.7085335009e-03 1.1687354093e-01 -8.8932915966e-02 1.8063410175e-04 -4.5021846148e-02 -1.6804789848e-01 -1.6416019882e-02 1.3180237867e-01 -2.1340038396e-02 -1.0079843409e-01 2.1063347193e-01 4.8912037008e-02 3.9071295394e-02 -1.7486657129e-01 -2.7068144068e-02 -2.0383680242e-02 -1.5889139715e-01 2.2295321475e-01 1.5771546634e-01 -6.6076540562e-02 2.3261028884e-01 3.5616383975e-02 -8.8370185210e-02 -8.3326105607e-02 1.6887424143e-01 5.0617148680e-02 -2.7021689505e-02 -3.3264540162e-03 5.7292550374e-02 2.4630844741e-02 1.1275786764e-02 6.2347218630e-02 8.4420051735e-02 -8.4559018178e-02 -1.2070468976e-01 -6.1081908242e-02 1.2112095495e-01 -7.9578712136e-02 1.5854997837e-03 5.8303701142e-04 -1.6824028590e-01 3.6153272741e-02 4.8244708108e-02 7.8677695908e-02
9.4228191582e-02 1.4160675955e-01 -5.3536549429e-05 -9.2173963990e-02 1.2403826980e-01 1.5707614108e-01 1.1157215812e-01 1.0545133575e-01 -4.0357472553e-02 -3.2579171199e-02 8.7602855667e-02 3.0811130505e-02 1.9760911673e-01 1.7166528407e-01 1.5752031437e-01 2.9273248171e-03 9.8005839068e-03 -3.4626403481e-02 4.5664472789e-03 -4.7612145847e-02 2.8720136503e-02 1.8068325909e-01 2.1591418335e-01 -3.7434833880e-02 7.9854705216e-03 1.2937705395e-01 -6.2833033759e-02 -2.3280485028e-01 4.9435848179e-02 9.4511788330e-02 2.2243882148e-01 -1.9624590587e-02 1.0340998528e-02 1.7135758356e-02 1.3597519120e-01 -9.4515627294e-02 2.0224929644e-02 6.1229477659e-03 -9.5633934788e-02 -5.9154136563e-02 -3.6152164611e-01 -6.9086996259e-02 2.1707087211e-01 -1.2841392699e-01 1.8753832245e-01 -1.0286719076e-01 -4.6932105365e-02 -1.6620882824e-01 -7.8053257467e-03 1.0993316764e-01 -1.1296278449e-01 4.7375175644e-02 -1.6763468171e-02 -1.4771871485e-01 4.8793078855e-02 -1.0802506232e-01 -3.0461648987e-02 5.1792092658e-02 -1.3587441910e-01 1.3137240524e-01 -3.3088814179e-02 9.1037368600e-02 5.5621177063e-02 1.6926278159e-01
1.5235629895e-01 -2.9673017616e-02 2.7845901710e-02 -1.0434961148e-01 6.1389784876e-02 -1.3073431476e-01 -1.6868382209e-02 -9.4112548918e-02 -5.0604551269e-03 9.9844001906e-02 -5.5517444059e-03 -1.6402659116e-01 1.0196004629e-01 -3.4861588937e-02 -4.0562377884e-02 6.2963021171e-02 -1.0724454782e-01 1.6878521169e-01 4.1039108900e-02 -6.9857803930e-02 -1.0355837311e-01 1.0224723502e-01 1.0921611321e-01 2.5524950537e-02 5.0735116105e-02 7.7476434794e-02 2.2092907342e-01 -1.0194561211e-01 -7.5496946435e-03 1.4167050772e-01 -2.8514868038e-02 8.3176738276e-02 3.8054018068e-02 -2.4734021431e-02 -1.1757392026e-02 3.2463175129e-02 -1.3472669925e-02 -1.1398458203e-01 5.6329391484e-02 1.3778001363e-01 -4.5475122491e-02 -2.1558625083e-01 3.9560859931e-02 -1.1132722317e-01 -1.0294363216e-01 -9.8280773452e-02 5.3771031420e-02 -1.1104121471e-01 1.0223273122e-01 -1.4583774897e-01 1.7471774655e-01 7.4554985105e-02 -9.7666116668e-02 -2.3468630845e-01 -1.7860341864e-01 -1.1307152415e-02 3.5922329679e-03 1.1992649437e-01 1.3508663840e-01 7.1504048087e-02 2.0426685219e-02 9.6983282499e-04 -6.8155661675e-02 7.9269786848e-02
-1.2776277759e-01 4.0872856720e-02 -2.0034425698e-01 -7.9810224719e-02 -7.3605171409e-02 -6.4028711692e-02 9.9854113205e-02 -4.1270270827e-02 -1.1072384597e-01 7.0315019405e-02 -1.6424384058e-03 -2.8910548033e-01 2.7379319362e-01 -5.0537197387e-02 -5.6104382035e-02 2.9613062638e-02 -7.2072770400e-02 1.4955930997e-02 2.6455568036e-02 -6.0363517705e-02 1.9043644508e-01 -2.9642985616e-02 4.5816805170e-02 -3.9342220672e-02 1.2048302499e-01 -7.0827677524e-02 8.9085294975e-02 -8.2262246476e-02 8.2664556673e-02 1.1321790891e-03 7.5613563088e-02 3.1901841123e-02 -3.8041343315e-02 -4.2183150095e-02 -2.8470484369e-02 6.1663226215e-02 5.1922241426e-02 -5.2608396151e-02 1.6090824118e-01 -5.4879010814e-02 -1.7616624004e-01 -1.7771805226e-01 3.4728668608e-02 -3.4518237113e-02 1.9633545905e-01 9.1811665496e-03 -9.9736330397e-02 1.5200831140e-01 -1.1141294825e-02 -6.9918190275e-02 -1.0107376142e-01 8.3450093053e-02 -1.7244993999e-02 7.6533694909e-02 -2.7910657446e-02 1.6975911224e-01 2.1673061013e-02 -9.0537600894e-03 -2.5284228085e-01 4.5367903861e-02 2.5958401412e-01 -2.0586688745e-01 9.5668810942e-02 -6.0084710351e-03
2.0787787637e-01 -2.7899701479e-01 -6.2727571952e-02 -2.0617832596e-01 4.9124116300e-02 -1.5955187237e-01 -1.4016585881e-01 1.4983095186e-02 -1.0500965002e-01 -3.7739524623e-02 -6.4365696811e-02 8.8124976499e-02 -1.8580772645e-01 -4.3864797720e-02 8.9036523122e-02 -2.0006265542e-01 9.9863843519e-02 -2.3774888990e-01 -1.0744773115e-01 -6.7511016915e-02 9.5961438304e-02 4.8893779720e-02 1.1120607722e-01 -9.2061769004e-02 1.1242656822e-01 -8.0640735661e-02 1.2190837094e-01 1.1194506392e-01 -2.9654921415e-02 2.3992986842e-03 -1.5163926515e-01 8.9423761765e-02 2.3533921482e-01 3.3531374122e-02 -4.7680660976e-02 -1.4162610754e-01 1.6184556322e-01 4.3168907259e-02 -8.8308104453e-02 2.6332427331e-01 -5.9269093830e-02 -1.3078976481e-01 1.8004829763e-01 -8.8246029668e-02 -3.8677499549e-02 2.2515190037e-02 1.9106126287e-01 -1.5718779405e-03 1.1503286203e-01 -3.3654455557e-02 -1.5098955120e-01 -8.8497473400e-03 -1.0797394245e-01 3.8863826899e-01 8.7096784583e-02 1.7807040074e-01 1.6654384386e-01 -3.1261761739e-01 1.1808663509e-01 3.2524056628e-01 -3.6671686367e-02 1.8309048539e-01 9.8551862441e-02 -7.1048137109e-02
4.3772407082e-02 1.8341742041e-01 4.1861425584e-02 -7.9062870490e-03 7.5923530106e-02 3.0683721676e-02 -5.7110448082e-03 2.5072818760e-01 -5.5664757636e-02 -8.2097128200e-03 -9.9178646096e-03 9.5787828269e-02 -6.1677369945e-02 8.4903448697e-02 1.3616697868e-01 1.3970497498e-02 -1.1395893926e-01 1.0553273715e-01 -6.8339979164e-02 -6.5043373120e-02 -7.7058028415e-02 1.0175463212e-02 1.6804261281e-01 -1.8053917519e-01 8.1272283104e-03 -9.2861473372e-02 -5.4195745001e-03 2.5074153007e-01 -4.9922299114e-02 -1.2888637209e-01 -9.2808970512e-02 -2.7592061804e-01 1.0608542255e-01 -1.1144208591e-01 1.0140602572e-01 -4.5816416728e-02 -1.0653385147e-01 8.3814319547e-02 8.3896076440e-02 6.9702260123e-02 5.1436014982e-02 1.3225792227e-01 -3.4270309346e-02 -4.8079094818e-02 6.1115380774e-02 -5.3090312058e-02 -1.2726897932e-01 -1.1126740769e-01 7.2944643818e-02 -8.1858330836e-03 -1.8782375230e-01 -1.4694120415e-01 -5.7376365291e-03 1.2817580172e-02 1.3564626061e-01 1.0188355678e-01 -2.9721402199e-01 -1.2061746227e-01 -1.2326522105e-01 2.4813342484e-02 6.9558468500e-02 -4.6175874146e-02 6.3863986559e-02 -3.4822584201e-01
-5.0073802757e-02 6.1413262481e-02 -1.2696268306e-01 1.6722462038e-01 -1.3672059494e-01 -8.4718806571e-02 -1.4491877526e-01 1.9515182586e-01 -1.9456946170e-01 1.0936121754e-01 1.7628514333e-01 -5.1114480426e-02 1.2206883382e-01 -1.0937221521e-01 1.6652703101e-01 1.5752211813e-01 -1.3657405932e-01 1.8913400550e-01 -1.0409485351e-02 -4.5671572493e-02 1.3339777477e-02 6.8117054002e-02 2.5880823020e-03 3.3047726216e-02 2.7595867097e-03 -1.3145407049e-01 -3.7080447482e-02 1.5218801832e-01 -4.9085048456e-02 -1.0389724792e-02 1.5916650175e-01 9.0617065249e-02 1.1953756163e-02 1.7447546921e-02 -8.8602436816e-02 -2.0426768133e-01 6.5909383278e-03 1.6809683826e-01 -3.0196670803e-02 -1.0052595298e-01 -9.8740956615e-02 7.1441888217e-02 -9.9121487420e-02 -1.0421021492e-01 -8.7236602364e-02 -1.6055118409e-01 5.8601069807e-02 1.1968867970e-01 7.7120040861e-02 8.9059356389e-02 -1.8110431516e-02 9.3098606272e-02 -9.3730662178e-02 1.5676366700e-01 2.0219166084e-01 -2.4212181732e-02 3.3653015427e-02 -1.4013540178e-01 -9.5811834829e-02 -6.3800357746e-03 -2.7446210924e-01 -5.3932469412e-02 8.2198493329e-02 -1.6974909335e-01
1.0973416221e-01 -1.1601286870e-01 1.5120970655e-01 9.0233889080e-02 1.5416922694e-01 3.5359015965e-02 1.4905016172e-03 5.2792870810e-02 -1.6957572503e-01 -3.1111562572e-02 1.5238693934e-01 -4.5276074702e-02 2.6983088033e-01 5.4833431678e-03 -1.2140164178e-01 -7.4048468384e-02 8.6860451439e-02 8.0120315393e-02 -7.0653763349e-02 -5.4288114224e-03 8.9811662649e-02 2.8543907980e-02 -2.3129475989e-01 -2.1480650290e-01 -1.2060736919e-02 -1.6843067889e-01 1.3834891054e-01 -1.3667160307e-01 -1.0861931563e-01 -3.5607719189e-01 -8.9542017911e-02 -5.7525276941e-02 4.1448677813e-02 -1.1686349323e-01 -1.7290961143e-01 1.1564904252e-01 8.3576377735e-03 9.9524393356e-02 7.5381649079e-02 1.1159371680e-01 1.4029936872e-01 -1.4051055638e-03 -1.7571727573e-01 -7.5874460323e-02 -1.1902439717e-02 7.7566589287e-02 -6.5245984356e-02 3.1275440504e-02 -1.2610721010e-01 1.2556650758e-02 -6.5381601849e-02 -2.9836983393e-01 -2.5963325738e-02 -2.3927677551e-03 7.4743307483e-02 4.7638681383e-02 1.7566886455e-01 -2.2920082748e-02 -3.5624532329e-01 -1.5578150565e-01 4.0827257543e-02 -9.2629438873e-02 -9.4265992043e-02 5.1934829295e-02
5.3199426317e-03 -1.0421308257e-02 -1.3835164593e-02 -1.7517012433e-01 -1.7953538674e-01 1.1260647194e-01 1.3781198542e-01 2.2462005963e-01 1.3792601276e-01 -1.8249449340e-01 -3.5683870131e-02 -2.1372580244e-01 -4.5491011024e-02 -8.0636214891e-02 -9.7161115561e-02 -1.2687258796e-01 1.2743536961e-01 -1.1572572972e-01 4.7421525406e-02 2.8579105499e-03 1.0441194372e-01 -5.4405496825e-02 -1.7693907855e-01 1.4933020531e-01 4.3214516009e-02 -1.1915163715e-01 3.6932345325e-02 1.1427829889e-01 1.2865654574e-01 -6.2086266315e-02 2.9870201576e-02 -2.0795622331e-01 -5.6080904406e-02 2.1580756699e-02 -1.0392619649e-01 -1.0101032152e-01 -9.7072023609e-03 -2.5089214166e-01 1.6362235470e-01 -2.2434058432e-01 -2.5791979109e-02 -3.0121170767e-02 5.7253139603e-02 1.9566336663e-01 1.7451357590e-01 1.3183526727e-01 -1.2711558594e-01 3.5223516801e-02 8.4032394840e-02 -1.6177156340e-02 6.3671435670e-02 -2.0326668245e-02 -1.1132776660e-01 5.2507369730e-02 -5.8593446497e-02 3.6516561916e-02 1.0337608019e-01 -2.1069776402e-03 -9.3464891353e-02 -7.0429230874e-02 1.0348269836e-01 -2.5221455543e-01 2.3852736031e-01 5.7098935468e-02
3.2820128679e-02 -1.7494588428e-01 -1.1000783721e-01 -1.2061525776e-01 -2.0051059252e-02 -2.9107135198e-01 -1.6314113449e-01 2.5604666014e-01 1.4770633312e-01 6.9949516648e-03 -1.1908878476e-02 1.7710657564e-01 1.9862265314e-01 4.8352657352e-03 -1.6792594806e-01 6.0059793736e-02 -4.0842444667e-01 -8.2379074305e-02 -1.7090768268e-01 7.0789955450e-02 1.0743538305e-02 -6.9676720139e-02 1.6708679322e-01 2.9837733348e-03 -2.3180039622e-03 -1.2997182688e-01 -2.7127617006e-01 -1.4237924947e-01 6.1534247279e-02 -2.0409496291e-01 -1.9724942340e-01 -4.1050209074e-02 -1.3202983721e-02 1.1954730811e-02 -7.7504456548e-02 -2.7066032025e-02 2.2090571804e-01 6.5489902277e-02 -1.8984037181e-01 -3.5689242279e-01 5.5865913776e-03 8.6420366527e-03 9.7746589998e-02 1.1726868834e-01 5.6259089186e-02 6.6652746457e-02 -1.7078673775e-01 6.7367928866e-02 -1.2932545590e-01 -1.1940800214e-01 5.4957237480e-03 1.2428397206e-02 -4.0859810496e-02 2.0932585354e-01 6.2531074826e-02 5.5398655794e-02 -3.5359409208e-02 5.5532042659e-02 1.9469889193e-02 5.0995631567e-02 -2.6195745261e-01 -6.0565460582e-02 1.9540880025e-01 -1.5447722839e-01
6.1171880096e-02 -6.2697260974e-02 3.5086116332e-02 8.2103401474e-03 4.9730998388e-02 -1.8029775591e-01 -3.6126688951e-02 1.6475998946e-01 1.1812293705e-02 6.9435435319e-02 -6.3929564123e-02 -2.3225962662e-02 -1.8739385768e-01 -1.6874687100e-01 1.6379622869e-01 3.8624574480e-02 -9.5529856168e-02 9.8023927532e-02 -6.7373413253e-02 -9.5897574403e-02 1.9741063064e-02 8.9054157455e-02 -1.2717320138e-01 1.8497081909e-01 3.0681745300e-03 7.7451703365e-02 1.6122853381e-01 8.2700455403e-02 -5.5691439210e-02 -1.7759640868e-01 3.6027556640e-02 2.2730184911e-02 1.3239450866e-02 2.7705231806e-02 -6.2540401523e-03 1.2713472320e-01 4.1089146694e-02 1.9082989946e-01 2.5796455574e-02 -1.2417602643e-01 -6.1458375724e-02 2.5988769280e-02 1.3306681598e-01 3.7212048023e-02 -6.3913113701e-02 2.3293940565e-01 -1.4714196191e-01 4.3966237106e-02 9.2716179970e-02 1.2074293125e-01 -7.1145442674e-02 1.4798106481e-01 1.1753207918e-01 -7.8297068144e-02 -8.8983690008e-02 1.4828612456e-01 -9.2747867423e-02 -4.5535693927e-02 -8.6017265697e-03 -5.2732386699e-02 8.8508462832e-02 -1.3735897761e-01 4.9460963267e-02 -9.9716423361e-03
8.3687816176e-03 -1.3552977582e-02 -7.1605178300e-02 -1.6017409443e-01 -2.8743165189e-03 -4.7976392990e-03 -8.4320857080e-02 -5.8786913642e-03 -1.9008244479e-01 -3.2271166382e-02 -2.7405402729e-02 -6.1395293263e-02 7.0314811010e-02 -4.6196516015e-02 -4.7597867541e-02 -5.6541466184e-02 -8.6127498027e-02 8.1369176823e-02 -6.1094526243e-02 8.8839189445e-03 4.2947823304e-03 8.0023218255e-02 -2.4680165086e-01 -1.5918942473e-01 2.4239999336e-02 -5.6110412174e-02 1.4496933170e-01 8.5280485013e-02 1.1136643323e-01 -7.8727147792e-04 4.5274503717e-03 -1.2015214629e-01 2.2639481557e-01 -4.5777882214e-02 1.0712544810e-01 1.9643244298e-01 -1.7429396464e-01 -1.1723830764e-03 1.3242783432e-01 6.7972521893e-02 -3.2167411542e-02 -2.0172249073e-01 -4.1137176047e-02 9.6694454613e-03 6.8574549768e-02 1.5698376901e-02 -4.7446856818e-02 4.0849938765e-02 -1.9529694106e-01 1.1768657115e-01 -8.3973472107e-02 -2.5628269368e-02 1.2355593399e-01 1.7623113837e-01 -2.7457132524e-02 -3.0756527756e-02 1.2631693029e-02 -2.8415004636e-01 -1.4880740430e-01 -9.1590828429e-02 1.2286024295e-01 -2.3374656250e-01 2.7980543537e-02 2.4167843019e-02
-1.3308443378e-01 4.4963316211e-02 -8.1463663283e-03 6.6578354225e-03 1.7826252597e-01 1.0908296818e-01 -2.6259649684e-01 -1.3416220324e-01 -1.2048392400e-01 7.4542444609e-02 -9.4132381987e-03 1.0040305066e-01 7.2396977233e-02 1.7768097537e-01 -9.4774136822e-03 -1.3989584173e-03 -8.6290111405e-02 1.8804450269e-01 -2.0313408101e-02 -1.0714048087e-01 9.8621774947e-03 1.1717755546e-01 1.1525106380e-01 1.6429702892e-01 5.5043257370e-02 2.6154075859e-01 1.1607941955e-01 -2.4407170925e-01 -2.5704954718e-01 -2.2037789424e-01 -2.6091088780e-02 -5.7374085572e-02 9.8218354142e-02 1.8942878326e-02 4.7179249979e-02 6.8525774196e-02 -2.0375554853e-01 -4.9247636274e-02 -1.2088733585e-01 9.2804125493e-04 -3.4213146679e-02 1.9800485010e-01 2.7415182910e-02 1.1171988162e-01 8.9107725004e-02 -1.3233265314e-01 1.5319134066e-01 -2.8393727818e-02 -7.2173345974e-02 -1.2942629365e-01 -1.2737174191e-01 4.3256065749e-02 -7.8776648968e-02 -1.4281684330e-01 -2.8404864465e-02 -2.0673851626e-01 5.5852858336e-02 1.5111746675e-01 -1.0311113358e-01 -8.1949603557e-02 -6.6309168019e-02 1.2372343134e-01 1.0603650376e-01 2.0095942266e-01
-1.3007845975e-02 -1.6822834124e-02 -1.2947577919e-01 -2.5294864224e-02 1.3151723894e-01 -1.7519142066e-01 -1.1551743265e-01 -7.0964477274e-02 8.1460726373e-02 7.9236535640e-02 -9.8800179081e-02 1.5024821256e-01 1.2972090938e-01 -8.0272580380e-02 1.4905600057e-01 -5.6742536580e-03 -8.1920054727e-03 -1.1710516388e-01 -4.8123806284e-02 -2.5707986214e-02 -4.7572365851e-02 -1.4023458496e-01 -4.9882798309e-02 -1.4274924517e-01 -2.9915263943e-01 -1.3351165204e-01 -2.3986636686e-01 1.1793123187e-01 -4.7958385193e-01 -1.6491328374e-01 1.2147467525e-01 -4.8669397408e-02 4.4713255411e-02 2.0115458875e-02 6.5684056762e-02 -6.0071928914e-02 6.5904618769e-02 -5.3741336313e-02 -8.7262347862e-02 -7.6603980833e-02 -1.3619136662e-01 2.1636813455e-02 6.2027802510e-02 -7.7066981334e-02 1.4050056747e-01 1.7073604237e-01 -1.1107932329e-01 -3.9913078827e-02 -3.7652843103e-02 1.8343004417e-01 1.1503331068e-01 -1.2902665113e-02 -1.6295928336e-01 2.7383973688e-03 2.5911296281e-01 -1.6896166150e-01 -2.5957975695e-02 1.0418372796e-01 6.8270113839e-03 -1.0016400077e-01 -6.5014373515e-02 -2.9057358242e-02 1.6984549188e-01 8.1381778405e-02
-5.4598026872e-02 3.4706612854e-02 1.6310331698e-02 9.2324473846e-02 7.6153176639e-02 1.3690111198e-01 1.1590901447e-01 -1.4645825980e-02 3.2839154791e-02 1.0220625222e-01 -1.0111617080e-01 -1.2925431917e-01 2.5109889947e-01 -3.0682055639e-02 3.8741642888e-02 2.4393802553e-02 2.6584337449e-01 2.6493458275e-02 1.2524850919e-01 -6.5539953439e-02 -1.1238488781e-01 1.6298830368e-01 -5.4264448120e-02 -4.9763432326e-02 2.1220079910e-03 -2.1800057205e-01 -3.8157832558e-02 1.6493111759e-01 7.9649256775e-02 7.8204271594e-02 2.9423655461e-03 7.7161083866e-02 3.6146944718e-02 -7.7475588035e-02 -3.1702121896e-02 -1.0549314478e-01 -1.1704024196e-01 -1.1802905678e-01 -1.0797669328e-01 1.0538590257e-01 -1.7815660639e-01 -1.1324776610e-01 -1.8112780647e-01 -1.8765014868e-02 8.9845328184e-02 8.0965850469e-02 -5.0314500028e-03 2.3378830857e-02 -1.0918953386e-01 5.1496864618e-02 1.9879056637e-02 2.2264455350e-01 -1.0380215052e-01 3.6045524111e-02 -1.2123617703e-01 -9.8634911274e-02 -1.8178533439e-01 -1.7594193686e-01 -1.0072835462e-01 1.6556613040e-02 4.2782312516e-02 -3.0205281584e-02 -1.1849011620e-01 9.4644366419e-02
1.6687886590e-02 6.9006487663e-02 1.5643410371e-01 4.9146283512e-03 2.0653726012e-01 -5.2008870094e-02 4.9633803636e-02 -6.5726284482e-02 -2.0590145970e-01 -2.1624215306e-01 -9.8361707041e-02 -5.7726026404e-02 1.2295983868e-02 -1.6672150226e-01 1.2241642825e-01 4.0010576692e-03 2.9530982438e-01 1.3097602693e-01 -1.1651603528e-01 -8.0728501535e-02 1.2314145340e-02 -6.8487787237e-02 -7.1758195382e-02 1.6375560362e-01 -1.8429818179e-01 2.3219877670e-02 -1.7973887772e-02 4.5895391046e-02 -4.3372389767e-02 9.7938746318e-02 -2.4744282843e-01 -2.3353937740e-02 -1.1470067143e-01 1.8588859462e-01 -7.3872683138e-02 1.4025522314e-01 3.5302013574e-02 5.6047965442e-02 2.5812001537e-02 5.5400476034e-02 -2.8365901462e-02 4.5685521406e-02 3.7615291214e-02 5.1670123209e-03 -7.4068127253e-02 4.9063354450e-02 4.2029241317e-02 -1.1338983835e-01 1.5675969360e-01 -9.0632572313e-02 9.3223230611e-02 2.1357749997e-01 -4.0048834030e-02 5.4850353790e-03 5.6350012085e-02 -4.0177732250e-02 -2.2052395855e-01 2.7198069037e-02 -5.4519234306e-02 1.7096190027e-01 -1.3599433750e-01 1.0970487499e-01 3.7900489537e-02 -5.5471753897e-02
-2.0940682718e-01 -5.8301640521e-02 4.3679439893e-03 -2.4509413293e-02 -4.5101380798e-02 1.4680348886e-01 1.5134913784e-01 1.8651880383e-01 -5.4577349173e-02 -2.8916856414e-02 -1.3012198379e-01 -9.7299099188e-02 -2.1367642609e-02 1.3248586315e-01 1.0359410677e-01 -1.5818676293e-01 -8.6931332934e-02 -2.1634011506e-01 -3.6166676369e-02 -1.6008587229e-02 1.0479347720e-01 2.7452140822e-02 -1.7651089335e-01 -1.2150759102e-01 1.5519466524e-01 -1.9289819200e-01 -2.0721493329e-02 1.0458334199e-01 -5.2457772359e-02 -2.0253475800e-01 -6.1956041528e-02 1.5133367337e-02 -8.2861957981e-02 1.1967724009e-01 1.0268957214e-01 -1.9890833704e-01 1.2021329612e-02 -1.2956524248e-01 2.5938265367e-01 6.9037890562e-02 4.4715291183e-02 1.7483637953e-01 1.9966290810e-01 -1.0256115967e-01 7.2688790746e-03 -4.4820245577e-02 1.5447060441e-02 8.5679991723e-02 7.2138745715e-03 9.1225341165e-02 4.8621212480e-02 3.0494793315e-01 1.7610138474e-01 5.2285152262e-02 1.8276217818e-01 -3.6157895026e-02 8.2771269253e-02 -2.6228042506e-01 -1.2945514003e-01 1.3494209383e-02 -1.4494846737e-01 9.0215530515e-02 2.4371838594e-02 1.6636758182e-01
-3.6196917728e-02 -2.9191930167e-01 7.7671163855e-02 1.5537036670e-01 -1.1721832365e-01 2.4992514485e-01 4.6710030928e-02 -5.7356392407e-02 -8.3479893913e-04 1.1385811018e-01 2.6239455988e-02 -4.8086901669e-02 -1.0651800392e-01 -1.2408778849e-01 9.2224284253e-02 -7.8789618080e-02 1.8825688792e-01 -1.4418269102e-01 -4.4122747276e-02 -1.2182432300e-01 1.6103823540e-01 6.8979996478e-02 -2.8186293914e-01 -5.1850417976e-02 -4.4740967874e-02 -1.4103070408e-01 -2.1079773322e-01 -8.5786079593e-02 -1.2342505239e-01 8.5054631255e-02 1.8070223847e-02 8.9651722618e-05 -3.7703076336e-04 -1.7322796697e-01 4.9308784112e-02 -1.5042304997e-01 1.2374948980e-01 2.4739866342e-01 -1.2720097565e-01 -1.0900843272e-01 -2.7526301159e-03 -2.6835667726e-01 -5.3160318029e-02 -7.9058795928e-02 1.2401172215e-01 2.4927703416e-01 1.0921363763e-01 -1.1318751865e-01 1.7610606870e-02 -1.0688872082e-01 -9.9692409560e-02 1.5003421976e-01 -1.1630059003e-01 -5.4131245949e-02 -9.0147891887e-03 1.7443364098e-01 7.0563598343e-02 -2.5077265810e-01 -4.6194871402e-02 -7.7966770156e-02 6.3155400759e-02 -4.5009433368e-02 -1.3668639655e-01 -1.0699596048e-01
-6.6158167580e-02 -1.2571375633e-01 -3.1652496283e-02 5.8488732206e-02 2.5758898904e-01 7.5025007536e-02 8.1587907220e-03 -9.8177296725e-02 3.0597777056e-02 4.1195211159e-02 -3.5858004411e-02 9.6944882977e-02 -2.2639956690e-02 8.3259141221e-02 -1.3079170640e-01 -1.6177653869e-01 -1.5516871701e-01 -1.0237708297e-01 -1.7880392336e-02 1.8859263697e-02 -1.9093701268e-01 9.3801427734e-02 8.6797428590e-02 2.3953336996e-02 -8.3600297956e-02 8.3690178690e-02 2.1748556011e-01 8.1051737652e-02 -2.9719043833e-01 -5.3996182132e-02 5.1138814930e-02 2.4392619537e-02 9.6585418589e-02 4.2860550784e-02 2.2310052106e-01 2.8588212255e-02 -7.3822703449e-02 5.1895989299e-02 1.3646117533e-01 9.4516371280e-02 3.6458398292e-02 7.5820311638e-02 1.2791088101e-01 -5.7308559093e-02 -2.5808957616e-01 1.3003478153e-01 -7.5261833139e-02 7.4057411532e-02 3.1775667589e-02 -6.3509136999e-02 6.4904023084e-02 -1.9658852680e-02 -1.1779679623e-01 3.1838252781e-01 -1.9430290108e-01 7.9633105806e-02 2.6304499228e-01 3.6427540168e-02 1.6482045722e-01 1.0289598506e-01 -1.6415744717e-01 -1.5073273975e-01 -7.3160230961e-02 5.7034262712e-02
-6.4370661419e-02 2.2993016144e-01 -9.1721952033e-02 1.9757271853e-01 2.3818810252e-01 -1.5721599493e-01 9.4124352244e-03 -1.7569816780e-01 -3.1550952150e-01 5.9882519544e-02 1.6714912607e-01 5.1707189489e-02 1.5377983123e-01 -6.1119396357e-02 2.9210410491e-02 1.5236400080e-01 -1.7157005523e-01 3.0114060922e-01 3.9412486384e-03 3.6450444620e-02 2.0620521021e-02 2.4250938881e-01 1.3204381170e-01 1.7740819080e-01 4.5427644730e-02 -3.7640298568e-02 -9.3585245908e-02 -6.5954763397e-02 -1.9733357327e-01 1.3642310083e-01 7.7260000867e-03 -1.3210665342e-02 -5.0952799116e-02 4.0656821137e-02 -1.0286520671e-01 1.3174400304e-01 2.1386042971e-01 -1.4024894013e-01 -9.7447374352e-02 -3.7694891137e-02 -1.4681491608e-01 -8.6733286156e-02 1.1524540865e-01 2.3712383137e-02 1.9337612819e-01 1.5993228316e-01 -1.3755472499e-02 8.1648584950e-02 1.2690604278e-01 1.8204914658e-03 -3.1429579412e-02 3.3751440219e-02 1.4061170926e-01 -4.1119216885e-02 1.2992116021e-01 -2.4548873571e-01 -2.3973150010e-01 5.9412353828e-02 6.1913834204e-02 -9.0782365417e-02 -1.4361367781e-01 8.3287733336e-02 1.5699239746e-01 -5.0545075690e-02
3.2509783348e-02 -1.1227228447e-03 1.7679946497e-02 -5.9719694706e-02 1.5248953270e-01 1.9748892440e-01 -1.6814529345e-01 1.5294220437e-01 2.1164698070e-02 5.0759857151e-02 1.2261561328e-01 -1.4579270018e-02 3.5868183484e-01 1.5685841131e-01 -1.0239096319e-01 -1.1568662670e-01 1.5969187775e-01 1.1036831416e-01 1.7596360590e-03 2.6119955087e-02 8.9033676578e-02 5.0783769482e-02 -5.8973625947e-02 5.1348008918e-02 -6.5804369556e-02 -7.8546389024e-02 1.4390136623e-01 2.6293831850e-02 -5.3206814583e-02 1.0228976844e-01 6.2908560036e-02 6.5339997979e-02 3.6992162467e-02 -2.0004966260e-01 9.3271406651e-02 -6.0284640891e-02 -7.4539806378e-02 -8.3432838602e-02 -1.0087283081e-01 8.8594279621e-02 -1.7364017996e-01 -2.9991304284e-02 -1.0478508146e-01 -3.6109713276e-02 -4.7376827791e-02 3.8190481423e-02 8.2974720195e-02 -1.2215313372e-01 -5.2617883886e-02 1.3759918942e-02 -6.0978262801e-02 4.0625580266e-02 -5.2781144102e-02 -2.2045976440e-01 1.0608974609e-01 -1.0739640950e-03 1.3413236419e-01 -5.0778412052e-02 -1.2505067826e-01 -1.0536057478e-01 4.7336783855e-02 -1.0951463444e-02 -1.8545424718e-01 3.4471328717e-02
-7.5370379642e-02 -1.8726572403e-02 1.1127148134e-02 -4.7670760418e-02 -9.1946299105e-02 -1.0319660031e-01 5.8091069555e-03 2.6191088516e-01 5.8178971901e-02 4.0834338992e-02 -1.3712387389e-01 1.1359080901e-01 5.9896198463e-02 1.5654022167e-01 1.5993437924e-01 1.7845025233e-01 -6.7588719533e-02 9.7882802968e-02 -4.6013274110e-02 5.1724252616e-03 7.9645334522e-02 9.8092050495e-02 -1.5585348922e-01 1.3702405950e-01 7.0236235546e-02 1.6647286608e-02 -2.0157930171e-01 -9.0621939882e-02 -3.3005797285e-02 1.1911638531e-01 -1.4641498349e-01 1.0809735970e-01 6.8472319851e-02 1.3305699721e-01 2.3701151566e-02 -4.1744907424e-02 7.6650809525e-02 1.4081617205e-01 -7.8389116933e-02 -3.3574589923e-02 1.6212536229e-01 -9.7248498982e-02 -1.4644110398e-02 8.6915184309e-02 -1.1538457302e-01 -1.3065144626e-01 -5.2879088565e-02 3.4968167367e-02 -4.4124779676e-02 8.4932810615e-02 -3.4857731381e-02 -6.0127787828e-02 -1.4423894281e-01 6.7455858621e-02 -1.3170954251e-01 -1.8527647856e-01 -6.9585489495e-02 -9.2360523803e-02 -7.8960987954e-02 -3.0308450822e-02 3.4691882303e-02 2.1247895153e-02 3.7211905546e-02 8.6505180228e-02
3.6024042065e-02 5.1949075137e-02 6.3507669326e-03 5.1323297488e-02 -7.7984106796e-02 -2.9397894147e-02 2.2618065078e-01 -2.0159635262e-01 -1.9943720088e-02 4.2052527167e-02 7.3030015786e-02 -6.9187098851e-02 -1.7634103780e-01 -5.9507700051e-02 2.6604365793e-02 -1.3615474265e-01 -3.2458845500e-02 1.0586065224e-01 7.8457357127e-02 5.3013753285e-02 -1.0522641563e-01 5.7774911822e-03 2.7148021812e-01 8.1898302600e-02 -1.5447406812e-01 -1.8741809378e-03 1.3148972429e-01 -8.0614592340e-02 -1.0310866145e-01 -4.7875704278e-02 -6.9655520323e-03 -1.2459945633e-01 1.0645139436e-01 1.4942923799e-01 -4.3865880534e-02 -7.3052391216e-02 1.3469765174e-01 -8.1480476262e-02 -1.0740167651e-02 -4.5684948534e-02 -3.4816806241e-02 2.1948648990e-01 1.6658038340e-01 -5.1570854512e-02 -2.8948915365e-02 4.9351776267e-02 -1.5420074047e-01 -5.0181896784e-02 1.2204766026e-01 -1.4205806393e-01 -2.8057441888e-02 -1.9408018477e-01 2.3118298198e-02 2.1665378445e-01 -7.9924226556e-03 -4.1528535695e-02 -8.4585304513e-02 -1.3326480525e-01 2.1484810587e-01 -1.2685157136e-01 5.1471968991e-02 5.7131140614e-02 2.8657179236e-01 1.8714559268e-02
4.5578800300e-02 1.0020507786e-01 7.8876333648e-02 2.1866844888e-01 -9.5849728153e-02 1.0120436023e-01 -2.2549224947e-01 9.1954410122e-02 2.1477383983e-02 -1.1866092406e-01 2.1616310374e-02 -1.4844044273e-01 -1.5298648993e-01 -1.2995833318e-01 1.2144791826e-02 -1.5835547314e-01 -1.2975067478e-01 -3.1539140589e-01 -6.0857744050e-02 -1.9273071251e-01 1.4875690071e-02 1.6078718366e-02 2.6638835797e-02 -1.5443072051e-02 -5.3017307488e-02 -6.9515899676e-02 -8.6235703318e-02 6.4048271088e-02 -1.5061673195e-01 -7.2426261739e-02 -1.0637014113e-03 -5.7408584093e-02 8.1263131892e-02 4.4616675358e-02 -9.1271810814e-02 1.3095213597e-02 4.1813229704e-02 1.4173810508e-01 6.9832471907e-02 -3.6014883443e-02 6.4710712608e-03 -9.7660265478e-02 2.1561383757e-02 1.3095357954e-01 -5.2186896703e-03 -2.5089804016e-01 -3.4021927459e-01 1.4825240067e-01 5.7808885680e-04 4.7198194650e-02 5.0759280667e-02 1.1938716184e-02 -2.0055798226e-02 6.8562317526e-02 -7.9033221404e-02 -4.9351502634e-03 -1.2888484385e-01 8.1932034009e-02 -1.1436955678e-01 -6.0487025318e-02 -2.0968875781e-01 6.2299561544e-02 4.5819072443e-02 7.9364860447e-02
2.4021697613e-01 -1.4129216607e-01 1.2714708293e-01 -5.2055540569e-02 7.1447118100e-02 8.2784675152e-03 -6.9134400980e-02 -2.6582453570e-01 -1.7845126890e-01 9.4584352882e-02 -5.1017119957e-02 1.2155954829e-01 6.9753281991e-02 1.6328597801e-01 9.6536777755e-02 1.4893194915e-01 1.3976410289e-01 -2.3241137002e-01 4.6865331153e-02 9.5623853254e-05 -1.2877607792e-01 2.4875841885e-01 7.3654939695e-02 -1.7317927838e-01 -4.8214794545e-02 4.0782180703e-02 -1.7590793720e-01 -3.1197319150e-02 -5.9755688743e-02 5.6537501148e-04 -1.2251278795e-01 2.7017702479e-02 2.6617822787e-01 7.1116577214e-02 -1.8242306858e-01 -1.2311557646e-01 1.3792205018e-01 9.6881590370e-02 7.6808226649e-02 4.7610030600e-01 2.1158135771e-01 1.0191110223e-01 1.4334567476e-01 -1.1226279092e-02 8.3372729895e-02 -4.8126056624e-02 1.1842737776e-01 -1.1741920446e-01 4.2353703945e-02 4.6531043433e-02 1.1489049170e-03 1.3955864764e-01 4.9446539904e-02 -6.0708010427e-02 1.1650746752e-01 -1.2119111617e-01 1.3614609595e-01 -1.9497412346e-01 -1.3751813380e-01 -2.6100563795e-01 1.6130628212e-01 1.8936969737e-01 -1.2773554411e-02 1.3095660127e-01
-7.2249609050e-02 -1.0158997347e-01 2.1478579800e-01 4.1500658103e-02 9.6892258921e-02 -1.0685106851e-01 -4.1108382070e-02 -1.2089635226e-01 -2.0531295665e-01 4.9370746861e-02 9.0002830430e-02 -7.6488704108e-02 1.0903193396e-01 5.7643074043e-02 1.4010499699e-01 -5.4364208610e-02 2.1641061672e-03 -1.3635979231e-01 -3.1316283503e-01 -1.8933227640e-01 -1.3839728098e-01 -8.5548854632e-02 4.1543673922e-02 -1.0460989428e-01 -6.9722472031e-02 -1.1678275351e-01 7.9827711346e-02 6.0361018731e-03 3.3982858126e-01 -6.9466548490e-02 1.7858896367e-01 3.5463979740e-02 9.6886301574e-02 2.2951089502e-01 -1.5294297647e-01 7.3669802161e-02 1.0498925716e-01 -2.4631792946e-01 1.0195860071e-01 2.1556796735e-01 4.3704674897e-02 -2.7561619869e-02 -2.0431295239e-02 -6.3117402913e-02 -6.1829512039e-02 -1.3944651388e-01 -1.2622502534e-01 1.1333533284e-01 9.5365810758e-03 -3.6381908314e-02 1.0590031980e-01 -9.5214933307e-02 -1.2080547130e-01 1.4770713681e-01 8.3853553080e-02 6.1952235230e-02 8.8155980607e-02 1.2299947320e-01 -2.2353581160e-02 2.3284088647e-02 1.8347375259e-01 1.4600090768e-01 -1.9033542579e-01 -9.5992799141e-03
3.0587016936e-02 2.2346234387e-01 -4.7561414735e-02 2.7371996401e-03 3.4622962466e-01 -1.1359324626e-01 -1.2408106326e-01 -1.0281541396e-01 5.2863817366e-02 -8.9754224251e-02 -3.7395941684e-02 -1.5128049999e-01 -4.8324694169e-02 1.1912541286e-02 1.1255450775e-01 2.5927488459e-02 -1.2476684873e-01 6.7876775706e-02 8.1744952162e-02 -1.2799476334e-01 1.6547194475e-01 -6.0430512929e-02 4.2140144374e-02 -3.9724058480e-01 -1.5151874037e-01 8.8051616803e-02 -7.6942290895e-02 -1.2141464602e-02 6.6146500231e-02 -1.8058277237e-01 -1.7033219607e-01 2.9127524732e-02 1.6506359862e-01 -1.3000996265e-02 -1.1514429057e-01 9.7771293133e-02 -1.2127120751e-01 9.6134321993e-02 -3.3110292196e-02 1.2182001264e-01 -1.4933023955e-01 7.2133248060e-02 1.1154774164e-02 -2.3784047558e-01 4.6276228938e-02 1.5262698574e-01 -1.7397582255e-01 -4.2897094438e-02 2.0108931937e-01 1.1621590022e-01 -1.2182173869e-01 -8.4994434517e-02 -1.9068560122e-01 -2.5777136688e-01 -1.8897368693e-01 -2.7290125269e-01 -2.1876302839e-01 -5.7174955399e-02 -1.4239634423e-01 7.7652904614e-02 8.6078895793e-02 -2.6798574171e-01 -2.0976681823e-01 1.5890200080e-01
5.1678009588e-02 -6.1638158717e-03 5.6482824450e-03 -1.1262918485e-01 -9.7909529952e-02 -1.1641579629e-02 -6.4610402543e-02 -1.1709235648e-01 1.1672812353e-02 1.2286633063e-01 1.5805922227e-01 -1.6669412291e-01 1.3902019024e-01 3.1785925217e-01 -1.6103179844e-02 1.4932399489e-01 2.6402245281e-02 3.2250372472e-02 -2.2621351014e-01 2.8588055231e-03 1.8118883045e-01 -9.6488798147e-02 3.0856385041e-02 2.0030616515e-01 1.8266379720e-02 -1.8924174567e-01 2.0461013088e-01 2.8726414634e-02 -7.5836201505e-02 -5.4066937850e-02 6.0791379958e-02 2.2669001883e-02 -1.0982953224e-01 -1.8635182570e-01 1.5985653391e-01 -1.3121830492e-01 -2.0067061398e-01 -1.4507284386e-01 5.4416640853e-02 -1.7286873929e-01 -8.6614017685e-02 -5.0807445660e-02 1.4077609761e-01 1.9797533609e-04 1.7105887083e-02 -1.0984983649e-01 2.8818360879e-02 1.3789309484e-01 1.1179194267e-01 -1.5302602680e-01 3.3851809296e-02 8.6195353018e-04 2.0387266051e-01 -1.1900994564e-01 -2.0282917572e-01 -3.1075548631e-01 -4.5171451357e-02 -1.2030630444e-02 -1.4873417507e-01 -7.5040023954e-02 -4.2315488175e-02 -7.7865926715e-02 5.5816761866e-03 -1.0217917499e-01
1.4819325122e-02 4.7281301254e-02 -8.4524648977e-02 1.8875415788e-03 -2.7625358671e-03 -1.4057894609e-02 2.2489019614e-02 1.4921034040e-01 -1.3896593069e-02 -1.1492274840e-01 -4.7944618087e-03 -2.0720395812e-01 2.6835166081e-01 1.0441450399e-01 -1.0336357308e-01 -2.5658269115e-02 -3.0240461475e-02 2.3595999685e-01 -9.8770814509e-02 1.1747152768e-02 7.0390268563e-02 -8.3745052500e-02 -5.1183052880e-02 -1.4317628887e-01 -1.3478562812e-01 -9.0529150148e-02 1.8851762145e-01 -6.8599518939e-02 -1.8464899554e-01 -8.9371035659e-03 -2.7144503653e-02 -8.4782666088e-02 4.5956079812e-02 -6.9154948493e-02 -9.5520733185e-03 2.3951589657e-01 -2.7076175532e-02 1.4023279079e-02 -1.6105235407e-01 -6.6406253031e-02 9.4793724599e-02 2.2126180838e-01 3.2606302617e-02 1.0967055955e-01 -1.3773997981e-02 2.4518722897e-01 -2.0727719359e-01 -1.1370229920e-01 -1.8676719351e-01 5.8316390976e-02 -1.5940034104e-02 -7.1362701046e-02 -1.1862837869e-01 -9.1752427584e-03 9.3747035344e-03 -5.6243913920e-02 6.7500309648e-02 4.7361935232e-02 -9.2982607301e-02 -2.9915782601e-02 -3.5130986012e-01 -2.8356048766e-01 -2.5120931842e-01 1.5688809986e-01
-5.0048743440e-02 -1.5850417462e-01 3.3781744890e-02 9.2455102971e-02 -6.3317605349e-03 1.1489947246e-01 6.2449467097e-02 -2.0253349912e-01 -1.7961953644e-01 3.2530144909e-02 9.1764080346e-02 1.5116931662e-01 -1.1109778517e-01 -2.4029423127e-01 1.1992616375e-02 -9.5394291654e-02 -2.2237133031e-01 6.0113492402e-03 -6.4055065324e-03 1.0282230206e-01 1.0237944603e-01 -2.0480591457e-02 6.6369976759e-02 3.1432569144e-02 -1.3155303793e-01 -4.1776574055e-02 -1.8501712672e-01 3.7206209749e-02 -1.9974490476e-01 2.5388232866e-02 1.6577499860e-01 1.0022229269e-01 -8.0320357901e-02 7.4191200509e-02 -1.6004350396e-03 1.4031211043e-01 -1.4709397986e-02 1.4083699897e-01 -1.1837584229e-01 -1.0687831842e-01 -1.7489868768e-01 -4.4118950545e-02 9.7230022731e-02 -2.6779660257e-02 2.8007499217e-01 -1.8657042128e-01 -1.6017703269e-01 3.6880152496e-02 7.9555508462e-02 9.0567170141e-02 -8.1057506793e-03 3.4623691423e-02 1.4390915502e-01 1.6942579419e-01 1.1105629499e-01 -3.9342964053e-02 -8.5940492214e-02 1.2670856479e-01 2.0652458090e-01 -1.6948207310e-01 -3.1901485022e-02 -1.6685926480e-01 -5.9766910014e-02 5.1162280969e-03
-7.7520871784e-02 -1.2917461216e-01 -5.6273985456e-02 1.0465545055e-01 -3.7150319635e-02 2.3136439740e-02 3.3135465734e-02 -5.2005603118e-03 -2.9151702891e-03 1.4593326880e-01 1.4174001872e-02 -4.3015649901e-02 -1.3877534464e-02 1.1685478501e-01 -1.0873642937e-01 -6.0176542125e-02 6.8167658931e-02 -8.7672951207e-02 2.1231002911e-01 -1.5713655554e-02 8.1506158238e-02 -6.8988949511e-02 -7.3758111298e-02 1.4617092574e-01 -2.7690189535e-02 -7.3978237521e-02 3.1569252202e-02 1.3265274396e-02 -2.1355104792e-02 1.9600184935e-02 2.0652710656e-01 -8.8034417545e-03 1.5158511059e-01 -1.8032730783e-02 -2.8990701801e-01 3.4408731116e-02 -6.3324625937e-02 1.8804125699e-01 3.1737855675e-02 2.6952211516e-03 -1.0794870979e-02 1.3190073320e-01 1.4894622842e-01 3.6868796272e-02 2.2673228598e-02 9.5671518954e-02 -1.0203074854e-01 1.4105207974e-01 -7.4166787878e-02 9.2320441846e-02 4.3457400278e-02 -8.6555919480e-02 -1.1197926010e-01 -9.4882484871e-03 -1.9908063302e-01 3.4785548915e-01 2.1822852572e-02 -1.3541915338e-02 1.1378776576e-01 1.0272086207e-01 -5.3291324764e-03 1.5136546150e-01 -4.2297445448e-02 -7.1191235181e-02
-4.2237189223e-02 2.5738602182e-01 -4.8672348335e-02 -8.9933648407e-02 -1.2098387248e-01 3.7160965005e-02 -1.0043336712e-03 -5.3839602274e-03 -1.6119493291e-01 -9.5284238813e-02 -2.1035285020e-03 2.9290251857e-02 -3.7202935625e-02 -8.3840896078e-02 2.3370707664e-02 -6.1627056144e-03 7.1715227343e-02 1.4295382530e-01 1.3029429026e-01 1.1235491662e-01 -1.3347430225e-01 9.5663074029e-02 -9.6407730327e-02 8.7938236733e-02 -1.0095853210e-03 -2.1789215464e-01 1.5624222007e-01 -1.8246300778e-01 2.4242717133e-01 1.2266641026e-01 3.7630360268e-01 1.4477343926e-02 -3.4225420784e-02 -6.4027290876e-02 -1.3998878264e-01 -1.0363759934e-01 -6.2638820934e-02 1.2716504924e-01 -7.0921519272e-02 7.4781097446e-02 -1.6384590733e-01 -2.5099203570e-03 -1.1348717625e-01 -1.7096735737e-03 1.5109424021e-01 3.5554004926e-04 3.9845655579e-02 -1.3400838425e-01 -1.0639706091e-01 1.2972698445e-01 9.8464316880e-02 1.2904953991e-01 3.3679693272e-02 4.7018018226e-03 -9.1691609861e-02 1.8766577920e-01 -6.3621923311e-03 2.3448624383e-02 2.7835906567e-01 1.0996682553e-02 1.3617780177e-01 -3.2006562996e-02 1.4202175785e-01 2.1251586672e-01
2.8742796331e-02 -7.1445899695e-02 -1.0672765784e-01 -1.1371050693e-01 -1.3356646605e-01 -6.8297092251e-02 2.8795971706e-01 -3.3380339953e-01 -3.0022534967e-01 -1.5186328611e-02 1.6822418689e-01 2.6022349563e-01 -1.4862270989e-01 -8.9174956808e-02 -2.9789722113e-02 7.1656592735e-02 -1.3174918468e-02 -9.0412658168e-02 -1.5855570451e-01 9.3151292878e-03 -1.0816762076e-01 -2.6196655753e-01 5.7367260452e-02 2.0302582953e-01 -1.4833582728e-01 6.5892308232e-02 -2.4537989637e-01 -6.8241048520e-02 2.1548033012e-01 2.8631963314e-01 -6.2796255167e-02 1.6205829512e-01 -1.1642238251e-01 2.1884271273e-01 -4.2612606338e-02 -1.4534085519e-02 2.4222762723e-02 -2.0847312350e-01 2.6820109698e-01 4.9261474258e-02 1.6859472587e-02 -5.1821107800e-02 1.8076550379e-01 6.0533302050e-02 2.1661794201e-02 1.2435742043e-01 1.2951810997e-01 3.8018470192e-02 -1.0913084128e-01 9.4771102734e-02 7.1234249916e-02 -9.9956050868e-02 4.8322467797e-02 -1.5659429870e-01 -1.0067820096e-01 -4.9320806324e-02 -9.3361194283e-02 4.3305367238e-02 -8.2429138243e-02 -1.0352339057e-01 1.1925784965e-01 -2.1690136874e-01 -2.1823298884e-01 -2.4024387622e-01
-4.4261977649e-02 5.5756198893e-02 -7.5111415780e-02 4.2322624685e-02 1.7329939120e-01 2.0609680137e-02 1.9077356910e-01 7.6504453320e-02 6.5578904800e-02 1.0446415508e-01 -9.6074204497e-02 -2.4940601946e-01 1.5789199261e-01 -2.8888613713e-02 -1.0564640662e-01 -8.3404785008e-02 9.5639453823e-02 1.3550520467e-01 5.7601796252e-02 -1.6800876051e-01 -3.4850254249e-02 9.0478155316e-02 -2.4735415724e-03 1.0637664271e-02 -1.9288267083e-01 2.0569886796e-02 2.1334739726e-01 4.1651246298e-02 -1.5185397806e-01 -3.5018369967e-03 9.8483595183e-02 -7.0328961488e-02 1.2697085535e-01 1.0625787766e-01 -7.2180216489e-02 1.2665879932e-01 1.6828459626e-01 -1.4964372085e-01 -7.2434157773e-02 -7.7320735280e-02 2.8883906006e-02 -5.3149559963e-02 -1.6715614510e-01 -6.0371315661e-02 -7.1013150655e-02 5.4718256770e-02 -1.7798207164e-01 -1.0260721305e-01 2.4314981976e-01 1.1917878492e-01 1.5800564745e-02 6.5659152817e-02 1.2160172132e-01 2.5725834695e-02 3.0136896479e-01 2.9170590115e-02 -1.0554614376e-01 -4.2990617593e-02 -7.9237014039e-02 -1.0332224424e-01 1.2285002012e-02 -9.0153280439e-02 -1.6012355486e-01 2.2304089576e-01
1.6679265322e-02 2.4937785112e-01 9.4888111824e-04 -4.5044652239e-02 -9.4254330622e-02 2.5727969322e-01 -5.0469390581e-02 3.1926055944e-01 1.8114409149e-01 3.8214424987e-02 9.4529915197e-03 -2.7446986065e-02 7.8637723761e-02 1.3340355825e-01 -5.7284719568e-02 -1.1230970181e-01 -2.2171046740e-02 -1.1717941275e-01 -2.2877492756e-01 9.7495770845e-02 -6.0403386344e-02 -6.6365702870e-02 -1.9457112484e-01 8.6913510778e-02 1.7171655391e-01 3.5220509255e-02 -1.2066583361e-01 -2.2256034574e-01 3.3520065008e-01 1.7075819859e-01 -1.3723031950e-02 -6.4654912050e-02 2.6395669666e-01 -4.1414354168e-03 -5.2649792883e-04 2.0257917168e-01 1.1373772243e-01 -2.8600771457e-01 1.2028809410e-01 1.2650558071e-01 -1.8533193364e-03 1.4099827080e-01 6.1771319830e-02 -2.4944049914e-01 1.3639602337e-01 -2.1590527198e-01 -3.0658228393e-02 1.5023980135e-04 -2.6856973294e-01 1.1329772499e-01 8.7918267318e-02 -1.1330953150e-01 2.1338774097e-01 -2.0783854770e-01 3.5157256990e-02 -1.5959366173e-01 2.8987953318e-02 1.7569486885e-01 -1.1314104043e-01 -1.3565508768e-01 8.1223554459e-02 -1.1608670557e-01 3.0995748339e-02 -4.5798656570e-02
-7.9974700880e-02 1.8685089265e-01 1.1367765742e-01 1.6354426509e-01 -8.6162003940e-03 1.0441507718e-01 1.2679160170e-01 8.8869126930e-02 1.5528005208e-02 2.7921120780e-02 5.5313872676e-02 3.7455835024e-02 -8.3901842721e-02 1.2218760166e-01 -1.7056188768e-02 -9.4604941554e-02 4.3921817408e-03 -3.2150235748e-02 6.8200994711e-02 3.8403174927e-02 5.6265657870e-02 -1.3708832641e-01 -8.8176991230e-03 1.9608901161e-01 2.6740636949e-01 -1.7465291634e-01 -8.8769411997e-02 -2.7975214508e-04 2.5884794216e-01 5.9653971524e-02 -1.9970839707e-01 1.2247246862e-01 1.7723258024e-01 -5.9616640806e-02 -1.9506129435e-02 -6.9975461941e-02 2.3242810199e-01 -1.5072806170e-01 1.2226985532e-01 -2.1176987939e-01 -1.6326748673e-01 1.3435267714e-01 2.4032291653e-01 4.0803232063e-02 -2.5469454355e-02 -6.4403947327e-02 6.5229265662e-02 -8.0005487653e-02 -4.1394162686e-02 3.0450910280e-02 -7.7716751000e-02 -2.0367331131e-02 2.2259293828e-01 7.1693209836e-02 7.6871659104e-02 -2.2250291144e-02 -1.6271328997e-01 -1.0372089212e-01 -1.2994975044e-02 -1.8985716036e-02 -3.7878547913e-02 -2.0408349333e-01 2.2573821285e-01 5.9493462704e-02
3.4710549031e-02 -1.0735575897e-01 4.6423808571e-02 2.3095280295e-01 8.4487318865e-02 4.2582376421e-03 2.1750349386e-01 -9.4164625138e-02 8.1009842909e-02 -1.0914197879e-01 1.3139643395e-01 1.5869162331e-01 4.9961563785e-02 -3.8322719835e-02 -4.6814923979e-02 -9.7261327568e-02 -8.2344391379e-02 -4.0669907288e-02 -1.2734634584e-01 1.5764209272e-01 -1.9216030339e-01 6.9425255254e-02 -4.9663891688e-02 -8.8131089075e-03 -1.1212529635e-01 -1.5260965159e-02 -4.6129877458e-02 1.0447356120e-01 -7.6067060819e-02 -5.6929451339e-02 3.0427968636e-02 -8.1346799821e-02 -2.7910340276e-02 1.2961843951e-02 1.1568225558e-02 2.0135568004e-01 -1.1260377272e-01 8.6240086756e-02 -8.3499851037e-03 -5.9530358776e-02 -9.2072131832e-02 -1.6313133051e-01 -8.4020296018e-02 1.0867335777e-01 4.6575663988e-02 -4.7346262149e-03 -1.0319943997e-01 -1.5161943597e-01 -1.0963447571e-01 1.1231269829e-01 -1.4591639270e-02 3.7368851618e-02 1.4742770635e-01 -8.0006573203e-02 7.7672544781e-03 -2.2756012240e-01 -3.6481453140e-02 -8.6920991202e-02 -1.1746088316e-01 -1.8489496281e-02 1.1224717197e-01 -1.6759912277e-01 4.4560473354e-02 -6.7147321502e-02
-6.8252751158e-02 -1.1622151153e-01 1.0033942794e-01 8.2279276842e-03 -2.8565768329e-01 -7.2339819622e-02 8.2868003281e-02 -1.5507861570e-01 -2.0249789432e-01 -1.2148167226e-01 -3.6171446033e-02 2.9507513256e-02 -3.7436283974e-02 -1.1097719156e-01 -7.4518555484e-02 -3.6272695721e-02 -1.6651413963e-01 -6.3657851498e-02 -5.6202536567e-02 -1.3704699619e-01 -1.3531897657e-01 -4.6068289426e-02 5.3521578171e-02 -7.1978686555e-02 1.0304490151e-01 1.9059024560e-01 -1.5785015538e-01 2.3196031147e-02 -1.2436977196e-01 5.8249815763e-02 7.6164889491e-02 -2.4051450655e-02 -5.4744672745e-02 2.7282550593e-01 2.1183556817e-01 -1.9259855966e-01 1.1031921395e-01 9.4172225001e-02 -9.6397656504e-02 -3.8901488471e-01 -1.4037953106e-01 1.5267206450e-02 -1.0884766684e-02 -2.8790815446e-02 5.1693744027e-02 -2.1618561384e-02 -2.9562828721e-02 2.5493842117e-02 9.2803219815e-02 3.9600208649e-02 -1.2534328801e-02 7.6969693234e-02 -7.7027093144e-02 4.8028499332e-02 -1.2632760791e-01 -5.2573651036e-02 -1.7694683439e-01 1.3250352652e-01 1.2624412278e-01 6.5175553785e-02 -9.5579817374e-02 -7.9547776236e-03 1.2081012051e-01 2.3925206896e-01
5.4472087512e-02 -1.4657921058e-01 -1.5309194035e-02 7.1129380412e-04 -2.8442985650e-02 -8.4377488615e-02 -5.0388034338e-02 1.7850024634e-01 1.1131780791e-01 -7.0039937485e-02 -9.2762147000e-02 1.2951366135e-02 1.5379640469e-01 -1.6570860364e-01 -2.0200409463e-01 -7.5635006067e-02 -8.2686844261e-02 -2.0497600422e-02 2.7064583018e-01 -1.3840442830e-02 9.7838994362e-02 -9.9832477260e-02 1.1983797802e-01 -7.8171759430e-02 -1.7178460310e-01 -3.9134546167e-02 -1.4323955138e-01 1.7749282618e-01 -1.5934845547e-01 1.6147217011e-02 -2.4102573950e-01 1.9243796536e-01 -4.2123459769e-02 2.9492426943e-01 8.1312414053e-03 3.8579101409e-02 6.8143220767e-02 7.9032991378e-02 -2.4279900287e-01 8.3414778860e-03 -4.8624993267e-02 -3.6219245179e-02 -8.5131437552e-02 -1.4402800859e-01 1.5328331971e-01 1.7127872569e-01 -5.3619460179e-03 -1.5209602024e-02 -1.3678847740e-01 3.7749921634e-02 -2.5744760155e-02 2.0481812024e-01 -3.8186322847e-02 5.5586014979e-02 7.5853395049e-02 -4.3261780782e-02 -6.2548592786e-02 2.5212263481e-01 -2.1790173780e-01 1.4249864530e-01 -6.8050408776e-02 2.6693917986e-02 3.8439697144e-02 -2.0942214448e-02
8.7245733461e-03 1.3387918858e-01 5.8463001533e-02 -2.2559983778e-02 1.4149503611e-01 5.6857998683e-02 3.6178251183e-03 7.2036158486e-02 9.1307752033e-02 5.5859698054e-02 1.7213751850e-02 -7.8855756908e-02 1.8112394789e-01 -9.8831268851e-02 2.3691658705e-01 -1.0433744008e-01 1.1426077599e-01 3.0213857282e-02 1.5737451010e-01 1.2691515864e-01 -4.5061104047e-03 1.7179043851e-01 3.5805746335e-03 8.6911395974e-02 -1.6466679191e-01 7.4742006400e-02 -1.7636532914e-01 -1.8512810149e-02 -1.5867149390e-02 -1.1056325450e-01 2.6524840691e-02 -5.2723023515e-02 -1.2467700925e-01 -2.7997705369e-01 1.8176222958e-01 -1.0796084775e-01 1.1213039180e-02 -1.3154250695e-02 1.9314902388e-01 -1.4851191609e-01 -3.1616043050e-02 -9.1961828836e-02 -1.7931103161e-01 6.1851213253e-02 1.6372232374e-01 -6.2727369695e-02 -1.3783879124e-01 -5.7708436151e-02 5.3628869818e-02 -8.5173495503e-02 -1.1916300979e-02 6.2449401075e-02 7.2564325479e-02 -1.3919193157e-01 7.7574671292e-02 3.3087674095e-02 8.8054510458e-04 2.8745890630e-01 2.1416224496e-01 -3.5639164116e-02 1.5956316790e-01 3.0363131660e-01 -8.9251447556e-02 -1.5695724926e-01
5.0434330703e-02 2.7291842877e-01 1.7682751808e-02 1.3553312938e-01 -1.3433626701e-01 -4.7172336647e-02 1.2316585730e-01 1.1787313481e-01 8.2003195202e-02 3.2101971287e-02 1.5697488446e-02 8.0168309741e-02 3.2813214817e-01 3.7666896343e-02 5.6773520347e-02 9.6262258491e-02 1.6193689653e-01 -1.0619271521e-01 8.9773932004e-02 1.3297939905e-01 -9.0309896295e-02 -7.8450629867e-03 1.8891137456e-01 1.6239747683e-01 2.1306133210e-01 1.0928601250e-01 -5.4391777143e-02 1.8275238033e-01 1.2084232656e-01 9.2732981033e-02 -1.6078124390e-01 5.8368779230e-02 -4.8303332252e-02 1.2745870425e-01 -1.3819956858e-01 2.4845210639e-01 -5.7673301161e-02 4.5593018352e-02 -9.3440084969e-02 5.7319167472e-02 4.6048464034e-03 -1.1378113566e-01 1.8606671207e-02 -6.7572630419e-02 -5.6070356795e-02 -1.5363807313e-01 -1.3082926807e-01 2.0566842997e-01 -1.5790940209e-01 1.3697198838e-01 -5.5350052340e-02 1.3265844267e-01 2.2905917925e-02 -2.9414732688e-01 2.6032253553e-02 3.2901169256e-01 -1.0809047455e-03 -6.5830419253e-02 -4.6444099617e-02 1.2479573351e-01 -2.0464154201e-02 6.8296430796e-02 1.3496520436e-01 -2.3368303972e-01
-1.1824881659e-01 5.0665417807e-03 9.8412530083e-02 1.6677186179e-02 -3.1932661507e-02 2.0156984908e-01 -2.2918790668e-02 2.8626889665e-01 -3.3777402197e-02 5.6529871717e-02 1.0457426970e-01 -2.5047892563e-02 9.5513709484e-05 7.2656648790e-02 6.0440930155e-03 -3.8749105150e-03 -2.0168997558e-01 1.9058870578e-01 8.4610680014e-02 -8.7894505768e-03 -8.5040564005e-02 -1.6259696920e-01 7.7382808722e-02 -5.2932600050e-02 3.1985604854e-02 -3.1759094409e-02 -2.2590528826e-02 -2.6297088829e-02 -6.3298405754e-02 -1.3583473107e-02 -8.1970604573e-02 1.0275219527e-01 1.4141897216e-02 -3.7101376054e-02 -1.0941636271e-02 1.3809611426e-01 -8.9787494802e-02 -9.0601967790e-02 -6.5671096497e-02 -1.4367329408e-01 1.1580549659e-01 -4.0026967014e-05 -1.7508879921e-02 -7.2131012535e-02 -7.3239114855e-02 -1.6893735078e-01 -1.4567637215e-01 6.8786977019e-02 1.5060448812e-01 -2.0342966999e-01 -1.8569593929e-02 1.7010433663e-01 -1.7606292958e-01 1.4560299511e-01 -2.1922473795e-01 1.1927615133e-01 1.3231333635e-02 -1.4272425782e-02 1.1323675140e-01 4.8840156138e-02 1.6774210195e-01 5.0028559773e-02 -2.1601300882e-02 -4.7619267197e-02
1.4720430129e-01 -1.9667496876e-02 -7.3474908918e-02 -8.1679803976e-02 -1.5581557419e-01 4.1501302950e-02 1.2897877983e-01 -2.9333897279e-01 -2.5094791937e-01 -1.0248217239e-01 9.0224095726e-02 2.4291886870e-01 -2.1252727867e-01 -3.9570500507e-03 3.3735498039e-02 -5.4472049964e-02 -2.0831281320e-01 6.3400709183e-03 -1.9760494265e-01 -1.2655396137e-01 -2.6026953880e-01 1.5476081609e-01 8.4685363907e-02 1.4114809594e-02 -2.0327485027e-01 5.2272723693e-02 -1.1588287428e-01 -1.8650222550e-01 6.6237885631e-02 4.5453049377e-02 -3.1298222973e-02 1.4090469405e-01 -6.3179669208e-02 9.6398353803e-02 2.6189929259e-02 4.2415944623e-02 7.1113188862e-03 -5.8119600511e-02 6.6459623471e-02 -8.5933217506e-02 -2.4593692274e-03 8.9351093077e-03 7.3901712167e-02 -1.1679530644e-01 3.4914417625e-02 -6.8984084642e-02 1.6899582008e-01 -2.1308080193e-02 -5.6930637786e-02 -1.6997974592e-01 6.2951055520e-02 1.2100111218e-01 -1.1252015510e-01 1.1737275953e-01 1.0769975377e-02 -2.8658681408e-01 -9.0788066015e-02 2.9796448614e-01 7.2541336743e-04 -2.4929863784e-01 3.0996645579e-04 -1.4707564001e-01 2.6929328975e-02 -1.3873277639e-01
1.1215744333e-01 1.6360073978e-01 3.5368085916e-02 7.1453746169e-03 9.1967191292e-02 -4.2682312982e-02 2.9216922643e-02 -2.1188860322e-01 -5.0800828171e-02 -1.0535566025e-02 -1.1676884284e-01 -3.2772056421e-02 -1.8905504471e-02 1.9212158238e-01 -2.0943283585e-01 -1.0026631602e-01 4.4552112807e-03 1.3484416482e-01 9.0396096450e-02 -1.4097249523e-01 -3.5891569343e-02 -1.3443392757e-01 2.0413302179e-01 1.3966235145e-02 7.8086623662e-02 6.4998905174e-02 -6.5571559869e-03 5.5140747397e-02 2.5492912091e-01 -1.0561645395e-01 6.8106533669e-02 -2.6547868721e-02 -4.4918314027e-03 -2.5775317880e-02 -1.2274906772e-01 2.0848846878e-01 -1.8006835666e-02 8.6861125123e-02 -9.3280639148e-02 5.7986700437e-02 5.8497291219e-02 1.1805550965e-01 -1.2161715259e-01 1.5197101891e-02 -4.7002556592e-02 -3.9886756372e-01 1.0366611326e-01 1.0245104882e-01 -3.3494738321e-02 -1.1011201216e-01 1.8318508521e-01 9.7899417279e-02 -1.1071330192e-01 2.8047130198e-01 -3.2158191294e-02 4.8974462763e-02 -1.8123459231e-01 -1.4763972078e-01 4.4371792037e-02 2.5543766921e-02 5.8658186595e-02 6.4402176706e-02 1.8219969823e-01 -1.8314443785e-02
-1.1865077836e-01 -1.2871255198e-01 6.7385320037e-02 5.8963111201e-02 -2.2735535787e-01 -2.1202489122e-02 -3.1450635387e-02 -1.0054713363e-01 9.2683336104e-02 3.0322645160e-02 -1.5917907495e-01 1.2533721676e-01 -1.1236221765e-02 -9.5455839435e-02 -4.3448906419e-02 -5.5195042696e-02 -2.6900679794e-02 8.2737101866e-02 -1.7703022924e-02 -2.5281881675e-02 -1.7056725910e-02 3.1660540117e-02 -1.6853823792e-02 2.9491404678e-02 -1.3310907162e-01 1.9861105350e-01 -1.1074885010e-01 1.2430974556e-01 -2.0752379441e-01 -1.4849823881e-01 1.9120297981e-02 -1.5909637279e-01 1.3983518803e-01 -6.2096482471e-02 9.5951063679e-03 -1.1558361154e-01 -2.8550632409e-02 8.8429982474e-02 -1.7893235709e-01 1.0669376697e-01 -1.2635376544e-01 4.4791920623e-02 -9.7057107864e-02 2.2780067660e-02 6.5582433190e-03 3.6225107058e-02 3.9302502602e-02 -6.6178376362e-02 6.6558418383e-03 7.9940593724e-02 -5.8803186139e-02 1.2720543175e-01 1.2672793242e-01 1.9882424382e-01 7.5949086544e-02 -1.1180100423e-01 8.1513848124e-02 -8.0849095181e-02 -1.3162378635e-01 -2.4997130256e-01 -5.8716272738e-02 -3.0752572402e-02 -1.4579269613e-01 1.5651567364e-01
5.8558522873e-02 -7.5870738741e-02 -6.9730297853e-02 1.3712117121e-01 -1.5665057922e-01 -4.2777171291e-02 7.2929620917e-03 1.6395989799e-01 -1.3558037085e-01 -1.3961002158e-02 -1.0225850040e-01 8.7486539299e-02 -1.1027325738e-01 -2.4532582454e-01 -1.0382741609e-01 3.5186717716e-02 -7.9617897384e-03 4.7295852128e-02 2.4292237768e-01 -5.7792200233e-02 -3.4029885261e-02 -1.2411255638e-01 1.5412084903e-01 1.4164605031e-01 1.0472708799e-01 4.6811050671e-02 9.2876829766e-02 1.0187231944e-01 -4.4211333392e-05 9.9724247193e-02 9.9849803085e-02 1.4389298013e-01 -1.4978099179e-01 1.6984228074e-01 9.1602729618e-02 -2.7881584053e-02 -8.0219877421e-02 1.1026775646e-01 6.5584975136e-02 -4.3526754054e-02 -9.5541734053e-02 -1.7836168135e-01 2.2335280651e-02 4.3118844761e-02 -1.7217241814e-02 -9.7076354799e-02 1.2813938951e-01 1.4000304323e-01 9.2536339752e-02 -8.1431449676e-02 -3.9673204692e-02 4.5201590907e-02 -1.7851349181e-03 1.3752477849e-01 9.9769131363e-02 -6.6568856808e-02 -5.2423343831e-02 8.7417327530e-02 -3.7107612396e-02 -2.0128804722e-01 1.2303789531e-01 3.5794381830e-02 -9.0329846330e-03 7.2304457000e-02
9.2140491818e-02 -2.9176295976e-02 -2.2674398278e-02 5.4009477463e-03 -1.6870300348e-01 -6.3724256487e-02 -1.3832380236e-01 -1.1827360467e-02 -1.1872484074e-01 -2.6348950601e-01 -1.7050602076e-01 -1.4228225782e-01 1.2078171520e-01 8.9035505101e-02 -1.6031732722e-01 1.2206704919e-01 2.1285654386e-02 -1.5241990176e-01 1.7143556127e-01 -1.9075330379e-01 -3.1470446412e-02 -2.4313579884e-01 3.3167924868e-02 -1.2793345862e-01 3.0930188700e-01 -2.6714361704e-01 6.6840189605e-02 1.7297566480e-04 -6.8276489280e-02 1.5588191665e-01 -1.6369861845e-02 -8.3151792344e-02 -3.2138808378e-02 -7.9945786114e-02 -2.2528130970e-01 2.2218944399e-02 -1.7323033346e-01 2.2370615981e-02 -1.4234489082e-01 6.3594771215e-02 2.2350024203e-01 -1.5390356057e-01 -3.1435241765e-01 -2.2944117421e-01 1.2159885472e-01 4.2706864016e-02 -1.5840682574e-01 -1.1302253409e-02 1.2142923644e-01 -2.2830603454e-01 1.1817268962e-01 2.0154565146e-01 -1.2314632647e-01 -8.2973296432e-02 8.8259279355e-03 3.2133977877e-01 2.3783083894e-01 4.8611415768e-02 1.4283005211e-01 1.2999720599e-01 1.7834473711e-04 1.9360512457e-01 -1.2534284846e-01 1.7093252707e-02
1.9026769981e-01 -1.1138191682e-01 3.9847627962e-02 -6.3864685205e-02 -2.1006877808e-01 -1.7273541045e-01 1.2833730271e-01 4.6958018428e-02 6.6584167054e-02 -3.5850422227e-02 9.3110595228e-02 3.8759305802e-01 -1.5843222094e-02 -6.5158199326e-02 2.1255825696e-02 1.8899351302e-01 -7.9579175210e-02 -1.7248392580e-01 6.3422311777e-03 8.0108420647e-02 -2.3072384791e-01 -1.5078896131e-01 1.7598063198e-01 -2.7460740437e-01 5.6432795829e-02 1.2503575701e-01 -1.7362190459e-01 1.6168572975e-01 4.7559852337e-02 1.8768596136e-01 1.5651259854e-01 4.4032316078e-02 5.8034519160e-02 2.2782839578e-01 1.5565607800e-01 -5.4127506987e-02 1.7582955045e-01 -6.2506206154e-02 3.9335768281e-02 6.0522688123e-02 -2.5755491525e-02 3.6643487382e-04 3.3716998882e-01 1.5133220128e-01 1.2004478660e-01 -1.5893877452e-01 -1.0293234198e-02 -1.4340786590e-01 3.1503943897e-02 -5.1320166758e-03 -9.8169000318e-02 -1.6932684409e-02 2.1045578092e-01 2.2354748543e-01 -2.1743895171e-01 1.2506232908e-01 -6.7124372189e-02 -1.5216737920e-01 1.0571295896e-01 1.5782168911e-01 5.9467246631e-02 2.5590457507e-01 6.9718487769e-02 5.4654076082e-02
