-4.4082046431e-03 7.1039619343e-04 1.6408675377e-03 -1.3175335913e-04 -2.2315384800e-03 -8.7879241631e-04 1.2261000344e-03 -2.3643805647e-04 2.2667744364e-03 6.6649240655e-04 2.8014250037e-03 -6.8599962673e-04 -3.6247862062e-03
2.1722951080e-03 -5.6384863607e-02 -1.5304254340e-01 1.7853842959e-01 1.2810523338e-01 2.3605422820e-01 -1.8413531766e-01 -6.4546170878e-03 2.9718469557e-01 5.4381562968e-02 2.9288555111e-01 4.9906690818e-02 2.4318905813e-02
3.0334369755e-01 -1.8186480891e-01 3.6049355545e-02 -2.6339432529e-01 2.1162676217e-01 -1.7084767213e-01 -9.5447623118e-02 -5.9307681875e-02 2.0005766976e-02 3.2614620099e-01 -1.6382495131e-01 -3.6739216546e-01 -5.2425454973e-01
-2.8654935836e-01 2.0008517040e-01 -5.1777662041e-02 -1.6758522100e-01 1.7205149202e-02 3.2719362596e-01 1.0122590660e-01 2.1941061973e-01 2.1610648411e-01 1.0759005621e-01 -8.0689325500e-03 -4.7151842402e-02 -3.1989430856e-02
-1.7347585760e-04 -5.0644993422e-04 3.7646725544e-03 2.6262144109e-03 2.8448690053e-04 -5.5911974345e-04 1.0288302384e-03 3.2888251530e-03 1.3364407483e-04 -8.0453032692e-06 -4.5886394583e-04 1.8263101597e-03 -2.3909679583e-03
-9.4361555832e-04 5.7167109223e-02 1.0814441280e-01 -1.0763027188e-01 -3.5496334667e-01 9.4252487750e-02 -1.5401080147e-01 3.7146781749e-02 2.2096998909e-01 1.0032304007e-01 -2.6821089867e-01 -1.2834646045e-01 1.3456974852e-01
1.6904170982e+00 3.4701221082e-02 1.9570112158e+00 -3.6954489284e-01 1.3333093116e+00 1.3736596023e-01 8.9945869040e-01 -3.7540291856e-01 -1.1092424200e+00 -2.0587474304e-02 1.2273421385e-02 -2.1945692251e-03 -3.8452996869e-02
9.4630318947e-01 9.9808336039e-02 1.1625032136e+00 -4.1156114918e-02 7.3752279827e-01 1.2761119973e-01 4.8452066902e-01 -2.4854219331e-01 -6.2626043205e-01 -2.3280506191e-02 -2.7135243921e-02 1.7384664429e-02 -2.0304573096e-04
3.6858550618e-02 1.0583300033e-01 -7.1007781265e-02 -1.8458949072e-01 2.1469034675e-01 -7.9622447000e-02 -1.6835727174e-01 1.3042084886e-01 2.6624735830e-01 -2.4075286961e-01 2.1246624408e-01 2.1910620323e-01 1.7429553723e-01
3.0111441156e-02 -1.1191146354e-02 2.5873842473e-02 7.7051332561e-02 -2.1108956207e-01 -1.7424449726e-01 -8.3885153994e-02 -1.3442418269e-01 -4.5312849725e-02 -2.0168901324e-01 -1.0503178287e-01 2.3041034654e-01 4.7103513224e-02
-3.7682641595e-02 -4.4655042707e-02 -2.6601411020e-01 2.6447570323e-01 1.0515490978e-01 1.7689076595e-01 -8.5109296981e-02 -9.2748564099e-02 -3.1747599198e-02 1.8745978781e-01 -3.7230486147e-01 -1.3348675389e-01 6.6473623667e-02
2.7903758683e-01 1.0353661495e-01 4.7867192762e-01 4.3246084097e-02 2.2073397013e-01 9.6695488570e-02 1.3191655448e-01 -3.5529706373e-02 -2.8702973702e-01 3.9793522233e-02 -6.7116741158e-03 -2.7801036653e-02 -8.3112372785e-03
-2.3229695129e-03 1.9824220282e-03 2.2808668791e-03 8.9946595061e-04 -3.0746438904e-03 3.8605883898e-03 -4.5422141819e-03 2.8738292091e-03 -1.0585102827e-03 -1.4147477832e-03 3.4546900268e-03 -5.8570832533e-04 5.4665009081e-03
4.7323110519e-01 2.4212593565e-01 5.7371498093e-01 8.9189290272e-02 4.2147636172e-01 3.5762392715e-02 1.3847057821e-01 -1.6673565881e-01 -2.7353515558e-01 1.6577027270e-02 1.3465852538e-03 -2.1643719505e-02 -1.7697260351e-03
-2.1569363499e-01 -1.6801199725e-02 1.6878983791e-01 -3.2512892657e-02 1.6934737011e-01 3.3413614195e-01 3.4338268937e-01 2.8784240980e-01 -1.8297655210e-01 4.1066488219e-03 3.3192931724e-02 -1.1809744260e-02 -5.8174760967e-03
3.6119291303e-01 -1.9567460167e-01 -3.0722244754e-03 -2.8361196828e-02 -1.8049692577e-02 -8.4388211138e-04 -1.2502117590e-02 -3.3710310177e-01 8.9997108950e-02 5.9973140106e-02 -1.2951431815e-01 3.2791819063e-02 1.6424998812e-01
-1.5161232913e-03 1.2379241951e-04 2.0462119652e-03 -3.7073532977e-03 -2.5897331257e-03 -1.6301389375e-03 -4.1475071739e-05 1.8652128566e-03 -1.4163396405e-03 2.2655643268e-03 -7.8127322533e-04 -7.5001485905e-04 4.1367490826e-03
1.5184805594e-04 -9.5528522109e-05 1.3863213133e-03 3.9856142568e-04 9.5749194566e-04 -6.1375778792e-03 1.8002576398e-04 1.2415898675e-03 -4.6948124134e-03 3.7969118348e-03 2.2356522659e-03 -1.2005415747e-03 4.2020954388e-03
-3.5707054190e-03 -2.2333665744e-03 -1.2251503389e-04 -1.1396159818e-03 -7.0033003915e-04 9.8947797763e-04 -4.4958284737e-03 -8.2975947179e-04 3.7617944541e-03 -2.7361621234e-03 -3.3717724181e-03 -2.6131109760e-03 -3.2807697530e-04
-1.3279882792e-01 2.7843481759e-01 7.4916278393e-02 -1.0780200710e-01 -4.0885178730e-02 -2.7847190499e-01 -5.8277421602e-02 1.2683180615e-01 -5.3375572088e-02 1.7539692303e-01 1.9345185840e-01 -1.9781503077e-01 -4.7120468447e-01
6.2545767561e-01 6.0940496879e-02 6.2779963703e-01 7.0635878719e-02 3.6766152963e-01 3.7386369453e-02 1.3362680110e-01 -2.5353021046e-01 -3.0444613472e-01 -2.2912812475e-02 -3.0373604191e-02 2.0697134017e-02 -4.9350224546e-04
-8.0856474613e-04 1.7898240399e-03 2.5884510432e-04 -3.8119060780e-03 -1.3086969398e-04 -1.2535905620e-03 -7.9999161904e-04 7.1408209194e-04 -4.1985449336e-03 -3.3012630642e-04 8.7121518684e-04 -4.0606203603e-03 -2.3797662626e-03
-1.6892460700e-01 2.8647097534e-01 3.0380208902e-03 -1.0086841029e-01 3.0917728762e-03 -5.8315864588e-03 1.5889356942e-01 -5.4620041755e-03 -1.5989523885e-01 1.7048962732e-01 1.3012918790e-02 -1.1120318211e-01 -6.4943527638e-02
2.4564467857e-03 -6.4147091459e-04 -1.6811790925e-03 -6.3940932151e-04 2.5715921079e-04 2.2869337374e-03 5.8332698525e-03 -2.4219824461e-03 -4.5048948118e-03 -2.8289739721e-06 3.0441656805e-03 2.7864314059e-03 -4.0607800498e-05
2.0786469521e-02 -8.0122955478e-02 6.3378654559e-02 -2.7044356286e-01 -2.2554408825e-01 1.1128089415e-02 1.4405992481e-01 -7.2416614432e-02 -1.8046602618e-01 -1.3204410428e-01 5.2452378100e-02 2.9525846017e-01 1.2867651853e-01
-1.1891020966e-02 -7.0625618783e-04 1.0180803414e-02 -1.8953192430e-02 -7.0368550796e-03 -2.0280219942e-02 2.4353076493e-03 -1.0096222769e-03 -5.0390916143e-03 -2.2634532236e-02 -5.0649682317e-02 4.4842410953e-02 -1.7155104207e-02
2.9088323899e-01 2.0745496616e-02 9.5995961095e-02 -2.1820574020e-01 4.1789442783e-02 2.6661763926e-01 -5.9791873576e-02 -8.0776458991e-02 -1.8873036893e-01 1.5355096752e-01 1.2662643459e-01 -1.8302324050e-01 8.0912242609e-02
-9.9723155699e-02 2.2739778882e-01 -7.9956224483e-02 -1.4159809169e-01 1.1334363409e-01 -1.8824453903e-01 1.4510838922e-01 -1.9057056194e-02 -2.1216380721e-01 6.7897932591e-02 -9.9796340588e-02 -6.6107500746e-02 -4.9836156959e-02
-1.7086495919e-01 1.6389723023e-01 -2.2894114219e-01 2.7107644795e-01 4.3820123305e-02 4.3878051596e-01 -8.7869834206e-02 3.4511051587e-02 9.7588528716e-02 -1.3860887550e-01 3.9098356431e-02 1.5960325698e-01 1.9370082177e-02
-2.5182991003e-03 -8.5871397392e-04 -2.1640447257e-03 3.3357720423e-03 2.4896110647e-05 -5.5250812791e-04 -3.5584253264e-03 -1.5938649851e-03 4.2313716216e-03 -1.6686172240e-03 -2.0834727085e-03 2.2999640958e-03 3.2140934390e-03
1.1318907840e-01 -1.0519494562e-02 4.5865930653e-02 6.5932592894e-02 -1.0857167204e-01 -4.9887778269e-02 -3.9234687158e-01 2.8595966699e-02 1.8310577904e-01 9.0373288405e-02 4.4720685299e-01 -6.1151397861e-02 -1.9898732911e-01
6.2606573151e-02 -1.0360894680e-01 -1.3339740222e-02 -8.3246171080e-02 -2.8639333844e-01 2.1188101851e-01 7.2726380695e-02 -1.6334591587e-01 -4.6746414213e-02 -3.8427661615e-01 -1.5563746543e-01 2.8307272828e-01 6.4108269150e-03
-5.3515845879e-02 6.1066979736e-02 -2.3820900399e-01 3.5083747039e-01 1.0810537751e-01 1.3633813950e-01 -1.1800200408e-01 -1.3093851652e-01 1.5051159219e-01 -9.6409085981e-02 1.0926946113e-01 3.6843862129e-02 -2.6335284932e-02
