-2.9831799404e-01 2.6692718808e-01 1.5003426511e-01 1.0468015383e-01 2.0562965659e-01 3.8039234848e-01 3.1875517360e-01 2.8313884686e-01 -1.7336486969e-01 -1.9168671509e-03 1.6117304206e-02 -6.3964427625e-03 -5.0318411401e-02
1.2486873485e-01 -1.5137948567e-01 -6.5246116808e-02 4.6209065874e-01 -1.4965448643e-02 1.5384243220e-01 -2.4344835284e-01 -1.3102950574e-01 2.0066407527e-01 5.8434119909e-02 1.6383297290e-01 2.0191903816e-01 -1.3328497944e-01
1.6778803091e-01 5.4317845006e-01 2.1034613346e-01 6.3123720507e-01 1.8024774012e-01 2.9102756705e-01 -4.8888601461e-02 -3.0103910307e-01 -3.3887799604e-01 -3.3732518296e-01 -1.8520646729e-01 2.4939253326e-02 1.1693246463e-01
7.6257480622e-03 7.5760740611e-02 1.4497680610e-01 -1.2523344965e-02 7.6054796020e-02 -3.1341570776e-01 -1.3293121531e-01 -6.3788026912e-02 1.3094917319e-02 3.1572829195e-01 3.2290572111e-01 -1.7305737577e-01 -2.1868071004e-01
-4.2741858536e-02 5.7574649891e-02 -1.7083019807e-01 -2.5995930735e-02 -2.7227089076e-02 -7.5305445436e-02 -9.8087307316e-03 -6.8379416359e-02 -7.9656352375e-02 8.0435780699e-04 5.2684755398e-02 6.7464001771e-02 -1.2883245239e-01
6.4896301794e-02 -1.5456692602e-01 -2.6135478954e-01 -1.5414010239e-02 -3.5591191596e-01 -1.4052463630e-01 -1.9143089943e-01 -1.4347699617e-01 9.7440497626e-02 9.1496541480e-02 -3.3671942927e-01 1.8806753144e-02 7.4208040503e-02
-1.0628446124e-01 -8.7085838282e-03 5.1890131867e-02 8.4481267686e-02 9.7825331523e-02 3.3879131946e-02 5.3876250037e-02 -1.9514016398e-02 -8.5241184374e-02 -4.2510731847e-03 -1.1228708020e-01 -5.8565880811e-02 -9.8732446284e-02
-6.1739203262e-01 1.6100372906e-01 -4.1612771790e-01 -9.0163686845e-02 -5.6080622466e-01 -2.0142517739e-01 2.9350783063e-02 1.9067840482e-02 2.3342982866e-02 2.6033155193e-01 -2.9839548068e-01 -5.8917948095e-02 -1.9886045087e-01
3.7260165110e-01 1.1354260010e-01 9.9446487213e-02 -2.2296654713e-01 6.8628493135e-02 -3.7794040673e-02 -1.9018872892e-02 -1.7576435229e-01 -1.8064135771e-01 4.2269510469e-02 2.8048583955e-01 1.6274659036e-01 6.5569366759e-02
2.8121821074e-01 -1.0066986273e-01 9.6608915164e-02 9.4520807325e-02 2.8569209563e-01 -3.1573379548e-01 -3.9708330754e-02 -1.4296474399e-01 -3.9574172549e-02 2.2683030856e-02 -1.8638633333e-01 -1.6592271338e-01 -9.6783464115e-02
1.1879164494e-01 -1.2600656710e-01 2.9264021657e-01 -1.3159787285e-01 -3.1049295790e-01 1.7278400716e-01 4.9082781025e-02 -1.3935440224e-01 7.6831167920e-02 -2.5674602607e-01 -1.1482611939e-01 2.7517047876e-01 2.2945355800e-01
1.0685558248e-01 3.0052927437e-01 3.8232823946e-01 -9.3123027053e-02 1.6071843447e-01 -2.4633220507e-01 3.7820084718e-01 -2.5983786915e-02 -3.7338082288e-01 7.1639161742e-02 -2.6227780081e-01 6.5868924852e-02 -1.6743311129e-01
-1.4977639390e-01 6.3530900340e-02 -4.6178796114e-03 -8.0232834282e-02 -9.5314795302e-02 -2.2366515622e-02 -7.6069158887e-02 7.2081918362e-02 2.6639270094e-02 -1.4131093974e-01 -5.8052808983e-02 -4.0780896935e-02 -2.9759115570e-02
2.4895527358e-02 3.8117455992e-02 -9.1884721804e-03 -7.5208349576e-02 2.2337335582e-02 -8.0890193371e-02 1.5651789425e-01 -2.6583823684e-02 -1.4648232399e-01 4.1095455940e-02 -5.2872445763e-02 1.4688759095e-02 -4.2013398399e-02
1.7844193728e-02 2.8346847548e-01 6.8756492745e-02 -9.9077200652e-02 -3.5591483041e-03 5.3285839235e-02 -2.8395287557e-01 1.9528088004e-01 3.9645574466e-01 7.7606215527e-02 8.2664826370e-02 -2.0164986337e-01 -3.0895250128e-02
9.5724285902e-02 -8.2852019077e-02 -8.8385750562e-02 6.9806663043e-03 3.0091826112e-01 5.2842426128e-01 1.9770700283e-01 -1.0373573360e-01 -1.5331681363e-02 3.6778433786e-01 -4.3706683655e-01 -2.3839454657e-01 2.4503448444e-01
2.7161572985e-01 -1.6279274669e-01 2.5196058928e-01 -2.7447245982e-01 -8.9643790442e-02 1.0391571328e-01 4.2141357526e-02 -1.6803909112e-02 -1.9895171813e-01 -5.7318274878e-02 -3.5516747680e-03 -9.3165065153e-02 -2.1305746413e-01
-2.1179407531e-01 1.4475027076e-02 -3.8523848129e-01 6.6134014790e-02 2.4873599971e-01 -9.5470129455e-02 3.9771142282e-03 8.2623508741e-03 1.8035102393e-01 -3.9449711354e-01 2.0807449685e-01 3.8070087601e-01 1.0800451061e-01
