-1.4599838212e-01 -2.0252416997e-01 -2.9357845884e-01 -2.2439947286e-01 -7.1648891898e-01 -6.1029188137e-01 3.5492025391e-01 -4.0939125998e-01 -6.4871524130e-02 -1.7684789097e-01 -6.5424032803e-01 2.4922856011e-01 3.6420529515e-01
2.3042498746e-01 -2.9844672505e-01 -2.0541044970e-01 -4.1123367093e-02 -5.5267715301e-01 2.4624275576e-02 5.0520538470e-03 -2.7676527597e-01 -1.8154449510e-01 -4.2026571578e-01 -1.7474308811e-01 4.1881536628e-01 1.1642816844e-02
-3.0666254389e-01 3.6808217911e-01 5.0478635349e-01 1.6418832522e-01 1.8960904203e-01 4.1469477966e-01 2.8352485598e-01 2.2695968023e-01 4.1351820597e-02 2.9171468819e-01 -2.6208079370e-01 -2.3594455197e-01 -8.9444160693e-02
8.2450510112e-01 -2.7516976144e-01 5.8683145908e-01 -3.8881501938e-01 -1.2317622892e-01 -4.0542772408e-01 -2.1770662285e-01 -1.2520892249e-01 -1.1901391247e-01 3.6414765705e-01 -1.6941536209e-01 -4.2087176569e-01 -3.0494703215e-01
5.0559490993e-01 2.8848952156e-01 5.9593539720e-01 1.7987159910e-01 4.7107856611e-01 -1.4301697322e-01 2.6259428711e-01 -3.4284990778e-01 -6.8569608926e-01 -1.8610620147e-01 -1.2596149598e-01 2.3897807336e-01 4.6971574777e-02
-7.0023019164e-02 3.5041313513e-01 -1.6478704430e-02 -5.6246981886e-01 -3.4607428048e-02 -2.7403382178e-01 -3.7674351237e-03 1.0315731632e-01 -2.6577467538e-01 7.5242314286e-02 5.1677369428e-01 1.2607993820e-02 1.0019434164e-01
1.6448476572e-01 -1.5412528305e-01 5.5994420435e-01 -4.1035670615e-01 -5.5433627456e-01 9.2179510468e-02 3.8183092519e-01 -4.7369070149e-02 -3.3403939946e-01 -1.0822799471e-01 -1.2825255841e-01 8.6893955328e-02 1.8499369681e-01
9.5436045905e-02 -3.7942172802e-01 -2.7390387051e-01 4.7036230658e-01 -2.0016587100e-02 5.5512639721e-01 -1.6725459239e-01 -3.0071195250e-01 5.8928255812e-02 -2.5561805070e-01 -1.5576978202e-01 3.0548575680e-01 3.2447682132e-01
4.6997746895e-02 7.5644306523e-02 1.5859097060e-01 -4.8282938563e-01 1.4917560439e-01 -4.2880532882e-01 4.8689313624e-01 -9.3456769863e-02 -6.8818815711e-01 3.1724853233e-01 -4.8207241420e-01 -3.1065924835e-01 -2.2273748881e-01
4.4022893307e-01 5.1153176892e-02 4.9650199606e-01 -3.7843769311e-02 4.5210334656e-01 5.7026633579e-01 4.7504394207e-01 -2.4787615527e-01 -6.6435203014e-01 3.6464606700e-01 -1.1846213414e-01 -2.7848958421e-01 2.7022396714e-01
5.9590937740e-01 -2.7027561646e-02 4.9909117671e-01 2.3316402178e-01 1.5379774384e-01 -3.6780498961e-01 -3.5481633867e-01 -3.3321368496e-01 8.7945222878e-02 4.2345522062e-01 -2.3635154562e-01 -3.7562419772e-01 -1.3660075204e-01
2.6738981456e-01 4.6481155945e-02 3.4897106655e-01 -2.9348877370e-01 -2.8587387387e-01 3.7856809635e-01 -4.2162260645e-02 -6.2816602122e-02 2.4932557572e-01 -3.9929230487e-01 -2.7296472772e-01 3.0028551512e-01 6.7199103167e-01
-5.2111564864e-02 1.0995830770e-01 1.3893240644e-02 -9.5000256665e-02 5.1389187921e-01 -3.1222771477e-01 2.7740607476e-01 1.1707390743e-01 -2.6973404584e-01 5.9962073049e-01 -1.5690791090e-01 -5.5013791985e-01 -1.2527678738e-01
-2.4238146633e-01 3.9996793413e-01 -1.3853462481e-01 -2.2494173114e-01 1.8755177810e-01 -9.0344713800e-02 2.1458799474e-01 1.6053522402e-01 -7.3426432476e-02 2.4586800959e-01 -3.3380346497e-01 -3.9201586811e-01 -1.3416510323e-01
-4.2668665239e-01 4.3835933616e-01 -3.0829475208e-02 8.4080598825e-04 -3.7730981561e-01 -2.9153817481e-01 -2.7304540376e-01 2.1902409661e-01 1.5794164398e-02 -2.0124517712e-02 4.9585501026e-01 5.4254330714e-02 -5.0170512679e-01
-1.4372312025e-01 3.8551729807e-01 7.5881665778e-01 -9.4353016358e-02 -3.9666728393e-01 -4.5330618586e-01 1.4406278971e-02 -1.1256575331e-01 -1.6983037355e-01 -3.6286687911e-01 5.9718739148e-02 3.5039411290e-01 8.3807748210e-02
1.4706793945e-01 2.3467161563e-01 5.0728578920e-01 1.1572161927e-01 4.4585365727e-01 -1.7867570734e-02 2.7027370607e-01 2.6928510797e-01 -9.9960599037e-02 -3.2018544315e-03 6.2038617976e-02 5.2798641477e-02 -5.6152237679e-01
7.3867056355e-02 -2.0234796370e-01 -4.0393585441e-01 4.7464917746e-01 -2.6299342646e-01 -3.3791338376e-01 -3.4258917015e-01 -2.7011560164e-01 9.5409520018e-02 -3.3599036113e-02 -4.0533897109e-01 -8.3321091471e-02 4.5883897390e-02
-1.8591384813e-01 3.6968264722e-02 -1.8692422506e-01 1.1626235185e-01 -5.8316553476e-01 7.5580890881e-01 -2.5161247830e-01 -1.6631519542e-01 2.9212218550e-01 -4.4856202067e-03 -8.3431525801e-01 -1.3261042742e-01 4.6914284477e-01
2.2585688081e-01 3.5073234209e-01 1.6548730041e-01 5.3488890606e-02 3.0495351275e-01 1.6158204672e-01 9.0106717580e-02 7.6473805680e-02 -6.6832862819e-02 5.6931012067e-02 2.5562168285e-01 3.3320044186e-02 5.4203631255e-02
2.5571200798e-01 1.4108697312e-01 -2.6530931821e-01 5.4851132866e-01 1.8994428798e-02 1.3068730058e-01 -1.7770744901e-01 -2.4037645077e-01 2.5633107016e-01 -1.7209342939e-01 2.7923702524e-01 1.8435786007e-01 1.0707950887e-01
-2.3523724019e-01 3.1031199590e-01 -1.3187860066e-01 4.9246484707e-01 -2.5520105822e-01 1.6533626895e-01 3.0912502667e-01 7.0593994406e-02 -4.9711312282e-01 -1.2712786726e-01 -4.6598261464e-01 1.2776295947e-01 7.2576662693e-02
-6.7552158051e-01 -1.8872335579e-02 -2.5231775218e-01 -4.3444051037e-01 -5.0063180334e-01 -1.3967446672e-01 2.6704645900e-01 3.6115044172e-01 -2.0151907049e-01 2.3405809388e-01 -5.2972664521e-01 -1.6723468275e-01 -3.1016639840e-01
7.5780618943e-02 9.2444510652e-03 -5.6877858050e-01 2.3491339197e-01 -1.8307394734e-02 -1.8525999042e-01 -3.4697190561e-01 -4.9021132755e-01 1.5967365018e-01 -3.2681017461e-02 -2.8781130919e-01 4.8940447462e-02 4.3605071469e-02
1.5367893475e-01 -2.6695994064e-01 6.3768671819e-02 1.6087498683e-02 5.5740674910e-01 -1.9408949071e-01 4.6405115244e-01 -2.9695615324e-01 -7.6234962057e-01 -3.9444306568e-01 9.6688053168e-03 2.0386961116e-01 -6.6573385345e-02
1.7665510616e-01 1.1384913557e-01 4.6731834249e-01 -5.9093023193e-01 1.4656334214e-01 1.6899680183e-01 6.9180019173e-01 -3.9935999498e-02 -3.9210715734e-01 -3.1332873729e-01 -3.2955659710e-01 3.1347115273e-01 2.7123259355e-01
-1.5781148907e-01 -4.4048999398e-01 -4.1208246831e-01 1.7167296915e-01 -3.2755785170e-01 -9.4732511544e-03 -2.7206322948e-01 1.6306266127e-02 3.0090907772e-01 -9.4510045446e-02 -1.3641818815e-01 3.3263457851e-01 2.7309879960e-01
