-1.4558932685e-01 -1.4688458502e-01 3.6609835428e-02 -2.9497802611e-01 1.2935389662e-01 1.1230948353e-01 8.1976806701e-02 -2.5446427523e-01 -2.5067859065e-01 -8.9303547402e-02 -4.4460734355e-02 -1.4230374995e-01 -1.0340262403e-01 2.4332612627e-01 -1.6651214249e-01 -1.6414030516e-01 -3.3415420508e-01 -2.8031734204e-01 -1.8912088448e-02 -2.8862611630e-01 6.9895875531e-02
-1.6977539025e-01 -3.5427529132e-01 2.8587883286e-04 -1.4138757159e-01 -9.9051756948e-02 -2.0826495701e-01 -7.4103393086e-02 -1.2553682343e-01 1.5197894490e-02 2.8249191165e-01 -2.3191039923e-01 6.9026594522e-02 -7.4682383090e-02 8.6812701361e-02 3.4695228060e-01 4.0113560847e-03 2.1410587296e-01 3.5512838155e-02 1.8498215564e-01 8.8703521530e-02 -2.2126633356e-02
4.1775381788e-02 1.0305264661e-01 -1.4130062278e-01 -4.4134705447e-02 -3.1001279237e-01 -2.1325431181e-01 3.7517111357e-01 2.2544972424e-01 -6.2562284867e-02 6.9345560986e-02 -2.2846403183e-01 6.9829907309e-02 -9.1568991295e-02 -2.0174773477e-01 5.2076485785e-01 -2.1526832632e-01 -4.8750609862e-02 1.2051859459e-01 6.0709847723e-03 -3.0445062254e-02 -1.1508975151e-01
2.2015522781e-01 -2.6078630147e-01 -3.0156296596e-01 -2.5590855612e-01 8.7320193619e-02 -9.0239418465e-02 1.5683491665e-01 9.6076835723e-02 9.2801393305e-03 -7.2074495521e-03 2.3817285976e-01 -1.0148126450e-01 3.0281495434e-01 2.1805227648e-01 -7.6286345651e-03 -7.4869853818e-02 -9.0101194047e-02 -1.8031170843e-01 4.8994561199e-02 1.2125442234e-01 8.1866863440e-02
1.9264772006e-02 8.9306962409e-02 -7.9931059526e-02 1.2565889009e-02 -1.6046161356e-01 -1.8827829189e-01 3.5205509283e-01 2.7868738535e-02 -4.7073125244e-02 -3.2675013749e-02 -2.5480531544e-01 -1.1748411273e-01 1.3568619627e-01 1.8294673812e-01 -2.1927487564e-01 5.8206287700e-03 -2.4434003507e-02 -1.4182008291e-01 -2.4550926291e-01 -5.4675206607e-02 2.2483175708e-01
-7.2110378318e-02 8.8107814981e-02 4.5829694921e-01 -1.7551911937e-01 2.2542559410e-01 -5.5119837047e-02 7.1496759818e-03 -3.9733899871e-01 5.1000704010e-03 2.6570793139e-01 -2.3040838176e-01 -1.7974224983e-01 1.2857493634e-01 4.0352802248e-02 -9.0683106333e-02 -1.1217231150e-01 3.4393079990e-02 8.6154725189e-02 1.7318277729e-01 2.4571232176e-02 -9.8411232134e-02
8.6295917059e-02 -1.3661903681e-01 -7.6206881626e-03 1.3707916774e-01 -2.1359021364e-01 -2.1852039162e-01 5.7324190827e-02 -2.3005878019e-01 2.7843303694e-01 3.3814010886e-01 -1.8274957222e-01 -1.4850719691e-01 1.1400521405e-01 3.7701729914e-01 3.9750831962e-02 1.3360141104e-01 3.5493176537e-02 1.0176703595e-01 -1.9063211683e-01 4.3289429734e-02 2.2236305636e-01
2.1255059417e-01 -3.4913158305e-01 -2.9514321837e-01 1.0407227465e-01 1.3226527662e-01 -8.5944602284e-02 3.3012423713e-01 1.0679130996e-02 -1.2150911798e-01 -2.2520116666e-02 -1.0006353397e-01 -2.5832403286e-01 1.8058306770e-01 -9.1528939580e-02 -1.2700104784e-01 6.8911525645e-02 2.7562844408e-01 1.9534934041e-01 -1.3129323650e-01 -3.6882423826e-02 2.0380297912e-01
-1.3500808874e-01 -7.6349612354e-02 -1.1253685162e-01 4.7710805922e-01 2.6571263729e-02 -1.6550859095e-01 1.1053324743e-01 -2.1834802554e-01 -2.4730397903e-01 -1.3931425056e-01 1.6358132007e-01 -5.2554085291e-01 -2.6629551691e-01 -2.1374394827e-01 8.0775346700e-03 -8.1774786965e-03 -2.2997905237e-01 -7.9642536045e-02 1.3001813977e-01 -4.7410646458e-02 -1.7978718614e-01
4.3543766927e-01 -1.5571196149e-01 6.0490604410e-02 1.6834161739e-01 1.3225031552e-01 6.7171542720e-03 -7.8538961840e-02 -1.3009665860e-01 7.6512938296e-02 2.3976500551e-01 7.2949866835e-03 -2.1624383729e-01 3.2588148378e-01 1.4271268477e-01 4.0367238132e-01 -2.3424261872e-01 -6.7714385826e-01 -2.5559754194e-01 -2.1398726687e-03 3.0178635642e-02 1.3154175863e-01
-6.7688324373e-02 -2.1982614708e-01 -1.6731653109e-01 -1.6645401961e-02 -1.4159241570e-01 -3.1802707928e-01 3.4521799504e-01 1.1352940119e-01 -7.2032727123e-02 -7.3885726158e-02 2.7991264397e-01 1.4413072288e-01 1.2431772571e-01 1.6705175497e-01 -1.5792822607e-01 6.0975363777e-02 -2.8385048827e-01 1.7208523808e-01 -1.9492591568e-01 1.5839839431e-01 2.0497390034e-01
5.7477605481e-02 -4.5371661149e-01 2.6879634453e-02 -1.8083147077e-01 2.7404620382e-01 -2.0995224562e-01 -9.4228199256e-02 -9.8863819371e-02 -3.8520402090e-01 -6.7999739078e-03 -1.1699356995e-01 -7.8932902863e-02 3.6338139631e-02 6.0476110422e-03 1.2281874313e-01 9.0713489696e-02 2.6024235251e-01 -9.9383424295e-02 1.5357118509e-01 -3.3787827048e-01 -1.1837239074e-01
-1.4904894340e-01 7.0727786770e-02 2.8231088265e-03 -1.3744643581e-01 1.0897090938e-01 1.4239341146e-01 1.9874687537e-01 -5.7716587175e-02 -3.4922977593e-01 2.9961318613e-01 7.4524648111e-02 4.9184518246e-02 -1.3215591633e-01 -2.4527857748e-01 2.5967639576e-02 9.3606122941e-02 -1.3776638842e-01 4.9556250062e-02 3.1741453662e-01 1.9179096147e-01 1.0389345724e-01
-1.4337488632e-01 -1.4392845442e-01 -1.2820164933e-02 3.6801677843e-01 4.6794062956e-02 2.9817884228e-01 -1.2173174165e-01 7.7274278440e-05 1.4853617519e-01 3.5387670367e-02 -5.1061491167e-02 -6.2665477866e-02 -1.2791844553e-02 -1.1878357790e-02 1.7071690306e-02 6.7545450659e-02 1.7203599508e-01 1.7327479834e-01 1.2250454180e-01 2.2812728640e-01 6.5125325338e-02
2.5586289739e-01 -6.2562236162e-03 1.6924882437e-01 -2.1620946292e-02 -9.8325690741e-02 1.2546267894e-01 4.2824735286e-01 1.6795462313e-01 -1.5426886391e-01 1.3314702688e-01 -2.9243846773e-01 -3.1191520868e-01 1.4879479716e-01 -6.3206393923e-02 -1.2461127161e-01 -2.8287280378e-01 3.2251395111e-01 2.7471478163e-02 -7.5019752311e-02 1.6556104278e-02 -1.2743003591e-01
3.9388671390e-01 -7.9507695646e-02 -4.4917001708e-02 1.3680402660e-01 -1.2800907933e-01 -3.1206974460e-02 1.2495304583e-01 -2.4000652979e-01 -3.4459681653e-02 -2.4271240739e-01 2.8917230715e-01 -5.4703337503e-01 2.4985104920e-01 2.7033127583e-01 -2.1559273679e-02 -1.9376898600e-01 2.3685608358e-01 6.4778014978e-02 -6.8475172731e-02 -5.8069169367e-02 -3.3695139039e-01
-1.6733762704e-01 -1.9333668773e-01 9.0279960752e-02 1.8822800766e-02 -3.3068066160e-02 -1.5431648889e-01 5.9426684570e-02 2.6125591668e-01 -6.9837222672e-02 1.1431610648e-02 -5.0884513413e-03 -1.0049074051e-01 1.6745969060e-01 -2.0894904813e-02 9.0481276897e-02 4.8592027127e-03 -1.6087042035e-01 -4.5623013891e-01 -1.6045191494e-01 4.2620676313e-02 -2.1810989014e-01
3.1273745659e-02 3.6075632873e-01 2.7358005372e-01 2.8938950465e-01 3.4845462451e-01 2.3647241392e-01 -5.2543458778e-01 2.5429841088e-01 5.3817838873e-02 9.8548757710e-04 2.0914437186e-01 -8.4906205323e-02 -3.3996342837e-01 -2.0066689074e-01 -1.6104016304e-01 3.1595754730e-02 1.2314546048e-01 2.9361209204e-02 -2.8886955528e-02 1.4445390072e-01 7.3751475308e-02
8.1961681479e-02 1.7479452943e-01 -3.7298975319e-01 2.1879578034e-01 -2.2999422716e-01 1.0738071961e-02 1.2440896050e-01 1.3196132208e-01 -1.1992679175e-01 -2.1037469236e-01 -2.0147766019e-01 5.6887676483e-02 3.2153130257e-01 -8.6671571001e-02 9.5445371473e-02 -2.1759800702e-01 -3.6633729849e-01 4.2079178529e-01 2.1649721800e-01 2.4910406234e-01 -1.3031761533e-01
-1.7769171046e-01 -1.9506681354e-01 1.2829755266e-01 2.4927046689e-02 -1.9666349020e-01 -5.0107501824e-02 8.7820370855e-02 -1.0268932857e-01 3.5489367826e-01 6.2256872744e-02 7.9920070074e-02 -2.2145334906e-01 3.5502209525e-01 5.7725834881e-02 -7.4055583774e-02 3.8224852386e-02 9.4913122529e-02 -1.8965189473e-01 1.1267159386e-01 -1.0615286741e-01 1.0050437074e-01
1.1700066771e-01 -3.5172190707e-02 -1.9143479679e-01 4.9730999384e-02 -3.7734398714e-01 -2.6761468018e-01 1.1429647950e-01 -8.4205681468e-02 2.5352638410e-01 -2.7171583224e-02 4.4697714565e-01 -7.1314597751e-02 2.1592086350e-01 -3.6147891728e-01 1.8276599914e-01 1.0555167632e-01 -7.9223189556e-02 1.9933003662e-01 1.3683276169e-01 1.5756560421e-01 -4.5904607698e-02
-3.4310859842e-01 -2.9388867819e-01 -7.6309987694e-02 -1.3889187787e-01 1.1520925693e-01 -3.8785011066e-01 -6.4579722246e-02 -1.6291415073e-01 1.5259373334e-02 2.3010893965e-01 -3.1380066656e-01 -3.2739621772e-01 -1.2415815166e-01 1.2760126781e-01 -1.3994705074e-01 -2.5795965301e-01 -9.5993530433e-02 8.3603720442e-02 -2.5301710206e-02 -1.0032073893e-02 -1.0112785320e-01
1.1800099498e-01 3.1873536835e-01 1.4320459187e-01 5.3003934456e-02 -1.0940257609e-02 -1.7874950166e-01 9.7375312199e-03 1.6494638357e-01 7.8449054611e-02 6.0108018596e-02 6.6117955776e-02 -2.6209535945e-01 1.7419875860e-01 2.9253008772e-02 -7.5648515064e-02 -1.3267095264e-01 1.5482317761e-01 -3.6621805391e-01 3.1805939574e-01 -2.1129324927e-01 3.1292704175e-02
-6.0662437019e-02 -6.4045029897e-01 -3.7932460138e-01 -1.3497318588e-01 -1.4230639810e-01 -2.1509483881e-01 3.5388971428e-01 -1.6564686154e-01 -1.6782224882e-01 6.9486519042e-02 3.8654104392e-02 1.2372361175e-02 2.6475962840e-01 -1.2172940766e-01 8.6103273538e-02 2.2347809292e-01 1.9956766172e-01 1.6939210067e-01 -2.6033555084e-01 -9.1125112856e-02 -9.5409402880e-02
-7.7173497515e-02 -4.1299909863e-01 -4.8189400384e-01 3.4665815486e-01 9.8344546753e-02 3.5487151038e-01 5.3521952587e-01 4.0216073900e-02 -2.6424845405e-01 3.3772820969e-02 8.1937979546e-02 3.9500912921e-02 8.8116648586e-01 5.2229364638e-01 2.4540052754e-02 8.7103157681e-03 1.9998570721e-02 1.5534835549e-01 1.2223433839e-01 -6.3862919784e-02 -2.6998229377e-01
-8.4249739844e-02 -3.8585003583e-01 4.3466065457e-02 1.8654558835e-01 -1.8192491202e-01 -1.1277325905e-02 7.1356186358e-02 -1.5330659197e-01 -1.6766455530e-01 9.5562987317e-02 3.3151422360e-01 1.8559123862e-01 2.5579552109e-01 2.1511069341e-01 5.6904733374e-02 -6.4815644543e-02 1.7510866653e-01 -1.0569818221e-02 7.0447637681e-02 2.0541983389e-01 3.0859207189e-01
3.9880308645e-02 8.8804171663e-03 -1.3648118601e-01 -3.2867053296e-01 5.3784177441e-02 -2.8802435478e-01 1.4023622722e-02 -1.8559646827e-01 1.5117849750e-01 3.8128522770e-01 1.1933749865e-01 -3.9815283843e-02 -1.7874786681e-01 -4.6302285769e-01 -2.5141597121e-01 5.0345351870e-02 2.6368073818e-01 -1.0749332645e-01 2.2826965431e-01 -2.8853077935e-01 1.2815181854e-02
