2.1257102043e-01
-4.7939355466e-01
-1.7534948190e+00
1.6852265410e-01
-3.5257030977e-01
7.1208036827e-01
6.6700411823e-01
6.1825606940e-01
-2.8338197711e-01
-9.2948953261e-01
-3.3780554891e-01
-2.1211517686e+00
1.2494047534e-01
-6.2395674916e-01
-1.5795128149e+00
5.7615807477e-02
-1.6072887223e+00
-1.8828805902e+00
8.9053297841e-01
1.9742098540e+00
-3.0309559848e-02
-1.0221588616e-01
4.3824315197e-02
-1.7387293008e+00
-2.3669514978e+00
2.0447031554e+00
1.8792539881e+00
-2.5080644052e-01
1.6856928073e+00
-8.4837300017e-01
-1.4195362998e+00
8.2506709581e-01
-2.4185153168e-01
1.3128182637e+00
8.8397496410e-01
8.6931997818e-01
1.2792252833e+00
