1.6345635400e-01
-1.9199684681e-01
3.9524436569e-01
4.8881574634e-01
-5.8825601882e-01
7.3636245753e-01
-3.1334681246e-01
-6.7110476952e-01
9.5211001370e-01
-3.8453575589e-01
-1.4105483971e+00
-3.2796935696e+00
-1.3483505250e-01
-2.5064625405e-01
-1.5865963606e+00
-3.3132174205e-01
-8.1539729157e-02
-1.2112709539e+00
1.7613518696e-02
-2.2567989311e+00
-1.4545335226e-01
1.8769162717e+00
-1.7406353989e+00
-4.5773126671e-01
-6.5103698295e-01
-1.0307201928e+00
-3.4908622249e-01
-3.5703332724e-01
9.4431964190e-02
5.2734303193e-01
8.3102831387e-01
-9.7144562006e-02
-1.8213617736e+00
-3.4284787357e+00
-1.7639562252e-01
