-5.2157413998e-02 4.8011089480e-01 1.6285114349e-01 -8.2140884705e-02 -3.1541554150e-01 1.6093572331e-01 2.8696354106e-02 -2.5442398148e-01 1.4018668168e-02 7.0534646971e-03 6.7667479596e-02 -1.4418910496e-01 4.4384268939e-01 3.3507785970e-01 -2.7702886759e-01 -2.0258497969e-01 4.5898414764e-01 -7.7246159198e-01 -1.9911392958e-02 -8.2038668040e-03 1.8538915488e-01 2.1891858521e-01 -3.1269742415e-01 -1.2265438917e-01 1.0922310083e-01 1.9968429436e-01 -5.2330723782e-02
9.8630467036e-02 2.9894127785e-01 4.6632214494e-03 -3.1944750157e-01 -4.3805949914e-01 -3.9288163913e-01 -9.9209310525e-02 -2.9896580593e-01 9.7941361653e-02 -4.4834150143e-01 -5.3966450186e-01 2.6491293606e-01 -1.7305197028e-01 2.4441767907e-01 -4.0918359824e-02 4.1386836350e-01 3.9617402446e-01 -1.6564786604e-01 1.6626092854e-01 -3.4280372557e-02 -1.6781976620e-01 -1.3083534652e-01 1.1868188278e-01 1.5776301969e-01 7.3920741616e-01 -1.9531878539e-02 6.8868644732e-02
-8.2711826162e-02 -2.1987384044e-01 -4.8191506544e-01 -4.4629454095e-02 -5.3487730158e-02 3.3313619310e-01 -2.1783884133e-01 2.1387055106e-01 -3.2418094890e-01 -6.5653548167e-01 -2.1229220294e-01 9.7505103548e-02 8.0178825802e-02 1.4767800839e-01 -2.3529228684e-01 -3.2158016131e-01 -1.9125949875e-01 3.1488973780e-01 2.2601170433e-01 -1.9297097111e-02 -1.9541549228e-01 1.7731005351e-01 1.0116762685e-01 -7.9975412198e-02 2.0795510174e-01 -1.5344978103e-01 3.8577223419e-02
-1.7892962473e-01 1.6008304819e-01 3.3775668350e-01 2.1964347151e-01 -2.1855130341e-03 -5.6731935639e-03 -7.7993004580e-02 2.8350509741e-02 -4.4380478062e-01 1.8458537833e-01 3.3507343591e-02 -1.4799224196e-01 3.8089699562e-01 -1.1541359406e-01 1.9468357223e-01 -2.9367078485e-01 -1.8097595609e-02 5.2082853597e-01 4.3941781788e-01 -2.9783333131e-01 7.5048167499e-02 -2.3179170027e-01 7.3787663431e-02 -3.7906777310e-01 5.9213905993e-02 2.7751271165e-01 -4.3549593747e-01
-4.8873960256e-02 -3.5479520615e-02 -2.3478543024e-02 -1.1779444412e-01 -1.4305582430e-01 -5.4144646231e-02 -1.8647653520e-01 4.2153986480e-01 -5.6113443773e-01 -4.3505891054e-01 -1.7188668355e-01 -1.5724963011e-01 7.0639913855e-02 -1.6194932366e-01 2.1026212943e-01 -2.1509388622e-01 -3.9786113660e-01 3.4807701286e-01 -1.0445764621e-01 -9.6453576612e-03 -1.8478305726e-02 -2.3593308685e-01 3.8045929309e-01 -1.4194272689e-01 4.1025651824e-01 2.2448995005e-02 2.3778116883e-01
-1.9335329710e-01 2.7359985890e-01 1.2643830412e-01 -2.2940069992e-02 -2.7403086625e-01 1.5236238432e-01 3.5730848178e-03 2.5148179318e-01 -2.3258524212e-01 2.5993891083e-01 3.1102765492e-01 1.9095142554e-01 -2.5666393814e-01 -5.0719942951e-02 2.0366772869e-01 2.2830730059e-01 -3.7695024443e-01 1.3945273670e-02 8.1845704815e-02 -1.6966717386e-02 -2.0561953585e-01 8.2060339002e-02 1.7175907311e-01 -1.3488961885e-02 -5.3292236889e-01 -1.4350261762e-02 -2.4443389962e-02
3.5600689305e-01 -1.4399974647e-01 -4.3501909936e-01 -1.0749774695e-02 2.1853431112e-01 8.9653369078e-02 2.2795593252e-02 1.0961203327e-01 1.3148514606e-01 2.7772854932e-03 1.8074730163e-01 -3.8097788539e-01 4.3893985839e-02 -9.7234761176e-03 3.2248002157e-01 -8.7297037321e-02 -2.0946025215e-01 -3.6660539131e-01 -3.4363205725e-02 6.5646070298e-02 -2.8647188031e-01 1.6943903271e-01 -2.0849606950e-01 -4.7084141018e-01 -1.5427286376e-01 7.7926699614e-02 -2.6311755473e-01
1.4028430715e-01 1.9717709316e-02 -1.4402857276e-01 -2.7392374867e-01 2.7822279729e-02 6.5022942973e-02 2.1571364742e-01 3.2944861802e-01 4.0923724924e-01 2.0670257075e-01 -3.4812889912e-01 -3.7336768706e-02 -2.0362943517e-01 7.3358755559e-02 2.4438892393e-01 -2.0623555788e-01 -8.1664910274e-02 -4.8777165598e-01 -6.4651186014e-01 2.2834904778e-01 -1.7432446271e-01 1.4002148755e-01 3.0248384788e-01 -2.2411021820e-01 2.2963544628e-01 -6.2607416092e-02 4.2902023048e-01
4.6442542604e-01 -9.7734904677e-02 -4.6795330805e-03 7.9307764409e-02 -3.3407384760e-02 2.5548520954e-04 -1.4734983754e-01 5.0115174080e-01 2.4420115522e-01 -3.9003782928e-01 5.0959810425e-01 1.3121083325e-01 1.4047583609e-01 -4.9180815397e-01 9.4823686965e-02 2.5640772734e-01 -1.2776892796e-01 -4.4577958865e-02 -1.6692956424e-01 -1.3909891517e-01 -2.1849453847e-01 1.8544828566e-01 3.5094667614e-01 3.9002569576e-02 -6.4502459965e-01 3.7799485866e-01 -2.9108245923e-01
-6.4789727510e-02 -3.2425859843e-01 -6.6262567844e-01 -7.7154595553e-03 6.7358190144e-02 9.0150574742e-02 2.3083258074e-01 -1.4469714500e-01 3.4259557626e-01 1.9866523423e-01 -1.0263298432e-01 -1.6467420512e-01 -2.6629827612e-01 1.0424464095e-01 -1.9327601491e-01 -2.6082247002e-02 -2.8330016467e-01 -2.5788582334e-01 2.0089893083e-01 3.2812564988e-01 -2.4186456493e-01 9.5821307705e-02 1.0473012167e-01 -2.3320349863e-01 -2.1141970760e-01 2.8604497531e-02 -1.6910626194e-01
3.2254370116e-01 2.3369555400e-01 -1.1303515800e-01 1.9551701738e-01 -6.8288286807e-02 -1.5503635040e-01 2.9636813143e-01 8.8344795028e-02 -1.6839111091e-01 2.0449923850e-01 2.0190839948e-02 2.9982193717e-01 -3.7405090145e-02 -2.2568248949e-01 -3.9167215987e-01 1.0567128378e-01 -3.5813484939e-01 -8.9647347168e-02 -3.4987685107e-01 1.8392504065e-01 2.0713641178e-01 -1.6349975003e-03 -2.5430604598e-01 1.0738131742e-01 -5.3463316993e-01 -1.2307865816e-01 2.9941981507e-01
-4.0966875097e-01 3.4263506077e-01 2.1088806904e-02 -3.6193072563e-01 -1.8027060820e-01 7.8715034583e-02 2.6325272872e-01 2.5467706055e-02 -1.0007194912e-01 5.3647874141e-01 -9.7589941304e-02 -8.2427951771e-02 -5.0522585199e-01 -8.8033316662e-02 2.5107698536e-01 1.0274974559e-01 -1.3927473434e-01 2.7526814735e-01 -5.6078577687e-02 6.0356397118e-02 3.4413141324e-01 1.4760168995e-03 1.3488752041e-01 -2.7135297647e-01 1.0359722431e-01 -1.4797996644e-01 5.3511791953e-02
1.5691667216e-02 2.0146868733e-01 9.6206335221e-03 1.7117530434e-01 -6.4240840461e-02 -1.6825442848e-01 5.1561185219e-01 1.7709287687e-01 4.4651859316e-02 1.7610128181e-01 2.9114023943e-01 1.0751674072e-01 -2.2772491997e-01 5.7170793515e-02 -3.6194770139e-01 2.4871832109e-01 -3.2192426075e-01 -2.5498668550e-01 2.5635298251e-01 -9.7262286256e-03 -1.0379818666e-01 8.0670062033e-02 -2.5041968106e-01 1.2635259349e-01 -4.7601534544e-01 2.1918060751e-02 -2.9311711907e-01
4.5030451583e-01 -1.9694527774e-03 -6.5007727383e-02 2.4352833774e-01 9.6308307299e-02 -3.8758752882e-01 1.1321628012e-01 -2.8642429633e-02 1.1009887415e-01 3.2235432873e-01 -3.4995292608e-04 3.3380293998e-01 -1.5759630839e-01 -4.0397755779e-01 -1.8099479410e-01 -1.5763717225e-01 -7.7425219695e-02 3.2343795248e-02 -5.3172788881e-01 4.6126238591e-01 -3.2483172057e-01 -1.9939309846e-01 -8.1818427786e-03 -1.6024553077e-01 -2.8040985846e-01 3.1860394733e-02 4.7433384945e-01
1.0037949862e-01 3.9520070592e-02 -2.4921485008e-02 7.5544172625e-03 -2.1487091203e-01 1.2780107258e-01 7.0178450841e-02 -2.7948309473e-01 7.5763499627e-02 -4.8567984386e-01 6.2136817400e-02 2.5310984921e-01 -5.4640836964e-02 -3.8331273247e-01 3.9510850637e-01 2.6233332685e-01 -5.6630505289e-01 -1.7316733366e-01 -2.1272431987e-01 -9.1317069966e-02 -4.5348891378e-01 1.3524349162e-01 -1.2116122656e-01 1.6249143278e-03 -5.3886652833e-01 5.3157527371e-02 2.0665740273e-01
3.1267608853e-01 -1.3534407135e-01 2.3803329194e-01 -1.4624166816e-03 -4.3254796373e-01 -1.1375232741e-01 -3.8540700131e-02 -3.8043633460e-01 1.4545454417e-01 -9.1716011885e-02 -3.7879878843e-02 -2.8749686639e-01 1.5164372054e-01 -5.3487322895e-01 1.3941944188e-01 -2.3487047219e-01 3.0182661019e-01 2.3036212226e-01 2.4163891095e-01 1.3659179919e-01 3.5423821985e-01 -2.0911809101e-01 3.7692900495e-01 2.6716620198e-02 3.9150475594e-01 2.0242369915e-02 -1.3398222543e-01
8.4511949992e-03 -1.8837233750e-02 1.1581004943e-01 4.7937677497e-01 -2.0639925583e-02 -6.3608492294e-02 -9.3790021555e-03 1.3108435761e-01 -5.1030339821e-01 4.6587007696e-01 -1.1000859685e-03 3.2752028529e-01 -3.5098381492e-01 -5.7750349840e-01 -2.2964950183e-01 -6.9296513531e-02 -1.4782837174e-01 -1.3088188401e-01 -3.4741792195e-01 1.8317728485e-01 -2.2141285246e-01 2.1898209745e-01 3.6716672986e-01 -6.6303180995e-02 -1.2284165874e-01 1.2931662815e-01 -2.2378059737e-01
6.2349060061e-02 1.1863494628e-01 -4.8672545307e-01 1.4771943221e-01 -3.1879582854e-02 -2.7886505308e-01 2.5975504209e-01 -2.2708410418e-01 9.5560400194e-02 -2.1171929554e-01 7.2620456112e-02 2.8721875273e-01 9.4114240027e-02 -6.8155922090e-02 -2.1951785522e-01 1.3794021411e-01 2.6942000707e-02 -9.2594886900e-02 7.6054508289e-02 -3.6058962899e-01 -4.9079120359e-01 1.5397438090e-01 -1.7501301972e-01 1.7352813741e-01 -8.3927565015e-01 2.1457702115e-01 5.1611578632e-02
