3.5223655293e-01
-3.1530278577e-01
4.2542713430e-01
-1.4294231185e+00
8.6580674754e-01
7.2374295107e-01
-5.0666296764e-01
4.5467068889e-01
1.0111347024e+00
-1.3648281470e+00
-9.4553505770e-01
-1.0435538429e-03
-1.5783475688e-01
-8.9483403212e-01
1.1198375981e-01
-2.5459907409e-01
-6.8940033702e-01
-3.2070253478e-01
1.4694548720e+00
8.0269073989e-01
-6.3803368494e-01
8.0555576202e-01
9.7161423308e-02
-2.3604935133e+00
-3.7820761529e-01
-7.9801040848e-01
-1.2827227700e+00
-1.8296543857e+00
3.5135098798e-01
-6.5423005634e-01
-7.2712613636e-01
-9.7477492511e-02
6.3940210238e-01
-5.1778596628e-02
-9.5426862888e-01
-1.4365228605e+00
1.1015493167e-01
-1.7197873544e+00
-8.2368646923e-01
-1.0354242604e+00
8.0803991199e-01
2.1615502791e-01
-7.6569935906e-01
-9.4599030690e-01
-2.0318240178e+00
-1.4293103043e-01
-1.9795675312e+00
1.4854247176e+00
8.5219047013e-01
5.3281797175e-01
-1.4765151574e+00
2.7910765193e-01
-1.5074681116e+00
1.3582540663e+00
-9.0150835602e-01
8.3361126923e-01
3.6973773831e-01
-1.6473621679e+00
1.6194892396e+00
2.2866811326e-01
-9.0493494431e-02
-1.3951793722e+00
-1.2746938920e+00
-1.3995298306e+00
1.6853938543e+00
-7.5968334098e-01
5.0729558453e-01
6.9027581443e-01
4.3051722876e-01
4.7020138834e-01
-5.5534244725e-01
1.0900998882e+00
1.2322142637e-01
1.7694231349e+00
-8.2745414766e-02
-6.5238792207e-01
-5.3779186351e-01
1.5733991741e+00
7.7679626555e-01
-8.8369705307e-01
5.5528630825e-01
1.0894381629e+00
-1.2014224792e+00
7.7195455375e-01
5.1554336103e-01
-2.1754197689e+00
8.3538031983e-01
-1.8092893233e-01
2.2853617311e+00
1.8334236433e+00
-8.1996522250e-01
-1.5575581950e+00
6.1437238428e-01
-3.8191709613e-01
1.1545037680e-01
3.8428250478e-01
5.6344155400e-01
-3.9901513496e-01
6.4467968317e-01
5.3830487209e-01
-9.5289354064e-02
7.9321156448e-01
-1.1779474056e+00
-1.1263802472e+00
1.9063190731e-01
-1.8796288240e+00
-1.1508780376e+00
-1.2207787993e+00
-1.7304956323e-01
-6.3531002830e-01
3.3354524243e-01
2.7743034945e-01
-6.6862951576e-01
1.7086113047e-01
4.2276241185e-01
-1.5642198081e+00
1.7686928063e+00
-3.0735656633e-01
5.3705591104e-01
8.0607620874e-01
-1.6540909194e+00
5.3988108485e-01
-4.1316238973e-01
3.2546848792e-01
2.5413085898e-01
1.1768366356e-01
5.8512551500e-01
6.7901065667e-01
-2.0355154044e-01
2.3013491617e-02
8.2204696653e-02
9.5592106896e-01
1.3948255099e+00
-1.2311022662e+00
1.3317626063e+00
-1.9202130770e-01
-1.2562363403e+00
-2.3471078115e-01
1.1950962855e-01
-2.8400477657e+00
6.4869264184e-02
9.9671298763e-01
2.0588704899e-01
-2.0311820629e-01
1.4988378327e+00
-6.8276939744e-01
-4.2125847445e-01
-5.3136238093e-01
4.3117818135e-01
2.0840014866e+00
-3.6401743676e-01
-5.9911505210e-01
9.6123315257e-02
-5.3145687394e-01
1.8880720592e+00
-1.4956233639e+00
1.0586852357e+00
-7.4431580077e-02
1.4145378196e+00
5.3086829012e-01
-1.1425094513e+00
7.2104796739e-01
1.3597757901e+00
-1.3016490000e-01
-3.9878047011e-01
6.1137436308e-01
1.4993496556e+00
-6.4461004887e-01
1.9119171051e+00
-1.6160116554e+00
-2.5181143901e-01
-7.4361384017e-01
-7.0314311915e-01
-1.4793955105e+00
-5.3053832935e-01
-1.3559118364e+00
-3.0441903341e-01
2.1282095611e-01
-2.0904961800e+00
-2.7712811346e-02
-1.5666990154e-01
-8.0853994178e-02
-9.1509531647e-01
-1.2496329186e+00
-2.7567990113e-01
5.6878254347e-01
-1.1120769630e+00
8.2015932913e-01
-8.5687332536e-02
2.8647707768e-01
-1.8424658406e-01
6.4556593411e-01
1.7734160760e+00
-5.3869260734e-01
5.5712709749e-01
-9.1204769302e-01
-2.6583104851e-01
3.6730923805e-02
-7.4912230006e-01
1.0801180519e+00
-9.0580941580e-01
2.3537273592e-01
-1.0944857788e+00
5.5793010731e-01
2.9738156516e-01
-1.2593743074e+00
-1.1782267296e+00
-1.7426333863e-01
1.9285666697e+00
-7.9305754843e-02
-4.9959023748e-01
2.4307962555e-01
-1.3989438068e-01
8.5578155649e-01
6.5980787865e-01
7.2523374261e-01
4.8891693216e-01
5.1390712514e-01
8.1486705658e-01
