-5.8250746253e-02 3.1514599893e-02 -4.9670387831e-02 -1.3722619041e-01 -4.0113226031e-02 -3.6867700180e-02
7.9567389380e-02 8.1592421908e-02 -1.8802260409e-01 -1.1416059183e-02 1.1482082448e-01 -6.5594988913e-02
5.0547286661e-02 -7.5398886773e-02 -7.7448042447e-04 -5.7730554804e-02 -1.0065714022e-01 1.6613687490e-02
4.2069259080e-02 -1.3058698916e-01 1.7811454051e-03 7.4429618636e-03 -2.0404107119e-01 6.6996088777e-02
-3.5549675188e-03 -3.0842290773e-02 6.4871650306e-02 -5.4757483304e-02 1.1436798153e-01 1.8849545503e-02
-8.1183858150e-02 1.0679654557e-02 8.0025455016e-02 -2.2226203252e-02 -6.4347360851e-02 3.2965992320e-02
1.6357465556e-02 -5.0884967506e-02 5.6635006967e-02 -5.4467462418e-03 -1.2758333543e-01 -3.9007339533e-02
2.7121565116e-02 1.3688362817e-01 6.4564777370e-03 -1.4760290449e-02 6.6431552914e-02 3.1310197114e-02
2.4569512482e-02 2.0321084161e-03 -1.2503008658e-01 -2.2100085517e-02 2.1562292219e-02 2.1956150934e-02
-2.0555656630e-01 1.6944316937e-01 4.4379901208e-03 -3.9163000280e-02 -4.3443183954e-02 2.4941874953e-02
8.6070515531e-02 -9.2078324938e-02 4.7663012051e-02 -1.5473109302e-01 -1.9672156073e-02 -4.9482647613e-03
-2.4844427522e-02 1.3134441605e-01 -1.7009461911e-02 -8.6177775839e-02 -5.4719753358e-02 2.0229460751e-02
3.6237021490e-02 -1.2297334005e-02 1.5385798351e-01 1.7002335277e-01 -8.4861928659e-02 1.1457085943e-01
1.0130863950e-01 -6.8895985552e-02 5.8666789813e-02 2.5619736586e-02 9.7076010379e-02 -3.3402162906e-02
-1.6415369700e-01 9.5036467449e-02 -3.1180003071e-01 6.4807603530e-02 1.1019042035e-01 -5.1099863379e-02
5.5504873044e-02 2.3854923202e-02 7.6831192847e-02 -6.6530117881e-02 2.8697413419e-02 -2.3548405789e-01
-2.5405274800e-04 2.3134117289e-03 -5.1014582452e-03 1.0806466635e-01 -6.5931733984e-02 -5.5686681559e-02
7.8843778733e-02 2.8247728948e-02 4.9016182095e-02 -8.0518896371e-03 1.4534814339e-01 8.2119351768e-03
7.8740685216e-03 -1.6115633215e-01 2.2048172559e-02 -1.1042760677e-02 -3.5541520453e-02 -5.2843040291e-02
8.5131807222e-04 -1.4601030127e-01 -8.8637319705e-03 1.8454734142e-01 -4.2378407065e-02 -1.5020305716e-01
5.4684412075e-02 4.3570090036e-02 -3.0834140177e-02 5.6146504195e-02 6.6852227206e-02 -6.9903858939e-02
6.5769733786e-02 1.1922983121e-02 -1.4025902905e-02 -2.5582211601e-01 -2.9384006017e-01 1.8927734777e-02
-4.5565979210e-02 -3.0175473233e-02 5.6888585181e-02 3.1675555298e-02 -1.6268495248e-02 4.0211361534e-03
1.3601303391e-01 1.0139503446e-01 3.4372781582e-02 7.6396220103e-02 2.0883524342e-02 1.0007555242e-01
-4.5955594797e-02 -6.6871760314e-02 1.3533350387e-01 3.9318372543e-01 7.7189346452e-02 -5.3425983207e-02
-3.3533049861e-02 1.5703989679e-02 -3.2859856462e-03 -3.0654038543e-02 1.2446455704e-02 -7.2181378229e-02
1.4385127339e-01 1.1342558187e-02 -1.8749159581e-02 -3.4847363012e-03 -9.6121745961e-02 9.7515999159e-02
4.0666738176e-02 -5.8414642479e-02 3.1839001270e-02 -2.8615013414e-02 -1.2226211250e-01 -4.3903698800e-02
-3.0009368493e-02 -2.7252638813e-02 1.0217532268e-01 1.0661282152e-01 1.8153018482e-02 8.1057519833e-02
1.1144391715e-01 4.0500873671e-03 -1.2654504647e-02 -1.1562100813e-01 6.8142133729e-02 -1.1897954981e-02
2.9406536641e-02 7.8469144088e-02 1.7455564283e-02 -5.3315081337e-02 5.5566314509e-03 -8.7152339089e-02
6.1622442038e-03 1.4028616236e-02 -1.2118832245e-01 2.3467362296e-01 -1.6267881995e-01 -2.9878343085e-02
-7.4732586008e-02 2.0280713457e-02 1.1865814412e-02 4.8315788923e-02 1.6736753011e-02 -3.8015394524e-03
-4.4887030790e-02 -2.2405069066e-02 5.7665174301e-02 1.1566085607e-01 -2.1633281376e-02 -1.2313435494e-02
-1.9392228047e-02 3.0716541220e-02 -3.2588635810e-02 -7.7858843159e-02 -5.8559359667e-02 -9.0751496049e-04
5.2648987593e-02 6.6111042236e-02 1.0243011002e-01 3.1110609089e-02 7.6970415879e-02 5.8784015259e-03
7.2745746715e-02 7.9982600724e-02 -3.6639342027e-02 4.5283649164e-02 -2.7226473445e-02 7.0875815813e-03
1.1177509155e-02 -5.0059759384e-03 -8.5520474894e-02 -1.0108396001e-01 -9.2528572782e-02 2.7637251844e-02
-1.0311659429e-02 -4.9490217251e-02 5.4293145155e-03 7.4876017496e-02 5.1648066410e-02 8.0672464145e-02
5.3617190304e-02 7.2702685566e-02 2.1718668255e-02 4.6702794422e-02 7.0045329966e-03 -1.5763656795e-02
2.0241344513e-02 -3.5212004734e-02 8.7745463089e-02 5.4279061376e-02 7.2061005935e-02 4.4509649313e-02
-2.7816520051e-02 6.9011167716e-02 3.5922572858e-02 1.2616640046e-01 -2.3425018528e-02 -2.4375425840e-02
6.8259232604e-02 -3.5801770616e-02 -3.1372387152e-02 -4.1649566053e-02 9.3106209455e-02 8.5246072478e-02
-2.0530015995e-01 1.5642428220e-01 -3.0116724515e-02 1.0893646953e-02 4.4218263466e-02 1.0955091677e-01
-2.2838247058e-02 -9.1208666950e-02 1.4437958666e-02 4.7540046552e-02 -1.4503132144e-02 5.4611078160e-02
1.1978849492e-02 2.3746128206e-02 -1.3526094330e-01 5.3866153064e-02 -1.6084411175e-02 -6.6576908580e-02
-1.9531859632e-02 -4.6007898846e-02 4.7272693814e-02 1.2041834160e-03 -8.2632223977e-03 -7.4420360069e-02
-5.5717428477e-02 2.2111101701e-02 6.9768103878e-02 6.3439190370e-02 -2.4768582447e-03 2.2495839355e-02
1.5941270652e-01 -9.5733212561e-02 -1.1175126645e-01 1.0306001243e-01 -2.3266370351e-02 -8.2789676130e-03
-3.4464956450e-02 6.1381654714e-03 6.1506978417e-02 -7.0803092120e-03 3.7757810211e-02 -3.9335441102e-02
-5.4573400840e-02 -1.6602105197e-02 9.3000252766e-02 1.1068911225e-03 -1.2294207319e-02 -7.7107222586e-02
3.4828339335e-02 1.2805015060e-01 -2.6234563651e-02 -6.6936261868e-02 -1.9647928498e-01 8.8606032619e-02
-2.7857004848e-02 -6.2687892533e-02 1.6519386775e-02 5.3322644877e-02 5.6078099322e-02 1.6099044638e-02
1.3672717260e-01 -6.5359145484e-02 1.3204904869e-02 -1.5888290503e-01 2.7652521110e-02 3.1487945456e-02
1.6013843981e-02 -5.6469905187e-03 -2.4507367552e-02 9.1598800773e-02 1.6242648883e-02 -4.0946049739e-03
-2.4686865441e-02 -4.1174287067e-02 5.2475003171e-02 1.1841675983e-01 5.1641262812e-02 -1.5354808412e-02
4.5863729612e-02 3.8868076810e-02 1.3670095217e-01 -4.4961649793e-02 5.8211984118e-02 9.5297962814e-03
5.5087638903e-02 -1.0257267545e-01 2.3997296983e-02 -2.0568765823e-02 -3.3657259035e-02 1.0509139010e-01
3.6594630513e-02 -2.8279338605e-03 -1.3036059985e-01 -6.0065350624e-02 3.9225651872e-02 5.3155422332e-02
7.7119833329e-03 3.3344455501e-02 -9.8063785477e-02 -1.3556478107e-01 -4.9866459196e-03 -1.3026927443e-02
-4.0221250880e-02 8.3394695370e-02 1.0321170538e-01 -1.7363690559e-02 -4.0744519688e-02 -3.0901554501e-02
4.6974623174e-02 4.8420649092e-02 -9.7139024157e-02 1.6561449819e-02 -5.4000599386e-03 1.0027031174e-02
3.6008622752e-02 -5.4958094448e-02 1.4238176592e-01 -7.5567514340e-02 8.0968624488e-02 5.5564922555e-02
4.6022367172e-02 3.6721359409e-02 1.0877061108e-01 -1.0677226636e-01 5.0921997464e-02 -7.0302342746e-02
-4.7925232020e-02 1.2821398107e-02 3.0732245618e-02 1.3156858973e-01 -1.4999966097e-02 -2.1294195830e-02
7.3659408209e-02 4.3554320561e-02 -3.3577068254e-02 -1.3662457251e-01 5.3876807358e-02 -1.2080103221e-02
1.8071061692e-02 -1.2838252219e-02 -6.1696381617e-03 2.2580216171e-01 3.8189864686e-02 -6.3928556115e-02
1.3630533952e-01 1.9694506844e-01 5.2046445754e-02 -1.7613778755e-01 -1.4578295997e-01 3.0325154727e-02
4.0564682766e-02 4.2831338113e-02 -1.3163544942e-03 2.0552758705e-02 1.4630646544e-02 -1.7015452253e-01
2.4873444565e-02 1.7588443148e-02 1.2712534515e-02 -6.2745474375e-02 9.7149633908e-02 1.7745897562e-02
-2.3807526295e-02 -6.0059781197e-02 -5.4987101304e-02 -2.4165162935e-01 -3.2396915426e-02 6.8578143792e-02
1.1600678564e-01 -3.9639142192e-02 -1.2931452595e-01 1.0528035268e-01 8.1661409258e-02 -2.9291359561e-02
-1.0191644216e-01 -5.7119099107e-02 2.2561604044e-02 4.0514209119e-03 -4.7662774442e-02 3.9193768399e-02
-2.8273456956e-02 1.4646958922e-01 -1.7251254652e-02 -3.6375106149e-02 9.6658166045e-02 3.0620791903e-02
6.8589299261e-02 -1.7535436914e-02 -1.6743006409e-01 -2.3302084721e-02 -1.3225163254e-02 -1.1462277735e-01
-5.8977520231e-02 4.1830457710e-04 1.2182081933e-01 -4.0131393906e-02 3.8315035645e-02 3.0109969893e-02
-2.5699072423e-02 -5.8764664873e-02 1.9040445851e-02 -1.0256343544e-01 1.8195709545e-03 1.8252486335e-02
-9.5267403720e-03 -9.1199909692e-02 2.1314286320e-02 5.5763216874e-02 1.1638193482e-01 -2.1631236321e-02
8.5074298853e-02 2.2544450568e-02 -1.5027359997e-01 1.1733985720e-01 -1.0315021371e-01 -2.8016329431e-02
1.6147362789e-01 -1.8635435158e-02 1.2299811953e-01 1.1271383718e-01 3.0883093871e-02 1.0207815925e-01
5.5241199576e-03 5.3086938787e-02 -5.2552647443e-02 9.4685691171e-03 -1.6170367551e-01 -6.7628031858e-02
2.7016288083e-02 3.5997305604e-02 3.1516159602e-02 1.1140495115e-01 8.6026501613e-02 4.1936751107e-02
-1.1523646242e-02 2.6237689601e-02 1.2315229469e-01 1.2390393116e-01 -3.9601361784e-02 3.0061228876e-02
-4.1665692207e-03 -4.7559302031e-02 7.4671139533e-02 6.9277218289e-02 -1.0295495202e-02 5.1972935701e-02
-5.2132953407e-02 -1.5783283152e-01 -2.9960120126e-02 7.0426684256e-02 -2.0048626946e-02 1.1803620950e-02
-2.8037653066e-02 2.5640378213e-02 5.4345713372e-02 -4.6170110392e-02 3.1120446509e-02 1.4479059881e-01
-7.4377597562e-02 1.8801815081e-02 3.6157614224e-01 4.4266036158e-02 3.7297938039e-02 1.8586408892e-01
2.1208186352e-02 -7.6537425834e-02 -5.1694280614e-02 -2.1440605929e-01 1.3223549575e-01 6.5489721571e-02
4.9808898395e-02 5.5140673116e-02 5.0009351792e-02 -1.3705533003e-01 5.0667084286e-02 1.2776570354e-03
4.4352135132e-02 1.3645422094e-02 -1.3343835012e-01 -1.1315813481e-02 -2.0993238963e-02 -1.9395612261e-02
1.0157908958e-01 -9.4155570442e-02 -1.3588149206e-02 2.8448876660e-02 7.3220654746e-02 1.2812915833e-01
3.7240265387e-02 -7.3978902857e-02 1.9083442103e-02 -7.1217813288e-02 2.7381762433e-02 -5.0101108111e-03
-1.8239300116e-02 1.1853342854e-02 4.1002937431e-02 -2.4355986588e-01 -7.3058045367e-02 -7.4370082183e-02
4.2321836603e-02 7.1358317684e-02 -1.1757933160e-02 -7.2103994787e-02 2.7340375912e-03 -5.9288162740e-02
-8.2328520185e-03 1.2327225460e-01 9.6142627034e-02 2.7609628954e-02 -1.3847930568e-01 1.7409100691e-01
1.1149839016e-01 6.1819592389e-02 -4.1575216570e-02 7.3408975135e-03 -8.1700779040e-02 -1.8554659775e-01
4.7129770114e-02 -4.4614343922e-02 5.8432921527e-02 1.1291064974e-01 5.9149133785e-02 2.0984197535e-03
2.9487383284e-02 -7.4681511535e-02 -5.3570072765e-02 2.9250123907e-02 2.6960590701e-02 -9.7437500059e-02
-7.4804492584e-02 5.2401482971e-02 -1.2018800877e-01 7.7946736073e-04 1.2701955206e-03 -1.0040938032e-01
2.9097416773e-02 1.6508007349e-02 -8.5455234230e-02 -9.8909461975e-02 -3.7502778771e-02 -1.3550248249e-02
1.3099338801e-02 5.0376690696e-02 -3.6477633924e-02 2.2812722987e-03 -1.0867232673e-01 1.2513320650e-03
-2.5615706723e-02 -5.5496637917e-02 -5.0856419539e-02 -6.8199984651e-02 -1.2202679125e-02 -1.1879449087e-01
3.7229509577e-03 1.4017356279e-02 -3.5010291086e-02 1.0607869022e-01 2.0834749515e-02 -1.3854708649e-02
6.7666682167e-02 -5.9909858103e-02 9.2358801937e-02 1.7468988869e-01 4.7205135388e-02 3.7597033981e-02
1.8457505823e-02 -3.4422373848e-02 2.8093246798e-02 1.4802105288e-02 8.6871130093e-02 7.0857118249e-02
-8.9962124397e-04 7.2105190681e-02 -9.3470218151e-02 -1.4842173840e-02 -1.9337240844e-02 1.3373956687e-01
3.4936556269e-02 -4.9816683375e-02 3.1491026495e-02 -1.4539578755e-01 6.0359075332e-02 -7.4076298121e-02
7.4514498441e-02 -7.9528988168e-02 -3.3450303619e-02 1.2728437772e-02 4.0605947044e-02 -2.9559339814e-02
-4.7129318401e-02 -1.2209211543e-02 4.2880816744e-02 1.1923315408e-01 6.4860874923e-02 -5.1053751300e-02
-4.0680627730e-02 4.2812205985e-02 5.6271589985e-02 9.0068666711e-02 -8.3012903994e-02 1.6939485574e-01
3.4974593833e-02 9.0355239552e-03 7.6668486355e-02 -8.0086043742e-02 -3.3356672529e-02 4.6930505932e-02
6.9515914901e-02 -8.9837429677e-02 -3.4933657566e-02 -2.2772742142e-01 -7.7803410055e-02 -8.2302346517e-02
9.9801449992e-03 -3.5224482290e-02 6.6025505142e-02 -4.3264146730e-02 -7.2113767991e-02 -2.3570901064e-02
-2.8156175578e-02 -2.5566611070e-02 4.3456375179e-03 1.0491897799e-01 6.1536798375e-03 3.1261271351e-02
8.7739016067e-02 -4.7588693876e-02 -1.7280291416e-02 -3.2854953812e-02 2.8819486761e-02 3.9434009765e-02
7.3767213293e-02 -2.5078116696e-01 4.4521561000e-03 -3.7128025394e-01 -1.0213094640e-02 3.5315795301e-03
-2.4897558259e-02 9.1585453415e-02 6.8091902233e-02 -1.6811779758e-02 -1.5340613138e-01 -2.2809450834e-02
5.4254431574e-02 -6.2979837339e-02 5.6915622182e-03 1.2591816404e-01 2.8537428840e-02 8.2651623274e-02
-9.4440271882e-02 1.8922722689e-01 -3.5321392901e-02 1.2353311252e-02 -3.2240069982e-01 1.8999001682e-01
1.4842277644e-02 4.8752848049e-02 -6.9540752662e-02 -4.1498387440e-03 1.0440237518e-01 6.9122366815e-02
-1.3721925753e-02 -8.4227618058e-02 3.7880596375e-02 8.7714697761e-02 -1.2679756885e-01 5.0307127993e-02
3.6256930507e-02 3.5969304169e-03 1.5165643433e-01 1.8426643562e-02 -4.0839453606e-02 2.5893362219e-02
-2.6358648191e-02 8.5556468603e-02 -9.5327470457e-02 8.0661767297e-02 -1.0219809032e-01 5.4813395944e-02
-1.6887531548e-01 8.6743622356e-02 5.3542137280e-02 -4.9638537171e-03 -1.8864529756e-02 -3.8462823012e-02
-4.0985911525e-02 2.3885655023e-02 6.9153419604e-02 1.1465199052e-01 1.6509839629e-02 4.6308397799e-02
1.0254112047e-02 2.8826344653e-02 1.1335172672e-02 -1.6240240773e-02 -3.1444727429e-02 -2.1519704656e-01
-1.2567332037e-01 1.2898580509e-01 -3.7503773762e-01 -1.5182416825e-01 -1.2338168921e-02 -3.5381408426e-02
-7.7562110471e-02 -2.4051716844e-02 4.9480998845e-02 8.7976484757e-02 -4.9450799172e-02 3.5135644154e-02
5.7771255024e-02 6.6582734796e-02 2.0538139448e-01 -1.8602561420e-01 4.3725412022e-03 -1.2128284071e-01
5.1584005955e-02 5.9744245378e-03 -5.9588627157e-02 -1.0066958992e-01 -3.8135230175e-02 -4.4675068696e-02
-7.4738439584e-02 4.5252378645e-02 -2.6439868973e-02 -4.7290055105e-02 -2.5703406513e-01 -1.4015228682e-01
-4.5402116166e-03 1.9226190611e-02 7.5092700977e-03 -5.6263719074e-02 -5.9459525887e-02 -3.0975356631e-03
2.2709119418e-02 1.2153224923e-01 7.7282016020e-02 -3.8555095701e-02 2.0980800129e-01 2.4390263872e-01
2.4889264361e-02 -5.0731622383e-03 1.2294337421e-02 -8.3992453202e-02 3.3536988604e-02 1.1546904817e-02
-7.4173640212e-02 4.6033547592e-02 8.0471426171e-02 2.4182752587e-02 1.0156527724e-01 -4.1078098554e-02
1.3879793668e-02 -7.7634894540e-02 -1.7443777218e-02 -1.2242706965e-01 -9.6455837433e-03 -3.2208489481e-03
-1.3611161981e-01 6.3249401232e-02 2.0279061117e-02 5.6166615904e-03 -9.5438040149e-02 1.0551755443e-05
3.2423256299e-02 -9.3371156425e-02 -1.3268114413e-01 -7.9677979044e-02 -4.3065546337e-02 2.3956471350e-02
4.5381702934e-02 -3.2530060244e-02 1.0032971018e-01 8.1962518131e-02 9.6518521350e-02 -6.8499299432e-02
3.7399285268e-02 -5.8028551400e-02 2.9248287598e-01 1.5500324711e-02 4.8565736197e-02 2.4127222199e-02
-8.8067831279e-02 -9.7056241108e-02 -1.4572104950e-02 -3.3632951530e-02 1.6873564412e-02 3.7794294571e-02
-7.6011446853e-02 9.3743111940e-02 -6.1426873789e-02 -7.3676077268e-02 -4.2743636546e-02 1.4588814475e-01
4.7925528557e-02 3.8856077646e-02 -4.6231660489e-02 -2.3585221793e-01 -5.5057587946e-03 4.2574369081e-02
-9.5604866498e-02 -9.6653723443e-03 3.6382747540e-02 -8.2261474863e-02 -1.6185460933e-02 4.6821716599e-02
-3.7939671622e-02 6.1271354051e-02 -4.9628022922e-03 9.4096568301e-02 -3.3339496124e-02 4.7927651980e-03
-2.1358635233e-02 5.7524296404e-02 1.1186360863e-02 -1.1226253000e-01 4.7262495119e-02 1.0447009451e-01
3.5467322907e-02 7.8417175511e-02 -1.6243642519e-01 -1.4961857133e-01 -1.3285013681e-01 3.6697552208e-03
-3.0958408556e-02 -1.6175962991e-02 2.7299676776e-02 2.0950052242e-01 2.0160943372e-01 -5.0892973501e-02
-1.6534784165e-03 4.2788264833e-02 -1.7798378684e-01 3.6591827474e-02 -1.2575694295e-01 -5.4491555272e-02
-1.3975745925e-01 -2.9604389263e-02 2.9677193751e-02 -3.1861485355e-02 4.2999489388e-02 5.7420810787e-02
1.2941506802e-01 -1.5715814808e-01 -1.4380371325e-01 2.0607323013e-01 9.9063043196e-02 -1.1370019490e-01
6.1765175465e-02 1.9533661220e-01 -5.8700182195e-02 -1.1315909486e-01 -1.3512104220e-01 2.9280833724e-02
2.4338887359e-02 6.4595449633e-02 -9.7042621501e-02 2.2147882458e-01 -1.8050312640e-03 -1.0298874240e-01
1.1688877431e-01 -4.0438935439e-02 2.8067130103e-02 3.9426151045e-02 7.2973327092e-02 -2.9442788396e-02
-3.9180302685e-02 5.6869105168e-02 -1.0096881504e-01 -7.0849900245e-02 -2.8817786633e-03 -3.0655020744e-02
8.0296447865e-02 -2.4808549306e-02 7.1517076197e-02 -2.7591326146e-02 2.6048064605e-02 -4.4866489850e-03
4.9922268401e-02 -2.7785618162e-02 2.3844221850e-03 9.2774585258e-02 8.4399818715e-03 -1.8255448196e-02
4.2260734262e-02 -9.9572107451e-02 -1.2001194882e-01 4.0063466214e-02 9.8327139130e-03 1.3714103582e-01
-3.0277898094e-02 1.7905737254e-01 1.2133745783e-01 -3.6898854181e-02 -1.0643650474e-01 -4.9287135077e-03
1.3837580484e-01 4.3125152011e-03 -1.3226058577e-02 2.0111542127e-02 -1.4664376137e-01 -9.5432860099e-03
-8.0896517070e-02 3.6524379636e-02 -3.1356594523e-02 -6.6451268369e-02 -7.2808344003e-02 1.1468811014e-01
-4.4523953937e-03 6.0247864146e-02 1.7838381199e-02 2.3196958152e-02 7.7631738954e-02 -6.3811876767e-02
4.9836922074e-02 -8.6548777828e-02 -2.2787673391e-03 -8.5285373709e-02 6.0294989550e-02 1.3993141555e-02
-1.5615921318e-02 -7.6094855564e-03 6.9549819969e-02 -2.8690630993e-02 7.4069170201e-02 -1.2430167456e-01
-1.2799163666e-01 4.6805500275e-02 -6.2574504987e-02 -2.1461605920e-02 8.8876934131e-03 -3.0363241025e-02
3.9809028327e-02 1.2751437357e-01 4.0708944453e-02 9.7097792171e-02 -2.0436703130e-01 9.7448105397e-02
1.3650953580e-02 -4.3430998873e-02 -1.4114002852e-01 1.1823396837e-02 8.5721870455e-03 -3.9725684013e-02
8.6471111448e-02 -8.9038636488e-03 1.1324895249e-01 -1.0263039811e-02 6.2577861769e-03 3.2481272015e-02
-1.5085601966e-01 1.5796874420e-02 -5.5492948822e-02 4.6030378497e-02 2.0196504013e-02 -4.7903078512e-02
4.4428137048e-02 1.7730958607e-01 6.9255352357e-04 -3.1857800963e-02 -5.1172664636e-02 -6.4174109364e-02
-5.4250189330e-02 1.4913065878e-01 -3.3947961628e-02 3.8591585117e-02 3.7732044648e-02 -4.2027325677e-02
4.4402229808e-02 1.2062492963e-01 1.1228048945e-01 4.7746000995e-02 -1.7318361946e-01 -6.9267309578e-02
-9.9172137867e-02 2.4458041638e-02 -2.4738736352e-02 1.1446947603e-01 2.0284245402e-02 -8.9478295785e-03
5.2332076261e-02 -1.7017145956e-01 1.6020081229e-01 8.1074618555e-02 1.3098674372e-01 -7.0484565130e-02
2.8827297624e-02 5.7158577064e-02 1.3540435040e-02 9.0016844488e-02 -1.6371243603e-01 1.0073293564e-02
3.7500024880e-03 -3.5941099023e-02 1.8279206458e-02 6.6212799450e-02 -6.8267562526e-02 -2.1131640659e-02
2.6027231876e-02 -1.1826210298e-02 2.0667147971e-02 4.4141786727e-02 1.0306482881e-02 -7.3409743219e-03
1.4135118717e-01 4.2834902342e-02 6.5036259398e-02 9.4492966689e-02 2.1680385190e-02 -4.5987567984e-03
5.0351128932e-02 1.4741723455e-01 8.9364300666e-02 -7.6044602659e-02 -1.4879971213e-01 -2.7413225280e-02
-8.4874141544e-02 6.6942017442e-02 1.9695772859e-02 6.8039195660e-02 -7.3877488836e-02 4.8380367818e-02
2.4710815275e-02 -3.8146637804e-02 3.1815729860e-02 4.7416298995e-02 5.7795781533e-02 1.1942191143e-01
4.6450538881e-02 2.9789608309e-02 -1.5088091998e-01 3.2995510553e-02 1.7283176544e-02 -7.3059032436e-02
1.0427949508e-02 -2.7129693219e-02 2.7318854803e-03 1.1213422033e-01 7.7126832726e-02 -1.4368151848e-03
-9.6422603160e-03 -9.7059005969e-03 -2.6166708831e-03 -1.2487693952e-01 -1.1403192427e-01 5.1776238861e-02
5.0513612298e-02 1.3728580028e-02 -7.9520768083e-02 -4.1964530332e-03 5.4423255517e-02 -1.3549113872e-02
-1.6172018874e-02 -2.5718303029e-02 1.1962282202e-01 -4.4436672871e-04 -1.8377152051e-02 -5.0289967343e-02
-1.5739584056e-02 -1.2572092756e-01 2.3918854910e-03 7.6726709883e-02 -4.1073272898e-03 1.7417539837e-02
