-8.5906448308e-01
1.4542257004e+00
9.9300832440e-01
6.5197453792e-01
-9.0563094323e-01
-6.4543908353e-01
-3.5042853202e-01
-3.0884668181e-01
4.2923569128e-01
-2.0499586571e-01
-1.6294255524e+00
1.0482587341e+00
-2.1092929439e-01
-1.4232219421e-01
2.8974970948e-01
5.1496024001e-01
3.4182548018e-01
1.0661399912e+00
-1.4837459807e-02
-1.3824372301e+00
5.6674715235e-02
-5.2376638875e-01
-9.8477252986e-01
-6.4718136697e-01
-2.0057841324e+00
8.4674655431e-01
9.7073394149e-01
2.7203635136e+00
-4.6971228610e-01
1.2838788939e+00
-3.9520514779e-01
8.6784846703e-01
2.2169524565e-01
-1.7995073013e-01
1.2975068570e+00
2.6844155641e-01
1.3912499162e-01
-6.0530532258e-01
1.1963361699e+00
2.6519265631e-01
-8.5227520309e-01
-2.7729102540e-01
3.0501221771e-01
6.2411449537e-01
-8.1701800993e-01
1.2602291517e-01
-1.3186976510e+00
-1.1811241238e+00
-7.3086876890e-01
-8.1144497581e-01
1.1448086655e+00
7.6744074474e-01
-6.0257862818e-01
-6.3813939749e-02
-1.0630806505e+00
1.5009982617e-01
-7.7532393355e-01
-6.8247369703e-01
-6.7480581292e-01
9.7378928004e-02
1.9229313745e-01
6.0068845217e-01
5.5111049841e-01
9.1175447731e-01
6.5325065698e-01
1.0023218612e+00
1.5515605782e+00
3.0891714157e-01
-3.8032360212e-01
1.8448119108e+00
-1.2828929715e+00
1.1674085107e+00
-1.6116938876e-01
2.3010750788e-01
1.0583716336e+00
8.4471675540e-01
9.1371637958e-01
7.6688826293e-01
4.9567629161e-01
9.7267241562e-01
8.7224253155e-01
-1.2142961955e-01
-3.8815535897e-01
-6.3246422270e-01
-7.1447319418e-01
-4.2422266161e-01
-6.1039680157e-01
-1.6412812811e-01
-3.7710997735e-01
-6.4611448550e-01
-1.0176164886e-01
1.6208390075e-02
5.6189489487e-01
2.8855486640e-01
4.0582056527e-02
-4.9970110816e-01
1.9170471586e-01
5.2134632539e-01
-1.1733726467e-01
6.6760317881e-01
7.7023095604e-01
2.2551602012e+00
1.0802787846e+00
7.0127571260e-02
-1.2756458552e+00
-7.4045402112e-01
7.4775347144e-01
-6.7431327931e-01
-1.5849308201e-01
-4.5437390866e-01
8.4290929124e-01
-4.6263483696e-01
-1.1798873335e+00
2.9561831594e-01
1.3494255445e-01
-3.3994534344e-02
-1.2708828361e+00
-2.6511107417e+00
-6.7768858858e-01
-1.7223172747e-01
-3.5978541033e-01
5.5056114202e-02
1.0064730760e-01
2.2432337590e-01
-1.0248009143e+00
-6.8533471039e-01
5.8912604318e-01
4.6472723097e-01
-3.0659995257e-01
1.2376034378e+00
9.5535462043e-02
-1.0167166788e+00
4.3646720040e-01
-1.5753634914e+00
-7.7030289152e-01
-9.5310927125e-01
-1.9132972553e-01
2.6189443661e+00
5.2327150578e-01
7.3536723131e-01
-8.4538893005e-01
-6.8713000140e-01
2.4182296863e+00
-8.2279961802e-01
-5.4435714378e-01
-5.8602270305e-01
5.4271890675e-01
1.4153070149e+00
9.1269027390e-01
-1.1371565114e+00
1.7394565355e+00
8.4717027637e-01
1.2781398981e+00
6.3427869791e-01
2.5743808929e+00
-9.5217414113e-01
7.3966908172e-01
-1.0594584544e+00
1.5678245024e-01
9.2067984165e-02
1.2442841795e+00
1.2664973489e+00
5.1588066608e-01
6.3099907346e-01
-4.8643502960e-01
3.4039787871e-01
1.9298784780e-01
5.7643270195e-01
1.8812312553e+00
6.2755896707e-01
1.3203792810e-02
-2.0194136079e-01
-1.6507019459e+00
-1.4862331777e+00
-3.7992903358e-01
-4.2421384407e-01
-5.0366681985e-01
6.9257973717e-01
4.1309033565e-01
1.5749392627e-01
6.0400786640e-01
-5.9298892367e-01
-1.2031431187e+00
-2.8614002925e-01
1.1002532465e+00
-3.8266014273e-01
-6.7694178404e-01
