2.0428532209e-02 4.0448661763e-03 1.2817681394e-01 5.2143072737e-02 3.5909898082e-02 6.3464274002e-02
-9.2278003774e-03 4.8876140538e-02 4.5535863752e-02 -1.7507612639e-02 5.7537862724e-02 1.7528744304e-01
-2.5472776772e-02 -1.2648718236e-02 -4.7597575386e-02 2.0727813698e-01 1.2501672463e-02 -1.0379390001e-01
-4.4374231453e-03 2.0136790989e-02 1.8649559928e-01 2.8381922503e-02 1.9864388768e-02 6.5883511844e-02
-6.0390276973e-04 -4.3709723474e-02 -3.6748577664e-04 -1.3978639106e-03 -1.8090695684e-01 -1.7024805350e-02
-3.2222138393e-02 3.9626063592e-02 3.4147578308e-03 -6.9149845076e-02 1.1117396411e-01 4.4422399278e-02
2.3210457153e-02 5.9619618363e-03 -8.1145067181e-02 -1.5625061859e-01 1.2579102386e-01 -2.5065024039e-03
7.1961981371e-02 -1.8622741314e-01 -5.7333296618e-02 -1.4808868295e-01 1.0848448064e-01 -2.7871976807e-02
2.6768610386e-02 -8.6106198655e-03 8.3870159026e-02 2.0309270828e-01 -1.1770032102e-01 -8.5928813533e-02
-1.0816817367e-01 7.5617259891e-02 -6.6781106442e-02 -3.1119786213e-02 -6.7361760628e-02 -3.5330072440e-02
-1.1399409928e-01 7.7753193603e-02 -1.0114273109e-01 -9.5839527576e-02 1.4108975444e-02 -7.2562112924e-02
-1.4605047634e-01 1.1988824513e-01 -5.1195305582e-02 4.5840533429e-02 -4.0661867475e-03 9.2504036495e-02
-1.6512479637e-02 4.1069895348e-02 -3.6659478847e-02 1.6894624579e-01 -9.3594521679e-02 1.3116630804e-01
5.1676604900e-02 1.0239595392e-02 -8.1468585756e-02 -5.4242642108e-02 6.1260990036e-03 7.1611464037e-03
2.7178167397e-02 5.8636641899e-02 9.2040632222e-02 9.7997476727e-02 -3.8085692653e-02 1.0114251510e-01
-6.3192449393e-02 -1.8682615451e-02 -8.1056703106e-02 -2.1338264512e-01 -5.3789064242e-02 -3.7804556029e-02
1.1740587073e-01 -4.9088251012e-02 3.9129614963e-02 1.6251149309e-01 1.7894270702e-01 -3.8244422122e-02
-2.5536758102e-02 4.2667787915e-02 9.8030082614e-02 -8.7142544832e-02 1.3437489131e-02 -6.7139173182e-02
1.4304765062e-01 -4.3081435625e-02 6.9411865667e-02 2.6859682740e-02 2.6675683712e-02 1.0967018779e-01
3.2502876961e-02 -5.9727828041e-02 -4.5590080012e-02 -9.7767978611e-03 1.3841341274e-02 1.3693755819e-01
-7.8299425267e-02 1.3718516549e-01 -7.4419945095e-03 1.4234741935e-01 1.3402636968e-01 9.3810300130e-03
-8.3595091020e-02 4.5690398909e-02 5.9548106106e-02 1.0909475531e-01 -4.0833170223e-02 -1.3994355433e-01
1.0499099250e-01 8.9303841097e-03 -2.6921879870e-04 -1.8277645348e-01 7.1539953166e-02 1.3215067563e-01
3.6449921593e-04 1.2914117832e-02 9.1562644413e-02 -2.3461484976e-02 -1.0712358853e-01 1.0805070162e-01
6.9636005758e-02 1.2240715949e-01 7.1461106654e-02 5.3133237963e-03 -1.0460671002e-01 1.5771544784e-02
-6.5937104731e-02 -1.1935062645e-01 -1.2254726387e-01 9.0289387560e-02 1.6590331346e-02 -1.2166191162e-01
4.6291398000e-02 -1.4751685326e-01 3.0690394938e-02 -8.7885059524e-02 -6.3731719144e-02 1.4422673980e-02
1.8790342519e-02 3.1671327100e-02 1.4996305941e-01 6.9518910900e-02 8.8470797846e-02 -1.2098300125e-01
8.0958564955e-02 5.4377804223e-03 -2.5055015581e-02 -2.3286783669e-02 9.6049041377e-02 1.6303775694e-01
2.3550446141e-02 9.4122228540e-02 -2.0176756872e-02 -3.8906230846e-02 5.2775852015e-02 -4.8353046610e-02
8.2280732190e-03 -1.3813227254e-01 -4.1317151007e-02 5.9422850241e-02 1.8512247493e-01 1.3748812779e-01
-6.6995544328e-02 -9.1472245845e-02 3.4655484642e-02 -2.0321943809e-02 -2.4465506378e-02 -8.4072733223e-03
3.2357168546e-02 3.8936044899e-02 -1.1585985594e-01 6.7103278592e-03 -3.6362759152e-03 -4.8470424538e-02
-4.0132526236e-02 9.9123168506e-02 -6.7001865106e-02 8.9917744274e-02 -1.0364034836e-01 6.1953499847e-02
-5.0482581143e-03 -1.0628175565e-01 2.5874887529e-01 3.2813482826e-02 2.7740309112e-02 1.1603934339e-01
4.2695386701e-03 -1.2202065299e-01 -8.5480609064e-02 1.0658814572e-01 1.6744397359e-01 -2.4731860060e-02
4.6724471651e-02 3.7780776083e-02 8.0586806397e-02 -6.4434509407e-02 1.3725562223e-01 -2.6065788764e-02
-9.8697238645e-02 -5.4699952425e-02 -5.1914308927e-02 -7.7914229783e-02 -5.5137495504e-02 -6.7600654073e-02
1.0447096719e-01 6.5634511804e-02 -8.0118080288e-02 -2.4615830626e-01 -1.3150950776e-01 -6.5199554951e-02
-6.1190290770e-02 2.0469779639e-01 1.9170413300e-02 6.2057589135e-03 8.2758690095e-02 1.4027662872e-01
-8.5734836918e-02 1.3166223540e-01 7.4474053861e-02 4.5040061630e-02 4.2605906563e-02 -4.0736647487e-02
2.3299376410e-02 -1.7602076368e-01 7.6669466256e-02 5.0411803403e-02 1.7165706772e-02 5.1481586409e-02
-4.5777014843e-02 -1.2068388677e-01 1.2258643586e-01 2.9385939671e-02 7.8264287267e-02 -1.4782967155e-02
-4.6100931892e-02 -1.2534041872e-01 -3.1850871918e-03 -2.9092950815e-02 -2.4470399403e-01 1.2406869070e-01
7.6151912806e-02 -2.0216731724e-02 -2.5525887248e-03 -1.3381962826e-02 -1.1081468817e-01 -9.5408618381e-02
1.3922014126e-01 -4.1099546115e-03 -1.4149632707e-02 6.0400525383e-02 8.5671717860e-02 -1.2312858807e-01
-1.5703934843e-01 -2.5690737459e-02 9.2073485966e-02 -1.0229601585e-01 -5.9533803288e-02 2.3361828188e-04
8.8457154744e-03 7.1413790164e-02 4.0631661015e-02 -6.6721028145e-02 1.9813415174e-02 1.2194426542e-02
-1.1806337892e-01 -4.6038430232e-03 -1.6705543506e-02 1.3984854567e-01 -8.7214679913e-02 3.8785816746e-02
1.9198276983e-01 4.0251136166e-02 7.1069414779e-03 8.5655274115e-03 1.6369289265e-02 -1.2479941517e-01
-1.1370773852e-01 1.0740673041e-01 -1.0151564828e-01 -3.4740713131e-04 -2.5980020970e-02 -4.2244601931e-02
-5.4358314642e-02 -4.8993745557e-02 9.8500536863e-02 4.2960658543e-02 4.5246259365e-02 6.6239214419e-02
-2.6065215713e-02 2.6548812792e-02 -5.1803183260e-02 1.2436079528e-01 1.2906830129e-01 1.1446961446e-01
-1.7455916839e-01 -1.2320912561e-01 -2.9801437988e-02 1.3593138206e-02 1.4737936504e-01 8.4661926814e-03
5.4791808660e-02 -1.0452267075e-01 7.4973735723e-02 -4.0282696228e-02 -2.6294299457e-02 2.9282796916e-02
-8.4347866167e-02 -6.2911654198e-02 1.1921138309e-02 1.3322954288e-01 -6.6578452008e-02 -3.1781343043e-03
6.0444301890e-02 -1.9441492159e-02 -1.3384467848e-01 7.4858282561e-02 -7.3083909859e-02 1.3675081358e-01
2.3032439925e-02 7.1146588119e-02 -7.4493447317e-02 6.0633804713e-03 -2.0191717917e-01 1.7720083158e-02
-6.4215625917e-02 1.1718797400e-01 -1.5286630491e-01 2.0304004980e-02 3.5322999345e-02 -2.3206459547e-02
-3.3847370201e-03 -1.5983778382e-01 -4.1510084359e-02 1.9930370107e-02 -6.8284418420e-02 -1.6162912164e-01
3.1765646442e-02 -9.8156636840e-02 7.5394065320e-02 -9.2816691239e-02 6.0094218404e-02 -1.3704600457e-01
4.2492636678e-02 8.1740751612e-02 -8.6510957373e-02 -1.5638980294e-02 3.6971515352e-02 6.5794240185e-02
2.1898032344e-02 7.2256388111e-02 3.7451958312e-02 1.2821962532e-01 -5.6247440334e-02 6.0577128509e-03
1.3511267883e-01 -4.0871206280e-02 4.5866401855e-02 2.6858473750e-02 -1.2485031755e-02 -2.4251937773e-02
8.7125099035e-02 -7.2459997898e-02 4.5296258808e-02 -5.2206395274e-02 -4.2040474065e-02 -1.3400415657e-01
2.6346330621e-01 5.8285958820e-02 1.2156003751e-02 8.6452475687e-03 2.8657808233e-02 -8.4830341879e-02
-9.2015109165e-02 1.3767087347e-01 5.7288351638e-02 7.8423116218e-02 -1.1523555268e-01 -2.3126835246e-01
-6.1677000944e-02 4.6976178815e-02 1.7587252843e-01 -1.4979369710e-02 -1.2359654323e-01 -6.2008679737e-02
1.5838058171e-02 1.6047280952e-02 -4.4962946704e-03 -1.0803784504e-01 -5.5008738275e-02 1.0909950858e-02
-2.7939988764e-02 3.8130196127e-02 -1.7327133187e-02 3.9753554809e-02 -5.8770479857e-02 4.5401515494e-02
-5.1748857771e-02 2.1011145759e-02 6.8623385045e-03 5.7871050375e-02 1.4212625229e-01 -6.5030879066e-02
8.9034462853e-02 -8.7356973426e-03 -2.7568596076e-02 9.9145151005e-02 5.1331101405e-02 5.8501528263e-02
7.8658313112e-03 1.6142064374e-02 8.2610797711e-02 1.3244827657e-02 6.8149022750e-03 -1.0101256898e-02
2.8729859087e-02 1.8309746214e-02 4.0219097985e-02 -2.6370210199e-02 -8.1943641849e-02 -7.4960466451e-02
-2.0701967540e-02 -5.8531779892e-02 -4.2713555304e-02 1.1879674236e-01 4.0178649054e-02 -1.2266820897e-01
1.8173364672e-01 -6.2600071341e-03 4.1125035656e-02 -2.1798470726e-02 -5.0601041923e-02 1.0231340850e-01
5.4836248746e-02 7.5470539942e-02 4.8439005703e-02 5.5390036731e-02 -1.2056683141e-01 -6.7269390970e-02
7.2973844376e-02 -1.2062540913e-01 1.6566217739e-01 3.7402840616e-03 -4.1053546076e-04 -3.0228120415e-03
-3.2172715993e-02 -4.2694445682e-03 4.3321966139e-02 -3.9655349502e-02 1.0931983355e-02 5.4396532623e-02
6.8093289820e-02 3.0672167358e-02 -2.8686644689e-02 6.9294801224e-02 3.7392260434e-02 4.7265187684e-02
1.1800377295e-02 9.0413029296e-02 -4.1872417234e-02 -1.2137129149e-01 -6.9416299777e-02 9.9226859351e-03
6.8179583023e-03 1.2597748525e-01 4.0220961402e-02 -9.0228971656e-02 -9.4374392049e-02 1.4425591825e-01
-1.9078122983e-02 -3.9728379993e-02 1.3645481450e-02 -1.8833572555e-01 5.9909986617e-02 6.4033908972e-03
-6.0434820064e-02 1.3482348951e-01 -4.2391578295e-02 -6.8867543190e-02 -4.5455362871e-02 -1.7231213867e-02
4.1998495667e-02 4.1973169458e-02 -7.1483041996e-02 1.4895495712e-02 6.8636765808e-03 4.1004290607e-02
3.8634605405e-03 -4.5120848802e-02 -3.3968166246e-02 -1.0398144317e-01 -5.8138032135e-02 -2.2773274450e-02
9.6502533461e-02 -2.4440647421e-02 -3.7326558728e-02 -6.7563820117e-03 -4.2806910065e-02 8.8760170327e-02
1.4796686496e-02 -2.0617387935e-02 2.2606375150e-02 -1.3629020316e-01 5.2209474278e-02 -5.5240114931e-03
5.0671196242e-02 -3.4714058139e-02 2.1843209828e-02 -6.0688477086e-02 -3.2451099665e-02 -1.3279005335e-01
-3.8558852605e-02 -8.9741509149e-02 6.7669327772e-03 1.2673943143e-01 1.1537656729e-01 -6.0786527953e-02
-1.0577836812e-02 -2.4080815110e-02 -1.9696695452e-01 -9.7709861560e-02 7.2199538922e-02 6.7708514853e-03
4.3371818695e-03 6.9763899267e-02 9.0775516145e-02 -1.7972489135e-02 -1.7097947414e-02 7.4610441664e-02
4.8949410549e-02 4.8223351786e-02 -8.9783663278e-02 1.0600883061e-02 -8.7695136671e-02 -1.9659559558e-02
-1.4986622223e-01 -1.2094990430e-01 -1.3159750500e-01 5.0995872377e-02 5.5593021438e-02 -3.9040510676e-02
-6.5277140099e-02 4.5494755530e-02 -8.3244776398e-02 -5.4065482932e-04 -5.2873972109e-02 2.1655055790e-02
