-1.0399389057e-01 2.2106643583e-03 -2.0613281412e-01 7.0126400434e-02 -1.6780386755e-01 -1.3886749254e-01 2.3911483988e-01 -1.4328616736e-01 -1.9578740953e-01 -2.2561840584e-01 2.5300130211e-01 -1.1704060273e-01 8.3655064009e-02 -1.0938606213e-01 5.1734916827e-02 -9.3025722844e-02 -5.8106923338e-02 -7.6305741381e-02 9.6357980853e-02 -3.1051522515e-02 8.6026162869e-02 -6.7911633842e-03 -8.8560310386e-02 -1.8106811809e-01 1.4280864890e-01 1.8640949607e-01 -9.3080780842e-02 -1.2459903474e-02 9.5101227324e-03 1.5011699884e-01 1.3474430549e-01 9.0444752087e-02 2.6778629453e-01 -7.7075098976e-03 1.1834573643e-01 3.1051746548e-02 1.3392251774e-02 -7.6991791363e-02 -1.2348674603e-01 -5.4487485935e-02 -8.5293041087e-02 -9.1503266659e-02 8.0440493937e-02 -4.3647958660e-02 -2.6182062018e-02 -6.2207438673e-02 3.8072131476e-02 -7.7016724957e-02 4.2355396858e-02 -1.2392057723e-01 -2.0637395767e-01 -1.9485884381e-01 5.4023991910e-02 4.9875092381e-02 -1.5948300850e-01 -2.9059509488e-02 -2.9178468643e-02 -1.6675110684e-02 1.1161618061e-01 -3.8855790240e-02 -7.4135427924e-02 -1.3136241987e-01 6.4436881252e-03 1.8038165257e-01 -6.2068528407e-02 9.1418144855e-02 -3.0460673858e-01 1.0151882263e-01 2.0267022885e-01 -3.8889765915e-03 1.9257698072e-02 1.0327560796e-02 -2.1894173195e-01 -4.6977595916e-03 -1.8563813990e-01 1.1526703221e-01 1.4830651977e-01 -6.1508887720e-02 -2.0916064612e-01 1.5274087678e-01 -9.8985438572e-02 -4.1958643132e-01 -1.9184932820e-01 1.0530053624e-01 -3.3585943145e-02 -5.3745515065e-02 6.0065246826e-02 2.4974186555e-02 1.3315243155e-01 -6.4801724365e-02 -2.2230702450e-01 1.6071379076e-01 1.2542764284e-02 9.3246536257e-02 1.1688309449e-01 6.2844003790e-02 2.5621412877e-01 -4.2199798809e-02 -2.7936065533e-02 -4.4208011003e-02 -1.7984613858e-01 9.4837528392e-02
9.8746454017e-02 -1.0730214261e-01 1.1155405771e-01 4.5166973302e-02 1.1410236265e-01 -1.9205445836e-01 -2.9341881787e-01 -1.3918297424e-01 3.7810885636e-01 -1.1047934009e-01 1.8812566023e-01 -3.0714031123e-01 2.2661696600e-02 -3.2413258725e-01 1.9074876980e-02 -2.8966802814e-01 -1.3200767183e-02 -2.2581447626e-01 -2.5446219246e-01 -1.8662696779e-01 2.8278295275e-01 1.3842708133e-01 -3.6485239073e-01 -1.0397270998e-01 -2.7588051470e-01 1.3386617794e-01 3.9434490177e-02 3.1967447894e-01 2.4221048427e-01 1.1192618244e-01 7.4779521389e-02 -3.8899432772e-01 -2.1112721689e-02 1.0239430020e-02 -2.6817649175e-01 5.7327284789e-02 4.6117089790e-03 1.3560698936e-01 -3.4301232020e-02 2.9049524423e-02 9.2520360782e-02 5.4470967427e-02 1.8005284476e-02 2.1468984398e-01 6.9905420952e-02 1.3221373454e-01 5.0976130169e-02 -2.8502367390e-03 -1.0193293634e-01 3.2733600752e-01 -1.4048722186e-01 -3.5182773644e-01 -2.2575575017e-01 2.0964185833e-01 5.2603181483e-02 1.2384863491e-01 -2.2888311623e-01 -1.4516902424e-01 -9.0296329909e-02 6.1516378442e-02 2.1480005208e-01 -6.8546552485e-03 -1.1811477866e-02 -1.8590529040e-02 -1.1725376040e-01 1.1345607919e-01 2.7658821312e-02 1.2410029488e-01 2.2553372516e-01 3.4294601033e-01 1.5783638045e-01 3.7569923043e-02 -1.5349202192e-01 -1.7699042214e-01 -2.7741313332e-01 5.9696535541e-02 9.5835275498e-02 -2.5897734596e-01 -1.9748224467e-01 1.1357233914e-01 2.1250339054e-01 1.2460957521e-01 1.0490468923e-01 5.7348538827e-02 4.6326189013e-02 -2.1269421069e-01 5.3396493925e-01 -4.9058689960e-02 1.3387624599e-01 -2.2105776028e-01 1.9723000923e-01 -1.9248616951e-01 -3.1956455900e-01 -4.2243588540e-02 2.5427776285e-02 -5.7107876567e-01 -2.4607506518e-02 8.8202183661e-02 -2.4182273357e-01 1.3582044711e-01 -1.8009996703e-01 2.7312579279e-01
2.2915196533e-01 -2.0000222113e-02 1.4765805956e-01 -2.1738189766e-01 8.9454028714e-02 -9.8899513367e-02 -7.8355427607e-02 -7.4941296075e-02 5.5822348995e-02 5.4829078904e-01 -4.3722115623e-02 2.0707694296e-02 -3.6450552471e-02 2.9052677152e-01 -5.7980188153e-02 -1.7192318882e-02 6.0475184364e-02 -9.7172306999e-02 2.0493250152e-02 1.4207248683e-01 6.2182491164e-02 1.6612601201e-02 1.8320485134e-01 -7.3243845731e-02 -3.8691115380e-01 -2.6118415698e-01 1.4900639475e-01 -2.6633125390e-01 -1.5649581297e-02 4.0920412917e-02 -2.7562717082e-01 -5.8976559587e-02 -3.9754964214e-01 -2.7755241590e-01 3.2545631368e-02 1.8605580990e-01 4.8272999460e-02 1.7252372800e-01 1.6930486744e-01 1.0317071984e-01 1.0719522259e-01 -6.5211422383e-02 1.6827450195e-01 -2.6072879669e-02 -8.6251505164e-02 -5.9571816400e-02 -5.3359052497e-02 5.1509976209e-02 -1.2555539872e-01 7.8506673092e-02 3.6999557955e-02 2.1947419486e-01 6.5779275275e-02 8.2993342817e-02 -1.0934158862e-01 7.6732459469e-02 1.7233731057e-01 2.2561852251e-01 -4.8166156631e-02 1.5490826220e-01 -1.4910723467e-01 3.4242908239e-02 9.4949651905e-02 -6.6613799883e-02 -1.5258386614e-01 1.2862791694e-01 1.3961199371e-01 -3.3425141725e-01 -1.8291055411e-01 -2.1181205495e-01 -3.7327722759e-02 1.7754391607e-01 -1.3740807475e-01 -1.0873559776e-02 2.8217509862e-01 -1.0886123658e-01 -1.4504899414e-01 6.7720586229e-02 -7.1744024960e-02 -3.8142336699e-02 -3.4579195031e-03 2.8643613858e-01 3.1177470271e-01 -8.4529412241e-02 1.1990969560e-01 -2.5389481546e-01 9.5189412506e-02 -1.8838649679e-01 5.3587263513e-02 1.3123738489e-02 8.5058406359e-02 -7.1104785723e-02 3.3781382407e-01 -1.6754834793e-02 1.3190839284e-01 6.9362922005e-02 -2.8616720196e-02 1.0837828492e-01 -6.9241238438e-02 1.5481211511e-01 1.2435058561e-01 2.3730168276e-01
2.4672594036e-01 1.6122013641e-02 4.7181915539e-02 2.3368557758e-01 2.3353966019e-01 6.7433130545e-02 1.2519963183e-01 6.8583002850e-02 -2.2973887828e-02 2.8387429487e-01 -1.9025156621e-03 -3.6989137009e-01 -2.1781695041e-01 -1.0272351464e-01 1.2497401119e-01 -1.2125520866e-01 -5.4441471429e-02 -2.3198803435e-01 9.4542710590e-02 1.5233503780e-01 1.3012663884e-01 -8.8821754876e-02 -7.8350132494e-02 4.3682270017e-02 1.2931293873e-01 -4.0548808472e-01 1.0056291545e-01 2.0740135769e-01 -1.3032178749e-01 1.8043675030e-02 1.0720979507e-01 1.5368235560e-01 -4.9890777332e-02 -8.7724263092e-02 1.2162637718e-01 2.5513714009e-01 3.5496612753e-01 2.9967179064e-01 -1.4629548511e-02 -8.4945621791e-03 4.7156358967e-01 -2.6634132354e-01 6.7282269668e-02 1.2884464358e-01 -1.2626774431e-01 -6.1576470835e-02 -5.5837209452e-02 -8.3259252343e-02 8.5086426757e-02 -1.2193046020e-01 3.7956387997e-02 -1.0293306998e-01 2.3184295886e-01 -1.6490022609e-02 -1.8613282003e-02 2.5327442512e-01 1.7123908465e-01 2.1254980053e-02 -1.4615718021e-01 -4.2904343755e-02 9.2646221551e-03 7.3666998597e-02 9.4461802837e-02 -7.3627004180e-02 -2.4973271264e-01 7.0663234876e-02 2.7522329349e-01 -3.8637148584e-01 -2.7046510704e-02 -4.8991039704e-03 1.6718349133e-02 6.6879040660e-02 2.1400919145e-01 -2.3577874443e-01 -8.6614097735e-03 -1.8077392628e-01 7.0986802740e-02 1.8156535188e-01 9.6681045647e-02 -1.2118716031e-01 3.8075557338e-02 -1.7030241795e-02 3.2823983025e-01 1.9155053780e-01 6.1067046099e-02 1.2119077000e-01 -2.3402195897e-01 -3.0812675428e-01 -1.3346432958e-01 -4.3975011031e-01 -2.7295195677e-01 3.5508539887e-02 1.1601927041e-01 -1.6724257427e-01 2.1212946986e-01 5.1042707165e-01 -7.1345917874e-02 -1.7440095784e-01 -4.7851770929e-01 1.0481349089e-01 -3.2383248147e-02 -6.3302740022e-03
-2.9517716888e-01 6.4193789158e-02 2.0351479279e-01 -1.8976898559e-01 -1.1051019028e-01 1.0915309786e-01 -3.0186940171e-01 7.9885258934e-02 1.8357529211e-01 -9.3952001061e-02 -1.5878216186e-01 -4.0728739536e-02 4.7084904721e-02 9.3094899705e-02 -8.4049579068e-03 1.9775756308e-01 1.2504409680e-02 1.0867311168e-01 3.8426028649e-02 -1.4229247434e-02 -1.1056682098e-01 -1.0147692985e-01 1.2089090131e-01 1.7939497551e-01 2.8309537725e-01 9.6493055077e-02 -3.2285387667e-01 -1.1313118681e-01 -1.4703866414e-01 -1.3677699257e-01 1.1690160714e-01 -2.4848591472e-01 1.9063958454e-02 2.5874700499e-01 -1.2344192162e-01 -1.5109199524e-01 1.1904387842e-01 3.3289117335e-02 -1.2934120236e-01 1.0105206606e-01 -2.5152589841e-01 5.5282337114e-02 -4.2403450464e-02 -3.5782912333e-02 -7.8846287193e-03 4.4110319476e-04 1.0546946990e-01 1.6065674481e-01 -1.4473985429e-02 -7.0168859787e-02 2.3563823087e-01 1.1228802588e-01 -5.6415521259e-03 -8.4001372181e-02 -9.0007337372e-02 -1.2493070792e-01 9.3920411473e-02 -1.5056898450e-01 4.6743658544e-03 -1.4360477489e-01 -1.1870596443e-01 7.1981595440e-03 1.5460813283e-01 1.0373392861e-01 1.8369698175e-02 -5.9099258414e-02 4.6488234428e-02 -1.7710180618e-01 2.4452022401e-02 8.7068278151e-02 8.6615434904e-02 -8.5856846314e-02 4.6606346170e-01 1.4865672385e-01 8.5745327983e-02 7.1248852660e-02 4.6715738880e-02 -2.0516382860e-01 1.9991976067e-03 -5.2497310697e-05 -9.2260751355e-02 7.2629691591e-02 7.8997793415e-02 -1.7526709410e-01 -2.1437480384e-01 2.2419012320e-01 -2.2576769157e-02 3.5801863114e-02 -1.4278229967e-01 1.3054883314e-01 1.3695756379e-01 -6.8983147360e-02 -2.8990665693e-01 8.8137967560e-03 -5.1510678628e-02 -2.3447866310e-01 -1.5834263460e-01 -1.6738651769e-01 -2.0196775286e-01 -1.1204776735e-02 2.1346449961e-02 2.7339722882e-02
6.8881831906e-02 -1.2936839325e-01 -1.5071936645e-01 -1.4486005149e-01 1.1738397625e-01 -1.8116493861e-01 -2.5928328876e-01 2.5435219852e-01 -6.4808761672e-02 3.3893933203e-01 -2.0770796203e-01 1.5329834740e-01 1.1197017045e-02 -1.1767615421e-01 2.6056820467e-02 1.4200011194e-01 7.6513459398e-02 -2.1914937291e-01 -3.0461589966e-02 -8.3942967558e-02 1.0297404459e-01 1.0673367569e-01 1.3435799308e-01 1.1964853287e-01 7.1942016348e-02 1.2180606250e-01 1.0272828034e-01 1.3280817442e-01 1.7809125954e-01 -2.3331136709e-01 1.2279255426e-01 2.1305233172e-02 1.7897264801e-01 2.4891853876e-02 1.2602320289e-01 -2.6482632449e-02 -1.4601931109e-01 -4.6723055642e-02 2.6315398669e-02 4.1055898558e-02 -2.5639702791e-01 1.5183192846e-01 -5.0592969917e-02 -2.8258291715e-01 1.2632013056e-01 -3.7847184115e-01 -1.7097076325e-01 -9.5572792314e-02 8.5168911303e-02 1.4335805248e-01 -1.1247684262e-02 -2.8400120629e-02 4.3736940823e-02 1.0141000629e-01 3.3946445076e-02 -1.4186894628e-01 2.4171101945e-01 2.7405143087e-02 2.2291115776e-02 1.9036685503e-02 -8.9553552272e-02 2.6078789800e-02 -3.2347078673e-01 -6.6150564867e-02 -4.7164458336e-02 -3.8936542374e-03 4.5999689596e-01 1.8792053105e-01 -5.4453077401e-02 -1.2901348049e-01 1.3915381347e-01 9.9892501478e-02 -2.6098730717e-01 5.6725703820e-02 2.6763834959e-01 6.2594674695e-02 -4.8966041978e-02 1.8753073054e-01 1.6395799786e-01 -5.3649974691e-02 -1.2333862350e-01 -9.4106467418e-02 -3.8673753096e-01 -5.4255087117e-02 1.4849065652e-01 -4.4601388703e-02 1.1577586358e-01 1.3144702729e-01 -1.3372928575e-01 5.9674175633e-02 -2.0271932171e-02 3.4646593614e-01 -1.2716027318e-01 2.7214234241e-02 7.0886276758e-02 -2.1858130148e-01 3.6736178421e-02 4.9947331144e-02 2.1985535415e-01 -1.1297665655e-01 -5.7474115504e-02 -2.3623925850e-01
3.2788018271e-01 -8.0976141594e-02 -1.2243125416e-01 7.7818911811e-02 -2.1909361827e-01 2.2023056621e-01 -6.3839448213e-02 8.6851843740e-02 4.6209902205e-02 -1.5902944434e-01 3.1904164760e-01 -1.1156677026e-02 -2.1118926711e-01 -9.9450633842e-02 6.8904395394e-02 4.3436595764e-02 -2.6643841394e-02 -1.0519158053e-02 -7.5976277356e-02 -9.1627216453e-02 -2.8199465290e-02 -7.6585161196e-02 -4.1711726624e-02 -2.0067996408e-02 5.1863035061e-02 9.2631530070e-02 1.0727211749e-01 -1.2364442265e-01 7.2237281364e-02 1.3680665691e-01 2.4456156338e-01 3.2599220701e-02 4.0297863855e-01 -3.0562589984e-01 3.3389466129e-01 -2.1802898272e-01 1.4645024635e-01 -1.4758294222e-01 3.3582228904e-02 5.7818396678e-02 1.0785646269e-01 7.4154670344e-02 -4.9785256498e-02 -2.4161861058e-01 -2.4979545907e-02 -1.3455089989e-01 -9.4815798100e-02 -1.0256957981e-01 1.1993972431e-01 1.0904421151e-01 -1.9922518158e-02 -3.6318353846e-01 -8.2021168771e-02 -3.1698995477e-01 9.4275919863e-02 2.1272896207e-02 -5.2784733123e-02 2.1391660264e-01 -6.1850518284e-02 3.2545892658e-02 -2.6266494989e-01 1.1847409330e-02 5.1500376057e-02 1.1951792108e-01 3.7681521583e-01 1.0280874205e-01 2.2632395908e-01 3.6577877555e-02 4.6140466744e-02 2.7383892041e-02 1.8502787401e-02 -6.2636418665e-02 -7.5815512065e-02 -3.3221836895e-01 -2.3584672853e-01 3.8406515826e-02 2.5045321971e-01 -1.0326416811e-01 -2.7937274364e-01 -1.4974800465e-01 -3.0987291772e-02 7.0551442433e-02 -1.8369377133e-01 9.9332302170e-02 1.6145733350e-02 2.1293617654e-02 -2.4630080531e-01 1.9612915182e-01 9.6743774079e-02 -2.8884123401e-01 -2.0949443272e-01 2.0031415324e-02 -4.1202440165e-02 2.4396127678e-02 1.8464537814e-01 -4.2712622441e-02 1.6901679827e-02 -7.4113441298e-02 -1.9006046594e-01 -1.6539064166e-01 -1.6116904201e-01 -1.7530517657e-01
3.5701598501e-01 -3.6081918662e-02 -5.6152810087e-02 3.2543585515e-01 -2.4906294628e-01 -1.9423136068e-01 -1.6662720049e-01 5.5094504096e-02 -3.9179864977e-03 5.9049710710e-02 3.6288249494e-01 -2.3022105020e-01 1.6641048475e-01 -5.7871103307e-03 9.5197914077e-02 -8.7546808505e-02 1.5668907671e-01 1.6526676971e-01 2.9966556355e-01 3.9378478065e-01 2.0639422551e-01 -1.2349543838e-01 1.2137765281e-01 7.5897824975e-02 -2.0010307017e-01 8.6154760763e-02 -1.7391177353e-01 -3.1338246639e-01 3.7247852758e-02 1.9108676990e-01 -1.0377192080e-01 -1.2298528631e-02 -9.0733007369e-02 -2.1595610994e-01 5.4629494492e-02 7.6880658576e-02 1.2070583048e-01 6.2897025546e-02 -1.8606860883e-01 -3.0404681131e-01 8.6307675777e-02 1.2276857225e-01 -1.0252727617e-01 -4.7004693808e-02 1.9432352152e-02 2.3154533363e-02 1.8989652335e-01 -1.1298098960e-01 -1.8413068927e-01 -1.9660238335e-01 -2.1317269388e-01 -2.1214606090e-01 4.2223217903e-02 1.4596163640e-02 -9.5136131357e-02 -3.3430482685e-03 7.3690405296e-02 2.0604252395e-02 1.0124601559e-01 1.1138047927e-01 1.4444827272e-01 -2.2898021799e-01 5.0953748609e-02 2.1699125035e-01 -2.2720972760e-01 5.5705780312e-02 1.0823995008e-01 -3.2671850233e-01 7.4604172242e-02 2.1895604049e-01 -1.5066097861e-01 -6.8499430172e-02 -8.6622003303e-03 -1.6892836924e-03 -1.6281332542e-01 -2.0554064998e-01 3.7315607877e-02 -4.6236343541e-02 -1.1263968834e-01 1.5072606040e-01 -9.5584410385e-02 9.1990371195e-02 -1.1184637104e-01 -9.6911798798e-02 -2.3616198426e-01 -4.2753656762e-02 1.5405875573e-01 2.3077840571e-02 1.6307031010e-01 -8.6134785779e-02 1.7339657646e-01 1.0505409596e-01 5.2260671836e-01 1.4956706693e-01 4.2498073777e-01 -4.9653139329e-02 7.3823924009e-02 3.5315339366e-01 9.9763314256e-02 -1.2038432909e-01 -6.2621804048e-02 2.6743481628e-02
1.1412481959e-01 -2.3173454082e-01 1.8153825591e-01 7.8968831666e-02 -3.9054475328e-01 1.1673685866e-02 -9.7507822038e-02 3.4253331131e-01 -1.9636415703e-01 -1.2346927521e-01 4.4524801462e-01 -1.7393628526e-01 -6.6601628532e-02 1.4438141571e-01 2.1977674080e-02 2.2181547497e-02 8.1216822226e-02 9.4055532651e-03 5.6786065772e-02 1.4616428661e-01 1.5618949374e-01 9.8039686016e-02 -1.2905380420e-02 -4.7768065226e-01 -2.4258568344e-01 9.8304117174e-02 2.2109286480e-01 -4.6414771304e-01 2.2669308936e-02 2.4080510963e-01 -1.7983495098e-01 -4.8009171558e-02 9.4610453582e-02 -4.1232778299e-01 -2.5495316305e-01 -8.6392368136e-02 3.3378043486e-01 -1.3010957245e-02 1.6785973583e-01 -1.1493806188e-01 1.0828095701e-01 -4.9459769839e-02 2.2452456981e-01 -2.9107225365e-01 -3.0805952598e-01 -1.8520555686e-01 -2.1132081388e-02 3.1235585241e-01 -1.5361045778e-01 5.9645965527e-02 1.2851695813e-01 -1.5716834810e-01 -5.0873989818e-03 4.0813766442e-02 2.7611862403e-01 -1.3235106126e-01 1.1038744464e-01 3.9835606033e-01 2.7245896592e-02 -9.1265635996e-02 1.6869295515e-01 -1.2546887859e-01 3.9408123571e-01 1.5579349748e-01 1.1812220865e-01 4.4938016419e-01 -2.1063406294e-01 -1.7655050235e-01 2.0034841919e-01 -3.0830425085e-01 -3.3860807223e-01 3.0989471475e-01 -1.8710056623e-01 5.3523289075e-02 -1.0146928731e-01 2.8646502666e-01 1.7093991541e-01 -8.5185620356e-02 -1.6441735563e-01 1.2828328112e-01 5.5256361351e-03 1.7361065032e-01 2.9370485672e-01 -3.2754414956e-01 2.4789482593e-01 -3.4463146216e-01 3.6589881591e-01 2.3450111066e-01 -1.4122695638e-01 -1.8708955685e-01 -1.4553177039e-02 -9.4746311112e-02 7.3133618621e-02 -7.4491000700e-02 2.1081945442e-01 -1.0415535205e-01 7.0694014643e-02 5.0957013478e-02 1.1269500863e-02 -1.8071018901e-01 -4.5630685359e-01 6.0595869661e-01
3.1080136069e-03 9.1399326072e-03 -2.9038896812e-01 -1.2729048445e-01 2.5164514977e-01 1.4628517300e-02 -2.5468724655e-03 -1.6297959102e-01 8.2545869561e-02 2.4369980459e-01 -2.5786863796e-01 1.4255980785e-01 -3.6458407358e-01 -2.2848203092e-01 5.7810201847e-02 -1.2199420006e-01 1.9343635706e-01 3.2375716452e-01 -2.9065633990e-01 -1.9516002025e-01 -2.5387172871e-01 -1.5996220652e-01 -6.2103900932e-02 5.9374021723e-02 -6.4934452847e-02 1.0136746487e-01 -5.5313249258e-02 1.5014012045e-01 2.2600989855e-01 1.2667365931e-01 -1.6720684191e-01 -3.5438655546e-02 -1.7034411267e-01 -2.3236470815e-01 3.1870074661e-02 3.1398608340e-01 -3.2020424836e-01 -4.7164239133e-02 -8.9448237079e-02 -6.9806877811e-02 6.6053143413e-02 -6.2363947100e-02 -2.6340791930e-01 1.6626031411e-02 -1.8779328914e-02 3.4680472007e-02 1.4797385584e-01 -1.6356692733e-01 1.0553968722e-01 -1.1836586522e-01 -3.7651676926e-01 2.5439718960e-02 4.0285404039e-02 1.7649209159e-01 -1.0349124001e-01 -1.6779265420e-01 -1.0114318056e-01 -1.4785938178e-01 3.3946260359e-01 -3.7177557568e-02 3.1499483429e-01 4.2285330843e-01 5.9994052889e-03 2.7552185094e-01 4.0343131322e-01 -3.1290474019e-01 1.9711457694e-02 1.3588203753e-01 -1.0279559645e-01 -5.6051191992e-02 -7.0437402614e-02 -1.7078902238e-01 9.4535407448e-02 -2.6491446244e-01 -8.8760515513e-02 1.7093308611e-01 3.8823106982e-02 -1.0876435397e-01 7.7630465902e-02 -1.6526419664e-01 1.3110922633e-01 1.6911396047e-01 -1.7220346934e-01 -1.0309210046e-01 6.3023709298e-02 -2.4327856349e-01 -7.6830636817e-02 1.7806682580e-01 -1.4804272650e-01 1.9543558301e-01 2.6223372288e-02 3.4960046871e-02 2.7342903761e-02 6.5074961022e-02 6.8383553230e-03 -3.2200497208e-02 1.1280832236e-01 5.0124212591e-02 1.0225246017e-01 -5.0140073694e-01 4.8842249769e-01 -2.8826350359e-01
7.0168268538e-02 1.8835742820e-01 2.0355012063e-02 2.9033566483e-02 6.2102901924e-02 -3.5961170976e-02 1.9557406339e-01 2.4360372683e-01 -5.9055319464e-02 9.6392716549e-02 4.8866352892e-02 1.2311266672e-01 1.1821925319e-01 3.3533796079e-01 3.1733227152e-01 4.0991284785e-02 -3.7676765585e-01 9.3266672856e-02 5.4338274670e-02 3.2381794957e-02 -3.2978461463e-01 2.1432264563e-02 3.9786312672e-01 7.6665940004e-02 5.6759654553e-02 1.2497452792e-01 -1.5760725834e-01 -1.0907398956e-01 1.6366572098e-02 -7.4285311911e-02 1.0586543381e-01 -2.2782692043e-01 -4.8615457447e-03 -1.1556161484e-01 -2.0000028581e-02 -2.6782669194e-01 -2.9768556337e-02 -2.8964398709e-01 -1.3171091110e-01 -5.6040279419e-02 -9.1639010333e-02 1.7874022058e-01 -1.5269633201e-01 2.2654506330e-01 1.2682040127e-01 4.9148198237e-01 6.7568853028e-02 -2.5981496004e-01 -5.1974412202e-02 -3.1697566802e-03 -4.0962242855e-02 -2.4128559842e-01 -1.8944394196e-01 -2.2041758782e-01 -8.6577377712e-02 -1.0949241184e-01 -5.6059455549e-02 -4.9806101231e-02 4.6007125896e-04 4.0140758215e-01 -2.5029790818e-01 3.7870398058e-02 -3.2373731276e-01 1.2889947911e-01 -1.6791770078e-01 -1.3808607865e-03 -2.5005122996e-01 4.4806543666e-02 1.5905556320e-01 -1.9158834989e-01 -1.0948051185e-01 -1.0546185848e-01 -1.9033787969e-02 1.2746175880e-01 6.1163868881e-02 8.4836061422e-02 7.2585604691e-02 -1.0971812956e-01 -1.1289349977e-01 -3.8730523057e-01 -5.7995469045e-02 2.7415068674e-01 -1.4817591922e-01 1.8647640966e-01 -2.4485613072e-01 3.1008919050e-01 -4.3527785796e-01 -1.0076056213e-02 1.9861420801e-01 -5.3740599337e-04 2.8109129100e-01 1.0131146435e-01 1.7290896334e-02 1.2617423635e-01 -1.7340235386e-01 -9.1973350099e-02 -4.2088587752e-01 -5.7303675864e-02 1.5201907893e-01 -5.5030663930e-02 -1.9255596133e-01 -1.9310937058e-01
-6.0048521213e-02 2.3335038763e-01 5.8232320040e-02 1.5580644328e-01 7.5771045809e-02 3.0690499005e-01 -3.1618273845e-02 -1.9623779849e-01 1.3027030011e-01 1.9456044666e-01 3.3035425544e-01 -1.9174610395e-01 2.6678374139e-01 1.8029227266e-01 -7.5692777525e-02 -2.5550208910e-01 2.1388905544e-01 -1.3586141720e-01 2.9860475460e-01 -1.8338994802e-01 2.1240796238e-01 1.0297959384e-01 1.2603153104e-01 -1.1724343584e-01 -6.2556876448e-02 -2.8806854316e-01 2.4027666089e-01 -5.6722903954e-02 -2.0089276282e-01 2.9006469666e-01 6.7075472606e-02 2.8976709146e-01 2.4558156012e-01 3.1247468899e-01 4.0360623766e-01 -1.5573847430e-03 -1.8252767513e-01 -1.5231925405e-01 1.1857432816e-01 2.0341552801e-02 1.2175227304e-01 -1.4378530426e-01 1.7038511221e-01 9.3342089183e-02 4.3137496794e-02 1.9136594874e-01 -1.2878411520e-01 -3.4032157096e-02 1.5073855683e-02 -2.7846127436e-03 2.2764747128e-01 -1.4813330684e-01 -3.1640180134e-01 -3.3186739792e-01 3.9059119709e-02 3.8098397614e-01 1.0718128739e-01 1.9665294118e-01 2.6991508665e-02 1.7209605394e-01 -8.0543067068e-02 3.0945597257e-02 1.1218026397e-01 -1.7098232097e-01 2.9317376780e-01 4.1497012904e-01 -4.6306527628e-02 1.0342849046e-02 -3.4332062657e-01 -2.2403211217e-02 7.8553988795e-02 -3.2906604003e-02 4.1222390287e-02 -1.3789920017e-01 1.0150516551e-01 1.2899201976e-01 2.8897678011e-01 -4.0355282328e-02 -1.5476089568e-01 3.4592246080e-01 -2.1821751559e-01 -5.4428005922e-02 2.9665147596e-02 1.4074974653e-02 -1.5293239614e-01 9.8869179424e-02 2.5113712750e-02 -3.7771929879e-02 3.2370573856e-01 -5.4603354511e-02 -8.0031175943e-03 -1.3517312877e-01 -1.7104133459e-02 -3.2878831057e-01 2.3770388019e-01 -5.2645068781e-02 -3.4669150601e-01 3.9537760601e-02 -7.8213585051e-02 -2.3639073383e-02 1.6324436646e-01 -1.8803622808e-01
-2.7658978267e-01 -1.4253955116e-01 -1.3117136245e-01 -1.4322561676e-01 -8.1373901399e-02 -2.3367472757e-01 -2.5702851028e-01 -1.6779505775e-01 1.8086564482e-02 -1.3982226798e-01 2.5268182285e-01 3.3669188015e-02 -2.0701995128e-01 -5.3875406274e-02 2.3902413673e-01 6.4644269734e-02 -2.6311998097e-02 -1.2314437966e-01 -3.3263862879e-01 1.2458901861e-01 -1.6061477895e-01 1.2898779723e-01 -1.3914512616e-01 2.7044825938e-01 7.9616411459e-02 -2.0454851059e-01 -8.3155565492e-02 1.9782821846e-01 1.3104845716e-01 -1.4589244302e-02 2.6499183995e-01 1.6405084012e-01 1.6223243520e-01 -5.3063132429e-01 1.1922270201e-01 2.2063651768e-01 -1.5576440843e-02 -1.5703936458e-01 -2.2159772462e-01 -4.0265423404e-02 -5.1338712962e-02 2.5283223271e-01 -1.7767910810e-01 2.9509480278e-01 -3.2964099013e-01 -4.2632153055e-02 6.0136205366e-03 -2.7398874964e-01 1.7850704813e-01 1.3925331969e-01 -6.5654576025e-02 -2.0370152164e-01 6.6033862614e-02 2.4414168652e-01 6.2797792965e-03 -9.1581907861e-02 -3.5228675730e-01 -2.1051346764e-01 1.0688664600e-01 -1.6404730888e-02 -1.8448090238e-01 1.3400734661e-02 -7.5287117999e-02 1.9732132426e-01 -1.2497926120e-01 -1.1668920431e-02 -2.4143248629e-01 1.6576171434e-01 3.8593579900e-01 -1.8106903524e-01 2.0742298808e-01 -3.2402486175e-01 2.2153560735e-01 -2.8452447952e-02 5.2830712936e-02 3.2380041898e-02 -1.8556378579e-01 1.2162484950e-01 -1.7393172369e-01 -2.1349224406e-01 -4.4690928131e-02 2.5959730027e-02 -2.1962360884e-02 2.0446381982e-01 -4.4220400571e-01 -1.1279123669e-01 -2.8704577532e-01 5.8441305434e-02 9.4841897047e-02 4.2885437559e-02 1.6943533927e-01 9.4275855330e-03 -2.4754253398e-01 1.2826534714e-01 -1.3127160065e-01 1.2004526872e-01 -3.8687002448e-01 1.5726565152e-01 1.6487984568e-01 -9.7133149293e-02 -2.6656911288e-01 1.1951810096e-01
