1.7358542265e-01 1.5907702182e-01 -1.0976511219e-01 -8.6447901439e-02 -5.4740070610e-02 -8.5853974667e-02 -1.8352444643e-01 1.2835198841e-02 -1.8530862096e-01 1.4061470653e-01 -2.1377422151e-01 -4.5057392183e-02 1.3561095552e-01 -1.3578500867e-01 5.7076917970e-02 -1.6120389573e-02 1.4826906766e-02 -4.1341294139e-01 -5.5305004809e-02 2.6923776128e-01 1.7906641876e-01 1.0363586201e-01 -2.8597929566e-01 -1.8669424888e-01 -7.5636435621e-02 -4.1692276732e-01 3.0787009048e-01 8.7008920849e-02 4.3776426506e-01 -3.3901734432e-01 -8.7910622446e-02 -3.7423130929e-02 2.8316710064e-01 -1.0648584671e-01 1.7173518018e-01 9.3035245861e-02 1.2187014151e-01 -3.1233448056e-01 1.0627005394e-01 -7.5570736790e-02 1.7738033206e-02 2.6211059840e-01 2.6746727653e-01 9.3110497531e-02 -4.7001975999e-03 1.7516545117e-01 -4.2124822126e-02 4.7414152749e-01 1.9078144561e-01 -2.8209303258e-02 -2.4308604958e-01 2.6344225255e-01 2.3152741863e-01 8.4843711478e-02 -4.6305204973e-02 -3.1448334566e-01 8.5451195224e-02 5.4550541612e-02 -1.6574243676e-01 -1.7598569904e-01 -2.0765838169e-02 -1.0074997396e-01 1.1288878001e-01 1.2482609953e-01 1.2422287661e-01 2.3516452029e-01 -2.7483427244e-01 3.4763557440e-01 1.8780001522e-01 2.1895829684e-01 7.4914419886e-02 1.3093464641e-02 -1.8247066375e-01 2.1625899858e-02 -7.9727039036e-02 1.2589861435e-01 -2.7391877455e-02 5.8651176581e-02 -1.3301257122e-01 1.0522711055e-01 4.3937716781e-01 1.6178562070e-01 -2.1317986537e-01 2.8807816571e-01 -2.6972594448e-01 -3.2419992350e-01 -7.0592431945e-02 -6.0905567966e-02 1.5279817277e-01 9.8992404482e-02 -6.1467284501e-02 3.3403780609e-01 -4.1506946737e-01 -6.1373087876e-01 -3.4911759393e-02 -1.4100076604e-01 1.8832558211e-01 1.8018892003e-02 1.4517852059e-01 -1.0261482195e-02 2.9150000166e-02 1.1000551155e-01 -3.6792194708e-01 1.4178163812e-01 9.5723546659e-02 -1.5044951917e-01 1.3226183322e-01 -1.5837785153e-01 1.8129092758e-01 9.8302968824e-02 1.2010368285e-01 2.8473083958e-02 -4.6718065563e-02 1.7081716743e-01 2.0714322085e-01 -9.2513404846e-02 1.1831775631e-01 6.9554084659e-02 1.5156878585e-01 -6.5072711023e-02 1.2327633077e-01 1.7347536293e-01
5.4561548274e-02 4.6280049458e-01 -1.1117734604e-01 -2.4009976081e-01 -1.6029836639e-01 2.8352149305e-01 5.4927896492e-02 -1.2389753224e-01 1.5940193652e-01 2.4494644886e-01 -6.5841676275e-02 3.3040800192e-01 -6.0988169264e-02 -6.9201958252e-02 3.4213791561e-01 3.9882272133e-01 -3.9390111787e-02 -8.6070439489e-02 2.3468352866e-01 -1.5564868747e-01 -4.0712388133e-02 -1.3002355053e-01 4.6104637798e-01 1.4188281924e-01 -2.3210380708e-01 2.8781717596e-02 3.3848840239e-01 -1.1983184398e-01 2.7058437076e-01 6.8184621295e-02 2.5269583614e-01 1.1709309973e-01 -3.9410210776e-01 -2.2533296869e-02 -2.5032812031e-02 3.0209124421e-01 3.6181249236e-01 1.6008207297e-01 -1.5598350251e-01 -1.1261274782e-01 -1.3639165795e-01 4.1603440104e-01 1.8223572378e-01 -1.1105511599e-01 -2.2309670607e-02 2.4210077016e-01 6.7951350965e-02 -1.1813054229e-02 -1.7257802492e-01 -7.0734251068e-02 2.0855685842e-01 2.4618304375e-01 3.3259983879e-01 1.1181245257e-01 -6.4109059905e-02 -9.7433655344e-02 -1.3495641719e-03 -1.0184145578e-01 2.9085195955e-01 2.6566380213e-02 -1.0152003285e-01 2.4360390081e-01 2.0796866441e-01 2.0364406396e-01 2.9472353494e-01 5.3649993327e-02 4.1785798506e-01 -8.0249367287e-02 -5.6206660643e-02 -1.5825577526e-01 1.8739410721e-01 4.4664321636e-01 1.4938631676e-01 -4.1122211174e-02 -4.9514366722e-03 -1.3990416224e-01 -4.4716606363e-01 4.2008280509e-02 3.1950647496e-02 -2.5213126688e-02 7.3208683513e-02 2.7142952019e-01 6.4580609937e-02 1.9826755741e-01 -2.2944022051e-02 -1.2405854610e-01 -3.3637682717e-01 1.3632655378e-01 7.1362162536e-01 -1.1066402222e-01 -3.2267439984e-01 -2.9732510489e-01 1.1235018278e-01 1.1462314707e-02 -1.0836441354e-01 -1.2413170183e-01 7.0665321497e-02 1.8370127269e-01 -2.7238846130e-02 2.7685431424e-01 -5.3370130339e-02 -2.5509222324e-01 9.9419660488e-02 -1.0824970335e-01 2.7562551629e-01 1.5445039647e-01 1.3972296019e-01 1.7781481270e-02 1.3255457353e-01 3.0069187017e-01 -3.9853058411e-01 1.9389705338e-01 -2.8984747226e-02 1.5253017274e-01 -3.3485145499e-01 -2.5807140919e-01 -3.2583029676e-02 -1.0768250519e-01 4.2749928058e-01 -4.4184289994e-01 -1.5909641360e-01 5.2097588581e-01
-2.5415476186e-01 -4.1215475790e-01 2.8310128868e-01 2.0260845187e-02 4.1377796088e-01 -3.4943959081e-02 4.5447191351e-02 2.4395024472e-01 -3.2849110676e-02 2.3375311263e-02 2.8017768936e-01 -2.3037750487e-01 -5.6791384761e-02 4.8435309013e-01 -1.1248722143e-01 -6.4076261146e-02 -2.2933665694e-01 1.7001375686e-01 4.0010993866e-01 -4.5578417504e-01 -5.0020815673e-02 1.5688026429e-01 3.2787581060e-01 -3.5156505582e-01 1.7924917387e-01 5.0403596468e-01 -2.3406330695e-01 -7.4791389792e-02 -3.0891700491e-01 -3.4379758465e-01 1.3889912227e-01 5.8794784210e-02 -3.2979717399e-01 5.3649186967e-01 -2.6645494155e-01 -4.0899099540e-02 1.2218192788e-01 -1.5274040140e-01 4.1451290549e-02 1.0664732098e-01 1.7854861165e-01 1.2562944479e-01 -2.5652452651e-01 -1.1239543583e-01 -1.4917891978e-01 2.4674503495e-02 1.4037672765e-01 -5.3750082070e-02 3.6874820803e-03 -1.9093379934e-02 3.2301789913e-01 -1.7846657907e-01 -4.6345354683e-01 -1.4790720056e-01 -1.5352998681e-01 -1.0415619589e-01 -1.6311360808e-01 3.1188662794e-01 -4.5120813546e-02 -3.3354098308e-01 6.8890426105e-02 -2.1008092479e-01 1.8149690347e-01 1.4804602283e-01 2.9607620644e-01 -2.1207036804e-02 -3.8689185467e-01 -7.4016808335e-02 2.5844222355e-01 2.0778182096e-01 2.8050917045e-02 1.5208130291e-02 -2.9723129629e-01 6.7410022462e-02 -8.7632733645e-02 -1.6314222410e-01 -1.3008680164e-02 -1.5337340097e-01 2.6960564832e-02 3.0243393877e-01 -2.0228554055e-01 -2.9636114197e-01 1.5411827134e-01 -1.0736778454e-01 -9.5781044118e-03 7.4231810719e-03 1.0787169081e-01 -2.2316259120e-02 1.9706055979e-01 8.0238366365e-02 1.5659710026e-01 1.6747030389e-01 -2.2091543178e-01 -2.8756757501e-01 4.4693093986e-02 2.0440748949e-01 3.1803449481e-01 -3.0342136397e-01 7.1865282569e-02 4.7833940305e-01 -1.2561067664e-01 2.1305704926e-01 1.1425433340e-01 -3.8247829550e-01 -2.2505539911e-01 4.5138050298e-01 -2.0321860866e-01 5.6696517052e-03 3.7975046665e-01 -1.6288125954e-01 -8.1018360130e-02 -1.6900304105e-01 2.9341284224e-01 1.0759872186e-01 -9.7641410243e-02 -1.8389755504e-01 -5.2300499268e-02 -2.8393449505e-01 3.9831063373e-02 -1.5726133285e-01 -1.1830510320e-01 -1.0336393182e-01
-3.9661275365e-01 -2.1470643275e-01 -2.7451265911e-02 3.4694058579e-01 5.6306896473e-02 -1.3561176772e-01 -1.4291721231e-01 -1.8684415909e-01 2.4158049170e-01 2.6711291288e-01 2.5342834497e-02 -3.6400750801e-02 -4.4866428758e-01 -9.6274227705e-02 2.9055554308e-01 -1.6488961133e-01 -8.4144848415e-02 3.5861990631e-01 4.6544581968e-01 3.1769143813e-01 -7.9326375086e-02 -7.3708719551e-03 5.1004216024e-02 -2.3326926542e-01 3.0730393265e-01 4.6871663085e-01 -4.4188787105e-01 -1.1315394838e-01 2.1223549204e-01 1.4863438067e-02 2.6463039690e-01 1.1501449204e-01 -1.3896669191e-02 1.5945384626e-02 -3.1077324490e-01 -1.4278305663e-01 -5.9967880703e-02 -1.4317720757e-01 1.9698802256e-01 -1.0249248751e-01 -6.2185292395e-02 2.8734244598e-01 2.0264802612e-02 3.4473077273e-01 -1.3375525029e-01 -1.2814755797e-01 2.6378421510e-01 -1.2353726200e-01 -3.1035736014e-01 3.6660746826e-01 -2.2984467589e-01 1.1101733688e-01 -1.5336948085e-01 -1.5452022264e-01 -3.1803377985e-01 -1.2291894846e-01 -1.0383881612e-01 -6.2689129461e-02 -1.1427642588e-01 5.9295366664e-02 -8.9452627709e-03 3.1889980084e-01 7.1121721146e-02 -4.5072158400e-01 2.1162394717e-01 9.7139666217e-02 2.9890596274e-01 -1.2102124905e-01 2.0872289323e-01 -1.4104147567e-01 1.7384100512e-01 8.0119626690e-02 3.0998797074e-02 1.1246559501e-01 1.5944517374e-01 -3.3770624186e-01 -7.4578781303e-04 -3.2371088192e-02 3.7907588601e-01 -1.0468363127e-01 -5.7473846624e-01 -1.0183893072e-01 4.3634317033e-02 -2.5274797131e-01 -3.7989568238e-02 2.3105722416e-02 2.1549435881e-01 -2.1934274443e-01 -5.0076929381e-01 -1.9189762121e-01 -1.7956586485e-01 4.1637639292e-02 4.8666492048e-01 -3.8172369006e-01 -1.5217138832e-03 1.8874415608e-01 -2.6783724233e-01 -1.0789927357e-01 4.5628578040e-02 1.4034159312e-01 9.9003063470e-02 3.2905228466e-01 1.5536564348e-01 -2.2755062908e-01 -1.9304634270e-03 2.8575800102e-02 -9.3125036932e-02 7.3609637339e-02 1.0730679643e-01 9.4898231495e-02 -1.7066664633e-01 1.8887191821e-01 9.4092737481e-02 -8.3234082690e-02 1.7608064792e-01 2.8903491545e-01 -3.2620138785e-01 5.0649870211e-03 -2.1166152887e-01 2.5730980195e-01 -3.5884888163e-02 1.8033711147e-01
4.5943113410e-02 -1.3182058841e-02 -2.5923348103e-01 3.6447424111e-01 -3.7882412713e-02 7.4030558995e-02 -4.8780427547e-02 -2.0075797219e-01 2.5433566718e-02 3.1973113398e-01 -1.6963192912e-01 1.1541372929e-01 2.8307092585e-01 2.6940502027e-01 3.2389270728e-02 -8.2704959088e-02 -6.5513187370e-03 3.0236809866e-01 1.2571729996e-01 3.5346058398e-01 7.9001942154e-02 5.2509845544e-02 1.5054961046e-01 2.9444089117e-02 2.5725190394e-01 -2.0751939614e-02 -5.9367173105e-02 -2.6033136860e-01 -1.2520849932e-01 2.2635573105e-01 -1.3868631626e-01 -1.7292304375e-01 -2.3017193369e-01 -1.8617475353e-01 2.3423812835e-01 -1.8160287646e-01 -9.2551984854e-02 1.4647718501e-01 -1.1902526817e-01 -2.6780054663e-02 5.2368162087e-01 -6.3559420826e-01 -1.6262111570e-01 -1.0302363939e-01 2.0377052866e-01 -2.5427646277e-01 -9.0300227469e-02 -1.3374269843e-01 8.0556682254e-02 -2.1756459709e-02 -3.1514184015e-01 -5.8221055591e-02 3.2102271607e-02 5.7145655524e-02 2.9785795487e-01 -5.8493248362e-02 -1.3603110111e-01 -3.2989801475e-01 2.1598607589e-01 1.9537288476e-01 3.4173857423e-01 -3.4768136149e-01 -1.1424330215e-01 -1.7379017596e-01 -3.0577538272e-01 3.7197740804e-01 -5.9993640525e-02 -2.1462311473e-01 8.1282916564e-02 1.9983312302e-01 -3.7390290888e-01 1.9270049981e-01 3.6956999934e-01 -2.5377197941e-01 -7.5899624775e-03 3.6856891509e-01 2.2865458521e-01 -4.3369866485e-02 1.1073528721e-01 -2.1812103438e-01 -6.6253354564e-02 5.5917167868e-02 1.2498691866e-01 4.7474896498e-01 2.8502708273e-01 -9.2454638958e-03 -3.3778179694e-02 5.8086166036e-02 4.0710688715e-01 3.5696983101e-01 1.2394025237e-01 8.6647967618e-02 -1.3222045665e-01 2.0523356201e-01 8.2409562249e-02 2.9840161308e-01 -4.1905759292e-01 -1.0786350889e-01 1.2852929414e-02 -4.8177722964e-01 3.2969248614e-01 -3.1490361907e-01 -3.7256006836e-02 2.4375207659e-01 -4.4775848879e-02 2.0715908897e-01 -4.2885403152e-02 -9.2140896874e-02 3.3182283991e-01 2.0895832289e-02 3.7656470756e-01 9.7691479923e-04 4.2371895410e-02 2.2887530908e-01 3.3485480828e-02 -4.8170782166e-01 4.2624396474e-01 2.8427574427e-01 -7.0051178171e-02 -1.4902582541e-01 3.1650351654e-01 -4.6171878472e-01
-1.4244781210e-01 3.2649960936e-02 5.4761162614e-02 1.6149257025e-01 -4.7475814553e-02 1.3717989412e-01 -7.4692048654e-02 3.9417850924e-01 2.7661997042e-01 -2.7183970288e-01 -8.6141101040e-02 -1.5669005493e-01 7.9247268699e-02 2.5662124350e-01 -1.3006828758e-01 1.1817862435e-01 -2.0833603107e-01 -1.4583555498e-01 -1.1553788912e-01 -2.6111082775e-01 2.1159592159e-01 2.8853798639e-04 4.0501266769e-01 9.8277597453e-02 -2.8336577403e-02 9.8111397465e-02 -1.1806663458e-01 -2.2541990838e-01 1.5682844422e-01 -2.3646360910e-01 -3.2943457940e-01 3.3408939458e-01 2.2299553097e-01 5.7731277470e-04 -4.7098412471e-02 5.1800371166e-03 -7.7356223552e-02 -1.9196772710e-01 1.6080261888e-01 -2.8002598522e-01 1.9156878369e-01 1.5659907645e-01 6.9659306961e-02 -1.1805047665e-01 3.6548784360e-02 -1.9697562321e-01 -3.7435658548e-01 -4.9696038401e-02 -6.7038007085e-02 1.4738262932e-01 2.7756955271e-02 -2.4958528202e-01 -2.7289284321e-02 -7.0112416903e-02 1.8641202956e-01 5.5083944426e-02 2.9997580438e-01 -1.5412673270e-01 -2.4887097286e-01 1.8889823005e-01 1.9016766001e-01 -6.5384718769e-02 6.5586043979e-02 9.0714129198e-02 -8.1310607720e-02 -1.4952626408e-01 2.7113418624e-02 -6.1673685099e-02 -1.0704380486e-01 -8.6831530433e-02 -6.9985032722e-02 -2.7767387810e-01 1.1991497465e-01 -1.3939305899e-01 3.4703205091e-01 -4.4063172236e-02 -7.8877592779e-02 9.4568960481e-02 -2.5154417771e-01 -9.9318846881e-02 -8.5153771181e-02 -4.8408533947e-01 -1.5156616685e-02 -2.8182084767e-01 2.2787190027e-01 1.7554050192e-01 -5.0038524211e-01 -6.9473855868e-02 -6.7213157747e-02 4.2401714785e-01 -3.0481676723e-01 -1.0102123056e-01 -4.6480886089e-02 -2.2829652210e-01 -2.6941195993e-01 1.9465478949e-01 -5.0059612169e-02 1.2753344307e-01 -1.2644752110e-01 -2.3188013251e-01 -2.8720135532e-01 1.4092166179e-01 -2.6722574641e-02 7.5250701508e-02 1.9463470846e-01 3.0963016957e-01 6.8130350739e-03 -2.8227131785e-01 -3.4209533974e-02 -8.1337836145e-02 -1.2317468304e-01 -1.0216190909e-01 -1.7290406946e-01 5.1335844991e-02 1.6883306974e-01 1.6325709890e-01 -3.8054047568e-01 -9.0457108978e-02 8.7913578028e-02 2.4541449252e-01 2.0402197891e-01 9.1322040009e-02
-2.4167489223e-01 -1.5648316464e-01 4.1690853668e-01 1.8144484865e-02 3.1344730474e-01 -3.9298362985e-02 -6.2771148466e-02 -1.3336224958e-01 -1.2752379890e-01 -2.0529874567e-01 -1.6356811659e-01 -4.8625827610e-02 -3.0652101811e-02 -3.6845428090e-01 3.0933667822e-01 1.2558627650e-01 -5.0722168836e-01 2.5389588470e-01 1.1106683040e-04 -1.5092978910e-02 2.1752810832e-01 -7.5738407390e-02 3.3310639394e-01 -1.3361007690e-02 -5.3728149833e-02 7.8423622865e-02 2.5411190236e-01 2.1462802743e-01 1.1755908508e-01 2.1273426026e-01 -2.4106118669e-01 5.1139826636e-01 -2.2795036955e-01 -2.6119057932e-01 8.8614078130e-02 1.2488900210e-01 -3.6418173127e-01 -2.6923944983e-01 -1.6864435242e-01 -1.8688757749e-02 -4.8947228438e-01 -1.4736030422e-01 6.7297059230e-01 8.7646123043e-02 -2.2265447702e-01 4.1057408735e-02 1.4047345914e-01 -7.0102867668e-02 1.1251733914e-01 2.9341832980e-01 -1.3685085602e-01 9.5858756567e-02 -6.8069396986e-02 1.7577139475e-01 -7.4240401777e-02 -1.4556460854e-01 2.7343983476e-02 1.9542090775e-01 1.4680775383e-01 4.2193371801e-01 -2.2271284974e-01 -3.1886653229e-01 -1.1326096730e-01 -3.2269026938e-01 -2.0900050913e-01 -5.7958397193e-01 5.3574506270e-03 1.7116769082e-01 1.1842356819e-01 3.6231192034e-01 3.5941304030e-01 -3.9598649278e-02 1.8723469201e-01 3.8293894491e-02 2.2753608568e-01 1.0505827828e-01 -1.6559906904e-01 2.2067647431e-01 1.5441511548e-01 -5.8105542137e-02 -1.9156541279e-01 -2.8689630565e-01 6.0430631619e-01 -2.1369512169e-01 5.9341478997e-02 1.1353831109e-01 1.6839901882e-01 -3.0897853830e-01 -3.7125124087e-01 3.3133418961e-01 3.1960781630e-01 2.7108109538e-01 7.9376568144e-03 -4.6032449228e-01 5.6238041679e-02 1.4817318566e-01 -1.8902010190e-02 9.9289257377e-02 1.0507278986e-01 3.6627345329e-01 3.2410714830e-01 2.6310572285e-01 -7.1818669395e-02 -1.4934858093e-01 1.7939062798e-01 -2.7452078921e-01 1.7568091002e-01 4.6705045325e-02 2.3207344447e-01 -5.0571459314e-02 -2.4271701621e-01 -1.0092891739e-01 1.4815825394e-02 1.6883831101e-01 -2.4551612167e-01 -7.5179638561e-02 -1.2388745357e-01 1.7413053070e-02 1.0955363617e-01 9.4072650857e-02 5.0942607958e-01 -4.1393656705e-01
2.6811721730e-02 -3.0443434569e-01 1.7250315826e-01 1.8279256573e-01 -8.8926348138e-02 8.8949043508e-02 -1.9157052992e-01 -5.2015225207e-02 2.2868524799e-02 -4.7538828227e-01 1.1672690064e-01 -1.3373519935e-01 3.5780004271e-01 1.7703649173e-01 -3.4506004701e-02 -6.7558936363e-02 -2.7060978699e-01 -4.2616870171e-01 -8.4870164781e-02 3.1247525517e-01 -3.2389152307e-02 1.8701837969e-01 -3.3342397328e-01 -2.3498958690e-02 -2.0505461350e-01 -2.1214947181e-01 2.3940206266e-02 -5.3701916661e-01 -5.8723828350e-02 -1.3622718603e-01 2.3757947284e-01 1.3585771200e-01 -4.6956918365e-03 8.6491377226e-02 6.2037325480e-04 -4.3705613607e-01 1.3942190556e-01 -1.6762273850e-01 3.3863468959e-01 -2.4081135886e-01 -1.4888944193e-02 -4.9881641850e-01 -2.2927099821e-01 4.8247202611e-01 1.8110169237e-01 -8.4522665576e-02 2.6250683542e-01 3.9824173566e-01 7.1853641348e-02 1.0395902257e-01 -2.3378215344e-01 2.4077136266e-01 -4.7161371202e-01 1.2014447927e-01 -6.7520364296e-01 3.8375097513e-01 -3.6457988621e-03 -4.7800848169e-02 -5.4514407026e-01 1.9243328124e-01 -3.8820908771e-01 -2.0873794267e-01 1.2209508850e-01 7.8578378692e-02 -1.4803551990e-01 -5.9511290742e-02 -2.7229691424e-02 -3.0471587295e-01 1.1493948590e-01 -1.5834872502e-01 1.9022026005e-02 1.4126003827e-01 -5.3201871754e-04 -1.8221957741e-02 2.9142421286e-01 -1.3479933358e-01 2.1561175184e-01 3.2206512886e-01 -9.3898548432e-02 1.9806740225e-01 1.0637240796e-01 -1.5252789333e-01 5.3057910778e-03 2.9307045148e-01 1.3692732960e-01 5.2906715713e-02 -1.3068110412e-02 -2.7048087869e-01 2.0087608992e-02 7.3522349571e-02 3.1238137373e-01 1.1716681843e-01 -2.3432382705e-01 3.8890985164e-01 -1.0070163404e-01 1.0823790099e-01 -4.7203279706e-02 7.9875012461e-02 1.2559573016e-01 1.7941836313e-01 -1.9330445384e-01 -3.7335963907e-01 -1.5873127681e-01 3.3438762752e-02 1.7705283453e-01 -2.2730375863e-01 8.6356044421e-02 2.4885206297e-01 -4.6646713240e-02 4.5233672170e-01 -1.8105540518e-01 3.9266902493e-01 -3.7818386494e-02 2.7260571244e-02 3.4534636155e-01 2.0600700828e-01 3.4592756437e-01 8.4814394335e-02 2.8164414198e-01 -1.9363694796e-01 -9.3803215750e-03 -3.3779901943e-02
-3.0457780201e-01 -1.6843495108e-01 2.0863000199e-01 2.8665926720e-01 3.9790878365e-01 2.0783585215e-01 -1.9532670558e-01 5.6334883058e-02 -1.8342036165e-02 -1.2903558221e-01 4.3591476283e-02 -5.1118238317e-02 -1.6066086311e-01 -2.3752035504e-01 1.6681100100e-01 4.8342070258e-02 -3.2101125577e-01 -1.1067918448e-01 -1.4127310456e-01 -4.1605269676e-01 1.5686134636e-01 5.7956647733e-01 2.7551028261e-01 -1.8652357578e-01 3.1642380190e-01 -6.3052591587e-02 -3.8000172009e-02 2.1157614788e-01 -3.8122544184e-01 2.0449996040e-01 -2.7723674635e-01 -1.1076688152e-02 -4.3639474575e-01 8.9250616771e-02 6.8311560380e-02 1.0908818690e-01 8.3366316230e-02 -7.9644318247e-02 -5.4672604957e-01 2.8035805914e-01 -2.3689528294e-01 -1.2027138839e-01 1.6652284318e-02 -4.8192522676e-01 1.0486569945e-01 2.2056562715e-02 2.3769773350e-01 -2.1411501505e-01 -1.7655710087e-01 9.0809394475e-03 4.7401885946e-03 1.3961068411e-01 -3.0116208057e-01 2.4811796827e-01 -1.1678315006e-01 -1.9597246227e-01 3.3245306391e-01 6.5542968293e-01 1.7342141638e-01 2.5706376703e-02 -2.9114596992e-01 2.6548682649e-01 7.3878685382e-02 2.2891198871e-01 -1.0469996222e-02 -2.5144320403e-01 7.4283276528e-02 8.1091375533e-02 -1.5634492082e-01 2.8518030464e-01 -7.9301770445e-02 -2.2475809467e-01 2.3784620490e-02 2.9840709658e-02 -1.4267072152e-01 4.7313544518e-01 -4.1736970955e-01 1.9532908895e-02 6.5350772029e-02 1.8413555687e-01 -4.8013580730e-01 -4.5805076109e-01 5.5472374161e-01 -1.4461580549e-01 8.7282949002e-03 -1.4261874508e-01 1.1722277465e-01 -2.7460182946e-01 -7.2567211233e-02 -9.3549187718e-02 4.8845913581e-01 -2.3593241017e-01 -2.2072783592e-01 1.3177661125e-01 -8.2954363524e-02 -2.0996882384e-01 3.1677001291e-01 -2.5588953949e-02 -1.0786019867e-01 1.2986755464e-01 4.1447052882e-03 3.5871433200e-02 -8.1310569302e-02 -1.1326881224e-01 -2.1015847518e-01 -2.7100847713e-02 7.5204264405e-02 -1.4878684392e-01 5.3297870531e-02 -3.0249918424e-01 -1.6484686150e-01 -6.4826104890e-03 3.4048822847e-01 5.4854183867e-04 -1.9256629553e-01 -8.0861957843e-02 3.5725341151e-01 -2.7227263180e-01 -7.1824035066e-02 4.3192340919e-02 6.1899042291e-02 2.3319556504e-01
3.9819967294e-01 -2.0013442741e-01 3.9677376053e-01 -1.2387706283e-01 -2.8613429567e-01 -1.6402637335e-01 2.6452022530e-01 2.2927856430e-01 -1.7126469132e-01 2.0767585211e-01 -6.4717770165e-02 5.9857526098e-02 1.1487133997e-01 -1.5616276509e-01 1.9308896179e-01 1.4370015002e-01 1.3528089197e-01 1.2721047080e-01 2.1456606813e-01 -2.7856378855e-01 1.9512304804e-01 -2.3206594610e-01 1.1684191298e-01 2.3219997430e-01 9.2557568711e-02 -2.9044100922e-01 5.7994520896e-02 2.9515664657e-01 -2.9267309702e-02 -4.3761668056e-02 -1.0079156123e-01 7.5308044179e-02 -1.5997936937e-01 9.2162004725e-03 4.4638637055e-01 -1.6632105921e-01 3.3214463249e-02 -2.5905359984e-01 -6.8388161293e-01 1.7626486325e-02 -9.9237342773e-02 1.1991748380e-01 5.0310239416e-01 -1.3056019786e-01 2.2609469263e-01 -1.7807335619e-02 -2.1671423473e-01 -5.4467752310e-02 -2.2124789549e-02 1.8914431733e-01 -3.4939498016e-02 -2.4629441488e-02 1.6999273492e-01 2.9198752399e-01 -7.0343308769e-02 2.3833662666e-01 -1.1053823308e-01 3.1811901786e-02 7.1812537408e-02 3.0438776414e-02 1.0073672941e-01 -4.3219048485e-01 -5.8951331042e-02 -1.5575095913e-02 1.4674077151e-01 -2.5434629318e-01 -3.7805939975e-02 1.1243061124e-01 1.3601634237e-01 2.2179328270e-01 3.3208293255e-02 3.0453992316e-01 -1.3511882417e-01 3.6481410301e-01 -2.5109715244e-01 -2.7952762525e-01 1.2925146253e-01 1.1650715609e-01 -7.5505642521e-02 -2.7791379646e-01 3.2313398045e-01 3.0243606037e-01 2.3810709226e-01 -5.3571648013e-02 2.9916005493e-01 8.5530142204e-02 -2.1698825171e-01 1.3692401891e-01 8.8270632087e-02 1.4660750965e-01 3.6171211719e-01 2.3410275289e-01 8.2841094707e-02 1.2616100294e-01 1.1881495984e-02 1.3322637571e-01 1.6819543853e-01 2.4643843277e-01 3.0636762893e-01 3.0763467783e-01 -1.4794505063e-01 7.2927911016e-02 8.5361759514e-02 -1.6431625992e-01 2.6170521616e-01 2.1933960897e-01 1.3957541618e-02 -1.5850202561e-01 -9.9406873989e-02 9.4189567958e-02 -1.1377339429e-01 -4.2996822848e-02 1.5845269863e-01 -2.2233073550e-01 -2.4303321623e-01 -3.4860063634e-01 1.1428958508e-02 1.0638140474e-01 9.5559309620e-02 1.0776708968e-01 -2.5049825305e-01 -1.8173669669e-01
-1.4927717285e-02 1.0485676467e-01 -1.8934165217e-01 -8.8588534581e-02 2.9351593435e-01 1.2723179723e-01 1.5296423676e-02 -2.2390209644e-01 -4.7269027446e-01 2.8334728630e-01 1.2528315987e-01 -2.7581245316e-01 2.6299037363e-01 1.4435044281e-01 -2.5184899334e-02 1.1110837617e-01 -2.7795109208e-01 2.6844875029e-01 1.4297219684e-01 -1.5397364185e-01 3.4146032907e-02 -1.2060977879e-01 -9.5387751355e-02 1.3353798039e-01 -5.7123469592e-01 6.7470490830e-02 1.3825020990e-01 1.5921245894e-01 9.5532115785e-02 -1.4932443715e-01 1.7338376548e-01 3.4337829844e-01 -3.0705237132e-01 -1.7231318628e-01 -1.3845121308e-01 3.3193856658e-02 -1.8902920342e-01 1.2286204178e-01 3.6169806788e-01 -5.7372728932e-02 -1.5966642586e-01 1.0186140676e-01 -7.6899515153e-02 2.5791654496e-01 -2.1951676769e-01 1.8994144839e-01 -2.3649206171e-01 6.6429844395e-02 3.9566083894e-01 -7.7400677245e-02 6.1103958859e-01 -2.6135633447e-01 6.5965126143e-02 -4.1455165202e-01 -6.6335778814e-02 3.1352676238e-01 -2.0042460061e-01 3.7769989287e-02 -1.3692356461e-01 1.6178116159e-01 -6.9419047737e-02 -1.5002398871e-01 -1.6483291986e-01 -4.2816361049e-02 -5.4021661759e-02 2.8416884618e-01 -1.5023528312e-01 3.4261726340e-01 1.1207442670e-01 2.5007035311e-01 1.0266442008e-01 3.0348709387e-01 -1.1675955631e-01 1.8298458661e-01 1.5236533063e-01 1.4297867260e-01 -3.7494079809e-02 -2.1130664549e-01 -2.6997080102e-01 1.4279539081e-01 1.4328275651e-01 -1.1016032852e-01 6.3193511905e-02 1.4769709991e-01 -2.3910485580e-01 1.0785851587e-03 3.4605601250e-01 2.5285866136e-01 -9.7786639347e-02 7.8031767205e-03 2.4050056836e-01 -1.3689239400e-01 -1.3548192817e-01 -3.9674348831e-01 -1.1564381845e-01 -1.9942781471e-01 -3.5154593308e-02 -2.0437047171e-01 4.0289670972e-02 3.1964865177e-01 -1.2680161791e-01 1.3723870740e-02 7.9564552879e-02 -4.1012857053e-02 -2.5755671867e-01 -9.6789033865e-02 -2.5878253510e-01 2.3430954087e-01 -9.7915298210e-02 -1.1712242104e-01 -1.1608735802e-01 1.6627367039e-01 -3.5949078596e-01 3.7665444833e-01 -2.9762438743e-01 1.5417185021e-02 -1.5453008579e-01 -2.3616672296e-01 3.4314752319e-02 -2.1263531542e-01 2.5874687986e-01 -4.0189756893e-01
1.3720537926e-01 3.7254887318e-01 5.2402935114e-02 -3.0690999931e-02 -4.9450271586e-01 -3.6954788669e-01 1.2690508163e-01 -5.8151093144e-02 -4.7292446887e-02 9.6550629930e-02 -1.4329722746e-01 -3.2443929893e-03 2.2654363897e-02 -1.2837780326e-01 2.8579123526e-01 2.9744770298e-01 3.0078516906e-01 -6.2180239437e-02 -4.3849225303e-02 3.9196328919e-01 -3.3543727578e-01 9.2737585663e-02 1.7488987663e-01 -2.8436304604e-01 -1.8999267328e-01 -1.4171631697e-01 3.0211550256e-01 -1.2178096969e-01 -2.0044531339e-01 4.8010402762e-01 2.6298293402e-01 -2.5987548301e-01 2.0857082102e-01 5.9189295216e-02 -1.9951915427e-01 6.3242589964e-03 2.0250756222e-01 1.1954563461e-01 -3.8168065727e-02 -3.5800006473e-01 2.9782690190e-01 -3.3580032632e-02 2.9723519700e-02 3.2496505547e-01 -2.5383938973e-01 -2.1147128871e-01 1.6678601438e-01 6.2306545687e-03 1.9898091431e-01 -4.8670814822e-01 5.5304407261e-02 4.1972197495e-01 3.3642771129e-02 4.4232272089e-02 1.7684559998e-01 -3.2326202998e-01 1.3977073019e-01 -1.2649156347e-01 6.0765238502e-02 1.6907428849e-02 -1.3324220453e-01 6.1048722009e-02 -7.9560860914e-02 -3.1038491857e-01 1.2586026209e-01 -1.0124320572e-01 4.3676474260e-02 -5.3403184100e-02 2.5622796223e-01 -3.3141840589e-02 1.2574502849e-03 -2.3338388176e-01 -3.9298516762e-01 -9.8212351478e-04 -6.0088738098e-02 -8.2896143074e-03 9.1357389206e-02 1.1678115442e-01 1.3220418995e-01 4.3335931108e-01 -3.5470602179e-02 3.4991000760e-01 2.6887071612e-01 2.5076827622e-01 -5.1553290806e-01 2.3166947756e-01 9.0836744082e-02 -1.4182044741e-01 -2.4167342864e-02 8.6171723680e-02 -2.2288509996e-01 2.4691723459e-01 -2.5798311348e-01 1.8769081412e-01 5.2485687457e-01 -9.2649591548e-02 6.0778430546e-02 4.4312820416e-02 1.1048169415e-01 -2.0505600024e-01 3.0573143647e-01 -7.4061630774e-02 -1.9092034188e-01 2.0530795821e-01 2.3580265339e-03 -3.4436916391e-01 -2.3013739044e-01 1.1024024946e-01 1.2214627751e-01 1.9800406075e-01 1.0072037996e-01 -1.3923096220e-01 3.3075997208e-01 -9.4815533768e-02 -1.6629000217e-01 1.3879122064e-01 -5.3897387812e-02 1.4807593172e-01 1.1295343263e-01 9.6046646002e-02 -4.5327391967e-02 1.8899684628e-01
2.5009069339e-01 -5.2579422644e-04 -1.3434391683e-01 -4.5200281332e-03 4.3255375008e-01 -2.5096835045e-01 2.1594589688e-01 9.9803926012e-02 4.7206735579e-02 2.5314673502e-01 -2.2507894311e-01 -1.0467251041e-01 1.8166942867e-01 -3.1570996683e-01 -2.5668576289e-02 1.5545910141e-01 -1.8383661322e-01 1.9574679946e-01 -1.7878039623e-01 -2.9736711968e-01 1.1018891602e-01 1.4024297046e-02 1.1509024426e-01 2.1480748464e-01 1.2297706289e-01 2.4116180256e-01 -1.0932444967e-01 2.1128937950e-01 -1.4683665134e-01 1.0416225458e-01 9.7567667326e-02 3.0527278712e-01 -1.1819751224e-01 1.7867905217e-01 2.2600491813e-01 -2.7038071446e-01 -1.7090781114e-01 6.0223163977e-02 -1.4736653014e-02 2.3224910493e-02 -2.4975274130e-01 -3.8325877735e-01 1.8010130803e-01 1.5225741172e-01 1.1188290504e-01 -6.3356046768e-02 -8.5349453025e-02 5.2988971962e-01 2.2821404897e-01 1.2302956825e-01 1.6278913029e-01 -5.2363292452e-03 9.4875011898e-02 2.4678118807e-01 -6.9207844082e-02 2.7055365548e-01 -1.2013406164e-01 -2.0450686464e-01 1.7264922632e-01 1.2671870680e-01 2.6201678510e-01 -1.6511120315e-01 3.1640353384e-01 3.2667670366e-01 -5.5444701108e-02 2.6293684633e-01 -4.3182528396e-01 1.1982846664e-01 -3.1358761364e-01 3.1632573553e-02 5.2283440707e-02 6.4848819443e-03 6.2331716788e-03 1.4000530764e-02 6.8135213902e-02 -1.7472424642e-01 -1.8248561181e-01 3.0270202983e-01 -6.8467531003e-03 -2.7047113968e-01 8.2599778255e-02 1.1753198489e-01 2.1976084481e-01 1.0797699329e-01 1.4416162735e-01 3.6026611264e-01 3.2070048314e-02 -1.5862908942e-01 1.1416716389e-01 -5.6005602191e-01 3.3528303489e-01 1.3493671323e-01 3.4875801443e-02 1.6372440565e-01 -3.0483292719e-01 -3.6061527972e-01 -5.0945975539e-01 2.5639824144e-01 3.4297161625e-02 2.7674875904e-01 -4.8853084628e-01 -3.7218232598e-01 -8.3655381959e-02 -1.3531929139e-01 -1.0767668261e-01 -7.0408116411e-02 -1.6461643968e-01 4.4455057202e-01 -3.1372143870e-01 -1.3544937090e-02 -3.1251302898e-02 1.6243517948e-01 6.7128369951e-02 7.3107056270e-03 -7.4030275089e-02 -5.9045328700e-01 -2.7291782920e-01 -1.5086498000e-01 1.1520811111e-01 1.4274148233e-01 -1.1005919699e-01 4.4145430290e-01
