-2.4899440738e-01 1.0716868434e-01 7.6909483489e-02 1.6599432788e-02 -3.4374678840e-03 3.2238234748e-02 -1.3384645827e-02 1.8363331245e-01 -2.3537450239e-02 -2.7628877911e-02 -4.6052885538e-02 -2.2966862197e-01 -1.1135425157e-01 7.9162730148e-02 1.0199087632e-01 3.8656668311e-01 -2.8834437865e-02 3.3453167338e-02 1.3662606426e-01 9.6583828246e-02 2.4582601644e-01 -1.1160666082e-01 7.0736791300e-01 7.1278723798e-03 -4.6489124474e-02 8.2846973145e-02 1.7343624178e-02 -2.2196495105e-01 1.9330026760e-02 1.5822905715e-01 1.1701719277e-01 -1.2592163222e-01 1.7840517278e-02 -3.8684367434e-02 -8.4180889267e-02 -2.0638692392e-01 1.4517196084e-02 -5.5210333682e-02 1.2397799887e-01 6.2643770605e-02 8.9640984021e-02 -6.8671278865e-02 -2.2135155005e-01 2.1039660972e-01 -1.5133080759e-02 1.9985512308e-02 -7.1355204303e-02 1.1790764008e-03 -8.8675176472e-02
6.2719354011e-02 3.7177492746e-01 3.3296803413e-01 -2.6544313935e-01 -9.1922338189e-02 -1.0642350366e-01 1.6216404115e-01 1.8373036440e-01 2.8704059214e-01 -2.7054502673e-02 1.7188955741e-01 -1.3352198843e-02 -3.3054509058e-02 6.6273624165e-02 1.5065050538e-01 -1.4203732901e-01 -2.9210008039e-01 -1.5519315189e-01 -9.0965915665e-02 1.2084610867e-02 2.2422217715e-01 1.2637954311e-01 -1.0055603426e-01 8.8963226762e-02 1.9161037100e-02 1.4349121678e-02 5.9317232017e-02 3.0793214390e-01 1.0450241160e-01 4.2602264881e-01 -1.0032647511e-02 -3.0151427708e-01 1.7518648464e-01 -1.7990132661e-01 2.7222017025e-01 -1.2277570634e-01 -1.2829159831e-01 4.2080660214e-01 -1.6162351893e-01 -1.3699918808e-01 1.4087981473e-01 -4.1272795940e-01 -1.5886053801e-01 2.2460879292e-01 5.5638482685e-02 4.5448000788e-01 -2.3395926187e-01 -5.7063170811e-02 1.1746589990e-01
1.8865449706e-01 -1.4578737977e-02 -2.8166526735e-03 8.5792215967e-02 -6.4629992923e-02 1.2404878056e-01 1.6010098682e-01 4.9057894238e-01 1.2997990882e-01 2.6156145200e-02 2.3669067162e-01 1.4068914463e-01 -8.4752452407e-02 -2.2917668144e-01 1.7953294525e-01 -3.2882722063e-01 2.4637411435e-01 -4.7621274302e-01 -2.1564548950e-01 1.2220031649e-01 3.8387939616e-01 -1.4249638142e-01 -5.2575504435e-01 2.3520718102e-01 1.6915760025e-01 -3.7855323619e-01 -1.9678280914e-01 -5.5487702194e-02 -9.1707616710e-02 2.6671239062e-01 2.2706687440e-02 -3.5521852075e-03 -4.5585487484e-01 -2.2300161969e-01 -5.9430987723e-02 -1.9186342307e-01 1.5387164486e-01 1.9123268919e-01 -2.7934557107e-02 2.4935827233e-02 -3.3269346606e-03 1.9568558947e-01 1.5381534533e-01 -3.0153832722e-01 4.0105366876e-01 -2.0358549915e-01 2.2491447676e-01 -8.4956989418e-02 1.1297710823e-01
-1.2119482725e-01 2.5859862830e-01 -2.6245056997e-02 2.6223261592e-01 3.0675419349e-01 -1.4844677869e-01 -2.0154662053e-01 -2.2339638069e-01 -1.1900697641e-01 -1.0191424486e-01 -9.1093650169e-02 -1.9616984890e-01 -1.7942332460e-02 8.2182517371e-02 -1.8857738431e-01 4.6569957875e-01 -6.7975202811e-02 -1.4932641881e-01 -7.3593186250e-02 -1.0539562438e-01 1.6953129183e-01 4.7245978001e-02 5.4381588151e-02 1.1825682382e-01 8.5265120671e-02 -4.6411083851e-01 7.6932988592e-02 -4.8902484087e-02 1.1305127364e-01 -1.3679748152e-01 8.6897354847e-02 -7.4941294793e-02 5.6677987931e-01 -7.6998500650e-02 1.4973282552e-01 -4.6935594587e-02 -4.4651147875e-02 -8.9563661452e-02 -5.4296718655e-02 1.6543359785e-01 1.5521879137e-01 -1.3732252039e-02 -1.7831257822e-01 -9.5434240808e-02 -4.1317866201e-01 -1.0654130522e-01 2.2721141277e-01 -1.4634031790e-02 4.5617909693e-02
-1.4497927507e-01 -3.3872862125e-01 -2.9926761579e-01 -7.4811537620e-02 4.2962812547e-01 -7.2524103602e-02 2.8929956708e-02 -4.0181523265e-01 2.9555196452e-01 2.1850196550e-01 5.7317999859e-02 -1.7180288778e-01 2.8357340354e-02 -2.7069511608e-01 4.8271746323e-02 2.7546800185e-01 -1.5188839157e-01 3.4361382422e-01 2.1934547401e-01 -8.6866198231e-02 -9.6566942876e-02 -1.3084124944e-01 4.0494036291e-01 -1.1171374107e-01 -3.0125140689e-02 1.2677620531e-01 -1.7013067485e-01 -1.1494804019e-01 -2.6425320609e-01 1.2286760949e-01 2.2652694561e-01 2.0136928797e-01 3.3359006844e-02 -3.9829990598e-01 1.4394048888e-01 1.1455274558e-01 3.7245548775e-02 -4.1967818852e-01 -3.0779502875e-01 2.2604654383e-01 2.3809988565e-01 -1.7141524087e-02 2.7950673484e-01 -3.4427459764e-01 -2.1620013689e-01 -1.0213059318e-01 2.2570725431e-01 2.0214843508e-01 1.2897274255e-02
1.0471218656e-01 1.8363634005e-03 -1.0098048601e-01 1.0919859261e-01 5.4262113412e-02 -3.7418367702e-02 4.4560687894e-03 -1.5855590063e-01 -5.3847664557e-02 -1.6273929347e-02 5.7131588151e-02 1.4543902439e-03 2.6030844435e-02 9.1007472796e-02 -1.3833761976e-01 1.1925660864e-01 2.9843301470e-02 -2.8800966136e-02 -1.2549460884e-01 6.1608402853e-02 1.3752890030e-01 1.0887165857e-01 -9.3392278524e-02 6.4827942621e-02 -5.3336111151e-02 -7.8986096426e-02 -4.9250946055e-02 1.9042763457e-03 3.6966460742e-02 6.0859239532e-02 -1.1526336546e-02 1.3450584944e-01 -1.6397147380e-01 1.2120769585e-01 -2.8366949867e-02 7.9976328697e-02 1.8869410660e-01 -3.4551782296e-02 -1.1936227189e-01 -1.2594401689e-01 -1.9647181986e-01 -1.2378326384e-01 4.5903828477e-02 -1.6276940907e-01 -2.0536521680e-01 -9.9302378896e-02 4.2940674116e-02 2.8156110599e-02 -7.8137473859e-02
1.3547252449e-01 2.9265284580e-01 7.8424160458e-02 -8.6089333634e-02 -1.3579893239e-01 -3.0366372307e-01 -1.6544226099e-01 -9.0031784901e-02 -2.2159659607e-01 -1.8266278646e-01 -1.3853352802e-01 -1.8398854958e-02 5.8410420429e-02 -6.1555579299e-02 -1.2490171721e-01 1.9770406783e-01 4.4997879524e-02 1.9548004125e-01 1.3463550869e-01 1.2962991815e-01 4.9728039954e-02 -1.5431093876e-01 -9.9832336949e-02 1.9589609840e-01 -2.3837791322e-01 2.4891934159e-01 1.1304071351e-01 -8.5459153336e-02 -1.0082615067e-01 -1.2861158464e-01 7.9147620593e-02 -5.9871187864e-02 1.5031659140e-01 2.3298810433e-01 -2.9781420044e-02 2.0442688121e-01 -6.5851767748e-04 -2.3455511765e-02 5.3173377202e-02 -1.2026046039e-01 -2.6186294235e-01 -2.9102595436e-01 -9.8043513906e-02 6.0759324832e-02 -1.3184616413e-01 -6.7332858866e-02 -8.3314440888e-03 -2.8673564979e-02 1.9609910668e-01
4.4516850790e-01 -2.0482036137e-01 -3.4147170196e-01 -2.5723400565e-01 6.1638029716e-02 2.0857017245e-01 2.0529998275e-01 3.9414036304e-01 2.0147044324e-01 -1.6723177105e-02 8.1342420830e-02 4.4853040144e-01 4.2794726471e-01 -1.5265026039e-01 -9.3744240161e-02 -5.1707648654e-02 9.7698622270e-02 4.1418238741e-01 -1.0934705873e-01 2.7584571244e-02 2.1174291204e-01 1.7438623208e-01 5.2209388218e-03 2.1951110893e-01 -6.8374043424e-02 7.8765708034e-02 1.3459597884e-03 9.2593760529e-02 -4.0394672423e-02 -1.0392892134e-01 -5.4836155715e-02 4.1975717215e-02 -4.0352517508e-01 -2.4718971406e-01 -3.8073723246e-02 2.6071181722e-01 6.6649902638e-02 -2.4803805844e-01 -1.9244776301e-02 -8.0251675913e-02 -1.8910482269e-01 -1.3573253401e-01 -2.0023798503e-01 -2.8144822069e-01 1.1988784743e-01 -2.2630406485e-01 -1.5203624597e-01 -6.7177676456e-02 8.7502676470e-02
3.0396815908e-01 -5.0197117269e-02 1.3138897046e-02 6.6302995331e-02 1.5581682999e-01 -1.2660553136e-01 2.1724949587e-01 9.0053750161e-02 5.0965730207e-02 1.8723212560e-01 1.1026570462e-01 1.5752707951e-01 -6.8769231447e-02 3.5939915374e-01 -2.0062890073e-01 1.8329537965e-01 6.9452029599e-03 -4.1465363956e-02 -8.0283690302e-02 5.9918280759e-02 6.3894154838e-03 -3.1215425054e-04 2.4998070586e-02 -1.9632153386e-01 -1.1041277699e-02 -8.0914368360e-02 -4.3281025132e-01 1.4371607954e-01 -1.3454352728e-01 1.5057402576e-01 -2.2161914825e-01 -9.7602816747e-02 1.4550867734e-01 -3.3829212162e-02 2.4236670545e-01 3.4139641982e-01 -1.4446409889e-01 -1.2603840330e-01 -2.9782016873e-01 9.9709003436e-02 8.2893283255e-02 4.6627177496e-01 2.4618993208e-01 3.9119192263e-02 2.7472548208e-01 -2.7299716766e-01 1.8677135678e-01 -4.7195765717e-02 -3.2041726897e-01
1.0515809261e-01 -1.9420788440e-02 1.2796665476e-02 -1.3358523243e-01 1.1864163848e-02 2.1663536341e-02 3.3107707039e-02 4.0290491892e-02 -2.6541067190e-02 -2.2253471377e-01 2.5666589227e-01 1.8091919093e-01 7.2005244889e-02 -4.2657734670e-02 1.0186205457e-02 5.3516206329e-02 -9.5046879703e-02 1.4205610025e-01 -5.8931039824e-02 1.6821787560e-01 -7.1717401448e-02 -4.3333811924e-01 6.3348539407e-02 -2.4451201530e-02 6.3722054171e-02 -1.5755734228e-01 -8.5932444847e-02 -1.0143608526e-01 -2.3792338209e-01 2.1647642890e-02 -1.8094202602e-01 3.4240267035e-02 -1.3629754549e-01 -1.1601983190e-01 9.3966022631e-02 -1.1856981595e-02 -1.4571124233e-01 3.4792810367e-01 2.6222978149e-03 3.8887089851e-02 -8.9259055506e-02 5.2096377118e-02 9.2393326602e-02 9.5573333696e-02 -6.1958672471e-02 -6.2060167881e-02 -9.1049321360e-02 3.2179734723e-01 1.1975103549e-01
-1.4962084376e-01 1.3730163858e-01 -6.1217790650e-02 2.4455037819e-02 -1.0083481506e-01 -4.9567160877e-02 1.5602520350e-01 -1.6879286799e-01 4.5800784557e-02 3.9648182929e-02 -1.2447428846e-01 8.6575743339e-02 1.0448235231e-01 9.5617630149e-02 -2.8176294598e-01 1.6168600648e-01 -1.8069885629e-01 -1.5382538990e-01 1.8907913403e-01 1.1239453669e-01 -1.2518093910e-01 1.0599159768e-01 2.3051045179e-01 -1.7952828318e-01 -1.2786761575e-01 5.2100579662e-02 8.4033453012e-02 1.2895841069e-01 3.8443058614e-02 1.5207988404e-01 -1.7409374696e-01 1.9790830177e-01 3.3095451319e-01 -1.9550586317e-01 -1.5178563558e-02 1.9633147955e-01 8.1646173724e-02 -1.0027227167e-01 -1.2897259718e-01 -3.5334689508e-01 -1.0153875717e-01 -3.6963696127e-02 -4.7942963889e-02 -6.8263890992e-02 3.1742804914e-01 -2.2811494666e-01 -3.6176404483e-01 -4.7229887259e-02 -2.1664172059e-01
-1.4391703697e-01 -1.4891990257e-01 5.1283532740e-02 1.5566668588e-01 -4.0852146320e-02 -4.9513280993e-04 -1.9749334561e-01 -5.0576165482e-04 -2.0717292613e-02 3.8361561468e-02 9.5826210937e-02 -2.1637440930e-01 -8.5906668879e-02 5.6205519751e-02 1.5481657887e-01 8.6462507950e-02 -8.4382647741e-02 1.7880396002e-01 1.6462345892e-01 2.0073138652e-01 -5.4952621474e-02 1.2893706304e-01 4.6811281171e-02 -5.0360338822e-02 -1.2960791904e-01 -1.6882025360e-01 5.2737152628e-02 -4.8433514988e-02 -1.8578268497e-01 -7.3440392708e-02 2.9932751313e-01 -2.5893896725e-02 2.2532817335e-01 2.1200487294e-02 -8.8207419431e-02 8.6400825056e-02 -2.1706634684e-02 6.9263628980e-02 -1.0897647195e-01 -1.4586566276e-01 6.9606486771e-02 1.0902946050e-02 -8.1889937763e-03 4.7571817828e-02 -7.1369299026e-02 7.7515750775e-03 1.1617170116e-01 2.1467507103e-01 -1.0674112379e-01
6.8887743280e-02 -1.3902846737e-01 -1.8640106411e-01 -7.3631361240e-02 -4.8600319891e-03 1.0137066867e-01 4.4516688088e-02 -2.6457828120e-01 2.6919985879e-01 2.8193673346e-02 1.2537650033e-01 -2.9295733154e-01 1.8334313227e-01 -3.3389724274e-01 2.6272247727e-01 1.3188554594e-01 8.0442196706e-02 1.8621415323e-01 2.8304415619e-01 9.0445834111e-02 -8.5461181689e-02 -1.3873163984e-01 3.6779739915e-02 8.7999631082e-02 2.6239783382e-02 -1.0738127301e-01 1.1514101267e-01 -1.1191256363e-01 -2.7943245761e-01 -1.2568801079e-01 -1.6469504633e-01 2.0622067540e-01 1.3036384968e-02 1.0518253224e-01 4.0621999146e-02 -2.0741007636e-01 -1.8693498131e-01 2.9759007584e-02 1.9701707817e-01 3.7002340680e-02 3.7370396843e-01 -4.7369281084e-01 -8.9442644150e-02 -4.4985328865e-02 -3.5789834335e-01 1.1121204725e-01 7.1305228918e-02 1.1842203275e-01 2.0147067522e-01
2.9032547220e-01 7.8240040319e-03 -1.1799240706e-01 -8.2480023873e-02 8.6111199881e-02 -1.5876774139e-01 4.0997700099e-02 4.8324894645e-02 -2.9048386100e-01 -1.8494256305e-02 9.7777102152e-02 -1.0400911108e-01 -1.0186195435e-01 -6.7171014140e-02 -7.1492066551e-02 1.8471850762e-01 8.9853159124e-02 -4.6325540141e-02 -7.9483890899e-03 -1.8762585448e-02 -8.7187105448e-02 -1.9945786498e-01 -2.6062672502e-01 1.1228994621e-01 -4.0515803473e-01 -3.4223599590e-02 -3.7391065105e-02 -1.0456524238e-01 -1.6232242939e-02 -5.0502910243e-03 -1.0090510230e-01 2.1792542767e-02 -1.9301058810e-01 -9.6417230570e-02 -6.5956060085e-02 -2.0664618083e-02 5.3996195754e-02 -2.6886807305e-01 -6.6884716470e-02 -2.1079550512e-02 -1.0159968960e-01 1.4997088878e-01 1.7672478957e-01 3.9954888107e-02 -4.4357635147e-02 -1.5339181898e-01 1.6177327917e-02 -3.9647759160e-02 2.5138280403e-01
-7.8926939752e-02 -2.2154223988e-01 -2.5078323417e-01 -2.3290781949e-01 8.9267992435e-02 -5.4035396758e-02 -6.0022162100e-05 8.9952968552e-02 3.1009289919e-02 1.9562910726e-02 4.8342254265e-02 1.8704469977e-01 -3.7069614257e-02 -5.1214444175e-02 1.0718736024e-01 3.8616489156e-02 5.3943993664e-02 -2.8157728574e-02 1.3384238227e-01 7.8661405072e-02 1.8692853478e-01 -1.1747551185e-01 -5.4820756810e-02 1.4836975275e-01 -1.4829398258e-01 -1.7031628127e-01 2.0207302365e-01 1.6554446829e-01 -1.2248355363e-01 2.2465513704e-01 2.2829341438e-01 1.4938263212e-02 -1.1655030043e-01 1.8075273933e-01 1.4771180972e-02 -1.9357935259e-01 -1.5738614664e-01 -1.7881682527e-01 2.0964382098e-01 2.7213592843e-01 -1.5345290883e-01 -3.3879387942e-01 1.0853140746e-01 2.1965786929e-03 -1.8281892904e-01 1.5316064886e-01 5.3036556609e-02 -5.6010910856e-02 -1.1835648427e-01
-5.6366388598e-02 -8.8993641215e-03 -3.2927324322e-01 -6.9360882389e-02 -7.0754281144e-02 7.1639987357e-02 4.0432768145e-02 2.0775774477e-01 -2.1276639829e-01 -2.8905661772e-01 -1.9790593605e-01 9.3936053750e-02 5.6978603281e-03 2.3117073854e-02 -3.0168264876e-01 -4.7359965633e-02 -1.1389441060e-01 1.5645780970e-02 3.3979889511e-01 6.3207408742e-02 2.5675130677e-01 1.5368552932e-01 -1.6728249613e-01 -2.8076449560e-01 -4.8568891910e-02 1.0220247472e-01 -2.1252857970e-01 1.5067442429e-01 -8.3371206278e-02 -1.3475805910e-01 -1.5282825885e-01 -2.1480617028e-02 2.7633535570e-03 -3.1870062466e-01 -2.8108088656e-02 -1.2248035340e-01 9.5298878449e-02 -1.1155811685e-01 4.1225199867e-02 6.7436525746e-04 -1.5133741254e-01 6.9593408867e-02 -1.0417233291e-01 8.0103703534e-02 2.5247742471e-01 -3.7643810720e-02 1.2570343750e-01 1.4332555252e-01 2.8550900291e-02
-1.3110890235e-01 1.1389820224e-01 2.5226589310e-02 -8.4141663086e-02 1.4813434467e-01 9.2232808438e-02 6.5787068078e-02 4.6295815278e-02 -1.2835963333e-01 -2.3231518133e-02 9.1329199193e-02 8.7137749732e-02 3.1476591902e-03 -1.0402303566e-01 5.0696368169e-02 7.0018398882e-02 -7.3866323151e-02 -2.7898569027e-01 -1.0785070773e-01 -5.5624196652e-02 -8.5105277833e-02 1.9683008810e-01 -9.1578712840e-03 1.3032898852e-01 -1.2324401462e-01 -8.3045123578e-03 -1.5663153302e-01 -6.0210991108e-02 -4.4759935193e-02 4.4240195039e-02 -1.8490074934e-01 -6.8532518295e-02 -1.1376122949e-01 -3.1519632088e-02 1.2190672670e-02 2.7027750162e-02 2.3008372628e-02 -6.6209214492e-02 -1.8596478259e-01 1.8808733936e-01 6.4867809814e-02 3.3564925995e-01 1.1876842784e-02 -1.2518589750e-01 -2.0663614934e-02 5.1712582562e-02 8.2785680346e-02 -9.5000194219e-02 -1.3447964857e-02
5.4119598563e-02 -6.7125764958e-03 -3.0479084187e-01 -2.4754910536e-01 -7.5271346837e-03 1.6212920683e-01 3.2878982044e-03 1.0834247830e-01 -9.1001253802e-02 5.1020318839e-02 6.7860901447e-02 2.7241746033e-02 -9.5906642849e-02 -2.8146651664e-01 -1.8450931313e-01 4.3988107678e-02 -1.3992375580e-01 1.1298001971e-01 1.4118069344e-01 1.2187143305e-01 -9.8300774817e-02 -4.6528452011e-03 -1.8702846325e-01 -7.7857079233e-02 3.4303452789e-02 1.7614358093e-01 2.3976569659e-01 -5.6851890984e-03 -1.4251988100e-01 6.6371010013e-02 -1.8720871673e-01 2.1021994790e-02 -2.0374620663e-01 -5.0524105168e-03 2.1208553268e-02 -1.5458165461e-02 1.5070116669e-01 -2.0645178920e-01 -1.4949427351e-01 -8.2260806935e-02 -1.6633484445e-01 7.3614084635e-02 2.0304666051e-01 3.5599318558e-02 -4.4411970030e-02 1.1371594965e-01 -7.3521588292e-02 -8.4279098347e-02 -5.5433786388e-02
-2.4262493322e-01 7.0687513701e-02 8.5813692073e-02 2.1281101050e-02 4.9644462814e-01 -1.2969199177e-01 -7.1893978310e-02 -2.9938085813e-01 -2.3921559027e-01 3.5866653544e-02 1.5209597350e-02 1.6404723652e-01 -1.0260208252e-01 -3.5990793624e-01 -3.4254708192e-01 2.0044234319e-01 -2.9623534572e-01 -3.0501338589e-01 1.0437224341e-01 -1.4634964576e-01 -3.4543779881e-02 5.6292925584e-03 9.9768659823e-02 -4.1720151236e-02 1.1412387436e-01 -5.3850598617e-01 -1.4731435757e-01 -1.0037977084e-01 -3.2461966801e-02 -1.1671076214e-01 -1.0855839050e-01 1.8506502137e-01 -6.2152787500e-02 3.0871269337e-02 2.4734224657e-01 1.2822081835e-01 7.2400364507e-02 -7.2485684899e-02 -6.0369524249e-02 1.4938728560e-01 4.0738191209e-01 1.6900904248e-01 3.4999942427e-01 1.5318564981e-01 -6.1588633869e-02 -7.0683299465e-02 4.1026748982e-02 1.3811246625e-01 -1.2220429772e-01
2.1263970207e-01 -2.3675518302e-01 -7.1702639289e-02 -1.8600703421e-02 2.7159672115e-02 1.0231265130e-01 7.1184726568e-03 -8.2863114489e-02 1.3904061565e-01 2.8816518978e-02 -5.1727406596e-02 -5.2087665365e-02 -5.1484963865e-02 -2.4547171307e-01 7.1739338150e-02 4.0462761071e-02 -3.5862389504e-01 1.8690770824e-01 9.0571234428e-02 -1.3370682744e-01 -6.2151307332e-02 5.6828039082e-02 3.1730657706e-01 1.3465905168e-01 -6.0119295981e-02 7.4576907493e-02 4.5942145627e-02 5.8787726265e-02 -1.3827857605e-01 2.7788507322e-01 1.6226526148e-03 -2.8964588981e-02 2.0768490936e-01 2.3223266818e-01 1.0523067719e-01 4.0279138991e-02 -8.8391892019e-02 -1.0267652415e-01 5.0168681522e-02 -1.7833594128e-01 -4.7421243625e-02 -3.1221364011e-02 1.5474802273e-01 -2.8343194370e-01 -4.1766229485e-02 1.4729008643e-01 -1.5039576292e-01 2.4828507150e-01 2.9612341415e-02
-1.0767453714e-01 -3.5915949489e-01 -2.1150076167e-01 -2.0422349698e-01 3.5639397175e-01 -3.2287318311e-02 6.4614321800e-04 2.6707975145e-01 -3.8312434028e-01 2.1856461217e-02 7.7909831517e-02 1.9243069810e-01 -1.7615142795e-01 -1.1610870193e-01 -2.1373437883e-01 5.9450895465e-02 2.1729628658e-02 -9.3538440920e-03 1.7095235822e-01 -3.5842921538e-02 -7.9246021543e-02 -1.8384577231e-01 -1.3652236969e-01 2.6493686063e-01 1.3248485170e-01 -1.0356005124e-01 -1.9059333305e-01 -5.8702464466e-02 -1.2341896313e-01 -7.3145172952e-02 3.4006241402e-02 -1.4336157352e-01 4.7926388874e-03 3.6070647948e-01 -3.3843529259e-01 2.6779570550e-02 1.5003090025e-01 -2.4704414357e-01 7.7639748400e-02 -1.5131963449e-02 -1.1907415658e-01 3.3613962300e-02 3.1759413608e-01 1.2531910050e-01 -8.9636767885e-02 1.4238185588e-01 -1.1829609675e-03 -1.7629820758e-01 1.7020857827e-01
-9.7675278344e-02 3.0865487833e-01 -2.7358984056e-01 -2.3658662912e-03 1.1080633110e-01 -1.9939829143e-01 4.6524751698e-02 -5.4757330267e-02 -3.2169363158e-01 -3.8996227802e-02 -1.6064296430e-01 5.0756050087e-03 2.8893035313e-02 2.0665617453e-01 -2.1544394386e-01 2.8282362398e-01 -4.6841357751e-02 -4.1150401731e-02 6.4905491895e-02 -4.2401965936e-02 1.1768937090e-02 2.0188971961e-01 1.9306843114e-01 -3.1245890865e-02 -1.5972612454e-01 -7.5668374518e-02 -2.4999822361e-01 -8.7583842818e-02 5.3734035725e-02 6.3566855677e-02 -3.9777758842e-02 1.3547689711e-01 1.2476943886e-01 2.0214349518e-01 1.3280361137e-01 2.5852449281e-01 6.8338793676e-02 2.4898398318e-02 2.3364682451e-02 -1.0844370156e-01 5.2437556767e-02 4.5802667597e-03 -2.5078262259e-02 9.8691757331e-02 -9.0154612026e-02 -6.4678035480e-02 1.1643735700e-01 -5.5328555957e-02 -1.5286726450e-01
-1.6232624762e-01 -9.8350951761e-03 6.7590576652e-02 -8.6401707107e-02 2.9346567430e-01 -9.1275551769e-03 -2.2634687775e-01 -2.3980106456e-03 -1.6620925399e-01 -9.7724737722e-02 -3.2872690565e-01 2.3531545227e-01 7.6393611795e-02 1.7175212868e-02 -1.5504081963e-01 3.0092359364e-01 -2.3411756509e-01 1.4027521975e-01 2.0922134295e-02 -7.3346744886e-02 -6.1522515374e-02 1.4449041021e-01 -7.2202615318e-02 4.6308320453e-02 -8.1369651754e-02 7.5199570820e-02 2.0675748201e-01 9.3728381263e-02 6.4089217152e-02 -8.0541174876e-02 -3.2817745113e-01 -4.0983564522e-02 -5.1390759193e-02 -1.5282846928e-01 -1.1707884687e-01 1.3434722744e-01 7.1912196190e-03 2.4876085650e-02 4.9805787138e-02 -8.9119091465e-02 -9.7589899531e-02 1.3075511251e-01 -5.4691691099e-02 1.2488494442e-02 1.4416816583e-01 -2.7661506288e-01 -1.0723957332e-01 1.4216677603e-02 9.3446729290e-02
7.5208148164e-02 -8.5754308493e-02 -2.9755139209e-01 -7.3448869200e-02 1.9924167735e-01 4.3168759126e-01 -6.0012316314e-02 6.3184805875e-02 1.6090698730e-01 4.5940239721e-02 3.7786166477e-02 -1.8660830363e-01 3.6644841795e-04 -2.0831290558e-01 6.9171934935e-03 2.7543343345e-01 2.1025512002e-01 1.0595797651e-01 4.5983411327e-02 -1.7836182254e-01 2.1070026155e-01 1.0927156217e-01 4.6697600502e-01 -9.9592128265e-02 1.8341363731e-01 4.8264210103e-02 3.0847850239e-01 -9.6032552060e-02 -8.1098966590e-03 1.2929771092e-01 1.1274336486e-01 3.0916926891e-01 1.1118930827e-01 4.0905081685e-01 1.9071734047e-01 4.6247124261e-02 -4.4807417919e-02 -1.1342556521e-02 1.0295584355e-01 -1.2935122818e-01 -4.4000266122e-02 -2.5390635026e-01 -9.8356146416e-03 -1.0191111152e-01 -3.1704065409e-01 8.9787156980e-02 6.5852786026e-02 -1.4931996049e-01 2.6069330096e-01
1.5371969601e-01 1.2839518018e-01 -2.9874893025e-02 1.6602110060e-02 -2.8180948346e-01 1.8880584726e-01 -3.8367673986e-02 -3.6434237545e-01 -4.0896227626e-02 -2.0217417289e-01 1.2195170562e-02 -1.3128374024e-01 -1.0381752482e-01 -2.1798736174e-02 1.0457385187e-01 -4.3396546174e-02 4.1303943531e-02 3.7341461802e-02 -5.0941013260e-02 -1.9772986468e-01 -4.3428417002e-02 5.9900239066e-02 -2.1701893829e-01 -1.0947375948e-02 5.2860269350e-02 -7.4356003677e-02 -1.3740112508e-01 -7.7161451664e-02 -2.2877834507e-01 -1.2690712105e-01 7.1150537276e-02 -4.0927236897e-02 -1.5342180441e-01 -1.0765407999e-01 -5.4142450117e-02 -2.0823978529e-01 -4.1046732333e-01 -1.2894925299e-01 7.0598398735e-02 1.7256104383e-01 -6.2455316548e-02 -3.2990069939e-02 1.7568848868e-02 2.2257205281e-01 7.4862623685e-02 1.0647276592e-01 3.7723668040e-02 1.7899022938e-01 1.4314659345e-02
-7.8363721584e-02 -1.0308503392e-01 -1.9372316125e-01 -1.1158546052e-01 -2.8856524964e-01 -1.6056249947e-01 1.1374268714e-01 4.4074531176e-01 -2.3234729729e-01 1.5513274942e-01 2.0702950048e-01 8.1670273158e-02 1.9711064983e-01 1.3807366139e-01 -5.6902238762e-02 -4.1320430281e-01 2.1582622857e-02 -1.9310590209e-02 -1.8890404220e-01 -1.5121359429e-01 -3.2033909337e-02 -3.1619614821e-01 -3.7182589026e-01 2.3909423856e-01 1.4888920156e-01 -7.8444642551e-02 -5.3010561740e-02 2.6256039117e-01 4.1643098969e-02 2.1462084134e-01 1.2642807038e-01 -1.8800261807e-01 -2.6539137111e-01 1.0983698362e-01 -1.0125088616e-01 2.7350803508e-01 1.9874206464e-01 2.5890379845e-01 -6.6639324332e-02 1.6428731974e-01 -4.3566137254e-02 2.2843139651e-01 3.2968777302e-01 1.6496882984e-01 3.0318728496e-01 -3.0799096040e-01 1.8513930676e-02 -4.4017838002e-01 2.5599080952e-01
3.9773672570e-02 2.7096005399e-02 -1.0938777023e-01 -2.0747085784e-01 -7.3661111373e-02 5.9042061825e-02 -1.8865195518e-01 1.4779215169e-01 -2.2077210992e-01 6.3088151529e-02 6.6207266352e-02 -5.4330894838e-02 -1.3783931656e-01 1.3620373903e-01 1.3398967137e-01 -1.1789697112e-01 6.1074033049e-02 -1.1358546410e-01 3.3632963949e-03 1.5311022465e-01 5.3924828539e-02 -1.9449662695e-01 -4.8942459585e-02 -3.1552048509e-02 1.9433351521e-01 -6.5170708511e-02 -3.4951440895e-02 -2.3604719471e-01 -1.8230904841e-01 -7.6837779039e-02 3.0590690298e-01 1.5020175091e-01 -3.0541805517e-01 -2.1569720681e-02 -6.3275613446e-02 2.1814303266e-01 4.5759522007e-02 3.1016139869e-01 2.0456353991e-01 1.7339972613e-01 -2.2618259958e-01 9.3288437659e-02 -4.0935862297e-02 6.2159861263e-02 -1.7551749153e-02 9.1910077284e-02 -9.4816166874e-02 -4.7369005378e-02 -4.1885082797e-02
1.1111761881e-01 -1.3069042406e-01 1.6087599168e-02 -2.7024629663e-01 -1.1304960084e-01 -8.8669728329e-02 -1.6063462595e-01 2.9528983871e-01 -3.8104067354e-02 5.9570042141e-02 3.9733815990e-02 1.6073457239e-01 1.8045997115e-02 -1.3895752942e-02 -1.0998749600e-01 -1.4562925941e-01 1.7806290400e-02 2.7831351360e-02 -1.1166589356e-01 1.4599081969e-01 -1.3416994154e-01 2.1639843856e-01 -3.1936509600e-01 9.7539222149e-02 1.0206719733e-01 6.6688397492e-02 2.0393181039e-01 -2.5923009092e-02 -1.2324566746e-01 -7.2222170021e-02 -1.6390109131e-01 -3.5129008959e-03 3.5193850027e-01 3.5073024155e-02 8.1424271197e-02 -5.3477028507e-03 7.4710324951e-02 1.6683656639e-01 9.7361704193e-02 1.8311133722e-01 -8.8980152614e-02 -7.2471718597e-02 -1.9242086517e-01 3.8239275044e-01 -1.6843865328e-01 7.6166824159e-02 2.0640913105e-01 -2.5351133985e-01 1.2900863025e-01
-1.2106129973e-01 -8.8052488416e-02 -2.9879995249e-02 -3.6791854269e-02 -2.0976075329e-01 5.3673026697e-03 -2.0571065616e-01 1.4386127259e-01 -7.8625693733e-02 2.6626434770e-02 5.6883940630e-02 1.9413925832e-02 -2.4353293546e-02 1.2586620197e-01 -1.5024134677e-01 3.5224380257e-02 7.8496114673e-03 -1.2454150775e-01 5.8626976874e-02 -3.4921878125e-02 1.6502791342e-01 -1.4064079308e-01 -1.1504774823e-01 1.4710399481e-01 -5.5659502556e-03 2.4101693621e-01 -6.2650503625e-02 -1.6841493602e-01 5.6143306354e-02 -1.5444619516e-01 -8.8134453367e-02 2.2488244122e-02 -1.3655026612e-01 1.1402097891e-01 1.6029327009e-02 -5.6589569682e-03 2.0789135197e-01 -1.6889673683e-01 1.4719365387e-01 -3.8551423555e-02 7.7221577712e-02 -4.4507231084e-02 -1.4983522614e-01 1.1366090686e-02 -1.4237506777e-01 -1.5960846931e-01 2.4598876669e-01 -6.6326910867e-02 1.0265333623e-01
6.2814745020e-02 4.4546510304e-02 6.2834411917e-02 1.2872381867e-01 -7.6324903227e-02 6.6210973379e-02 -1.3172054930e-01 -3.1855120751e-01 6.2336617043e-02 -1.1449671219e-01 6.4911570118e-02 -9.2312124694e-02 -5.0507321676e-02 1.0780072070e-01 -5.2094704839e-02 1.2326688533e-01 6.4156221139e-02 6.5377272391e-02 -7.4716149030e-02 2.3960312525e-01 -1.7694116167e-01 -4.4918614409e-02 -1.0752856985e-01 -2.6407271376e-01 -1.5210810669e-01 -5.0414097063e-03 -7.7435602075e-02 2.3582996529e-02 -7.7493701782e-02 -8.9858093372e-02 1.4695628991e-01 -8.3215262532e-02 2.3132687622e-02 4.3817889638e-02 -8.6295349641e-02 -1.0205970254e-01 7.8196652310e-02 1.3533662013e-01 7.3843905520e-02 -7.1391577118e-02 2.5211257645e-02 1.0110884717e-01 -3.7423273551e-02 -8.7374414832e-04 1.2323675641e-01 -6.7008416486e-02 7.9036957659e-02 2.1316943566e-01 3.3369460664e-01
-1.5712655010e-01 3.3743706981e-02 8.7322988143e-02 1.1388903252e-01 -4.5123767335e-02 1.9179901750e-01 -1.5457602376e-01 1.0044893498e-01 -6.6810940132e-02 -1.5984567087e-01 2.0381217758e-02 -1.0192100635e-02 -4.7381274333e-02 2.7097921593e-01 -2.3359204589e-01 1.1782587539e-01 5.0742149074e-02 8.7904187716e-02 -1.8499667452e-01 1.7045544986e-01 2.3381046826e-01 -1.1849340721e-01 -1.3132474009e-02 4.0564909200e-02 2.1209954843e-01 -1.1851079460e-01 -1.4776088770e-01 6.5881079887e-02 -1.7575718010e-01 1.9890713651e-01 1.8883121353e-01 1.8492071674e-01 -9.0201071222e-02 -1.0759258982e-01 -3.0742494870e-03 -2.3545849868e-02 -3.2868864525e-02 1.9597753423e-01 9.1541301774e-02 1.5279837074e-01 -7.7137409243e-02 -7.7742164192e-02 -6.8635095428e-02 3.7730644640e-02 -1.4065891472e-01 1.1015437261e-01 1.5948386885e-01 -3.1499258407e-02 -1.4831861812e-02
3.6537704174e-02 3.7085662944e-01 -6.1340531429e-02 1.4284025779e-01 2.5164832233e-02 7.4419006262e-02 1.9286979785e-01 -2.8623583481e-01 -3.6620971355e-02 -1.8491374331e-01 -1.1265171818e-01 5.5033225678e-02 -9.7162417067e-03 1.1662943458e-01 -6.3442017381e-02 3.4943901891e-02 -5.4977737193e-02 -1.6050379827e-02 -2.4154474242e-01 2.5881568429e-01 8.7138226626e-02 -4.7692992059e-03 -9.6802439976e-02 -8.4520301393e-02 -2.5322528172e-01 2.2126105822e-01 -8.2633701932e-04 -2.7892675262e-02 -1.3254289962e-01 1.6578188074e-01 -2.5792685600e-01 -6.5802537264e-02 6.3563948754e-02 -1.6346283288e-01 2.2905873386e-02 -3.6505097151e-02 -1.0405613727e-01 2.4653308633e-03 -7.3206492329e-02 -2.0170552932e-01 6.3611042483e-02 8.0418601827e-02 -1.6847237600e-01 -1.5847901882e-01 2.5360052990e-01 3.2063141273e-02 1.3711659846e-01 1.5833881711e-01 -4.6981197592e-02
7.3261053335e-02 8.3939428460e-02 -2.6235121665e-01 9.1060713709e-02 -1.6882901704e-01 -5.1589426644e-02 -4.5810203348e-02 -2.1192493523e-01 -9.5565914497e-02 -4.0542443912e-01 2.9549309393e-02 -2.8135442297e-02 -4.0778892037e-02 -1.6063998307e-02 1.5648609187e-01 -1.0639381563e-01 8.7399160789e-02 -4.7031768326e-02 2.5859703347e-03 2.4227306755e-01 -2.1216034622e-01 2.7565190143e-02 -1.3467259834e-01 2.7590796511e-02 2.4816503304e-01 1.3541365678e-01 -1.4835073981e-01 2.0583617229e-01 -1.3497762719e-01 8.0162619894e-02 5.3894331547e-02 1.4536505461e-02 1.3313158946e-01 -3.4577144505e-01 -1.3505849716e-02 -1.8577072526e-01 -1.7576541923e-01 -2.1129755585e-01 1.7056683113e-01 9.7061958452e-02 2.0653138407e-01 -7.3555927361e-02 7.0125007453e-02 -2.6713544823e-03 1.0425911388e-01 1.6632448309e-01 3.0272357022e-01 -5.7492498296e-02 -1.7217773774e-01
-6.7191953252e-02 6.9068204773e-02 1.7323207494e-01 1.8394012112e-02 1.3246477098e-01 -1.2443950195e-01 -2.2991424877e-01 1.2419397624e-01 -1.2615615083e-01 -1.6684898164e-01 2.2284515392e-01 1.3279441558e-01 -1.8579755752e-01 4.0640978785e-02 9.7863213771e-02 -1.3423714588e-01 -1.2842004013e-02 -1.4891515328e-01 -1.3133666817e-02 7.9802427147e-02 1.0102268065e-01 1.7510155293e-01 -2.0811072334e-02 -6.5139891103e-02 5.1674471113e-01 7.7992649401e-02 1.6093369499e-01 1.8878232212e-01 -1.6237002946e-01 4.6818763111e-02 2.0731871453e-02 -5.8813195190e-02 2.0955451723e-02 -1.3909361351e-01 2.4116076408e-01 2.6107842393e-02 1.5794183490e-01 4.0521366535e-02 2.3700077044e-01 1.7738049124e-01 2.3560018256e-01 1.3461200657e-01 7.1728272894e-02 1.8913170006e-01 4.6636786664e-02 -2.0527463608e-01 -8.7031008775e-02 6.2793103092e-02 5.6028529493e-02
-1.1382616942e-01 2.0681910501e-01 -1.0088462214e-01 9.2533597261e-02 9.0897131687e-02 -1.2975691816e-01 1.9841369964e-01 -1.4846917156e-01 2.8094549569e-02 3.2079029435e-02 -1.8521504401e-01 4.9709720977e-01 6.4830820389e-02 3.4369144182e-02 -2.8531095182e-02 -1.1000691993e-01 -7.1350446753e-03 -3.3117784518e-02 -4.4156858044e-02 -1.9831985043e-01 5.1253285994e-02 8.7095434660e-02 -2.7305005384e-01 2.5278757950e-02 -1.0978885494e-01 -3.0291257293e-01 -2.2955730112e-03 8.4321050765e-02 -2.1653974268e-01 1.9226867259e-01 9.0957872630e-02 1.0658406794e-01 2.2152730821e-01 6.6484656737e-02 -2.2519656981e-01 -1.5099720237e-01 -5.2501279184e-02 1.3171532773e-01 -3.9349060503e-02 1.7789214581e-01 1.6202644333e-01 9.7683551601e-02 9.3617068403e-02 1.5238016704e-01 4.2174008305e-02 1.3338770585e-01 -3.3016052284e-02 -3.0770782706e-02 -1.0019931310e-01
-4.4739844251e-04 3.1625107029e-01 -9.2438493085e-02 1.7246743636e-01 -1.0132265208e-01 -5.6999281660e-02 1.5473716365e-01 -8.4409650329e-02 2.8918857538e-01 1.2542053652e-01 1.4913341205e-01 -2.6152940030e-01 9.3377883637e-02 -1.9969603054e-01 -2.3733041676e-01 2.0231465718e-02 -8.8700947700e-02 -1.6727986776e-01 3.8163377906e-02 -1.9123143020e-01 -1.0177918569e-02 2.3177989662e-01 1.7185186397e-01 -6.8907398757e-02 7.4830414466e-02 -2.5607571281e-02 1.1843226109e-01 -1.1405587506e-02 -6.4368961556e-02 1.3968606031e-01 -7.6591159500e-02 3.9373262793e-02 5.3858713275e-02 1.9010883858e-01 -1.2572180957e-02 -4.9226383081e-02 -1.0631761249e-01 5.3006544335e-02 1.7286079555e-01 4.3358206251e-02 1.1576113913e-01 2.0453040023e-02 -1.8283874932e-01 3.4545918878e-01 -1.8035367422e-01 -1.7999579440e-02 8.9831045783e-02 8.5450031173e-02 -7.6407084727e-02
