-2.7973887264e+00
7.3486999280e-01
-1.8915201354e-01
1.8887493903e+00
-2.2631063436e-01
-3.0038414591e-01
-1.5816011890e+00
1.1485952050e+00
6.1007126223e-01
-5.5635963370e-01
1.5708047336e+00
-9.1394160583e-01
1.1800794020e+00
-8.0302911624e-01
2.1767775289e+00
1.0499599840e+00
5.5983570091e-01
-4.9660599123e-01
1.2092611502e+00
-1.0525296326e+00
-7.3622657570e-01
1.0210954870e+00
1.4640532121e+00
-6.9162339399e-01
-2.4060705521e-01
-1.7234930432e+00
1.4029556313e+00
-1.9096406498e-01
8.8455684262e-03
6.9683672781e-02
-5.2550416569e-01
-8.8679750685e-01
1.8876007570e+00
-8.9990571364e-01
-6.6045607383e-01
-1.1608192366e+00
-2.5771739387e-01
1.4867602511e-01
