-4.2555097808e-01
3.9892966976e-01
1.3595290105e+00
-8.3615494030e-01
-7.8312053431e-01
-1.0718829103e+00
-1.1122740469e+00
-6.0263043923e-01
7.2696610993e-01
-1.9838726334e+00
3.8689683636e-01
4.4134358810e-02
2.7878848696e-01
1.9150800361e+00
1.3554222732e+00
5.3510449847e-01
2.6549691812e-01
1.9118528549e+00
-7.4294489134e-01
-7.3500398597e-01
1.3578870981e+00
-9.4855274696e-01
1.0558760247e-01
-4.4200064385e-02
2.8479325960e-01
9.6647206315e-01
-1.5942035638e-02
3.4093540547e-01
-7.5045319006e-02
-8.9432937598e-01
9.4562414638e-01
-1.5642891351e+00
3.1963344225e-01
1.5382738995e-01
-3.0476838083e+00
1.4758819565e+00
-1.2149348320e+00
-2.2965511787e-01
5.9148911979e-01
-5.0142947638e-01
-3.1052507243e-01
-3.5410465615e-01
1.9883396510e-02
-1.5780862231e-01
1.1879425219e+00
-7.0577868396e-01
1.3391146144e+00
1.0798967540e+00
7.6384941787e-01
-5.0661295698e-01
4.6235305407e-01
9.9972679841e-01
-3.7035439764e-01
1.2187824397e+00
1.4988922774e+00
-6.2595505599e-01
-2.2671205687e-01
1.4896751991e+00
-7.0166563763e-01
3.7565894134e-01
-2.0404278297e+00
5.4279291823e-01
-1.3495097248e-01
5.4434149553e-01
1.4553786721e+00
9.1729509426e-02
-1.1313314440e+00
-1.1407510843e-01
1.3336976368e+00
4.2202991306e-01
7.5426621930e-02
6.0411544888e-01
-2.6174798969e+00
5.4981923189e-01
-2.5168156762e-01
-6.8568934126e-01
-4.2106841489e-01
-1.7547305004e+00
6.4749434943e-01
-3.7933764264e-01
-1.4179792569e-01
1.3042721015e+00
-2.4019326024e-01
-4.3510828072e-01
-1.2935075976e+00
-6.4145957400e-03
1.4793357293e+00
1.8574051788e+00
1.6085884802e+00
4.0368739982e-02
6.3358131291e-01
-1.1770671787e+00
-7.9075169564e-02
-6.9929273192e-01
1.0896469729e-01
-6.7114382022e-01
4.4123588953e-01
4.9428314673e-01
-2.4475232802e-01
-5.2066251597e-01
4.5733589035e-01
2.1915793840e+00
4.2734021790e-01
1.0717658719e+00
6.2295828766e-02
8.0503016190e-01
-7.5612855793e-01
9.6768431154e-02
-7.7230531836e-01
-4.4091318221e-01
-2.0442652994e-01
-3.3779353433e-01
2.1608131262e-01
-1.5952766804e-01
-1.4106775238e+00
9.0532253370e-02
1.0021612142e+00
1.5445366667e+00
-8.8611128736e-01
9.3009900140e-01
1.3563364778e+00
2.2234710195e-01
2.7785789378e-01
1.1704606395e-01
1.3840889758e+00
-2.0265866563e-01
-1.6860846083e+00
-2.1081615174e+00
2.2353725043e+00
-1.8010807146e+00
-7.2566903706e-01
1.0591524996e+00
1.6714397069e+00
1.0223453942e+00
-4.3984749944e-02
-1.4980877808e+00
-1.4758730634e+00
-1.2165630006e+00
-5.5704702706e-01
-5.9622484935e-01
-4.8673383973e-01
1.7690010595e+00
3.1122083791e-01
-1.6007366136e-01
-1.2883228276e+00
-9.5035540548e-01
-4.2074691453e-01
-6.9435096166e-01
8.2680961696e-01
1.4419745743e+00
4.5486074644e-01
-6.2579576233e-01
6.2610111839e-01
-1.6071882712e+00
5.1123135076e-01
8.4053863485e-01
1.7772568763e-01
-4.9296925317e-01
1.3464632740e-01
-1.4950214387e+00
1.1877379718e+00
-1.0886175015e-01
