1.2118663623e-01 -6.6124711807e-02 -2.4635567240e-01 -1.7770194193e-01 1.6977634644e-01 -2.3107405962e-02 1.7074581246e-01 7.3826857420e-02 -2.2163539404e-02 3.9679942925e-02 4.7660157532e-02 1.1157032740e-01 -9.0753981736e-03 9.9810654110e-03 4.7995754322e-02 -1.2309567612e-01 1.0881263519e-01 1.2052351886e-01 5.0167920174e-02 9.0241886917e-02 2.0459283839e-02 8.5589256824e-02 2.4361301630e-01 6.5132694505e-02 -7.6540148300e-02 -1.9752804331e-02 -5.2540700361e-03 7.1194347738e-03 -2.6052073948e-02 -4.3233694972e-02 1.1015082574e-02 -1.0287635642e-02 -1.6630561316e-01 1.2829063120e-02 -7.7067137101e-02 -1.1404170558e-01 2.5553250712e-01 2.4144755972e-02 5.7527766650e-02 -9.7793478309e-02 1.2834286845e-01 1.8836137940e-01 2.6006194760e-02 1.5018848520e-01 4.7087698789e-02 -2.0835041597e-01 -1.3273227371e-01 1.8518117305e-01 -9.1964355657e-02 5.9203102007e-02 1.4818935368e-01 -6.7369747605e-02 1.3891620882e-02 2.1475889187e-01 -1.7058091017e-01 9.0007561956e-02 -8.8218305296e-02 -2.6444779463e-01 8.0302449298e-02 -6.0924584976e-02 1.7852484572e-01 1.5290629102e-01 -1.3213959355e-01 -1.5805035000e-01 1.7519175631e-01 2.0995464740e-01 1.2391304529e-02 7.9494497840e-02 -9.0794107786e-02 -2.3685803043e-02 -1.7890321739e-02 -1.2029013471e-01 -1.8539017311e-02
7.7168032523e-02 -2.1548150994e-01 1.8146806612e-01 -5.7314287299e-02 -1.0012093997e-01 -8.5393299693e-02 -8.5098851272e-02 1.5170121218e-03 -1.0043345543e-01 -2.6913997134e-02 -7.1059676886e-02 2.9087211238e-02 -1.7274307292e-01 -7.6184383704e-02 -4.2424358209e-02 7.3533250023e-02 -1.4777913857e-01 -3.2423289593e-01 -1.1991806547e-01 -6.5708339677e-02 -2.3726486264e-01 6.0028206758e-02 -1.1283196921e-01 1.2608533429e-01 2.9441018756e-02 2.8876372505e-01 -5.8163651848e-02 2.0619301486e-02 4.9760958682e-02 1.5054427451e-01 -1.2600641206e-01 -1.4895500489e-01 3.9286921016e-02 -9.8226354859e-03 8.8775209120e-03 -7.6644765800e-02 1.1110065020e-01 -1.5347211050e-01 -2.4600866977e-01 1.0797032717e-01 -5.6928115469e-02 -2.7247328956e-02 -3.7146509287e-02 1.5670467213e-01 -6.7273122291e-02 -5.0367252449e-02 3.7653088071e-03 2.6447132675e-02 3.8902748147e-02 -1.8990541128e-02 -1.7132359447e-01 -2.1074016713e-01 -5.7598936551e-02 -1.3307356793e-01 -4.3888209236e-02 -2.0305380064e-02 -8.3723914309e-03 1.0803219959e-01 -4.8083023363e-02 2.0030458436e-01 -2.4863782587e-01 1.5824390213e-01 -2.3878764510e-01 -2.0271644113e-01 -7.2578891265e-02 -3.9152725261e-02 -8.6988520115e-02 -3.7765104061e-02 -1.8454503355e-01 -8.7359250210e-02 -3.3314222612e-03 3.4010149211e-02 -6.6260467841e-02
-5.2247251031e-02 -2.6775532838e-02 2.2114543486e-02 -6.5426027202e-03 -1.1421899208e-01 -2.2224458729e-02 6.3853151639e-02 6.2914627965e-02 -1.6345212966e-01 1.3531256430e-01 -2.9018659610e-02 5.6513592019e-03 1.2876716903e-01 1.5364732842e-01 -1.2292523186e-02 4.4771003823e-02 1.6060392338e-02 -2.9083486272e-02 1.7195949544e-01 1.2323837907e-01 6.0600799673e-02 1.3784560632e-01 1.0810987306e-01 1.4566156118e-01 3.1475928516e-02 1.1642230305e-01 8.5189839021e-02 -6.6036142781e-02 8.7644160583e-02 -1.0130705862e-01 -1.1963646348e-02 -7.0703801433e-02 -1.6317381666e-01 -1.8726493391e-01 1.3434352015e-01 -1.4994779491e-01 -2.7080490236e-02 1.1882387562e-02 -1.6354235858e-01 8.8268970356e-02 -7.2962226512e-02 5.3382980148e-02 -1.0412253824e-01 6.1061823357e-02 -1.2107825164e-01 2.2222087594e-02 4.4012214088e-02 3.4726568826e-02 1.4939888344e-01 8.6558714292e-02 9.4474392201e-02 -9.2569068903e-03 -4.3578758789e-03 6.4335757295e-02 -6.4137713845e-03 1.1188546334e-01 3.0191851306e-02 1.8291820056e-01 -6.8655233224e-02 1.0878119873e-01 1.4485463061e-01 1.9498255964e-01 -4.7652499910e-02 -6.9016126973e-02 2.3398647757e-01 -1.3207091447e-01 3.9243888327e-02 1.4943022591e-02 -6.5449799239e-02 8.4140644139e-02 -8.4291892889e-03 8.8923827107e-02 -1.1926485913e-01
2.7274065566e-02 -1.1404136840e-01 -6.2186289742e-03 -6.4859805612e-02 -7.8624125574e-02 -2.3648441460e-01 -1.1005887299e-01 -4.8626854612e-02 1.2000471358e-01 -2.5345739746e-02 -1.5636145236e-01 7.4545253468e-02 -1.0888429405e-01 4.3753502313e-02 1.1963955347e-01 3.0009209883e-03 -1.6588691200e-01 -8.2962455626e-02 8.8398315129e-02 -4.6450812986e-03 -1.8153736301e-01 1.2960413015e-01 -3.8316175060e-02 1.2838478000e-01 1.7830418475e-01 -5.7913226907e-02 7.2714878497e-02 -1.5763131307e-01 -1.5064413439e-01 -9.0715958560e-02 -2.5301417440e-02 5.3674110760e-02 1.1895144022e-01 1.4295597083e-01 6.2449012256e-02 -8.3289624374e-02 -1.2557168852e-01 -1.1055288482e-01 -9.8237125965e-02 6.7847501362e-02 -4.8431866613e-02 1.0496377205e-01 3.6899053331e-02 4.4251703131e-02 1.0040172394e-01 -1.6158289368e-01 9.9816797006e-02 -1.4345440725e-01 9.4127010377e-02 4.3299825280e-02 -1.1333679817e-01 1.1527968664e-01 -9.5882994314e-02 -7.9865346152e-03 1.1658044139e-01 -1.1461032396e-01 2.6043767194e-03 -1.4371633327e-01 -4.5736119375e-02 9.8305005922e-03 -1.4621913096e-01 1.2586721713e-01 7.6026692513e-02 1.2738598750e-01 -1.9199084986e-01 -2.0064425589e-02 -1.8516778212e-01 1.0306046062e-01 3.5373520475e-02 -5.5321615463e-02 -1.4402377796e-01 -8.7737604978e-02 7.9637938916e-02
-2.3702060262e-01 1.5804527687e-01 2.4554728158e-01 -9.1806356535e-02 1.2540802436e-01 -7.7021875063e-02 8.1936414975e-02 -2.2484488506e-01 -1.1215067826e-01 1.6366393124e-01 -6.5630723306e-02 1.3562835682e-01 1.1196004394e-01 7.6532835728e-05 1.4917750749e-01 -1.1442185206e-01 -7.2077703086e-02 -1.7431770458e-01 -9.2572983518e-02 -7.3836379687e-02 1.9709936439e-01 2.3017793935e-01 1.3053532580e-02 -1.4217368139e-01 -9.2379788039e-02 -7.4074544416e-02 9.4836687886e-02 -5.4923128151e-04 6.9596028238e-02 -1.5790312395e-01 -6.0764915752e-02 -9.5360594490e-02 -2.2694981526e-01 -6.6265334165e-02 -1.1951574568e-01 2.1080920804e-01 -7.2041806445e-02 -9.8400230878e-02 6.4443011478e-02 -8.4426549347e-04 -1.7776966760e-01 -2.8295257628e-02 -6.3296777800e-02 1.1212141305e-02 -4.1803886283e-02 1.7993527313e-01 9.8680407912e-02 1.1055429820e-01 2.1020859775e-01 1.8306430770e-01 -9.3940635132e-03 -3.6450591882e-02 2.2532101199e-01 1.9469887037e-01 -1.7771132508e-01 -3.9839043173e-02 2.1244703929e-01 1.0926536304e-01 3.2472174256e-03 1.7516243061e-01 1.7938552387e-02 7.3879099646e-02 -1.6879620511e-01 -9.8997090931e-02 -4.4249004567e-02 2.1513099244e-01 -7.3116691227e-02 2.0925192877e-01 -3.6257466119e-02 9.0029739399e-03 -9.4086649418e-02 1.5276192980e-01 -2.2209313975e-01
4.6679059773e-02 1.3494632974e-01 -7.8296107658e-02 -6.4266410508e-02 1.3481951422e-01 -1.6475975786e-01 -1.1178458163e-01 -1.3799147452e-01 1.4456945365e-01 -4.6600374907e-02 2.4831112967e-01 -3.1100086342e-01 -9.5613538440e-02 8.6312343378e-02 3.0041350160e-01 -3.3028958933e-02 1.2960635984e-01 -2.9346959689e-02 -1.4436681476e-02 -1.3719191878e-01 4.9401596162e-01 -5.2634558547e-02 -4.4375527293e-02 3.6612659151e-02 3.7784746156e-02 5.4514614741e-02 2.2584722214e-02 8.8814848468e-02 1.4563555611e-01 1.2924623078e-01 -1.3925900978e-02 -1.2374315039e-01 -6.9566880162e-02 1.3046276118e-01 -3.1410401845e-01 -1.6529033741e-01 1.7912034052e-02 1.9603375398e-01 1.4186585932e-01 -3.5604465840e-02 8.2289439553e-02 -2.9900624043e-01 -7.4162399087e-02 6.6334656907e-04 -9.5672370107e-02 4.2161717353e-02 -8.1499179368e-03 -8.3252380127e-02 -2.6966050988e-02 3.8687246086e-03 1.5285612197e-01 1.9359841851e-01 1.1978758982e-01 2.4945711961e-01 -1.9154835985e-02 -3.2624366321e-02 -7.4112197398e-02 1.4868258518e-01 -3.6179738242e-01 7.3486154384e-02 1.2389241884e-01 -2.3454234403e-01 1.3519640898e-01 2.2111641968e-01 2.0896393206e-01 -2.6074050396e-01 1.8210443639e-01 1.9612364597e-01 -4.3030445497e-02 1.7391344327e-01 -3.0068126304e-02 -1.9476761546e-02 4.9830984674e-02
-8.4284807161e-02 -6.5920429081e-02 1.3615950578e-01 5.2787557325e-02 -1.4257659332e-01 -2.0010509978e-01 2.3192592814e-01 7.6192029636e-02 -1.4965133559e-01 5.6402234587e-03 -1.2696212300e-02 1.9442630505e-01 6.5905082351e-04 4.3503115837e-02 5.4224552963e-02 8.0768520454e-02 -7.0249320344e-02 -1.0743461689e-02 -1.5993711176e-02 1.5799815345e-01 1.3227525959e-01 9.2936713516e-02 -3.7800640491e-02 -2.0370778530e-01 -1.7881465838e-02 -6.7423817176e-02 1.8504842142e-01 5.9874167135e-02 -1.0681722774e-01 -4.6742810384e-02 -7.7629031933e-02 1.7238507443e-01 1.1722393806e-01 -3.4183617291e-03 4.4866062629e-02 3.6959549033e-02 5.8124938948e-02 -1.3178843272e-02 1.3006207202e-01 2.6375228638e-02 -6.4283419502e-03 6.8737469694e-02 2.9159513034e-02 2.1379853950e-01 1.8143161611e-01 5.9608587940e-02 -1.0525230981e-02 -1.6187150679e-01 -7.1953706429e-03 2.4342264417e-01 -2.1244303840e-01 -3.7227186890e-02 1.6071737867e-01 2.2983465094e-01 3.5665171786e-02 7.3359432166e-02 9.6330561059e-02 -2.2243112627e-02 -3.2672308919e-02 3.4416682374e-01 7.3539001380e-02 1.2130173008e-01 -2.6992591574e-02 -1.5822166138e-01 1.3229835667e-01 7.7725397826e-02 1.1700772555e-01 6.8469679285e-02 -3.7118370861e-03 1.0556569311e-01 -7.2622787712e-02 4.0596221850e-02 -5.9828236189e-02
-1.6550387948e-03 -1.2251311265e-01 -3.7690361540e-02 2.1922849459e-01 7.1607830015e-02 1.1686197736e-01 1.9749048203e-01 1.3056196168e-01 1.1074821381e-01 -3.2165714515e-01 4.1901326698e-01 -1.9280567772e-01 1.7884359656e-01 9.4168889811e-02 -3.1612849995e-01 5.8038344460e-02 2.5176659453e-01 -2.0368475650e-01 -1.7796626480e-01 1.0885353201e-01 1.7572335258e-03 1.6746284267e-01 7.1048967624e-02 -7.1601168462e-02 -5.8584298423e-02 -4.5154566744e-02 2.0655529279e-01 1.9347795187e-01 -5.8620013938e-02 -1.7562399708e-01 9.0973160121e-02 3.2030814184e-01 1.7064004092e-01 1.3311881501e-01 1.3404382263e-01 -4.2012568971e-02 -8.2065800192e-02 -3.6340226811e-02 4.7792783447e-01 1.6141464960e-01 1.9765509686e-01 -2.3272815128e-02 7.6222294800e-02 -3.4376099547e-01 1.2677450006e-01 1.9533888078e-01 -1.1849699413e-01 -1.4887511750e-01 1.8292824711e-01 -1.6151447761e-01 3.5825255067e-02 1.6910146237e-01 -5.2401682549e-02 -1.5214809680e-01 2.5058340377e-01 4.7985767775e-02 -1.9153802398e-01 -1.4328870409e-01 -8.2013225681e-02 -1.0564230998e-01 2.0228366868e-01 -2.4824856690e-01 1.6549386051e-01 -7.7470007055e-03 -1.1406037853e-01 -1.8944802520e-01 -7.1476869572e-02 -1.9812274682e-01 3.1330789217e-01 -1.3147249729e-02 -2.9436869807e-01 -1.1264614934e-01 1.6785748559e-01
-6.6323201197e-02 -6.7933863999e-02 1.4133071360e-01 4.3767453110e-02 1.4047427227e-01 -1.5685697902e-02 1.1920068655e-01 2.2807590273e-02 -1.7288649452e-02 -4.7927389437e-02 -4.8642744393e-02 1.1253305362e-01 -5.6800066776e-02 -4.9946681701e-02 7.0385590069e-03 1.0299615627e-01 4.3783589105e-02 -2.8357073844e-01 -6.1630781328e-02 3.1030638921e-02 -1.7684117123e-01 3.6795872378e-01 5.3423462971e-02 -8.7357474509e-02 -1.0351685721e-01 1.4991604961e-01 7.3585903674e-02 -5.3980691322e-02 3.3095998122e-02 -1.2711457632e-01 6.9090502599e-02 2.9134212801e-02 -1.1121801084e-01 -2.4988836181e-02 1.1890657330e-01 7.6175919943e-02 1.2826301525e-01 -1.5978533040e-01 -2.2969724042e-01 1.0061535053e-01 -4.5063779388e-02 1.2415860977e-01 -1.1464036494e-01 -7.6333409584e-02 4.2861964715e-02 -2.4165788023e-02 6.9274332541e-02 6.1240733601e-02 7.8534287043e-02 5.7435229907e-02 -4.3195676624e-02 1.0196546175e-01 3.2053178509e-02 -1.2021175430e-01 -1.5070307688e-02 -2.7450099433e-01 2.2200462683e-01 -1.4644286842e-02 1.4662382924e-01 2.6542845009e-01 -2.3001461972e-02 -6.2565326108e-02 2.4352937998e-02 3.1652796355e-02 -1.1443109781e-01 9.5337964220e-02 -1.6874755507e-02 4.9368269548e-02 -5.9666024247e-02 2.5534977336e-02 1.0534898861e-01 7.7450184439e-02 -2.2012855643e-01
3.3694150665e-02 -1.4174905305e-01 6.6060767572e-02 -8.6115560375e-02 5.3687426011e-02 -1.2803130801e-01 -5.8032229733e-02 2.0137320500e-01 7.8151112044e-02 1.8027006067e-01 7.3321782922e-03 3.8071925949e-03 7.0241932246e-02 -7.7291667890e-02 -1.7996450670e-02 1.6210652540e-02 -2.3449526852e-02 -4.2002649232e-02 1.2750945260e-01 6.1680963956e-02 8.7984675774e-02 1.5377674512e-01 -9.0341836151e-02 -3.7386193163e-02 1.6540178895e-01 -1.4771341502e-01 -1.5145026257e-02 1.8962876566e-01 1.8822419561e-01 9.1344678059e-03 2.4687137946e-01 1.5493377892e-01 9.8553146085e-02 -2.9889169336e-02 7.9271599991e-02 -1.3578679134e-01 1.9914325641e-01 -4.2843804129e-02 1.5054159744e-01 3.4013200654e-02 1.1337514471e-01 -9.9758242061e-02 4.2825964779e-02 1.8742490532e-01 7.0439331062e-03 -5.4117128034e-02 4.6989029232e-02 2.7000454392e-03 4.4628852380e-02 2.6058804693e-01 7.1447571730e-02 1.1031651689e-01 -1.7205074309e-01 2.0212064277e-01 4.0379008146e-02 3.3296337151e-03 4.1464699304e-02 7.9021848531e-02 -1.6873873621e-01 1.8194992909e-01 -2.1287698554e-02 1.3778000516e-01 1.4989642848e-01 -2.7869152342e-02 -1.1715463355e-01 -1.2062243113e-01 -1.1747810174e-02 1.4022428212e-01 1.4854847130e-01 1.0058125007e-01 1.3793812288e-01 5.5870659981e-02 2.0844447490e-01
3.0789665067e-02 3.8063243823e-02 2.0930341113e-02 6.6145279382e-02 2.3509854875e-01 -2.7401600374e-02 2.5182507526e-01 4.6865538308e-02 -3.6678374976e-02 1.7777709726e-01 -6.1928514639e-02 3.5925228853e-01 -3.8387813125e-01 2.9844162406e-02 7.0220402669e-01 -9.8539486084e-02 1.0583017633e-02 3.0941482915e-01 -3.6003618904e-01 4.9502207981e-01 -3.4044615449e-01 2.2840949212e-01 -1.0885127580e-01 -1.6847542122e-01 -1.3316400724e-01 -7.4363979239e-02 -2.6782897435e-02 -3.4934863576e-01 5.9514396092e-02 1.1094910282e-01 -9.0076084059e-02 1.4196167671e-01 -1.4994725290e-01 -9.7980868796e-02 1.0139978163e-01 4.2984744758e-01 3.0588450276e-01 -2.8355052085e-02 -4.5505055907e-02 7.3351853378e-02 1.1610188188e-01 3.3558492098e-01 -9.9975815207e-02 1.0197253803e-01 -1.0255928075e-01 -4.2787643022e-02 -1.3189130895e-01 -2.2557946793e-01 -4.0739661877e-01 -6.8064770492e-02 3.2910360590e-01 -2.5432842485e-02 -3.0115151822e-01 -5.3232080103e-02 -7.5362620453e-02 -1.4880134532e-01 1.7080532577e-01 -1.9472260366e-01 4.1742066330e-01 -3.5523947715e-02 1.0123835908e-01 -3.8612926635e-02 -1.6476435381e-01 9.7315566899e-02 2.3160821117e-01 3.5258858940e-01 7.0157908416e-02 -2.4000170103e-02 3.1164455881e-02 -9.1216440971e-02 -2.0662393640e-01 -1.3887887407e-01 -7.6674051163e-02
2.2561554284e-02 1.7026501433e-02 -8.7322749564e-02 6.2658151602e-03 2.6858398309e-01 8.5181595672e-02 1.1016008161e-01 -2.6181996965e-01 -1.4413676592e-01 4.3969763873e-02 -5.1981094979e-02 2.0168675133e-01 -8.8920286065e-02 -1.1810216179e-01 -1.0209352413e-01 4.0872558582e-02 -1.3537848230e-01 -6.6846009795e-02 -2.6317152759e-01 1.2147149136e-01 7.1731844729e-02 6.3581742980e-02 1.9371325382e-01 -2.6414660439e-01 -1.6402022306e-02 2.8324907372e-01 -9.3313146514e-02 1.1997733132e-02 -1.9715424536e-01 -9.0958639747e-02 -1.2145719314e-01 -5.9410514412e-02 -2.0417481557e-01 -1.6514626227e-01 -2.4227391394e-02 1.8637919272e-01 -9.9503781803e-02 -3.8614473536e-02 -4.3121096767e-03 2.1667759294e-01 -6.3725285439e-02 2.7036753243e-01 -1.5052390291e-02 -4.6797829614e-01 -2.9695715772e-01 2.0011269488e-01 3.5666722951e-02 -4.0182349202e-02 1.4351952404e-01 -7.2048757718e-02 -6.8796884067e-02 7.3921180115e-02 4.4359824870e-02 -1.8806506503e-01 7.9212855601e-04 4.4412881497e-02 5.2263959730e-03 3.3975365139e-02 3.8564582743e-01 1.7478463232e-01 -1.0514802265e-01 1.0769292150e-01 1.0086959775e-01 -1.3374397363e-01 -9.8734945930e-02 7.6713501433e-02 -1.4404299567e-01 4.3346318283e-02 -5.1299886534e-02 4.5998908530e-02 1.0177932054e-01 1.6067515796e-01 -5.5446080343e-02
2.3445124039e-02 2.3187218305e-01 3.1003983591e-02 -1.5785838194e-02 -2.3946460784e-02 2.5765934168e-02 -8.7025190906e-02 -1.0209936444e-01 3.8130966110e-02 1.2945678415e-01 1.0276988677e-01 8.8796026456e-02 1.0783248845e-01 8.6806140417e-03 -3.7137602662e-02 -1.0235468567e-01 3.5277251217e-02 -3.3759998923e-02 1.5402892677e-01 -1.0527700001e-02 1.3062190496e-01 -1.2203721065e-01 3.8861072799e-02 7.8774123615e-04 -5.8188895282e-02 1.0180414866e-01 -7.5495421213e-02 -9.3086938575e-02 6.2612306665e-02 2.8889592058e-02 -1.2254622475e-01 -5.5722462285e-02 1.1301054908e-01 -2.7026015587e-02 1.2809453627e-01 -6.8639920862e-02 3.8222290365e-02 2.7098021861e-01 -1.4671440847e-01 2.6685376620e-02 1.3297881003e-01 -3.8039189559e-02 3.9697293318e-02 1.1636730777e-01 7.6643065932e-02 4.1645351677e-02 1.6440996842e-01 3.8292243756e-02 -5.2696658208e-02 -4.9248734362e-02 1.1480266017e-01 6.8506546498e-02 5.0993162308e-02 1.3144160060e-01 3.5698746274e-02 1.0290204259e-01 1.0413096424e-01 3.9291124891e-02 -1.2270301290e-01 -7.4072021640e-02 -4.4192915296e-03 1.8483082220e-01 1.7415334529e-01 -5.1093347899e-03 4.6373558523e-02 1.2629654368e-01 1.0124566389e-01 2.9083231449e-02 -1.2580986278e-01 5.2349304476e-02 -1.7515962585e-02 -1.1401081312e-01 -9.7399253978e-02
9.6418613256e-03 7.2949142880e-02 1.4378490267e-01 1.2394957714e-01 -8.8765706231e-02 1.6420279546e-01 9.6117989569e-02 1.8301185827e-02 6.0777444558e-02 9.4492948945e-02 -1.1257848709e-01 1.6378486379e-01 5.8389136248e-02 1.0247804468e-01 -1.6543149485e-02 2.0012842104e-01 -1.2598815974e-03 -8.4762451256e-02 1.7247712295e-01 9.9288065487e-02 2.7117562589e-02 9.4384298975e-02 1.4071105118e-01 5.8805480257e-02 -5.2061049043e-02 1.7765069090e-02 2.2702356356e-01 -5.4989521522e-02 -1.1000339553e-01 -1.2067470519e-01 -6.4780638960e-02 -2.9021144665e-02 -9.5211083200e-02 -7.4200472181e-02 7.9125605446e-03 6.5305434771e-02 7.4031741611e-02 9.4465013885e-02 1.3522885199e-02 6.0558853818e-02 3.8844772094e-02 2.9956460363e-02 6.3508890414e-02 1.2287390915e-01 1.2245848022e-01 2.1837613245e-01 7.4240201169e-02 4.9052757468e-02 -1.4685731158e-01 -7.1724637779e-02 -2.5191545135e-02 -2.6015163112e-01 -5.7256683184e-03 2.0451216102e-02 -6.8978417872e-04 -3.8626607711e-02 2.2246995680e-01 1.5092356920e-01 1.0987687518e-01 -1.0126523842e-02 -3.6400952738e-02 2.4415756334e-01 -1.5318251997e-01 -8.0074390797e-02 1.3821928770e-01 1.1534621089e-03 1.1036286715e-02 1.8098007610e-02 -2.2475525329e-02 1.0596580895e-01 8.6512349773e-02 1.4529370047e-01 7.4493121711e-03
1.0794755673e-01 -4.1021090598e-02 -3.7472409116e-01 3.6987039524e-02 -2.2969165297e-01 1.4146597249e-01 -1.5863024466e-01 7.3910862407e-02 1.0877363618e-01 -6.7237878319e-02 1.8069897805e-01 -1.1474221554e-01 1.3383514720e-02 2.3520916345e-01 -2.0782320286e-01 -1.7144620729e-01 -2.4688576562e-02 -1.0201252613e-01 1.1895709692e-01 -1.3941671900e-01 -2.9079809823e-01 -5.3956588171e-02 2.3799942037e-01 -3.8075787457e-02 5.1726000728e-02 -2.7487063994e-01 4.9902957518e-02 1.9434183121e-01 -2.0680589508e-02 -7.8081182298e-02 6.4176218806e-02 1.2290645980e-01 1.5830629797e-01 2.3554782901e-01 -3.5377813436e-02 -1.7222357128e-01 -6.9129214351e-02 5.1935159029e-02 2.9835632257e-01 -2.2654766870e-01 1.9379701613e-01 -7.6299153537e-02 1.4172157882e-01 -1.0016684749e-01 2.8616611443e-01 -1.2792849855e-01 -4.0935925657e-02 8.4591662522e-02 4.5342320403e-02 2.6920579413e-02 -2.6242411176e-01 1.9114404472e-01 -8.3508417503e-02 1.3428649014e-01 9.3635689299e-02 2.5679963501e-01 -6.1238090070e-02 -1.1466173396e-01 -3.0733432708e-01 -2.0653495497e-01 2.0063770489e-01 -1.1927567974e-01 7.3900641701e-02 6.6786558615e-02 -3.0581013479e-01 1.5329754584e-01 -1.5965945181e-01 1.2814105198e-02 5.1917401099e-02 -1.0380128769e-01 -4.7838774140e-02 -1.8188330127e-01 2.4885056974e-01
-2.3533606235e-01 -7.5822885624e-03 2.1500603277e-02 -9.3271305491e-02 1.5641076616e-01 5.3467743815e-02 1.0500797130e-01 -1.8448169916e-01 -2.2754866066e-01 1.2404450419e-01 3.7243952968e-02 1.2772644451e-01 -1.0088906183e-01 7.6793788461e-02 1.4532532131e-01 2.2043847731e-02 -1.3160162373e-01 6.1747125111e-02 -9.3394283933e-03 -3.1429171158e-02 -8.5673152558e-02 3.5211443759e-02 2.8285017265e-03 -3.1276771193e-02 -7.2299302368e-02 8.6431039403e-02 7.7573260988e-02 -2.1639771508e-02 2.4479072979e-01 -4.1844392613e-02 -8.1913750291e-02 -2.0280171359e-01 -2.3058694064e-01 -2.3217022105e-01 2.2119481699e-01 4.0699549831e-02 5.6795082154e-02 9.8291399758e-02 -2.4681070254e-01 2.0278006802e-01 -1.7634682805e-01 1.1916294951e-01 -2.3699442578e-01 5.1379738873e-02 -1.9136052211e-01 -1.8441419411e-02 2.1229858821e-01 1.0160713944e-01 1.7264642822e-01 -2.4332057408e-02 8.9500606477e-02 -3.4238361633e-01 2.8506783666e-01 7.9878782101e-02 -2.2589087112e-01 -8.6798097765e-02 1.6682136864e-01 7.7938661668e-02 2.7407059798e-02 1.1560934962e-01 -1.6838784328e-01 8.0142384161e-02 -2.2490211042e-01 -8.2247081181e-02 1.9710151182e-01 9.0650853969e-02 6.3105120962e-03 -1.1311244873e-02 -1.9840244466e-01 2.2589073162e-01 1.0187873085e-01 1.6528317826e-01 -2.3558248791e-01
1.6969841744e-01 1.2280340164e-01 2.1719214991e-01 -1.7136858366e-01 1.5410873712e-01 -1.1698954491e-01 9.7936578948e-03 -2.0602200085e-01 -9.2817586546e-02 7.4823895809e-03 -2.2016775085e-01 1.8149814337e-02 -1.6308209371e-01 2.3355699057e-02 -9.4933466357e-03 1.6830772504e-01 -9.2617765855e-02 1.0343895768e-01 6.5545679595e-02 -2.0920304381e-01 2.5200390605e-02 -1.0706943341e-01 -3.1348570377e-02 5.2725259931e-02 2.9818071842e-02 2.9805933865e-02 -1.3786060193e-02 1.0765906847e-01 4.9420089767e-02 -3.4917349771e-02 -1.2676524122e-01 1.5502504575e-02 -2.1646024735e-01 -3.5927095292e-02 -1.2312802006e-01 -3.0944001047e-02 3.2683630967e-03 1.2718650023e-01 -1.7405678064e-01 2.0451562577e-01 -1.6719192936e-01 -2.3635750964e-01 -1.7349536881e-01 2.7248503751e-01 -1.6211429080e-02 -1.6695710623e-02 -2.4284855407e-02 2.6861741660e-01 -2.7100183801e-02 6.1579108699e-02 -4.1560157310e-02 -1.2815865051e-01 1.1831302435e-01 1.8804307085e-01 -1.6607379936e-01 1.1790799800e-01 -2.2801500386e-02 1.0645606271e-01 1.1071954976e-01 1.9737288409e-02 -1.0299105049e-01 3.4147950552e-01 -1.2512719791e-01 -2.4986704080e-01 1.8987265474e-01 -3.3159904848e-02 4.9016348864e-02 -2.4185010586e-03 -8.7849480037e-02 1.2500531264e-01 -5.7414336090e-02 1.4012365135e-01 -5.7420865840e-02
-6.6743248992e-02 -4.7178477562e-03 4.7340010451e-02 -1.2470976951e-01 1.6472928759e-01 -1.6007023315e-01 -9.6917140389e-02 -3.7834194088e-02 1.2224574706e-01 1.1038823203e-01 -2.9190355819e-01 2.5941493972e-01 1.0072310907e-01 1.5520093683e-02 4.1647865929e-01 1.5751577852e-01 7.1317420287e-02 1.8380087661e-01 1.1243239741e-01 1.9937806368e-02 2.0931092814e-01 1.3717573836e-01 -2.1472842968e-02 5.3914834516e-02 9.8980121656e-02 -1.2372304291e-01 -2.8999294619e-01 -1.6971288842e-01 -1.2368062738e-01 2.5203628425e-01 9.0542753658e-02 -8.1177693922e-02 -1.4525562552e-01 -3.5163286391e-02 1.6795650971e-03 -3.0071534345e-02 -6.9129187700e-02 -2.6079884857e-02 -3.0260012810e-01 -4.4068890608e-01 9.8921880409e-02 8.4018465723e-02 7.5833438327e-02 2.7038785703e-02 5.2708237787e-02 1.3216741879e-01 -1.5714786864e-01 -2.3667447754e-01 6.3916617918e-03 1.4070194060e-01 1.9509699292e-01 -6.5365284074e-02 -1.1572998466e-01 1.1038062682e-01 -1.6389751205e-01 -1.8956384484e-01 1.1931753978e-01 6.9839952496e-02 -2.1461566519e-03 -3.9549588292e-03 -1.8924803693e-01 6.0981897498e-03 9.1957622843e-03 2.0306275447e-01 2.6398291610e-01 5.2031059387e-02 1.4915400101e-01 1.9373357951e-01 -3.7627738810e-02 -1.7059373891e-02 -5.1822441596e-03 1.7544152313e-01 -3.6735350646e-02
-1.3571466905e-01 1.1308510277e-01 4.4343641590e-03 3.2745350196e-02 1.7211599664e-01 -4.6333852269e-02 4.6555620775e-02 -6.0953030837e-02 -1.4203723024e-02 -1.0280143983e-01 -6.6830012108e-02 -1.3883554614e-02 -2.8814904738e-01 -6.1224238520e-02 1.0520293442e-01 -2.5630278311e-02 -2.6739213128e-01 -7.2197937913e-02 -4.3706812024e-02 5.2466862863e-02 -1.8069322149e-01 -1.3143672531e-01 -1.4454242847e-01 1.3217654621e-01 -1.1811569752e-01 4.2287444427e-02 -4.8262299395e-02 -1.4627120271e-01 2.5845135356e-02 -4.7293615254e-02 -6.5997771323e-02 2.9601311964e-02 -5.1975147741e-02 -1.1899216157e-01 -2.2495554206e-02 -8.0978624102e-03 -7.1314302745e-02 -4.5716685762e-02 -6.3957929733e-02 -2.6648136574e-02 6.7213342267e-03 2.6376325091e-02 -6.5516697799e-02 -3.3067770918e-02 -3.1170036124e-02 5.8033513628e-02 1.2562047403e-02 -2.6155040772e-02 -1.6958310779e-01 -1.1280243314e-01 -9.8282267240e-02 1.4503327286e-02 -5.6043845380e-02 -1.3406469199e-01 -1.6202982162e-01 -4.7785537165e-02 2.8993934725e-02 -2.3636033635e-02 -7.7438003379e-02 -1.5494145804e-01 -2.3530174701e-02 -1.3709746835e-01 -1.1239754236e-01 -4.5204207372e-02 -1.0693088844e-01 2.0164028127e-01 -9.9471157378e-02 -5.9555882736e-02 -3.2937362459e-02 5.5153764689e-02 9.2215361510e-02 -1.1506985736e-01 -9.4981947866e-02
-3.5586998591e-02 1.8175018655e-02 9.3274565664e-02 -4.0309032849e-02 7.6793601478e-02 -3.0441881423e-02 4.4515726994e-03 8.5091309955e-03 -1.2938386427e-01 4.1708363257e-02 -4.6262108296e-02 1.0092284415e-01 2.5074192231e-01 -2.3125325478e-02 1.1241597772e-01 -9.5851347511e-02 8.9301885240e-02 -4.3791453193e-02 7.1572228826e-02 -2.4880532498e-01 1.6031687810e-01 1.1644686654e-02 1.1489373937e-01 -1.9197807778e-02 5.5863596351e-02 1.3257153040e-01 -2.5012062068e-01 -5.4089680032e-02 4.0582134947e-02 -3.5984181538e-02 -3.5388730937e-02 9.9683030074e-02 -3.4353951792e-02 1.0956951237e-02 -1.0827625235e-01 9.7660270859e-02 2.2784303165e-02 1.2075313784e-01 -4.6235373312e-02 1.2090199155e-01 -4.8566426535e-02 1.1925299160e-01 -1.9875263413e-01 4.9919672751e-02 3.2835160359e-02 1.1601251622e-01 1.0064218770e-01 1.1479660357e-02 2.6881626725e-02 -4.0984785117e-02 -1.5232182344e-02 3.3960813563e-02 1.5484382750e-01 2.2352525168e-01 3.0712577377e-02 1.4644615917e-01 -3.1134792420e-02 4.9537354173e-02 4.3294092995e-02 -7.8464288664e-02 3.5966541427e-02 3.1058098180e-02 4.6417000593e-02 4.2571071176e-02 2.1032391485e-01 -4.9793913610e-02 -2.7083777310e-02 -3.1690973019e-02 -1.0564729979e-02 1.2314135477e-01 5.6574974284e-02 8.6200676741e-02 4.4178269786e-02
1.2973170916e-01 2.7405640544e-02 5.3037208409e-02 1.0260785196e-01 -1.6575634922e-01 1.6495255513e-01 -6.5498008623e-02 3.7697951047e-02 -7.6485172560e-03 -1.2633276762e-01 -9.0502322991e-02 -8.5889837817e-02 9.2917234022e-03 3.5702264960e-02 -7.8824244207e-02 -8.7667021958e-02 2.5485735206e-01 6.4904692402e-02 1.8495212440e-02 -2.0338929911e-01 2.7610512750e-01 -1.5011695376e-01 3.9763054681e-03 -7.0111088916e-02 6.7196802145e-02 -6.2097623868e-02 1.1144064693e-01 -6.3002255657e-02 4.4316377499e-02 -1.2045001952e-01 1.0511567090e-01 -9.6058369495e-03 1.3251346431e-01 -7.1725645850e-02 7.0864358055e-02 -2.8772369252e-02 7.6994762828e-02 -2.0283405291e-02 4.1251736877e-02 -7.2702853570e-02 6.8865891832e-02 4.9957143005e-02 -4.7609207452e-02 -9.8334322207e-02 1.3101465846e-01 5.5144296132e-02 -4.2409986559e-03 8.2494387042e-02 -7.0893057657e-02 8.1996223535e-02 -9.8075457810e-02 -1.1385145473e-02 -2.8431533900e-03 1.2982320857e-01 1.0339281271e-01 1.3540629387e-01 -5.9937628209e-02 1.1788219974e-02 4.9148290897e-02 2.6638759563e-01 4.4571321268e-02 -2.0661215633e-03 1.9661139952e-01 -1.7598988170e-01 6.7591802943e-02 -5.2216969422e-02 -6.2256075920e-02 -9.8619025585e-02 3.0415269428e-02 5.1361074546e-02 1.1987734403e-01 7.5294624070e-02 -4.0686554000e-02
1.9986567712e-02 5.3135779429e-03 -3.0371622419e-01 2.7839875557e-01 -9.4243436056e-03 9.7247954424e-02 7.5751591148e-02 -3.0225638827e-02 -4.8266654492e-02 -1.0485352632e-01 2.1573407353e-01 1.8195506781e-02 9.8116557690e-02 4.7579995474e-02 -1.7808814183e-01 -1.1826952228e-01 1.3461531105e-01 1.3675411440e-01 -2.9616400087e-01 7.3704419982e-02 2.0013165414e-01 -4.7993055227e-02 -1.0118388243e-01 -1.2738487891e-02 4.2400466592e-02 -1.3743505817e-01 2.7038830504e-01 1.8915512189e-01 -1.8510356845e-02 1.0484613284e-01 5.8566377688e-02 8.1313149232e-02 2.4327942447e-03 1.3370454293e-02 1.5547097328e-01 2.2897439532e-01 -1.7597680614e-01 -4.4146487575e-02 3.1598481003e-01 2.1488696380e-01 1.9024249498e-01 5.3139328585e-02 -4.7820699131e-03 -5.3603581164e-01 2.3121302951e-01 2.3908670997e-01 -4.8228071044e-02 3.4994907575e-02 -7.4211197676e-02 -8.4985158456e-02 2.7692616019e-02 3.6369620482e-01 1.8960583255e-01 -2.9885108150e-01 2.8969751144e-01 2.5351897414e-01 -1.1219404779e-01 -8.9096930141e-02 8.8472134860e-02 3.8129529544e-02 1.4519202889e-01 -2.7369022846e-01 2.0175922728e-01 1.1718593135e-01 -2.9546375227e-01 -1.4260439752e-01 -1.1318664914e-02 -1.1368497020e-01 1.6213518402e-01 -2.2467308795e-01 -5.1288204362e-03 1.3269954426e-02 -9.5515243013e-02
-2.6266648645e-01 -4.4103647097e-02 2.0980117089e-01 1.1688650966e-01 -1.1407432694e-01 8.3625985278e-02 1.7865223709e-01 -1.1735573919e-02 4.7213969554e-02 1.1286901149e-01 -5.0048393448e-03 -1.5310908230e-01 2.2261255427e-01 -1.4914286131e-01 -3.3232292575e-01 7.3555760827e-02 -5.8293606418e-02 -1.7293728997e-01 2.5446210304e-01 -5.6480155084e-02 2.1492487231e-01 3.4451267146e-01 2.0016177155e-01 -9.0398217566e-02 1.0397761505e-01 -2.8165306771e-01 1.3095841995e-01 2.4605025434e-01 7.3316899652e-03 -5.4292613064e-02 2.1904477618e-01 1.4040353087e-01 2.5230448836e-02 -1.5118493557e-01 -1.0149388239e-01 -2.8721484577e-01 7.4712479696e-03 4.0645335831e-02 -7.6006257001e-02 -3.3936497578e-01 8.2534018027e-02 -1.1243785111e-01 -4.2841522977e-02 2.0029736470e-01 3.6423466213e-02 1.7170820504e-01 -2.0705200885e-01 -4.1996645294e-02 2.3453775820e-01 8.1325887011e-02 -7.4805676007e-02 5.1475117935e-02 -4.2824032845e-02 -6.0472547489e-02 -2.1567514125e-03 -1.0690233213e-01 9.0458448183e-02 2.7390954692e-01 -5.1678241388e-02 -7.7322749071e-02 2.4184087287e-01 6.2665716137e-02 1.1505521847e-01 2.0294990163e-02 -3.2428150656e-01 9.4237131048e-02 -3.8126200862e-01 6.0688405277e-02 3.6755305209e-02 -4.7189285805e-02 7.3450265540e-02 1.0359107225e-01 2.1324094716e-01
3.0237709341e-02 1.5598262924e-01 9.9701664383e-02 -1.6525653295e-01 2.9753402064e-01 -1.2130005602e-01 1.0128387564e-01 -1.5049274007e-01 -2.1608243416e-01 1.2953745031e-01 1.5556587867e-03 1.2297748445e-01 -2.0684342027e-01 -2.2896243461e-02 1.8842519820e-02 -3.3069043013e-02 -3.2523527906e-03 1.4464227606e-01 7.2640430752e-03 2.5742736668e-01 8.0236497110e-02 6.3388824369e-02 1.8870781066e-01 -4.7322751817e-02 -1.8475199717e-01 8.9705520876e-02 7.9920531721e-02 -1.8426594411e-01 1.7687313370e-01 -1.2341699844e-01 -1.5084675308e-01 -6.4816469803e-02 -2.9532298214e-01 -3.2578364321e-03 2.2191093751e-01 2.6490041331e-01 -4.5546762042e-02 -1.6989761932e-01 -5.7449590960e-02 -8.8884701927e-03 -1.2249064080e-01 1.7209773819e-01 -7.5542270649e-02 -2.6284126167e-01 -2.1876774679e-02 -7.0607219746e-02 -1.6685767601e-02 9.2051201702e-02 -2.7400670284e-02 1.6910983734e-02 -1.1810787921e-02 -6.9438145794e-02 1.9370415081e-03 -1.5600672629e-01 -1.2040002161e-01 -4.1934131240e-03 1.3812226615e-01 -6.8550390230e-02 3.2003796302e-01 8.2518410052e-02 -9.5595218366e-02 -7.2222511113e-02 -1.7132099757e-01 -2.4501264354e-01 1.2485497721e-01 1.1514881805e-01 -1.5794278820e-01 -1.5458365237e-01 -2.1291262453e-01 5.5721616364e-02 8.6033996058e-02 -9.1665486695e-02 -2.5094057747e-01
1.2714979995e-01 -7.8233211737e-02 -4.2429652016e-01 6.1617747845e-02 1.1567549714e-01 1.7796531624e-01 -2.1424652743e-01 1.0023287718e-01 2.4624083110e-01 -8.5254354753e-02 3.0081958765e-01 -1.9425810068e-01 -2.1342508285e-02 1.3789021637e-01 2.9774846654e-01 6.5072023025e-02 1.4809097476e-01 5.0766590444e-02 -1.2826791312e-01 -2.6139941907e-02 8.0273685856e-02 -2.5301513219e-01 -1.4400113350e-01 3.1665200501e-02 -8.0525181778e-02 8.4492058031e-02 1.1173306760e-01 -1.5709474631e-01 5.7228539298e-02 -1.2911117507e-01 2.5921937881e-01 1.0816345806e-01 1.5782938969e-01 1.7472958432e-01 3.7771336208e-01 -3.9746351460e-02 2.2944371195e-01 1.0809084800e-01 6.5928575334e-02 2.5229001174e-01 1.5836653265e-01 -2.0205650182e-01 2.3457585976e-01 -3.0362902017e-01 1.6311789400e-01 -2.7398531652e-01 -1.0927399401e-02 -8.3193550645e-03 -3.4427392077e-02 -9.9029444144e-02 -6.0579536284e-02 3.2879531161e-02 -2.2633751099e-01 1.3224788720e-01 6.4124792010e-03 1.9648633537e-02 -9.2695624398e-02 -2.0639552026e-01 -1.5424703584e-01 1.2764958436e-01 8.5360898667e-02 -1.2506124908e-01 7.3313234491e-02 7.4755327419e-02 5.0742195296e-02 -4.6407482584e-02 -6.6680824071e-02 -2.2551455316e-01 5.4237729908e-02 -3.6329472499e-03 -9.9186436453e-02 -3.2805555883e-01 1.4876218670e-01
9.9612046429e-02 -7.4221150703e-02 1.7246585841e-01 1.7197434279e-01 -1.7448801609e-02 1.1036681595e-01 1.4202083689e-02 1.3714655998e-01 -2.2422015992e-02 -1.5188177848e-01 -4.4215176236e-02 -1.0567779709e-01 5.1481233148e-02 4.4394191983e-02 -3.8809579413e-02 -1.6313194353e-02 1.1921640836e-01 8.1340075640e-02 3.3208080888e-02 -2.0471350505e-01 3.8477974365e-02 -7.5403899327e-02 1.9224961903e-02 -5.5376561868e-02 1.6144940631e-01 -6.2563030969e-02 2.2972853921e-01 -1.1446283342e-01 6.3827668577e-02 -1.1917004558e-01 6.5668682592e-03 8.5778143812e-02 -3.4153197020e-02 1.4317486394e-01 1.1560952747e-01 -1.5061788301e-01 2.0477700105e-03 2.3092916590e-01 7.8228113839e-02 3.9365794795e-02 1.3961549898e-01 -1.3379576588e-01 5.9378130794e-02 -8.1112189841e-02 4.4843581649e-02 -2.2969414968e-02 -5.3219056865e-02 2.1389183436e-02 4.2131044721e-02 -2.0424020303e-02 1.1704555957e-01 1.4133099184e-01 -1.0955077849e-02 2.6158243535e-01 1.5908006959e-02 2.0391639539e-01 -1.9448925777e-01 -8.5312481476e-02 -6.6375942613e-02 6.6540048889e-02 1.5258610427e-01 7.7415109955e-02 5.7444835881e-02 4.1191094416e-02 5.6318061246e-02 -1.8720306624e-01 3.4422274497e-02 6.9955481869e-02 -1.1012257660e-02 -1.2771076137e-01 1.6052681155e-01 2.5632832911e-02 4.1158167244e-02
-3.1425944824e-02 1.9745130839e-01 -2.2680001704e-01 3.6614839409e-02 1.0876293537e-01 1.4208459813e-01 1.6492248296e-01 9.1230481285e-02 -2.9579797034e-02 2.0098767923e-01 -8.0817667429e-03 2.5276930788e-01 -4.8297316185e-02 1.2079165594e-01 1.1327287009e-01 -1.9133893916e-01 1.0065452371e-01 1.2500781636e-01 7.7932625932e-02 2.1137314103e-01 -5.8062835599e-02 1.2740057649e-01 9.6940520860e-03 8.8563687742e-02 -2.1444826444e-01 -1.5499242233e-01 2.6701031261e-01 -1.0008537485e-01 6.8178701320e-02 -2.7419864804e-01 -1.0095553436e-01 2.8761081643e-01 8.4621585282e-02 -2.9351290376e-01 5.8789418903e-02 1.0556294926e-01 6.1334291049e-02 1.3779508882e-01 9.7732478903e-02 1.7095044603e-01 5.7540611376e-02 5.6902891226e-02 -4.0702672097e-02 -2.5185407082e-02 -1.1595434435e-01 -1.4202933995e-01 -1.3379803356e-02 -1.5518092034e-01 -8.3628665173e-02 -2.2922809213e-01 3.2578105836e-02 1.2707283813e-01 -5.7352580391e-02 -8.6551007769e-02 1.4767383122e-02 2.4936284630e-01 1.4270662793e-01 -2.0396505695e-01 2.7572800546e-02 -6.2691417914e-02 5.6956271547e-03 1.8219547086e-01 -4.4827018990e-02 -4.9185710604e-02 6.8771936727e-03 2.3109685549e-01 7.1422967857e-03 -2.2935070038e-01 -2.4798748214e-02 1.0369625432e-02 -1.4128582374e-01 -2.1318488460e-02 -4.5929421737e-02
-3.3997631020e-02 -7.2481174839e-02 -4.2567501190e-02 4.3131159716e-02 1.5236891245e-01 -7.0960717029e-02 -3.6378127468e-02 1.7715845930e-02 2.3289535271e-02 -6.7451434289e-02 -1.2117086249e-01 1.2288687432e-01 -2.5962691645e-02 -8.4213856172e-02 -1.1158461914e-01 1.4794466349e-02 -4.5223562483e-02 1.1870067920e-01 -2.2453838947e-01 -6.6528296094e-02 -7.6476697181e-02 -2.3813669640e-01 4.2642878277e-02 1.9663552028e-01 -2.3727387201e-01 1.3723694201e-01 2.1583745614e-01 -5.5554657740e-02 1.6885112534e-02 -2.4257088963e-01 -3.5217000809e-01 -1.8616031840e-01 -4.4650606681e-02 -2.0831822859e-01 -7.5890183341e-02 1.1108623953e-01 -3.3035599935e-02 -2.0261250659e-01 -2.1421015719e-02 1.6934114861e-01 -8.1786135209e-02 4.0155849781e-01 -2.6579446434e-01 3.3676500898e-02 -1.2980978345e-01 -5.1480914032e-02 5.6391439975e-02 -1.0627443203e-01 8.2135069497e-02 -2.4942442180e-01 -1.7324916294e-02 7.7067225740e-02 8.7232526441e-02 -1.4100721963e-01 -6.6816800787e-02 1.5424189375e-01 7.0896721274e-02 6.6149700347e-02 1.8524761338e-01 1.6580476632e-01 -1.6238648040e-01 9.2171208719e-02 -1.7763701870e-01 -2.4239735758e-01 1.6544700442e-01 4.7221922925e-02 2.6252855397e-01 -5.1006188785e-02 -7.7082229622e-02 7.9931945220e-02 6.8039625461e-02 5.8125393593e-02 -1.9372603751e-01
-1.3046308124e-01 2.4263241681e-02 1.5235685498e-01 -1.9771805212e-01 1.7565726321e-01 2.8326524725e-02 -2.6135596700e-02 -1.0830989284e-01 -9.6345474599e-02 5.9754405006e-02 8.0443660296e-02 4.2973140683e-02 1.3769406276e-01 -1.7011365061e-01 8.1903030207e-02 4.4566448130e-02 -9.0860633782e-02 7.9786610218e-02 -3.0564673495e-03 -2.0431782907e-02 9.4303138461e-02 1.5451484591e-01 8.4842026619e-02 -9.1854449077e-02 -8.3450400618e-02 -7.8468903454e-02 9.3550262802e-02 1.1302300064e-02 -9.7012155132e-03 -1.7239046408e-01 -8.3888146348e-02 -1.4524607758e-01 -2.2017842324e-01 1.0742547380e-01 -2.6596612128e-02 1.3990592938e-01 1.6720946463e-02 -1.7444517390e-02 -1.8259392761e-01 -2.3312645930e-02 -3.4381091399e-02 1.7027684696e-02 -1.3058176574e-01 3.7732231115e-02 -1.8164586071e-01 1.4373558910e-02 1.1184414472e-01 1.2768501820e-01 5.2630541967e-02 1.1032739609e-01 5.5297510242e-02 -3.0575668736e-02 1.5012556131e-02 1.1675676997e-01 -1.2642728272e-01 1.5509106375e-02 -1.2416709823e-02 8.3964474611e-02 -9.7179151981e-02 1.7213407755e-01 -7.0085525455e-02 -2.8780219991e-02 -1.7154451206e-01 -4.2915439308e-02 1.2352133071e-01 1.0571887433e-01 5.2084696670e-02 1.2978201102e-01 -1.4784331657e-01 2.3092948187e-01 6.6384667196e-03 1.9111969625e-01 -1.6142829393e-01
2.1522504469e-01 -1.5659882153e-01 1.9032754077e-01 9.4284696172e-02 -3.2794712519e-02 -9.7070088611e-02 -1.6542285893e-01 9.0839679063e-03 -5.7909167232e-02 7.3909617441e-02 -3.2593635849e-02 3.2528024805e-02 -4.8768104172e-02 1.0977948878e-02 2.5943480966e-01 2.4185375261e-02 -2.7489002837e-02 1.2195185753e-01 1.0761583479e-01 -1.3384593623e-01 3.1665086449e-02 2.2709184375e-01 6.7302804720e-02 5.1319473043e-02 -1.2785479881e-01 1.7230290567e-01 -1.3357422510e-02 8.1605132055e-02 -4.1182607569e-02 -9.2146360323e-02 -4.4335370082e-02 1.1598865413e-01 4.3938318453e-02 1.0376733211e-01 -8.0960364887e-02 -5.9629788333e-02 -9.6759895175e-02 -3.8959691504e-02 1.5922770906e-01 -2.0015669050e-02 2.0771868040e-02 2.6638954791e-02 -6.0222797393e-03 4.8307461975e-02 6.6238597255e-02 3.8391906368e-02 -2.0399962296e-02 6.2098464393e-02 1.4231897507e-02 7.5596150979e-02 7.3503905723e-02 4.3200880573e-02 -9.1509917928e-02 2.9429459224e-01 1.2813942942e-01 -6.4289949799e-02 -1.4266024370e-01 8.8846687737e-02 9.1336125536e-03 -4.8422272549e-02 1.6519714920e-01 3.2060397112e-02 1.0271973443e-01 4.9809649633e-03 1.3876007177e-01 -2.2531331135e-01 2.4420440382e-01 1.6305651837e-01 1.2049974870e-02 1.4927500950e-02 1.6652422979e-01 -1.0369344259e-01 8.3173487156e-02
1.7651416989e-01 1.4478516361e-01 -9.5386362021e-02 4.0215509565e-02 -1.1680926264e-02 1.5115933165e-01 -2.2525738802e-01 2.4092077646e-03 7.9443964204e-02 -1.6668737783e-01 1.3255298234e-01 -2.9093641453e-01 1.1498898342e-01 -3.5466501862e-02 -5.1324683202e-01 -7.7930614065e-02 1.0441868587e-01 -2.4473552858e-01 -2.8690306633e-01 9.6892907531e-03 1.3197232768e-01 -3.6039827429e-01 -2.7530928676e-01 -2.0534017334e-01 -1.2135190224e-01 -2.7014692273e-02 1.6241690053e-02 -1.0302709556e-01 1.4094552818e-01 -8.8980644162e-02 -2.0625487579e-01 -1.2559458669e-01 8.1490028761e-02 -4.9362063972e-02 -2.8048008499e-01 -1.5145363877e-01 -2.8451182504e-01 -6.3365158351e-02 1.7432498987e-01 4.3014597696e-01 3.7581027081e-02 -1.0290847391e-01 1.1929518726e-01 -4.7567984967e-01 6.8136570007e-02 1.2219792258e-01 6.0179094389e-02 -7.3663117482e-02 -7.3286677327e-02 -1.0987554027e-01 8.8721181951e-02 2.4740475644e-02 1.7478747580e-01 1.4459742512e-02 9.4912179043e-02 -2.1756621755e-02 -1.3814813396e-01 1.3356210622e-02 1.9377185120e-01 1.1677423452e-01 4.5366068278e-02 6.7543656672e-02 9.4630149610e-03 -2.8280228132e-01 -1.1507630036e-01 -3.2245245220e-01 -3.1197960479e-03 -2.0050683097e-01 2.7147767508e-01 1.9753843561e-01 3.3577029133e-02 -8.1473585389e-02 -9.7831992769e-02
-2.2775320536e-01 2.5908033662e-01 2.8927892138e-01 -1.3804445632e-01 -6.4629323228e-02 -8.7288504655e-03 8.1168887264e-02 -1.2519759939e-01 -2.2152335294e-01 -2.0947643478e-01 -5.2015059389e-02 1.4432606978e-01 8.7465270321e-02 -1.3902679432e-01 2.8121371546e-01 2.5672557430e-01 -1.3228254737e-02 1.8134378725e-01 -2.6619000420e-01 1.8061760353e-01 2.6213505373e-01 2.5560216139e-01 3.0231041992e-01 -3.6178479728e-02 5.0491162803e-02 1.4802329492e-01 -1.4948566411e-01 7.9826278540e-02 7.0530952315e-02 1.5178752335e-01 -8.2568282561e-02 -1.5562391031e-01 -1.6935114400e-01 -7.5093937554e-03 -2.2250930583e-01 7.2539815753e-02 -5.1526342970e-02 8.2181731315e-02 3.1929818927e-02 -5.8725967272e-02 -1.3474174185e-01 -5.8626408172e-03 -1.8194371580e-01 -2.2294614156e-01 1.5768790331e-02 1.8033037939e-01 -1.1234423795e-01 2.2320829775e-02 -1.3370340574e-01 7.6451960521e-02 1.0704748396e-01 -8.9021054541e-02 9.0334817204e-02 -1.2260692381e-01 -1.6825699057e-01 -1.2986164669e-01 -6.1862144707e-02 1.4488939806e-02 8.3788163828e-02 1.8259763808e-01 1.0955591124e-01 -2.6878272568e-02 -4.7051939308e-03 -2.6466708500e-01 2.3150848565e-01 2.5543113099e-02 1.3857344482e-01 1.3329803613e-01 -8.4659439052e-02 6.9638811680e-02 2.1765492181e-01 1.4127116951e-01 -4.7261820370e-02
3.1910416094e-03 9.9865464226e-02 -2.2295145558e-01 -2.6306188163e-02 -1.2440827639e-01 -4.6472197407e-02 -2.2372805627e-02 -4.9409332180e-02 1.0000488438e-02 -1.1347941934e-01 6.0803088286e-03 -1.8649720691e-01 8.5017541396e-02 -3.3840531855e-02 -1.3260549154e-01 -1.6064000556e-02 -9.1600302406e-02 -6.5546462493e-02 -1.3140491070e-02 1.2467102888e-02 -1.1574861300e-01 -2.6789132435e-01 8.9568335598e-02 1.0477274012e-02 -1.1321722918e-01 -7.6304647162e-02 -1.3006633952e-02 9.5333355490e-02 7.4168691057e-02 4.6297185205e-02 -4.4366865024e-02 1.9489421597e-01 -2.6265787029e-02 7.9326034359e-02 -2.7047964535e-01 -1.7960001924e-01 4.5769201690e-04 -1.1279873556e-01 -9.8284260611e-02 -2.2905478867e-01 -8.2296328847e-02 -7.2449238263e-02 -6.6360591727e-02 2.2407489736e-02 5.8104176597e-02 -2.1580085009e-01 -8.4487992640e-02 1.0415292509e-02 1.1740628708e-01 -2.6250166378e-02 -2.8273376671e-02 -2.0480327026e-02 -1.2400770525e-01 -2.0349436689e-02 -1.5092000618e-02 -1.0828945815e-01 -5.5706723352e-02 5.5794424510e-02 -1.2835503924e-01 1.6795963091e-01 -1.8075138759e-02 -1.3882605089e-01 -2.7577469031e-03 4.0738639710e-03 3.6904538053e-02 -2.3232760916e-01 -1.6594294652e-01 1.2798361841e-02 -1.1351232631e-01 6.8828339405e-02 -1.4391283725e-01 8.4475771152e-02 2.0309123411e-02
-1.5938032895e-01 7.7108600264e-02 7.3436156155e-02 -9.2565894852e-03 -2.5509129597e-02 -6.0292021587e-03 -1.2919651927e-01 -6.0628154229e-02 -1.2100120236e-01 -2.2803326351e-01 2.1878027614e-01 1.6729057566e-02 -9.4566457984e-02 -2.1039860093e-01 -7.2279893094e-02 -9.8880356914e-02 6.5174915785e-03 -1.7418536219e-01 -2.8573578061e-01 3.3414502556e-02 -1.0544980295e-01 -6.1275244743e-02 5.1938490627e-02 -1.4440251862e-01 6.2168454360e-02 -2.1667612092e-02 1.8113168721e-01 6.6034253716e-03 -2.6165124257e-01 -2.3199574437e-01 1.7562511901e-02 8.2444559905e-02 -1.0025170383e-01 -2.0022346157e-03 -5.6921275025e-02 1.7649890771e-02 6.2203805844e-02 -1.1156868469e-01 -1.0885122369e-01 1.0030453193e-01 4.4845578367e-02 3.8149228245e-02 -1.1823360221e-01 -4.4867736555e-02 6.2132862056e-02 7.8412171057e-03 -7.9134114953e-02 1.4914367164e-02 2.9096251388e-02 -2.6788565633e-02 -4.0988358149e-02 -4.6552721697e-02 7.7468910871e-02 -2.7833012092e-01 -1.6319166899e-02 -5.7738152481e-02 1.0270240885e-02 -1.6486036483e-03 -7.3822803616e-02 -7.7349396820e-02 -3.7774226445e-02 -9.9094178567e-02 -5.5224815565e-02 1.2614084965e-01 -2.0754327407e-01 -4.8341324815e-02 -1.7236923635e-01 2.0724314540e-03 1.7084918526e-01 5.2901843067e-02 -2.9244335172e-02 5.9682118065e-02 4.2384841137e-02
-8.1385988825e-04 -9.7037880385e-02 -1.8083168854e-01 -1.6009847170e-01 1.1733780935e-01 -5.2985779929e-02 -1.3902901081e-01 4.0527465456e-02 6.2496412163e-02 -8.5529731950e-02 -2.3916910203e-02 1.2548464062e-01 -2.0900317948e-01 2.4570944665e-02 1.7251931220e-01 -1.5727839668e-01 8.6196954722e-02 9.9963032844e-02 -9.6534894595e-02 -1.8480013366e-01 2.2207022945e-02 -1.0530202051e-01 -1.7556612620e-01 1.3279569046e-01 -1.3325606971e-01 1.1009998899e-01 -2.2349153329e-01 -1.8817974206e-01 -1.1904547731e-01 2.3613492509e-01 -1.5863005192e-01 -1.2039744335e-01 -4.5995172360e-03 -2.8536998748e-04 2.6525331386e-02 -8.2227247562e-02 -1.2833912841e-02 -6.0981673179e-02 -7.0687487666e-02 2.7651297093e-02 -7.0767012379e-02 1.4905446604e-01 -3.3521958503e-02 1.4129532478e-01 -4.7804617408e-02 4.1721568078e-02 -9.0436304824e-03 -1.2301287426e-01 -9.6783072454e-02 -1.1849391189e-01 -3.5986319264e-03 -1.0258444075e-01 -4.0682029664e-02 8.2137222956e-02 1.7874476616e-01 -1.9166291515e-01 -4.8448661580e-02 -1.6150168518e-01 -1.7016832570e-01 -2.1761590847e-01 -1.8219512022e-01 -1.2014102861e-02 -1.2996576526e-02 7.0489611342e-02 2.5704323697e-02 -1.9690095710e-01 3.6892608195e-01 1.4513277093e-02 -3.2513353279e-02 -4.0475577166e-03 -1.3803908681e-01 -2.5909634462e-01 6.2129176428e-02
-6.2949356288e-02 5.1069216203e-02 1.3527428817e-01 -1.4613072783e-01 1.6161316256e-01 1.2451778648e-01 6.9167640957e-02 -1.9685239982e-01 -2.3261018288e-01 2.6634574913e-01 -1.4814537697e-01 2.8180752835e-01 -1.1471529590e-01 -7.6013731998e-02 -2.3065693356e-01 1.8438555865e-01 -4.1976016895e-01 -3.8651379006e-02 8.4548123302e-03 5.9877889026e-02 -3.1704341324e-01 1.5758446940e-01 9.1897854077e-02 -4.3814364056e-03 -2.0495519376e-01 1.0369522832e-01 4.1823326937e-02 -1.3348578196e-01 -6.9106542598e-02 -2.0634246616e-01 -4.1823214575e-02 -6.9260426545e-02 -1.4498286347e-01 -1.1630078696e-01 1.6004277768e-01 -9.8644305704e-02 1.0820349361e-01 1.0538356537e-01 -9.2761944587e-02 1.2902481918e-01 -1.5002527819e-01 3.7688054700e-01 -3.1008194006e-01 1.6408549621e-01 -1.3117144644e-01 -2.2582358434e-01 -1.0967287203e-01 7.9401547940e-02 2.2933013990e-02 9.4566513103e-02 -6.5049355257e-02 -2.5976681467e-01 -2.3238287016e-01 -1.2156092704e-01 -4.2026632436e-02 -2.2258974200e-02 3.3304861636e-01 -4.4068930605e-02 3.2667453418e-01 -4.3514386690e-02 -3.6731359098e-01 1.5250157162e-01 -2.3692982007e-01 -2.7171364423e-01 -9.8683726563e-02 3.5711886304e-01 -9.3424749059e-02 -3.6237672304e-02 -1.1823922690e-01 8.9477999471e-02 6.8598321293e-03 2.1367816684e-01 -7.2854061599e-02
7.4588728958e-02 -3.5231308151e-02 2.1051083596e-01 -1.0527475379e-01 1.9946571241e-01 3.3877831323e-02 -1.5267725780e-01 5.4636937956e-02 6.0820181343e-02 5.6442390157e-02 -1.0923669506e-01 -2.4831829933e-02 -1.2950507984e-01 2.8521814825e-03 -1.0411709967e-02 1.9640507885e-01 -8.7246331409e-02 1.3521497858e-01 -2.2832649459e-01 -3.6216206304e-03 -4.9502992085e-02 -6.1854109330e-02 1.4065237795e-01 -8.4934546988e-02 8.1596916532e-02 1.0704627073e-01 -2.3198343656e-01 -3.0589861439e-02 -1.9471193241e-01 -9.5750723607e-02 4.2526008467e-02 -1.4329843190e-01 9.8677850960e-03 -2.9831142321e-02 2.1945200632e-01 1.8896376142e-01 -2.1488860408e-01 -7.1933273635e-02 -2.1217517581e-01 -9.7284736590e-02 1.2080079296e-01 2.8433726511e-01 -1.2446905942e-01 -2.8756156706e-01 -8.6785540622e-02 1.1038903616e-01 -1.6454433790e-01 -1.6847778614e-02 1.8771898920e-01 -2.3586212590e-01 7.6497527302e-02 2.2154742488e-02 6.6625653579e-02 -2.9115570605e-01 7.7444444525e-02 -8.3273277753e-02 -9.8515213966e-02 1.8339290279e-01 1.6766691579e-01 1.3935217441e-01 -2.8938009915e-02 -5.8474157162e-03 -3.4936519185e-02 -1.5261165715e-01 -1.7778254746e-01 -7.5500888072e-02 -1.1116882684e-01 2.5046709008e-01 1.6464195132e-01 2.6574072940e-04 1.9149935935e-01 7.7966292269e-03 -2.5117912622e-02
8.6666743512e-02 4.5930835213e-02 1.5086401106e-01 1.1778355725e-02 -7.6259455456e-02 -4.4488300462e-03 -2.9655935483e-01 -3.9015809952e-02 6.8190206521e-02 1.6033037672e-02 1.2565120985e-01 -8.2539272384e-02 4.6276441612e-02 7.2745751257e-02 -7.5376198805e-02 -7.2894330534e-02 -2.2766274234e-01 -2.2115145452e-01 1.8666954884e-02 -1.4192564229e-01 -2.3948336180e-01 3.8426170558e-04 -9.7870552559e-02 6.1089121310e-02 1.0204561795e-01 6.4427497138e-02 -1.9363522194e-01 -2.3022903402e-01 -7.6476007068e-02 -1.8759143380e-01 -1.3693652646e-01 -1.1898516570e-01 8.4435446346e-02 -7.3975981979e-02 1.6938301456e-02 -5.0260160509e-02 -8.5085198976e-02 -2.3147706903e-01 -2.3514170676e-02 3.8771567954e-02 -1.4007797526e-01 -1.0003243533e-01 -1.3394845046e-01 2.8406281281e-01 -1.2310569888e-01 9.5930448508e-03 -3.8382708166e-02 2.0689274264e-02 -9.7072947797e-03 -3.5528754556e-02 -2.7074021135e-01 8.9693787082e-02 7.4282054505e-02 1.1265309100e-01 -2.2194310175e-03 -2.4171736277e-01 5.4048189569e-02 -5.1996372701e-02 -5.7168301738e-02 7.0926335958e-02 -1.7019615275e-01 -7.6696992086e-02 8.5624766828e-02 1.2121222656e-01 -1.7928279847e-01 1.3495478863e-01 -6.8943809084e-02 -3.6127775527e-02 1.5807046332e-02 3.9078001365e-02 -7.7953056036e-02 3.5399835788e-02 1.2386012123e-01
2.3689362019e-01 -2.5384887588e-01 1.7125295304e-01 2.4988100220e-01 -1.7775957442e-01 1.2389296542e-01 -1.7014800670e-01 6.2722603489e-02 1.3096844829e-01 -2.3767138695e-01 2.4448965534e-02 1.2558415952e-01 -1.9589204262e-01 1.9306873799e-01 1.4256068160e-01 -2.6056248874e-01 -5.8273608083e-02 3.0037422198e-01 -1.3724175300e-02 3.4430812129e-01 -3.1415677490e-01 -9.7010164139e-02 -1.9615150332e-01 2.5153127694e-01 3.0633383925e-02 2.4220784806e-01 3.4253717085e-01 1.6521491839e-02 -1.8794283503e-02 2.5935064590e-01 2.5063811228e-01 2.2170763069e-02 2.6303672049e-02 -1.5014302306e-01 4.7349750951e-02 1.3143858573e-01 -8.4017657696e-03 -5.4726788719e-02 2.3529508166e-01 4.2836116820e-01 6.2503853760e-02 2.5934669662e-01 2.5325699345e-01 3.8551487841e-01 -1.0020013434e-01 8.4432402085e-02 1.1301279849e-02 -2.6067511515e-01 -2.2602251478e-01 5.3974182682e-03 1.1917279204e-01 2.1627332608e-01 -1.9815733339e-01 6.3905892244e-03 3.2916891346e-01 -8.0440898941e-02 2.5500357767e-02 1.7460937010e-01 1.2043880432e-01 -1.0152405915e-01 7.1448622568e-02 -1.1712861706e-01 1.4117705651e-01 2.1414005746e-01 1.3603796150e-01 9.3668877481e-02 3.8816226267e-01 -4.2981617518e-02 2.3164494392e-01 -6.2098761106e-02 1.5328536653e-01 -1.7392883667e-01 5.5000084893e-02
-3.2264010896e-02 2.6836600718e-02 8.6003599900e-02 -1.6847149112e-01 1.4845891071e-02 -7.4496385916e-03 -1.0247097400e-01 -7.4459608627e-02 5.1477868722e-03 -4.8539188686e-02 -1.0214944669e-01 -1.5270481218e-02 -1.5731234446e-01 -3.1241152655e-02 -1.3246344203e-02 -7.7063717828e-02 6.6371881431e-02 4.5764726259e-02 -9.1884969015e-03 -2.4552279352e-01 -1.3482881691e-01 2.6650975843e-02 -3.5351962694e-02 -9.9196329879e-02 -6.4473490221e-02 7.2295099437e-02 -1.3427257187e-01 -2.2441439788e-01 -4.6155720376e-02 -5.3248384872e-03 -1.5378278392e-01 5.6644361124e-02 -1.1074108200e-01 -8.3702782350e-02 9.1840387507e-02 -6.9691649353e-02 5.7529512965e-02 -1.7153029422e-02 -4.4811653967e-02 6.7763688978e-02 -8.3803650994e-03 -1.1426428934e-01 -1.3480272280e-01 -8.5633123568e-02 -8.9851742083e-02 4.3120760271e-02 -9.1744874494e-02 -1.1382946237e-01 -1.2412248683e-02 3.7366119682e-02 -7.6207828862e-02 -1.6472039284e-01 1.2692444060e-02 -7.0309253720e-02 -2.0967260910e-01 -2.0787305468e-01 -2.8170641030e-02 3.6294268411e-02 3.0084510922e-02 7.4120214868e-02 -1.0739013015e-01 1.0815177668e-02 -5.8932542320e-02 -2.9716743227e-02 -8.2832623638e-02 -1.0111142282e-01 1.1542376532e-01 -1.2144842184e-01 -7.5265387268e-02 3.4477875911e-02 6.0368040672e-03 -1.2898301615e-01 -1.2571708994e-01
8.0712856250e-02 8.6596114021e-03 3.9161602228e-02 -7.5837340431e-02 -1.0676523891e-01 -1.8053641921e-02 -9.1741787655e-02 1.4486807089e-02 2.1484125958e-01 -1.3726449883e-01 1.1459943443e-01 -1.0590702748e-01 -2.2159742095e-01 5.5846617716e-02 -3.6266562745e-02 9.0580455856e-02 4.0410207931e-03 5.6135271623e-03 -9.5305957403e-02 2.2259450861e-02 -3.2764026983e-02 -2.3384494253e-01 -2.3188771746e-01 1.2686959723e-01 2.8099477165e-02 -8.3040128314e-02 4.4305993145e-03 -1.3136009120e-02 3.1932624232e-04 1.3269307589e-01 2.8710224180e-04 6.4637936854e-02 7.2045775387e-03 1.9055865719e-01 6.6883576060e-02 1.0523380914e-01 -8.3318043961e-02 -7.8882413878e-03 -9.6961373452e-02 1.2698395402e-01 -1.1113636829e-01 -1.1237386342e-01 6.0043094266e-02 -9.5680848117e-02 -6.8946300855e-02 3.4898149740e-02 -1.1494203562e-02 -6.2288468011e-02 -1.8356515041e-01 -1.5333731570e-01 -1.7079656525e-02 -3.8010174612e-02 -1.4350431802e-02 -8.3606640105e-02 3.3741595755e-02 9.7916271051e-02 -9.5942989215e-02 -1.7590837601e-01 1.2278420529e-01 3.6412660541e-03 1.0829092756e-01 -1.0929857751e-01 1.6225817637e-01 -4.6067513123e-02 -1.8979512291e-01 -2.7231312913e-03 -2.6830225528e-02 8.3014198028e-02 1.2684372734e-01 -1.6590362127e-01 -7.3047680629e-03 -6.9443180813e-02 -6.9248174126e-02
1.8866542231e-02 5.5720941686e-02 -3.5511759435e-01 1.9296967208e-01 -1.7308145946e-01 1.8707159740e-01 -7.3351838346e-02 4.9224603810e-02 3.5829367952e-02 1.2391159026e-01 -3.4452771904e-02 -7.5721584306e-02 -9.0075672529e-02 1.1323283147e-01 2.1974731482e-01 -9.2677936304e-02 1.1796640991e-01 1.4803174065e-01 1.1650495957e-01 -6.3951239990e-02 9.0655372802e-02 -2.0919867071e-01 -2.7971055617e-01 1.2384385430e-01 8.2018387304e-02 -2.1828538737e-01 -2.1366516283e-01 -1.5800609816e-01 1.2313702376e-01 1.1884788273e-01 1.5931573488e-01 8.0694164280e-02 1.7660662478e-01 6.5279481826e-03 5.4803793986e-02 -1.7660199883e-01 1.9057533978e-01 2.5766960026e-01 -2.6552743879e-02 -9.2451539920e-02 8.7056797574e-02 -3.8732758546e-02 3.1189268614e-02 1.6228224717e-01 1.4049288577e-01 -1.1877484769e-01 -1.7626794236e-01 -1.3811670030e-02 -2.7563350916e-01 -6.8400513275e-02 2.7914999182e-02 4.5903704543e-02 -2.1680343540e-01 3.0226715691e-01 -8.2196386421e-02 -1.1698233306e-01 -8.4988797788e-02 -1.1555652363e-01 -1.7757149140e-01 -2.2181000677e-01 6.2597415265e-02 2.9297847068e-02 1.9006538254e-01 1.6273309565e-01 -4.1173846271e-02 -1.0832759892e-01 -2.1783816542e-01 -1.5981250151e-01 3.5976172672e-02 -1.5550980086e-01 -1.6302367932e-01 -2.3173035371e-01 -4.9314512689e-02
