7.1170049803e-02 -5.9314603052e-03 2.0697454421e-02 -1.4501399864e-01 -4.2213350921e-04 -1.1246131452e-01 -1.3804550639e-02 -6.6806926114e-02 -6.2714471183e-02 8.2640165180e-02 9.2116360023e-02 -7.8771047842e-02 -1.2734158472e-01
1.6663699213e-01 6.0659810771e-02 1.6259658926e-01 -5.2151394008e-04 -2.8023567898e-02 6.1843212185e-03 -2.4517396099e-02 -2.2155934627e-02 -3.6021675297e-02 -4.5491920251e-02 -5.4621920844e-02 1.0476547898e-01 -1.6279383724e-02
4.1262231725e-03 7.4650135620e-02 -4.8409648852e-02 8.0309643289e-02 -3.8081579272e-02 -4.6892337075e-02 -5.6929479558e-02 3.6413585328e-02 6.7531453628e-02 -1.3300022097e-01 -4.3317285044e-02 -2.2986096101e-02 -7.9513977048e-03
2.0500244067e-01 -1.2770248667e-02 8.7092222484e-02 -1.1108978300e-01 6.5668800337e-02 -5.8747804957e-02 9.5613085246e-02 -6.1629437986e-02 -2.6048916138e-02 5.2324127510e-02 2.4208770973e-02 -2.5245465686e-02 -9.4286498361e-02
7.8727684307e-03 1.8833558146e-04 5.4789314935e-02 -5.5351386647e-02 -1.1045877072e-02 -9.2484438434e-02 4.9735955584e-02 -5.0553349655e-02 -8.4232029894e-02 1.1601932612e-01 -1.6983427818e-01 -1.0696409316e-01 -6.4398643124e-02
1.5465642186e-01 3.0522187350e-02 8.6196403353e-02 4.9997999435e-03 -1.9430515217e-02 4.5457134862e-02 -9.8811355895e-02 -1.1243203969e-01 1.0006073769e-01 2.1181018507e-01 -7.2992870632e-02 -1.8955418827e-01 1.0463336361e-02
-1.9974208372e-02 -1.1074659859e-01 -1.9132661515e-01 -6.5900535001e-02 -4.3410822793e-02 8.3266352927e-03 -3.4811014315e-02 2.7611694342e-03 -8.0053743480e-03 1.2104927096e-01 -8.9030194825e-02 -5.7429681059e-02 -4.9897780044e-03
1.0694127529e-01 -1.0821303061e-01 -5.4402765415e-02 1.0932480508e-01 4.3239456434e-03 -4.5295141436e-02 -2.0440312277e-01 -1.0422023891e-02 1.2707994788e-01 3.8886155227e-02 1.7528321831e-01 -1.1088609704e-01 1.3489153124e-02
2.5631882810e-02 9.4671907155e-02 2.0603978224e-01 2.3255280258e-02 5.0333071019e-02 -9.8500984058e-02 -1.7706674338e-02 2.6607889375e-02 -7.3192714246e-02 8.7867322857e-02 9.3303926160e-03 -1.2930490980e-01 -1.3237635246e-01
-4.6726213015e-03 1.1139697147e-02 -1.0935559626e-01 -1.0414804475e-01 -2.7443952827e-02 5.7509423992e-02 -5.4077523623e-02 -8.4979586764e-03 1.3107053096e-01 -4.8860962440e-02 2.3965298647e-02 5.5344909317e-02 6.1465960914e-02
-1.1287868803e-01 -3.5443536080e-02 -3.4304145597e-03 -6.3902276527e-02 -1.1684698482e-01 3.9183110084e-02 -6.0295800800e-02 -4.5136118731e-02 3.7110786043e-02 3.0627898266e-02 1.9312744012e-02 -1.4372603116e-02 -4.7728959096e-02
4.6139007670e-02 2.2045685128e-02 1.0139089022e-01 -4.2186720114e-02 -4.4180654145e-02 -2.4276903508e-01 1.3138006705e-02 1.0574161921e-02 -2.6261182891e-02 -2.8797699489e-02 -3.5675302808e-02 2.5221265035e-02 -1.5790662213e-01
-1.0866493026e-01 -6.9724332817e-02 -5.0698481078e-02 1.3281328451e-01 -5.3203752330e-03 -4.4496249415e-02 -9.8319095264e-03 1.2308315376e-01 5.3805297979e-02 1.8715201512e-02 1.5364704891e-02 -1.1461002493e-02 7.8042648399e-03
-3.3441073756e-02 4.2426203422e-02 5.4652531514e-02 -2.9158076697e-02 5.0773595365e-02 7.5633818098e-02 6.5046254265e-02 -1.3023254767e-01 -1.0391869801e-01 -3.0115447526e-02 -2.6917591681e-02 5.8149412777e-02 8.2639755375e-03
6.4057186833e-02 2.5883315681e-02 -4.4594170511e-02 -8.7162374860e-02 3.1377929841e-02 -5.4091016560e-02 1.3121482190e-01 -1.4404449210e-02 -1.1842962880e-01 1.0576249187e-01 -7.9965741900e-02 -5.1143608801e-02 1.7033497202e-01
1.5173766111e-02 1.6409313503e-02 -1.2670152822e-01 -1.1099637535e-04 -1.5793712526e-01 -4.6004995606e-02 -2.3255677657e-02 8.6951479223e-02 1.1779958023e-01 7.3735558059e-02 -7.5033308270e-02 -4.9503638565e-02 -3.3238606874e-02
-1.3630718290e-01 3.8888339099e-02 -1.7768642480e-02 9.2179460171e-02 -6.6611161582e-02 1.8840009451e-02 6.6649329667e-03 -1.8695035257e-02 -4.3632356524e-02 -2.9176311323e-03 -1.0543013638e-02 -3.4568617157e-02 -1.7643373169e-02
2.7829247931e-03 1.1749149575e-01 4.8544860159e-02 -4.2776935038e-02 1.0259736073e-01 -3.6732609618e-02 -4.7558487619e-02 7.2022451220e-02 -3.5586069147e-02 3.9826048732e-02 -2.0360347226e-02 -4.0372940740e-02 -3.9962872704e-02
-1.7477121820e-01 4.2198154176e-02 -4.2922412173e-02 -1.0483796477e-02 -1.8363353122e-02 1.6260169005e-02 -2.5739171015e-02 1.0774556572e-01 1.4797150957e-01 -4.8298340800e-02 1.2406600408e-02 3.1793459588e-02 3.8645783519e-03
-1.1075029423e-02 1.5759982918e-01 3.2760443609e-02 4.9686879655e-02 1.1549029976e-01 1.1350287193e-02 2.5652082457e-03 9.2193788621e-02 -3.6420321412e-02 -5.8752139005e-02 1.3682204559e-01 3.6037001261e-02 -1.1385186092e-01
-4.2180551212e-02 1.8077301068e-01 -6.2370200034e-02 -3.9553362745e-02 6.9984613685e-02 1.6413101659e-02 3.2774344767e-02 4.4006553187e-02 -1.5531816547e-01 1.5795148742e-02 -1.4522096316e-02 -8.4957675318e-02 -1.5894693519e-01
-4.4991724269e-02 -3.0670619421e-02 -1.0560552342e-02 -7.6373577931e-02 4.7145723280e-02 -1.4730842892e-01 2.3813010032e-01 6.2926160720e-02 -1.8331565379e-01 1.9364319684e-02 -8.9230522449e-02 1.3959127286e-02 -1.1413188884e-02
-1.2552662911e-01 -1.3000260393e-01 -1.3187791730e-01 2.0119915823e-03 -1.7137026045e-01 -7.3634995561e-02 -8.8502667845e-02 -6.9160074931e-02 5.2072338377e-02 -8.0128339208e-02 -2.5705327645e-02 1.2765089222e-01 3.3931180089e-02
-4.3766367947e-02 1.2070122982e-01 8.3786259743e-02 3.1168749441e-02 2.0649601995e-03 9.5959233456e-02 1.2942790039e-01 8.5851335661e-02 -7.0993409194e-02 2.4732685383e-02 6.4382598414e-02 -2.4180492997e-03 6.9495726040e-02
-1.1151787356e-02 -9.0102189868e-02 -1.1743650555e-01 1.8311205985e-02 -4.2947249475e-02 1.8922031192e-02 -1.9134935608e-02 -4.1869658891e-02 1.8465684935e-02 1.0013401964e-01 -7.3394432626e-02 -1.2741983862e-01 3.5454222580e-02
-2.2056740143e-01 -8.1087217087e-03 -1.1641057019e-01 6.7030359556e-02 -6.4003642872e-02 -3.7614454657e-02 -5.9866065363e-02 5.7557909879e-02 -2.2730679938e-02 2.2530910297e-02 -1.1777444580e-02 -7.0853990804e-03 -3.7565132001e-02
2.4437077257e-02 5.9348956583e-02 5.6694956384e-02 -5.6492172402e-02 6.2754613945e-02 3.0020101219e-03 7.2411895423e-02 3.3150229390e-03 -6.8149287768e-02 1.3808644249e-01 -6.5144114902e-02 -1.2057663188e-01 -5.1284021364e-02
-1.3841494232e-01 8.2185917010e-03 -4.6279374429e-03 -3.6766546648e-02 -1.6716404116e-01 -6.5382136579e-03 -8.7277066578e-02 1.2366766516e-01 1.0022115429e-01 5.1442179431e-02 -5.2912557072e-02 -2.3299700684e-03 2.2928387422e-02
-5.0802513545e-02 -4.9648789384e-02 -3.2167006838e-03 -1.9713541943e-02 -1.4035660004e-01 -8.0470875269e-02 -2.9514257216e-02 -3.0525751811e-02 -7.8351364645e-02 6.9473858180e-02 -1.1412175239e-02 -2.6779035904e-02 -8.9423349963e-02
-8.3419710907e-02 -6.4665557057e-04 -4.3711157410e-02 8.8956342580e-02 1.3420473239e-02 5.4567632113e-02 -1.0778341436e-01 -3.5557843625e-02 -7.5171496663e-03 -2.7015938401e-02 -6.0129993629e-02 3.9982737130e-02 1.0137376025e-01
-1.6901940121e-01 5.0098892301e-02 -7.7342320755e-02 9.6742793221e-02 -1.0006849280e-01 -5.1818066536e-02 -6.4697973710e-02 1.6137457811e-02 -1.1220102134e-01 -2.6137695034e-02 4.1955805054e-02 8.6028164138e-02 8.6525370471e-03
-1.4092932849e-01 -6.7393398725e-02 -5.1349625697e-02 -1.4867531332e-02 -5.9119218928e-02 -3.4264996111e-02 -9.6184758490e-02 -1.5957111685e-02 8.6251740133e-02 2.1333865020e-02 -2.7225695434e-03 1.8186264963e-02 -6.9697067587e-02
3.0065600425e-02 -4.5128303311e-02 8.1677554424e-02 -8.1605539296e-02 -8.4389173109e-02 -1.2444905340e-01 -2.0410526194e-02 -4.2106307827e-02 4.2099756373e-03 -3.1256206148e-02 7.4685421201e-02 -2.3264800921e-02 -7.8074747602e-02
6.8835447175e-02 9.1141956776e-02 1.0468108871e-01 -5.4831902149e-02 -2.6026385377e-02 -4.2816714037e-02 -3.2820111189e-02 6.8586218847e-02 -7.1886772356e-02 -2.4860645797e-02 9.2341605889e-02 5.0521166476e-03 2.0558564937e-02
2.6591344457e-02 -1.2027501359e-01 -9.8698441909e-02 -5.4551729100e-02 -4.0039899619e-02 2.2718611647e-02 -3.9928954734e-02 4.4162861174e-03 1.2639801150e-01 4.8330820861e-02 2.1284399540e-02 8.4195579969e-03 6.2900064721e-02
-1.5585277535e-02 -1.4023290462e-02 -1.0323655110e-03 -2.1187456884e-02 6.4423425206e-02 9.3495944334e-02 1.1850722183e-01 -6.2363210337e-02 -2.3834022878e-02 -8.9466703847e-03 -1.2979794198e-01 4.5296981896e-02 1.2633634026e-02
-6.5876073430e-02 -7.6699184619e-02 -1.2677166233e-01 -2.6343182342e-02 -2.0079484148e-01 -1.1691220628e-01 -1.3044828186e-02 2.5334475575e-03 4.5771088169e-02 9.6839062247e-03 -4.7351042998e-02 -5.9530584374e-02 3.6161186768e-02
5.7732032728e-02 -1.0664103972e-01 -4.9374828203e-02 -9.0528335509e-02 1.1121225132e-02 -6.9632917011e-02 4.8684787198e-02 -6.0266024335e-02 -1.6967583666e-02 2.9442108551e-02 4.7663110004e-02 9.7593480377e-04 7.2103938440e-02
6.8457045873e-02 -5.5494928296e-02 7.6895680912e-02 -9.0459554154e-02 -1.2341387308e-01 4.8098513010e-02 -5.6725356007e-02 -7.4039328532e-03 6.2976066429e-03 -1.1258281509e-01 1.3900421582e-02 1.6360390908e-01 6.5144237944e-02
-9.4598268459e-02 -5.8107166662e-02 -6.7359276329e-02 -5.8107985014e-03 -8.5973969640e-02 9.8693229755e-02 -5.7872990263e-02 6.7975733953e-02 1.4358898119e-02 -5.9563937148e-04 -3.0025491704e-02 6.0069822444e-02 1.1274146289e-01
1.0124428629e-01 -9.7785495807e-02 2.0285241384e-02 -9.4768668936e-02 3.6062483632e-03 3.3190520496e-03 6.6689746953e-02 2.8391080419e-02 8.4246595725e-02 9.1614169807e-03 -1.0893184788e-02 -5.0107665004e-02 9.2661651171e-02
-7.3669983998e-02 -8.7014430382e-03 -9.4778269735e-02 -8.4606329891e-02 -1.3100878004e-01 -9.6891887793e-02 -9.5047794747e-02 -4.4569049174e-02 8.7437111041e-02 -4.0857791737e-02 -1.5931132831e-02 6.6487380645e-02 3.9380366765e-02
5.7809252168e-02 4.1684610742e-02 7.2167141000e-03 -1.1429517533e-02 3.6827238809e-02 1.7212114444e-01 8.5266307365e-02 3.1864931606e-03 -2.5376480744e-02 2.8404734574e-02 -2.4203110609e-02 -5.7419982457e-02 1.2979895285e-01
-1.0225359531e-01 -1.3286100753e-01 -1.2487049856e-01 -5.1369771608e-02 -1.3690536124e-01 -1.7746731567e-01 -4.7117192710e-02 1.2177838609e-01 8.5696363481e-02 -7.5976259584e-02 7.5017833171e-02 8.1809561975e-02 1.7968549534e-02
1.8365498251e-02 2.4729992455e-02 1.4711013653e-01 8.9498755409e-02 3.6977271593e-02 -4.7721317353e-02 -4.4882999692e-03 -1.1564515986e-01 -1.2770322553e-01 -3.2108810139e-02 -4.2287625270e-02 7.9502759916e-03 -6.2972585157e-02
-1.3071485705e-01 2.4722876975e-02 -3.7955464623e-02 1.8542172617e-01 -9.7629178832e-02 1.1578017012e-01 8.0310912074e-03 2.5072903141e-02 -1.1888228112e-01 -2.3777733625e-02 -2.2487021573e-02 2.6355045393e-02 3.3971287576e-03
8.2995045853e-02 -3.8512254595e-02 -6.9992393697e-02 -5.4621537784e-03 8.3518019725e-02 4.2314986131e-02 -1.2821171212e-01 -1.6381135470e-01 4.0615731844e-02 -7.5762778389e-03 -5.8992353833e-02 -1.0458812243e-01 1.5062136437e-01
-7.0154834052e-02 1.1723643366e-03 -1.6947168744e-03 -1.1755498972e-02 5.3510154361e-02 1.7716080188e-01 7.2668648788e-02 3.9887834007e-02 -1.5575221561e-01 6.0799767806e-03 -7.1904674240e-03 -3.6167375867e-02 6.4935968518e-02
-3.5488194245e-03 5.5432044768e-03 7.0300629720e-02 -1.0462705109e-02 -2.2933135998e-01 -6.2952808420e-02 1.1118965960e-02 -4.5846316398e-02 -7.2082169639e-02 8.5825213954e-02 -1.5228968164e-01 -7.9514869927e-02 -5.0985370867e-02
5.0688481202e-02 -1.0510177325e-01 4.9686421669e-02 5.7282746859e-02 -2.2126629521e-02 -1.4953838087e-02 -4.7822456293e-02 6.9948809216e-02 4.3778072508e-02 -8.6303085668e-03 4.9183981257e-02 2.2153235523e-02 1.0606808123e-01
-4.4749170865e-02 8.9101484308e-02 -1.8835059311e-02 1.4083593893e-01 -3.1431412852e-02 -3.9110845845e-03 -6.4018559794e-02 9.7609195288e-02 6.4573948756e-02 5.0107488232e-02 -4.5243263725e-02 -4.0485660236e-02 -5.2735940224e-02
-9.4791255612e-02 6.0684046593e-02 -5.1646704691e-02 4.4756957645e-02 -6.3019075775e-02 6.4020709768e-03 -5.6061448392e-02 3.3088402093e-02 1.9304388475e-02 2.0160431087e-02 -1.1368323668e-01 -6.9574596723e-03 -1.2446218578e-02
9.5545806599e-02 -1.0843059469e-01 -9.1998671918e-02 -9.2333895173e-02 -7.4990103073e-02 -5.6727637514e-02 -4.4375202468e-02 -4.5467430294e-02 1.1066142042e-01 9.8553572199e-02 3.6349601035e-02 -9.7432298536e-02 1.0712355956e-01
5.5458458652e-02 6.0177941410e-02 1.7368436968e-01 1.0872285857e-02 1.9603475310e-02 8.7263389134e-02 -8.4371804759e-02 -3.2937139185e-02 -1.0067774282e-01 5.8777332554e-02 3.9243596684e-02 -1.6270211403e-01 -2.9426403196e-01
-1.1775554799e-02 6.3569905529e-02 5.4982001220e-02 -6.0474726566e-02 -9.7375584947e-02 -2.4608492458e-01 3.0265935735e-03 -7.1950065485e-02 -3.6221526397e-02 -4.5776538880e-02 -3.9366610882e-02 -2.7673711096e-02 -2.8431983146e-01
1.8635700779e-01 3.7772649309e-02 8.6896181215e-02 -2.3788818827e-02 1.3550737257e-01 3.3457465987e-02 1.2040361296e-01 3.5710403319e-02 -1.4656237065e-01 -4.1785095584e-02 9.9378746692e-02 6.8981396535e-02 1.4852239080e-02
-9.9890643904e-02 -1.5647858658e-02 3.7396498753e-02 8.2170341179e-02 6.0896948322e-02 1.0805095222e-02 6.8592019931e-02 8.5995505455e-02 3.0311537635e-02 4.0609681637e-02 3.4510541568e-02 -5.1479987033e-03 4.6922016610e-02
-4.2325577215e-02 -3.7959897897e-02 -7.1230372559e-02 6.2939089044e-02 1.1190206791e-02 -2.1805366174e-02 -9.3707578043e-02 1.1472050715e-01 1.0617094042e-01 -4.9073799432e-02 -9.1830585833e-02 -5.2759006493e-02 -8.0383599848e-02
6.3333082315e-02 -1.6049718959e-02 -1.9976503689e-03 -3.4206845771e-02 -1.7067251259e-01 4.6933823560e-02 3.1230467463e-02 1.6357275709e-02 3.4410336219e-02 1.0172858443e-01 -1.1782316488e-01 -9.4965290811e-02 1.0593956478e-01
3.1368540431e-02 1.2941263075e-01 1.6212864709e-01 4.8678554466e-02 9.3360199153e-02 2.9402558674e-02 1.0769013566e-01 2.5113721272e-02 -1.7481296496e-01 -1.2848746013e-01 -9.3668942898e-02 1.5006017686e-01 -5.2688651903e-02
-1.1910119646e-01 -4.3114453697e-02 -1.1606965072e-01 -5.1196743774e-02 -1.1434720823e-01 -4.6101961513e-02 -5.5790580096e-02 -3.3575004988e-02 8.3726286282e-02 2.7379507076e-02 1.4697230541e-01 -1.2297143547e-02 -5.1913174295e-03
-8.0905911811e-02 -1.5819131500e-02 4.9660934921e-02 1.4899244805e-01 3.3227595415e-02 4.5734361742e-02 5.0970232391e-02 5.8036989672e-03 -3.1162650508e-02 -2.5731485378e-02 8.8844380153e-02 -7.6466046343e-02 -1.4766932985e-01
1.0083680167e-03 1.2532179527e-01 -9.6459739731e-03 1.5489184120e-01 1.7887924756e-01 2.5419950364e-02 -1.8401617589e-01 7.6045228642e-02 1.3111563294e-01 1.6154220654e-01 2.1482113462e-01 -1.4153898764e-01 -1.4761646642e-01
1.9871838623e-02 6.1110524308e-02 1.7468027798e-01 6.2717698257e-02 1.4511143377e-01 5.1910220001e-02 1.2983062903e-01 1.2089086292e-02 -7.6795673787e-02 -3.4882650917e-02 -1.4909145907e-01 3.4583355177e-02 5.8893980125e-02
-1.7763784461e-02 4.4254948114e-02 1.0649414120e-01 5.2000111082e-02 6.7393319894e-03 3.0220842373e-02 6.7835583273e-02 1.3023451150e-01 -7.3445554899e-02 -1.1188245448e-01 3.2720344031e-02 3.7165016104e-02 -1.0312806422e-01
-7.8485200182e-02 -4.2657193804e-02 -1.8790857545e-03 6.6786788014e-03 -1.0444436435e-01 1.7529715815e-01 3.0824591556e-02 -6.1605999565e-02 1.6229893335e-02 -1.8744058808e-02 1.2881932967e-02 4.9518250608e-02 1.3629105564e-01
-9.5116758312e-02 -5.6178275091e-02 -4.6704017799e-02 -1.4051725407e-01 -2.8258446909e-02 5.2048445044e-02 2.0673696405e-02 7.2181471109e-02 8.2055048249e-02 3.1094317838e-02 6.3005577211e-02 -5.1221230060e-02 1.2542788400e-01
-2.7181621849e-02 -7.2300582532e-02 -9.4639658761e-02 1.1566225428e-01 -2.8780266063e-02 4.0292151114e-02 -1.1277833150e-01 4.1502293921e-02 1.3630962727e-01 1.3506298561e-01 -3.0718271730e-02 -1.2212638038e-01 -8.6657960155e-03
-4.1085002976e-02 2.9657734541e-03 3.1777097038e-02 1.0747050175e-01 -9.6941403269e-02 4.9925925308e-02 2.6407097258e-03 8.6343429130e-03 2.9559271447e-02 -1.0998876578e-01 -3.9191420068e-02 1.4933196545e-01 9.4387388599e-02
-4.7586587562e-02 2.6898537474e-02 5.3830257387e-02 1.0509223654e-01 9.1065593721e-02 6.8262085225e-02 1.2402668332e-01 -1.9918397163e-02 -1.4588635346e-01 -9.4427057280e-03 2.3172682450e-02 -1.6001750638e-02 -6.9898341120e-02
-1.0903690938e-01 -6.8959599629e-02 -7.4374215463e-02 2.4252707682e-02 -4.9745208963e-02 3.7422007367e-02 -3.6068762264e-02 5.5006550591e-02 6.9962580872e-02 -1.5130718129e-01 -2.0608776543e-02 6.2031249582e-02 -2.3974382221e-02
1.1953361445e-01 4.3704042378e-02 1.1258113053e-01 -2.9466048346e-02 1.0452092297e-01 3.7831249922e-02 1.6156663103e-01 8.8500376675e-02 -5.6750824349e-02 2.6078808460e-02 -5.7638915342e-02 -1.3538153166e-02 -1.4420575895e-02
1.2295419310e-01 -2.6350428111e-02 -8.9623469616e-02 3.1514193169e-02 -7.8279631747e-02 -7.2631644686e-02 -4.8435930452e-02 -2.4549452868e-02 -1.6615541768e-02 -8.7698027743e-03 4.6635126708e-02 4.9494539643e-03 1.8444810461e-02
-8.0790293825e-02 -4.7591130541e-02 -8.0733565373e-02 9.6882808115e-02 1.2419306292e-02 -8.8922310934e-02 -1.2630834375e-01 -7.0174150546e-04 1.4806742750e-01 -3.5053629517e-02 -2.5018239274e-02 2.4536327435e-02 4.0845546104e-02
-4.4844132119e-02 -4.3727929956e-02 -8.2911459374e-02 6.5964519513e-02 -1.5549939036e-01 -8.3538885158e-02 -2.5708676317e-02 -2.6203638342e-02 8.2076856742e-02 -1.0987268744e-02 -3.3802870330e-02 5.3915546710e-02 -1.1374522245e-03
-4.5037295365e-02 -9.1543168055e-02 -3.7692322520e-02 1.5499959374e-01 3.8395032523e-02 -2.7920206897e-02 -3.5214671950e-02 -4.9809042584e-02 1.4243227468e-01 2.2878939592e-02 2.2607563869e-02 6.0220075557e-02 -3.9568167754e-03
-1.8103446606e-02 -6.3741607608e-02 -8.9817747248e-02 -1.0451033545e-01 -1.4747134548e-02 -1.0275058413e-01 3.5985264812e-02 3.1884613453e-02 1.1899592490e-02 -6.4998824822e-02 -2.3780491400e-02 7.5027310953e-02 6.2854435646e-02
-3.7908368645e-02 -1.2978779932e-01 4.4860932578e-02 -2.3878960262e-02 2.9735173285e-02 2.3850988870e-02 -9.3832236237e-02 -4.1526045973e-02 4.3943197275e-02 1.2740793654e-01 -5.3353886539e-03 -6.3841996751e-02 4.1328642779e-02
-1.4108023719e-01 2.3144340417e-02 -1.1614242629e-01 -1.1624170338e-02 -1.3318063826e-01 -4.5634792295e-02 -9.6981561495e-02 2.8327092181e-02 1.5392313473e-01 3.5725262411e-02 4.3921802252e-03 -8.6137262077e-03 -3.1060918440e-03
5.8742419126e-02 -4.5048858641e-02 -2.2240977604e-02 1.9945303321e-02 -5.3223785137e-02 -7.4289554736e-02 -1.1867821467e-01 -6.1284270699e-02 9.2488466154e-02 4.8653026552e-02 3.3660462969e-02 -5.6722543388e-02 6.7791092991e-02
-2.9205187795e-02 1.8598989394e-01 8.8018545180e-02 3.1432083470e-02 4.1326019834e-02 -5.4030447764e-02 -4.9201979685e-02 1.7542661447e-02 -3.5330263630e-02 7.4357729055e-02 4.9943405162e-02 3.8666670641e-02 -8.2399530474e-02
-3.6043942069e-02 7.5491892469e-02 7.0247664733e-02 6.0110609877e-02 5.8745785865e-02 5.2360020083e-02 8.5322249214e-02 1.1695518605e-01 1.9181973587e-02 -5.9713657141e-02 1.0572888257e-01 3.2704737777e-02 8.3292655074e-02
-2.1982031192e-01 4.0613168957e-02 -8.9838456067e-02 5.6456752703e-02 -3.9793299617e-02 1.6966630127e-01 2.1821551134e-03 9.2645902644e-02 -9.8415572793e-03 -1.1398260268e-02 -1.8958092300e-01 7.9869335627e-02 6.4799164845e-02
-1.9006456598e-02 -9.2444663772e-02 -4.0002253442e-02 -9.6668225685e-02 -9.2222659796e-04 -5.8663389776e-02 -1.0401283435e-02 1.6345898575e-03 7.6114259193e-02 7.9968152720e-03 -2.2912237015e-02 1.5101468597e-02 7.5917419008e-02
-2.7544096736e-02 -5.6726173891e-02 -3.9882965313e-02 7.1738220105e-02 5.4099869048e-02 1.5351369764e-01 -1.0247237649e-01 6.9091813992e-02 1.3462950022e-01 6.5500175945e-02 6.2160922960e-02 -2.3961770557e-02 1.6859755373e-01
8.1079845611e-02 -1.4535946801e-02 6.8365215185e-02 -5.6699976152e-02 8.1421423962e-02 -3.3492077948e-02 5.3775180313e-02 -3.8785566948e-02 -6.1309012944e-03 -2.6131708908e-02 -1.5791528221e-02 4.7153053198e-02 -4.0598564203e-02
-1.6613965961e-01 6.9785007897e-02 -4.4380608801e-04 9.9879427301e-02 -4.4292704774e-02 6.7276198124e-02 -5.8761351873e-02 -1.1284324239e-02 9.0686974087e-02 -1.0527446820e-02 -6.8461276466e-04 4.3685398402e-02 1.8969909617e-02
1.7845101571e-03 8.2671171851e-02 4.6341881464e-02 -3.0736043013e-02 4.8362401613e-02 1.6779590277e-02 -4.1654445668e-02 3.0784252426e-02 -1.9264747673e-02 -7.4405254454e-02 -1.4742007920e-02 -4.0103105227e-02 -8.4301790923e-02
4.0425350797e-03 2.3210527422e-02 5.1081533711e-02 -3.3637730802e-02 9.4958818294e-02 -5.7403305272e-03 7.3720558602e-02 -8.9987404119e-02 -7.4295522901e-02 1.2245598419e-02 1.4554940454e-02 -1.6108648197e-02 -1.1455816632e-01
5.2124591226e-02 -9.5331525753e-02 1.5277556243e-02 5.3314596261e-02 1.2929634350e-02 -1.0932983183e-02 1.0641114451e-01 -1.5642787577e-01 -5.6475663747e-03 8.9306842067e-02 -6.2189276961e-02 -1.7061972251e-02 1.2870010887e-01
-2.5487996267e-01 -6.3452864319e-02 -1.1030777247e-01 4.6705571385e-02 3.3813972407e-02 9.3909361414e-02 8.7218613836e-02 2.4285701802e-02 -1.7134571324e-02 -6.7795108565e-02 -1.5624082298e-01 5.7697920873e-02 1.2486821823e-02
-2.3272199493e-02 -4.3003976540e-02 -8.7918422153e-02 9.8232287268e-02 1.7411567597e-02 9.6784608862e-02 -1.1112354161e-01 3.9181302716e-03 9.6462834502e-02 3.6086208418e-02 1.3944544733e-02 -3.1266926980e-02 3.3723535533e-02
4.5517401639e-02 1.5685889554e-03 5.4564571249e-02 1.3158431011e-02 6.6394219034e-02 7.0235950775e-02 1.3064322474e-01 5.8414240527e-02 -1.2757041783e-01 8.7164034921e-03 8.3251890512e-02 2.6861547544e-03 5.3991325564e-02
-9.8930687855e-02 -6.8624164661e-02 -1.4504869931e-02 5.0491994282e-02 5.6341856842e-02 -7.5209435220e-03 5.7541169715e-02 9.8773412425e-02 -6.3363928143e-02 1.5348222844e-01 -7.1749008935e-02 -1.5628474146e-01 1.3886241596e-02
-1.1073246456e-01 1.1983729771e-01 1.8273888018e-02 -2.6287445656e-02 -2.4761815821e-02 -1.6865683436e-01 8.1066532422e-02 5.0098010496e-02 -4.5442121955e-02 7.5518493931e-02 -8.4637368086e-02 -9.2955946133e-02 1.2498214649e-02
3.3750362462e-02 -1.1331225080e-01 -7.0489630288e-02 1.0202290024e-01 4.7100033007e-02 1.1238294193e-01 -1.1648038240e-01 4.6419562553e-02 1.0983652334e-01 -2.8432304402e-02 6.7620490615e-02 7.2286146557e-02 -4.4083416042e-02
-5.6907000076e-02 2.9725909830e-03 -2.2195388412e-02 9.3417695697e-02 -2.1778749249e-02 -5.6339115379e-02 -2.4142250160e-02 -4.4084222313e-02 7.7953540424e-03 -4.4268710618e-02 -1.4103001805e-01 2.3881486167e-02 6.7249905495e-02
2.0173094578e-02 -1.0551342840e-01 1.9376668852e-02 -1.2375644610e-01 1.9477381707e-02 -6.2548278299e-02 8.4260126985e-03 -9.6095872334e-03 5.7415867763e-02 6.3129773341e-02 -3.4692726357e-02 3.2174704178e-02 3.2934392140e-02
-1.2509402297e-01 -4.4868027211e-02 -1.2217016212e-01 1.3929595471e-02 -1.0062425129e-01 -3.0023542409e-02 -5.9433698795e-02 -5.9935895692e-02 3.4589752520e-02 -2.0686090712e-01 8.2591855669e-02 3.1692730384e-01 1.7424053931e-01
-1.9611327225e-03 1.3511686707e-02 3.9916827910e-02 -5.2014933343e-02 -8.2115107330e-03 1.3097104640e-01 1.0866222170e-01 1.1375963684e-01 -2.2165999347e-02 -2.1343237621e-01 -2.4131993292e-02 9.2668872839e-02 2.8615200843e-03
-3.8009247294e-02 -1.0455418060e-01 -9.1794548911e-02 8.7739216329e-03 -6.0778278375e-02 5.5411104441e-02 -1.0062183014e-01 -1.3249979418e-01 5.4481008034e-02 -1.4224780622e-01 -1.0398568890e-02 7.4121369570e-02 -1.7236214393e-03
5.3143951452e-02 -9.5270843200e-02 -3.0651268611e-02 -1.4735906311e-01 -9.3952511562e-02 -1.6174321586e-01 -1.3596753996e-01 -1.4067031002e-01 1.0954058348e-01 -6.8284608556e-03 4.4997972445e-03 -4.0930575854e-02 1.8262138796e-02
-4.8068065452e-02 -2.7800997566e-02 -1.1071667150e-02 -1.1662161169e-01 -4.4474521558e-02 -3.4541716783e-02 1.2101176031e-01 -4.7578457433e-02 -4.3306646089e-02 1.3603391229e-01 -2.4081345016e-01 -1.4677662879e-01 1.3103816095e-01
7.7876032014e-02 4.8616219232e-02 9.0260272974e-02 6.0983570084e-02 3.3287914068e-02 -2.4987601676e-02 5.9132226782e-02 9.0675195620e-03 -1.0676405774e-01 -1.0471417997e-01 3.6983940212e-02 1.2772932686e-01 -2.7074365103e-02
-2.6231562211e-02 5.8334441974e-02 8.4768121662e-02 -1.5178341672e-01 -8.4256670814e-02 -9.3599323982e-02 2.8718631080e-03 7.1132026995e-02 -4.8348519634e-02 -1.7501702604e-01 1.1919019109e-01 1.2737661278e-01 -5.7881726388e-02
3.2878753302e-02 7.0632072642e-02 1.2496703594e-01 -6.1841892913e-03 -1.5049987538e-02 -9.4090443397e-02 3.5299868413e-02 2.6180430412e-02 -9.3319202912e-02 -5.8333286836e-03 4.5143961685e-02 -2.8630871204e-02 -2.6075482449e-01
4.0513707397e-02 -7.3113611181e-02 -4.8185208638e-02 -9.4429678298e-02 -6.9096379162e-02 -5.6527259214e-02 -2.7844573857e-02 -3.9806160792e-02 4.8125716869e-02 6.5055706531e-02 1.8722950130e-02 -1.3800314767e-01 -1.7428580946e-04
-6.0879697745e-02 -1.8566807386e-02 -4.1472737186e-02 4.8038922037e-02 -8.7280428652e-02 -5.8136387161e-02 4.3854105302e-02 3.7504465485e-03 1.1069149100e-01 -3.2018870384e-02 2.2726855714e-02 1.4133709882e-01 2.6740916909e-02
1.4892463681e-01 -7.6055388464e-03 4.5980074824e-02 4.9076510775e-02 9.7571391609e-02 2.7142064119e-01 8.4484429376e-02 9.8078437298e-02 1.0423113728e-02 -1.5873502843e-02 1.5122205479e-01 3.8221592882e-02 -1.7209944425e-03
9.9506952270e-02 2.0811529788e-02 -6.3227601422e-03 6.4137036859e-02 8.1265041824e-02 1.4763078571e-02 5.3964348837e-02 2.5626215893e-02 -1.9861312004e-01 5.5845066100e-02 1.8869587644e-02 -1.0443272504e-01 -1.4759447539e-01
1.0636535878e-01 -1.8683449460e-02 9.7903468623e-02 1.0895863906e-01 1.3743576490e-01 5.2054242241e-02 8.7406254577e-02 -3.9053235792e-02 -1.8219521963e-01 -1.2881523712e-02 -1.5684342635e-02 1.4753973366e-02 -6.1102571899e-03
-1.1679253291e-02 -6.9427520475e-02 -5.2517472732e-02 -5.6231677553e-02 -7.6256961409e-02 -2.4206314396e-02 -6.0341669698e-02 -1.6661908926e-02 1.2253106603e-01 4.6784945603e-03 -9.0637430433e-03 3.2493823141e-03 7.9628141087e-02
-1.1127646182e-01 -6.9513037120e-02 -8.6042745192e-02 -4.3099410997e-02 -7.8570326741e-02 -9.9838418367e-02 4.2390579173e-02 -8.5547656536e-03 -1.2374845444e-01 -1.6494971020e-02 -9.2929792602e-02 -2.1952024643e-02 -1.3398826230e-01
-9.2479830999e-03 -5.5636384704e-02 -8.1671955847e-02 -1.5673431530e-02 -1.9319958603e-02 1.6410743138e-01 9.5987342009e-02 4.3627038422e-02 1.3979943730e-02 -4.6105798422e-02 6.4646225613e-03 7.9070861379e-02 9.0604323875e-02
-1.2116437368e-02 -9.1347129083e-02 -5.3572550252e-02 -2.8932095682e-02 -6.5473153219e-02 -1.4257951668e-01 -9.5381610528e-02 -7.7000270822e-02 6.7752817746e-02 -2.2783823701e-02 3.6394562557e-02 -1.1140962914e-02 -9.3009588177e-02
-1.5742893983e-01 -3.1091533660e-02 -6.6536317798e-02 2.1744882625e-02 9.1691467447e-02 4.0455006545e-02 7.8773680904e-02 -3.3601750718e-02 7.6902193883e-03 -2.6642659137e-03 -1.2694267682e-01 -1.0648144653e-01 1.0198616581e-01
1.2015683569e-03 -8.7487620074e-02 1.1085264777e-02 -1.7604884878e-01 4.8048332452e-02 -3.1290064644e-02 6.4194877426e-02 1.0660906705e-01 8.2335023673e-02 4.4181621049e-02 3.0685378264e-02 -4.0395771072e-02 -3.2648476389e-02
1.9027950426e-01 -1.4164493191e-02 7.5453454687e-02 -6.3642974450e-02 5.1287081176e-02 -1.2319868310e-02 6.5973008963e-02 2.6384470059e-02 -1.7476700026e-01 2.8401647165e-02 9.1689208681e-03 3.4593804715e-03 -1.0103091263e-01
-1.4660693142e-01 -1.5454935576e-02 -1.4160048366e-01 3.7899377721e-02 -1.4865133681e-01 -4.4808384611e-02 -8.6999712486e-02 -2.9515489773e-02 1.3897684235e-01 -8.2522010808e-03 -7.3290175987e-02 2.6644624401e-02 1.9436788710e-03
8.6949926807e-02 7.3091117515e-02 1.3741775369e-01 -7.0970656524e-02 6.4683753385e-02 3.1985003562e-02 5.5371597798e-02 -8.1076440353e-02 -4.3821654860e-02 1.0526953117e-01 -1.0608885964e-03 3.0828476910e-02 9.1291543797e-03
2.5402740104e-01 -8.8480705894e-02 1.0543837131e-01 -1.5776074291e-02 2.1249713912e-02 -9.8458726698e-02 -1.1475446237e-02 -1.8051549643e-01 -3.2583598777e-02 5.9281169429e-03 -4.6200202733e-02 -1.9068014569e-02 2.4722817456e-02
3.7658726159e-02 -1.2511006358e-01 -5.9089713347e-02 9.6426047596e-03 -9.6545082412e-03 2.2897326350e-02 -6.6613788143e-02 -5.5072331503e-02 1.7041634537e-01 1.3654088975e-01 -1.1958052562e-01 -6.0270637842e-02 5.0569569658e-02
-2.3789431537e-02 6.4397151432e-02 1.4700402328e-01 -8.0101339193e-03 1.0025498514e-02 1.1963274400e-03 2.1223863549e-02 6.3418962325e-02 -4.7746079278e-02 -6.5271161136e-04 -2.6230359622e-02 -5.8894297061e-02 -1.0292247463e-02
-7.7131521337e-02 6.7523219078e-02 4.7284028675e-02 -6.4869342353e-02 7.5936335969e-02 -4.1729089872e-02 1.5338248755e-02 -6.2871560016e-02 -5.2364493824e-02 -6.1256593046e-02 -1.0131092465e-02 2.6735842619e-03 -9.7156340219e-03
-1.1032309743e-01 -5.9716870404e-02 -1.2018652926e-01 -2.0476524893e-02 -1.1904217387e-01 -3.9105756425e-02 -4.7766624696e-02 2.0750574134e-02 1.0663052075e-01 -2.0745035571e-02 4.8260841122e-02 -9.7859940799e-04 -2.9352251637e-02
-9.5305225262e-02 -7.9284463718e-02 -8.1323121214e-02 -3.6004816608e-02 -1.4035617409e-01 -1.1425206793e-01 -4.5692156282e-02 -1.1708685606e-01 9.4998878896e-02 -6.6601296797e-02 3.0192395415e-03 1.3270303280e-01 -2.4619438463e-02
-2.2488963226e-02 -8.6580780299e-02 -6.0624525802e-02 -2.6607327613e-04 -1.9525548503e-01 -4.4114600846e-02 -1.0161338747e-01 -9.9185698369e-04 1.6577028321e-01 5.8666130730e-03 4.3931106976e-02 2.8168793399e-02 -1.9998451813e-02
1.4583795445e-03 -1.0813799686e-01 -9.6971686111e-02 -6.0681829198e-02 -4.0627699244e-02 -6.9340348284e-04 -3.5177523442e-02 1.4026884420e-02 -5.2871808800e-03 9.2742283024e-02 -7.6312501126e-02 -3.0679922867e-02 9.8037517000e-03
7.8157636705e-02 6.9344871324e-02 1.0904444858e-01 -7.4709899781e-03 -7.3254244069e-02 -5.9191100485e-03 -4.8425565873e-02 1.6379050101e-03 -2.8056404620e-02 -6.7289197339e-02 -2.7152013318e-02 3.0315734657e-02 -8.6428063558e-02
1.9901575225e-02 -4.3720058080e-02 -3.2521261540e-02 -7.6595600056e-02 -6.1605144614e-02 2.8095568475e-03 5.7888130078e-02 1.4401810784e-01 5.9215019276e-02 8.2523737856e-02 1.9400736356e-02 3.7729235716e-03 4.3430080047e-03
-5.8612903745e-04 8.3304665691e-03 1.0554925876e-01 -1.0349857768e-01 6.2816013612e-02 4.2727130519e-02 3.6658897280e-02 1.3241776200e-01 -3.9140833498e-02 2.4986049073e-02 7.7007336432e-02 -2.2138596898e-02 1.6923189496e-02
-4.1049553422e-02 6.7082865940e-02 4.9786662886e-02 9.9124832967e-02 6.7491771745e-02 9.1235396744e-02 2.1410308467e-02 5.0954048333e-02 1.4289308962e-02 -1.4766302127e-02 -2.1442201585e-02 -6.4356630590e-02 -9.8535303185e-02
3.7681294751e-03 -2.9090095715e-02 1.6708310794e-01 -1.1587607556e-01 2.5765578517e-02 -5.1704496495e-02 8.7347138027e-02 5.7703318166e-02 -4.8048313633e-02 2.0748461354e-02 8.5428832935e-03 4.4606939575e-02 -1.2144325286e-02
-3.0747253478e-02 6.7449148665e-02 1.1936705920e-01 4.5891293650e-02 7.6788613797e-02 -4.9909271787e-03 2.5264708602e-02 8.0646122970e-02 -6.4970221393e-02 1.3126770904e-02 1.6398088599e-02 -4.1346320663e-02 -9.4383916578e-02
-2.5322598251e-02 -1.5027424478e-01 -1.2300653158e-01 -7.3828739912e-02 -2.0383048433e-02 -1.0564290198e-01 -1.3250689280e-01 -1.4434349210e-02 5.2249219827e-02 1.6211177115e-01 4.0913853073e-02 -1.0510743639e-01 -8.4323235587e-02
1.4193692104e-01 -3.9354423723e-02 9.0091626694e-02 -1.3470585097e-01 3.1504438670e-02 3.3660099980e-02 2.0564600000e-02 7.1056495362e-02 1.9926801685e-02 3.7955313783e-02 -1.7173238439e-02 7.3373344541e-02 8.2210280650e-02
1.1258240368e-01 1.4565861106e-01 1.2085779609e-01 6.1633891581e-03 8.5689243233e-02 4.7201394816e-02 4.6678389304e-02 2.3147303559e-02 -4.0054588657e-02 5.3099230009e-02 3.4706534585e-02 -3.7297842539e-03 -3.0898227538e-03
-5.5773486158e-02 6.2820459442e-02 3.1530102175e-02 -8.3562353854e-02 1.2997383622e-02 -1.5329198837e-01 2.0120249646e-02 3.8642414720e-02 -2.5855637953e-02 1.2110987062e-01 1.2163168048e-02 -6.3077041179e-02 -7.3811212057e-02
-3.2466324582e-02 1.5238051176e-02 -5.8619945530e-02 3.6125687766e-02 -5.6107779388e-02 -1.2677541405e-01 -7.9462778422e-02 -7.6226454827e-02 1.0679777536e-01 -6.4402102881e-02 -9.6042727494e-03 6.3142169376e-02 -9.2783942014e-03
-1.2126938833e-01 1.1479594700e-01 -1.1268713748e-01 1.1446427476e-01 -5.4152294960e-03 4.4116290566e-02 -8.1011894884e-02 1.6300212323e-01 4.0227775657e-02 5.8522969509e-02 7.1658439983e-02 3.2745242712e-02 2.4399178245e-02
4.2386541559e-02 -8.0436943166e-02 -2.1068388238e-03 -1.6716897402e-01 -5.5305795853e-02 -8.9946177314e-02 -5.2756119291e-02 6.4775091711e-03 1.0419909122e-01 4.8902675215e-02 1.3627249370e-01 -4.2044765752e-02 -5.5806690313e-02
-6.4048971206e-02 -6.8878704098e-03 1.6591463479e-02 8.8043292822e-02 -6.3566836032e-02 -4.6058251956e-02 -1.0785482254e-01 3.6416386880e-02 7.7167756143e-02 4.4943123728e-02 2.9727392941e-02 -4.5466042022e-02 -1.0226797582e-01
7.0118976821e-02 7.3481936994e-02 3.8870465750e-02 1.5562775580e-01 1.1704344437e-01 4.3093080974e-02 -1.8287842768e-02 2.8371675038e-02 2.3188871800e-02 8.0739248293e-02 7.6384197274e-02 -1.4929450086e-01 -1.8419351319e-01
4.1862751495e-02 -2.5636940942e-02 -6.9695334970e-02 1.1441173769e-01 6.6810182607e-02 1.4587325138e-01 -3.3284715930e-03 -4.9468480942e-02 7.8728311946e-02 7.7846392302e-02 3.2376665240e-02 -5.9972456666e-02 1.1175898485e-02
-4.7362810338e-02 5.8653692377e-02 1.3732273592e-02 -9.7955057755e-02 -1.0604240980e-02 -3.1428244258e-02 -2.8624478331e-02 1.0522398400e-01 1.8104757849e-01 1.8986501360e-01 4.6275648924e-02 -2.1473928671e-01 -4.9954926450e-02
8.1464474967e-02 5.7507252482e-03 4.2843079522e-02 -2.5246627573e-02 5.6760205153e-02 4.4151384827e-02 1.0393518362e-01 -2.5853472767e-02 -9.5002925761e-02 -3.2867046143e-02 1.5574415164e-02 -8.2457863241e-03 6.2008430933e-02
1.3731063899e-01 -7.3424816738e-02 2.5655625795e-02 2.4800747349e-02 1.7249674364e-01 5.2901533132e-02 -3.3051904842e-02 -4.9953673418e-02 -6.9908429776e-02 -5.1514515386e-02 7.5072666257e-02 5.9952088144e-02 5.9826081753e-02
5.7117871679e-02 1.3306523270e-01 8.6485064984e-02 7.7710909046e-02 1.4174421891e-01 1.1814043575e-01 1.2760850743e-01 -4.6424011499e-03 -1.2221964919e-02 9.5006130761e-02 9.8065357186e-03 -8.8354064512e-02 6.7582410576e-02
-1.5532980771e-01 -2.2108133377e-02 -1.1389074885e-01 1.0374953289e-02 -1.7658769043e-01 1.0225879914e-02 -2.6699666195e-04 2.5889733347e-02 6.4418891388e-02 2.2338004440e-02 -4.0097680334e-03 9.5287185548e-03 -8.8664373129e-04
-5.9667682360e-02 2.0217036487e-02 7.5182037396e-02 1.0650889187e-01 4.9975037392e-02 1.0628204314e-01 8.8635073677e-04 7.8502465141e-02 7.5838259212e-02 -3.7471093111e-02 -2.2684255833e-02 -1.1710209477e-02 -8.2995927561e-02
-1.3055384520e-01 -8.7228300464e-02 -1.9897202823e-01 -3.0029133027e-02 4.4173103559e-02 -1.7899364516e-01 -1.3080053753e-02 9.6624599014e-02 7.5608197420e-02 -1.8310431678e-01 2.2968141274e-01 1.8344881946e-01 -1.5568659089e-01
-1.2942861174e-01 -1.0912284812e-02 -5.1122577400e-02 7.2053454797e-02 -8.6511016546e-02 2.5222677676e-03 -4.1637294214e-02 2.9192721560e-02 2.0294836768e-01 -1.2726110926e-02 1.2457154296e-01 5.8673937282e-02 1.5156208171e-02
1.8735384587e-02 -9.7068178619e-03 -1.8125645768e-02 2.7283452168e-02 1.2151102160e-01 8.7588555680e-03 1.4629599408e-02 3.7202934860e-02 -5.1218895645e-05 2.6999824683e-01 7.6219829373e-02 -1.7705642351e-01 -5.2799984834e-03
-7.5151257067e-02 3.8092294729e-02 -3.9839480623e-02 5.4983729042e-02 6.1345641058e-02 -3.8040061025e-02 -2.1580223117e-02 -5.7080869153e-02 7.7359966081e-03 5.7686298241e-02 -3.3548185901e-02 -8.2888609320e-02 2.2135555265e-02
9.3657298682e-02 -5.4718533708e-02 3.0026509814e-02 -2.9775559931e-03 -3.5126667014e-02 -3.6258345510e-02 -7.5568323494e-02 -2.7121472344e-02 4.8685572298e-02 7.3934579223e-02 -1.9548052938e-01 6.9132078150e-02 1.3564510887e-02
-2.1800683386e-02 9.7253736623e-03 -6.9116097333e-02 -1.3090171353e-01 1.4521734371e-02 1.0219707338e-01 1.7978625481e-01 -3.6740175013e-02 -1.1653906561e-01 -5.0196880554e-02 -1.2962279089e-01 -1.1649519423e-02 1.5355080185e-01
1.0815805941e-01 -1.0934683082e-01 -1.0194374739e-01 -5.3851950723e-02 -8.0719614459e-02 7.9316546536e-02 -2.1322148472e-02 1.0925902498e-03 9.8012238911e-02 -9.9155698115e-02 -5.7607366545e-03 -3.1664562599e-02 5.5689320746e-02
3.2563442754e-03 -3.2825240084e-03 3.9787938409e-02 -8.6405380183e-02 1.5387040573e-02 -3.5141321079e-02 2.7008397364e-02 4.7137904106e-02 -1.8691460989e-02 1.1161427930e-01 9.6807078751e-02 -1.6741125441e-01 -1.3335299040e-01
1.4801868049e-01 7.2745261570e-02 3.3256830727e-02 6.5811394894e-02 8.0202745104e-02 -7.1588574766e-02 -1.0562342187e-01 -8.5991355422e-02 1.4102407916e-01 5.3934462140e-02 1.4900525560e-01 -7.8054279548e-02 -1.4008739741e-01
-9.2124346923e-02 1.3212615032e-01 4.5289036888e-02 4.7317012889e-02 -4.4478726595e-02 3.1848703542e-02 2.7982582949e-02 4.0796108740e-02 -8.2262261136e-02 -3.7668139000e-03 8.4880679024e-02 2.4770890917e-02 -1.7595503794e-01
3.2714117965e-02 7.0893088742e-02 1.0419482116e-01 -6.5245556947e-02 1.8785354590e-02 7.3971184581e-02 9.8346837858e-02 -1.3453437452e-02 -2.0332872955e-01 -1.9133940984e-02 3.9171329494e-02 -7.9997601817e-02 1.6195824606e-01
1.7300119657e-01 5.5029640123e-02 1.8463870128e-01 -7.9573073437e-03 6.7704602258e-02 2.7934235885e-02 5.7306076177e-02 -1.6482138141e-02 -1.4959994569e-01 5.1132840611e-02 5.8214706131e-02 -2.6555916875e-02 -6.3658708674e-02
