1.2322973945e-01
5.3449927519e-01
-7.1684633537e-01
1.6130271655e+00
7.9486765004e-01
-1.2389344143e-01
-5.6909044074e-01
3.4965186830e-01
-1.8314915474e-01
4.7979356220e-01
2.4266351331e-01
-3.2641823854e-01
-3.8287447868e-01
6.4037756163e-01
1.3593057440e+00
8.0545318606e-01
1.3816777644e+00
-2.1882371224e+00
-8.0900513947e-01
1.8078493967e-01
-2.3143140881e-01
1.9031613130e+00
4.9418432889e-02
9.0869391805e-01
-2.6509026868e+00
4.8920236791e-01
1.0921980191e-02
7.3772358914e-01
-1.1639395893e+00
2.3839870848e-01
4.1883388236e-01
-9.2976121623e-01
-1.9788355246e+00
-8.3795584118e-01
1.3610773673e+00
1.1134689507e-01
1.2227906947e-01
-1.1173092455e+00
1.4113632762e-01
-3.0982490824e-01
-2.6915817278e-02
1.0985558930e+00
-9.7970801438e-01
-4.4451716512e-01
-3.1892584025e-01
1.0199387244e+00
-6.8579074891e-01
1.3516126775e+00
7.1281958565e-01
-5.1888783103e-01
