-5.3867323925e-01
4.2686499860e-01
-4.4820902619e-01
-9.4115605661e-01
4.1921210183e-01
-1.7575224591e+00
3.4107222870e-01
-1.6567340564e+00
-1.0403817966e-01
3.3645659673e-01
-3.7686249616e-01
2.3459345584e+00
-2.2198048840e-01
-7.6081240490e-02
6.8179013902e-01
-5.1324283034e-01
-1.1696386146e+00
1.1897087356e+00
9.5324605439e-01
-2.8192976136e-01
-2.1913728075e-01
-8.5998892307e-01
6.2745641652e-01
6.0152230276e-01
1.0211867525e+00
-4.7902090771e-01
3.7696559364e-01
-1.3436402341e+00
-1.2163500723e+00
3.0046242650e-01
-2.2532835720e-01
-1.6480510260e+00
6.2791842256e-01
-1.0704015472e+00
-1.0245243624e+00
1.0755994674e+00
-2.9713668897e-01
-4.9702097468e-01
1.0452393988e-01
5.9921090571e-01
2.5241809664e-02
