-6.3451436027e-01
1.1905576499e+00
-1.9355686911e+00
7.2351370037e-01
-1.7803869974e+00
4.1725132895e-01
7.9042661380e-01
1.3165717677e-01
-2.3320010327e+00
1.6516249423e-01
-1.9319899197e-02
7.4207802610e-01
2.2489966417e+00
-6.4302067365e-01
-8.3665566694e-01
2.4338311300e+00
3.4459812853e-01
-1.5937778103e+00
1.6111906622e+00
-7.2120071406e-01
4.1268165074e-01
-9.9057864150e-01
1.2576143823e-01
1.2611428037e+00
-3.9631678206e-01
-1.2036836890e+00
1.2661213849e+00
-5.1983061477e-01
-7.0121427355e-01
1.9696294733e+00
-2.0593393422e+00
1.0052909700e-01
-4.2776471331e-01
-6.0364275181e-02
-1.7819151394e-01
5.8374484073e-01
5.5379929985e-01
-3.2994687111e-01
-1.2776429903e-01
1.9693296231e+00
-1.5316978175e-01
-1.4346370961e+00
-9.0832440511e-02
9.7127244581e-01
-4.3596309557e-01
-1.6194753030e+00
6.8732798749e-01
4.2649257211e-01
4.8826678888e-01
-1.9468706848e+00
1.5734300151e-01
-1.1201858316e+00
-2.6985091440e-01
2.3233417336e+00
-2.3998677728e-02
-1.4738425686e+00
1.8883903511e-01
6.7297992094e-01
-2.6133162200e-01
-5.3637122533e-02
-1.6224926678e+00
-1.2185276797e+00
-2.7025462426e-01
-6.6938298085e-01
-4.9886046633e-01
-7.6653913226e-01
-4.1199295199e-01
-4.0331945891e-01
-4.4609097936e-01
-1.2446031961e+00
4.9687428206e-01
1.5770845659e-01
9.4805197610e-01
7.1164944326e-01
-2.1903756871e+00
2.0290478102e+00
1.1384864214e+00
-9.9986034798e-01
-3.5010723970e-01
8.9593129925e-01
1.1070849863e+00
2.1107343700e-02
-7.9222962408e-01
9.9274720027e-01
-1.4678938555e+00
-8.1781342615e-01
-1.3077585549e+00
1.9779303365e+00
-2.1370471120e+00
1.2542806248e+00
3.4098787126e-01
-6.5288792913e-02
2.4832604288e-01
-1.4758727016e+00
-8.7432072432e-03
-1.2971884524e+00
4.2937445907e-01
1.8981858737e-01
-4.6337005003e-01
1.9040284640e-01
-8.2503200290e-02
-1.9867875587e-01
-6.9040419375e-02
-8.3478725866e-01
-6.5176249034e-01
-1.0468746106e+00
3.3198776996e-01
-2.5515397751e+00
3.1903700962e+00
9.1997619688e-01
1.8434263465e-01
-7.1865379740e-01
8.4818368372e-01
-1.3736035581e-01
1.2519068734e+00
2.6682787986e+00
-2.1752320905e-01
1.0334495389e+00
1.6266616582e+00
1.4611794126e+00
-1.1140780294e+00
6.9089937013e-01
-1.5612028483e+00
-5.2984146188e-02
-5.4476008073e-02
7.0045892959e-01
-6.4841504238e-01
4.0646834236e-01
2.0612300393e+00
-1.5142461530e+00
-3.5696969513e-01
-7.3381527691e-01
7.9260176847e-01
2.3543372862e-01
-9.9498884656e-01
2.3707746142e-01
2.7120945281e-01
-1.8533667492e-02
-8.0194159179e-01
4.5508575740e-01
2.8670680825e-01
-6.2053361381e-01
1.4359928211e+00
1.9652101612e+00
1.6250608980e+00
-8.1268091889e-01
-1.2552176911e+00
1.3730349669e+00
7.7127914076e-01
-8.4172607962e-01
1.8074484939e+00
-3.6188840851e-01
9.1863705420e-01
5.1820022523e-01
-9.3185466448e-01
9.4212810999e-01
1.3501013874e+00
1.6763218943e+00
-1.0628258163e-01
4.8006701600e-02
-1.2731960309e+00
1.5523234470e+00
9.7057891770e-01
-3.9016152550e-01
-5.8825077891e-01
-1.8361578715e+00
-3.9113548821e-01
-4.0002434915e-01
-7.1183147559e-01
3.7554325669e-01
1.0321456592e+00
