6.7373320805e-01
3.9566952855e-01
8.7699430715e-02
-2.5928114846e+00
7.3097605632e-01
-3.2112743337e-01
-1.0713861090e-01
-5.8798933476e-01
-4.9428091397e-01
1.1399270858e+00
1.2880427300e+00
-2.1330665845e+00
8.0814507714e-01
1.8873164566e+00
-1.6331027012e-01
2.4389419872e+00
-7.6893117123e-01
7.4666228467e-01
6.2964420813e-01
-5.1832063737e-01
7.5735647407e-01
-1.1239656399e-01
3.3366963843e-01
3.2128265441e-01
3.0731086064e+00
-1.9705928678e-01
1.2868287910e+00
1.4003072652e+00
-1.2445707181e+00
-6.8372923602e-01
1.0415106449e+00
-2.8115537860e-01
-3.6782767033e-01
-5.9609273793e-01
1.5474144187e-01
-1.3306776496e-01
8.0034689470e-01
-2.0618022397e+00
1.5536121588e+00
4.6048221718e-01
-8.6312750263e-02
-6.4758371789e-01
7.7566791209e-02
5.9084685001e-01
-9.0906344085e-01
-1.1356075883e+00
-8.2695703847e-01
7.5140488253e-01
-5.1243290425e-01
5.9077821931e-01
-6.7746553981e-01
1.4542481294e+00
1.8249556210e+00
-6.9667492885e-01
-3.3593491439e-01
1.7067647178e-01
1.5264151396e+00
7.1524992062e-01
-5.3731745113e-01
-8.6787103314e-01
-5.2090307168e-03
6.3088389001e-01
-7.9399320509e-01
-6.0265431379e-01
9.9205627955e-01
-1.1911507796e+00
1.2559419312e+00
5.9454662205e-02
-2.3915770890e-01
1.0973629553e+00
2.4266975587e-01
-6.8671255712e-01
