7.5845610131e-02 1.5315099276e-02 1.3290999014e-01 -5.3138106989e-02 9.2447124009e-02 -2.0034231896e-01 4.5224974390e-02
2.4144403437e-02 -1.7760309086e-02 -4.9307874953e-02 -1.5874028059e-02 1.0707531975e-02 -1.2216065623e-02 1.3895055607e-01
-9.8378256099e-02 -6.5578022794e-02 1.7727934824e-02 6.8694299475e-02 2.4895075019e-02 1.2516806362e-02 1.1214823925e-01
-7.7636807145e-02 1.3958798789e-03 8.1716388913e-02 -1.4927486989e-01 -6.0095046869e-02 3.5551661285e-02 1.3524291402e-01
-6.8176769146e-03 3.5622183744e-03 5.8718794358e-03 1.3344575609e-02 -6.1525155483e-02 1.6386330803e-01 -1.5883043267e-02
1.1980792942e-01 7.5956812792e-02 -1.6169671874e-01 -3.8700468906e-02 -3.8099533068e-02 -5.8221447644e-02 -1.5847609641e-01
4.8372226800e-02 8.6752287542e-02 3.4170650782e-02 -3.8003294705e-02 -6.8312928354e-02 2.7051815268e-02 8.3100071498e-02
-2.4881264224e-02 9.2618324056e-02 -5.7390601759e-02 -4.4684131812e-02 -3.3145584039e-02 6.7169889009e-02 -1.3375543408e-01
6.7403171084e-02 -5.0592913752e-02 -5.8902799382e-02 7.8163789481e-03 -2.1537346433e-02 -3.5888654474e-02 -1.7473338214e-02
1.7191462231e-01 4.6881544998e-02 7.3283680558e-02 2.6591667925e-02 -2.6257922632e-03 -1.6159543895e-02 -3.7250417341e-02
1.0901876451e-01 -1.0154912692e-02 3.3076304821e-02 -1.1892570199e-01 1.1983343577e-01 1.7100459153e-02 -4.4702207959e-03
-1.3727999946e-01 -6.8045868410e-02 -5.9161640760e-02 7.5611446160e-02 1.8711418247e-02 -1.2729649190e-02 1.2919940062e-01
7.2327273965e-02 4.2125959022e-02 5.2038687077e-02 -1.0523630705e-02 7.1180597852e-02 -1.0255508902e-01 1.0124168341e-01
4.8068195441e-02 7.2592216184e-02 -7.0689422047e-02 3.4500970649e-02 1.1451698553e-01 -8.0916443307e-02 1.0577993832e-01
-1.2359473001e-01 8.0208945439e-02 -6.7934112327e-02 7.2309358380e-02 7.4652066552e-02 8.3851152076e-02 1.4438698883e-01
6.2027191113e-03 2.3193895218e-02 -4.3414896848e-02 -6.4436838517e-02 1.0074292038e-01 2.0428971174e-02 2.0070350015e-02
-2.4460451440e-02 -6.6016238360e-02 -1.7946192633e-02 3.8074068444e-02 4.0514322523e-02 -8.9327352207e-03 3.0893143721e-02
-8.2295975323e-02 1.5355419701e-01 1.0716707245e-02 -5.2027824303e-02 -3.7853657576e-02 8.5996770629e-02 -1.7372980987e-01
3.3474383535e-02 -1.0825585948e-02 6.5227953049e-02 -1.2105494917e-01 -3.0709110387e-02 -1.5323209624e-02 -1.0294913570e-01
-5.5835119479e-02 9.4669467895e-03 -3.3008005593e-02 4.5477767941e-02 2.6612858861e-02 -1.3575490224e-01 7.4843525261e-02
6.6810527024e-02 4.7881191827e-03 -3.9519271252e-02 -1.4563061726e-01 -1.8675485782e-01 -2.2491574130e-02 -2.8058296177e-02
-6.8066185643e-02 -1.5740691668e-01 -1.2391623433e-01 -1.3656665915e-02 -5.7121040974e-02 -5.4681628475e-03 -4.9128632845e-02
-5.2447634070e-02 9.0660686369e-02 1.0246665361e-01 1.0073783097e-02 -1.9623739223e-01 3.2863867215e-02 1.7303544788e-01
1.9400762088e-01 -6.8801989890e-02 -1.5615369390e-01 1.6401760043e-01 3.8882182821e-02 1.6865998354e-03 4.3203232315e-02
-1.3106116135e-01 -4.4237693642e-02 9.2883190865e-02 -7.4015703842e-03 -8.3238279751e-02 2.1443538337e-02 -5.9969994096e-02
1.6974325173e-02 -1.2372776271e-02 -4.4779291416e-02 -2.5382800900e-02 2.5326251286e-02 -1.7912447549e-03 9.3692441655e-02
8.2681548723e-02 -4.3161722766e-02 -3.1428367158e-03 -7.6313689736e-02 -4.2377843097e-02 -6.1740445846e-02 3.7713402857e-02
-2.8789894647e-02 1.2283334986e-02 9.3851354259e-02 3.0379819994e-02 -1.9350809916e-03 5.7877517977e-02 -6.7443342835e-02
-3.0777888032e-02 -3.4230220047e-02 -5.5134578243e-02 -1.2670239573e-01 5.7212735374e-02 -4.4555103241e-02 -2.1296625908e-01
-1.7755201501e-02 1.6412869154e-02 -4.9728555018e-02 -4.1854576377e-02 -1.7683771202e-02 -1.1636671176e-01 -1.2237967180e-01
5.1720956987e-02 -1.1239132244e-03 -8.7083377437e-02 8.2113205386e-02 -1.7895063749e-01 5.3254967135e-02 9.8553326318e-02
-1.0255060090e-01 3.6440523456e-02 4.8371828364e-02 1.5060575328e-01 -5.7610845575e-02 -1.2909705797e-01 -6.2533634122e-02
-8.5880042845e-02 7.7901060801e-02 -1.1679773187e-01 3.0331405369e-02 -2.6519289978e-02 4.6831333931e-02 -2.7626889305e-02
8.3383105232e-03 -1.2265380566e-01 -4.1544021905e-02 -1.9574592639e-01 1.2027981876e-01 -7.9241634550e-02 -5.7406938538e-02
2.2361075071e-02 -1.1183587796e-01 1.1271953220e-01 7.8136680352e-02 -4.3863674167e-02 -1.8618281881e-02 -1.0866186912e-01
9.5539785079e-02 1.5084925108e-02 -1.5704594362e-01 6.4131737179e-02 -1.0564506401e-01 -1.8736815918e-02 7.3433583696e-02
3.9666021845e-02 1.1587572964e-02 -4.6119731650e-02 3.6205622215e-02 1.7499585686e-02 6.7154668499e-02 4.4013814545e-03
-2.4198166947e-02 3.6508001179e-02 -1.0675599073e-02 5.5507586384e-03 -2.4582951348e-02 1.4096380460e-02 -9.4944908871e-02
9.8893955582e-02 -5.3618411561e-02 1.3535855916e-01 1.8609002146e-02 -6.8781504775e-03 3.8339965691e-02 -1.2317334006e-01
-9.6705224760e-03 1.5669996553e-01 -4.5426009807e-02 1.2170341291e-01 -1.0749708550e-02 -1.0321819142e-01 -1.1662993042e-01
1.3544500499e-02 -1.5228758843e-02 -3.8524286603e-02 -2.6577618747e-02 2.2233042988e-03 -4.6319752524e-02 4.2945528617e-02
-1.9378854079e-02 8.7989579763e-02 -1.0158609412e-01 -1.9202930739e-02 3.7348833882e-02 -6.5938456688e-02 -3.8612296729e-02
-6.9929436614e-02 -3.7982797586e-03 4.8313960664e-02 3.7763854845e-02 -7.5316533906e-02 8.9450394437e-02 1.2590778871e-01
1.0206519290e-02 2.4618875147e-02 2.0952531173e-01 -1.2530788840e-01 -1.3734020032e-01 -2.1435053811e-01 7.5221094416e-03
1.5022112972e-01 -4.2258870470e-02 5.1029135902e-02 -1.1125170061e-01 2.0714383406e-02 1.4445549432e-02 -6.9100054038e-02
-3.1088441496e-02 -1.6497929577e-01 -1.0077806550e-01 -8.2166500181e-03 -2.4321625415e-02 1.0154588764e-01 -1.6775284593e-01
1.9365670831e-02 6.8391413849e-03 -6.9885078295e-02 -1.3703211022e-02 -3.9746537318e-02 2.4080437895e-02 4.3521567136e-02
-2.4813537302e-02 1.3414298893e-01 -7.3376523867e-02 5.3336696391e-02 2.3012878758e-02 1.6269416905e-01 9.8359681140e-02
7.1175169619e-02 8.8744248467e-02 1.1861092714e-02 3.7591024824e-02 5.0500603768e-02 4.3052107184e-02 -2.6246815976e-02
-9.1086264745e-03 6.7881860910e-02 -3.1484986475e-02 -5.6727634676e-02 -1.0587300599e-02 5.7187278074e-02 6.3777681490e-03
1.2877203268e-02 7.6366957107e-02 1.0031726772e-01 -6.6331169328e-02 3.4717428245e-02 -4.7302841084e-02 7.9311591977e-02
4.6661030151e-03 -2.4883270895e-02 6.2718997975e-02 1.8032955568e-03 9.0190696209e-02 -7.7243309028e-03 4.5553261240e-02
5.7992706562e-02 -4.3327757806e-02 -2.4045436315e-02 1.5777047072e-01 -4.5131735492e-02 1.2526254350e-01 -3.5329083260e-02
-8.2494043531e-02 7.7612765995e-02 -4.1702684475e-02 -8.0235331006e-02 -5.2602171481e-02 3.3340970703e-02 7.7064597981e-02
5.7514913813e-02 3.7339318733e-02 2.4001867467e-02 -1.2406254147e-01 -4.7334541883e-02 -5.4594842025e-02 -5.9637465025e-02
-1.6323360249e-01 7.6610244071e-02 -3.7933191465e-02 -8.3403361087e-02 -5.0343946919e-02 2.7537785967e-03 1.0747217024e-01
-9.1733323002e-02 -4.1488769615e-02 5.0791144082e-02 1.1821089803e-02 5.7328680600e-02 1.6811589351e-01 1.1950011905e-02
8.7083392014e-02 -7.3338264862e-02 -6.5220990669e-02 -1.3627649173e-01 -1.2536211950e-01 3.6514504405e-02 -3.4045131261e-02
1.5656480296e-01 -3.3727982464e-02 -1.8987209918e-02 -3.3180206266e-02 -1.2278645755e-01 -7.5487412188e-02 -4.3105068392e-02
1.7274843922e-01 7.2925419814e-02 -1.4120500049e-01 -1.3528743129e-01 6.8784223787e-02 -2.3540902009e-01 -4.6608317527e-03
3.5823487966e-02 -6.5446475619e-04 -7.9620679006e-02 -7.5854068990e-03 1.1159597007e-02 -4.5535605833e-02 3.6198972345e-02
8.1123441246e-02 1.0321352643e-01 8.5410395166e-02 3.7839569642e-03 -1.5868696290e-01 7.3665559144e-02 3.2973957865e-02
-1.7390172752e-02 3.7813744422e-02 -8.8894504587e-02 -3.8503343864e-02 -2.3314230922e-02 -3.5936849572e-02 8.7075754197e-02
-1.8687736694e-01 -1.7480951608e-02 -5.3471318529e-03 -5.5748114745e-03 4.5737139094e-02 2.1154580632e-02 1.4932145376e-01
-7.8383497408e-02 -4.2842449603e-02 5.4008905036e-02 3.9213235292e-02 -8.5588769503e-02 1.2761126062e-01 -8.6647363552e-02
-4.9612013676e-02 3.3748603224e-02 -4.7644623139e-02 6.9117502866e-02 -5.9375699321e-03 -1.8156199966e-02 5.3498608794e-02
-9.3175007677e-02 5.8769190952e-02 1.0652607012e-01 -1.0958388558e-02 4.7100566442e-02 2.5608599794e-02 -3.7495880838e-02
-3.9425016694e-02 -1.2218708005e-02 1.0280424377e-01 9.7784713662e-02 -1.9866448211e-02 -3.6457913070e-02 -4.7201948281e-03
6.7793548836e-03 -6.6311990564e-02 -6.8868821205e-02 -6.0904812844e-02 4.4089134724e-02 7.8340624959e-02 4.6676946384e-02
2.4834347304e-02 -6.6186082393e-02 -4.1715728851e-02 -2.1929038212e-02 -4.2931323865e-02 7.5272168465e-02 -6.0605089323e-02
-1.5377503514e-02 1.5200286639e-01 3.8426855218e-02 3.4351802485e-03 7.5833452511e-02 -2.4807504322e-02 -4.9784432381e-02
7.4597777639e-02 -2.8486793596e-03 -1.4223729558e-01 -6.6852946847e-02 8.8845351115e-02 -6.8290879963e-02 1.6647368865e-01
8.4017992206e-02 -4.8632032850e-02 2.6534513630e-02 4.6762079282e-02 -1.2294220227e-01 -7.2951118376e-02 1.7524652405e-01
1.2001902358e-01 9.7158623220e-02 5.2488245607e-03 -1.8558643577e-01 -2.4209872515e-02 -5.3858410195e-02 -9.5199751916e-02
-1.6577989628e-01 1.6509983896e-01 -1.3658012799e-01 -2.8849718044e-02 3.8957990421e-04 -1.5114039037e-01 -1.1681259126e-01
-8.5998788521e-02 9.7136407969e-02 1.1844018151e-01 5.6487273875e-02 9.8217086950e-03 1.1780057388e-02 1.6268924903e-02
-7.1805862334e-02 -8.4612489953e-02 -5.7198540895e-02 -5.8690943423e-02 6.4238208328e-02 1.4361018685e-01 1.8246072091e-03
1.4244884750e-02 -4.0832085701e-02 -5.7743123982e-03 7.1732416409e-02 -2.3924670889e-02 -1.1103987247e-01 -1.5619262082e-02
1.6880481635e-01 3.2096463154e-02 -1.3037005772e-01 -1.0002284582e-02 -1.0459226232e-01 -2.7418003494e-02 1.0036682651e-01
6.2018123940e-02 -1.7040361069e-02 -9.3457560768e-02 -7.3708155392e-03 -8.7490368505e-03 -7.3292100210e-02 9.4870650672e-02
5.9261426204e-02 -2.2863182897e-02 -2.9540934767e-02 4.3801793311e-02 -1.1973847108e-02 -8.3196439074e-02 1.4029162877e-01
1.6658183829e-01 -7.5437573151e-04 7.9232799189e-02 -5.0415459244e-02 -8.3524264069e-02 1.6544760129e-01 5.2098621029e-02
1.2811676030e-01 1.0039583426e-02 3.9003528039e-03 -1.2258677029e-01 1.5023093088e-01 5.9235665295e-02 1.3788504018e-01
-1.2516323631e-01 -7.1440145923e-02 -1.9103183790e-01 -5.4319630523e-02 -1.2363346891e-01 -1.7476666519e-02 -2.6155382430e-02
-7.1346959251e-03 1.2967275015e-02 -1.6331993746e-02 1.9866189036e-02 -2.2833186653e-03 -1.5513747089e-02 -8.4303471529e-02
3.8851751600e-02 -8.3711574800e-02 5.2856675332e-02 -7.4577521253e-02 -1.7868722628e-02 -1.3957796016e-01 2.3363927733e-01
-4.7907780352e-02 2.5996346123e-02 1.4661423808e-01 5.1462847231e-02 -2.3613674481e-02 4.5881195369e-02 -1.1810222081e-01
-6.7606583019e-02 -1.6340634999e-02 1.4814161498e-01 5.2016048885e-02 4.4074417325e-02 3.4242073606e-02 -3.9908150920e-02
5.9176862390e-05 -1.2722181355e-02 -6.8069261951e-02 -1.5716457399e-02 -1.4508698954e-02 -5.9894615970e-03 7.9877487566e-03
-1.4374331412e-02 -1.4302742173e-01 1.3740066506e-01 -4.0184863535e-02 7.7080765679e-02 -5.9535804245e-02 -4.7816578946e-02
6.6751307895e-02 1.1231128280e-01 -5.5166526157e-02 -2.3445112171e-02 -1.1271496124e-01 1.0471693866e-01 -1.0019292813e-01
1.8047672234e-02 -4.2850649959e-02 -7.4431431955e-02 -9.0708105559e-02 1.3777975505e-01 -2.5182948050e-02 -3.2002503141e-02
1.6816898192e-01 -1.1200683759e-01 2.2039074810e-02 -1.0904417102e-01 9.9745455744e-04 5.8500492345e-02 -2.6008001980e-02
1.5988369554e-01 1.0109062789e-01 8.6624755781e-02 -1.2350035663e-01 6.4565596571e-02 1.3335647141e-01 -3.5658165868e-02
1.4977284902e-02 1.2410042283e-01 5.0868659360e-02 1.4053803621e-01 -6.9685186668e-02 -8.2798382509e-02 -3.3658587081e-02
1.7409681265e-02 6.4298339777e-03 -3.7401532581e-02 -3.0321854393e-02 5.8784669253e-02 -1.2790694456e-01 3.1163115693e-02
4.4578784587e-02 7.0744415860e-02 -5.3431693527e-02 -4.5699078965e-02 1.0236723171e-01 1.1058767454e-01 5.9931099153e-02
-6.8073331903e-02 1.2291054519e-01 2.1122037100e-01 8.0236706383e-02 -8.1096289977e-02 9.2099689848e-02 -7.7601528265e-03
6.2730152789e-02 -9.0399716817e-03 -1.2125186571e-01 -7.2162566889e-02 -4.5709635143e-02 -8.6287868636e-02 1.0696958596e-01
8.3958857798e-02 9.2209310903e-02 -1.6839689948e-01 -8.0236667810e-02 -5.0903724041e-02 6.2567738110e-02 -5.6229624946e-02
-6.0584419299e-02 -1.6089781233e-02 -1.9779324283e-02 -1.7394779822e-01 -6.0713770879e-02 1.0645987076e-01 8.1611652318e-02
1.5511672217e-01 -6.8243981015e-02 -1.0029644782e-01 -6.1581218098e-02 1.4739118315e-01 5.3248810996e-03 -1.9923001895e-02
-6.7813323808e-02 8.7657278016e-02 4.8125707675e-02 1.9833816957e-02 5.2041139580e-02 3.0446555628e-02 -6.2274130286e-02
-1.6484571416e-02 4.0786490435e-02 -6.2648724278e-02 -3.9621782322e-02 5.3348071395e-02 8.3085771928e-02 2.9315800296e-02
3.8657962975e-02 -6.8060614163e-03 -9.1586822967e-02 -2.5817735829e-02 -1.8870376587e-02 -5.1426109877e-02 3.7582927229e-02
-1.9166861902e-02 8.2559976363e-04 1.9463407495e-02 7.9296410752e-03 3.9449381538e-02 -2.6062973425e-02 -8.2226806456e-02
1.0380493088e-02 1.6655190623e-02 -1.3024556844e-01 -4.3158324683e-02 1.0864163449e-01 -3.2974245603e-02 -3.2788167333e-04
7.1302408414e-02 -1.4573605226e-01 -6.0981619521e-02 1.1061566162e-01 -1.0806336782e-01 9.6734140215e-03 7.1915258726e-02
1.4107078610e-01 -4.8265069243e-02 -1.9045010095e-02 -9.4863236321e-04 -8.7155294654e-02 -1.1538188700e-01 -3.1765098330e-02
3.4099138826e-02 9.3902161978e-02 1.8479179351e-02 8.4054092737e-02 6.4765235663e-02 1.5981242908e-02 -4.6866327772e-02
-1.1997548751e-02 1.4025031418e-02 9.2673001234e-02 -2.4888821677e-02 -2.7845991710e-02 5.6326023782e-02 -1.6093658149e-01
4.7454300969e-02 2.7891895030e-02 5.2214496353e-02 -1.0680244919e-01 -4.1244319457e-02 2.0437836918e-01 1.2677866884e-01
-1.1343671604e-02 -3.6772236316e-02 -2.2996350466e-02 2.2953309282e-01 1.7348416972e-01 1.8108249548e-01 5.0595524971e-02
-1.4275132061e-01 1.1523985165e-01 -4.7769336113e-03 -4.3335553602e-02 1.4100788628e-01 8.8174428615e-03 9.3605339321e-03
5.5691977506e-02 -1.7460194810e-02 -5.7329148689e-02 2.1062368864e-02 5.3123078405e-02 -1.0444117690e-01 4.0955984071e-02
1.9456168964e-02 -3.8617599098e-02 1.3649851518e-01 -6.3888529729e-02 -1.1642821729e-01 -7.6276695844e-02 -1.2137256621e-01
