4.6726122286e-02
-2.3009976167e+00
6.4133064920e-01
5.1448679704e-01
-6.7379809185e-01
1.6942141355e+00
-4.7628312663e-01
6.8891997554e-02
-1.4731836990e-02
1.4306211187e+00
1.7165427236e-01
-2.2106152042e-01
-1.1995575289e+00
-9.4288255997e-01
1.3855057955e+00
2.5512602522e-01
-3.3916848150e-01
6.2335409819e-01
-2.1060698023e-01
1.5662838373e+00
-1.6300937751e+00
-8.1107240173e-02
-3.7597729131e-01
1.5104003423e+00
8.6201757632e-01
-2.8107564618e-01
-1.5593811324e+00
4.1939832344e-01
4.0236642900e-02
-1.5457554494e+00
-6.6178281037e-01
2.9478376865e-01
1.2478418804e+00
3.7541805482e-01
-1.4617072484e+00
2.2834958605e-01
-4.9372541368e-01
-1.9862120928e+00
3.4216138328e-01
-1.2230947440e-01
-4.7456635895e-01
1.2557779770e+00
-9.0213855230e-01
8.5415573132e-01
4.0791399080e-01
-2.4899962283e-01
1.5271025032e+00
-9.8391211178e-02
-7.7961061109e-01
6.7975827566e-01
