8.96079339e-03
7.88561066e-03
6.81760870e-03
6.01233517e-03
5.32765614e-03
4.71562302e-03
4.22384511e-03
3.91136212e-03
3.54092324e-03
3.40633928e-03
3.51457816e-03
3.47677313e-03
3.72708906e-03
3.74748883e-03
4.02540298e-03
4.10151550e-03
4.11961390e-03
4.09806951e-03
3.91899805e-03
3.73074553e-03
3.39949741e-03
3.08961626e-03
2.64465245e-03
2.14683869e-03
1.66830360e-03
1.13130888e-03
7.98014965e-04
2.99811287e-04
1.00337648e-04
-5.53170454e-05
-1.73984267e-02
-1.64208376e-02
-1.52937655e-02
-1.40955780e-02
-1.34937771e-02
-1.28343226e-02
-1.19078930e-02
-1.13366657e-02
-1.06023706e-02
-9.92536529e-03
-9.29212611e-03
-8.92126360e-03
-8.45841703e-03
-8.37234839e-03
-7.87892684e-03
-7.45466323e-03
-7.22154767e-03
-6.74506358e-03
-6.51191039e-03
-6.13312178e-03
-5.70218624e-03
-5.14041398e-03
-5.26334158e-03
-4.78165113e-03
-4.57391699e-03
-4.50545277e-03
-4.38089349e-03
-4.00657139e-03
-3.89159836e-03
-3.80951479e-03
1.01075427e-03
1.48472550e-03
1.29995121e-03
8.82428247e-04
1.06836894e-03
7.35956826e-04
6.84277618e-04
1.41999812e-03
7.28798455e-04
5.52857945e-04
4.11707391e-04
-2.18866870e-05
9.68418818e-05
6.47708157e-04
1.60820610e-04
7.53632314e-04
7.46906233e-04
4.48909002e-04
3.37850015e-04
8.92943906e-04
7.95838791e-04
9.10642729e-04
4.76870906e-04
4.97240090e-04
6.50325509e-04
3.54635726e-04
3.61244656e-04
3.31311330e-04
6.28158629e-04
4.54443861e-04
