2.6457696662e-01
-9.1718900683e-01
1.3036996869e+00
1.5717093723e+00
-2.0075551467e+00
9.7251650431e-01
-6.8858240710e-01
-7.8332497231e-01
-1.2457267580e+00
-7.8834113828e-01
4.7431905687e-01
8.0266774909e-01
-1.3024903511e-01
-1.8242592794e+00
-8.8129199764e-01
1.7767306115e+00
-9.1261409406e-01
1.0558758160e+00
2.0886437409e+00
9.2600197856e-01
1.2719700469e+00
-6.9326469467e-01
2.0055861278e-01
4.4772902099e-01
-3.7486911151e-01
-2.8080048759e-01
3.1761371759e-01
-1.5690498064e+00
-7.8331590035e-01
-1.1091391488e+00
2.5959574503e-01
1.1230329744e+00
-1.0770980006e+00
-6.5310372470e-01
-9.1125090984e-02
9.7339072292e-01
-3.6485579611e-01
-1.6189074474e+00
1.8216834524e+00
-1.9476252397e-01
3.5985856097e-01
-2.2681924040e+00
1.4805801974e+00
6.2583313827e-01
1.2090047227e-02
-2.0582014399e+00
1.2396949645e+00
8.8053116939e-01
4.3596775603e-01
6.4336115860e-01
1.4224811437e+00
-1.0662516175e+00
7.2097872413e-01
3.0928074887e-01
1.5811506167e+00
1.6069392290e+00
1.2612402688e-01
-1.7588886080e+00
1.0517009456e+00
-2.3856345203e+00
1.9339985439e+00
7.8530727775e-01
1.6883761798e+00
-2.8995937077e+00
2.1701012498e+00
1.0493439425e+00
-1.3046020110e+00
4.4906882349e-01
-6.0602741535e-01
5.3735885468e-02
6.5282790276e-01
-2.9766261269e-01
-7.8297616271e-01
-1.9772905468e-01
5.0147992923e-01
-3.6492588373e+00
-1.5454632697e-01
1.6343031677e+00
-2.0961520596e-02
-1.2913130634e+00
1.5214719454e+00
9.2372148319e-01
8.3429688680e-01
-6.3625031516e-01
1.0846989338e+00
-3.6668750746e+00
1.7179282961e+00
-2.5724701695e-01
1.7112840032e-01
-1.3426594159e+00
-2.2940503038e+00
2.0313262650e-01
1.3042208191e+00
2.0571378296e+00
3.2543560515e-01
-5.2838971086e-01
9.0022146117e-01
8.9753362409e-01
1.3641163777e+00
7.4892750016e-01
1.1090492824e+00
6.7307838753e-01
1.2089892602e+00
1.4515687069e+00
2.2708223101e+00
-5.7691253865e-01
-2.3631639628e+00
-7.7523387012e-01
