-1.1839820852e-03 -3.3441975066e-02 -1.9827820731e-02 -3.8719355824e-02 -3.2731809853e-02 1.3447108371e-01 3.5693348454e-02 -4.6475171924e-02 -2.1740652589e-02 -2.0177432606e-02 4.4500207026e-02 -1.0503532681e-01 5.3005830016e-02
1.0348738350e-02 -2.1866393467e-02 -1.1002910579e-01 3.4445479327e-01 4.4542680129e-02 7.9869269895e-02 -1.7951357744e-01 1.7042788957e-02 1.8911274257e-01 -4.1625457383e-02 1.1690973236e-01 -1.4031058942e-02 -5.2036647765e-02
2.3441978310e-02 -4.1222785350e-02 -8.3816144229e-02 8.5861675691e-02 7.1161243410e-02 -3.1049187561e-02 -1.4074558214e-01 5.5499094118e-02 1.2216849591e-01 4.5158410452e-01 5.6096977041e-02 3.9637874865e-01 -3.2221479018e-02
1.6004687404e-01 -2.5728197839e-01 -2.1998670873e-03 -3.7987188160e-02 -1.5005041204e-01 -1.9066346453e-01 -1.3775223895e-01 -1.1643685823e-01 1.2489965472e-01 -3.0668299140e-02 9.5357877788e-03 3.3969367332e-02 1.2691720619e-02
3.5830337384e-02 -1.1107945838e-01 -7.3610988173e-03 7.6212252867e-02 -1.3352222969e-02 1.5952338803e-01 -1.0318578728e-02 -5.5328268422e-02 3.9293386993e-02 -1.9369255496e-01 1.6179830974e-01 1.0840091647e-01 1.0436622291e-01
2.3194744079e-01 2.7501480359e-01 2.0694305437e-01 -1.7961449340e-02 1.7339624981e-01 -2.2414839632e-01 -5.5559151917e-02 -1.3416741589e-01 -8.4241711186e-03 5.3092064543e-03 7.2360926612e-02 -4.1079510247e-02 -7.5842141744e-02
2.5111697885e-01 2.8121249185e-01 2.6171494580e-01 3.8491076671e-02 -1.3300982732e-01 -1.5788290509e-01 -9.8367477515e-02 -2.3132440483e-01 -1.1843259173e-01 -5.4769664414e-02 -5.2494128316e-02 1.0316218521e-01 -2.8073811763e-01
9.2186353688e-03 -1.1643012639e-02 1.9350851610e-02 -3.5818241503e-02 -2.2956890313e-02 -4.6099488714e-02 8.0801671016e-02 -7.3968615218e-02 -9.2268111368e-02 -2.8480142126e-01 1.2262330101e-01 1.6857762819e-01 4.7866763759e-02
-6.2230058433e-02 -1.1395870333e-01 -2.0253123492e-01 -8.3846803348e-02 -9.0577162742e-02 -1.0948308819e-02 -5.3662602085e-02 -9.1063314308e-03 1.3595377187e-01 1.6205512568e-02 -6.7412540144e-02 -1.6278765373e-02 1.0642974454e-01
-1.1523714010e-02 -9.7648283032e-02 -7.7097291738e-02 4.6109661284e-02 -5.2993625791e-02 2.1908327421e-01 -8.0375933486e-02 4.2827702685e-02 1.3611882295e-01 -5.5384897761e-03 6.3375841067e-02 -2.1609926236e-02 2.8257165030e-02
2.3205495847e-02 -3.1819624538e-02 -1.3937224083e-02 -1.7422833175e-02 -5.0110785499e-02 1.2196879744e-01 5.3456499654e-03 -3.7817871302e-02 -6.9943358275e-03 -3.3860003371e-02 9.7317726552e-02 2.4881343773e-01 5.1538927614e-03
-2.9091042976e-02 -6.2777108684e-02 -1.4281232142e-01 1.3971626994e-02 -4.8766717101e-02 -2.6770399244e-01 -2.6566467333e-01 1.3949574953e-01 1.6267745554e-01 6.5976732408e-02 1.4335213631e-01 -4.3738842710e-02 -7.8010007041e-02
1.4831522743e+00 -1.6342233875e-01 1.5794650457e+00 -4.5262506792e-01 1.1970834278e+00 1.7209703411e-01 6.1041733404e-01 -3.5194582643e-01 -5.9363909001e-01 5.1341477141e-02 2.2698822410e-02 4.7040576630e-02 3.8151159432e-02
-1.0658056064e-01 9.3761602494e-02 -1.0627329942e-01 1.2168363645e-01 4.6207961826e-02 3.9852675177e-01 2.9500567927e-02 1.1929945398e-02 -4.5936745976e-02 4.2517842564e-02 -7.9248090777e-03 -2.3665445395e-02 -3.9523740251e-02
-1.9391482244e-01 1.0713200292e-01 4.3385962859e-02 1.1666291029e-01 5.3654342289e-01 7.4742458258e-01 3.6822521169e-01 1.7281376850e-01 -1.5772981369e-01 6.2509595690e-03 -5.4740531270e-02 6.2588844207e-03 3.4311126008e-01
1.0920923437e-02 1.9723680965e-01 1.8983752545e-01 2.1438831319e-01 2.6137199069e-01 3.0787726111e-01 1.0422933179e-01 2.1181998043e-02 -1.1174874310e-01 -6.7050966997e-03 -3.0063379093e-02 -5.3690819523e-03 4.4386847659e-02
1.4563512540e-02 -2.6285832379e-02 -8.1826439141e-02 1.4213289050e-01 8.6683334351e-02 1.9167670506e-02 -1.5343637642e-01 7.5718943824e-02 1.3038840761e-01 1.6264620698e-01 2.1911912138e-01 1.1118472436e-01 -2.6389847348e-02
-3.3164480028e-02 -2.5884726215e-03 -2.6424282875e-02 -8.0153666012e-02 -5.6019562866e-02 1.2944958146e-01 6.7372751767e-02 -2.6197032604e-02 -2.9997661225e-02 2.2962578228e-03 5.7417341436e-02 1.8680497769e-01 1.3753901237e-01
3.7506663888e-01 -2.8965892354e-01 2.8838612119e-01 -4.0049030120e-01 -7.6210976921e-02 -2.3382418639e-01 6.6429500886e-02 -8.8866811555e-02 -1.1946799183e-01 4.4156135162e-02 8.9457286507e-03 -2.5601032197e-02 -2.1915728653e-01
-9.5084178061e-03 -8.0075986522e-02 -2.7638980618e-02 -1.6624085687e-02 -1.6736151905e-01 5.2310804674e-02 -3.8185368240e-02 -1.6109689091e-02 4.8192045415e-02 2.7344471108e-02 -3.3851196965e-03 5.0089561288e-02 9.0276246071e-03
2.7890677937e-01 1.8820143314e-01 1.4923691274e-01 9.2129747310e-02 -1.8840352591e-01 -1.8113006333e-01 -1.7665887605e-01 -2.7000926456e-01 -3.5695339514e-02 2.1589614467e-02 1.2692109754e-02 2.1189359224e-02 -2.2127573558e-02
-1.6016989102e-01 9.2648255370e-03 -2.4588570539e-01 -1.6334198499e-02 -1.2930860508e-01 -6.7889919106e-02 -1.5771617842e-01 3.8121479056e-02 1.9916384430e-01 4.8804894381e-02 4.0077513453e-02 7.3410937331e-02 5.7371419936e-02
-2.6470562900e-01 1.5112810363e-01 -1.5599266888e-01 -1.7302406146e-02 -1.2551133663e-01 5.8006447953e-02 -3.5052867694e-02 1.3973585263e-01 9.4501872945e-02 3.9136147658e-02 8.4906036403e-02 -5.0687557935e-02 -6.1233836797e-02
-6.8208192178e-02 8.8473865629e-02 5.5692907764e-02 -1.2637028465e-01 -4.8298313944e-02 -6.6219910403e-02 1.4514185741e-01 -2.6486778751e-02 -1.4447132452e-01 -3.1507928109e-01 -1.4754554789e-01 -3.3937636778e-01 3.2731795410e-03
-1.5628234000e-01 1.3618567818e-01 -1.6314700176e-01 -7.2038609110e-03 -1.6614504873e-02 1.5870977165e-01 -6.6392560132e-03 5.5681597737e-02 8.2815468680e-02 -4.6692757257e-02 4.0502532262e-04 2.9028816367e-02 9.4046953785e-02
-3.3884272399e-02 7.2481840757e-02 -3.2940618259e-01 3.2270114692e-01 6.6427312483e-02 8.6689203924e-02 -1.6152897879e-01 -1.7249098473e-01 1.6491655330e-01 -5.8178838363e-03 -2.6288814286e-03 -1.8895411347e-02 1.2235510084e-02
3.5465301631e-02 4.0655302646e-02 3.4495026158e-02 -1.1523040931e-01 -1.8791371142e-02 -1.9981520749e-01 5.4986593154e-02 -7.4284233919e-02 -1.3226960830e-01 -5.5487487437e-02 2.3747643033e-01 7.7108796061e-02 -1.4337255564e-01
-1.8896604286e-02 -1.1393689179e-01 -8.4133866368e-02 1.0101482481e-01 -3.1786537758e-02 1.1300908643e-01 -1.0830553480e-01 7.8459753372e-02 1.5923773751e-01 1.3165345828e-01 1.0683099513e-01 1.0926547109e-01 1.2056248975e-02
-3.8436375310e-01 1.1747855291e-01 -4.8564773556e-01 2.9226576841e-01 -4.2964477838e-02 2.9101036699e-02 -1.2877495029e-01 5.4994612957e-02 1.4352977788e-01 7.2131426400e-03 4.4346504525e-02 2.8151387811e-02 -1.5591255631e-02
1.1707354270e-01 9.3141904500e-02 1.8992394948e-01 3.0374331120e-02 1.9012170088e-01 4.6459554400e-02 8.1445732795e-02 -1.8331348081e-02 -9.2621865528e-02 -2.1469189111e-02 -2.5193152228e-02 -5.4547096511e-03 -6.3048901184e-03
-2.2043449805e-01 -2.2703931742e-02 -2.6663283749e-01 2.8074789798e-03 -1.5345454622e-01 -9.4315288085e-02 -5.3850933347e-02 3.8002368356e-02 9.1034753456e-02 3.8135360651e-03 -1.9034503107e-02 1.7742155613e-02 2.4529626715e-04
5.0990695485e-02 6.7624294686e-02 -4.1164977819e-02 6.2991604404e-02 6.1697934130e-02 2.3822417108e-01 4.1308444481e-02 -1.7791874170e-01 -1.0768588470e-01 1.9441326491e-02 -9.5144718111e-02 1.4528803628e-02 8.9130151771e-02
-3.0191171262e-02 -5.8719012131e-02 -1.7365235060e-01 -4.2303168041e-02 -8.4597127776e-03 -7.2344613285e-02 8.0074715923e-03 -5.5249145101e-02 -3.6758228890e-03 1.6357407727e-01 -9.2615398352e-02 -5.6603298132e-02 -2.9595315396e-02
-2.3541496519e-02 -1.1875385206e-01 -9.5078822986e-02 -1.2601875520e-02 3.8625209501e-02 1.3189328235e-01 -5.6652431624e-02 1.0929576079e-01 1.5054529672e-01 -1.4504997453e-01 -4.7395647932e-02 -6.7008497017e-02 8.2864253795e-03
-5.0516813020e-02 -2.7880575963e-02 -6.7964979539e-02 -1.4596817116e-01 -9.8430682907e-02 1.3412967458e-01 2.6155828521e-02 4.4395862238e-02 2.5895696566e-02 1.0719766891e-01 -1.2340619109e-01 -4.3301923775e-02 8.4990042298e-02
3.3503488592e-02 -1.1057136105e-01 4.0713462220e-02 4.0536501268e-02 -1.3026174858e-01 1.4531523137e-01 2.7315795862e-02 -2.6450244362e-02 1.9502952775e-02 -2.5065428086e-01 6.7825505959e-02 1.4766801226e-01 1.9561832899e-01
3.1692750828e-02 -3.4731588472e-02 -5.5649691966e-02 3.1623384653e-02 7.1123636952e-02 1.3506453508e-01 -3.3489550360e-02 -3.3006152177e-02 4.5496180538e-02 -1.4796639392e-02 9.3168579137e-02 -2.1598775305e-01 -5.1844562243e-02
9.3460369136e-01 -1.6038114540e-01 1.0952206274e+00 -2.0958269720e-01 8.1053915325e-01 1.2022620982e-01 3.9524725136e-01 -1.0869622555e-01 -4.1795358742e-01 -4.7469408735e-02 -2.0441165429e-02 9.0308991022e-02 1.0275069946e-01
-8.9654868983e-03 -1.5596346367e-01 -7.9464209118e-02 4.1548135945e-02 -9.4326368856e-02 -1.5727998392e-02 -1.6441937567e-02 -1.5687755158e-02 -1.7088886786e-03 9.4880487691e-02 -2.6109943673e-01 -2.3371550802e-01 -4.7744901714e-03
-3.2144767021e-01 -9.3421868146e-02 -4.5655204365e-01 1.3583594159e-03 -3.0625475134e-01 -1.4433966109e-01 -1.3514168647e-01 6.8149700609e-03 1.9078725646e-01 -5.2430119898e-03 -5.6729321926e-03 -2.9302707643e-02 -8.1437688603e-03
5.6465161010e-02 -1.1248809643e-01 -2.4109339269e-02 6.5824496157e-02 -3.3818600388e-02 1.0235803759e-01 -3.8347515653e-02 -3.4868874344e-02 4.7617333379e-02 1.6234455277e-01 7.4546614581e-02 1.4690153897e-01 2.2917612041e-03
5.5659957916e-04 -8.0593953018e-02 -3.6017932543e-02 -1.9172856538e-01 -1.1252699965e-01 -2.1354504803e-01 4.3743405000e-03 9.9111421086e-03 -2.6914775950e-02 -1.8835112367e-02 -4.5806206140e-02 6.2645550672e-02 5.6248658154e-03
1.0839307228e-01 -1.0611285686e-01 -7.7676039159e-03 1.2746439263e-01 3.5465040006e-02 1.1666564100e-01 -4.0082937790e-02 -1.1781284186e-01 2.8902998075e-02 -1.3543178066e-01 1.5568871193e-01 1.5663297594e-02 1.4937050819e-02
1.2899101931e-01 -1.2424283033e-01 1.6599618287e-01 -3.2598806525e-01 -1.9201398930e-01 -1.8771010329e-01 3.6788467357e-02 -1.7274181545e-02 -1.1849188975e-01 7.6494108768e-02 -1.5163213987e-02 -1.0376369877e-01 -2.2555480125e-01
7.0227311691e-02 -1.1324549086e-01 -1.0009893413e-01 6.0067037609e-02 -2.3190137534e-02 7.7289492243e-03 -1.0698131181e-01 -6.5092454703e-02 1.0077500681e-01 6.7278600789e-02 -5.6354791278e-02 -6.6714400493e-02 -8.8222457232e-03
1.2912618551e-01 4.5288531729e-01 1.5837658067e+00 7.6174654410e-02 1.3939495862e+00 9.5999790629e-01 9.3922461372e-01 6.6800507939e-01 -7.9311831818e-01 -6.4369193529e-03 -3.2872854321e-02 2.9889517469e-02 3.0190124502e-02
3.3047509151e-01 -4.8749373827e-02 1.2563694204e-01 1.3494780404e-01 7.0395841033e-02 -7.2398020729e-02 -9.3562774437e-02 -2.3754103430e-01 3.3159278727e-02 6.2312693708e-04 1.7129824420e-03 5.8977892467e-02 1.8453615586e-03
-1.0776334142e-02 1.8576748706e-02 -1.3664286577e-02 -4.2378992941e-02 -2.0133009162e-02 4.3228793825e-02 3.9318135495e-02 -4.0950204171e-02 -5.3459725685e-02 -5.6176244805e-02 8.7354389297e-02 -2.2122825098e-01 -6.5232268032e-02
2.9811748062e-02 -6.9307443761e-02 -5.3627808263e-03 1.8917580732e-03 -6.3671847767e-02 1.2645033661e-01 7.5067023877e-03 -3.0956183498e-02 1.3758402337e-02 -2.9705124073e-02 1.0438111089e-01 9.4319952263e-02 4.7202834732e-02
-6.4415710901e-01 2.8429064716e-01 -4.6825986860e-01 1.4074852066e-01 -1.4627621558e-01 8.7193104508e-02 4.2651563549e-02 2.0301002924e-01 -9.9139173933e-03 -5.0211454484e-03 -3.0353346961e-02 3.1450669582e-04 -2.4502336170e-02
2.1670193114e-02 1.1036458767e-02 -1.2323086095e-01 8.8135519557e-02 1.1189710632e-01 -2.2397927119e-01 -1.4346678483e-01 5.1708152786e-02 1.6750178377e-01 -3.3638809679e-02 -1.8588238539e-02 1.2988522541e-02 -1.0746573824e-01
1.6544307670e-01 -1.3942666131e-01 5.5304811672e-02 -8.1499465474e-03 -7.0265137027e-02 2.2183522818e-01 -7.8376260023e-02 -2.6868676041e-02 1.5237940312e-01 -5.2503094884e-02 -3.8403134651e-02 -8.2419821670e-02 1.0512827077e-01
-2.2158530498e-01 1.3076090799e-01 -1.2974028609e-01 -1.9087902115e-02 -1.1431712629e-01 5.8662278064e-02 -2.5844068422e-02 1.0616125282e-01 7.7826346620e-02 4.9430932024e-02 8.9061811348e-02 -4.6187412254e-02 -6.1732379327e-02
-3.3774540973e-01 -6.4493470980e-02 -5.3667759243e-01 -4.4523925532e-02 -1.1426523883e-01 7.0447505996e-02 4.1032681443e-02 7.4466584199e-02 5.3048146936e-02 -2.0651791887e-02 -9.3329931840e-02 5.1378160440e-02 6.9686513970e-02
-4.5699857613e-02 -3.1224146207e-02 -9.4536008554e-02 1.3243481296e-01 1.0499783876e-01 9.0161986655e-02 2.1162669932e-02 -5.3936375611e-02 2.0531312697e-02 2.0086154245e-01 4.1760990202e-02 -4.7777655164e-02 1.1605134968e-01
3.4395665643e-02 -8.4058630233e-02 -1.3034595567e-01 1.3111533686e-01 6.2359438748e-02 6.2923907256e-02 -1.6263666939e-01 2.6584434469e-02 1.5581664106e-01 1.7965997929e-02 8.7716682969e-02 -3.1118492771e-02 -3.2531847905e-02
9.6072164946e-04 -5.7949981483e-02 -6.2552738862e-02 3.3353345968e-02 -1.4482829715e-02 1.3986600803e-01 -4.8199034982e-02 4.5508493609e-03 6.9125544230e-02 2.7023044889e-01 1.3765024054e-01 3.0211031397e-01 5.3260249747e-02
2.0924361612e-01 -6.2385354862e-02 1.2610059759e-03 8.2361231186e-02 1.4733132779e-01 -2.6771199846e-02 -1.0347543385e-01 -7.9877789053e-02 7.7684939127e-02 5.5791865926e-02 -2.0927778410e-03 -3.0022774086e-02 -1.5961707983e-02
1.4405612944e-01 -2.6929298491e-02 -5.6264953720e-02 1.2284410858e-03 1.4321511565e-01 -5.9127457710e-02 3.7789180687e-02 -2.0750531640e-01 -1.0376954763e-01 7.4255304710e-02 -2.8587718109e-02 -1.8117653725e-01 -1.3628425361e-01
-1.9238542075e-01 1.7496863025e-01 -1.1866355981e-01 1.7601397793e-02 -9.0822276920e-02 1.4435699736e-02 -3.9669063286e-02 6.0945470467e-02 6.0870477314e-02 9.7912654981e-02 1.6514139647e-01 -2.5620843265e-02 -9.7056888543e-02
-1.0833431878e-01 7.6725485934e-02 -6.9190875880e-02 -2.7505099869e-02 -7.7066577621e-02 7.7430391344e-02 5.5237046294e-03 2.0778107205e-02 2.9024522564e-02 2.7050745312e-02 9.3208738199e-02 -4.0357066273e-02 -4.0059303148e-02
-1.1969350662e-01 2.1327122025e-01 1.0610132270e-01 8.8530021074e-02 4.0270762439e-02 5.9475196386e-02 1.1390423217e-01 3.0366102709e-02 -1.4783407421e-01 -5.9689269272e-02 -1.5298757856e-01 -6.9828709083e-03 2.6003706577e-03
-2.4523838475e-02 2.2668561948e-02 -2.4268709224e-02 -5.6854872496e-02 -3.4813534197e-02 9.1535569472e-02 5.9653081963e-02 -4.7843457391e-02 -3.9181404929e-02 3.2804910917e-02 6.1930008416e-02 -3.6940719784e-02 1.3260841139e-02
3.5657218430e-01 1.5200924760e-02 4.5901485279e-01 -1.4110586498e-01 1.3297398646e-01 -8.1586562880e-02 1.1367023181e-01 -6.5509198280e-02 -1.4809578674e-01 4.7537099856e-03 -6.7360631928e-02 -7.7610952753e-02 1.5247856061e-02
-7.0434241933e-02 4.6042225757e-02 -2.0338935494e-02 -7.0554486026e-02 8.1617995529e-04 -1.0523494001e-02 1.0076828460e-01 -3.1227543654e-02 -8.0092196313e-02 -5.4561514076e-02 1.2151500449e-01 1.8091713553e-01 1.5369267797e-01
-1.5949934508e-04 -2.9049875870e-02 -8.0811368742e-02 -1.3793495544e-02 -3.4601967833e-02 4.6310535624e-02 4.5513855823e-02 -7.0502135843e-02 -7.5126402550e-02 -1.8235589183e-01 1.6466712637e-01 -9.6150307922e-02 1.1404383959e-01
1.1512273371e+00 -8.8555739523e-02 1.3984239565e+00 -2.4242290292e-01 8.7938476858e-01 1.7918895397e-01 4.7087933598e-01 -1.4925910537e-01 -4.9560411229e-01 -5.8364255315e-02 -5.3039573078e-03 -7.3738972706e-03 2.9138173464e-02
-8.9755121015e-02 1.0883452205e-01 3.6492252914e-02 4.0911180399e-02 8.4872727744e-02 -3.5280999773e-02 -5.8965756215e-02 1.3878567431e-01 4.0612619674e-02 -9.0743415081e-03 5.5856919619e-02 2.2497178681e-02 1.7654126003e-01
2.1838769217e-01 -2.0242367206e-01 1.2921505185e-01 1.3655920946e-01 -9.8377280222e-02 6.6641176346e-02 -1.7073467096e-01 -4.4126522691e-02 1.8553598283e-01 -1.2397974104e-02 1.1060282499e-01 -1.0138753080e-02 2.1075575840e-02
4.2924742231e-02 -7.6733391924e-02 -4.3741615436e-03 -4.7391949035e-03 -7.0996186606e-02 1.4344991842e-01 -2.8178569090e-03 -2.8971605598e-02 2.6876577377e-02 -1.1389617520e-02 9.7745873477e-02 1.5791720109e-01 3.8504604267e-02
1.1927376650e-01 -6.9776120212e-02 -7.7386513583e-03 -1.9434162640e-02 7.0187777344e-02 -4.5999821279e-02 1.1412903625e-02 -1.0049008637e-01 -1.0241023284e-02 -3.7822499246e-02 -2.2004222983e-01 -2.6153678976e-01 -1.1255330544e-01
3.7766578759e-02 -9.0982457306e-02 -7.9993743059e-02 7.7616454012e-02 -1.0990870542e-01 -1.6285091274e-01 -2.2658897369e-01 1.1621505708e-02 2.3746227609e-01 -1.0383536195e-01 1.1145557978e-01 -2.0466645393e-02 6.3061189860e-02
2.8955577793e-02 -1.2367617255e-01 -2.6241085562e-02 -1.3738755100e-01 -1.7074401960e-01 1.0964465969e-01 -1.5236702032e-02 5.6510903158e-03 3.2501764394e-02 5.9793372976e-02 -4.8373396841e-02 3.1457252693e-02 7.2085973826e-02
1.2266138685e-01 -8.7941965206e-02 1.9954933056e-02 -2.2327150482e-01 -1.8494764497e-02 -1.3207227430e-01 1.2241847904e-03 2.3768691209e-02 -1.2575115950e-04 5.5033399845e-03 -6.4824194702e-02 6.4296046335e-02 1.1962079574e-02
8.4871445022e-01 5.3003993054e-01 1.0499458485e+00 1.9314291371e-01 7.1862895855e-01 3.1393676365e-02 1.0926332359e-01 -3.4344230817e-01 -2.5824396776e-01 2.1736132616e-02 -7.4516617075e-02 -1.5614323888e-02 -8.6762852735e-02
-5.4374969310e-02 3.2033473556e-02 3.0718076708e-02 -1.0739536124e-01 -7.2671202227e-02 -7.2402802374e-02 1.3607725873e-01 -6.8347263594e-02 -1.3148727776e-01 2.3832484423e-01 -2.1713100422e-01 -6.0494450084e-02 -2.8548369270e-02
2.3799144510e-01 -2.6305109506e-02 2.5770178927e-01 2.3527393780e-02 1.9482169963e-01 5.9907467225e-03 -3.4349390807e-02 2.6065299458e-02 2.3680040348e-02 -1.5204106110e-02 -4.4155512130e-02 2.7747911551e-02 8.6960429095e-02
1.3247496917e-01 8.8628170115e-02 2.1635687454e-01 1.1958853913e-01 2.2069696751e-01 1.8015930408e-01 3.4073196956e-02 2.9957180706e-02 -5.5845891019e-02 -8.4002106098e-02 2.9715815115e-02 -7.5215903381e-03 3.3430095471e-02
-5.5068586134e-01 2.8105151918e-02 -8.9195663676e-01 4.2480924810e-05 -5.5563881153e-01 -2.9540839322e-01 -3.6174118508e-01 -1.3845033681e-02 3.4891149362e-01 -6.4318945585e-03 1.6849937335e-02 -1.8725597390e-02 -1.6514416157e-02
1.2001979293e-02 -8.6717956335e-02 -1.8901534795e-02 -1.7121345610e-02 -9.5554521825e-02 9.9228767925e-02 7.4801789154e-03 -9.1249244031e-03 1.3510025817e-02 1.1163514112e-01 2.4497180242e-02 9.0013338234e-02 -4.4590136810e-03
-9.4582281492e-02 6.3424126899e-02 -6.6316971234e-02 -4.4231418215e-02 -6.0970365676e-02 9.1676012772e-02 3.6507085376e-02 -4.5844584378e-04 4.7428667956e-03 3.8787822117e-02 1.0003368635e-01 -6.5881231684e-02 -2.5216252113e-02
-1.2926008872e-01 8.0205251362e-02 -8.7107499739e-02 -1.9088264008e-02 -4.5073613973e-02 9.6953474183e-02 1.8410300813e-02 4.4380601601e-02 2.8358762312e-02 -4.2255885435e-02 2.1936129519e-01 -6.5981074669e-02 -1.7916164027e-02
2.0025459466e-02 -1.2208003152e-01 -3.6519754399e-02 8.7242744366e-03 -8.9277963395e-02 1.2531000062e-01 -3.4698619219e-02 -2.9673328365e-03 6.2417107665e-02 1.3450989833e-01 5.4306206396e-02 1.2367766670e-01 -1.6861789140e-03
1.5410256907e-01 5.5473691646e-02 2.4759842616e-01 -3.5106131803e-04 1.7686904171e-01 6.8126565217e-02 4.5830154884e-02 2.2961179292e-02 -7.0317258278e-02 -3.8961700833e-02 6.8736113524e-02 7.6758859831e-03 -3.2180368832e-03
-5.9624240190e-02 5.5224973319e-02 -4.2956695879e-02 -4.3452845040e-02 -5.5340617658e-02 7.0041422402e-02 4.9421630636e-02 -3.4962856123e-02 -2.4313741632e-02 1.1201577359e-01 4.7453065744e-02 -2.8335651342e-02 -3.7269654501e-02
9.8673443908e-02 8.3836384362e-03 1.8055622803e-01 4.2025659125e-02 1.6026223427e-01 3.1741222048e-01 1.0594290915e-01 3.3864846034e-03 -8.4753436895e-02 1.7502783474e-02 -5.7983207995e-02 3.4417847929e-02 1.5003554058e-01
5.2832430130e-02 9.5344583202e-03 -7.9975648008e-02 8.6651166694e-02 2.5829157845e-01 -2.8814842980e-02 -1.0610288057e-02 -4.1785137139e-02 -3.3987897115e-03 -8.1713354287e-02 5.7618734513e-02 3.8567999657e-02 2.1038670458e-02
7.3143336354e-03 6.1313070930e-02 1.7472470063e-02 4.8911607470e-04 -1.1592243848e-02 -6.2795985086e-02 2.3502303134e-02 -2.6529748757e-02 -4.7091914469e-02 -3.3353667350e-01 4.0672130849e-03 -3.0438240395e-01 -9.5463944385e-02
-9.8589672644e-02 -3.0390870148e-02 -2.4143123308e-02 -1.1426862860e-01 -2.5064610634e-01 -6.6097314015e-02 8.7412504699e-03 2.0249963441e-02 2.8067714277e-02 -1.9754662533e-01 -8.7590435687e-02 3.2205002115e-02 5.2271998154e-02
5.2723766083e-02 -1.0619644209e-01 -5.2678745680e-03 -2.2658971200e-02 -7.5712071343e-02 1.7184717744e-01 -7.6901299412e-03 -1.9970942125e-02 4.5938386841e-02 -5.8362804870e-03 7.3986524151e-02 1.3861343395e-01 5.9065762448e-02
6.9330061452e-03 -6.3241645267e-02 -1.8075884849e-01 8.5930072194e-02 6.5077708033e-02 -4.7309022490e-02 -1.8968209400e-01 7.3898313433e-02 2.1727030578e-01 -5.6354310932e-02 6.9134994021e-02 3.7198716292e-02 -1.6547965977e-02
-2.4299046611e-03 -1.7786810844e-02 -1.7941988647e-02 -1.6708476697e-02 -2.1677217975e-02 1.1799150202e-01 2.5082372533e-02 -4.2022708893e-02 -2.5461658353e-02 7.2835517047e-02 -7.3258774680e-02 -3.4859589110e-01 7.8992080083e-03
3.0481144330e-01 2.7632359119e-01 5.0795482698e-01 9.3013525035e-02 3.7394802879e-01 3.0045202917e-02 7.6462463785e-02 -4.7804521868e-02 -1.1018160347e-01 -1.1386031806e-02 -7.4628833933e-02 -1.3214534398e-01 -9.3012927023e-02
7.6854127373e-02 -1.0872397630e-01 -3.2312329074e-02 1.4397184736e-01 8.5613139585e-03 1.6044749112e-01 -8.8379679749e-02 -3.7916388621e-02 1.0590624652e-01 -3.4001775250e-02 6.1337663837e-02 -5.1749836065e-02 -1.1470154323e-02
-4.4902494301e-01 3.2091699675e-01 -2.8135617124e-01 1.4096605149e-01 -3.0125898988e-02 1.0804840005e-01 -7.8883972898e-02 2.4161410379e-01 1.3827950269e-01 5.3647521399e-03 -4.7002635307e-02 -3.0788091499e-02 -1.6575475716e-02
1.2669101025e-01 2.0156263684e-01 2.3311167033e-01 1.9637799724e-02 -1.3595173304e-02 -1.5772119968e-01 -9.2003266260e-02 -9.4863768601e-02 -3.3142466363e-02 8.4457161406e-02 1.5851115871e-01 -7.0233879543e-02 -1.2658024995e-01
-3.0496264945e-02 1.3070751086e-01 4.4154181112e-02 -3.4665998056e-02 -9.6664873018e-02 -1.8887204656e-01 -5.4427084415e-02 1.1770074925e-02 -3.6465547637e-02 5.1681733257e-02 9.5750174269e-02 -1.5848129980e-01 -4.0265340040e-01
-9.3100157154e-02 7.0810299659e-02 4.1127233775e-02 -1.7561815626e-01 -1.1383174854e-01 -1.0562872221e-01 1.7620836453e-01 -3.5084577601e-02 -1.5709600341e-01 -3.2725216442e-02 -1.4113571035e-01 1.1227081215e-02 1.9090454754e-02
-1.1104496896e-02 -5.9310973571e-02 4.4307052179e-02 4.3407070872e-02 -7.6071023984e-02 -5.8814397122e-02 3.9513423658e-02 9.3015850891e-03 -5.6952983129e-02 1.6925917215e-01 -1.2136373578e-01 -5.3352579698e-03 -1.7620094248e-01
-1.4727296614e-01 9.2938918031e-02 -1.2816368965e-01 3.0495533715e-02 1.1215329493e-01 3.1093705014e-02 6.4965909471e-02 6.1048120171e-02 -3.8175205693e-02 3.1854448851e-02 3.5598464000e-02 -3.0249804108e-02 3.0220505343e-02
3.8200953112e-03 -1.9282542322e-02 -2.0542492247e-02 -9.5422691188e-03 -2.0220567364e-02 1.0806035205e-01 2.1436955581e-02 -4.8228785171e-02 -2.8873460044e-02 2.9737373514e-02 -2.2872874912e-02 -2.8368970995e-01 9.7953281721e-03
9.5443338890e-02 -7.9172797367e-02 1.3325554566e-02 3.3702519725e-02 -1.3726140498e-02 5.7978971536e-02 3.3142322009e-02 -1.4889835546e-01 -5.6337976811e-02 -8.9522595142e-02 9.7916063393e-02 2.4157073525e-03 -1.1957996748e-03
2.8197729923e-03 4.0152235348e-02 9.3950082597e-02 -9.2298796296e-02 1.1648089765e-02 -2.9161253966e-01 -1.4758690964e-02 4.8484643205e-02 -4.8996415773e-02 -1.0173777052e-01 -9.3196619775e-02 -1.5072580233e-01 -1.6024444646e-01
5.1894862505e-02 1.0844734282e-01 -3.2898450287e-02 -2.1325382438e-02 6.2431455864e-02 -2.2807449372e-01 -1.2147625260e-01 5.7681698878e-02 5.6874596272e-03 6.7039913107e-03 2.0192344644e-01 -4.3451934946e-02 -6.9213462922e-02
-3.6377155649e-01 -5.0350791559e-03 -4.3942174330e-01 3.4497674765e-03 -1.2669886102e-01 1.0266778772e-01 -2.4019843825e-02 1.0470468464e-01 8.4899392190e-02 -6.8610858139e-02 -4.3039699771e-02 -4.5434342659e-02 1.0416373702e-01
5.0558573426e-02 5.3724084546e-02 1.7796186949e-01 -2.9803437919e-02 7.2293181906e-02 -5.6112198196e-02 9.1773234026e-02 4.4177710073e-02 -1.0858723893e-01 -1.0633902126e-01 -2.9770321379e-02 -1.4274957535e-01 -1.1192194614e-01
4.6799820036e-02 -6.0864353648e-02 -3.7750584784e-02 6.3950585282e-02 1.0817727038e-02 1.1575449478e-01 -3.8911522268e-02 -5.2157311664e-02 3.6419621061e-02 -6.6805797315e-02 1.2268753355e-01 -1.4325678688e-01 -2.9931241941e-02
-1.7144641033e-03 -5.2460582991e-03 1.1514529591e-02 -3.9462970220e-02 -3.3860944681e-02 2.0367424212e-02 1.8297698116e-02 -2.0523054666e-03 -2.0334048531e-02 -6.8243562084e-03 -2.0492346927e-02 -3.2243890458e-01 -4.1192058401e-01
4.3284963996e-02 -1.0531890420e-01 -6.9173242098e-02 1.3374494923e-01 4.3584174218e-02 1.4404061475e-01 -1.2551582235e-01 3.5700388692e-02 1.5549002109e-01 8.4607886860e-02 1.3926725637e-01 1.1143926508e-01 -1.0838925369e-02
3.4832754933e-02 -7.8235675783e-02 -2.0843605568e-02 2.1817711482e-02 -3.9092752407e-02 1.2836293289e-01 -1.1595715519e-02 -3.2971096759e-02 2.6191497959e-02 6.8144722854e-02 8.8006734539e-02 1.0662584470e-01 1.4496813685e-02
-3.0375110770e-02 -4.2693662618e-02 -5.9777526071e-02 7.1095308819e-02 -1.0425721606e-01 -1.4828111455e-03 -7.1803668591e-02 -2.6188572715e-02 8.3022062248e-02 1.8324613177e-02 2.0272796636e-01 2.5342638086e-01 9.2657648594e-02
1.3981833373e-02 -1.2027339720e-01 -4.8947010144e-03 -2.5663852388e-01 -1.8832296337e-01 7.6427537541e-02 3.6435652486e-02 4.0639288338e-02 -8.1880038344e-03 -8.6475646710e-02 -1.2281466425e-01 1.9812665993e-01 1.9365195688e-01
1.5351697839e-01 -8.6876829679e-02 1.8268278078e-01 -8.2242961220e-02 -1.3624412125e-01 6.4242576295e-02 1.2642196005e-01 -1.7979173671e-01 -1.5563712479e-01 -9.8821729668e-02 -1.6842205813e-01 5.7236935513e-02 2.4744990694e-01
5.5166551109e-02 -1.3457633472e-01 1.8763399102e-03 1.9960234140e-02 -8.9367365842e-02 1.2641795974e-01 -7.9996744509e-03 -1.6740625035e-02 3.9341484054e-02 5.3576908234e-02 5.8281172085e-02 1.0157971896e-01 4.3953027433e-02
1.9923831703e-01 8.9489180411e-02 2.6010094554e-01 5.5662696307e-02 2.1430457462e-01 3.7973995936e-02 6.5934494187e-02 -5.2936709228e-02 -8.1069618856e-02 6.0304396540e-03 -9.1887933395e-02 -6.1125948669e-02 4.1290019885e-02
7.0557220340e-02 -1.8960004734e-02 2.2683789577e-01 -6.1307726913e-02 1.0871987575e-01 2.4477208504e-02 1.0700925158e-01 4.1052304466e-02 -9.8233670309e-02 1.1718263214e-02 -4.5836622053e-02 1.2558263377e-01 6.2462780383e-02
1.1064681601e-01 -1.9421003401e-01 -4.3212997433e-02 -8.8096666247e-02 -4.1855499177e-02 -1.5593619219e-01 -2.5898890748e-02 -8.0269418740e-02 1.6444990432e-02 -8.1960206595e-03 -3.3029246639e-02 2.4851669558e-02 5.2819706314e-02
5.7504383812e-02 -8.1145761709e-02 6.2999156662e-02 -2.3704043853e-02 -1.2433173725e-01 3.9271157054e-02 4.5716922402e-02 -5.0588999900e-02 -3.6226359680e-02 -2.3328726911e-01 -3.1514830587e-02 3.0194321976e-01 1.2571148965e-01
6.6041181571e-03 -1.2909936624e-01 -3.4281811044e-02 -4.9435274070e-02 -1.2068131253e-01 1.3259047498e-01 -1.5714516190e-02 2.4782644646e-02 5.9515774294e-02 9.0541045910e-02 1.6135379201e-02 1.0847240891e-01 2.4175547820e-02
-4.8053232123e-01 3.5399038174e-01 -3.3855557756e-01 2.0224696692e-01 -1.9019484200e-01 2.4815033058e-02 -1.8044162335e-01 1.5425742202e-01 1.8021519836e-01 6.8700774292e-03 -2.5079285534e-02 4.0608601504e-02 1.3487819594e-02
-1.1641449012e-02 1.1376756957e-02 -1.7232637817e-02 -3.2154080792e-02 -2.0054438082e-02 4.0035884591e-02 4.3585476065e-02 -4.2474366243e-02 -5.0351858968e-02 -1.1035471282e-01 1.4479251219e-01 -8.8439001408e-02 -3.7935210746e-02
4.6286643224e-01 9.0507707663e-02 4.9892044084e-01 1.1589802858e-01 1.8165366822e-01 1.2704712766e-01 5.6304182886e-02 -2.0025498291e-01 -1.3593304534e-01 1.3423568591e-03 -1.3368833655e-02 3.4233762126e-02 6.1028545769e-02
1.0233398997e-03 -3.8004998826e-02 -2.1939808625e-02 -2.9157749223e-02 -3.0936443873e-02 1.0936308621e-01 2.6681834637e-02 -3.0398276928e-02 -1.5571796060e-02 9.4126992823e-02 2.9296895679e-02 1.6660899352e-02 1.2273785872e-02
4.6953654294e-02 -8.8390382043e-02 -5.9024110183e-02 1.3621129226e-01 4.5464854708e-02 1.4420282816e-01 -1.0156567206e-01 -6.4069324021e-03 1.2328624385e-01 1.2708103884e-01 1.9532829459e-01 2.3876893225e-01 2.5810046535e-02
3.8903987415e-02 -7.0091425290e-02 -1.5790052563e-01 7.9853051950e-02 1.3845050701e-01 5.9684914723e-02 -1.0224509351e-01 -2.5462806011e-02 7.9199622651e-02 1.4946172593e-01 6.3080524306e-02 -2.4230320131e-02 -4.1941095178e-02
8.5367419596e-02 -1.2040158783e-01 -1.9168053425e-02 7.9628556609e-02 -5.0225353413e-02 -4.2508158770e-03 -5.2243026699e-02 -5.6600063876e-02 1.7507694828e-02 1.3995633307e-01 -8.2395486432e-02 -5.4387090444e-02 -7.3747826530e-02
-2.0232295064e-01 -7.1024240718e-02 -5.7432626259e-02 7.4050718961e-02 -1.2677532951e-01 1.2800021616e-01 7.5826235159e-02 9.6034788206e-02 -2.0926570353e-02 -1.1576857859e-01 -3.3017690763e-02 1.0912868454e-01 1.4260644445e-01
2.0728026636e-01 -1.1392989032e-01 1.1989352327e-01 5.4110997217e-02 -1.4036413937e-02 5.5069224065e-02 1.4250841570e-02 -1.9928626716e-01 -4.9853096630e-02 -3.5012627601e-02 2.2681766134e-02 9.8465520439e-02 4.7945903631e-02
-1.3901558406e-01 4.7903724748e-02 -3.6338484579e-02 9.5282614389e-02 -1.2167976750e-01 -8.1771134015e-03 -7.5473904085e-02 1.0301199064e-01 2.6443395317e-02 2.1680792485e-02 2.5729138378e-01 -4.0815571710e-02 -1.6091086009e-01
1.7236751071e-02 -1.1784750452e-01 -2.3458216253e-02 -1.6869575925e-02 -1.1950624336e-01 8.9614609146e-02 -1.9869303331e-02 -6.5831507886e-03 3.8132319845e-02 1.2163931597e-01 3.3290765940e-03 7.7269171812e-02 -1.2581303650e-02
4.4940761931e-02 -1.5373044380e-01 -7.9401041229e-02 1.5848340385e-01 5.5500177092e-02 9.0595161712e-02 -1.2523529050e-01 5.4358230584e-02 1.5429600462e-01 1.5600376389e-01 5.0230588437e-02 9.7375392305e-02 5.8452860335e-03
