-5.2559883418e-01
2.5088609648e-01
9.1182313954e-01
-6.4614586332e-02
7.8950194200e-01
-1.8149386185e+00
5.1681641707e-01
-1.4102007559e+00
8.3828385373e-01
-8.0012154382e-01
1.2538697612e-01
5.0692728332e-01
-1.3467624950e+00
-1.0042952244e+00
3.7528155714e-01
-3.0369722695e-02
-1.4630242202e+00
9.3144244868e-02
-5.8789133363e-01
-8.5579710606e-01
1.6313361213e+00
-8.5363645262e-01
-3.7469749689e-02
1.5668451140e+00
-1.0301293652e+00
-3.6732328552e-01
1.8142018654e-01
-4.7486613987e-01
-2.1277401685e+00
-4.3684483497e-01
1.1395250029e-01
-1.1293226863e+00
-1.9664134771e-01
3.0752115041e-01
5.1266839701e-01
1.0111418680e+00
8.3309176897e-01
-8.8461398415e-01
-3.4439122246e-01
-3.7857333362e-01
-1.2184540580e+00
-3.0684666933e-01
-9.4661946187e-02
-3.9078491871e-01
1.4940278690e-01
-8.4263292022e-01
2.9174486579e-01
-1.7391628489e-01
-2.5709565877e-01
-3.0389635663e-03
-8.0182597535e-01
5.4354017877e-01
1.3518753889e+00
2.6118019255e-01
1.3742513825e+00
-1.5771600400e-01
-1.0779698023e-01
6.9500855315e-01
6.4924313312e-01
-1.2112900530e+00
-5.9880701004e-01
-2.1889541019e+00
-1.3213187185e+00
-2.2842609527e-01
4.7493205006e-02
1.4774674406e-01
-3.1434454264e-01
4.5108296857e-01
1.1291759465e+00
8.9829792899e-01
4.0930858869e-01
5.6437892920e-02
-4.5934778047e-01
-1.3950779256e-01
-1.6164656821e-01
3.9478496215e-01
2.0574473571e+00
-8.3150652579e-01
-6.0720654697e-01
-3.1464203218e-01
-1.1386801982e+00
-8.7532581864e-01
-4.2562981895e-01
9.6731590567e-01
1.9003296765e-01
-2.3018309838e+00
-4.9820026652e-01
1.0234584020e+00
8.3614553873e-01
3.9440891795e-01
2.6432265718e-01
-9.1026185124e-02
4.5473836551e-01
2.1320682488e-01
1.2348758708e+00
1.2196528374e+00
1.8265166937e+00
-1.6863681246e+00
-2.6280876474e-01
6.3666847396e-01
-3.7464544184e-02
2.9516769028e-01
-2.6967323219e+00
6.2925219613e-01
-4.9500607218e-01
-6.7418621783e-01
7.4458816603e-02
-9.0802445252e-02
-5.3236465310e-01
-5.6472772137e-01
-8.2124352633e-02
-4.1502455846e-02
6.1176190377e-01
3.5741911962e-01
-1.3368472627e+00
1.7856702667e-01
-1.1618809373e+00
1.4659504125e+00
1.2479215028e-01
-1.6400440825e-01
3.8640940780e-01
5.8935489725e-01
7.6178856666e-01
3.2262365620e-01
-7.3662914748e-01
-4.2790012904e-01
9.9810522428e-01
1.2692365114e+00
-5.5345576531e-02
-1.9285690318e-01
