1.9454768979e-02 -5.4326170937e-02 -5.1496087879e-02 7.6055398263e-02 -1.8369260908e-02 4.9260317841e-03 -6.2489780522e-02 3.6441663176e-03 7.6035981915e-02 1.3071469342e-01 5.3072926822e-02 2.3218366529e-01 1.2300132583e-02
-1.7885080596e-01 1.0146522067e-01 -5.1643080389e-02 -8.8019410360e-03 2.7886561272e-02 6.0797714320e-02 1.4561817449e-02 1.0335316387e-01 -7.1204875561e-03 -8.6989664742e-03 4.0411244181e-02 -1.4235563781e-02 -7.3944827948e-02
3.2590040226e-01 -1.9122067484e-02 3.5412673266e-01 8.2906407522e-03 7.8700768807e-02 5.3547170377e-02 6.5511051378e-02 -1.8103325962e-01 -1.2311933991e-01 -1.4491857548e-02 -7.2938166759e-02 5.1173007368e-02 5.2956175820e-02
-4.3832546308e-02 -1.1357493824e-01 -1.7264167088e-01 1.4547455412e-01 -1.2771587368e-01 -7.8858170244e-04 -1.9029771726e-01 2.6076561147e-02 2.4031027771e-01 -7.5950419234e-02 6.8823838443e-02 -6.8784682363e-02 9.2089043990e-05
-6.3876076310e-02 2.1618454305e-01 7.8896385892e-02 6.6913906043e-02 4.7954050777e-02 -4.3840450524e-03 -2.7519211727e-02 7.4751944898e-02 2.5559772136e-03 -1.6145748096e-02 1.1938594113e-01 -1.0997249756e-02 -1.7646808477e-02
-1.2704234628e-02 -2.4774330440e-02 7.5215040738e-02 -3.8772367533e-02 1.9180067042e-04 -2.0890463681e-02 1.8107244543e-02 6.9332731899e-03 -1.8676435599e-02 2.1943263374e-02 -2.5982928444e-02 -1.1553929735e-01 -1.4859604295e-01
-5.0525023924e-01 -9.6716166023e-02 -1.1890302097e+00 -4.4100887893e-02 -7.9775513090e-01 -4.0088552891e-01 -4.5895700801e-01 -1.8345475913e-01 4.4425600377e-01 -6.5165906601e-03 -7.6552815871e-03 -2.0496388027e-04 -2.1839660791e-02
-1.2466593023e-01 1.0989748802e-01 1.3366065707e-01 9.6571713786e-02 5.2061605408e-01 8.5804525560e-01 4.2411620284e-01 1.5563206551e-01 -2.1725423813e-01 -4.8707220176e-03 -4.0824057514e-02 6.9260304104e-03 3.3866555244e-01
9.5969380342e-03 -4.7496584303e-02 -7.6222115684e-02 7.6003089727e-02 -8.1561137375e-02 -1.5490605458e-01 -1.6524642507e-01 -1.2689118805e-02 2.0385785001e-01 -8.6876349160e-02 5.1695177502e-02 -9.1327178172e-03 1.4443091239e-01
-4.1110972047e-02 -1.9722571576e-02 -5.2076511054e-03 8.0319142486e-04 2.1734176840e-02 -2.2896302202e-02 5.4050024778e-02 1.4973980577e-02 -3.1220517575e-02 2.5032086837e-01 -1.0399491594e-01 8.2398109783e-02 -3.8868707360e-02
-4.4838392078e-03 -5.1236458205e-02 -7.1989733806e-02 2.3642695630e-02 7.4885179832e-02 6.9503453414e-02 -1.1045737395e-02 -2.2416354670e-02 1.8998588560e-03 5.7087004961e-02 -2.9606857206e-02 -6.6874541346e-03 3.8566850955e-02
2.0230391843e-02 2.5497308737e-01 1.1814623354e-01 1.9141209007e-01 7.5410139146e-02 6.6102070331e-02 2.6188146482e-02 -1.2212086320e-01 -1.0227213348e-01 -1.8018877211e-01 -3.9026930343e-02 -3.4272148582e-02 -1.0316106340e-01
-4.0848394783e-02 2.0543531837e-02 -9.4474845537e-04 -1.2874533969e-01 5.2917846221e-02 -7.9687091427e-03 4.4152765014e-02 5.2927738778e-02 -5.2857838566e-03 -2.9694761773e-02 -3.6511721578e-02 -1.0358015269e-01 1.9058358853e-02
-8.3887278432e-02 -7.5147714179e-02 -2.1439841896e-01 5.7269338293e-02 -5.8922931226e-02 -8.6653174954e-02 -7.2323841598e-02 -1.2199394969e-02 9.7406876335e-02 4.2052502073e-02 -2.0824555411e-02 -1.3865924606e-02 -3.6117255292e-02
-9.9658126981e-02 1.4343567957e-02 -7.0811733366e-02 -8.0738343657e-02 -8.4802620171e-02 -1.0938604487e-01 7.5429492625e-02 -2.8830804094e-02 -6.8292327746e-02 2.1089174008e-02 -2.1807402950e-02 6.4272545458e-02 -5.1102008225e-02
-3.9438763118e-02 -6.0175562794e-03 -1.7200101592e-02 -3.8965833221e-02 -4.9656048960e-02 -6.1418852241e-02 6.6325618089e-02 -1.0604269161e-02 -4.8846137759e-02 -2.1213353686e-01 -1.7305141579e-02 -2.3790240249e-02 5.5272110731e-02
3.5506772459e-01 8.3244621210e-02 4.2138113373e-01 4.0546769816e-02 1.8075116322e-01 1.2334033709e-01 8.3646415528e-02 -1.0403074328e-01 -1.4596312856e-01 9.2285685075e-03 6.9155579860e-03 -4.7720145356e-04 1.2560531262e-02
3.7078971749e-02 1.3427548292e-01 1.0118725138e-01 2.2883397631e-01 2.1997684585e-01 3.0201506190e-01 4.5226868019e-02 -5.6536361222e-02 -7.1067258714e-02 9.0772394950e-02 -4.2689281252e-02 4.5839865209e-02 4.1621127258e-02
2.8561530339e-01 1.9627914145e-01 4.4999469564e-01 6.7267138308e-02 2.8852040559e-01 9.8727068747e-02 9.9530121228e-02 -4.7486472352e-02 -1.4976257933e-01 -3.9099998807e-02 -4.9435743418e-02 1.3598197317e-02 -2.8104346116e-02
-3.5742661509e-02 -5.1751357311e-02 -6.5654276707e-02 -2.5831756654e-03 3.9769981039e-02 2.5027326771e-02 3.1695154688e-03 -1.3850258214e-02 5.7262843602e-03 3.2764792726e-02 -7.7481126097e-02 -1.1356628152e-01 8.3556908514e-02
-5.3588634917e-02 -3.0380869755e-02 -6.5258741337e-02 3.4706853218e-02 -4.7799277665e-02 6.9803332058e-03 -7.3368792111e-02 3.9450689326e-02 6.6745382008e-02 7.4261680514e-02 8.5312371008e-03 3.3944641499e-02 -1.0205797833e-02
-5.9252705143e-02 -4.9660146288e-02 -7.1539171752e-02 -3.2969162166e-02 -5.6202064563e-02 6.0325485357e-02 2.4319750079e-03 1.2859732275e-02 1.6951973776e-02 2.7020702401e-02 -4.2665643001e-02 4.8969606549e-02 -6.5165094379e-03
-2.8680571350e-02 -3.8361945646e-02 -4.6869685950e-02 9.9209828944e-03 2.3982700716e-04 -2.1024211081e-02 -3.3427971498e-02 -6.2757119979e-06 6.6760824861e-03 3.9219331586e-02 -1.6174127682e-02 -2.2026679015e-02 -6.1857524833e-02
-3.2814540253e-02 -5.4044421329e-02 -6.0694146326e-02 -1.9987833766e-02 -6.1861913393e-02 -4.5403917569e-02 9.6597665937e-03 -3.7184576867e-02 1.3659297708e-02 -1.0612043665e-01 2.3740844154e-02 -3.3923625973e-03 5.5601754668e-02
6.8460663483e-02 -3.0728882714e-02 -1.4952992763e-01 3.0993874652e-01 1.7447277592e-01 2.2534317436e-01 -1.5666804539e-01 -7.9725617233e-03 1.6904911056e-01 8.7307724981e-02 1.3166536967e-01 6.1515240731e-02 -2.0421531135e-04
-7.5440646955e-04 4.7953793136e-02 4.8745805273e-02 -8.6882887508e-02 -2.7007837270e-02 -4.2112776910e-02 4.5604343351e-02 -8.1915133640e-03 -4.7047948588e-02 -1.7043122051e-01 -6.6108003140e-02 -2.0450567202e-01 -5.0453224969e-03
-3.4889657063e-02 -6.6338782917e-03 -3.1003104047e-02 -3.2866291872e-02 7.0593600103e-03 -3.7099420605e-02 2.9040474567e-03 2.1674301348e-03 -1.2734414444e-02 2.3432953106e-02 -2.9559645795e-02 3.7171964547e-02 2.6991488758e-02
-1.1802065569e-01 4.6469462813e-02 -3.3686329634e-02 -2.3378928783e-02 -5.7344547020e-02 7.7691463721e-03 6.3206382225e-02 1.4954929204e-02 -6.9458488184e-02 -9.3772371406e-04 -3.9214263574e-02 5.1110311183e-02 3.1248340524e-02
-3.2332885182e-02 -7.2495041586e-02 -1.9771652513e-01 -2.7698445296e-02 -5.4577866142e-02 -1.5976603289e-01 -1.1648658711e-01 2.0842314611e-02 1.0387064154e-01 5.3887847166e-02 9.6351527000e-02 1.1345760991e-02 -5.5393236187e-02
-7.2968451110e-02 -6.0043615573e-03 -1.7960746316e-02 -6.7112912604e-02 -8.8411233680e-02 -8.0615594003e-02 5.7994253184e-02 1.0616238500e-02 -1.1892858231e-02 -1.2188775280e-01 -9.1289385772e-02 4.5226003966e-02 1.4549850210e-02
1.2104565794e-02 -7.5481597746e-02 -4.7252374070e-02 2.1630886019e-02 2.7928667187e-02 2.1680380389e-02 -3.3092265235e-03 -3.1895047675e-02 2.8661348197e-02 1.3420549337e-01 -9.5894785050e-02 -4.3883561197e-02 7.0981795482e-02
-7.3940617579e-02 5.5518382061e-02 1.2699117919e-03 -1.4513585859e-02 2.3368326732e-02 3.3470199268e-02 -2.2131985442e-02 3.0168395762e-02 4.0763335079e-02 -2.3862837141e-02 3.5613262442e-02 2.4049993842e-02 -4.4115678640e-03
-3.2502474761e-02 -3.6909233092e-02 -5.9539348855e-02 1.0603306813e-02 -5.9269636457e-03 -2.5444647902e-02 -7.6250897848e-02 3.3272798601e-02 6.1654386462e-02 7.7083156035e-02 3.0892120034e-02 5.7041798999e-02 -4.1191745576e-04
-2.6973927428e-02 6.1001481262e-03 6.7199643107e-03 -3.7565420578e-02 -4.4981953200e-03 1.4988304538e-03 2.2455727802e-02 1.4205142729e-02 8.2785687705e-03 6.4242512290e-02 4.1600005362e-02 1.8652493299e-01 7.3754680325e-02
-9.3933279013e-01 7.3365714711e-01 -1.3851576539e-01 4.4657980851e-01 4.0499454189e-01 6.2911622221e-01 4.0172806027e-01 5.0971198883e-01 -3.3496130201e-01 -2.2294966107e-02 -5.4522338992e-02 5.0879162118e-02 -2.0049311031e-02
-6.7694782889e-02 -2.7607830227e-03 -1.5065961864e-02 -8.3081377997e-02 -3.7825372321e-02 -6.9426149915e-02 3.1510710016e-02 1.4885789032e-02 -2.7994043887e-02 -4.0760368308e-02 -9.0062293796e-02 -5.9918679452e-02 6.3242097929e-03
1.7227816960e-01 -5.5493009782e-02 1.7333980840e-01 -4.3024959150e-02 1.1934691756e-01 -1.3494990915e-02 3.6598026905e-02 -6.0911669679e-02 -6.0297460395e-02 -3.5241746595e-02 -3.9762698137e-02 2.1045961708e-02 9.6423851049e-04
1.3751521749e-01 -1.0318787733e-01 9.5059741086e-02 1.4257934318e-02 1.0010707642e-01 1.2728285191e-02 3.2160298939e-02 -7.3010733520e-02 -4.6662459126e-02 -9.2559606566e-02 -4.8835939992e-02 -4.9352039603e-03 2.5262524442e-02
-1.2462416603e-01 3.4873082762e-02 9.8323627694e-04 -1.2859262448e-02 1.0836787298e-02 5.4782033606e-02 -5.7007092445e-03 1.0960299145e-01 2.2301415591e-02 3.5048747653e-02 7.5733890588e-02 1.2590815051e-02 -4.8836387405e-02
-1.5105652924e-01 1.1963496855e-01 -1.4293723173e-01 3.6413457719e-01 2.3911016901e-01 2.7275048861e-01 -4.4898325421e-02 6.3564706098e-02 6.0139267495e-02 -9.5216399063e-03 5.2594934013e-02 1.1384160708e-02 -9.1045909071e-03
-1.0931769878e-02 -1.5736225007e-02 -4.0660353949e-02 -5.3925601345e-03 3.8297996743e-02 6.3506273375e-04 -2.3734260696e-02 1.0717846741e-02 7.3547591054e-03 3.8971373804e-02 -9.2184917749e-03 -1.9288617227e-02 -2.7333748132e-02
-4.3113575213e-02 -3.9010953028e-03 -3.9780873963e-02 -1.3222525324e-01 -6.6858727905e-02 5.1443593919e-03 5.4609266556e-02 1.7109596403e-02 -3.8917070634e-02 3.4332894553e-02 -6.9076953564e-02 -5.0062972138e-02 7.5624193461e-02
-3.3990861497e-02 -3.3695777030e-02 -4.0837407809e-02 4.8006230616e-03 -9.7411905155e-04 2.6068639247e-02 -2.9797537329e-02 1.7360678730e-02 3.1705903864e-02 9.9126975705e-02 1.6322815160e-03 7.5770157359e-02 -1.2658021153e-02
5.2325769134e-01 1.3789631909e-02 6.7549592430e-01 -1.7472265900e-01 1.9435433374e-01 5.9006431166e-02 1.8913849439e-01 -1.2758021539e-01 -2.9380367740e-01 3.1937342947e-02 2.3941289901e-02 -3.5268839619e-02 -9.9035450958e-02
-8.6558688064e-02 4.5605815188e-02 4.5480112916e-02 -4.9635361880e-02 -2.2802929383e-02 -9.2986446538e-03 3.6213073101e-02 5.8344450120e-02 -2.0730316617e-02 3.1999986534e-02 -2.6947800054e-02 -1.0452644407e-02 -5.4859719390e-02
-2.4183947294e-02 -3.5618313256e-02 -2.4391654170e-02 1.5013721043e-02 -2.1857261601e-02 3.9938123531e-02 -4.0363611485e-02 5.1479322070e-03 2.0485059240e-02 -6.4490942879e-02 3.1865696773e-02 6.3843825632e-02 -3.1688352754e-02
-2.5079244451e-02 -1.3963603228e-02 -4.1694062940e-02 -2.8832520809e-02 -2.9368073808e-02 -6.6757240737e-02 -6.8189355480e-03 -2.9744401368e-02 -7.6608444797e-04 -2.4996875412e-02 4.0864258561e-02 -7.5116008538e-02 -6.9410458948e-02
-3.3175033004e-02 -2.3978213656e-02 -2.4101575592e-02 -2.6086711170e-02 3.3572880290e-02 3.6970586352e-02 -1.0909527154e-03 3.3677388980e-02 3.5541958245e-02 4.2581289237e-02 -4.4813700904e-02 -6.3358230578e-02 9.6197119518e-03
4.1355506941e-01 -1.0672048315e-01 2.5423103008e-01 -1.2844485991e-01 -3.5557874798e-01 -7.9256118003e-02 -1.1761610685e-01 -2.8248099523e-01 -1.0405994154e-02 -5.8361963311e-02 -1.1875535827e-02 6.7813750139e-02 -9.3168525456e-02
-8.4336233077e-02 3.1560015903e-02 -2.3363124249e-02 4.8953120130e-02 -8.3772166885e-02 -6.2437455450e-02 3.2470458968e-02 2.2550279642e-02 1.9031448526e-02 -1.2425645814e-01 -5.5488976232e-02 -1.4557580562e-01 -3.2041304262e-02
-2.1572015707e-02 3.0486848783e-02 -2.3310830837e-02 4.5971750163e-02 4.7453332023e-02 -3.7540141104e-02 -7.8218163750e-02 5.5544624610e-02 7.2687233527e-02 1.8382467386e-01 1.2848710550e-01 5.5927638090e-02 1.5795100499e-02
1.3001189409e-01 6.8393606745e-02 2.3019038320e-01 2.6133386462e-02 3.4035505002e-01 2.1793867295e-01 1.8879469128e-01 2.7893594117e-02 -1.1104446761e-01 -4.4226538240e-02 -6.0452480473e-02 -8.1947986769e-02 2.3257540210e-02
-2.4255682727e-02 -5.0963170847e-02 -9.0446128540e-02 4.1260700498e-02 9.1738816606e-02 1.1618738566e-01 -3.9059403347e-02 3.2391848803e-02 5.7490687528e-02 6.4575752330e-02 8.3863895600e-02 9.2358733840e-02 4.3260763444e-03
-2.0833353423e-02 7.4270418334e-02 5.3866148240e-02 -6.9428022866e-02 -7.3988894956e-02 -2.0750314906e-02 1.1615379241e-03 2.6596403471e-02 -4.2484225570e-02 -2.0322056548e-02 5.9603893106e-02 -3.5553217205e-02 -1.0497124050e-01
1.7730715351e-01 4.0348415682e-02 2.4538592878e-01 -1.1766795194e-02 1.1332471840e-01 1.0109823489e-01 6.2641369774e-02 -2.6213324413e-02 -1.0868197917e-01 6.1382782287e-03 -1.1246779453e-02 8.9783239508e-03 -5.6117417368e-03
2.9375986927e-01 1.7608921307e-01 4.3552114373e-01 -4.3665015916e-02 1.9335587612e-01 1.9230362389e-03 1.1395007377e-01 -7.6209349067e-02 -1.9627604260e-01 2.3321775656e-03 1.0413158337e-02 -2.7332005403e-02 6.1005660954e-03
2.4492946189e-02 -8.7366720141e-02 -1.2351996793e-01 -9.2334204874e-02 -1.1413153876e-01 9.3830753015e-02 -7.6734157973e-02 -5.7126991072e-02 1.0931987132e-01 7.3109005491e-02 1.1863120863e-01 1.1941115289e-01 1.2984226667e-03
-1.3908418411e-02 -1.1109796069e-01 -1.1335955807e-01 1.8347530476e-01 -1.4417058210e-01 -5.1520532931e-02 -2.0628960033e-01 -4.8532813336e-02 1.9038607534e-01 2.6931636759e-02 1.2852132286e-01 -2.9892170016e-02 2.8642655468e-02
-1.8968218781e-02 -1.0926046295e-03 -3.4091302366e-02 -1.6985390158e-02 2.3519257603e-02 1.6425657146e-02 -1.5902037790e-02 -1.1174643037e-03 3.0438578367e-02 -7.4751531991e-02 1.5568728841e-02 -9.2237926670e-02 -3.5982441903e-02
-5.7561739859e-01 6.3065586846e-02 -5.1604578079e-01 7.8388752180e-02 -2.2040870165e-01 1.8521219179e-02 -7.3783318781e-02 1.8983586431e-01 1.3610955227e-01 1.5370248752e-03 4.2391588925e-03 4.9678573322e-03 3.4722656372e-02
-1.4925677179e-02 -3.6221914640e-02 -3.5698636682e-02 3.2158438977e-03 8.0493591020e-03 -1.9589725061e-02 -1.1102384784e-02 -7.8717314507e-03 -2.2325076890e-02 1.7658232888e-02 -1.3894270738e-03 5.3694742507e-02 -1.4851617411e-02
-1.2218838238e-01 -2.1102499561e-02 -1.7244251202e-01 -4.1393675564e-02 -1.6035466774e-01 -3.5239023875e-02 -2.4786400658e-02 -3.1360467598e-02 6.3729051002e-02 1.0622033713e-03 1.5323479173e-02 7.0691222134e-03 5.2299534941e-02
-3.0018120881e-01 -1.7068840712e-01 -1.9184696936e-01 -2.0478368776e-01 2.6725626155e-02 2.0438898009e-01 1.7099492196e-01 2.4297308953e-01 -4.1096486169e-02 1.5321358221e-03 -1.3898536974e-02 -2.3005422823e-02 4.6645936928e-02
-9.2711365337e-02 8.7384203163e-02 -2.1732764855e-02 -3.0721157508e-03 -1.1044009714e-02 -4.8925593594e-02 1.1402434887e-02 2.3154034447e-02 -2.7293538727e-02 8.1311567334e-02 -2.8512191551e-03 -4.3012438568e-02 -4.5002669891e-02
-1.6651638871e-02 7.9116807085e-02 -4.3904301726e-02 4.0562600793e-03 7.2367353340e-02 -1.3563987650e-01 -8.5029139921e-02 4.1333836666e-02 5.2504825752e-02 2.0726424925e-02 8.4216418650e-02 -2.2292495756e-02 -7.6115845079e-02
-3.6186321014e-02 -1.1493016607e-01 -1.5548720242e-01 -7.0619047527e-02 -1.2178127159e-01 -1.4570015217e-01 -2.5548794064e-02 -5.6409321218e-02 2.7490614995e-02 -6.5383417360e-02 7.2036660139e-02 9.1147956350e-02 8.2166504277e-02
-2.1697441571e-02 -3.7476558805e-02 -4.4213142035e-02 -2.7725457234e-04 2.3589309431e-02 -1.5427013438e-02 -8.2286993826e-03 -2.2047978015e-02 -1.0600419818e-03 9.6240752453e-03 -1.8667665014e-02 -5.6713797913e-02 -3.1226567630e-02
-4.3297764352e-02 -3.9153872914e-02 -9.8644750619e-02 2.8374384603e-03 -8.5489850513e-02 1.5952232469e-01 -5.7414547742e-02 5.3514258269e-02 1.0056367969e-01 6.1374152246e-02 6.2163554121e-02 1.4420250113e-01 5.1361368448e-02
1.0127855358e-01 2.4009687676e-01 1.1108929115e+00 -7.9908827933e-02 8.8507882975e-01 6.0129767817e-01 6.4815411395e-01 5.3299584942e-01 -4.8249543428e-01 2.7435522146e-02 3.6560559293e-02 4.6415306477e-03 3.4456770908e-02
-4.5994539687e-02 -1.8377456140e-03 -2.2829161084e-02 -2.9807027364e-02 -7.9384069503e-04 -6.5788382945e-02 1.0881182624e-02 -1.3287677109e-02 -1.6732076067e-02 6.0421637098e-02 -6.4863836920e-02 4.9831377424e-02 4.2724464399e-03
-7.8895836098e-02 6.5975410493e-02 -1.2340587999e-03 -6.2711029322e-03 1.6689195927e-02 1.7803707074e-02 -2.3826988862e-02 1.1329157297e-01 4.1738432764e-02 1.0244733773e-01 4.2457527222e-02 3.6531138786e-02 -3.8622948852e-02
-1.4120324158e-03 -3.7438275986e-02 -8.5794493709e-02 -1.8186348431e-01 -2.4492509316e-01 -2.2548892833e-01 -8.1505362383e-02 -5.6077835429e-02 -2.2638659916e-02 7.1115687083e-02 8.0322153169e-02 -5.3345685639e-02 -8.5171262096e-02
3.0616823668e-02 2.8104337730e-02 -4.1567283922e-02 -1.3637351364e-01 7.3827135738e-02 6.2028226481e-02 5.1551056151e-02 -3.9329483483e-02 2.3881482499e-02 -8.9755823268e-03 1.8789485439e-02 3.7142131017e-02 1.3569170859e-01
1.9436831518e-01 -3.5323680455e-02 1.4269851303e-01 -2.9462805495e-03 1.1390770191e-01 -4.1962120367e-02 1.1712761583e-02 -1.0701836990e-01 -5.4366055287e-02 1.0229530597e-02 -4.8417257707e-02 2.4608325196e-02 -1.3542162683e-02
-7.1355836788e-03 -3.5349942982e-02 -5.5894940755e-02 6.7135155249e-02 -7.4740902854e-05 -1.2560086789e-02 -9.1497684862e-02 7.2447933917e-03 6.0554602411e-02 1.5309510639e-02 5.3733126846e-02 6.4627981222e-02 -2.0443761744e-02
-7.0602900466e-02 2.1361769655e-02 -6.7509063452e-02 -5.4221312563e-02 -5.2536553619e-02 -9.4011631908e-02 1.4735214947e-02 -2.9151240737e-02 -4.3405595498e-02 -9.7515507292e-02 -2.8175602651e-02 -1.1692218935e-01 -8.5313807985e-02
4.0355847755e-01 -3.0464792939e-02 4.1545267549e-01 -1.2377606508e-01 2.7047135437e-01 -1.2038532725e-01 1.4250729351e-01 -2.0673317522e-01 -2.1778253256e-01 4.8024867052e-02 -4.6559989275e-02 2.8971700103e-02 2.4447603346e-02
-5.1341533240e-02 7.9391711007e-03 -7.9014268027e-02 -4.7366621519e-02 3.3123752985e-02 1.6238441755e-02 2.0945577083e-02 -2.3746657983e-03 2.4207413773e-03 1.5313572700e-02 -4.0439233343e-02 -1.8360604353e-02 6.7151997883e-02
-1.2813126645e-02 -3.0825309188e-02 -3.8098191250e-02 -9.8540349141e-03 3.4379629598e-02 -6.0713382585e-03 -3.2194869745e-02 -3.2615022181e-02 -4.4786658674e-03 4.0594741391e-02 1.8821147843e-03 2.2183702442e-02 1.3630441159e-02
-4.5257217234e-02 -2.7395716294e-02 -2.3228076789e-02 -7.2519185351e-03 -3.0469922651e-02 -4.1188685578e-02 6.5301021789e-03 -1.3750969298e-02 8.3564571694e-03 -3.0493262931e-02 -8.0272592335e-03 5.4959811084e-02 4.5519346808e-03
2.7555866985e-02 -3.5045041527e-02 -7.0563579819e-02 6.1298516676e-02 -2.2399532180e-02 -1.1412412434e-01 -1.0797309528e-01 -2.4117395076e-03 8.5357664392e-02 -5.8544259856e-02 6.5986492266e-02 5.5884651459e-03 1.0946863068e-02
-2.1595504615e-02 2.9529682870e-02 -1.0027280313e-02 4.0357884695e-02 1.0119051979e-01 6.6286679056e-02 2.9250628559e-02 -2.0943225255e-02 -3.9212096690e-02 5.9060909732e-02 -1.0108062022e-01 1.7806380632e-02 9.5762001471e-02
3.0303753137e-03 -1.8805149045e-02 -1.6095652505e-02 -4.0293316703e-02 -2.3715245014e-02 -3.8903557642e-02 3.4920948668e-02 -6.1311188157e-02 -5.2052998889e-02 -1.3706816023e-02 -1.3231517874e-01 -1.7981341123e-01 -9.3863191813e-02
5.6680621264e-02 -6.8105988930e-02 -1.5519963787e-01 4.8935323575e-02 -5.9656437899e-02 -1.0765888679e-01 -1.9603170681e-01 -6.4132374833e-02 1.5576032638e-01 4.3629684083e-02 2.8441330587e-02 2.3567371935e-02 -6.4285980982e-02
-4.6355171985e-02 -2.8806555917e-02 -4.3277215520e-02 -3.1606201573e-02 3.3225463980e-02 -1.9020626328e-02 5.1341909278e-03 -1.1813004334e-02 -1.6428293358e-02 1.6918271583e-02 -3.8617225860e-02 2.0280577747e-02 -3.5683558665e-03
1.0072103068e-02 -4.4736972096e-02 -4.8390160455e-02 8.5804640456e-02 9.4376957902e-03 4.1449665358e-04 -8.4208004699e-02 6.8007172278e-03 6.2813673754e-02 1.3438155239e-01 2.8771179511e-02 6.1610985409e-02 -2.0978084384e-02
-1.9848494557e-02 1.7721237239e-02 -4.6099918494e-02 -5.8972999035e-02 -9.8718897095e-03 -7.4440752965e-02 9.9118534218e-03 -6.6966806667e-02 -5.6891245308e-02 -3.4324481969e-02 -2.0546009301e-02 -8.6173304674e-02 -1.9350933756e-02
1.6816761051e-01 3.3741384934e-02 4.0379110253e-02 -9.0928673264e-03 2.5983082968e-01 7.0669999342e-02 5.5353755429e-02 -2.2165642374e-02 -2.6476277445e-02 2.1380304223e-02 -4.0165087038e-02 6.1784152943e-03 -2.1384986228e-03
1.6720787011e-01 7.5682063574e-02 2.0487856471e-01 8.3187394220e-02 2.1375741176e-01 1.2199970009e-01 1.4255940784e-01 -1.1735939719e-01 -1.6277693706e-01 -7.3071514935e-02 -1.4458121820e-02 2.7817900693e-02 4.6917435614e-02
-4.6803877303e-02 -3.8426495812e-02 -5.4306802415e-02 -2.6972554317e-02 1.4062366658e-02 4.8412240895e-02 -5.2002160022e-03 7.4824351298e-03 2.1693360968e-03 4.6137356664e-02 -3.8406934265e-02 -1.4157004528e-02 1.8982303999e-02
-7.0721207559e-02 9.0822590174e-02 7.9373655771e-02 1.0710607681e-01 3.1437854921e-01 4.0437211826e-01 1.7432788122e-01 8.8903212148e-02 -1.2253371384e-01 1.9553478492e-02 -1.7741220356e-03 8.0961387049e-03 7.6224536737e-03
-8.1024418058e-02 2.0879490093e-02 -3.3115811406e-02 -9.1355098350e-02 -3.8455585779e-02 -1.1459376878e-01 5.8720046622e-02 3.5004907520e-03 -7.1926933722e-02 -4.5688938116e-02 -1.2124446627e-01 -2.1871211586e-02 1.7363629224e-02
-3.2698987117e-02 -4.3734026270e-02 -2.1229668367e-02 1.5106703379e-03 1.4765139831e-02 -2.4459488163e-02 1.4925215105e-02 -2.3055805420e-03 -2.0173276634e-02 6.8647421283e-02 -8.3038458652e-02 -6.9021590555e-03 4.8683732415e-04
-6.8832708328e-02 -2.8533084083e-03 -4.4622173319e-02 -6.8342607064e-02 -7.7432340629e-03 -3.5473657434e-02 3.5075610772e-02 -5.1438733467e-03 -5.6259980465e-02 -3.0519708983e-04 -9.8330987060e-02 -1.6205644494e-02 1.1456736078e-02
-1.0796388435e-01 4.2461790371e-02 1.6829337580e-02 -3.3897180797e-02 8.8443679884e-03 1.0149977102e-01 -1.0116968359e-02 1.6086462142e-01 1.8455933902e-02 -7.4876418364e-03 4.8937506932e-03 -5.6281600579e-02 -5.7059345912e-02
-3.9704451154e-02 -3.5932318516e-02 -3.4637036856e-02 -1.1309169855e-01 -2.1125769867e-01 -1.4036877837e-02 2.3575584562e-02 -1.6978476801e-02 -2.7390560277e-02 -5.7547548878e-02 -9.0173626001e-02 8.1061006023e-03 4.0121051190e-02
-7.0576662816e-02 -3.8014143479e-02 -1.0521504049e-01 3.3171764568e-04 2.1496352649e-02 8.9297285735e-02 3.1585280256e-02 1.7001198863e-02 -2.3280739207e-02 -5.6299240924e-02 -2.2551674470e-02 -3.3696989236e-02 2.6569573888e-02
-1.7034275495e-02 -2.2766591185e-02 -4.3369395734e-02 3.9906707959e-02 -2.0798723136e-02 5.2214032584e-02 -5.1782651659e-02 -6.0984773917e-03 5.7991598220e-02 -4.1442105131e-02 1.8358145326e-02 -5.7562758154e-02 -4.8590707382e-02
-1.2251161611e-02 -2.1458958446e-02 -4.7907618289e-02 4.7730829224e-02 -6.4328076240e-03 -3.7521581587e-02 -8.9457741260e-02 -1.0349166194e-02 7.6312348284e-02 -2.4520021550e-02 6.6499202809e-02 6.6265259097e-02 -3.7055554554e-02
3.6154371122e-03 -8.1406973971e-02 -1.3320012146e-01 9.8274196273e-02 2.4951550502e-02 2.1156690143e-02 -8.7623118043e-02 -1.9508130295e-02 9.3379121060e-02 -4.1335866127e-03 -1.4052657114e-02 -8.0133063766e-02 5.6670981226e-02
1.1073572038e-01 -8.3219968730e-02 -3.7836935181e-02 1.5392146907e-02 5.5098237364e-02 -6.0916405722e-02 -6.4664784136e-02 -7.4981921302e-02 1.1752970527e-02 3.3354995313e-02 -4.5825969414e-02 -8.4834265343e-02 -7.0503089568e-02
-2.9476813895e-02 -1.7780602772e-02 -2.4166861672e-02 -2.6610546973e-02 -2.2667534943e-02 1.1069106596e-02 -9.8029846913e-03 1.6293135913e-04 8.8180448463e-04 -4.4776639356e-02 -3.8561011865e-02 -6.4060889782e-03 -1.4253462930e-02
-9.3771527843e-03 -1.2619421154e-01 -1.4787143721e-01 -2.3231942711e-02 -1.3970692772e-02 -1.4886395360e-01 -9.8612135923e-02 1.7801464916e-02 1.0702604942e-01 -4.3649155021e-03 5.2957304745e-02 -9.4902859854e-03 3.8498668828e-02
-8.0670629317e-02 4.9890807095e-01 -4.6847833706e-02 3.1898865907e-01 5.6830037685e-03 1.6679755269e-02 -1.8131362298e-01 -1.2080818737e-01 1.1045816845e-01 1.1648234166e-03 1.8240614029e-03 -5.8391304085e-03 3.1658014211e-02
5.6972505699e-02 -5.8333035549e-02 -6.5899572490e-02 2.4819466289e-02 7.5301600118e-02 -3.6808268953e-02 -5.6784196474e-02 -1.9593381598e-02 1.9851364767e-02 -2.3442541516e-02 5.2564974342e-02 -3.1653475956e-02 -7.3092980163e-02
-1.6245373213e-02 -4.0821830894e-02 -1.7054643456e-02 1.2064637500e-02 -1.9852486750e-02 1.4546795621e-02 -4.8324673184e-02 8.9817326804e-03 3.7367974484e-02 3.6208047395e-02 2.7457559169e-03 1.7130487739e-02 -2.1562368803e-02
-2.7127490605e-02 -1.7986900452e-02 -1.3387121496e-02 -1.3409659727e-02 4.5431987615e-03 -4.5851633415e-02 1.0696125223e-02 -5.0508828525e-03 -2.1118661536e-02 8.6449861580e-03 -3.6858115713e-02 2.4965188030e-02 -2.7580438977e-02
-1.3164913225e-01 2.4661053653e-01 -7.3236799926e-02 6.6745463159e-03 8.9775879529e-02 7.9880795707e-02 -1.1793870533e-03 1.0686780841e-01 5.8957160806e-02 2.9563475035e-02 -3.0926177456e-02 2.5007991515e-02 -1.9211574345e-02
2.2500122869e+00 4.1797045939e-02 2.4940686800e+00 -4.0238881977e-01 1.7535583858e+00 1.7548067376e-01 7.6125681112e-01 -5.8204904677e-01 -8.4701398431e-01 -5.3742685123e-03 -1.0009236705e-02 -2.0692545689e-03 2.0814446690e-02
-2.2734079095e-02 1.6803378180e-02 -1.0510739263e-02 -2.3143532887e-03 -7.9619897547e-02 -1.0247603482e-01 -7.2941648918e-02 2.7026340121e-02 -2.4206842409e-04 1.0235053101e-01 1.0120243458e-01 -1.5813696906e-02 -1.3922605383e-01
-9.2897398009e-03 -2.8194049580e-02 -7.4650089999e-02 1.5457690285e-02 -7.4986902077e-02 -7.9599634313e-02 -1.2285948539e-02 -5.5083033824e-02 2.6232326920e-02 7.1752848944e-02 -8.4538354129e-02 -4.6793327319e-02 4.3930332051e-03
-2.0368044853e-02 1.7055808363e-02 -1.9220808170e-02 -2.3504942695e-02 4.3472621294e-02 -1.0441838015e-01 4.4692550764e-02 -1.2524550567e-02 -6.0960142401e-02 -1.1823458261e-01 -7.2265727171e-02 -9.6450096141e-02 -3.1983833564e-02
7.5362623942e-02 -1.7886912226e-02 9.7298838971e-02 -1.9898884055e-02 2.3655678868e-02 1.8811360891e-02 2.4275234810e-03 -7.2485084550e-02 -4.2904259754e-02 -8.9036631874e-02 -5.8990022509e-02 -5.5315975485e-03 2.3517858858e-02
2.8762699320e-01 -7.2897679451e-02 2.3655300737e-01 2.0056782965e-02 1.4027778556e-01 2.0042403215e-02 2.1238996539e-02 -1.3213027713e-01 -6.6040729436e-02 5.3638666694e-03 -1.0985497623e-02 9.5531210129e-02 2.8955385208e-02
1.7923051516e-02 -5.8939306178e-02 -5.4279626622e-02 7.2201157946e-02 1.8526853748e-02 3.4961252358e-02 -9.6468426333e-02 1.3344013399e-02 9.9441735910e-02 2.3113161256e-02 1.2729614727e-01 1.1786829040e-01 -2.6799438434e-03
-4.1831724634e-03 -7.1010808709e-02 -8.4653100788e-02 1.8345617763e-02 5.4573601056e-02 -4.4886581172e-03 -3.0590141515e-02 3.8596467214e-03 2.4095555511e-02 -5.6659478104e-02 1.3031967725e-01 9.3057987421e-02 6.0340187622e-03
-2.8474716910e-02 -5.2380108927e-02 -4.5537955975e-02 1.5447244549e-02 -8.2373411552e-03 3.1138471754e-02 -2.6260450513e-02 2.8906152893e-03 2.2918114477e-02 -4.7920465564e-02 5.8696026433e-02 1.0730549394e-01 1.2298589928e-02
-1.6819137313e-02 -3.5870977938e-02 -9.2565023942e-03 5.5377700547e-02 -1.2584969202e-01 1.0669074068e-01 -3.4735212019e-02 -4.4047361637e-02 3.5002162881e-02 -1.3254807358e-01 -2.7682499007e-02 4.9993619352e-02 5.6338002536e-03
-3.4279763325e-02 -1.3409904125e-01 -1.4490629513e-01 2.1815273125e-02 -2.1465933336e-01 9.2698522491e-02 -1.7767543050e-01 -8.8746801351e-03 1.8136249232e-01 1.1852636462e-01 3.9365580998e-02 1.2715545949e-02 5.1940371545e-02
7.3207467405e-02 -7.7231842336e-02 -5.2659363016e-02 -2.2582075333e-02 -6.4035349086e-03 -1.1881792357e-01 -6.8255484315e-02 -7.4279406313e-02 3.6230275982e-02 4.9038503415e-02 -1.2785710996e-02 -1.5336639770e-01 -9.7868926437e-02
-6.4523098353e-04 1.2732286102e-01 1.4723985566e-01 3.5025251171e-02 3.9635133729e-02 7.8258275821e-02 9.9685888013e-02 1.8617298604e-02 -9.8342230633e-02 -4.0169176590e-02 -7.8997345219e-02 -8.1403524773e-02 4.5278887991e-02
-1.7154332605e-02 -4.7416382683e-02 -1.8839772099e-02 5.7429977357e-03 9.5438591880e-03 -2.1927633470e-02 2.7044346499e-03 -1.8453671287e-02 -3.3878778567e-03 5.1491195029e-02 -1.1366692795e-01 -7.2862911888e-02 2.0282053781e-02
-1.1650478242e-01 -5.5203111901e-02 -1.7763075330e-01 1.8005850476e-02 -1.5370627176e-01 1.0658066130e-01 -8.1136558836e-02 5.3471025962e-02 1.4691392422e-01 -1.5200874493e-02 3.4996767433e-02 -5.0558176986e-02 3.2628084387e-02
5.1256883717e-01 -3.0906443765e-01 7.1603238634e-01 -4.6349568588e-01 3.8633455068e-01 7.6361548844e-02 3.7242386737e-01 1.1489360548e-01 -2.6941627281e-01 -4.8723010095e-03 1.0077929398e-01 -4.8564383681e-02 -4.4526807845e-02
-8.2224367572e-02 -7.6117927011e-02 -1.1386585461e-01 -1.1192461382e-02 -2.0362448446e-01 -2.3605923861e-02 -4.8479704999e-02 8.2220505321e-03 5.2230630081e-02 3.9015361575e-02 8.9804454958e-04 7.7358767241e-02 1.9172985508e-03
4.2684384490e-02 3.4169695725e-03 -4.2738691613e-02 1.2724371791e-01 1.1078751357e-01 -5.1890113448e-02 -8.0565514764e-02 1.9109592801e-02 1.2560718877e-01 6.8285175793e-03 2.9434699172e-02 1.2512609408e-02 2.0714050021e-03
-6.1004866333e-02 1.0800650471e-01 1.9761456067e-03 -5.0898805419e-02 -9.3583803252e-03 -1.4156353333e-01 -5.5940217339e-02 6.5401275379e-02 -1.4042412762e-02 3.3271757729e-02 1.9752012818e-02 -2.9801970836e-02 -3.0140384793e-01
2.1101942052e-01 5.1839958681e-04 1.9035373741e-01 -3.2125274051e-03 1.2565242220e-01 -3.5391018258e-02 -4.9717772001e-03 -1.0209821377e-01 -5.5588512653e-02 3.4664972873e-03 -1.0649985235e-02 1.8801298726e-03 -4.0941246593e-02
-4.3325744349e-02 4.1556239634e-02 -1.0442043763e-01 5.1412968377e-02 -5.9747976863e-02 -8.4944036533e-02 -4.3697264622e-02 -1.2140064435e-02 4.8925600950e-02 -7.9295519874e-03 -2.8510231765e-02 9.1480250192e-03 1.1503628366e-02
3.9923652646e-02 -6.4362478881e-03 -6.2611535733e-02 -9.2292155581e-03 3.0110117736e-02 -1.5331288345e-01 -1.2362561830e-01 7.2460434545e-02 9.3950569751e-02 3.0710906881e-02 3.5429168068e-02 -6.6140383038e-02 9.1749508711e-03
9.3032702458e-02 -1.0243025542e-01 -2.3993345834e-02 1.1617886299e-01 1.2968180962e-01 6.1788286485e-02 -7.4358133770e-02 -1.6159993333e-02 5.0690462513e-02 3.4199324502e-02 7.5613743102e-02 6.2320686930e-02 -4.5720182196e-03
5.8181033201e-04 -2.9399721849e-02 -3.4815939052e-02 1.7151910543e-02 6.0064336611e-02 3.0040357615e-02 -2.1241106010e-02 -1.8806254105e-02 -4.8649127978e-03 1.3251425060e-01 4.3119751836e-02 1.1763772735e-01 3.9958481385e-02
-6.7691206501e-02 2.7553226774e-02 -1.7798136027e-02 -7.5265432160e-02 -7.9802783136e-02 -6.7479215448e-02 2.6227197453e-03 3.0044192402e-03 -3.4318611308e-02 -1.3950156316e-01 -1.0085893042e-01 -1.1831021529e-01 4.9447352899e-03
-6.4301159495e-02 -1.2763977653e-01 -1.9168897431e-01 4.2645410324e-02 -1.0550171141e-01 -6.4848128500e-02 -5.6799487613e-02 -2.9797301808e-02 7.1205630367e-02 -2.3886868555e-02 -2.4401754155e-02 -1.8176862902e-02 1.6912061837e-02
5.2773289761e-01 1.5764178799e-01 6.0715338987e-01 1.6751108676e-01 3.5467348300e-01 1.4137609407e-02 7.4399293885e-02 -1.2985829526e-01 -1.3425097508e-01 -8.0731779207e-03 -7.6116642793e-03 -1.0597923193e-02 -7.2418610256e-02
-5.6957786901e-02 -5.9492050804e-03 -5.2004642822e-03 2.7766653847e-02 -3.7185176947e-02 2.3835286568e-03 -6.5095333113e-02 2.4453361866e-02 5.8534102837e-02 -3.5492611058e-02 3.3749519964e-02 -7.8042852513e-02 -8.9833244421e-02
1.3307003188e-02 -1.3124411414e-02 -3.6288525628e-02 -5.8713973244e-02 -1.6105163021e-02 -7.7837837247e-02 1.6757557187e-02 -3.4460657958e-02 -3.0955932754e-02 7.0665501477e-02 -5.7671796110e-03 3.2723095396e-03 -9.2119968290e-02
-4.7585601408e-02 -4.1445253718e-02 -3.2416998945e-02 -1.7049985484e-02 -7.5609715966e-03 -6.2002974403e-03 -2.7890568945e-02 2.4908573401e-03 1.7546099964e-02 -7.4832499289e-02 4.1035038840e-02 3.2672065565e-02 -2.5946513939e-02
9.9530762329e-02 2.6065447281e-01 4.0869917246e-01 1.7238335716e-01 2.9590347320e-01 3.5371492338e-01 1.7130560905e-01 6.3068512096e-02 -2.2636280073e-01 -5.2714469366e-02 3.4959466372e-02 -3.0069053326e-02 3.0812950228e-02
-3.5452565777e-02 7.6747936293e-03 1.5955796630e-02 -7.8913921847e-02 -3.2592850361e-02 3.0523736884e-02 5.3763482420e-02 5.1497165138e-02 -4.5171586334e-02 9.2526566928e-02 4.2207664745e-02 2.3127460507e-01 9.4513121859e-02
-1.3432474513e-01 2.7306652477e-02 -3.1992413846e-02 -3.0792382021e-02 2.3962263260e-02 2.8352187687e-02 3.4791400522e-02 4.8259023307e-02 -4.6633889956e-03 1.0463043006e-02 6.2854016002e-03 -4.5915924087e-02 -2.3603972876e-02
-9.0300940300e-02 4.9182206460e-02 -3.3644673004e-02 -2.5298650260e-03 7.8902790852e-02 9.4636285171e-02 -3.8807639781e-03 1.4898415628e-01 6.1001760756e-02 1.9825973708e-02 4.6986744739e-02 2.4944293151e-02 -1.9225864091e-02
-3.4439440146e-02 -3.8959956173e-02 -8.0416105072e-02 6.9347316248e-03 -4.4749209540e-02 3.8215375404e-02 -4.9153922784e-02 3.3764529247e-02 4.1887570150e-02 4.4142833830e-02 2.4984664659e-02 4.1617702165e-02 -3.2907993945e-02
-1.1116329800e-03 -9.4717263445e-02 1.6402694762e-04 -1.0931754224e-01 -2.0252026018e-01 -9.0170927182e-02 3.9293791058e-02 -2.4533380009e-02 -3.2184488615e-02 -1.4179791432e-01 -4.7641473912e-02 1.2103069527e-01 -1.0666095829e-02
1.1862101563e-02 1.7351413515e-01 6.3984919251e-02 -1.8461591772e-02 2.0996847170e-01 -4.3061401782e-03 4.9815355494e-02 1.0090608152e-01 1.2918780072e-02 3.2317436724e-02 3.2876656375e-02 2.2537417286e-02 -1.4146323888e-02
-4.1175786110e-02 -4.4380942203e-02 -9.2290475645e-02 8.5764133957e-02 -5.7774314246e-02 7.2770246297e-02 -1.3255307868e-01 4.9470296398e-02 1.3895324079e-01 1.1448370624e-01 8.8899917507e-02 1.2580843631e-01 -1.8307515706e-02
-2.2050041805e-02 -1.6142700625e-02 -7.8268613253e-02 2.7286788614e-02 -2.6118139688e-02 -4.5794586916e-02 -1.0745622657e-01 3.1125013465e-02 1.0873605977e-01 9.6493962682e-02 5.1353830927e-02 2.2627263353e-02 -2.5496352725e-02
2.3853933955e-03 -5.2777414377e-02 -3.8616512833e-02 2.3873920041e-02 2.0675247215e-02 1.3019269192e-03 -7.9899913902e-03 -6.2894805613e-03 9.5906738691e-03 8.8479023017e-03 7.7542609181e-02 1.3066075802e-01 7.0167037927e-03
-4.0896826302e-01 2.3559372051e-01 -1.6961069618e-01 1.8295792117e-01 -8.3620230703e-02 1.1412530977e-01 -3.4639549788e-02 2.8178571293e-01 1.1096913331e-01 -4.9083400293e-03 4.6480633197e-02 1.1784939465e-02 1.1863167935e-02
-1.0431054185e-02 -3.8757088904e-02 -7.2744903886e-02 8.6931658254e-02 2.4839617135e-02 1.0514810974e-01 -7.2757424680e-02 1.4923953935e-02 8.1375741455e-02 1.0700783979e-01 6.7785908444e-02 1.0019597712e-01 -2.8061464249e-02
6.5458978905e-02 -2.9331035829e-02 1.4868359140e-01 -1.7514167058e-01 -2.0219223395e-01 -5.4923927794e-02 6.6978404329e-02 -2.3032902554e-02 -1.2854846701e-01 -1.1203911621e-01 -6.9642375535e-02 6.0782492990e-02 7.2679495531e-02
-6.2512322927e-02 -7.8122218505e-02 -1.9848449593e-01 -7.2598823353e-02 -1.3245705511e-01 -6.4187583495e-02 -5.9097834285e-02 -4.2155652766e-02 8.4888231343e-02 1.5465720615e-02 -2.9190104596e-02 -1.4161212788e-02 3.4407685055e-02
2.3120218546e-01 -2.3169624804e-01 -1.4994049405e-01 1.7962361649e-01 -2.1439992774e-01 -2.5044231017e-01 -3.0893734116e-01 -2.3393443617e-01 2.9062804569e-01 -4.4798672727e-03 5.5153710361e-02 -1.3007247867e-03 -1.3938242443e-02
-1.6915835416e-02 -1.2733659234e-02 1.8934090739e-02 -6.3353223922e-02 -6.8945858393e-02 4.0798903880e-02 2.7409794040e-02 -2.2759652229e-02 -1.6658858908e-02 -4.3383875029e-02 -9.6136607264e-03 8.3644517608e-02 1.1470040871e-01
7.4406371548e-02 -1.1832914333e-01 2.8398963404e-02 3.3249438614e-02 1.1486553135e-01 1.5414248226e-01 5.4747804005e-02 -6.0973173455e-03 -7.2473334269e-03 -4.5046858078e-02 2.6966775338e-02 6.3887040617e-02 1.3696542115e-01
5.5277955592e-01 7.1174961955e-02 5.0672889703e-01 -1.1645495379e-01 1.0093190323e-01 -2.2098349838e-01 4.3809154447e-02 -2.2066947736e-01 -1.8017417853e-01 8.9678736460e-05 -3.3993403929e-02 1.2049934648e-03 -1.2838737365e-02
3.0697694303e-01 -5.5991722212e-02 3.8900962310e-01 -4.0400268382e-02 2.0946753575e-01 5.3135934738e-02 1.3791578220e-01 -3.9840595786e-02 -1.4854259191e-01 -3.2238845121e-02 -2.3311678304e-02 -3.9011843605e-02 4.9183135136e-02
