3.6876233295e-01 -1.2667741946e-01 3.5082638017e-01 -8.7937483541e-02 1.4552554001e-01 -2.6116666658e-02 6.3353965583e-02 -1.4854869123e-01 -1.1940136110e-01 -8.2492567913e-03 -2.7631506118e-02 6.4503942850e-02 3.0268906606e-02
1.5354886422e-01 8.8420794390e-02 2.3859385425e-01 -2.0230802178e-01 -5.1114751091e-02 -1.0686652600e-01 1.0905315359e-01 -9.8452627072e-02 -2.0085460857e-01 7.9452858369e-03 -4.7816113649e-02 -1.4241807805e-02 9.2691253218e-02
-1.4249486183e-01 -9.6822585789e-02 -1.2608578525e-01 -4.3048068928e-02 -2.0343479610e-01 1.5303066616e-01 8.0514333793e-04 5.1687695017e-02 5.2116639293e-02 -4.9336883626e-02 -6.5301122977e-02 2.8484205466e-02 2.3599265705e-02
-6.1213753542e-02 -1.2628575292e-01 -7.2783127568e-02 -1.0868830787e-01 -6.3514504215e-02 -1.0170434890e-01 8.3346970516e-02 -6.4443883281e-02 -6.0355303180e-02 -1.7257947374e-01 -2.4783979877e-02 1.0593063699e-01 2.1334925065e-01
1.1390337261e-01 -5.7524673335e-03 1.5485733913e-01 1.1085211026e-01 7.7192388087e-02 1.8741465851e-01 -6.6528919104e-03 -6.1773794701e-02 -3.9904920948e-02 -5.1691854955e-02 -2.3389046215e-03 9.2827530427e-03 7.0777453616e-02
-5.9886252503e-02 1.0337066945e-02 -4.5350623905e-02 -1.3605131003e-02 -8.9784564724e-02 7.7221024291e-02 -3.8596741619e-02 4.9462665572e-02 6.1903609606e-02 -4.7542572778e-02 3.8284663853e-02 1.2841181380e-01 1.1729112389e-01
4.9399510078e-01 1.8627654857e-01 5.9513931541e-01 -6.3175809370e-02 3.2581757576e-01 -4.2940582787e-02 8.2641059779e-02 -1.3685203394e-01 -1.6382945084e-01 -7.4718626443e-03 4.1968330871e-02 -5.7338608958e-02 -1.0406150461e-01
1.1970994649e-02 -2.1188525005e-02 -7.3866571331e-02 -5.5796997534e-03 -2.5842131538e-02 -7.9228095675e-02 -1.3741533832e-01 -2.4239517953e-02 7.6515120362e-02 8.1143090994e-03 4.3201121053e-02 4.3188606883e-02 -2.4762047658e-03
-5.4176652996e-02 -4.6343429620e-02 -5.5821479951e-03 1.0608825691e-02 6.6395644426e-02 1.0583954831e-01 7.7410980358e-02 -3.6143827162e-02 -6.9298874749e-02 8.2628306321e-02 -1.9592996712e-01 -1.7428647338e-01 9.4899526143e-02
2.8496243538e-01 1.3110894571e-02 6.6331851829e-02 9.1784418169e-02 3.2889892928e-01 1.1237900458e-01 7.8127261590e-03 -9.4970466686e-02 -1.9511559469e-02 3.7091520465e-02 -3.8355836379e-02 -1.6155635783e-02 1.5264580867e-02
4.6685364981e-01 9.9587061754e-02 5.1912187460e-01 1.0417636279e-01 2.3600212594e-01 1.0211315683e-01 7.3774406733e-02 -1.7241780795e-01 -1.4414146001e-01 2.0368847669e-02 -1.3675409238e-02 1.3713997091e-02 3.2010476238e-02
2.8423236502e-02 -3.2317149207e-01 -2.8604195808e-01 -3.2700299771e-01 -2.1459544719e-01 8.6158659329e-02 -5.7718007777e-03 -7.4630761149e-02 5.4299364420e-02 -3.1996431170e-03 3.0772417608e-02 2.9029366961e-02 -2.8664300363e-02
-6.4343534068e-02 -9.4748426609e-03 -1.1749457610e-01 1.0563512227e-01 7.6012169532e-02 -7.7111216299e-02 -5.6814938392e-02 7.1414144707e-03 1.1487609206e-01 4.4171408934e-02 -2.4698086291e-04 -2.5685995018e-02 6.7616732250e-02
2.2544461326e-02 -5.3508526658e-02 -6.9521318031e-02 1.2112826618e-01 -4.8490806404e-02 1.1312957841e-02 -2.0932832382e-01 4.5395208938e-02 1.5915336311e-01 -5.3845302504e-03 3.0710139487e-01 1.0199245947e-01 -1.0320114217e-01
-8.0386170061e-02 -7.1530583924e-02 -7.9870669188e-02 1.7203086682e-02 -1.1315342124e-01 1.2085171999e-02 -2.9871657753e-02 4.1876999189e-03 7.1320068440e-02 5.4901280455e-04 1.4625274423e-01 2.5245201039e-01 1.2821228125e-01
8.3947263616e-02 -6.5374409342e-02 -7.2967265041e-02 1.3893369827e-01 -5.1396777568e-02 -1.9422778777e-01 -2.5391704161e-01 -2.0682055583e-02 2.5157563345e-01 -7.9142290642e-02 9.6025982185e-02 -2.5923054928e-04 4.6124813365e-02
-2.0664969383e-02 -1.9011769486e-02 -3.4156681225e-02 4.0804186800e-02 -3.0184377798e-02 3.1776861409e-02 -8.4616261782e-02 1.5652582990e-02 7.6060283395e-02 -2.8723966864e-03 9.3994611843e-02 5.4321547664e-02 -1.3320131541e-02
7.7466088283e-02 3.2399931957e-02 1.0061240868e-01 7.7035911565e-02 1.1320680030e-01 2.0183120792e-01 5.8691865279e-02 -3.1059907740e-02 9.1002718332e-03 -1.3632146418e-01 2.4682899332e-02 -4.1735313408e-02 1.2643861557e-01
-7.4589258756e-02 5.0663252231e-03 -5.9456174080e-02 -1.5347325421e-02 -7.4648136630e-02 3.3192905905e-02 -4.2104476429e-02 1.4513808037e-02 1.6143624958e-02 -4.1020133521e-02 -7.1571464222e-03 2.6948455581e-02 -3.6772167703e-02
1.9123941166e+00 -7.5113197340e-02 2.0964414018e+00 -5.4570883443e-01 1.6165151400e+00 1.1585302332e-01 7.5503287591e-01 -5.0494087615e-01 -7.5681090667e-01 8.4443867591e-03 -1.5934080952e-02 2.5911406320e-02 8.7629290496e-02
-6.4681358768e-02 3.8197969625e-02 8.4793618571e-04 -1.1666352352e-01 -4.3564320437e-02 -8.6805356215e-02 1.0327643427e-01 -2.7300434796e-02 -9.3217385588e-02 -9.1273736431e-02 -1.7835401941e-01 -8.1722474738e-02 -5.7165298476e-02
6.9720317019e-02 -5.9336885159e-04 -3.8188542155e-02 1.5450550013e-01 1.6984784676e-01 4.8603138161e-02 -1.1626380057e-01 6.1402060976e-02 1.0517172305e-01 5.0950505633e-02 1.1683440434e-01 3.1344155210e-02 9.4953093391e-03
-9.0702452344e-02 8.3734822249e-02 -2.8972028153e-03 1.1637649253e-02 -2.1546019899e-02 2.2165381846e-02 -4.8438410492e-02 1.3913800739e-01 -3.1353387276e-03 1.6663311824e-01 -2.6932969735e-02 -9.3563156927e-02 -1.7329439674e-01
-1.1123413603e-01 1.2340924276e-02 -1.4395948365e-01 9.6929415172e-03 -8.6422620984e-02 -1.8257798267e-01 -2.2017718891e-02 7.7557557582e-02 5.0325881105e-02 -6.0355211876e-02 -6.5397545719e-02 3.8186423253e-02 -7.9201618952e-02
-8.3465050729e-02 -2.5768448389e-02 -7.8315111271e-02 2.8907010544e-02 -8.9128604694e-02 3.9880242155e-02 -8.8208813993e-02 1.3664839395e-02 9.2927874753e-02 1.1574875758e-01 2.0662204271e-03 1.4804621331e-01 -2.6880564408e-02
2.3321123153e-03 -1.7399958629e-01 -9.4883420507e-02 1.4051419857e-02 -1.8685296639e-01 -6.4619025539e-02 -1.1438676434e-01 3.8598222942e-02 1.5162509308e-01 1.7366693106e-04 8.0061358347e-02 -2.7700561709e-02 -3.0528763892e-02
-9.0366475993e-03 -3.5251015549e-02 -6.3750951773e-02 7.1512531294e-02 3.8507115898e-03 1.6071817370e-01 -7.2494483187e-02 2.9766999734e-02 8.4846863748e-02 1.2022961379e-01 2.3486653275e-01 3.3174326448e-01 5.8662668113e-02
-3.3177163417e-02 9.9621518628e-02 9.9192600219e-02 -6.6088062566e-02 -6.1288659271e-02 -9.5941786584e-02 -3.0426896198e-02 1.6217684651e-02 -3.6903037730e-02 9.2591417320e-02 1.1260623802e-01 5.5376073267e-02 -1.6794931250e-01
3.3467363610e-01 -4.0011267715e-02 3.4426747907e-01 8.1588894258e-02 2.5626398511e-01 5.6131503068e-02 4.6432623158e-02 -8.7275271937e-02 -1.0853356454e-01 -4.5446468891e-02 -4.8795761164e-02 1.4621729338e-02 5.8527328682e-03
-1.5554127475e-02 -4.4778130291e-02 -1.1531759605e-01 2.0235042532e-02 1.1790392168e-02 -9.0693151862e-02 -9.1907389884e-02 1.7515139291e-02 9.4601232529e-02 8.3962994747e-02 -1.2344397823e-02 -5.0081194986e-02 -1.0565524970e-01
-8.0892618644e-02 -6.3471242427e-02 -1.0090737019e-01 1.2573733090e-01 -4.4590021651e-02 1.0764821901e-01 -1.2044840391e-01 4.7925303092e-03 1.0637261264e-01 8.6395792358e-02 2.0883005774e-01 2.9933882008e-01 1.1770169313e-01
-1.2383634817e-01 2.0219877885e-02 -1.7117789708e-02 -1.7059967551e-02 -5.3173763291e-02 -6.1356387870e-02 1.0940938830e-01 -2.3610307170e-02 -4.1814359406e-02 -1.3608247101e-01 -1.6659717679e-01 -1.5318691093e-01 -9.8957563342e-02
-2.6199551901e-02 -1.3405296335e-02 -1.3951730558e-02 -1.0364791531e-01 -7.5577757827e-02 -1.3335694036e-01 -1.0002032155e-01 -6.5192724936e-03 -2.4845124866e-02 -7.4661113089e-03 9.6022512834e-02 -9.8685354829e-02 -1.8708289551e-01
6.1803502851e-02 -7.7002597379e-02 -8.9229893688e-02 6.0055090426e-02 6.9870146709e-02 -1.0568246405e-02 -9.4630589054e-02 -4.1945253851e-02 9.6988510366e-02 -5.0728796241e-02 1.0556957875e-01 -5.6962650831e-02 1.5895541235e-02
-3.4336219239e-02 -6.4523616475e-02 -6.6095036269e-02 -1.0380799559e-02 -2.6307702017e-02 -8.5348024263e-03 -4.5110765024e-02 -9.9615713162e-03 8.5555264734e-03 8.6395465100e-02 4.2429017316e-03 -9.5149879524e-02 -1.2397541588e-01
3.4516766623e-02 -6.0108272559e-02 -4.5561245057e-02 -2.0606680934e-01 -2.0421159517e-01 -2.4516052691e-01 -3.0541040123e-02 -8.5204839738e-02 -4.8846500077e-02 4.0309135561e-02 8.5080855432e-04 -7.3038701001e-03 -8.7409201959e-02
-4.2850747434e-02 1.6312561130e-02 3.5153700026e-02 -1.0103439323e-01 -6.5383756106e-02 -8.2307492082e-02 1.3762593727e-01 -2.3464638472e-02 -1.1960834552e-01 7.3791296443e-02 -8.2543650333e-02 7.1363557940e-02 1.7504499084e-02
1.3038102124e+00 1.9588801910e-01 1.5757337914e+00 -7.4263028791e-02 9.1662481982e-01 1.0061543018e-01 3.5882304062e-01 -3.4221738545e-01 -4.8963851717e-01 -3.4975758241e-03 3.8771812525e-02 -5.7387667698e-02 -1.1599049480e-01
-1.1620341190e-01 1.0921858588e-02 -1.7570569244e-02 -4.8677410567e-03 -8.9436615164e-02 -4.3776654939e-02 -2.2222845732e-03 -8.8684839609e-03 1.5565742621e-02 -1.1869023735e-01 2.4819090268e-03 5.4932066083e-02 1.8185842085e-02
-1.1816587019e-01 -2.9274224369e-02 -6.8396513795e-02 3.9557054107e-02 -1.5106834430e-01 3.3956811758e-02 -6.2649658054e-02 1.2888357058e-02 7.4891728457e-02 -4.3564760407e-02 -2.7604469116e-03 7.1050625863e-02 6.6511187769e-03
1.3422790357e-01 -9.6435478483e-02 -8.4467306464e-02 2.1021025886e-01 1.9421336000e-01 2.3544040406e-01 -9.4212388828e-02 -2.1652826315e-02 1.4206784416e-01 2.4733376567e-01 1.3602153063e-01 1.4295483302e-01 -9.0677596364e-03
-3.6119799850e-01 -6.2869697392e-02 -3.3927079689e-01 3.0747274658e-02 -2.2726687551e-01 8.0691785388e-02 -1.3945609635e-01 1.6725706935e-01 2.5309456838e-01 -1.0092740487e-02 -2.2644243118e-02 -5.3249303862e-02 -3.0565279812e-03
-1.1335745123e+00 5.2884041644e-01 8.2681426232e-02 1.0241463475e-01 7.0319959907e-01 8.5710071913e-01 8.0192070524e-01 9.3502562958e-01 -5.7640561220e-01 -4.1181426577e-02 -4.5267946284e-02 2.5282519824e-02 -6.2638568677e-02
5.5249500678e-01 -1.0003989028e-02 6.7107155075e-01 -2.6086575271e-02 3.8816840374e-01 3.2171811280e-02 1.8589459095e-01 -1.2456592390e-01 -2.1262846584e-01 2.1817720559e-02 -6.5265901236e-03 -3.5356288352e-02 -1.2902540588e-01
-6.7383754355e-02 2.1251319749e-03 -4.7235879082e-03 -6.0777365330e-02 -4.9485393354e-02 -9.1077973654e-02 2.7475295245e-02 3.4138503560e-02 -3.3297884981e-02 -2.4601301358e-01 -1.2057111586e-01 -2.8057223976e-01 -4.5984495305e-02
2.1334742615e-02 -9.3800466412e-02 -1.4232968609e-01 9.1922457625e-02 -7.0809221334e-02 -2.5047419606e-01 -5.7018892746e-02 -9.9069397684e-02 4.1290084107e-02 5.0331713070e-02 -3.7623499200e-02 -8.2115109293e-02 -8.4141628522e-03
-1.4305754724e-01 2.8157078044e-02 -2.0999439980e-02 -7.6695124270e-02 -7.5091849346e-02 -2.9817204079e-02 -4.6603568182e-03 1.9667583833e-02 -3.3852223385e-02 -1.4655613829e-02 -9.3665053296e-02 -5.3314339623e-02 7.0724236098e-02
-1.1714974525e-02 1.8418654378e-02 3.0242125945e-02 3.7747467204e-02 1.2689174871e-01 9.5234922490e-02 7.0163352354e-02 8.1005583473e-04 -7.5789531650e-02 -1.3151303830e-02 -1.0855442527e-02 5.7290325792e-02 1.8922782847e-02
4.0562288633e-01 -3.3614041346e-01 3.1279367016e-01 -2.3042306934e-01 -2.1229124309e-01 4.7162775454e-02 2.5889288891e-02 -9.2046544331e-02 -2.2853474733e-02 -1.0771082181e-02 3.8055754773e-02 3.6768781069e-02 5.8298375736e-03
-6.5471296044e-02 1.6503901192e-02 -6.3350805336e-03 9.1180465954e-02 -5.7675433515e-02 -3.3738569920e-02 -1.1416122576e-01 1.0236403612e-01 4.7663051670e-02 6.4921531621e-02 2.5571003669e-01 1.5153382598e-01 -5.2021151031e-02
6.3974103018e-01 2.1421754833e-01 1.2980921122e+00 9.4826479451e-02 8.7863905870e-01 4.1708540478e-01 4.3036956055e-01 1.6643162295e-01 -3.8316262401e-01 7.6334214408e-03 3.7006181319e-02 -3.9028790935e-02 -1.9526335266e-02
-1.3118501529e-01 9.2098307223e-02 9.8150510201e-03 -1.2690363625e-02 -8.7275819950e-03 8.8660518839e-02 1.0125090320e-01 8.0000022403e-02 -7.7835346198e-02 -9.4876585581e-02 -1.5075747979e-02 1.0233914799e-02 2.9992358634e-02
-1.1613333900e-01 -9.7417541320e-02 -2.1365334868e-01 -9.7927764948e-02 -2.1131558805e-01 -1.6718082682e-01 -4.4171729535e-02 1.4891811364e-02 6.3653043702e-02 -6.9547634699e-03 5.0022514960e-02 1.3971044229e-03 -4.2757651953e-03
-4.1983895924e-02 9.1845260848e-02 9.6717569328e-02 1.4727965898e-03 -2.8893526590e-02 -6.2186691488e-03 1.8110967240e-02 3.4647710266e-02 -3.5999274542e-02 1.4438805870e-01 -5.7036565327e-02 -9.8779797897e-02 -1.2296946666e-01
2.4871147383e-01 7.7111145905e-02 2.5003436585e-01 1.4520264482e-01 3.8313838824e-02 1.3451628072e-01 6.3866876978e-02 -1.9441879487e-01 -9.4903129795e-02 -1.3346629534e-01 -2.8918755395e-02 7.4184683390e-02 -4.6419666117e-02
-1.2950730269e-01 -1.9047085518e-02 -1.6396939645e-01 1.7520327932e-02 -9.6833971036e-02 -7.0681165614e-02 -1.3842553639e-02 -2.5426854417e-02 5.2057543836e-02 -3.0972435870e-02 -8.8217200752e-02 -7.5527591354e-02 -5.7149563142e-02
-6.3912265113e-02 -6.1213319799e-02 -6.2896364528e-02 6.7289194960e-02 8.9492412680e-03 6.3194047697e-02 -1.1305355718e-01 1.7080475620e-02 5.6304529324e-02 4.6438901556e-02 5.5498918904e-02 3.9301665525e-02 2.0263523992e-02
-9.2070921990e-02 -1.9418606601e-02 -4.1970928979e-02 -1.8330632847e-02 -8.2691274178e-02 1.0175860003e-02 -3.1480902933e-02 4.6366712768e-03 -1.0171033971e-03 2.7014932479e-03 -2.0680269422e-02 3.1139242313e-02 1.5373283141e-02
-1.6439107210e-01 7.4796651302e-02 -2.7716688218e-02 2.3084891377e-01 4.3780878986e-01 7.1012385092e-01 2.6111098679e-01 1.5297930278e-01 -7.6935750312e-02 -1.9534733713e-02 1.0779735497e-02 -1.0670787036e-02 2.7176228895e-01
-2.1370804655e-02 -3.2003219202e-02 -7.4961040834e-02 2.8401670865e-02 -3.7826297487e-02 6.3596266865e-02 -7.2453098562e-02 1.8806922377e-02 7.6383305516e-02 2.4635115683e-01 -6.5739695712e-02 -1.0444374042e-01 4.1497090978e-02
1.0955642088e-01 -1.9905835818e-01 -2.5624137032e-01 1.8384242155e-01 1.0957656662e-01 -7.8217496931e-02 -2.7646535918e-01 1.9007008686e-02 2.7815573319e-01 5.5784967840e-02 1.1346398517e-01 2.7391265238e-02 -1.9354774404e-02
-1.0821841455e-01 -1.6230616944e-02 -4.5764034436e-02 -5.5088138817e-02 8.3273088385e-02 1.1886488395e-01 5.5807152274e-02 6.3888867920e-02 -2.5678618090e-02 -3.7881521262e-02 3.2133930733e-02 -1.7134232661e-02 8.3847372645e-02
-1.1340049277e-01 3.0378963825e-02 -1.4900249469e-02 -6.6654979674e-02 -7.8340182737e-02 -7.8189109924e-03 3.0433527571e-03 2.5887468527e-02 -2.4296135781e-02 -6.0432969598e-02 -1.4881018174e-01 -1.2346436563e-01 1.1341707200e-01
9.1937390009e-02 9.0939347454e-02 1.6462381405e-01 -5.6369653019e-02 1.7290003932e-02 -2.3344145519e-02 9.2429043261e-02 -2.1162873704e-02 -1.4785573426e-01 -1.1137521904e-02 -1.4584808127e-01 -7.6755310340e-02 -1.1633109940e-01
-9.0284472110e-02 2.2107685149e-02 -6.5535697149e-02 -1.5201238569e-01 -1.4654781238e-01 -1.0794539373e-02 7.0612983581e-02 5.5265710037e-02 1.9911059226e-02 -5.4584467692e-02 -1.2909254440e-01 1.0755732425e-01 2.0379765791e-01
9.6608508339e-02 -3.3957919208e-02 8.7387715263e-02 9.6804409462e-02 1.2443851051e-01 9.0066642126e-02 -1.3985972215e-02 -6.2380384964e-02 -9.3562195055e-03 -1.9316118292e-02 2.4218474738e-02 5.6401757654e-02 8.2921705550e-02
-5.6696655108e-02 8.8394051949e-02 -5.5397251729e-02 -9.1003741068e-02 8.4764828942e-02 2.2046486140e-01 3.5141034815e-02 7.9706158021e-02 8.5033990828e-02 1.9649721812e-02 4.2610658771e-03 -6.1245470873e-02 1.2669736120e-01
-6.1094220040e-02 -1.1609202559e-02 -4.0550253261e-02 -2.6637534501e-02 -3.2200026542e-02 2.0560360668e-02 -1.5526882976e-02 1.3482330147e-02 -1.6383709024e-02 -1.4064811049e-01 -6.6400955982e-03 -1.3363093299e-01 -8.0991157663e-03
-1.2656632820e-01 1.3732394977e-01 2.0442421927e-02 7.6854603155e-02 3.6379850325e-01 5.2735041193e-01 2.3178958045e-01 1.3384737059e-02 -2.3053554602e-01 -2.8697837783e-02 -3.7649319939e-02 1.8118800709e-02 5.3084423781e-02
1.4101843738e-01 -3.5679952417e-02 3.4781131858e-02 1.2585927151e-01 2.0489550505e-01 2.7129107195e-01 9.6787330431e-02 -4.8488100989e-02 -5.6626362050e-02 4.1771950697e-02 1.4998830780e-02 -4.2158372763e-02 8.5522481679e-02
-2.8945883696e-02 4.4014686890e-02 6.4912337677e-02 -1.7518046780e-02 2.8184709989e-02 -1.7102023286e-02 -4.2142102554e-02 8.6632024811e-02 1.6737515095e-02 -2.8918795100e-02 1.1347749661e-01 -6.4019804796e-02 -1.1488287318e-01
-8.0514738275e-02 -3.9250538346e-03 -4.6929129570e-02 1.0633387345e-02 -7.7267072330e-02 4.0694360728e-02 -5.2384576438e-02 2.5708724328e-02 5.4386088008e-02 2.4415585245e-02 6.2331021715e-03 1.1514613536e-01 4.1547445048e-02
-1.2308382878e-02 -6.3060695474e-02 -7.7105885360e-02 -7.5018050298e-03 -8.2044252165e-02 1.2963303129e-01 -8.7657343355e-02 -9.1872609682e-03 1.3869474441e-01 -5.9139353661e-02 4.8634417267e-02 -6.1422480493e-02 4.4550822283e-02
-2.6416126204e-02 7.4014268666e-02 1.6680793069e-02 -2.1000827580e-02 6.9209169155e-02 5.7133224416e-03 6.8422765620e-03 5.2441152157e-02 -7.0989555350e-02 1.0154901116e-01 -2.0002836621e-02 -7.1821592558e-02 -3.4856064564e-02
3.3946641417e-01 2.2554138151e-01 4.4388265328e-01 -1.7400246907e-01 1.5136709084e-02 -3.3686655020e-01 1.0554940048e-01 -1.3934691271e-01 -2.5878637998e-01 -1.0183307714e-01 -1.2629743032e-01 -1.8947509092e-02 -1.3502668729e-01
-6.7000905908e-02 -5.4012807420e-03 -9.9507725296e-03 -2.6268353983e-02 -6.0262359493e-02 -4.0228754268e-03 1.9098663068e-02 5.0024847094e-03 6.0297969121e-03 -8.0440328265e-02 -7.1166644212e-02 -1.2226543601e-01 1.2718976527e-02
-1.1771215522e-01 1.1581027516e-01 4.0460832679e-02 1.1663632899e-02 -2.0015516122e-02 6.4445788804e-02 1.0610133596e-02 9.0065215400e-02 -8.2357464636e-03 7.4413853947e-02 7.0783703815e-02 4.5509562829e-02 5.0557793717e-02
6.2768494438e-02 -5.7643123481e-02 -1.0018883164e-01 -1.4896539216e-01 -1.6099492089e-02 -2.6022235607e-01 -6.5447303613e-03 -1.0488834492e-01 -7.5434421581e-02 2.4939593205e-02 1.1573552197e-01 -5.3168919469e-02 -4.4331319024e-02
-1.5720247216e-02 1.2258256649e-01 1.5791422890e-01 -3.6936803640e-02 3.2691332500e-02 7.0356554670e-02 8.3683957467e-02 6.3363669522e-02 -1.1618626234e-01 -1.0624039504e-01 -1.4473363304e-01 -1.9116697617e-02 7.3396804444e-02
-7.5883347248e-02 -2.2488486280e-02 -5.4592534522e-02 -2.7677382645e-02 -8.0538302443e-02 5.4228196803e-02 -3.9444518281e-02 1.1959264612e-02 2.7216016022e-02 -1.3873066774e-01 7.9578873446e-02 8.5001953664e-02 4.8016928806e-02
2.5473434864e-01 -2.1434981386e-01 2.8283857199e-01 -8.4173442033e-02 -4.7286718689e-02 1.2676963809e-01 8.1606722267e-02 -7.3869988385e-02 -9.3501271116e-02 -9.7992274038e-02 -2.8845586528e-02 6.7598612926e-02 1.8453854394e-01
-6.0888494001e-02 -3.1678801137e-02 -5.2082130287e-02 1.2603175466e-02 1.0420154373e-03 -4.0039602171e-02 -9.1295267147e-02 4.9212851833e-02 9.4125544115e-02 2.1337592622e-01 -1.4559446824e-02 1.3226883265e-01 -1.7404471767e-02
-4.9198512508e-01 -1.0049768721e-01 -9.4307618396e-01 -9.2220211242e-02 -5.7577237544e-01 -2.6583407568e-01 -3.3146418018e-01 -7.7847811712e-02 3.4433214859e-01 2.0769654612e-03 6.8377660031e-03 7.4394896597e-03 -3.0845125148e-02
-5.1565463155e-02 4.7615058359e-02 -6.2793794471e-02 -4.0347650618e-02 2.3091210000e-02 1.6318844981e-02 -2.3629955689e-03 9.0222190424e-02 8.5274809183e-02 1.5545730984e-01 1.8648148381e-02 1.4180231785e-01 1.2449180883e-01
3.7605090836e-01 1.7275624201e-01 3.9511879114e-01 -5.7215092112e-02 -1.0153184489e-01 1.3672925266e-02 -5.9486467307e-02 -1.6911611461e-01 -1.3659622706e-01 -3.1411320132e-02 -1.9774624655e-02 4.2651230140e-02 -9.7056830169e-02
-4.6469913379e-02 -3.8229642788e-02 -6.1896456659e-02 7.4951529910e-02 2.0671617935e-02 1.0279901379e-01 -1.0434378158e-01 5.2070277774e-02 1.0307537085e-01 1.7409932619e-01 1.0193071093e-01 7.1427522116e-02 -5.0207055055e-02
-2.0558261540e-02 -1.1531235883e-02 -3.2944891349e-02 -8.2101391809e-02 -2.7552599079e-01 -3.4483292875e-02 -2.6437588650e-02 -5.6295299278e-02 8.9062863935e-03 -1.6424381224e-01 -4.9410512613e-02 1.0064068706e-01 -7.2297997631e-02
-2.0682170195e-02 -1.9588955165e-02 -2.4276984175e-02 -1.0208818366e-02 -3.6818524697e-02 -2.4499051845e-02 -7.2752956045e-02 -1.9465204327e-02 5.1037165947e-02 -1.6738832714e-01 2.1812230684e-02 -1.8330202133e-01 -2.0006802249e-03
-1.1310151875e-01 2.0353916486e-01 1.9087211999e-03 2.3332068847e-02 3.1643364355e-02 -1.4766584374e-02 -5.6439679756e-02 1.1622921865e-01 1.8388300121e-02 -5.2019123978e-02 1.4288859437e-01 -2.5434996552e-02 -8.1736164852e-02
2.6654725166e-02 -1.1657658860e-01 -1.1030786631e-01 -5.2057294571e-03 -8.2979967063e-02 -5.7691342588e-02 -1.3717697438e-01 1.4051350001e-02 1.1941588114e-01 1.4041499585e-01 7.2391902048e-02 4.2214450774e-02 -1.0336305734e-01
-3.1622282319e-01 6.8445166034e-01 -1.9790543967e-02 4.0064378940e-01 1.6572839817e-01 2.3039519427e-01 -7.0319883786e-02 2.5261248008e-01 1.0356201737e-01 2.6487073871e-03 2.5633063692e-02 -1.0518727768e-02 -3.2078109202e-02
5.6823288820e-02 5.8923284658e-03 1.0281509566e-01 -6.0333884202e-02 1.3783332099e-01 -1.1414810910e-01 1.0822370766e-01 -3.3978260813e-02 -1.4263424131e-01 -1.6788329471e-01 -6.6500214674e-02 -3.4451632855e-02 -7.4189444740e-03
-1.2667915453e-01 9.9620110748e-03 -3.2383801421e-02 -7.3939473047e-02 -8.0257337156e-03 -8.7388068178e-03 -4.6888024116e-02 1.8448798851e-03 -3.2264742312e-03 8.5311946778e-02 1.8798469909e-02 1.1312432739e-01 1.2575800640e-02
-6.6219340266e-02 6.5873874833e-02 2.3080857562e-03 -1.2495900688e-02 2.0895771472e-02 5.5479210206e-02 -1.2098323795e-02 8.5582735514e-02 5.0985425300e-02 9.6941109509e-03 2.3053130750e-02 -8.9260677315e-03 4.5002541653e-02
4.4838948317e-02 -1.4800041325e-02 3.1541542747e-03 -1.0789117563e-01 4.8669698354e-03 -2.4371438170e-01 -5.5216022566e-02 4.6736209737e-03 -1.3492337764e-02 3.6095233698e-02 2.0235740430e-02 -5.2686930209e-02 -1.5255761184e-01
8.3936559753e-02 1.4931759385e-01 2.7167341519e-01 2.0577570472e-02 1.0469098912e-01 4.7489905532e-02 9.5801819589e-02 2.6064399709e-02 -1.4195701288e-01 1.4859035251e-02 -5.8495354426e-02 1.4606781377e-01 2.6407908545e-02
-2.2537173997e-02 -1.5439193126e-01 -2.3502642887e-01 3.5027639623e-02 -1.0095538940e-01 -1.2653576810e-01 -2.2804221116e-01 9.1927253969e-03 2.1764360991e-01 2.6736485423e-02 2.2120742686e-02 9.0866763934e-03 -5.9736857996e-02
2.0737699158e-03 5.2368636394e-02 1.1765429997e-01 -2.1252964872e-02 -5.1834518487e-02 -3.0084216734e-02 7.0778679087e-02 -9.1685112906e-03 -7.0400125238e-02 7.9633403633e-03 4.5854930066e-02 -1.2240832718e-01 -3.2410811630e-01
-4.2442766616e-01 1.7322683301e-01 -6.4344460484e-01 1.6266248174e-01 -4.0954375206e-01 -2.0946665464e-01 -2.6553487123e-01 -8.7757999924e-02 2.2768544983e-01 -9.7639378397e-02 -9.1448164646e-04 -3.0890389440e-02 -6.7884036040e-02
-9.5631437475e-02 2.3806939342e-02 -5.7159783907e-02 -2.1351299601e-02 -4.2312596786e-02 -6.2150753760e-02 -5.0140285523e-02 4.7765567963e-02 3.6144529940e-02 1.8651279291e-01 7.6051515822e-02 8.1690702497e-02 -3.9389373486e-02
-1.7348677967e-01 1.9041681852e-01 -3.8031148251e-02 -1.6439594849e-02 -5.6839627130e-03 9.5606578450e-03 -4.2754711719e-02 1.2659462729e-01 3.8106022771e-02 3.4889996468e-02 4.0958698855e-02 -6.2903054476e-03 4.6585492937e-02
3.2706784848e-01 -3.5791111883e-02 2.1939326429e-01 1.5026397795e-01 1.7928739577e-01 1.4671819553e-02 -2.0139029271e-02 -1.3647795445e-01 -2.8968683733e-02 6.4462789505e-02 -4.6870269162e-03 1.3190392044e-01 2.5761613401e-02
-7.7729183653e-02 -3.8261262353e-03 -3.3820487978e-02 -2.5549514822e-02 -5.7653180962e-02 -4.4113696216e-02 -8.6743358692e-02 2.8623260049e-02 4.6735804531e-02 2.0081920011e-01 2.4869347023e-02 7.9013470905e-02 -3.9890201638e-02
5.8965347472e-02 2.9287233729e-01 -3.4098484021e-01 6.4359511595e-01 -1.2769593052e-01 -1.2777080594e-01 -4.7289287868e-01 -4.0240037846e-01 3.1077460047e-01 3.6102922716e-02 4.1776268255e-02 2.9050441741e-02 1.5490548991e-02
1.4045080160e-02 -1.7993041082e-02 -6.0344418465e-02 7.3949199438e-02 3.3036276064e-02 -4.1361903097e-02 -1.0799583065e-01 -1.4164461895e-02 3.4599545787e-02 -1.0431247026e-02 -8.4049056932e-02 -2.0016628974e-01 -1.4125667268e-01
-5.5962738792e-01 -3.1917691740e-02 -6.6481843407e-01 -1.1287963852e-02 -2.8583163063e-01 -2.5055215726e-02 -6.4722647657e-02 1.5135403321e-01 1.6306284893e-01 5.3406330574e-02 -3.6288072888e-02 1.4732001793e-02 7.3037515204e-02
1.0078151705e-03 2.7249762316e-02 1.0080721683e-01 -1.1679903609e-01 -2.4405154282e-02 -8.7138573520e-02 1.2638716549e-01 -4.7100076164e-02 -1.4033739633e-01 -6.6082285213e-02 -1.2406384885e-01 -7.8064417201e-02 7.2427006718e-02
-2.1351032607e-02 -8.5258553456e-02 -1.1553148640e-01 -1.3349016022e-01 -1.5654509810e-01 5.4467526558e-02 -1.2622925165e-02 -3.2763441396e-02 2.0926399947e-02 1.4802384597e-01 -4.2182728057e-02 2.3540707390e-01 1.5891430098e-01
