-7.4065785084e-02 8.6992604799e-02 9.5115442387e-02 -1.9878233431e-02 -6.5094248763e-02 1.6979748056e-01 -6.6063912575e-02 -1.1602290967e-01 -1.1428029374e-02 1.5199186977e-03 4.5099790592e-02 -1.6143717290e-01 -3.7863364392e-02 -5.2447639332e-02 -8.2910218395e-02 -2.4255277079e-02 -2.6062739324e-01 -3.6977100754e-02 -1.0165466256e-01 3.5443109419e-02 5.7471805787e-03 -1.3534987092e-02 1.9359604158e-02 -1.1126075545e-01 1.3229603407e-01 -1.2124843203e-01 7.1307462528e-02 1.1633480162e-01 -3.1193745669e-02 7.8913360920e-02 1.1008389980e-01 -2.1682960634e-03 1.2661317066e-02 -7.9079646876e-02 8.1385723756e-02 -8.3164294754e-02 -3.4498959881e-02 -2.0257124183e-01 2.3701053735e-01 -1.1272614930e-01 2.6848496635e-02 9.2568738416e-02 6.5951798504e-02 -2.5059640204e-01 6.0433647413e-02 -9.3472991786e-02 1.5850919501e-01 8.0913138952e-02 -3.6571174839e-02 5.3436425440e-02 1.5781571117e-01 2.9318705468e-02 1.9882610757e-01 -7.3138000164e-02 -7.1349250497e-02 -2.6964917883e-02 -1.3144144578e-01 -5.5660215352e-02 6.5236887742e-02 -5.7191513063e-02 -1.3430652691e-02 -1.0226411518e-02
-8.9533843791e-02 1.0144518338e-01 -9.0357082798e-02 8.3620793501e-02 -3.4173021027e-02 1.2546280800e-01 8.5573932117e-02 1.1062387809e-01 -1.1346389751e-01 -3.9371964318e-02 1.3698804116e-01 -9.4268602544e-02 5.7913326701e-02 6.8236751447e-02 7.3119156272e-02 5.2090112744e-02 1.0194374357e-02 3.4419269473e-02 6.2676108246e-02 4.4795729312e-02 3.3272293210e-02 1.1071796667e-02 -7.3226110044e-02 1.1621021577e-01 -1.5045583162e-01 8.0655252618e-02 1.1530767567e-01 -3.2495941123e-02 9.3845302601e-02 -6.4203095981e-02 7.7576125071e-02 -9.0921494756e-02 -5.6159068234e-02 1.6949397732e-01 5.3650798354e-02 -2.1800184373e-02 2.7536350842e-02 3.3403757994e-02 -2.6522834425e-01 -1.1796872014e-01 1.0316842171e-01 4.5167023106e-02 -8.3631944329e-02 7.6280240313e-02 -5.5651206656e-02 -2.3681908084e-02 -1.6798444963e-01 -1.7112899497e-01 1.5980055477e-01 7.7075470133e-02 -8.2363595997e-03 4.7228505580e-02 -7.2106150523e-02 -8.1330904879e-02 1.3214044079e-02 -7.7473553854e-02 1.0122518273e-01 4.5332131255e-02 -2.1467555358e-02 4.6107551447e-02 9.1603427216e-02 -1.1173148683e-01
-2.9752787931e-02 -1.2551081457e-01 -5.2055617254e-02 2.9137809241e-02 5.7018682403e-02 -1.8079090411e-02 3.5271428226e-02 -1.2371086503e-01 3.3199339213e-02 -8.2831758200e-02 -9.7476956176e-02 7.5215897222e-02 1.2943054146e-01 7.7145792751e-02 -2.1258550193e-01 5.0250255090e-02 -1.8473475919e-02 -6.5697365116e-02 -7.3794821188e-02 1.6893347422e-02 -1.6626380902e-02 4.2963016816e-03 1.4065816477e-01 -1.5094770259e-01 1.7851595456e-01 5.6064648828e-02 -7.4045956223e-02 3.4798487962e-02 -1.7483967264e-02 -2.1844980260e-02 5.8240536414e-02 -5.6291393565e-02 -1.6085591159e-02 5.9631561709e-02 3.6739253098e-02 -1.7114961924e-01 4.5882973933e-02 -1.1873278891e-01 1.1187771261e-01 -1.4144738412e-01 -5.9756457242e-04 -6.2405219374e-02 7.0682411776e-02 -1.6042134918e-01 -2.2367399027e-02 5.2861148141e-02 1.7188075787e-01 5.9045124244e-02 5.2252844683e-02 -8.8890856196e-02 3.6802861063e-02 -1.6799831659e-01 3.8585457132e-02 -1.0386091946e-02 -4.4197574369e-02 -2.0569822380e-02 8.6780672087e-03 -4.4722391323e-02 9.8851417214e-02 1.2626388864e-02 -2.1336172385e-02 -1.6022852512e-01
-6.0598600899e-04 -7.3998461194e-02 2.3328026681e-01 -1.8274115388e-01 -1.9327748591e-01 1.4877922990e-01 -6.7061707298e-02 -8.1046073956e-02 -1.3819365040e-01 1.2497461526e-01 1.7168271663e-01 -2.4494155402e-01 -9.1334352942e-02 -6.6584122897e-02 -6.7639309960e-02 1.5304647084e-01 -8.7475784945e-02 -4.3563200459e-02 -1.2788027831e-01 1.0624449477e-01 5.0298337968e-02 -8.9553829139e-02 -3.2488536570e-02 8.2724920634e-02 3.8505015120e-02 -3.0436435303e-01 5.2857517252e-02 6.8156167094e-02 1.3020555683e-01 -3.9641936241e-02 4.5906953036e-02 -1.4828590742e-01 -6.0697854886e-02 1.5183703756e-01 -1.6741101080e-02 -2.2905134357e-02 -5.8506848665e-02 9.6841820020e-03 1.2177839107e-01 6.8219291962e-02 -1.9326433159e-01 2.0082777722e-01 1.4416685067e-01 1.7319970639e-01 -7.5712649641e-02 -1.2049979587e-01 -5.9734823655e-03 -7.4439424917e-03 6.2584859293e-02 1.1123201323e-01 1.2172216740e-01 7.7391064312e-02 1.1098976803e-01 4.3516742427e-02 3.2941185006e-02 1.4144128357e-01 2.1875412743e-02 1.1197295610e-01 -1.2909261697e-01 -8.5576982036e-02 -1.5972813720e-01 1.2584415115e-01
-1.3048483140e-01 -2.0251163674e-01 -7.8179504631e-02 -1.4668326472e-01 1.2656658470e-01 6.3715636706e-03 -1.6328443628e-01 9.4141798961e-02 -1.6725307012e-01 -4.3109118750e-02 9.7284572626e-02 -2.6224450902e-01 -1.0916163289e-01 -1.3557661257e-02 2.4021644722e-01 9.4638015175e-02 1.9997620167e-01 4.0082268159e-02 -1.3433715183e-01 2.4041564159e-02 -1.3507645937e-01 -2.0944484502e-01 -1.1568237346e-01 5.8671855778e-02 8.7766258850e-02 6.2153693475e-04 8.4035131292e-02 -5.1441597542e-02 -1.6354149408e-02 -5.7626200224e-02 -1.7732473876e-01 -4.5818573256e-02 -1.6143780913e-02 1.8766390611e-01 -1.7291647040e-01 1.6078300548e-01 -2.5527596648e-02 2.2238180672e-01 5.8797617464e-02 2.0471984292e-01 2.3323104637e-02 1.1312819427e-01 8.3837014796e-03 1.5623383640e-01 -5.8805170234e-03 -8.1939336839e-02 -1.3987682134e-01 7.8905006775e-03 1.7894959675e-01 1.0609162584e-01 1.1868730440e-01 7.6653736762e-02 1.6015538858e-01 -7.9143980373e-02 9.4778154751e-02 1.3018883243e-01 3.8958265946e-02 1.7327943951e-01 -1.4163863825e-01 -2.8712928291e-01 1.7803989369e-02 9.3275203228e-02
3.3707112583e-02 -1.1218703359e-02 -1.4440489222e-01 -3.8398818410e-02 9.2213833560e-02 1.0091031397e-01 -6.7667299276e-02 3.1433709666e-02 2.1768000943e-02 1.4304095692e-01 -1.0855185450e-02 9.1728579045e-02 3.3803492322e-02 3.7218124079e-03 -4.1062867055e-02 -1.0429281311e-01 -2.0019563358e-02 -3.3608881118e-03 2.1612242068e-02 4.1660562847e-02 9.4549894605e-02 1.0300476202e-01 3.1178654381e-02 4.6769775938e-02 1.2237017116e-01 6.0457539159e-02 -1.2854351577e-01 1.1686896647e-02 9.2905159672e-03 -4.5090551917e-02 9.3385603853e-02 6.9166343547e-02 1.1040506404e-01 -9.6653348451e-02 1.5269366868e-02 -9.9029738574e-02 -8.8137940560e-02 -2.3374168730e-03 1.4090270784e-02 -7.9178357239e-03 -7.8372258930e-02 1.0111480041e-01 6.6628470968e-02 5.4648943268e-03 3.9630299185e-02 6.2702573095e-02 1.2555174698e-01 -3.8944861021e-02 -1.2937516296e-01 6.2374852628e-03 3.1583530992e-02 -8.1680442561e-02 -1.1448575707e-01 7.3869295390e-02 -1.1083132158e-01 6.8700408997e-02 -1.1334726010e-01 -2.7975159572e-02 -6.2735845897e-02 4.3100724191e-02 -1.4745099510e-02 -2.2492508516e-02
8.9266818504e-02 5.7377289102e-03 -3.6005621247e-02 2.3329135860e-02 5.7094688778e-02 1.5998305633e-01 -8.1491243512e-03 -1.8519422775e-02 3.9368445424e-02 -8.2449023005e-02 -5.6904225618e-02 2.7611718455e-02 -5.7882402337e-02 1.9143765530e-01 -2.1545419534e-02 -3.8046177761e-02 3.5330277402e-02 9.3871783493e-02 3.7376707133e-02 3.3195013695e-02 -8.8085750472e-02 -5.4747855002e-02 4.6925199588e-03 4.3229807882e-02 1.0932001042e-01 3.0185679733e-02 -2.1411164099e-01 1.9132919153e-02 4.8274240975e-02 1.0649344900e-01 2.6266978256e-03 -3.8799746175e-02 1.6662820835e-01 -6.7219162416e-03 -9.4495070221e-02 -8.2284162537e-02 -1.4404879058e-03 -2.9680253332e-02 1.0974519977e-01 1.3738673158e-01 -1.9798901307e-01 2.0119809987e-01 4.9008772223e-02 -2.1817820712e-01 -8.8700599386e-02 5.6008516152e-02 -2.8131673650e-02 -5.7639089130e-02 -1.4180629724e-01 3.6019554175e-02 3.5687717991e-02 -9.0502979898e-02 -8.1604725478e-03 6.8355677843e-02 4.4767391160e-02 -3.3914272611e-03 3.5845772769e-02 1.6464388806e-01 6.5416803451e-02 -7.9967887922e-02 -1.8071532178e-02 -5.0537390019e-02
8.3630561545e-02 3.5522630660e-02 6.4132530730e-02 -7.4335052181e-03 -1.0163776028e-01 8.6508772886e-02 3.4323411782e-02 -1.3035913173e-01 -1.0582247707e-01 1.3778695770e-02 1.8299225539e-02 1.5218983342e-01 -3.6489820739e-02 4.0587773689e-02 9.3048539756e-02 9.0693498451e-03 -6.9540491002e-02 -1.2048549622e-02 1.0239170043e-01 1.3138751986e-01 -5.7701980646e-02 -5.1750504140e-02 -1.9927539140e-02 -7.1322431327e-02 9.8454983128e-02 -9.1326805828e-02 1.2763436285e-02 6.6012981887e-02 -4.9923571762e-02 -8.6453743281e-03 -1.6030281151e-03 -8.4512968012e-03 2.8411958120e-02 2.3339767364e-02 1.3810874469e-01 -1.6464661151e-01 1.0763789092e-01 6.8272681140e-03 5.8356846586e-02 5.2218541786e-02 1.5850456227e-02 8.5601071419e-02 1.7014608061e-01 -8.9958168565e-02 -1.3007731813e-01 -1.0002409030e-01 -2.4228802183e-02 1.6289040766e-01 -6.1608151838e-02 -2.6524955310e-02 -2.0584200786e-02 -3.9676437878e-02 2.9283475565e-02 3.0002911985e-02 -1.1630590442e-01 -2.8173574694e-02 -1.7615344121e-01 -2.6081864339e-02 -4.8057289048e-02 -7.3135752751e-02 -1.1385977542e-01 -1.7033949737e-02
8.9834267722e-02 -5.5702997252e-02 6.9663410356e-02 -1.3705876603e-01 -9.8591567556e-02 -8.8419245303e-02 1.1658684988e-03 -8.4899944624e-03 9.2041352008e-02 4.4680454756e-02 -6.7730076471e-02 -4.3809302666e-02 -3.4016332039e-02 7.5497122818e-02 -1.7320576737e-01 -4.5980564092e-02 -1.4315116526e-02 -1.2291860170e-01 -3.3628628984e-02 2.8162354655e-02 1.0773984321e-01 1.4246848835e-02 -8.6721463513e-02 -2.0886474104e-02 1.3957139139e-01 -4.8147362242e-02 -7.9093980851e-02 2.5004361062e-02 2.0229909048e-02 2.5414195864e-02 2.0723881588e-02 -3.7806437232e-03 4.2094416974e-02 -6.8496568530e-02 1.0507352903e-01 -1.5586737067e-01 2.0505408170e-02 -1.1514727398e-01 1.1193545450e-01 1.2096197599e-01 -6.9456384303e-02 2.0642074925e-01 -6.1839762458e-02 -2.4727758924e-02 -1.6280831657e-01 -5.2605142571e-02 4.6459892141e-02 2.2183275643e-02 -1.1420009433e-02 3.1352558049e-02 1.3940553754e-01 -1.1927044456e-01 5.8925309830e-02 -2.7602664158e-02 -2.8762014871e-03 3.6931047909e-02 -8.9368255748e-02 5.6097832667e-02 4.0115159598e-02 6.4732362464e-03 -6.2904409873e-02 -9.5247500708e-02
1.2988315390e-01 1.3777218940e-01 -1.6251459607e-01 1.7562420033e-01 1.7760281686e-01 -1.1635568643e-01 2.0836845720e-02 -1.7078773178e-01 5.7157257074e-02 -2.4662637529e-01 -2.9784832385e-01 8.9597654102e-02 8.5108800493e-02 -1.2588632154e-01 -3.0360704476e-03 -2.6646253259e-02 1.4959998345e-01 -7.2319239709e-02 -4.3580248773e-02 -1.5438479519e-01 -3.9317039123e-01 7.0438167913e-02 7.6893821684e-02 -2.4100636599e-01 -2.4381235844e-02 1.3971385274e-01 1.4703865370e-02 -8.7838088023e-02 -2.5175579055e-01 2.1741668911e-02 -3.9745597910e-02 -2.1307035626e-02 2.1678785017e-01 -1.8043036886e-02 -7.8381942159e-02 -1.0130891865e-01 -2.2503937046e-01 -1.2418817488e-02 -1.2927309454e-01 -2.7626351468e-02 -4.3800805602e-02 -4.7521873018e-02 -1.8776570052e-02 1.4371608669e-01 8.9731085906e-03 6.5526025839e-02 1.5978334314e-01 1.0145182416e-01 1.5689746637e-01 7.1454881349e-03 8.6910141324e-02 -2.0575602196e-01 -1.5645603934e-03 -6.5134144128e-02 -6.1625302906e-02 1.0351526266e-01 2.4172011481e-01 -1.4008783802e-01 2.0243671848e-02 1.1559646838e-01 1.4461268422e-01 -1.0442877887e-01
-8.7561624995e-02 -7.4662064730e-03 5.1131408129e-02 5.1835943637e-02 7.4972648211e-02 -2.9171818119e-01 -4.2108908680e-02 -3.6298511818e-02 -1.9362315177e-02 6.9005183726e-02 2.1241007533e-02 -7.7339483656e-02 9.3282677305e-02 3.8607853080e-02 3.2715036553e-02 -6.2459793766e-02 -1.6273415246e-01 -3.2946105611e-02 -7.8835160250e-02 -1.5848728128e-02 2.6714651841e-02 -4.8613991741e-02 -3.5594387017e-02 1.0147661374e-02 9.7420392831e-02 6.8313315025e-02 5.2142741642e-02 7.9312288263e-02 -1.0695436742e-01 -4.7759879714e-03 -1.7771022330e-02 7.3267629254e-02 -6.1369166037e-03 5.7209247630e-03 -1.8023901474e-02 5.8855585289e-02 -2.8639901372e-02 1.2494633957e-02 -3.3570774964e-02 1.5286143268e-01 4.2970195953e-03 -2.2723878515e-02 -1.0186678688e-01 8.0714929378e-03 -4.2076659004e-02 -3.1009921472e-02 -4.7485364092e-02 1.1410848428e-02 -3.2284787449e-02 3.3508447852e-02 -2.5581326432e-02 -5.6528416025e-02 3.1458921107e-02 4.3945455405e-02 -3.9955041054e-02 2.1474778537e-02 1.5589538737e-02 5.7911728287e-03 1.6539861849e-02 6.6418435164e-02 -7.2886399532e-02 1.8725410170e-03
9.6622222379e-02 1.6940442832e-01 8.3919959207e-03 -7.7262968442e-02 5.8212612197e-02 -1.0303257095e-02 -2.1975542607e-02 1.3944677852e-01 -7.5720204952e-02 2.8999625462e-02 3.0851492963e-02 -2.1389639424e-02 6.0143155698e-02 4.1151714076e-02 1.1494911037e-01 4.8982959700e-02 8.2244941287e-02 1.6733530296e-01 -8.8214533707e-03 -3.2424146301e-04 7.2672462578e-02 -1.2512173719e-01 -3.8254437949e-02 7.1744693257e-02 5.8099303979e-02 1.0804833882e-01 1.2897272229e-02 -5.4335852495e-02 7.2770669974e-02 -7.2708873758e-02 -1.6546470232e-01 1.8883596519e-02 5.7586586270e-02 5.2819982180e-02 4.4598543852e-02 -7.0439227428e-02 -1.1323651357e-01 6.3382618669e-02 -1.5542024418e-01 -1.1564802054e-01 1.4102576818e-01 -1.1849067506e-01 -2.0995592972e-01 1.3498004867e-01 -5.8825517243e-02 -2.7619508140e-02 -8.6783182975e-02 -2.2137159938e-02 8.1092375458e-02 -6.7925496230e-02 -3.4424605596e-02 -8.3208325316e-02 1.9821259443e-02 -8.9040711356e-02 -1.1157048781e-02 -7.7372031486e-02 1.1127723437e-02 -1.7631833693e-02 6.7789965551e-02 -2.9360201282e-02 -3.6054231060e-02 2.2844009547e-02
1.0169639077e-01 2.0198302927e-02 1.7099374853e-01 5.8744997186e-02 -4.4964672819e-02 8.1445726187e-03 4.2384323919e-02 -8.9698020768e-02 -1.3578335124e-01 -8.7524350816e-02 3.3040477904e-02 8.6030858101e-02 -1.6578913344e-01 -8.5016673351e-02 -3.5489046540e-02 6.7793700852e-02 5.1702174277e-02 -2.1296180211e-02 5.9859544953e-02 5.5632554626e-02 6.0385857467e-02 1.9465762369e-02 4.3728415409e-02 9.8185642242e-02 -4.7560926453e-02 3.1079828590e-02 4.9872621130e-02 1.3615133126e-02 1.4149392468e-01 -5.2046175665e-02 7.8131991028e-02 1.9569021442e-01 -5.3885105966e-02 -1.2327778945e-01 -6.6421769417e-02 -4.8356198797e-02 5.3758068661e-02 -8.7640316012e-02 2.2711717938e-02 -1.5512076068e-01 -8.2497327389e-02 1.3573428470e-01 -6.0783944268e-02 -1.3385111367e-01 -9.6328466052e-02 1.1029115172e-01 5.7473858351e-02 -4.1816563160e-02 -1.6882924691e-02 5.7284640567e-03 9.4644154422e-03 -7.9001682301e-02 4.5762388626e-02 -2.9512310761e-02 -4.5127656730e-02 -5.7691347548e-02 -4.4936606580e-02 -4.6344798187e-02 5.5533824673e-03 3.6207509811e-02 -1.9540856590e-02 -4.6448434117e-02
-6.2157153383e-02 -1.0649325917e-01 6.9116789805e-02 1.8632236599e-02 -3.9604029795e-02 -1.2418733303e-02 -7.9318280271e-02 -1.9404917344e-01 1.4190558786e-01 -7.3980004515e-02 -2.1611759686e-01 4.7741099463e-02 -4.1608225303e-02 -2.9648257173e-02 -8.7731882556e-02 2.4042135658e-03 1.0759742300e-02 -7.5925372792e-02 -3.4116918925e-02 8.8373433439e-02 5.1249008595e-02 2.8818578038e-02 1.7980460451e-02 -2.6532639984e-01 1.9320084036e-01 5.5678328845e-02 1.0905440581e-03 -1.9644490622e-02 8.2264461532e-02 -3.3527749692e-02 3.0237038567e-02 -4.1889532387e-02 -7.4783669521e-02 5.0008365824e-02 4.0468733213e-02 -1.4262832137e-01 -1.5454265431e-01 -7.1394617119e-02 1.2201989783e-01 -1.4389088070e-01 4.3321493490e-04 1.4556061960e-01 1.9292818250e-01 -2.7490862544e-02 -6.8308746003e-02 8.4099512376e-02 5.4304800352e-02 1.0448102397e-02 -3.3008739165e-02 8.2396870481e-02 5.3288875375e-02 7.1279703548e-02 6.5772537933e-02 -5.6935184948e-02 6.1029609808e-02 -1.3897645406e-01 4.2338330863e-03 -1.8872790714e-01 5.9182302180e-02 -8.4112849414e-02 2.6225536381e-02 1.3473932447e-02
3.1909272223e-02 -4.2713223094e-02 -6.0287629181e-02 -5.2649442230e-02 -3.7851672939e-02 1.4539328449e-01 -4.3190217512e-02 -1.7101992031e-01 -2.0124994729e-01 7.1880654933e-02 6.2596257839e-02 -1.4280286169e-02 -2.7314450138e-01 1.0137156118e-01 -1.0497365701e-01 -6.5774740533e-02 -8.8845226657e-02 1.1452555298e-02 -4.1365593111e-02 -1.2332800699e-02 4.2020660430e-02 1.1093386738e-02 5.7346270072e-02 3.9146209118e-02 1.6367142906e-01 2.5400885366e-02 -4.4889137115e-02 4.4212705210e-02 1.1155343356e-01 -1.3705477086e-01 -5.9990653115e-02 1.6167729726e-01 -3.8096260635e-02 -1.3913042010e-01 1.1225634421e-01 2.0496748864e-02 8.1033904120e-02 -9.5284818656e-02 -1.4494286886e-02 4.8001315766e-02 6.0788589458e-02 2.5239262691e-01 -4.6103991568e-02 -8.8994736585e-02 1.6990156331e-01 1.5162387177e-01 1.3047692233e-01 1.1570895977e-03 -1.0613867106e-01 -1.2206124424e-01 -1.1199127521e-02 5.2564613105e-02 -2.7993273296e-02 -4.3688414758e-02 -7.7944469371e-03 -1.1488013550e-01 -7.5601703689e-02 1.2288060014e-01 4.2901366538e-02 4.2784427406e-02 3.0481561934e-02 4.2859816449e-02
-4.8516229760e-02 2.4856563394e-02 5.7336036658e-02 -4.5477605781e-02 7.6891224796e-04 2.3780439100e-02 8.6695911572e-02 9.4708559242e-02 -1.8104891661e-02 1.0502997903e-01 5.8065966173e-03 -4.7249104912e-02 1.1107997042e-01 9.8421287135e-02 4.3913494219e-02 3.2908180193e-02 -1.4407538866e-03 -7.5349368716e-02 -1.6316680560e-01 -2.6406035375e-03 4.8185097435e-03 -4.5051851241e-02 3.7477213367e-02 1.4485583183e-01 -2.0745981348e-02 9.1017772906e-02 -2.1878538768e-02 -4.0410383327e-02 -1.3720992791e-01 3.7135922039e-02 -1.4423464567e-02 -2.9369889037e-02 -4.4411442608e-02 1.2187313673e-01 7.6001655384e-02 3.7589259126e-02 -1.1652401980e-02 1.0132762212e-02 -5.2646775448e-02 -1.5574874181e-02 -8.8248056395e-03 -7.5932839187e-02 -4.8349970789e-02 5.3119877277e-02 -8.5099084515e-02 -1.5865944461e-01 -2.0150434035e-02 1.2455371236e-02 -6.2494293350e-02 -7.0325562913e-02 -8.7544225444e-03 4.0010984532e-02 7.0832058066e-02 8.4674209440e-02 1.6368516708e-02 4.0216507866e-02 1.3358905507e-01 1.7867650459e-01 -2.9178292750e-02 1.2303513007e-02 -3.9563546932e-02 -5.4799745835e-02
1.7726471316e-01 8.8113326592e-02 3.2833832942e-02 -1.8568874519e-01 7.3895985639e-03 -2.4617043173e-02 3.7449525869e-03 1.3962872521e-01 -9.8326622339e-02 7.6477834385e-02 -4.9596151509e-02 -1.6726762355e-02 7.9805210785e-02 -1.0212000666e-01 -7.4689718484e-02 -7.9842054673e-03 -1.4910251198e-01 -7.7259571491e-02 -2.4719754172e-01 -3.0467980407e-03 9.4451785769e-03 1.0551718106e-02 6.0221735525e-02 -4.5128241980e-01 -6.9967044079e-02 -6.9114362869e-02 1.0044329488e-02 2.2798012590e-02 -2.8709970081e-01 4.6907667135e-02 1.3493908882e-01 1.0195278025e-01 1.4393163172e-01 -8.8449400833e-02 4.9376697373e-02 -6.8997034610e-03 -4.3290266082e-02 -2.3496286255e-01 -1.9722097737e-02 9.0879177869e-02 -1.9150664592e-01 8.2119749824e-02 1.4465611674e-01 1.0799718249e-02 -1.8349768679e-01 2.5822266439e-03 1.7886686912e-01 1.6091602014e-02 -1.1294663042e-04 -7.1885465370e-02 1.6480518867e-01 4.2486522276e-02 9.8777249199e-02 1.1053121579e-01 3.2114750868e-02 -1.8117040160e-01 2.1372091299e-01 -2.0063614551e-01 1.1375288966e-02 2.4958836120e-02 8.9800834073e-03 -2.6362517272e-02
-6.8714851559e-02 9.2291734579e-03 4.8033449869e-02 1.0809774904e-01 5.9601211054e-02 1.1847441372e-01 5.3660407769e-02 -6.6116851115e-02 -3.7692267638e-02 -1.8415746967e-02 -5.7879980285e-02 8.7863871504e-02 -1.2049522303e-02 -8.6142896816e-02 -2.3747294275e-01 3.2396420151e-02 -1.2875043194e-01 -1.0958888501e-03 -1.2373178647e-01 1.5473192937e-01 -3.0113334708e-02 1.3080198502e-01 4.7372322186e-02 -1.3869206264e-01 2.5958241102e-02 -1.4636904524e-02 -1.0683768803e-01 1.5357038583e-01 -1.3459910922e-02 -7.6244023448e-02 2.6090008129e-02 1.8946382959e-01 -6.0051396740e-02 -6.8920826094e-02 -4.0751490847e-02 -1.1238220678e-01 -1.0845014734e-01 -1.2667646679e-01 1.4085056702e-01 -1.4961745818e-01 -6.9958093601e-02 2.4950119965e-01 -4.2691412971e-02 -9.8943842253e-02 5.4189992857e-02 -9.9421604135e-02 7.6769892842e-02 4.4560457801e-02 -1.6126287053e-02 -1.9283458234e-01 7.4430925185e-02 5.6742913653e-02 1.5793808465e-02 3.2277044826e-02 4.1469528664e-02 -7.9993479285e-02 -9.8608096968e-02 -1.5604019343e-01 1.6799273292e-01 1.7398431348e-01 5.2450164578e-02 -1.3913322763e-01
4.5756988762e-02 5.4503697169e-03 3.2297960343e-02 1.5334368919e-02 -8.5823792480e-02 -2.3887431815e-02 7.3199024905e-02 6.1382581312e-02 -5.2965228168e-02 -3.9812372014e-02 -3.2943889303e-02 4.1506143717e-02 3.4827132814e-02 7.4652123452e-02 -1.9670626827e-02 -4.8882676722e-02 4.3422235536e-02 -5.6183772477e-02 1.1834999184e-03 5.9662067119e-02 4.6558961746e-03 -1.2417211149e-01 -7.5051224943e-02 -2.1080706879e-02 -4.6736415188e-03 3.4602481566e-02 6.3510487489e-02 5.3256158163e-02 4.5463600261e-02 1.0887249407e-02 -5.6143919194e-02 1.0528732078e-01 2.4407907742e-02 7.1472902271e-02 -4.0752570078e-03 9.9790653308e-02 3.2056127720e-02 6.8040788593e-02 -1.0979696690e-01 1.5583436567e-01 -3.0094221600e-02 -1.2821753931e-01 -3.8420411535e-02 1.3671042578e-01 -8.8120962112e-02 -1.0093455224e-01 -2.1228595552e-01 3.8793127042e-02 9.8639497382e-02 9.1248322589e-02 -5.3487271626e-02 -5.5021750610e-02 -2.4913557768e-02 -4.8021137379e-02 1.2092948044e-01 7.1227293821e-03 -8.9208962599e-02 -1.7270733439e-01 -4.5612795793e-02 5.9858265385e-03 6.2302726054e-02 8.1168039059e-02
2.3199303026e-01 -2.5286036043e-01 -7.9328776914e-02 -5.4289904939e-03 7.3713410030e-02 3.8638498425e-01 1.6391756228e-01 2.7817754408e-01 -1.1530949423e-01 2.8126677362e-02 -4.5765409865e-03 3.0805000210e-02 -1.4450464712e-01 5.4179594902e-02 -4.8517518513e-02 -1.3017848824e-01 1.4738009334e-01 -1.2756855366e-01 -8.0592616796e-02 1.1582739030e-02 1.0018160966e-01 -9.0365098571e-02 2.3607232224e-02 -3.8601551105e-02 1.1499298285e-01 2.1104882099e-01 -2.4109878342e-02 2.0055957619e-01 -5.5828853204e-02 -1.3855204801e-01 -1.3680031512e-01 2.1096389406e-01 -1.8215458910e-02 -1.3282232203e-02 -1.5624873687e-01 4.5040872865e-02 5.8312803772e-02 -2.8635185078e-01 2.2760708953e-02 4.3865849929e-01 1.1729105248e-01 -3.2386004622e-02 4.1581880443e-02 -1.7795947190e-01 1.4637944097e-01 1.7894856110e-03 5.2067182267e-02 -8.8835047112e-02 7.4985056620e-02 -1.5837230640e-02 -9.1971822044e-02 2.1955941962e-01 -8.1152461086e-02 1.1053372930e-01 -1.6396250032e-01 -4.0422165542e-02 -1.9522099158e-01 5.8954000253e-02 1.3954689955e-02 -3.3889811072e-01 7.0875003065e-02 8.1093810891e-02
1.0522069925e-01 -1.1399428454e-01 -1.3025650600e-01 1.4188434131e-01 9.9509222720e-02 -1.2470597843e-01 3.6572658951e-02 -2.2296017131e-01 -1.2146360847e-02 -3.0242515068e-01 -3.3781960648e-02 -4.4662639633e-02 1.8398175522e-02 -1.2657559639e-02 9.3411566425e-02 -7.9190064626e-02 1.9664418467e-01 1.0921506222e-01 6.1661931924e-04 -1.4956339657e-01 1.4093822164e-01 3.7724107575e-02 3.2220141865e-01 -1.1596400171e-01 1.9293167970e-01 1.2242745080e-01 1.1118856323e-01 6.7251965623e-02 9.6627352704e-02 -8.5917000342e-02 -1.6762007430e-01 2.5709044791e-03 1.4763140915e-01 -4.9258045098e-02 -3.3360859445e-02 -1.1559292278e-01 -1.8605860221e-01 9.9106631770e-02 -1.8579194568e-01 1.2822652952e-01 -9.3642409037e-02 -1.8231984290e-01 1.0939804452e-01 1.2805184741e-01 1.6948804708e-02 5.2878380064e-02 -2.1516580971e-02 -1.6890408515e-01 1.9007574849e-01 -8.7409968143e-02 -1.6184230856e-01 -7.6735608443e-02 -2.5229994554e-01 -1.8318288707e-01 -1.8564453195e-01 -1.3866595521e-01 -5.1432624898e-02 5.1718888847e-02 -1.1664877288e-01 -6.0003908412e-02 4.4857355994e-02 -6.9259629125e-02
1.5986337729e-01 -5.0903502568e-02 4.0115014031e-02 -6.0415931649e-02 -1.2329963906e-01 5.1033267630e-01 -6.1228850106e-03 -1.9259562175e-01 -2.5283561180e-01 -2.0079115228e-02 1.4053147860e-01 -1.8762569191e-01 -3.0785614961e-01 3.9868265228e-01 4.4912067346e-01 -2.9101478664e-01 6.1982453496e-02 2.8480494672e-01 1.9658678136e-01 -4.6605646220e-01 2.8413519130e-01 -1.9084631909e-01 -2.5776223893e-01 1.1186290644e-01 6.8199752627e-02 1.3999341962e-01 -3.3275702412e-02 -8.8610969090e-02 1.7751376695e-01 -3.6894280154e-01 -1.8547938089e-01 2.7762036758e-01 3.6844054508e-02 -5.9245287444e-02 3.6894562444e-01 -2.5697945959e-03 -5.2584050050e-02 -2.1996424968e-01 5.4256250412e-02 1.0212253396e-01 5.1917665824e-02 -4.6140628083e-02 -1.3930367051e-02 -1.8891164590e-01 2.1793414345e-01 1.5692175536e-01 1.6283071549e-01 -2.3951193654e-01 4.5276059467e-02 -3.1453174051e-01 -1.2290309112e-01 1.0894980338e-01 1.0098834609e-01 6.3886583684e-02 -2.1121946257e-01 -1.6593484454e-01 3.1155048775e-02 7.1165611292e-02 6.1551303676e-02 3.9490482364e-03 7.2524969294e-02 -1.3152608178e-01
2.8537594516e-02 -1.6659456572e-01 -7.6664268325e-02 2.2160158352e-01 4.0317588635e-02 1.2916354316e-01 -1.1185200288e-01 -1.0265758014e-01 1.3956290791e-02 1.8522368749e-01 -6.7017437859e-02 7.6581123867e-02 -1.7883385101e-01 1.0558256676e-01 2.0455026744e-04 -5.7897167762e-02 -1.5242192099e-02 -1.5028285628e-01 -6.0145240706e-02 -1.8644068998e-02 -1.7764498608e-02 1.0537793406e-01 8.0723095581e-02 -7.5741150687e-02 5.7390288652e-02 -1.6517421620e-03 -2.9518372425e-02 -7.2598756274e-02 -1.3007098156e-01 -1.9957634270e-01 4.0806399463e-02 -7.1811218879e-03 -1.7384471226e-02 2.5340486902e-02 -1.4033267200e-02 -1.8525537387e-02 1.1104927625e-01 -1.4046147900e-01 9.4879019833e-02 -3.1583550910e-02 8.2084110596e-02 -2.0960183369e-02 7.0113343207e-02 -1.3828399717e-01 -7.2576255001e-02 -2.7403590119e-02 -1.1764794449e-01 -6.4270863006e-02 -2.7598960703e-02 4.6852507486e-02 -2.6778334232e-02 -6.2666291256e-03 1.4228372176e-01 1.1671451372e-02 -5.3275863597e-02 -1.7340266594e-01 -2.2033454291e-01 -4.9608176608e-03 5.7044627857e-02 4.3509395266e-02 3.4674849450e-03 1.0719109498e-02
-1.5671333813e-02 -6.9387860731e-02 -8.9797179602e-02 -6.7359160118e-02 -1.1558728938e-02 -5.6573405195e-03 2.0980233094e-01 3.3382676468e-02 -9.4203950570e-02 2.2795070791e-02 -2.2859694775e-01 1.2021579719e-01 -1.4185853658e-01 1.8940994638e-01 -1.1316381666e-01 -2.8274893161e-02 -4.4856916826e-02 4.0311605910e-02 5.4092206217e-02 2.6008002534e-02 1.0312553879e-01 -4.5061196024e-02 -1.0305456150e-01 -2.5537821869e-02 1.7367631113e-01 6.9485120447e-02 -4.1001332104e-02 -3.0121851802e-01 -8.4706243619e-02 -2.9238234300e-02 -9.4111556131e-02 1.1159900454e-01 4.0014970875e-02 -1.8536995337e-01 4.1432846366e-02 -2.5848945959e-02 4.7736344523e-01 -1.1540702967e-01 8.4318171998e-02 7.2960822785e-01 2.2291835130e-02 2.4134314835e-01 -1.7833259280e-01 -1.3547202284e-01 9.6011288154e-02 1.4071690853e-01 1.9509186965e-01 1.4907110002e-01 -4.0193907125e-02 -1.9033005744e-02 1.3577396016e-01 -3.7122575550e-02 3.3526085159e-02 6.0128375363e-05 2.9106801167e-02 5.0517325016e-02 -1.1836995656e-01 1.4945642447e-01 5.0176860295e-02 -1.8940264436e-01 4.0744506039e-02 5.2210810498e-02
-9.7110414918e-02 3.4465666174e-02 -1.6408065816e-01 2.1468877342e-02 6.1966636827e-02 1.4102155270e-01 7.5024417466e-02 8.5320305978e-02 -1.1262843005e-01 7.5418496743e-02 1.5072415899e-01 6.7985615435e-02 -7.4862288967e-02 3.0933627446e-02 7.4393250111e-02 -1.1876855232e-03 1.4404882902e-01 2.3902716950e-02 -1.4627355066e-01 9.0175444389e-02 -3.6915148272e-01 -3.2316793937e-02 -3.6967014092e-03 1.6432150847e-01 -8.9526589011e-02 -1.5487381864e-01 -1.5189542318e-01 4.8276611336e-02 -3.0348282174e-01 -1.0975686232e-01 7.2885616195e-02 3.8035088211e-02 -9.8533605727e-03 3.0093209986e-02 -9.2197497390e-02 1.7981378813e-01 1.0377462618e-01 -9.3869658402e-02 -1.2991932994e-02 1.2232454357e-01 1.8161966132e-02 -7.3812919022e-02 -1.2735614404e-01 -9.6524318638e-02 2.8576357003e-02 1.0642541232e-01 -1.4681730003e-01 -7.2503907256e-02 9.5303701327e-03 1.8979126828e-01 3.5091183477e-02 3.0807167470e-02 6.4358730376e-03 3.2250087517e-02 6.2158245254e-02 -1.0621172071e-01 1.1735920947e-01 -9.6129334059e-03 8.1858554867e-02 2.6575193383e-02 2.0328132525e-01 -4.4434221464e-02
-8.9718178578e-02 1.2149798961e-01 -1.0878869932e-01 1.1403066584e-01 3.7716695610e-02 -1.5167396006e-01 -8.1512103660e-02 -3.6811099908e-02 6.4885058283e-02 -6.1275152878e-03 7.5425599715e-02 3.8161011202e-03 1.2040976725e-01 -2.2967063715e-02 6.9889247772e-02 2.5309950395e-03 9.7846502742e-02 1.8381700284e-01 6.3943540132e-02 -2.7623240301e-02 4.2580823295e-02 4.4613620709e-04 3.3552514494e-03 4.1658260321e-02 -5.2522109954e-02 7.1092733169e-02 7.9219709966e-02 -1.1100530972e-01 2.6134311260e-02 -3.4074274815e-02 -1.6060847160e-01 9.8767964369e-03 1.0103869100e-01 4.4854058603e-02 -1.2722129889e-02 4.8106695327e-02 -6.4348372652e-01 1.6557742889e-01 -4.9640016262e-02 4.7175414527e-02 -9.6214074405e-02 -1.9986422996e-01 -6.1118716018e-02 1.1030033982e-01 -1.6359783722e-01 -4.7588632906e-02 -4.2594275963e-02 -5.6229044610e-02 1.3604928510e-01 -4.6941207502e-02 -2.0894763627e-01 -3.6286871001e-02 -1.7598994398e-02 -2.2110845096e-01 -3.5444210947e-02 -5.6576390534e-02 -2.1125804948e-02 -6.1244328779e-02 4.3766331934e-02 -2.3431093490e-02 -1.2935086989e-03 8.8809829202e-03
-2.0174060717e-01 6.5880525836e-04 -3.3337267439e-02 -6.2434296639e-02 -5.8288250834e-03 2.1405154362e-01 -1.9043340025e-01 -2.3673273457e-01 -9.1007670607e-02 9.2589634602e-04 -6.7362957073e-03 -1.7497053720e-02 -3.9043979916e-02 -1.1438389143e-01 -8.6093466231e-02 1.2139554444e-01 -3.0318439841e-02 -1.2985645179e-01 -3.7704862987e-03 7.2802986409e-02 -1.9582077574e-01 -1.0073004880e-01 4.0802047459e-02 -2.2894369131e-01 8.5795844290e-02 -2.1392582623e-01 -5.9581675423e-03 -5.0732398274e-02 -7.1469577776e-02 7.7799300516e-02 5.2981868079e-02 -1.5058436882e-01 -1.0567902632e-01 2.0584222017e-01 3.8785039015e-02 1.2293445099e-01 6.3157283118e-02 -5.5235146289e-02 2.5108286550e-01 -1.2505491787e-01 -1.2462069637e-01 2.0431241124e-01 1.4807019639e-02 1.5035223680e-01 -1.7873097782e-02 -1.2030755807e-01 -4.1026855785e-02 3.0494619780e-01 -5.5724493979e-03 -2.0600691599e-02 2.0255583551e-01 -1.4407200716e-01 1.4828629689e-01 -5.0549144041e-02 1.5989415384e-01 1.3164443594e-01 1.5953236706e-01 -2.0754226428e-02 -6.0647161213e-02 1.3706482729e-02 -1.0733213152e-01 -7.6668562337e-02
1.9166700981e-02 1.4555425430e-01 2.2665842128e-02 6.9905447349e-02 -1.5947662594e-03 -8.0536383185e-02 -7.4165840948e-02 -1.0614306193e-02 -7.8357202319e-02 1.3964407384e-02 2.2953748467e-01 -1.1592687342e-01 1.9272814220e-01 -1.1798186341e-01 -6.8377712767e-02 -6.3216508034e-02 2.2994910047e-02 -6.4908494335e-02 -1.0635947872e-01 -2.6337496769e-01 -1.5735482252e-01 -2.0727937737e-02 -1.8055278986e-01 -2.5323336953e-02 -1.4003389732e-01 1.4472198136e-01 9.6690747476e-02 -2.0312684191e-01 -6.7267340976e-02 8.4465374849e-02 8.5388399198e-03 -1.1576377145e-01 -7.1624810548e-02 9.3361095263e-02 4.2185208862e-02 1.0881108837e-01 -1.5554121248e-01 5.8765216073e-02 -2.1283336313e-01 -6.5930564603e-02 -1.3877188388e-01 -1.9258639445e-01 3.8743279566e-02 2.4937474525e-02 -4.5369954039e-02 -4.2976839488e-02 -1.2831961932e-01 7.4670704390e-02 4.8159280718e-02 -9.1503423293e-02 -1.0247829354e-02 1.0695514037e-01 3.8301560986e-02 5.9907101493e-02 -2.5455756600e-02 1.3075088187e-01 1.1568635679e-01 -7.6830278048e-02 -1.1085510040e-01 3.6486453338e-02 -6.9536584184e-03 5.9463595737e-03
6.1763446716e-02 2.1106337149e-01 -1.4902761895e-02 -1.0161995397e-01 2.7953078594e-01 3.0168661147e-02 2.3141381039e-01 2.0223107357e-01 -3.2614610046e-01 -1.4984469750e-01 1.3641792301e-01 -1.2375261996e-02 1.5923860351e-01 5.7252284127e-02 1.0818278197e-01 -1.3163572241e-01 -7.9524140742e-03 9.0294673137e-03 -5.7557085368e-02 -9.0008098323e-02 -2.5418842135e-02 -2.6768980028e-02 -5.6861498215e-02 4.8314535127e-01 -1.6190615989e-01 1.5898298065e-03 -1.6466296419e-01 1.8114709915e-01 -4.2375296860e-01 6.1656884810e-02 8.4791318605e-02 1.9229781221e-01 2.5541363278e-01 -2.0184532856e-01 3.4059357134e-02 2.4473076630e-01 -4.4155787696e-03 -2.2732225365e-01 -1.3462943290e-01 -3.8057526078e-01 2.4948302392e-01 4.4304552232e-02 -3.6233003925e-01 -5.7367692993e-02 1.5115143449e-01 -2.5281591894e-02 1.0428685758e-02 -7.4456662051e-02 -7.3081471731e-02 9.5253848752e-02 -6.9671390062e-02 -4.5960695371e-02 -1.9307648647e-02 -2.0827756824e-01 -7.0318674135e-02 -7.5585109163e-02 -3.6090469013e-02 -1.0538373938e-01 1.3554001102e-01 -8.4859823885e-02 1.9819979489e-01 -1.7131710993e-01
4.2687988754e-02 1.1776258860e-01 -4.2670783524e-01 1.9926663242e-01 2.3657974024e-01 -1.7966325524e-01 2.8267156897e-01 -2.2339712342e-01 -3.8080378083e-01 -1.3971888515e-01 -1.1087605394e-01 -1.9366045548e-02 -1.3202394902e-01 1.5610843966e-01 4.4239364406e-01 -2.7927001922e-01 2.3642461856e-01 3.0712642828e-01 3.9672371152e-01 -2.3275984425e-01 2.7702092005e-01 2.0586486653e-02 -2.9143720257e-02 1.7718243561e-01 2.0971375218e-01 4.3254425531e-02 2.1782083905e-01 -1.9821827570e-01 2.6191072559e-02 -8.9906925646e-02 -2.9787116330e-01 3.8288457010e-01 3.1959179840e-01 -1.5204687905e-01 3.3554238796e-01 2.9354692072e-01 2.8964248169e-01 -2.5927532214e-01 -8.9748592187e-02 3.4091688001e-01 3.5959061200e-01 3.4412939542e-01 -5.0707311649e-01 -3.2034304257e-01 5.3230023338e-01 1.3049184137e-01 4.8738629709e-02 -9.9157127652e-02 1.0883578707e-01 8.6890974744e-02 -2.4525445883e-01 -1.6213643748e-01 -1.7056376217e-02 -2.8412473849e-01 -3.7319276027e-02 -2.6638625768e-01 -1.0226955119e-01 -2.6915312169e-01 4.4330010776e-01 -3.3935451409e-01 2.9460933595e-01 -2.0720459320e-01
-2.2753620056e-01 7.0524632943e-02 -1.2401640960e-01 1.0185717082e-01 -1.8303497615e-01 3.8264576918e-02 9.8291701019e-02 6.1719774352e-02 1.7884061750e-01 8.5672007303e-02 -3.5061836552e-02 7.6570314701e-02 2.4841902988e-02 -1.7626631104e-02 -2.1422056409e-01 1.0100168477e-01 -1.8585742825e-01 -1.4110917621e-02 2.1127806586e-01 1.1006961521e-01 1.1559051415e-01 3.9616417996e-02 1.2871477051e-01 8.8363706538e-02 2.5247508832e-02 3.8925248118e-02 -1.7653659460e-01 1.4016087312e-01 -2.7729738736e-02 9.4780648617e-02 1.3574331785e-01 2.3503912410e-02 -9.7404445305e-02 -1.3279940066e-01 1.0962676030e-01 -1.8495765374e-01 5.4817302146e-02 1.0810840148e-01 2.0462083966e-01 -3.6126250622e-01 1.9784071978e-01 3.8435259344e-03 -3.3900806779e-02 -6.6809177724e-03 -6.0366009973e-02 -2.5315319860e-02 -7.3497125478e-02 7.1921771394e-02 -2.5379234081e-01 8.6782115066e-02 -5.2981895853e-02 -1.4715673333e-01 3.3137612705e-02 2.6642374194e-02 7.7727326860e-04 5.1440391224e-02 -1.4105878558e-01 4.7023060911e-02 1.6974253487e-01 1.4243167934e-01 -7.6409859788e-02 -8.5695821222e-02
2.0031541288e-02 1.2971194145e-01 1.4247372723e-03 1.8222979194e-01 -1.5832452851e-02 -1.7311542529e-02 -4.2051896136e-02 -3.5251000182e-02 1.1221350683e-01 -7.0700592830e-02 -5.5802396483e-02 2.2538666071e-01 1.7361819326e-01 9.3223314094e-02 1.3777465504e-01 -5.6740469228e-02 -4.0522246363e-02 -4.2933643434e-03 -6.7337126340e-02 1.6374884435e-02 1.1002800735e-02 1.2368077501e-01 -1.2064270857e-03 -8.2056544647e-02 -8.7050006595e-02 5.9665551239e-02 -5.8657895231e-02 -7.7557336788e-02 7.4178791972e-02 9.8495028561e-02 -4.3898788029e-02 -3.1766858048e-02 7.8194502279e-02 -8.4492112253e-02 6.5188852298e-02 8.9874883883e-02 1.8081073384e-01 -7.3933617033e-03 -2.3205715711e-01 6.7716860322e-02 1.8334054748e-01 -2.6770629991e-02 -1.5499933262e-01 -5.3430741265e-03 -1.5588906898e-01 -6.8052989840e-02 -1.2128974192e-02 7.1771628720e-02 6.8303768663e-02 1.4920119996e-01 -6.1135267909e-02 -7.9906886822e-02 -1.2988269851e-01 -3.2945478881e-02 -7.9826184255e-02 8.8157006995e-02 5.0330211572e-02 2.6190331655e-02 -7.7556425903e-03 1.3600627525e-02 1.7014263533e-01 -1.4426233979e-01
-2.2989855330e-01 -8.2964505910e-02 1.3267939724e-01 1.5553226563e-01 -4.1263059972e-02 -5.2412687521e-02 9.9218879465e-02 -8.9598692419e-02 7.6345015875e-02 4.1943823696e-01 -2.9432877989e-03 2.2870456479e-01 -1.5631346156e-01 6.1828578408e-02 2.3870779290e-01 -4.3769872529e-02 -1.2277349488e-01 -1.9053090060e-01 1.1025525657e-01 -2.6779319491e-01 -1.2276543213e-01 -1.0698593691e-01 -2.1746841306e-01 -3.9477100678e-01 -1.2546533483e-01 -3.5841639375e-02 1.1756356961e-01 -4.2929091165e-01 -2.8490794918e-02 -2.5982764704e-02 -3.8936696747e-02 6.4080480731e-03 -2.2770018124e-01 1.1185045252e-02 3.2916050224e-01 3.8698512742e-01 3.2626530208e-01 -2.8742844708e-01 2.4555775211e-02 3.4828612131e-01 -8.6882208775e-02 1.7988976141e-01 -8.7378619152e-02 2.4707890959e-02 1.9616276914e-01 -1.6300047509e-01 1.5829386836e-01 5.4962138649e-02 1.6758937787e-01 -3.8161217419e-02 8.2402179764e-02 1.5866745413e-01 2.3608369007e-01 3.5451030387e-01 -6.1619482010e-02 -2.2528858326e-02 1.4968025089e-01 -8.3994877657e-02 -2.6954040529e-02 -2.0463069743e-02 -2.7581998031e-02 -2.5231447633e-02
-3.6919965227e-02 -3.2861962765e-02 -8.7168372103e-02 2.5447759724e-01 1.8990607857e-01 -1.4837343095e-01 1.5520511304e-01 2.8986065153e-02 1.5650325230e-01 6.2496269261e-02 -4.0123366526e-02 -1.5601956236e-02 2.6334678695e-02 -1.0318388028e-01 1.0819841475e-01 3.5179785272e-02 1.1413194462e-02 -1.0672701359e-01 2.5117017067e-02 -1.3625113756e-02 8.3064552234e-02 8.6954398119e-02 1.6000346166e-01 3.3156712549e-02 4.6177647351e-02 5.2994610149e-02 4.4978215277e-02 -2.7859118182e-03 1.1283129371e-02 -1.3275581137e-01 3.6688794705e-02 8.5602561508e-02 5.1631206495e-02 6.7895640217e-02 -3.0689206922e-02 1.0914188788e-01 -1.5050028172e-01 1.3326100801e-01 4.8003970673e-02 -8.1784367887e-02 -3.3493791684e-02 -1.3865620624e-01 -5.8678160893e-02 -4.0313641364e-02 -8.2301336964e-02 -6.5407057328e-02 -1.5213393207e-01 -6.8575944888e-02 5.1925463298e-02 6.9819620245e-02 -7.8825469345e-02 -7.5045856618e-02 -3.0938477005e-02 -1.1526170670e-01 8.8491877207e-02 -7.0123588231e-02 -3.0770981276e-02 -9.9852490309e-02 -6.6067054471e-02 1.5139966839e-02 1.1350253115e-01 -7.9681471666e-02
1.0440326739e-01 7.2529192553e-02 -4.5188587537e-02 1.1712713064e-01 4.7787992432e-02 -1.7831077804e-01 2.0219773183e-01 1.7611684853e-01 9.6124684618e-02 -1.2435845656e-01 -1.6649508165e-01 5.3493302228e-02 1.0651491012e-01 8.3386408160e-03 3.3966687526e-02 -4.0464260119e-02 3.4664647866e-02 6.5250783465e-02 1.5793834804e-01 -3.2851972362e-02 6.4783073385e-02 2.0591785125e-01 1.5197282604e-01 -8.3961769061e-02 -1.5379467366e-01 6.9454894864e-02 -1.0567089432e-01 6.4940771049e-02 -2.7471272345e-01 -9.7212585392e-02 -1.5312494660e-01 -1.5155226897e-02 1.2793514309e-01 -5.8820837119e-02 -1.3011662520e-03 -1.5442582285e-01 -3.5249135082e-01 -4.0472544196e-03 -3.1620404168e-01 -6.4309217996e-02 6.9939203735e-02 -2.1370718166e-01 -6.1268192828e-02 -7.8653043815e-02 -9.3027190231e-02 1.5637508006e-01 7.3559746549e-02 -1.3657645661e-01 -8.8073645213e-02 -1.4278982881e-01 -5.8408744513e-02 -1.9920730709e-01 -2.2246659083e-01 7.7919406661e-03 -1.6251174693e-01 -1.1838534297e-01 -1.4576180737e-01 -1.6807067356e-03 -1.4101361522e-02 -2.8242165028e-02 7.0457877194e-02 -1.6169096821e-01
