-1.6368166031e+00
-6.8360679781e-01
1.1781368929e+00
5.3214347664e-01
-8.4692684106e-01
3.4602584798e+00
1.2983548787e+00
2.8049728935e-01
1.2138437899e+00
-1.0053177437e+00
-1.2431778617e+00
-9.6411579285e-02
-7.8047498690e-01
5.6745326313e-01
-6.6522636003e-01
-1.0704370927e-01
-9.1936944295e-01
8.1513565398e-01
6.0285974313e-02
-7.1132471171e-01
-3.8000377422e-01
-2.5936660787e-02
1.5286356005e+00
-2.2259134831e-02
-1.6604540365e-01
1.0429001192e-01
-6.4001279424e-01
-1.6591102355e+00
-2.9030652298e-01
-9.9653855904e-01
7.1941373377e-01
6.2850742510e-01
1.2116423029e+00
-1.1548089237e-01
5.3852654895e-01
-1.2816160542e+00
1.1359339343e+00
-4.3912092390e-01
-3.3784549428e-01
-7.5530956117e-01
1.4718791492e-01
-7.0220242274e-01
6.2842297519e-02
-7.0727023596e-01
2.1775914817e-01
-7.2360556506e-01
2.4468011363e+00
3.9981223655e-01
