-1.0400350045e-02 2.3460921582e-01 -1.0811903780e-01 -9.0992246353e-02 -1.1909607813e-02 6.5062924570e-03 6.7350426254e-02 -1.5914552377e-01 -9.1727853280e-02 -4.0346336736e-02 -2.9007696655e-02 1.9665057821e-01 9.0743041589e-02 -7.4052149731e-02 -2.3303180458e-02 1.3333462275e-01 5.4595943778e-02 6.0911694807e-02 -1.3714979169e-01 3.6626504574e-01 -9.6874178866e-03 3.4614588453e-02 -1.6921348751e-01 -5.8856595989e-02 -1.4721888619e-01 -1.9869223126e-01 1.3920604755e-01 1.7804429502e-01 1.5303392574e-02
1.5729874404e-01 -2.1023103925e-01 -3.1676866620e-01 -3.3601577359e-01 -2.3673014441e-01 -2.9257868119e-02 -1.0001079297e-01 1.4233294321e-01 6.1838075723e-03 3.5762004413e-01 1.9521139134e-01 3.8611802899e-04 -2.0004320239e-02 -1.3472020129e-01 1.1095312319e-01 1.7941684832e-01 2.8188404364e-01 9.1662780058e-02 6.7988051521e-02 -1.4794466460e-01 8.8844845137e-02 1.3490828754e-03 -1.1754785565e-01 -2.0827899883e-01 2.6019238201e-01 6.3021168965e-02 1.1836307796e-01 1.6927924013e-02 2.7868460641e-01
2.7540044473e-01 2.0054145409e-01 -4.4212872408e-01 2.0340803990e-01 2.9137680492e-01 -3.0594685959e-01 1.0442587001e-01 -2.7397151896e-01 4.1112713606e-01 1.9496568530e-01 -1.7664973389e-01 -1.0803821041e-01 3.0331523341e-03 4.2395291555e-01 -3.1734025891e-01 -1.3509933699e-03 6.3869640325e-02 3.2907023632e-02 5.9305731637e-02 1.2735775165e-02 -1.1280707200e-01 -1.7468509835e-01 -2.2477724138e-01 7.3324089168e-02 3.0692056018e-01 3.7705070481e-02 -1.2351696726e-01 2.1852844327e-01 2.9073876883e-02
-3.0013228244e-01 -2.3309399069e-01 3.2329912396e-02 3.8463257587e-01 4.1906107319e-01 -6.1491299631e-02 3.1518291087e-01 -2.6534626131e-01 1.4161316288e-02 -1.2196725947e-01 1.4933414230e-01 -4.3548208756e-01 3.3866511479e-01 1.1646560053e-01 -3.5275151184e-01 -2.8026301922e-01 4.4675736786e-01 -1.5011112503e-01 -1.8687786733e-03 6.3846166177e-02 2.3813444895e-01 -1.6042925281e-01 -2.4918151475e-01 4.3757353882e-01 -2.1619036743e-01 3.6374557339e-01 -9.8242211508e-02 1.4667403969e-01 -3.2673658037e-03
-1.7286814105e-01 -3.0706979721e-01 6.1794457441e-01 -5.8581568866e-02 -1.2470538061e-01 3.0687121302e-01 -4.5169187763e-01 4.1927960396e-01 -6.9494722021e-01 -3.9563927247e-01 -6.8682634133e-02 1.8371287352e-01 -2.8783049076e-01 -3.1883612317e-01 3.2878395198e-01 1.3444905971e-01 -8.0143452608e-02 -1.6180723478e-02 -3.8420761365e-01 -2.0244808623e-01 4.0253506617e-04 2.8396467077e-01 4.0148709848e-01 -2.5310673788e-01 -1.4295690108e-01 -2.2219717026e-01 1.8616231430e-01 -3.4734989481e-01 -3.0634082861e-01
-1.3249146093e-01 -1.9150411654e-02 -1.7657768449e-01 -6.2737165320e-02 1.1694419489e-02 -9.0004412927e-02 -3.1513343537e-02 -1.8853475172e-02 -8.3511323575e-02 2.1146064888e-01 8.0035958575e-02 5.1136035494e-02 1.2921770972e-01 -1.4698414909e-01 4.0473768393e-02 1.1436249553e-01 2.2976314969e-01 -9.6537037166e-02 -1.0891441041e-01 2.4918896340e-01 -1.6590830239e-01 -1.4233650296e-01 7.0701773368e-03 -2.0538412338e-01 7.8042336446e-02 -3.0692946532e-02 -2.5068779355e-01 1.4576234072e-01 3.6543854398e-02
2.6561535596e-01 8.9417437541e-02 -2.1156068088e-01 -1.5015439218e-01 -5.0775415084e-02 -1.2023333196e-01 1.6622314177e-01 -1.8219876929e-01 1.4897059798e-01 2.3381543299e-02 3.5797966613e-01 -2.1052268070e-01 3.1854663283e-02 2.4032396616e-01 1.2268365696e-01 -1.1338927923e-01 4.8113253900e-02 3.1511037732e-01 3.2410256752e-01 -2.1193305043e-02 -8.9055192592e-02 -1.7397182165e-01 -6.6082764881e-02 1.3085791500e-02 1.7084936148e-01 2.1449576358e-01 5.6350170666e-02 -6.0327199153e-02 3.7600525681e-01
1.3621912628e-01 1.2103364934e-01 -3.7551827588e-01 -5.4058023230e-02 2.0852640611e-01 6.3416822134e-02 -2.9972853287e-02 3.6289935089e-01 1.0238850339e-01 2.6042340103e-01 -1.9351754361e-01 2.8572580511e-01 -6.0058128176e-02 7.7325151903e-02 1.2775118803e-01 2.4606562141e-01 -1.9588561676e-01 1.0962647185e-01 -1.3596853548e-01 1.7281772325e-01 -2.9547445122e-01 3.1429024312e-01 1.3322083914e-01 -2.0349519596e-01 1.2772499736e-01 -2.6350099342e-01 6.2429331004e-02 2.7622386247e-01 -3.5144350134e-01
2.5614414531e-01 1.1372130216e-01 -4.9189846875e-01 -1.3748335151e-02 2.8946881309e-01 -2.4229948087e-01 -1.3806087043e-01 -2.3519754004e-01 -2.0527177287e-01 1.1986029354e-01 4.9759547064e-02 1.5670155080e-01 -9.0627289621e-03 1.5868571425e-01 9.8393591688e-02 3.8740181013e-01 -3.5109731711e-02 2.8605014087e-01 -2.9659187503e-01 3.5885277373e-01 -4.1314289216e-01 -4.4398188619e-02 -2.9467696708e-01 -1.8918088547e-01 2.9863741729e-01 -1.4115258338e-01 1.0937701190e-01 2.6093631241e-01 3.6232381576e-02
1.4023768674e-01 1.9517314497e-01 -2.4525247782e-02 2.5063141401e-01 -1.8882201698e-01 -5.7597532234e-01 1.4447112409e-01 -1.1423668618e-01 4.4265294636e-02 -1.1029545517e-01 1.4629595722e-01 8.2274969980e-02 -5.3650712877e-02 9.8692045634e-02 3.8658151155e-02 -1.7469619441e-01 -3.3512510077e-02 -4.8351755072e-02 1.4177359996e-01 -1.8188515557e-01 3.3878400639e-01 -4.3248394988e-02 1.2290864767e-01 -6.2396802345e-02 3.0169926724e-01 1.8182907880e-01 -2.2382911926e-01 3.9024549186e-01 -2.0206378282e-01
-1.2256261271e-01 2.3701782811e-01 1.8429404728e-04 1.0770230136e-01 -4.3187021194e-01 7.7699391364e-02 7.5602462247e-01 7.8980003982e-02 3.9905055840e-01 -2.2957811865e-02 5.5090089641e-01 -7.1901975762e-02 -3.1576566003e-01 -2.8264882715e-01 -5.1236760632e-01 -3.0892919406e-01 -2.9386763127e-01 1.0778322875e-01 4.4767484140e-01 -6.1730219323e-01 2.1130890688e-02 -9.8855136165e-02 -2.5850632173e-01 -7.0332079356e-02 3.4538147982e-01 1.6418535710e-01 1.6667646906e-01 -4.8183436845e-01 3.2476105914e-01
-1.5995318529e-01 -3.8535570344e-01 2.0612574740e-01 -4.4887861557e-01 1.0476167437e-01 -7.7297122541e-03 -2.0769867652e-01 2.1216191769e-01 -1.0150571167e-01 -9.9456385851e-02 -4.8206813709e-01 -3.8206365451e-02 3.4534855307e-01 1.8276152700e-01 3.1681215236e-01 -1.1972669019e-01 -7.6016438060e-02 -1.4229779372e-01 1.8318407115e-01 9.8688980609e-03 -1.8848610962e-01 2.1963502770e-01 -2.5790199646e-01 -2.1551530734e-01 -2.7566748001e-01 -2.7633940619e-01 5.9040709966e-01 -3.1241011509e-02 2.6634394367e-02
-3.3510840035e-02 2.1090847356e-01 1.1896494261e-01 9.6143647487e-02 -3.1894243883e-02 2.9091187503e-02 3.7742842119e-01 1.3221231864e-03 3.6094371052e-01 -7.5652815072e-02 -9.4341371875e-02 2.5853212764e-01 3.1391424039e-01 -8.7484236102e-02 9.0101500334e-02 6.3837682190e-02 -1.2417581487e-01 -1.4129661301e-01 1.8851913817e-01 -8.3497371931e-02 3.1226906045e-02 -4.4238948497e-01 -1.9147623804e-01 4.6733775359e-04 2.8676939348e-01 1.2891178574e-01 -2.9425179669e-01 -1.8617382126e-01 1.8784026801e-01
