-5.9923722411e-01
-2.4177713185e-01
-1.0549256707e+00
-2.0655985432e-01
1.4806407038e+00
9.1055649488e-01
-2.7611721929e-01
-8.2810833874e-03
-1.2966867880e+00
2.1954174763e-01
-9.8934584051e-01
-1.1454589888e+00
-1.0831029822e+00
-5.5359140673e-01
-1.2573333461e+00
-7.4579809080e-01
2.9765552517e-01
9.3723308389e-02
-8.2503442313e-01
3.8160835469e-01
7.9056665931e-01
-3.6988673356e-01
-5.1847639709e-01
2.4504773469e-01
1.1688531026e+00
6.4691531089e-02
-2.7724580802e-01
-6.3385757707e-01
-1.4167606129e+00
1.2359779345e+00
-9.3001781774e-01
8.2795178098e-01
7.2063808405e-02
1.1143704156e-01
1.0064720091e+00
-9.5446726374e-01
1.9758454639e+00
2.4127085223e+00
2.2194787254e+00
8.9795048515e-01
8.2040214808e-01
3.5179512073e-01
-1.5160852866e+00
-1.5424061117e-01
1.1778502919e+00
-1.1908459946e+00
-2.6722218180e+00
-6.4447550449e-01
-2.6232876510e-01
7.9972848436e-01
-6.9694374105e-01
-1.2201507548e+00
-2.0825647911e+00
1.1645116422e+00
-8.6167752172e-01
