-1.0949364827e-01
1.8008237494e-01
-1.4144123197e+00
-5.1907209945e-02
-6.0310439206e-01
-1.8942888057e+00
1.5332194550e+00
2.9398862238e-01
9.8378353559e-01
-1.3330809635e+00
-1.5999480980e-01
2.3647202772e-01
7.5133477540e-01
-2.8022780472e-01
-7.8291036528e-01
-1.8040564610e-01
-2.2942176912e+00
6.0335777668e-01
3.0300294418e-01
-8.6562024091e-01
-3.4068064205e-01
-3.9524113343e-01
-4.0964335678e-01
1.0160164182e+00
-6.5211827100e-01
4.8411537668e-01
2.3987360710e-01
2.9579498329e-01
-1.6647545700e+00
8.2545237995e-01
1.2294128944e+00
1.2260230699e-01
4.0160461450e-01
-1.6020066289e+00
-4.2478353461e-01
9.5111328053e-01
-1.2364834205e+00
-3.7421275461e-01
3.1037006991e-01
8.3694910148e-01
-1.4819350349e-01
-1.2488453991e-01
1.6114278046e+00
3.7991802486e-01
-2.3454320759e+00
-1.0849824699e+00
1.1643764968e+00
1.1368253865e+00
-9.0609056852e-01
6.9704239778e-03
-1.4198630997e+00
1.0972858286e+00
1.1714314234e-01
-6.9641587501e-01
9.4324428866e-01
2.7391017911e-01
-2.3215943962e-01
2.6076443695e-01
-1.2658352643e-01
-1.0727170392e+00
