-3.2706472412e-01
-3.5509239432e-01
-4.2528780869e-01
1.4260720798e-01
4.5047457156e-01
1.0006218899e+00
1.2525541599e+00
-8.3559866036e-01
-1.9373679188e-01
5.7905979861e-01
-7.4923098231e-01
-1.1835785253e+00
-4.3912183702e-01
-1.2653807249e+00
-1.9456594240e+00
2.2329974803e-02
8.7474103439e-02
-1.8913114813e+00
-1.5864512363e-01
-3.5649897698e-01
1.7124425501e+00
-1.0523316382e+00
-4.1753008189e-01
1.1145530644e-01
-2.4317972111e-02
2.1042245331e+00
-8.3627782671e-01
-3.0619506535e-01
2.9070109163e-01
-2.6245449157e-01
