-5.9906461414e-01
4.6922594292e-01
8.3171375869e-02
-1.3698727861e-01
2.8730770757e-01
-5.8650405646e-01
1.2870302968e+00
-1.4565836093e-01
1.1502314863e+00
-5.5518223039e-01
-1.6700636734e+00
1.0546932685e+00
5.3870265913e-01
6.5432931502e-01
1.2594784869e+00
8.9126901963e-01
6.1029020693e-01
2.0782593140e-02
6.5188149157e-01
6.7643621674e-01
-7.1871001106e-01
2.2697130348e-01
-1.3106971194e+00
-5.8159060044e-01
2.8006442903e+00
6.0535390757e-02
4.8888615329e-01
-6.3680003704e-01
3.1998004050e-01
-6.1243991507e-01
-3.8941568985e-02
-1.6032736136e+00
2.9203348696e-01
-2.2593010531e+00
-2.7256811338e+00
7.8327271976e-01
1.0155785148e-01
3.2496571036e-01
-1.1807780251e-01
1.7901969053e+00
1.5727919864e+00
-1.6435390393e+00
6.7556639966e-01
-1.4251662251e+00
-1.7248896972e+00
3.8127629331e-01
-6.6340476432e-01
-4.4137423384e-01
5.8744882904e-01
-9.3486591045e-02
1.0330517769e+00
-1.2727363376e+00
1.4554900916e+00
6.5840749904e-01
6.2223858633e-01
1.2036204346e+00
-5.8402572122e-01
-1.1310356089e+00
-9.2020857673e-01
-3.8969443503e-02
-9.1378760910e-01
7.7936154732e-01
-1.0059693804e+00
1.4252435590e+00
6.3510335118e-01
6.6517524150e-01
-1.1324620927e+00
-2.1312894266e+00
9.2002295288e-02
1.8872552984e-01
-8.4578733141e-02
1.0179867419e+00
6.3576949813e-01
3.7461849488e-01
3.6830070020e-01
3.6249079959e-01
-3.8034365106e-01
6.3515406973e-01
7.8778276595e-01
-4.6494047188e-01
1.2770144756e+00
-1.4176215859e+00
-2.7702325092e-01
-1.8593752726e+00
1.3458004486e+00
