-1.3428096057e+00
6.2126562092e-01
1.8711754108e+00
-1.4664577247e+00
1.7204212697e+00
-4.1954537392e-01
-7.5375454699e-02
1.0606353697e+00
1.7744706364e-01
-1.2248561151e+00
1.0934540804e+00
-8.8575562268e-02
8.3219842451e-01
3.5608228956e-01
9.3976490720e-01
-9.8244481415e-01
-5.4131461280e-01
-2.3213905253e-01
2.6561638401e-01
-1.0541011423e+00
2.5179796876e-01
3.4458681458e-01
-1.4470895945e-01
-7.6933836172e-01
-7.0369782576e-01
-1.0041499840e-01
2.6968786305e-02
-1.6950674131e+00
-5.5981255140e-01
-1.5772508402e-01
-5.4092732124e-02
-1.2033221957e+00
8.4000979574e-01
5.5183312005e-01
-7.8071362961e-01
4.2401178190e-02
1.0091023338e+00
2.1691600614e+00
-6.9268196407e-01
8.4787539565e-01
-3.8094827421e-01
1.4703938633e-01
1.3215138538e-01
-1.4990481850e-01
9.9935044332e-01
9.1755491022e-01
4.4335679686e-01
-5.0741722371e-01
2.8815623492e-01
-2.4621371511e-01
-1.0165050905e+00
7.2918831512e-01
-1.2509808443e+00
-3.3670964787e-01
8.1802249444e-01
-4.0106550506e-01
8.9352073575e-01
5.1014332516e-02
-3.6979188444e-01
-8.9786114454e-01
-8.9868953474e-01
3.2047148558e-01
-4.4113684059e-01
1.8924426374e+00
-2.3336085092e-01
7.4432271165e-01
-1.0065944031e+00
1.0345403055e+00
