-4.2082911294e-02 -5.9680703502e-02 -1.3678611365e-01 3.4488257602e-02 9.4592866337e-02 1.5592845442e-01 -5.5072991238e-02 3.6538951474e-02 1.0947043694e-01 2.0340566868e-01 4.3057575169e-02 -8.1486155126e-03 1.2174200467e-01
6.2363750176e-02 -7.5632411830e-03 2.9788182087e-02 -9.1763705613e-03 1.3317034661e-01 6.3274762162e-02 6.0251800725e-02 5.9401455835e-02 -3.9850074784e-02 4.0621975832e-01 9.1372194352e-02 2.8007866031e-01 4.7490393268e-02
2.9323508221e-01 -4.0846393012e-02 -9.5078208238e-02 4.4825158012e-02 -6.6887362550e-02 -1.8384403832e-01 -2.0316637277e-01 -4.8004576077e-01 1.3076252295e-01 -2.9290623970e-02 -1.1246537750e-01 -2.8806942954e-03 3.5921425427e-02
8.8676406124e-02 4.6156987778e-02 7.5693397570e-02 -2.8805201064e-02 1.5962114620e-01 -4.3546952707e-02 9.3525132555e-02 -3.7149156690e-02 -7.1754557808e-02 -1.0818625412e-01 2.5247103192e-02 -2.0051302651e-02 -7.6133412963e-02
1.9650342600e-01 7.2478212720e-03 1.3648123484e-01 -6.9331634244e-02 2.2381819904e-01 3.1638735442e-02 1.1419096711e-01 -1.9436376750e-02 -9.6409068418e-02 2.1158599085e-02 -5.4855833163e-03 -2.1862877669e-03 2.0553099934e-03
1.1915119091e-01 9.1689936950e-02 1.0122630682e-01 1.5485041768e-02 1.7750940775e-01 -1.3214650960e-02 1.1104789903e-01 -7.0738091974e-02 -6.3688846565e-02 -5.9425207849e-03 -2.7990195838e-02 -1.9358484367e-02 -3.0932416622e-02
-5.2803391319e-01 6.7526041386e-02 -2.2231884075e-01 2.6952118520e-01 -2.9755863095e-01 4.9016232256e-02 -1.9467405456e-01 2.0807304851e-01 2.0118316543e-01 -9.6677758341e-03 -1.3536784349e-02 -8.7772531749e-03 -1.0602847575e-02
-5.5596546679e-01 -7.2204721931e-02 -4.3437579686e-01 1.9183117657e-02 -3.3158602493e-01 -8.3014530231e-02 -2.5770695753e-01 1.3087436851e-01 2.9940595196e-01 -5.5220839412e-03 -9.5543696444e-03 2.4059727174e-02 5.2935133981e-02
-1.2174614932e-01 -6.4401702795e-02 -9.5608140535e-02 -1.7395312139e-02 -1.9347901946e-01 1.6022003839e-03 -1.1884160720e-01 8.1232335369e-02 5.3527227829e-02 -1.9712151651e-02 -1.8027722100e-03 -6.0173058201e-03 6.2127300465e-02
-1.0783136995e-01 -7.7748856081e-02 -8.2174798826e-02 -1.7479816714e-03 -1.8764079799e-01 1.4323394989e-02 -1.3087817828e-01 4.5218585830e-02 6.4637538085e-02 3.2209656928e-02 8.9454700157e-04 2.9682554989e-02 4.1005977476e-02
1.2377054983e-01 8.6902180290e-02 8.6966312426e-02 -2.3298705674e-03 1.7201120473e-01 -1.0231545660e-02 1.4498396529e-01 -5.9274965494e-02 -7.0305685106e-02 -8.1933655960e-03 -2.7792070502e-03 -1.3235835054e-02 -3.5668623672e-02
-5.0651048168e-01 -1.9858298372e-01 -4.7185821531e-01 -7.9707892214e-02 -4.3249052208e-01 -1.6033169390e-01 -2.6259580974e-01 6.0555491403e-02 3.2369799800e-01 1.4969304230e-02 -4.1733419913e-03 4.0905386521e-02 3.5642644936e-02
-6.9826504175e-04 -9.1869741497e-02 -8.5944487923e-02 -7.4440380983e-02 -1.2188713124e-01 -2.0640504877e-01 -1.1578393139e-01 -7.8727237271e-02 1.3021478236e-01 1.6532188211e-03 -2.6323162166e-02 4.9244026596e-02 -2.3517238156e-02
-1.3707135236e-01 1.6187749166e-01 1.4608766998e-01 8.6386324852e-02 -3.6488423427e-04 7.2585480096e-02 1.1536808521e-01 1.3557736241e-01 -1.1405419976e-01 -5.9811008573e-02 1.5528467885e-02 -7.2763449674e-04 -1.6622990327e-01
9.9327660772e-02 4.9290053615e-02 9.2620209043e-02 5.9558640408e-02 1.0976596274e-01 6.1961133701e-02 6.1311403194e-02 -1.6740293280e-02 -6.9454154587e-02 -3.1541352019e-02 1.6980686025e-02 -1.3138113249e-02 -1.2639309343e-02
-6.5139194814e-02 -5.1279611491e-02 -6.7515572131e-02 6.4364869182e-02 -8.9652612972e-02 4.0395080587e-02 -8.7737647883e-02 5.5794501048e-03 9.5908226241e-02 2.3806616443e-01 8.7748889950e-02 5.2566811037e-01 4.5817546360e-02
-1.3047913650e-01 -7.5864646094e-02 -1.7253022255e-01 3.6932447198e-02 -1.1013600252e-01 2.6534686287e-03 -8.3979663192e-02 -3.7268959041e-02 1.0246999538e-01 2.9797964522e-02 -9.3242124830e-02 -3.8419977146e-02 3.9291444535e-02
-1.3274520866e-01 7.9349217925e-02 -1.2618059828e-02 1.7226635898e-01 6.5237388252e-02 1.6947975611e-01 2.9954258959e-02 1.1015942418e-01 3.5725742166e-02 2.0586564578e-02 3.0538827854e-02 3.6914693651e-02 2.2833940487e-01
1.1081615917e-01 7.5999968812e-02 1.0740364981e-01 1.8349391740e-02 1.8286160791e-01 1.5436703838e-02 1.2133182378e-01 -8.0310950313e-02 -6.0211967847e-02 3.0843158281e-02 -4.1581695099e-03 -7.6928593223e-03 -4.8751060006e-02
1.6528687254e-01 6.1758364904e-02 1.7697968786e-01 -5.2543496667e-03 1.5357348767e-01 4.7635597204e-02 6.7786805254e-02 1.9020727108e-02 -9.8834369237e-02 -6.9939535394e-02 4.5606719985e-02 4.1434232385e-02 1.8444073465e-02
1.5532628331e-01 8.6157938858e-02 1.8022829068e-01 9.3261053662e-02 1.3045058377e-01 1.4127555604e-01 4.6138807901e-02 2.7820643441e-02 -6.9766174516e-02 2.4905549404e-02 6.2488717146e-02 1.4235618245e-01 8.0656300557e-02
1.0825921341e-01 8.4752209898e-02 1.1793082355e-01 7.8549628993e-02 1.8949085426e-01 1.0245935882e-01 7.2669571354e-02 1.7286590896e-02 -5.3543400849e-02 7.4771635759e-02 2.6814489373e-02 3.0661063566e-01 2.5247099885e-01
8.1658607086e-02 -4.9048761249e-02 1.7301192719e-01 1.3153499124e-01 -2.8777208418e-02 2.8789172010e-01 -3.7648710273e-02 1.0106209783e-01 1.0478648990e-02 5.0592604709e-02 1.2227333870e-01 9.3591503126e-02 1.5627553482e-01
1.3757953828e-01 8.2013761061e-02 1.0839361917e-01 2.6424914195e-03 1.7983864424e-01 1.5723415079e-02 9.7295954000e-02 -6.4966497360e-02 -6.3460858763e-02 8.6616290917e-03 8.4549144537e-03 -3.2449482768e-02 -2.7665594836e-02
-1.1663603673e-01 -8.9969562875e-02 -9.6716200917e-02 -4.4171618293e-02 -1.5663425232e-01 -4.2171728038e-02 -6.7243702146e-02 3.3690493655e-02 4.4522826797e-02 5.2199702097e-02 -7.6902874216e-03 -1.7562177333e-02 1.6228012343e-02
4.5726070833e-02 -1.7658891017e-01 -5.4820378301e-02 -8.6119924573e-02 -1.9342659707e-01 -1.6376781189e-01 -1.5908513252e-01 -4.0275463726e-02 1.3222426195e-01 -5.3914468732e-03 1.2611136637e-01 9.3542122903e-02 -3.1328388071e-02
-8.8162988572e-02 -7.9119939215e-02 -1.5378262221e-01 1.3284778146e-02 -6.1684238081e-02 -5.6093400896e-02 -1.0577225036e-01 -3.2068922491e-02 1.3864161031e-01 -1.6881894589e-01 8.8123425420e-04 -2.3208105566e-01 -1.6044269028e-02
-7.2580603124e-01 2.0794359644e-01 -3.4498015148e-01 2.0595169991e-01 -2.9731509520e-01 5.5916192956e-02 -2.2376642870e-01 3.4325852726e-01 2.7230528407e-01 8.0880197160e-03 2.9622134959e-02 -5.3140844872e-04 9.1279560115e-03
-1.8287831475e-03 2.0940889978e-02 1.1882285736e-01 -2.9469057767e-01 -1.1583918875e-01 -4.5175670283e-02 1.9877218670e-01 4.5420930816e-02 -1.3905198546e-01 1.7971049305e-02 8.7622931198e-02 7.1410619261e-02 -6.7708225432e-02
-7.0266380687e-02 -4.4849351492e-02 -6.4400726517e-02 4.3713323200e-04 -1.3840385769e-01 2.7587166901e-02 -7.2092975657e-02 2.0231882846e-02 6.6352331713e-02 -3.0500952646e-01 4.9077292717e-02 1.5506479380e-01 5.6105504783e-02
1.2688892455e-01 8.4471618394e-02 8.4671907758e-02 2.0611122012e-02 1.7804395979e-01 6.2023250849e-03 1.2264523458e-01 -7.1809791620e-02 -6.4903531310e-02 -2.9359264801e-03 -4.6396634824e-03 -1.9711995560e-02 -3.1420003320e-02
-1.6047622339e-02 -1.1747531312e-01 -1.4733611958e-01 -1.0472359972e-02 -1.7923750936e-02 -1.0876026328e-01 -1.5640866097e-01 -1.2075406085e-02 1.5852443505e-01 7.4724844092e-02 -3.3448444470e-02 -2.1806079827e-02 -2.9794847625e-02
1.1612022684e-01 8.0235635244e-02 9.1986792483e-02 2.7472382506e-03 1.7767398160e-01 3.5037660289e-03 1.3447513284e-01 -7.7944828350e-02 -8.1453262665e-02 -2.0762810698e-03 -7.6395731074e-03 -2.4872243514e-02 -4.1090346904e-02
9.4513629093e-03 -2.9970762447e-01 -2.3733690166e-01 -2.5853744715e-01 -5.1422175035e-01 -4.4014913948e-01 -3.4771261174e-01 -1.6493322571e-01 3.0559665698e-01 1.4220422888e-02 1.0784080458e-01 1.4555157583e-02 -5.1543184667e-02
1.2045198412e-01 7.9238083090e-02 1.0252164755e-01 2.7431917127e-02 1.7512913458e-01 2.2774787824e-02 1.1037910055e-01 -5.4015332166e-02 -6.8488697314e-02 6.2767147392e-03 -6.3325041367e-03 7.2724086343e-02 -6.9996918401e-02
-1.1777976032e-01 -7.6396326759e-02 -8.2076337486e-02 -2.2067959170e-02 -1.6739858181e-01 1.1912335478e-02 -8.9300249197e-02 7.1213606813e-02 5.6925877351e-02 -9.0265363605e-02 4.5107476631e-02 6.6859665270e-03 9.9021501125e-02
9.9205239254e-02 1.1751825472e-01 1.6171882833e-01 -9.6800796034e-02 1.6740933139e-01 9.2033463546e-02 1.3801156958e-01 9.1543572406e-02 -1.3188613121e-01 -2.3918090655e-02 6.4113373805e-02 3.9472249007e-02 -3.7944998318e-03
-6.9463392891e-02 8.3193513085e-02 3.6271473984e-02 -7.2868819321e-02 -1.5044147793e-01 -3.0721044935e-01 3.1776003284e-02 -5.0004937735e-02 -9.5437819226e-02 -1.4529045520e-01 -1.1805868012e-01 -1.2067635894e-01 -4.6242629178e-02
1.2441853994e-01 9.1527022833e-02 1.1437699817e-01 7.8362352297e-02 1.7481241272e-01 6.2751847622e-02 7.3349580207e-02 -3.0027669480e-02 -3.8002419547e-02 5.6558601773e-03 4.0431326519e-02 4.2047920643e-02 8.0406815663e-02
-6.4033239642e-02 -9.7072356164e-02 -7.9180425891e-02 5.2980168705e-02 -1.4549146985e-01 1.6570854036e-04 -1.6593992277e-01 5.5721040260e-02 1.2897574004e-01 4.5520142935e-02 6.5106655090e-03 -3.1400282257e-03 2.3622689811e-02
5.2113849723e-02 -1.3670604905e-01 -2.3031492697e-02 -1.8139511641e-01 -1.8009331927e-01 -2.4587970859e-01 -6.4998052518e-02 -8.8160461813e-02 7.8447968949e-02 -4.9739726673e-02 1.4490997035e-02 -2.0923940906e-02 -9.7006311516e-02
6.2400396799e-02 2.1410600749e-01 2.2977310906e-01 1.5465909208e-01 1.6472464015e-01 1.4920788451e-01 8.5697315522e-02 1.3109996105e-01 -1.2459669194e-01 3.3471636939e-02 1.7072012555e-02 5.2641020549e-02 -1.9729642305e-02
5.9132673523e-02 -1.1498943284e-01 -1.1438496992e-01 5.4309416311e-02 8.8528162685e-02 2.6510425190e-01 -1.0989016335e-01 1.5812257568e-02 1.9232781443e-01 1.9401771073e-01 1.3967982300e-01 2.0075834716e-01 1.4516067598e-01
-3.0571109772e-01 -6.9439252329e-03 -2.4243169569e-01 8.0545986792e-02 -1.6293285618e-01 -1.5424229042e-02 -1.0240639531e-01 7.9245779191e-02 9.1556684778e-02 2.5353570730e-02 -3.8223015543e-02 1.8141593235e-02 -1.3956132027e-02
9.8216314834e-02 9.5425524308e-02 1.5306989386e-01 2.9406236199e-02 1.1555753494e-01 8.1988597489e-02 1.2338952959e-01 3.9938645566e-05 -1.4922029030e-01 2.4475788975e-01 -1.7841742350e-02 9.8094197503e-02 -5.1696269453e-03
-1.2992628962e-01 -1.4625454461e-02 -7.5520467274e-02 -3.6697862231e-02 -1.4426713114e-01 -6.0077630131e-02 -3.5673226759e-02 3.8460073827e-02 2.0941337663e-02 -1.3136531822e-03 -8.2745850078e-02 -7.1435526001e-02 7.5272753408e-02
-1.1143466181e-01 -7.4148584889e-02 -8.7591832435e-02 -3.3928045683e-02 -1.7981594543e-01 -2.6324877270e-02 -1.1129263544e-01 7.2936911961e-02 6.0072873126e-02 -2.3384253434e-02 3.1492749804e-02 2.7654304147e-02 1.4974020602e-02
2.3261558934e-01 -3.0351290817e-02 1.0983121011e-01 1.4760833126e-02 6.1965011317e-02 -6.0676569798e-02 -8.2929658683e-02 -8.8652225341e-02 6.7852441898e-02 6.8336808877e-02 7.6422416096e-02 1.1288313409e-01 7.4281477433e-02
1.0025114223e-01 9.1777967412e-02 8.7764004314e-02 3.3353750298e-02 1.6712167446e-01 3.5439130611e-05 1.2258284338e-01 -6.1473566336e-02 -7.2333368822e-02 -4.4470501445e-03 -2.5809895896e-02 -1.8946001783e-02 -4.2784475562e-02
3.5012112104e-01 1.3386643106e-01 3.3291246832e-01 4.3202028993e-02 2.4565613412e-01 7.2874912735e-02 1.7999028668e-01 -1.1781047651e-01 -2.5378026689e-01 3.4475028252e-03 4.3381722610e-03 -1.2920236672e-02 -8.3681769525e-04
1.2720317311e-01 3.5904824323e-03 1.7012604122e-01 -7.9859686335e-02 1.0926776264e-01 1.7631791885e-01 1.5808066774e-01 4.4911150893e-02 -1.2999108416e-01 -1.8042605072e-02 -1.4672646827e-02 -1.1806026502e-01 6.1074880239e-02
1.9208663651e-01 1.1186600374e-02 5.5958939561e-02 1.0738034505e-01 8.5399618225e-02 -9.8979518507e-03 -1.8360844405e-01 -1.5161967063e-02 1.5985622507e-01 3.7453514952e-01 5.1075395062e-02 8.8817959039e-02 -1.1949437441e-01
-1.9167966814e-01 7.9722026841e-02 -5.0613287784e-02 1.2906010564e-01 -5.3633703085e-02 1.9441881127e-01 3.0223231090e-02 9.3217488979e-02 7.8078353322e-03 -2.1169932689e-02 -5.0240247350e-02 2.5065808448e-01 1.8689948235e-01
-1.2993879130e-01 -6.9841955346e-02 -9.1641475617e-02 -1.2983221821e-01 -1.8503171962e-01 -1.4829760568e-01 4.0079806123e-02 -6.6337272249e-02 -2.7805253067e-02 1.7044979240e-01 -2.1192121628e-01 -3.4844888849e-02 -2.3204166504e-01
1.9827149554e-01 -2.3766508229e-02 1.4182343742e-01 -1.2788853377e-01 8.4629846159e-02 6.8636385910e-02 8.8439565653e-02 -2.9293191399e-02 -3.2073296637e-02 3.1268721654e-02 -3.2402366624e-02 -1.4007052335e-02 6.4411673345e-03
-7.8907733791e-02 7.1169162563e-02 3.8167792548e-02 5.4482306880e-02 1.3464929001e-01 1.0093839336e-01 1.3390422954e-01 7.2156914759e-02 -1.1304478370e-01 -1.8789982928e-02 -4.2291059678e-02 4.4606243663e-02 3.1131841919e-03
1.3953977444e-01 1.9529411445e-01 1.5191844839e-01 2.1539792821e-01 1.6423518818e-01 5.7196280675e-02 1.1303896157e-01 -2.0221921445e-01 -2.3812918386e-01 -6.0068363170e-03 -7.1462169357e-02 1.5210951410e-01 -3.0941566335e-02
-1.2828584065e-01 -9.7067466858e-02 -1.0320356891e-01 -2.2797134622e-02 -1.7585186064e-01 -2.2997375006e-03 -1.2173440023e-01 8.4919444638e-02 6.8295185006e-02 -1.6811335751e-03 3.4389536012e-02 1.2580754553e-02 3.5817288243e-02
-6.5303852290e-01 -2.1808799607e-02 -4.3969739132e-01 1.5767700135e-01 -4.2769349870e-01 -5.4376240783e-02 -2.7877045281e-01 1.9770371724e-01 2.9584387682e-01 1.8290441149e-02 -2.7605765052e-02 2.0691594408e-02 4.2795898399e-02
6.6502270903e-01 -9.0625077944e-02 3.8432944823e-01 -2.3130466466e-01 3.8138308162e-01 1.5078001930e-02 2.7346263864e-01 -2.2246838118e-01 -2.8387519170e-01 1.0834518230e-02 1.6935915883e-03 -6.0427301090e-03 -4.4121691101e-02
1.2800810518e-01 8.2667616664e-02 1.2184945207e-01 1.3606626401e-02 1.6762609423e-01 5.0842990354e-02 1.1361423108e-01 -2.0645713393e-02 -7.8905277786e-02 6.7584330198e-02 -1.0250269106e-02 3.5278046475e-02 9.1468156902e-03
1.2754499689e-01 5.8194938358e-02 1.1720913802e-01 -3.7833059610e-02 1.3783776596e-01 9.1209846184e-03 1.0295331941e-01 -2.1116242145e-02 -8.0337322912e-02 4.1990609077e-02 1.0450798766e-02 1.1337913805e-01 -3.3662532011e-02
-5.4970536530e-02 -1.9538826996e-03 7.7001818828e-02 -1.2963699111e-01 -7.5453122269e-03 5.6839616720e-02 1.8377234844e-01 6.4148633185e-02 -1.1910117535e-01 -1.0216965035e-01 -1.0896003513e-01 -5.5348056686e-02 -1.9284616760e-02
-4.9512668162e-01 1.7307247668e-01 -2.3926509543e-01 1.1193330835e-01 -8.3177203926e-02 5.0270448507e-02 -3.3937052441e-02 2.0641130875e-01 9.3274810188e-02 -2.1675456603e-03 1.8075000273e-02 -1.0166823134e-02 -2.8245870725e-02
-2.7488501562e-02 2.2917606121e-01 1.9118639649e-01 1.0151043517e-01 2.6940043011e-01 1.7366316530e-01 2.2591800119e-01 1.9190468359e-01 -2.0948414355e-01 -1.9032737115e-02 -6.4379038036e-02 -6.3259934029e-02 3.1127490348e-02
-2.8548451247e-02 6.1100854080e-02 1.3636261777e-01 -1.2402739451e-01 -9.7850754969e-03 -1.5549894637e-02 1.8735502108e-01 6.7678035734e-02 -1.5881523948e-01 -2.3755641428e-02 -1.2032473925e-01 8.1920380649e-03 -9.3947056923e-02
6.3848313141e-01 1.3845532810e-01 5.9970532547e-01 1.1028124831e-01 4.9257046451e-01 1.7365895358e-01 3.0688449776e-01 -7.2323322873e-02 -4.0161874884e-01 -1.5849283114e-02 -4.9182979724e-02 1.4240828130e-02 2.7680414776e-02
8.6271453181e-02 2.9899696447e-02 -3.8286084821e-02 2.7810248953e-01 2.0184416056e-01 1.8330989004e-01 -3.5110412113e-02 -1.2625032892e-01 2.4598688514e-02 -1.2011973963e-03 -6.9779976189e-03 1.5297169712e-02 -1.2613413011e-02
1.3944985690e-01 1.0742781609e-01 1.0027618353e-01 2.1152507888e-02 1.4973749880e-01 3.4058338410e-02 4.8861093405e-02 -3.9931892134e-02 -4.2080095382e-02 4.7971755422e-02 -4.5528803894e-02 -1.1547268744e-01 -7.3707931887e-02
-2.6754628985e-02 -7.3287854868e-02 -4.5730917259e-02 -1.3574526755e-01 -2.2716767075e-01 7.6780126492e-02 -6.4301937383e-02 -1.7568646010e-02 1.0536497587e-01 4.2587015191e-02 -8.7197704311e-02 1.9668170153e-01 9.0055510190e-02
2.5877721028e-02 5.2155808776e-02 1.0393775325e-02 2.4016981902e-01 5.7308604394e-02 2.3054024339e-01 -2.0505215980e-02 -9.4619030101e-02 -2.3069263295e-02 1.3359530081e-02 -6.6081843414e-02 -8.0859791814e-03 2.8604587006e-02
3.4996493938e-02 1.4103734261e-01 1.7845023804e-01 1.0645677551e-02 -1.4883965426e-02 -3.4644542115e-02 5.2368719780e-03 7.7733781754e-02 -7.0159273183e-02 -3.0832170978e-02 1.3122838294e-01 -1.3021123717e-01 -1.2995732300e-01
9.5080698311e-02 6.8114665977e-02 1.0939228903e-01 -5.3673443445e-02 6.6952567000e-02 3.5491214952e-03 1.1750557730e-01 -3.4258900948e-02 -8.8347366848e-02 2.2835049749e-01 -4.6987435372e-02 3.3845168905e-02 1.0060607205e-02
7.0771972659e-02 1.2107324894e-01 1.2251313645e-01 -1.7680649120e-02 2.0742934926e-01 1.4517799668e-01 1.7288976472e-01 4.6267047660e-02 -1.5223681708e-01 -1.2546404486e-01 6.1926134465e-03 -2.5147546869e-02 2.7452892437e-02
-5.8727049407e-01 -4.0879941339e-02 -3.6439267384e-01 1.8135806058e-01 -4.1378082248e-01 -3.4192484637e-02 -2.5159368880e-01 1.4833011900e-01 2.4516823880e-01 -2.6725112355e-02 -2.1420047485e-02 6.9153836305e-03 -1.0199381836e-02
-6.8023782495e-02 3.2611259998e-03 -4.1126865170e-02 -3.3866107133e-03 -6.6804635526e-02 -4.2260351842e-02 -3.4406852883e-02 6.2583807015e-03 -2.1089750984e-03 6.4413427960e-01 -4.9970872666e-03 2.7291738534e-01 -4.9181968235e-03
1.0746008653e-02 -7.5655567500e-02 -1.0542641291e-01 2.0840390833e-01 1.3555325879e-01 1.7469902092e-01 -1.2443918965e-01 -7.7998052548e-03 1.8226020356e-01 6.8118814965e-02 9.9830230881e-02 1.7947168085e-01 -1.0652428932e-02
3.0859415883e-02 -1.5873096189e-01 -1.4075168222e-02 -1.4828878925e-01 -3.1076511307e-01 -1.7878328169e-01 -1.3223035923e-01 -7.6725536922e-02 6.7077120472e-02 4.3930049365e-02 8.1095952331e-02 4.7347098873e-02 -1.6651987885e-02
1.5855163954e-01 -1.3019629617e-02 1.4488257311e-01 -2.2136040940e-01 7.5957919118e-02 3.4191183228e-02 1.2780994902e-01 -1.2688449456e-02 -1.0344692006e-01 -1.4835327070e-01 3.6463986519e-02 -3.3787061795e-02 7.2207558964e-02
1.7285088595e-02 1.0000163384e-01 1.1474385326e-01 -3.4805288884e-02 6.7058939038e-02 3.6804214862e-02 1.4611472783e-01 2.0789343434e-02 -1.7861637116e-01 -1.3876614288e-01 3.7531108523e-02 -3.7129681495e-02 -2.4570300827e-02
9.4021131610e-02 -7.1119487523e-03 5.1379363436e-02 -4.9111755775e-02 -4.4533449751e-02 3.0528950810e-01 4.6667811214e-02 -2.4411242687e-02 -5.5243694242e-02 -9.5221069785e-02 6.4670868261e-02 2.7874166667e-02 -1.4326896012e-02
2.5314125286e-01 2.7472243038e-02 1.6274560225e-01 1.2161229252e-02 5.0591161228e-02 -5.8729555302e-02 2.4716400272e-02 -1.9149721184e-01 -1.2863290545e-01 9.8451760821e-03 -3.0269392351e-02 -8.6110210301e-03 -8.9870780772e-04
-6.0552632436e-02 -5.2436247006e-02 -8.5822249998e-02 4.5471669524e-02 -7.7019330500e-02 -2.3283236487e-02 -1.1865777840e-01 -2.5873064089e-03 1.0282142370e-01 1.1059557598e-01 4.0249822818e-02 1.1727542789e-01 -2.1956518927e-03
2.0171333417e-01 4.1818337119e-02 1.5018982024e-01 -5.6032184093e-02 -4.2787402504e-02 -2.1220962090e-01 -1.4297498534e-02 -7.8408620401e-02 -1.3145547178e-01 -8.4724037803e-03 3.3881385211e-02 -4.0465128859e-02 2.2933119596e-02
-1.1268729774e-01 -4.4902199965e-02 -6.4637712488e-02 -1.0097971819e-01 -1.6794823546e-01 -1.1640420194e-01 2.8999528034e-02 -1.3175394067e-02 -2.7156049694e-02 -3.4996287195e-01 -1.4194303471e-01 -3.5368325349e-01 -5.1849743015e-02
-7.3938144492e-02 1.3552588065e-02 -1.8324181308e-02 -1.0119993925e-01 -1.1463184589e-01 -1.4753957650e-01 6.1559161921e-02 -1.7399126610e-02 -6.5853326477e-02 -2.4018711254e-01 -2.1628551407e-01 -1.4817974814e-01 9.5680250885e-02
-2.3274337458e-01 -8.7553966214e-02 -1.5372410102e-01 5.1327863235e-02 -1.6370543132e-01 2.2225054673e-03 -9.8639536589e-02 1.3345512395e-01 1.1403557901e-01 5.9403629312e-02 -5.3779035399e-02 -8.4778515853e-02 -2.3594165751e-02
-1.3075952637e-01 -9.6692931087e-02 -9.6678909356e-02 -2.0364317524e-02 -1.8942840154e-01 -6.9935704220e-03 -1.1353466529e-01 7.1262598419e-02 6.3126308097e-02 1.6661094722e-02 1.1353154468e-02 3.3467705005e-02 3.9070411229e-02
-1.0159577012e-01 -8.7970779479e-02 -1.4022267596e-01 1.3199758378e-01 -1.1065991753e-01 -1.2546151806e-01 -4.4782666696e-02 -2.1211852066e-01 -2.9548277690e-02 -4.7995320284e-02 -1.0551966015e-01 -7.2947601340e-02 -3.5841384471e-02
5.3968254822e-02 8.6867934339e-02 1.7739993692e-01 1.2489922740e-01 1.0799904661e-01 2.8381724719e-01 1.2640494263e-01 6.1035655771e-02 -3.9332995891e-02 -4.4155050431e-02 -1.8157773009e-01 2.7528130080e-02 1.2102827108e-01
4.8855290491e-01 1.3884240257e-01 3.5051661390e-01 -1.3534780070e-01 3.9138943395e-01 6.9032442405e-02 2.0243814882e-01 -1.0231247871e-01 -2.1263694585e-01 7.9580551532e-03 3.4826821850e-02 1.5709958775e-02 1.0389413757e-02
-1.5967836438e-01 1.5796114174e-01 6.0428055908e-02 2.1447945604e-01 -8.0251922052e-02 8.3054999695e-02 -4.4498090921e-02 1.7397584647e-01 -2.4573683822e-03 4.7985623234e-03 1.5040434187e-02 -5.4855719494e-02 -6.8788072257e-02
-7.3682209673e-02 -5.8957682962e-02 -1.1209509153e-01 7.1386653721e-02 -1.0267671959e-02 -9.6164914688e-02 -1.7584281332e-01 8.9773006098e-02 1.4754281845e-01 1.0659955881e-01 2.4445144985e-01 4.6684719097e-02 1.2893174274e-02
2.4091936427e-02 -2.1597279488e-03 2.4219497599e-02 -2.9232844124e-02 6.6053095641e-03 -4.9207187723e-02 3.8525000376e-02 -2.5405782986e-02 -5.1949747286e-02 -4.4760205584e-01 -3.3338253632e-02 -1.5064250344e-01 8.9787178241e-03
-1.0933829734e-01 -8.3555775817e-02 -1.4846623028e-01 -8.4438401413e-02 -1.5870613157e-01 -1.0370316846e-01 -6.4839840462e-02 -5.1905505428e-03 7.2806395872e-02 -1.2781222508e-02 3.9793836468e-03 6.8647350424e-02 2.8946899918e-02
-8.7663318434e-02 -6.2498651157e-02 -5.2805024833e-02 -1.7481086529e-02 -1.5773755765e-01 3.8710641434e-02 -8.7057825994e-02 5.9383273486e-02 1.0714811153e-01 -1.9878833015e-01 3.4459613596e-03 -1.0018492217e-01 7.3858765721e-02
-9.5393664906e-02 4.0547340941e-02 8.6178315751e-03 -1.2873256365e-01 -3.2639375619e-02 -8.1905800663e-02 1.6562588579e-01 -1.2787566493e-02 -1.3189280578e-01 1.5064352704e-01 -1.6036296641e-01 -1.3101637323e-01 -1.2706076422e-02
6.8456914482e-01 -9.0757149107e-02 3.5461374398e-01 -3.1598517317e-01 4.2216141700e-01 -3.1760395317e-02 2.6995008257e-01 -2.8401374968e-01 -2.8904717992e-01 8.1395237066e-04 5.5316870797e-03 -2.3141654597e-02 -5.0397384766e-03
5.3664072759e-01 -1.8266160706e-01 2.7647226158e-01 -1.5131501676e-01 2.0374153462e-01 -3.9846827970e-02 1.3669280969e-01 -2.3421312744e-01 -1.9938759794e-01 6.6779663389e-03 3.2850623611e-02 9.3805964924e-03 -2.8817523872e-03
1.1225812023e-01 9.2017227541e-02 1.1834546021e-01 2.6173191069e-02 1.7404802839e-01 2.9928556817e-02 1.4154087797e-01 -5.4058088227e-02 -8.1355260617e-02 -2.6004152033e-03 -4.3288344587e-02 -1.0454408733e-02 -3.0260858498e-03
-1.1939294531e-01 -6.4117684856e-02 -9.0160140372e-02 4.3336739421e-02 -1.8466425843e-01 -8.1270202793e-02 -1.0517882319e-01 -2.8693095581e-03 7.8820099026e-02 2.4463406942e-02 -6.5201805591e-02 2.5657799075e-02 4.9418473961e-02
-4.7550467882e-02 -4.9491886448e-02 -9.0157356904e-02 1.3424624091e-01 -1.2530308379e-01 7.8056183008e-02 -1.9004900008e-01 3.3538516533e-03 2.0568484415e-01 3.2608051575e-02 8.3667233894e-02 1.4689869387e-01 4.0386293137e-03
-5.1792629943e-02 -3.8150731509e-02 -9.9859679020e-02 9.6641606918e-02 1.1164675500e-01 -3.8739829093e-02 -7.6384063219e-02 6.7427959548e-02 1.6739494313e-01 6.0489636856e-02 8.0800564245e-02 -3.2166264498e-03 -2.1074134905e-01
-3.6632037131e-01 -9.5593078443e-02 -2.2874001920e-01 -3.0581552799e-02 -2.3044945953e-01 -4.0190279044e-02 -1.0458203207e-01 1.5471019837e-01 1.5885205942e-01 9.1383531232e-03 6.6058187186e-03 4.8899191684e-03 -1.6856280928e-02
1.3585640894e-01 -1.7635055943e-01 -6.9333820209e-02 -2.5335037211e-01 2.8564295509e-02 -5.3740161470e-02 3.0231982468e-02 -1.1600952142e-01 -3.0932351733e-03 -3.0019280615e-02 -5.2340176248e-02 -3.2525665521e-03 6.0743646063e-02
1.3741304897e-01 7.9226119072e-03 4.3022427056e-02 -1.0654279825e-01 1.7957918139e-01 -1.7001150035e-02 1.4588970166e-01 -1.2047722564e-01 -1.9090228635e-01 -9.1896813784e-02 -1.3660685018e-01 -1.7718617908e-01 -4.3954920113e-02
7.5548707659e-02 5.4403120946e-02 1.2007356424e-01 -1.0486654261e-01 -5.3539825736e-02 -2.7374475280e-02 1.1913739839e-01 -7.6112015335e-02 -1.3104769133e-01 1.2692777822e-01 -2.3444052632e-01 2.7701471461e-02 -3.3688761730e-02
2.0621483100e-02 -6.3517743576e-02 -8.2526839758e-02 5.6075197358e-02 1.3137666050e-01 2.6099672100e-01 -5.8483745452e-02 7.7383911849e-02 1.3952800010e-01 1.1198591795e-01 1.0980964776e-01 1.0556773701e-01 -5.5193883438e-02
1.0879367072e-01 7.4321599192e-02 6.5346956876e-02 4.4558813612e-02 1.7768824135e-01 2.9915805802e-03 7.0143909218e-02 -1.7658635331e-02 -2.8108556245e-02 1.7203962772e-02 3.6602178612e-02 3.7666067719e-02 1.4576056585e-01
4.3254993818e-02 -4.5478958406e-02 -3.6658755820e-02 -8.9422671298e-02 -1.0339537349e-01 -2.7014491465e-01 -7.6117758278e-02 -8.0102129449e-02 8.2815625767e-02 3.3901059266e-02 -8.8513705251e-02 4.4846455694e-02 -4.6026667826e-02
-1.7397134754e-02 4.6121608319e-02 6.9925967436e-02 -1.5102348339e-01 -6.1799946073e-02 -6.3093991882e-03 2.0981810208e-01 -5.3703744086e-02 -2.2287926009e-01 -1.2933287846e-01 -1.8870567258e-01 -1.3706304227e-01 1.9010866394e-04
-1.3063588219e-01 -7.9001094051e-02 -1.1262269202e-01 -6.4575751033e-02 -1.7811504663e-01 -2.3016930772e-02 -9.0650136193e-02 2.3627507096e-02 4.9793947343e-02 -3.1091922448e-02 -3.6082107783e-02 -6.7501838996e-03 8.8997525733e-03
2.4415002119e-01 1.4397435069e-01 2.5917088542e-01 9.0219182609e-03 1.4656197092e-01 -2.1020961004e-02 9.1176463035e-02 -4.2309047721e-02 -1.8199759718e-01 7.6407272986e-03 7.5171225374e-02 -7.6700279540e-03 -1.9218722320e-02
-2.7227176227e-01 -7.8638133558e-02 -2.0783851863e-01 1.1561174058e-01 -2.6083717603e-01 -3.8780221697e-02 -1.8143946439e-01 5.2277215420e-02 1.4605193657e-01 1.4740116827e-02 -1.1433326778e-01 -4.5984787892e-02 -7.1497987516e-02
1.7640264958e-01 -3.0426878291e-01 -9.8549633496e-02 -1.8228127520e-01 -1.4655046882e-01 -1.6295281210e-01 -2.6291044766e-02 -2.5032081846e-01 -1.6586567670e-02 -6.6830836196e-03 -9.7386919471e-02 1.5646052898e-02 4.1212232662e-02
-1.3222987033e-01 -7.7469060553e-02 -1.0833055904e-01 -6.4577565610e-03 -1.8136574814e-01 -3.0642067803e-02 -1.0947268825e-01 3.1003975313e-02 8.9893822006e-02 -2.5076552809e-02 9.2075553625e-03 -5.3134050840e-02 2.0799230409e-02
-2.5483786047e-01 2.7268191898e-01 -5.5685514056e-02 1.8639381210e-01 8.9788899717e-02 1.4629572171e-01 3.1160814032e-03 1.5608521256e-01 3.4884952439e-02 9.6287475764e-03 -1.9632433301e-02 -6.1632210083e-02 3.6427693025e-02
-1.7185267779e-01 9.4037731058e-02 5.4363628287e-03 7.8673333709e-02 -4.6170840572e-02 2.5508903367e-01 1.6282540725e-01 -2.2074058816e-02 -1.2983647388e-01 -8.8787366908e-02 -1.0913045067e-01 -1.8994480141e-02 2.3889005621e-01
1.7051473885e-01 -6.3088848939e-02 3.4458521435e-02 1.0231876464e-01 1.2620450862e-01 2.2532780113e-01 -5.5436608730e-02 8.9423562642e-03 2.1865907248e-02 2.0018234083e-01 3.3395682236e-01 2.9949176238e-01 7.0026416728e-02
-3.2646769247e-02 1.0308537919e-01 1.3339772039e-01 1.0965983130e-02 -6.7211801319e-02 7.1092962184e-02 3.9014974100e-02 8.4048227755e-02 -1.2691435700e-01 -2.2092777489e-02 1.4436476900e-01 -3.0537590125e-02 -3.8624646737e-01
9.3131895245e-02 -3.0903437836e-01 -8.7170999821e-02 -2.8134930976e-01 -1.2489498754e-01 -2.1100267452e-01 -1.2437092153e-02 -1.1921648652e-01 1.9479531991e-02 -4.8633749801e-02 -1.2593073324e-02 -1.3237323982e-01 -6.5305848853e-03
2.3460490979e-01 -7.2998489892e-01 -2.3596894240e-01 -5.5308276882e-01 -2.0186044346e-01 -3.2614447484e-01 2.9580176570e-02 -3.5743507874e-01 1.8570662336e-02 -1.5539077228e-02 -6.7534926906e-02 8.8149686803e-03 1.6421511930e-02
1.2626813580e-01 8.8387059828e-02 1.1412411096e-01 5.1779724926e-03 1.8154483268e-01 2.3019950638e-02 1.1748749273e-01 -5.1793422455e-02 -8.8882204797e-02 -9.1700669875e-03 -1.0371293799e-02 5.2708132264e-04 -4.0518950431e-02
-6.7433910658e-01 6.0652857790e-02 -3.8396193826e-01 3.1157241182e-01 -1.9997802721e-01 1.2061071198e-01 -2.1192033027e-01 3.4357031391e-01 3.0893310652e-01 -1.5222504242e-02 -9.0648759850e-02 1.3034890902e-02 7.8325335396e-02
5.4000982677e-01 3.9201998443e-01 4.7379348887e-01 -6.6951056265e-02 5.2104543368e-01 2.0317543637e-01 2.4095046068e-01 -2.7925098126e-02 -2.0599833105e-01 3.5377367010e-02 8.4560362889e-02 5.2987311694e-02 3.1523509441e-02
-1.2903543956e-01 -8.7179811531e-02 -1.0335501817e-01 -1.6466053367e-02 -1.7513234944e-01 -2.2817582553e-02 -9.4855560683e-02 5.7006942444e-02 3.9969244093e-02 -5.3620909165e-02 4.9264307252e-02 -4.0734113933e-02 1.4509110146e-02
-7.5195567442e-02 -6.8263912477e-02 -6.6262994507e-02 1.1858294125e-01 2.9995261647e-02 3.3401733859e-01 3.6434182572e-02 5.9201819905e-02 7.4157033509e-02 -1.3572335346e-01 7.9043760042e-02 -1.6954200616e-02 3.5928293229e-01
-9.5272345643e-02 -4.5490264122e-02 -9.0569647682e-02 6.5216212384e-02 -1.9565959908e-01 -6.4104510331e-02 -1.6165422849e-01 -3.1840291058e-03 1.0728358858e-01 -1.1562576919e-01 -1.4948124143e-02 3.8396775124e-02 2.6049113749e-03
-1.9412398277e-01 8.3506765766e-02 -9.5546562705e-02 2.2584836405e-01 1.2789517955e-02 5.9804186905e-02 -8.1354080901e-02 1.1842121874e-01 1.0728235351e-01 4.0294944227e-02 1.2213030242e-01 7.1943155247e-02 -8.0495988623e-02
-9.1237434902e-02 3.6122533211e-02 -1.1840641540e-02 -9.7908005094e-02 -1.7544792015e-01 -1.0926475342e-01 9.7251535346e-03 1.4429429641e-02 -7.9334326043e-02 -9.8875878410e-03 -1.8052008911e-01 2.0589753181e-02 5.6943852903e-02
1.5054580792e-02 1.7872363289e-02 3.0049628518e-02 -9.5853257463e-02 -7.7405590653e-03 -6.6516459568e-02 1.1653793383e-01 -5.9077488733e-02 -1.0845872250e-01 -3.8431727397e-02 -1.1815142314e-01 1.2272024193e-01 5.0454478349e-02
-2.0647630083e-01 -1.9084995228e-01 -2.9074583176e-01 -1.3273287443e-02 -1.1943430235e-01 -1.7677462777e-02 -5.9547512263e-02 -5.1287818724e-02 1.4796252757e-01 -9.7167262987e-02 -8.2720056581e-02 -3.8673561812e-02 9.9622608255e-02
-5.4895596156e-02 2.5252825167e-03 -5.2390229258e-02 -5.1306564743e-02 -2.1820148257e-01 -2.5031817535e-02 -6.2071389308e-02 -3.9865940160e-02 -4.7379548655e-03 -1.2597985048e-03 -1.2840489316e-01 -3.4514309171e-02 1.8057079609e-01
1.1428825649e-01 7.7909228477e-02 1.1811433900e-01 1.2845595527e-02 1.6082150199e-01 1.2923605761e-02 1.2059903894e-01 -3.9374095748e-02 -9.7335080836e-02 -8.7308616817e-03 -8.5428971560e-03 3.2689318313e-02 1.0600043711e-02
4.3324941564e-01 1.5871334633e-01 3.8563263508e-01 5.1319034945e-02 3.1761634462e-01 7.5796053619e-02 1.9962099566e-01 -1.2126719899e-01 -2.8209266093e-01 2.3292221400e-02 -3.3806199264e-02 8.0186562552e-03 -2.9743323164e-02
2.8567668285e-01 5.6043651142e-02 1.5440313844e-01 -5.9237060972e-02 2.6665717817e-01 4.9325192888e-02 1.1757401511e-01 -1.3013759023e-01 -9.7537504032e-02 -2.1991820140e-02 -1.9817228304e-02 -4.6079783403e-02 4.9441574439e-03
-1.4172668851e-01 -5.4883639696e-02 -1.0181843493e-01 4.4460029940e-03 -1.7835577214e-01 -2.9913227100e-02 -1.1706300678e-01 5.6305310545e-02 7.3666166296e-02 -3.4316088896e-02 2.4158303343e-02 8.2591038869e-02 2.3997024725e-02
4.2670571178e-01 -7.7971091480e-02 1.3337435069e-01 -2.7025645718e-01 2.5902335804e-01 -4.6660643546e-02 1.4455456676e-01 -1.7483443142e-01 -1.2538322383e-01 -1.1248860939e-02 2.7343089809e-03 -3.8487450603e-02 7.7808310496e-03
1.2894108935e-01 4.3667700369e-02 9.0754528288e-02 3.1563524941e-02 1.4930862839e-01 5.8471134166e-02 7.1055689514e-02 -2.0193082200e-02 -6.4518373829e-02 -4.4113691808e-02 4.7703107465e-02 7.3027460799e-02 -5.4194389632e-02
-6.0447953331e-02 -1.4088841772e-01 -1.8382988033e-01 5.9502873252e-03 -6.4898074906e-02 -6.5668164283e-02 -1.3186467375e-01 -3.4278469482e-02 1.7047603386e-01 7.1212906662e-02 -6.3993928679e-02 -3.7365056483e-02 4.6465452547e-02
-1.2022670385e-01 -8.0916567247e-02 -9.8208203890e-02 -2.0841072594e-02 -1.8438072450e-01 -8.3413445458e-03 -1.3381456704e-01 5.6490832946e-02 7.8704227750e-02 -1.1601517092e-02 2.7977392141e-02 2.4556038708e-02 3.8109400891e-02
-2.6165104714e-01 2.3692562674e-01 -6.7766588299e-02 2.4008402170e-01 1.0301818923e-01 1.7792998360e-01 7.1148450503e-03 1.5064254335e-01 -7.0525640725e-03 -2.6953315096e-02 -1.9378418823e-02 -7.2293724205e-02 3.1213306597e-02
-5.1108893498e-03 4.0250441505e-01 2.7319916714e-01 2.8779030166e-01 5.0685338620e-01 4.2069282029e-01 3.8060891513e-01 1.7220004088e-01 -4.0935157114e-01 9.1526319734e-03 -9.1485716865e-02 -1.0665741478e-02 2.2007963312e-02
1.4494682777e-01 6.9407448006e-02 1.0447425477e-01 -1.0567053110e-02 2.6222535937e-02 -4.3375056539e-02 3.0801253665e-02 -6.9479291659e-02 -3.5286780524e-02 2.0910131924e-02 -3.4502428024e-02 1.0557110314e-01 -7.9337029388e-02
2.3599236920e-02 -1.3999569062e-01 -1.3919117834e-01 -2.8386154772e-02 -1.7664693186e-01 -1.3030786526e-01 -1.6803968715e-01 -1.4980070107e-01 1.3810295172e-01 2.2596151799e-03 3.1372426328e-02 -6.1722575211e-02 -4.6612009247e-02
5.8186223862e-01 -5.2628711845e-02 3.6362498955e-01 6.4974243204e-02 2.4346142686e-01 3.5196185735e-02 6.7489227250e-02 -2.4791584593e-01 -1.4039085163e-01 -2.4737031430e-03 -5.6808782631e-02 -1.7500603546e-03 2.8923665461e-02
8.8533749091e-02 1.3177130705e-01 1.4252883564e-01 9.3581283488e-02 1.4133941219e-01 1.1328176587e-01 2.3686516306e-03 8.1227699829e-02 -1.5805480981e-02 -9.0678493729e-03 1.0508834169e-01 7.2743932986e-02 -4.9932253846e-02
-1.1749355076e-01 -6.2260228334e-02 -1.0364752587e-01 -1.7757178244e-02 -1.7908823323e-01 -5.2619281604e-03 -1.2571277082e-01 6.9992155500e-02 6.5088044100e-02 -1.1654745853e-02 3.4951234839e-02 8.4383060019e-03 4.7349720251e-02
-1.0603793660e-01 -6.9698351473e-02 -7.4659337378e-02 -2.6233915152e-02 -1.7206124070e-01 -2.6705655789e-02 -9.5263186093e-02 5.4994972053e-02 5.7488992478e-02 6.2700266479e-02 -3.0240796184e-02 9.9248223790e-02 4.5734653554e-02
8.9356979869e-02 -5.5038748480e-02 -8.6008566089e-03 4.4658702030e-02 3.6216211431e-03 1.3479499549e-01 -1.5885413408e-01 7.3119206448e-02 2.1750340313e-01 -1.3768864286e-01 6.7850639233e-02 -3.1885675328e-01 -1.2809696477e-02
8.7672340850e-03 -8.7510780205e-02 -8.6648008735e-02 2.2190802537e-03 4.7819991744e-02 -7.2588636875e-03 -9.4316466145e-02 2.5821751059e-02 1.1844129713e-01 5.8317117825e-01 1.3457785106e-01 3.7973139893e-01 8.8615420024e-04
-6.5206911208e-02 -1.9676010079e-01 -1.8843933460e-01 -2.0591695781e-01 -1.3439782719e-01 -1.4374158095e-01 -2.9776048419e-02 -2.6488715978e-02 6.5052835225e-02 -2.0090001162e-03 5.5785364621e-02 -6.3662519660e-02 1.3839114392e-01
-2.6130540455e-02 9.8946016800e-02 1.5594272307e-02 1.0937943562e-01 1.8629889934e-01 1.6672812103e-01 8.7917155548e-02 4.7130935914e-02 -5.8097844998e-02 9.5248728973e-03 -5.8881267615e-02 6.4572737663e-02 5.0049145780e-02
2.5412846238e-01 -2.7995491756e-02 1.9175230423e-01 -7.1332860311e-02 1.3971128380e-01 1.6400502945e-01 6.7987458818e-02 -2.1721782253e-02 -1.0108748925e-01 2.5483379061e-02 1.1353214708e-01 -1.4761896370e-02 7.8237308672e-02
-9.6318798723e-02 -1.5443769715e-01 -5.0302966047e-01 5.6675751679e-02 -4.2042831537e-01 -3.2857339180e-01 -4.9128538381e-01 -4.7579204245e-01 4.3304799184e-01 -7.3133145748e-03 -9.1098124203e-02 3.1905730556e-03 4.6325873167e-02
-1.1747459811e-01 -3.8651826675e-02 -1.1022018745e-01 -2.2315857671e-02 -1.5517402842e-01 -1.5955572877e-02 -9.2004297506e-02 5.3896493993e-02 4.3212826772e-02 -5.9656619431e-02 -6.6569424919e-02 -2.1562447138e-02 1.1874335095e-02
-1.4149406236e-01 -1.3347978098e-03 -1.1239637558e-01 1.7590953156e-01 9.2984707102e-02 5.3525598415e-02 -6.4995877192e-02 1.1154476335e-01 1.6846058987e-01 -4.3279749840e-02 -6.6827514306e-02 4.0947956550e-02 4.9682639083e-01
-1.7773504648e-02 -1.5515961402e-01 -1.7409426082e-01 -9.9877605260e-02 -3.4835507999e-01 -3.0148152915e-01 -2.3411627617e-01 -1.4033972907e-01 2.2005132395e-01 1.3012170033e-02 8.7140853862e-04 -5.3207027019e-02 -2.6802302251e-03
8.2174535000e-02 6.0671687216e-02 1.1215304822e-01 -1.4446640308e-01 6.3685888009e-02 3.9834258284e-02 1.3146152640e-01 1.5538130398e-02 -7.0769368659e-02 7.0107029865e-03 -9.2398533998e-02 -4.6851120094e-03 6.2061559002e-02
2.4444204477e-01 1.9486661967e-02 2.1292414481e-01 2.6947409396e-02 2.1732713397e-01 8.0551160301e-02 1.6394879159e-01 -6.6120093168e-02 -1.6758293030e-01 -1.1183920626e-02 -2.9100018276e-02 -1.0770724663e-03 -5.0571424649e-02
-1.6538219951e-01 -1.0434290232e-01 -1.5674771997e-01 -3.6535234682e-02 -1.3386538577e-01 -6.3059313871e-02 -8.0578006148e-03 -1.4917793744e-02 3.4342705669e-02 -1.5758841736e-01 -4.1052377775e-02 4.0022848296e-02 3.7897588798e-02
1.1024879190e-01 9.7730781511e-02 9.6753812907e-02 2.5390188653e-03 1.6634586404e-01 1.6360070263e-03 1.2300061661e-01 -6.8616287665e-02 -6.9744956599e-02 -6.0714458638e-03 -6.8861890198e-02 -4.6101594435e-02 -3.3106403050e-02
-7.5098130334e-01 -1.7500698265e-02 -5.1562722727e-01 -8.2974526814e-03 -4.1411108209e-01 -7.3688064483e-02 -2.1319491290e-01 2.3566686521e-01 2.9049007047e-01 2.2660651971e-02 6.2174852120e-02 2.0103237753e-02 -2.1181347073e-02
-1.0799499832e-01 -9.9388463880e-02 -8.5413487957e-02 -1.3422215854e-02 -1.7720539689e-01 6.7283209683e-03 -1.2602898502e-01 7.2108240237e-02 7.0262630444e-02 -8.3074969825e-03 7.0667546969e-03 8.7608844604e-03 2.9691464934e-02
-2.2131039955e-01 -3.4416797922e-02 -1.7573781736e-01 5.4326492673e-02 -4.3826298397e-02 -7.1430226567e-02 -3.1139761204e-02 2.5890028610e-03 -1.4877522125e-02 2.1500541919e-02 5.2710008091e-03 -2.8816345985e-02 -5.5036128688e-02
