1.2004780191e-01 -7.1688798912e-02 1.2370288768e-01 7.6849431032e-02 1.1413991238e-01 1.0118182872e-01 1.2411875382e-01 -3.8037277832e-02 -9.7887002321e-02 -1.8156850690e-02 -4.0965592929e-02 2.6943733321e-02 1.1545551956e-02
1.2749466912e-01 1.4338846058e-01 8.6839855823e-02 -1.4998939036e-02 5.5522056184e-02 -1.5610525796e-01 4.1214251359e-02 -8.2264333918e-02 -1.4741166751e-02 2.2540800682e-02 1.6765888346e-02 -6.8620039012e-02 -2.8047335815e-02
-1.4383696032e-01 -8.3710463201e-02 -4.7193459339e-02 -1.3845371634e-01 -1.0494875374e-01 -5.3008603418e-02 1.2303407834e-01 8.0582415865e-02 -1.5087142212e-01 -5.6398248541e-02 -3.2598357264e-01 1.1242911519e-01 6.8840811525e-02
5.2913225459e-03 -4.3628910278e-02 -4.5052144411e-02 -6.5837393726e-02 9.6816778250e-02 2.1673169074e-01 4.2261727007e-02 3.0327108996e-02 1.6335708968e-02 -5.0964787287e-02 -3.0115464995e-02 -6.0997738343e-02 1.1825261638e-01
9.7468399560e-04 -4.0321190661e-02 -2.9395102830e-02 6.6042050906e-03 -7.6240680009e-02 1.0420950576e-01 -4.8099530354e-02 -4.5071405839e-03 4.0926320022e-02 1.1095534113e-01 -1.0783743674e-04 2.4375131522e-01 7.6160722614e-02
-2.1162888883e-01 -1.0958267597e-01 -1.1688711896e-01 4.7633996952e-02 -1.9108783417e-01 -1.2957843690e-01 -1.1430437555e-01 5.4545351051e-02 1.4928698317e-01 -4.3892491478e-02 -1.1968149418e-01 -2.5565281968e-02 -8.7881995101e-04
-1.9327787074e-01 1.8108024188e-03 -3.5749741971e-02 -6.6629144662e-02 -1.0458378834e-01 -1.3143291607e-01 1.2127589234e-01 7.9669835610e-02 -1.9332050851e-01 -1.0167234710e-01 -1.1861111359e-01 -1.5720768378e-01 -7.8264861278e-02
2.4915660004e-02 -2.0268942108e-01 -1.5555479425e-01 4.9436105505e-02 -6.7680922510e-03 9.0141795171e-02 -1.6876367859e-01 -6.0050581782e-02 2.6854846458e-01 -1.5075207582e-01 1.7117095991e-01 1.3544166747e-01 9.3651702042e-02
1.0293020352e-01 3.9337868969e-02 6.9627021704e-02 1.2091729757e-01 -4.3977388801e-02 1.2784935033e-02 -1.9340964482e-01 2.0140624814e-02 5.7827374167e-02 -2.7540558896e-02 1.5008145422e-01 9.7487230394e-02 -3.6994761803e-03
5.9641004176e-02 -5.6032650678e-02 4.0474033444e-02 -1.8819770324e-01 -1.0171154647e-01 -2.0370974158e-01 1.2420396006e-02 -4.3233127681e-02 2.6112447540e-02 1.7252809392e-02 3.4072557654e-02 1.1241528866e-02 -1.7535064989e-02
1.1948191517e-01 1.4881670244e-02 -1.1118045742e-02 8.3363783707e-02 1.0388472199e-01 5.4800648836e-02 -1.2617724286e-01 -8.4461494077e-03 1.3291722359e-01 1.6136072696e-01 1.8914772927e-01 2.2205387759e-01 -6.1667675754e-02
1.9126326857e-01 -7.9361989905e-02 6.1920635087e-02 -2.1326489289e-01 6.5394475463e-02 6.1389268192e-03 7.2454457165e-02 -7.7606484546e-02 -8.1529923418e-02 9.1831314770e-03 7.8819411543e-02 -3.4859984976e-03 1.1121513733e-02
2.3361231633e-01 4.8545476241e-02 2.1546016145e-01 5.1874853864e-02 1.8220156181e-01 8.1779745756e-02 1.0079294212e-01 -2.6897123736e-02 -1.5661920389e-01 -1.6912087398e-02 -2.2225083918e-02 2.9384544620e-02 8.4693465528e-03
-1.4954966383e-01 -1.0582879502e-01 -1.8468888233e-01 -9.2505968652e-02 -7.3189461271e-02 -8.1226837247e-02 -7.8345252627e-02 9.2176431663e-02 -3.3770926033e-03 -1.7154765170e-01 1.2999236244e-01 -8.7840300252e-03 -7.2032905241e-02
8.7121819660e-02 -1.6356873372e-01 3.6918399587e-02 -1.1415321083e-01 -1.2957696783e-01 1.0390159721e-01 -7.3584258254e-02 2.4813186306e-02 7.3566952803e-02 -8.0981382795e-02 -1.9563030964e-02 4.0388493314e-02 3.7544329811e-02
1.8473418311e-01 -9.4952831377e-02 9.0699373483e-02 -1.6506161095e-01 1.0093858226e-01 -1.8554927335e-02 5.4790212151e-02 -6.4721450542e-03 -7.4770570851e-02 -3.8158034838e-02 -2.2787068976e-02 -2.8735941991e-02 6.7860608889e-02
-1.3911276117e-02 8.7359751685e-02 7.4156168546e-02 -8.1001870748e-03 6.2578970302e-02 8.1676395063e-02 1.7884026254e-01 7.9467325393e-03 -1.8574847490e-01 -6.2454456787e-02 -1.3099515788e-01 8.3648739959e-02 3.5214743230e-02
-1.5175219399e-01 3.3266199455e-01 1.0153871908e-02 3.4075689305e-01 3.8932055948e-01 2.1935421308e-01 1.9681170261e-01 1.3157760481e-01 -4.7458851528e-02 -1.5978981393e-01 2.3828526624e-01 1.4346376280e-01 -1.3809014832e-01
2.0870772582e-02 6.7869939499e-02 -6.3496609313e-02 -4.3705047873e-02 -9.5604314658e-02 -1.0784363728e-01 -7.1227329684e-02 -8.0698921648e-02 1.2423994395e-01 2.9501808887e-02 1.5111195491e-01 -4.7207863374e-02 -8.4840356724e-02
-1.7257115346e-01 1.4801905066e-01 -2.9311441776e-02 1.3144135691e-01 -3.1141064479e-02 -4.9030748646e-03 -1.1960635963e-01 6.1711014893e-02 8.6610387029e-02 7.1003893345e-04 6.0299183574e-02 -1.0912373607e-01 -1.1077260482e-02
9.3331067144e-02 1.8930417814e-01 1.1990784387e-01 9.6997573925e-02 2.6284323938e-01 9.5965373442e-02 9.4015481015e-02 1.6953177335e-02 -4.7816305790e-02 1.3109831412e-02 1.5172137742e-01 9.3289071433e-02 2.3665594721e-02
2.0100135790e-01 6.7087249713e-02 2.1151993260e-01 -1.5907445190e-02 1.0641010283e-01 4.7791143630e-02 1.1269360069e-01 5.3462262754e-03 -1.1968488399e-01 -7.3172783076e-03 4.5327894162e-04 -5.0392778527e-03 -1.4409989980e-02
-1.7777525815e-01 -3.4117662153e-02 -6.9641338214e-02 -1.4281416049e-01 -9.5837270955e-02 2.1185714871e-02 4.1755124560e-03 1.3584051406e-01 -2.4000141042e-02 -2.0447259742e-01 -1.0530913911e-01 1.2575930946e-01 1.2460419383e-01
8.9740385034e-02 1.0702940004e-01 2.0354156272e-01 -1.3104024621e-01 -3.4947249184e-02 -8.0783161761e-02 3.8643799184e-02 1.0158623927e-01 -1.1107029938e-01 -7.0116835093e-02 2.0449648710e-01 2.0874916286e-01 -1.3403291293e-01
1.0997987575e-01 7.9515795725e-02 1.3928173564e-01 5.3930505393e-02 -1.2490593211e-03 -7.0123665059e-04 -1.4373850076e-02 -9.3019732092e-02 -2.4942696080e-02 -8.4425966315e-02 1.4203416296e-01 1.9440021771e-01 -1.1875061338e-01
1.4732285469e-01 -1.5890615157e-01 -6.2299257084e-02 -9.4619473277e-02 2.1852306976e-01 -5.5081689342e-02 -3.5531626516e-03 3.8012858088e-03 8.9257289936e-02 3.7458843284e-01 1.2708057554e-01 1.3291665295e-01 2.1980822989e-01
-1.8426924957e-01 1.5927130787e-02 -1.5501362378e-01 6.1714484546e-02 -1.1691121847e-01 -3.3129757732e-02 -4.6500031226e-02 4.0037701442e-02 3.6234932087e-02 1.7634964130e-02 3.9179036815e-02 -4.3023572376e-02 -2.0290831773e-02
7.7824232522e-02 2.0349206938e-01 2.0265314269e-01 7.7703828780e-02 2.8989815754e-01 8.0284531538e-02 2.2970407260e-01 4.7685168052e-02 -2.7498990261e-01 7.4322162920e-02 3.9553617618e-02 -2.2521734531e-02 6.9496194920e-02
-7.0849094517e-02 -1.3004102854e-01 -1.6670345751e-01 -4.3919829258e-02 -3.8936724563e-02 -9.8294634399e-02 -1.3230697429e-01 2.2571489234e-02 5.2302968812e-02 1.1350520812e-01 2.5357575479e-02 -1.4583994030e-01 -2.1344538046e-01
1.8644456543e-02 -3.3263355027e-01 -2.0584942068e-01 -1.0931388488e-01 -2.1835183353e-01 -1.2085029423e-01 -3.0484002987e-01 6.9396831908e-02 2.3660810931e-01 8.2167234574e-02 1.1304732612e-01 7.4361099468e-03 2.3905197532e-01
-9.4519847179e-02 -7.2465287704e-02 -6.3925476539e-02 4.1007365974e-02 -7.3485998095e-02 3.0689788205e-02 -7.6128270271e-02 7.5542553405e-02 7.4722864431e-02 -3.5081031817e-01 -4.6092335372e-04 -9.4989152290e-02 5.2721618686e-02
2.6973409284e-03 -1.2370743117e-01 -6.7158733632e-02 -1.4620681117e-01 -1.0454339675e-01 -2.3821568426e-02 -8.1498227040e-02 -1.4118005471e-02 1.1728888459e-02 1.1948841075e-01 -9.7904463056e-02 2.9622668450e-01 1.0774355108e-01
1.0080967011e-01 7.5041962704e-02 1.3180565271e-01 1.4749417088e-01 1.7002369764e-01 1.7998614710e-01 1.2119757001e-01 -4.7345328332e-02 -1.1494793335e-01 2.3947182193e-01 -1.3438037261e-01 -2.2721098741e-01 5.5899506777e-02
1.7974987917e-01 1.9588683923e-01 1.8225990947e-01 -6.8160813349e-02 1.2087388448e-01 3.0244540982e-02 1.3773064274e-02 6.5004887616e-02 -1.9409640277e-02 -4.7358893292e-02 5.5253441948e-02 3.6163441198e-02 -4.1244243708e-02
-2.3661917996e-01 -7.3424630313e-02 -4.0611628957e-02 -1.6173190105e-01 -2.3928271851e-01 9.0069104200e-03 5.5809333498e-02 1.3716970021e-01 -1.1725168226e-01 1.4501310303e-01 -5.8905050599e-02 2.2945375755e-01 1.6812446003e-01
-2.0737221905e-01 4.1580981014e-02 -1.5936447558e-01 6.2846635744e-02 -1.2856490776e-01 9.3635401605e-03 -7.7319370799e-02 2.2692328959e-02 1.2585216320e-01 -1.3676328186e-02 -5.6697802575e-02 -7.6939621520e-03 3.7899271304e-02
-1.5485091572e-02 7.1113084917e-03 7.1634616204e-03 -1.3060429329e-03 1.2276139158e-01 1.2712696351e-01 8.8863031085e-02 8.3847078545e-02 -1.5433118964e-02 1.4684140662e-01 1.6024094170e-01 -8.3912246814e-02 -9.1924308903e-02
1.4546196682e-01 -7.2259006700e-03 6.6344956151e-03 3.3692684929e-02 1.4719702561e-01 4.1334807974e-02 -2.7426816215e-03 -1.0323274205e-01 3.5320670520e-02 5.0485755565e-02 1.2710172921e-02 -5.6974616835e-03 1.7982930695e-01
-3.5095847281e-02 9.3922923541e-02 1.0957960079e-01 9.5038303834e-03 -3.9186597250e-02 7.6001049391e-02 1.7152587767e-01 -1.8548015723e-02 -1.6801830050e-01 -3.4574979269e-02 -2.3508898681e-02 -9.2781021003e-02 7.2160442426e-02
2.9466071743e-01 3.6366457669e-02 1.2724669603e-01 2.4021051759e-02 1.9425303317e-01 -7.7739514446e-02 7.5636351087e-02 -2.3040439395e-01 -8.9936419485e-02 4.8606279584e-02 1.3681102620e-01 -3.3464026912e-02 9.4671194166e-03
-1.6801387806e-01 3.5362228664e-02 -6.2322685743e-02 -1.1243232327e-02 -1.3547659583e-01 -2.5657619100e-01 -7.2852881623e-02 5.3650578981e-02 1.0531032540e-01 9.2869689004e-02 3.7609001240e-02 1.4539355366e-01 -1.9862565566e-01
2.1443732512e-02 -2.8496445419e-02 -1.4960687303e-02 1.6089330317e-01 -1.1544986518e-02 -3.2660748318e-01 -1.0919121926e-01 -1.3164719582e-01 4.8566237221e-02 1.4812056659e-01 -7.1924425952e-02 -7.0630515356e-02 -4.0136037302e-01
-1.9611526062e-01 -5.4870018673e-02 -3.3435735049e-02 -3.8059763541e-02 -1.4423592714e-01 2.3379252816e-02 -6.0238357536e-02 1.3161392992e-01 6.5721583253e-02 -4.8978689828e-02 -2.2046287024e-02 6.3614683061e-02 -2.1471664487e-02
2.1612729583e-01 -5.1719595189e-02 3.8077619272e-02 -4.3208781242e-02 9.8730236896e-02 -4.5938476298e-02 5.7709513634e-02 -2.0952865212e-01 -1.4510759123e-02 -1.6788404027e-02 2.8045286210e-03 -7.8945827825e-02 -7.2014692115e-03
1.3422742386e-01 5.0789677928e-02 8.1426283894e-02 1.2017437843e-01 1.3749889351e-01 1.0431931414e-01 6.4328288555e-02 -8.6544261740e-02 -2.4642597339e-02 7.9355780588e-03 1.3201359795e-01 2.1390455994e-01 1.3564754050e-01
1.0779397275e-02 -1.4692741280e-01 -5.7701102428e-02 3.5567433858e-02 -1.3660939380e-01 -1.4448450728e-01 -8.7902852030e-02 8.3232012966e-03 5.1476837912e-02 8.9676885221e-05 -5.0233946919e-03 8.3279909363e-02 -1.9993895482e-02
-2.1892111861e-01 1.5327472647e-01 -1.0211707281e-01 1.0720790125e-02 -1.0062949725e-01 -3.5124061597e-02 -8.1306608590e-02 9.2109076500e-02 1.4143444607e-01 4.5708564784e-03 8.4348794901e-02 -1.1419956917e-02 -4.7142506580e-02
1.2127141873e-01 1.2325650960e-02 1.2786879565e-01 -1.2526885294e-02 1.2024480979e-01 1.2581991509e-01 9.4593007286e-02 3.4571129010e-02 -9.2490961953e-02 1.7078704321e-02 -5.7727447078e-02 -1.2012625687e-01 1.1140213545e-01
-4.0560839183e-03 2.0525157182e-01 5.3279913715e-04 -5.1432422047e-02 1.9741957265e-01 -1.5791934559e-01 1.4928261039e-01 -3.1947449304e-02 -1.5213382316e-01 -6.7335215240e-02 7.5341369602e-03 -5.6171326335e-02 -1.3146244030e-01
7.7092767856e-02 1.3191184540e-01 9.8024797701e-02 -9.7065951171e-02 -7.7255295085e-03 -4.2013436344e-02 9.1228247379e-02 -7.2268703536e-02 -5.0723979553e-02 4.3135119735e-01 2.0166393034e-03 4.9658355866e-02 -2.1547631192e-01
-1.5523913894e-01 -5.0315140547e-02 -1.4941723203e-01 3.8038578613e-02 -2.0485259954e-01 -1.0710263924e-02 -8.1733515037e-02 4.3272382024e-02 8.8273763121e-02 1.0751771659e-02 -3.7237618763e-02 1.6661090574e-02 7.2204425007e-03
1.5104128689e-01 1.1937752630e-01 1.8421686383e-01 4.0685841610e-02 1.4665708771e-01 1.6512878364e-01 1.1610585214e-01 1.7217103283e-02 -7.8800136596e-02 2.3125537391e-02 6.4008959410e-02 -1.6719986136e-02 -4.0477623388e-02
1.9381926382e-01 1.4868489537e-01 9.6813839582e-02 2.2599533629e-01 2.2803803793e-01 -4.0032475620e-02 -1.3113703758e-02 -1.4609694005e-01 7.0262868848e-02 2.0071477142e-01 7.3260122571e-02 1.4166987352e-01 -2.8066274786e-01
2.6405853309e-01 6.3211869274e-02 1.9076596674e-01 -6.0396997010e-02 1.8129652989e-01 6.4667479585e-02 6.2829055279e-02 5.7013809668e-03 -6.9934893444e-02 1.2556550002e-03 6.2940876745e-03 2.6336700132e-02 -1.2175135607e-03
-5.9373047564e-02 -4.2138747567e-02 -7.2734244783e-02 -1.3387487990e-01 -1.2249070064e-01 3.2413715170e-02 -4.2197021287e-02 6.9887228032e-02 6.0842441845e-02 -1.3248554577e-01 -4.1442900011e-02 7.6118071262e-02 1.3613944250e-01
1.7947114114e-01 3.9602298372e-02 1.5160727131e-01 -6.0795698488e-02 1.0039576084e-01 4.8721449077e-03 8.6144780201e-02 -2.3902447972e-02 -1.4457292362e-01 -4.1009712537e-02 7.6374403569e-02 -1.0722698770e-02 -9.1032940595e-03
1.2046127332e-01 8.2580721346e-02 1.0060645953e-01 -1.0496761579e-02 2.3785038314e-02 -7.1213950486e-02 8.1165132755e-02 -1.5538572354e-01 -6.8772162837e-02 1.0907734194e-01 -2.0302812782e-02 5.3690309100e-02 -9.5690473773e-02
2.5809353383e-02 -9.4118173097e-02 -6.4077655402e-02 1.4634934626e-01 4.5861231150e-02 2.1476857372e-01 -5.4005047351e-02 -2.6955132651e-02 1.1038376621e-01 2.5020508024e-02 7.8780470725e-02 1.0584523886e-01 5.6004601438e-02
-9.4766315268e-02 -2.9656750491e-02 -1.1895382236e-01 1.1798144095e-01 -3.0133525008e-03 1.2172426431e-01 -6.0142098949e-02 3.6223008837e-02 1.5382691888e-01 1.7616561625e-01 8.0937956107e-03 1.2281167318e-02 3.6668152415e-02
4.6769259665e-02 1.1397909202e-01 7.2146008022e-02 1.6476271832e-01 1.1032552720e-01 6.2671994888e-02 5.0697894343e-02 -7.5656901058e-02 -1.3857165777e-02 6.1661211370e-02 8.9731084491e-02 -9.2908944208e-02 -1.9931184357e-02
-8.0453505606e-02 8.0488933265e-02 3.7201101129e-02 1.7195488289e-01 1.1868493870e-01 2.0768084408e-01 -3.7558405294e-02 1.8205028157e-01 5.6179218594e-02 2.6306238048e-02 2.6219331302e-01 2.7014866309e-02 -1.1233598308e-01
-6.7977651100e-02 1.1315376733e-01 -8.5587353828e-02 2.8085814670e-01 2.0434705589e-01 3.0004270994e-01 -2.1984567766e-02 4.5496486261e-02 1.4514321140e-01 2.8836662499e-01 7.5536781679e-02 1.7589803836e-01 3.1430282139e-01
7.7531708381e-02 -1.8306307059e-01 -5.2984748842e-02 -1.9673898666e-01 -2.0117877491e-01 -1.8828259579e-01 -1.3498982274e-01 -4.3750835013e-02 1.4338237679e-01 1.7700597288e-02 1.0058454249e-01 -7.0494717637e-02 -7.4803268941e-02
-2.6514988686e-02 -8.7934043097e-02 -1.2013575757e-01 1.4939345114e-01 1.0109560791e-01 2.3940148660e-01 -3.2156439555e-02 -5.1335449298e-03 5.3475631372e-02 -5.7160688972e-04 3.7594645300e-02 1.6898868259e-01 9.7720108238e-02
3.1197883821e-02 -4.9149253242e-03 1.4668093392e-01 -7.9064014936e-02 1.4893496002e-01 7.2703599860e-02 1.7075190885e-01 1.4587614497e-01 -1.0203590573e-01 -2.1275753822e-02 2.2215102221e-02 -1.0204466678e-01 -1.0015913726e-01
-7.3828193836e-02 -1.8652414998e-01 -2.5339840618e-01 1.0416817599e-01 -2.8231516960e-02 1.0964563478e-01 -2.6543533944e-01 1.6352743609e-02 2.1311740376e-01 2.8444158594e-01 2.2732297444e-03 -1.5982125646e-02 -8.0526527470e-02
-1.9154512346e-01 -1.1110415180e-01 -1.3173864583e-01 -4.1840746877e-02 -1.5068149191e-01 8.0158513523e-03 -1.0981293566e-01 2.3833185611e-01 1.1519798029e-01 -4.4935641023e-02 -2.8988218914e-02 6.4557733001e-02 4.5797165027e-02
1.6068261781e-01 -7.1456478374e-02 -4.0935739560e-02 -1.2431798058e-01 6.7339473373e-02 -2.3794910233e-01 4.9256489267e-02 -2.8214965519e-01 4.3759017324e-02 -6.1678522753e-01 1.5088847506e-02 -5.9343748772e-01 -2.8633336240e-02
2.7919270182e-02 -1.4057114284e-01 -1.0837181034e-01 -6.8537919811e-02 5.9647872176e-03 1.3802626447e-02 3.3458936883e-02 -1.8936062426e-01 5.4292632934e-02 2.0747851352e-01 6.1030133003e-03 2.9531903862e-01 1.7859353870e-01
2.5780131661e-02 4.9544425681e-03 9.3114335334e-02 -4.7345437277e-02 6.2362934715e-02 1.6687831957e-01 3.5519881570e-02 1.4064728721e-01 -7.0273534447e-02 -9.8115959838e-02 -2.0835056928e-02 -4.6282207825e-02 3.5344822521e-03
-1.0393521836e-01 -4.5327732708e-02 -4.6047024033e-02 -1.4457266453e-01 -9.2100082333e-02 -5.3012637120e-03 2.0793121715e-02 6.3405742041e-02 1.3553324845e-02 1.7632018848e-01 -1.4501703534e-01 1.4978748069e-01 9.7122946802e-02
1.0681621866e-01 1.3137105593e-01 1.4121510118e-01 -1.3990234534e-01 1.0522225668e-01 1.2665352538e-02 8.9933956559e-02 3.7057352273e-02 -9.5372389288e-02 9.8469471653e-02 1.3311226851e-01 -1.9916966194e-02 -1.5478079420e-02
-2.2700904803e-01 3.7411820773e-02 -1.4557825651e-01 -8.3002722576e-02 -1.1350082388e-01 -6.0983951721e-02 -4.9259302504e-02 1.1210222057e-01 8.0004021994e-02 2.9909474695e-02 6.4234711772e-02 -6.9485148055e-02 -7.0379466404e-02
1.1677065370e-01 5.8090738947e-02 1.1474327025e-01 -7.7679574302e-02 -3.7180295766e-02 -2.7953184785e-02 1.0871473230e-01 -1.3709482781e-01 -7.1079054362e-02 -1.8321650945e-01 -8.5659709814e-02 -4.5689500078e-02 1.8336876962e-01
-2.5459508851e-01 -7.7253908844e-02 -2.2729845507e-01 -6.9448266496e-03 -1.4248325700e-01 -5.6955978866e-02 -9.0592927807e-02 3.8370108912e-02 1.7130688175e-01 1.3007906433e-03 -4.7449866799e-03 -3.5099910250e-03 1.9393236846e-02
-1.7180128060e-01 -5.8820465212e-02 -7.7355391338e-02 7.3121721873e-02 -6.5576049210e-03 -2.8142895450e-02 -1.2260376297e-01 2.2007448181e-01 5.6321081351e-02 7.0912747647e-02 2.1327127425e-01 1.2598919666e-01 1.5241855420e-02
-8.2271914265e-02 -1.9326540723e-02 -3.8341434973e-02 4.6439311701e-02 -7.0385701460e-02 1.1765958122e-02 -5.4653657102e-02 3.9769370791e-02 -5.2660834749e-03 2.7790324893e-01 -4.2616018658e-02 1.5888383705e-01 1.7306164185e-04
-9.3290816336e-02 -1.6411882529e-02 -4.4900398512e-02 -2.7916460468e-02 -7.9298971643e-02 -3.0853490672e-02 -7.9687228456e-02 3.7060809181e-02 -3.2795141569e-02 -7.0627740135e-02 -1.4265763556e-01 -2.1071435815e-02 9.5620185328e-02
-5.1802598289e-04 1.2057928168e-01 3.7836722153e-02 2.3512871005e-01 -5.6292427845e-02 -1.0169918692e-01 6.4680414398e-02 -2.8226308362e-01 -2.3981172190e-01 1.2669389088e-01 2.0926729547e-01 6.1382444591e-03 -1.3506479850e-01
-1.1643561553e-01 -1.2994399934e-01 -8.4845686883e-02 5.0958811126e-03 -2.5233897139e-01 -7.8767721482e-02 2.5983642980e-02 -1.1371276411e-01 -5.6410616550e-02 -1.7231733820e-02 -2.0349728513e-01 -8.0499876552e-02 9.1825402623e-03
-1.1172708839e-01 3.7898494303e-02 -4.6455775201e-02 2.2886273054e-01 -3.8021117534e-02 1.2104693653e-01 -1.0258548444e-01 2.4668115690e-02 1.6334844489e-01 9.2328581587e-02 2.7399850371e-02 6.8732812894e-03 1.3603352366e-01
-6.1684699865e-02 -6.9017587784e-02 -2.5710607208e-02 -3.8782027817e-02 -1.5104953023e-01 -3.0017023122e-02 -7.4703196905e-03 3.0526214899e-02 3.2118431039e-03 -1.6977338971e-01 -1.1647321856e-01 1.4808667076e-01 1.3933383698e-01
6.2086303686e-03 8.4235883039e-02 5.3690589510e-02 -1.5700368463e-01 2.3816555354e-02 -1.4784348187e-01 4.2002032109e-02 2.1283189024e-02 -8.7340820833e-02 -2.7784886281e-02 -1.8173633552e-01 -3.0599755959e-01 -1.6886938564e-01
2.0526527043e-01 -1.1428544569e-02 2.5523555982e-01 -1.4452289039e-01 7.6945314757e-02 -3.0052504568e-02 1.1799181886e-01 8.8551935381e-02 -1.0871163256e-01 1.9617778717e-02 1.3003853463e-01 -6.7377168933e-02 -7.3987236991e-02
-2.0663953179e-01 1.1185715480e-01 -4.0521939373e-02 1.3609144005e-01 -7.1428715293e-02 3.5959424452e-02 -5.8598889354e-02 2.9607276776e-02 4.1513804815e-02 -1.7398733062e-02 4.5464448304e-02 1.4576822862e-02 -7.4980737011e-02
-3.4772702371e-01 6.7145285748e-02 -1.0227714322e-01 6.9615630245e-03 -1.6636033006e-01 1.8036456439e-02 -2.8060072913e-02 2.4294083499e-01 7.8692939236e-02 -1.0011015483e-01 7.7776888341e-02 1.2211448325e-03 -2.0817331792e-02
2.4673709227e-01 5.3249937091e-02 2.3342459280e-01 -1.9343430874e-02 1.6436671943e-01 5.4860878877e-02 1.1644108913e-01 -3.7063882030e-02 -1.3072637518e-01 5.5136292898e-03 -1.0786181803e-02 7.0294210303e-03 2.4478706635e-02
1.8506397270e-01 5.6080230559e-02 1.4635936358e-01 -7.9017974272e-03 2.8716561272e-02 -7.0958280005e-02 -3.2797980924e-02 -6.2963271858e-02 5.0820716878e-02 1.3053837660e-01 9.3438476854e-02 8.8601483383e-02 -5.1493667966e-02
1.7206639379e-01 -3.0558315823e-03 5.0093461499e-02 4.0365200610e-04 2.3475404766e-01 1.8576837319e-02 -4.4589001721e-02 3.9869593754e-02 -6.0374098262e-02 2.8575872644e-01 5.2108888099e-02 5.9069814358e-02 -1.8487711237e-01
-1.0032312244e-01 -9.3566762664e-03 -1.0692801395e-01 1.7023304674e-01 8.7533361899e-02 1.4296736487e-01 -7.9803087244e-02 6.8138168985e-02 4.8018197104e-02 -3.2973721840e-01 4.8331492124e-02 -4.0393402148e-02 1.6010262269e-01
1.8952200076e-01 -9.4653622521e-02 1.1101243541e-01 -1.9981602849e-01 7.0916318541e-02 -8.1725472179e-02 9.2228752442e-02 -1.0390930099e-01 -8.3839840324e-02 -4.8545936834e-02 -2.5643411372e-02 9.5413939030e-03 -6.3027649671e-02
-6.7373825720e-02 -2.2331783958e-01 -8.9062558499e-02 -4.2964039754e-02 -1.8511988570e-01 -9.6481872969e-02 -4.6610493634e-02 1.5510577934e-02 8.2133597297e-02 -1.1825923612e-02 1.5086226945e-03 1.3778025691e-01 -1.9237813688e-02
-1.3420017544e-01 -8.4742238666e-02 -1.7471429857e-01 9.6140351159e-02 -4.8215535101e-02 -3.1082503025e-02 -5.6882821753e-02 -7.7957567865e-02 5.8497821826e-02 1.1377970261e-02 6.2431517638e-02 -1.3227674983e-02 2.1701607597e-02
-6.0357893267e-02 -1.0918405908e-02 1.4655160336e-02 -9.7040691151e-02 5.7664820393e-02 8.9484018209e-02 2.4337265713e-01 -9.1618019788e-03 -2.0979108275e-01 -1.9550350216e-01 -2.7471379019e-01 -2.7520649227e-01 1.2153902267e-01
-9.3871617814e-02 1.8177532331e-01 3.4223737354e-02 -1.3197955287e-01 7.5732355572e-02 -7.5507196633e-02 1.9676468279e-01 3.9435794586e-02 -8.6960492182e-02 2.4719687585e-02 6.3672065646e-02 -6.1354993103e-02 -3.7461648327e-02
1.2919274032e-01 8.0164321905e-02 1.8205354866e-01 4.3846287877e-02 1.9312469965e-01 1.1701655661e-01 1.4295872725e-01 5.3718437041e-02 -2.0526952024e-01 1.2000968921e-03 -5.1622235584e-02 8.2152030696e-02 -3.2314707544e-02
2.4874378310e-01 -5.3914273119e-02 1.0307180181e-01 -2.1143310878e-02 1.6771794089e-01 -5.0689788746e-02 1.0295994013e-01 -1.3038396734e-01 -1.3963060142e-01 3.0410622935e-02 1.2788269049e-02 -4.0131479431e-03 -1.3601161869e-03
6.9075552245e-02 -1.0477053801e-01 -1.7433716041e-01 1.2930378263e-01 -8.2690893635e-02 -3.5538967553e-02 -1.5733364505e-01 -2.9323777735e-01 1.1181130711e-01 -2.9256851489e-02 -1.4551599589e-01 7.1295272439e-02 6.8923321983e-02
6.8016690093e-02 1.6116214804e-02 6.1979240318e-02 -1.3525489705e-01 8.1684754910e-02 1.0718245248e-02 1.0052553687e-01 6.5044206740e-02 -9.4229619255e-03 -1.8310929996e-02 8.1428394036e-02 -4.7212542172e-02 3.8464663221e-03
-2.0418424906e-01 3.4235608555e-02 -9.0355804820e-02 5.5686643096e-02 2.0010016826e-01 1.6438388222e-01 4.5652077984e-02 1.8834868630e-01 7.8234206129e-02 2.2729664968e-01 6.4919350870e-02 7.7989262369e-02 1.5698566379e-01
-1.0462941451e-02 6.6538609968e-02 2.4766264998e-02 1.2745006838e-01 9.5130544406e-02 -1.4447772830e-01 5.8491798778e-03 -3.3281970910e-02 1.7551619509e-02 4.8119455536e-02 -2.5442826338e-02 -6.1556670166e-02 -1.0558406045e-01
