-1.0052690526e-01 5.4462813332e-02 -5.9445055865e-02 -7.9853989868e-02 -2.1001391204e-01
4.6939440919e-02 -3.1952677125e-02 -1.2167263173e-01 -2.5405628201e-02 -1.1030841775e-01
-1.8223375800e-02 -1.2315846377e-02 -8.1935983396e-02 1.5905948099e-01 1.0417293690e-02
5.8036410637e-02 -3.3167130937e-02 -1.1646095433e-01 -2.6892096096e-03 -6.6734663731e-02
1.4526983634e-01 9.1636573693e-02 9.9933015485e-02 1.1341312045e-01 -7.8657481134e-02
-1.9164269286e-01 -5.9708107635e-02 -5.2345920766e-02 1.6259643009e-02 -5.6323408418e-02
4.9901771643e-02 3.2091091749e-02 5.6193350301e-02 1.1564356221e-01 -1.6420199036e-01
8.1990965934e-02 3.0370433609e-02 -5.9111159141e-02 9.2555899912e-02 -1.3723248484e-01
-3.2816463796e-02 5.4889347381e-02 5.0810444768e-03 7.0152666420e-02 1.3893174626e-01
7.8597810585e-02 -4.7286035422e-03 -5.0883749105e-02 -6.0794601178e-02 1.3868102546e-01
-4.6276676306e-02 -1.4165037441e-02 -4.9041140021e-02 1.2990141344e-01 1.2256269788e-01
4.8134090876e-03 -4.8985522429e-02 -1.0484222356e-01 -2.5084326567e-01 -1.8871465925e-02
8.8006297422e-02 -1.3623359462e-01 -1.0832799135e-01 -1.0833175846e-03 5.6018429585e-02
1.7471240340e-01 4.3179603118e-02 -1.0909195113e-01 1.0995532572e-02 -8.2687300042e-02
1.1302356016e-02 -1.8443965467e-01 -3.4807433657e-02 -5.4331507801e-02 1.0231839567e-01
-1.0409265412e-02 8.8840600286e-02 -1.6520682956e-01 -8.0806647938e-02 -1.6895219913e-01
-1.0724554186e-01 -3.0035377597e-02 -8.9527362859e-02 9.3931050341e-02 4.1924452924e-02
2.3376968696e-01 7.7433331735e-02 7.1737819701e-02 -1.5622996094e-02 -1.8879038586e-01
-4.5031502545e-03 3.6013621312e-02 -1.2046123439e-01 5.3873259267e-02 -8.2648444439e-02
3.8121893735e-02 -1.9850587231e-01 -3.5930972661e-02 1.5811011355e-01 -3.6788764481e-03
-8.8848842684e-02 1.3908423854e-01 -7.5465767841e-03 1.5423922765e-01 -6.3129610015e-02
-1.4688922789e-01 -9.5850859693e-02 1.0456645567e-02 1.9721295647e-01 1.7652863853e-01
-3.8337696508e-02 -5.3149404346e-03 1.3660583020e-03 -6.9920543864e-02 -1.5381811371e-01
3.6329700839e-02 -1.3664552668e-02 -6.4079794182e-02 2.9203068993e-01 1.5218697524e-02
-4.8383216855e-02 9.6672396427e-03 3.5847354465e-01 1.5874841925e-01 -2.0893971360e-02
-1.6613970525e-01 -1.5128511825e-01 -1.7847642383e-01 1.2027890621e-01 -2.7863695334e-02
2.5945816735e-01 -1.1522575504e-03 9.9714847872e-04 1.8734823780e-02 8.1022329182e-02
1.3834616935e-01 -2.2423595400e-01 -3.4069410396e-01 -1.4483556353e-01 7.5370872194e-02
-1.8919428451e-01 1.5738338934e-01 -1.7485455836e-01 -2.8727819078e-02 1.0194874247e-01
-1.5467808250e-01 -1.9160945295e-02 8.6712349573e-02 7.3135296797e-02 -2.5855921136e-02
-8.7584872620e-02 1.1014054364e-01 -2.3144131079e-02 3.4842220865e-02 -9.8824559434e-02
6.6924658197e-02 -1.9100676568e-01 4.3203381719e-02 -3.5307281297e-02 -2.9296316763e-02
1.6856365827e-02 6.1775258566e-03 -7.4952020794e-02 -2.8806933658e-02 -1.7150071152e-01
1.5613451252e-02 -6.3298702599e-04 -6.9357036341e-02 8.7825796890e-02 3.1577885141e-01
-7.7349095352e-02 1.1545198994e-01 9.8509317698e-02 -4.4959699286e-02 -8.1989189692e-02
2.1357638903e-01 -6.0403014275e-03 -1.9235149648e-01 2.4305295474e-01 -3.7230470554e-02
4.2327061743e-02 -4.8165281576e-02 5.4651427041e-02 -1.2623140876e-01 1.9160446942e-01
-7.0380156205e-02 -9.3912971941e-02 -3.8002922957e-02 5.8673710156e-03 -5.4198258761e-02
-1.3093431554e-01 -4.0749223410e-02 -4.3038501716e-02 -8.5219110949e-02 3.3257314063e-02
-4.7157035536e-02 -4.8572982499e-02 6.8192400649e-02 7.1913488665e-02 -1.3745446641e-01
-7.2272753027e-02 1.7136768770e-01 -2.8518908169e-02 -6.6863188478e-02 4.6124651535e-04
1.2440804163e-02 1.1787472546e-01 -1.9510702965e-01 -1.9649038466e-01 -3.3174198233e-02
2.3610694103e-02 -1.0228188266e-01 3.7030288896e-02 1.7087756377e-01 4.7353004638e-02
2.0123567590e-01 2.1979503870e-02 -1.9027382698e-02 -1.5062761062e-02 -9.6120302287e-02
2.2926185654e-01 -7.3596436203e-02 -7.3592291343e-02 -1.0072852717e-01 -1.0840352503e-02
-3.2565608966e-02 4.7871363247e-02 -4.8698845930e-02 -8.9653298672e-02 -1.5131635327e-01
6.9029090021e-02 -1.5185552064e-01 1.2430215732e-01 -2.7991199309e-02 3.1029581777e-02
8.0284890494e-02 -1.9239701500e-01 6.4424405541e-03 -1.6744313395e-01 3.5086838355e-03
-4.9602859764e-03 2.0479618667e-01 -8.5895221017e-02 -2.3891995250e-02 5.3883716050e-02
-8.1257593346e-04 7.4108837159e-02 -7.6671343565e-02 1.1693234602e-01 -5.4324709775e-02
-3.6643035890e-02 4.3186017462e-02 -8.9586791435e-02 1.6478471857e-02 -1.3859881303e-02
1.9132880163e-01 5.5138520147e-02 5.1046796959e-02 1.8102956909e-02 -5.5214639808e-02
-4.9320930018e-02 -1.8549531474e-01 1.8574685751e-01 -1.3203271915e-01 1.1402246555e-01
7.0200306124e-02 1.0232763797e-01 -2.0978669339e-01 8.9315816554e-02 8.9823255511e-02
-9.7248016112e-02 8.3116257898e-02 -2.1109220400e-02 8.1311033228e-02 -1.2318254557e-01
4.8448291906e-02 2.2736656349e-01 -7.8730939223e-02 -6.7413579915e-02 1.2356869513e-01
-9.7308883389e-02 7.5452133454e-02 3.9221543647e-02 -1.3393092364e-01 2.2314611646e-01
5.5187142533e-02 4.8416141384e-02 -1.1825600555e-01 1.4083647225e-01 1.7846940836e-01
3.9517377049e-02 4.4114109642e-02 4.4902001886e-02 9.4162680619e-02 2.0854230673e-01
-3.4015295320e-02 4.8839448808e-02 1.0295881333e-01 1.8478405150e-01 -6.3915939707e-02
6.3347770491e-03 -3.4683349216e-02 -1.4082814097e-01 6.8587959200e-02 1.7357420827e-02
-2.4072832041e-01 4.3919168235e-02 -8.5807495416e-02 5.0094413578e-02 8.1909487501e-02
1.2006084015e-01 -1.3825316360e-01 1.5951636620e-02 3.3538794944e-01 -1.0807180347e-01
-6.5274597733e-02 -1.1943543497e-02 -6.6362766886e-02 -6.0104725725e-02 -7.5392564608e-02
1.0825876385e-01 1.2565222090e-01 1.4487519529e-02 1.6862341708e-02 1.0370915492e-01
5.8221484230e-02 1.4321058543e-01 -2.2357918517e-01 -9.8303724806e-02 1.9373859889e-02
7.7615164259e-03 2.4283315620e-02 -9.6209879526e-02 -5.0627254804e-02 3.9281466895e-02
3.0960517246e-01 -2.1054376382e-01 1.6304125909e-01 7.2920573590e-02 -3.7969218458e-02
-8.9694201614e-03 -5.3937504817e-02 4.3138924381e-03 4.6502087147e-02 4.0187028469e-02
2.5162566559e-02 5.6148992582e-02 5.4172989945e-02 1.1336904175e-01 2.6965012279e-02
7.3729009777e-02 -8.9837412679e-02 1.0685483436e-02 -3.8599970746e-03 6.1147746607e-02
-2.0555857759e-02 -1.0994827188e-01 -1.6375451321e-01 -1.1147405930e-02 -1.0941727901e-01
-2.6181391870e-02 -7.3929314344e-02 -4.8405152777e-02 -3.8300922591e-02 1.3879555088e-01
-8.8047659803e-02 -9.6561658908e-02 1.1304024133e-01 1.3464149473e-01 -4.9343489566e-02
-1.3598183715e-01 -2.3308471605e-01 -2.0653712218e-01 2.8482788496e-02 1.2082154583e-01
2.2457124858e-02 -2.1435378257e-02 9.7874283103e-02 -7.2285309565e-02 -6.2780755892e-02
-1.7725761084e-01 1.2501841411e-02 6.4250223523e-02 -1.6653701808e-01 -1.4028090685e-01
7.8028696900e-02 -3.0342257466e-02 1.7200877841e-01 1.7551270723e-02 -6.4208225620e-02
1.0475944117e-01 3.4881429012e-03 8.5747061456e-02 1.0024531559e-01 -1.2417264346e-01
1.1951229719e-02 -1.3863156564e-01 9.6315929484e-02 1.2073766235e-01 -2.3619037769e-02
9.2669513720e-02 6.2044192000e-02 1.8280877157e-01 -6.4730415796e-02 2.1617165893e-01
8.7800575167e-03 -1.5462977742e-02 6.9409472498e-03 -6.0401628285e-02 -1.4162086407e-01
9.7983718779e-03 1.0154753577e-02 5.0199616943e-02 -1.4542268855e-02 1.4549852294e-01
-7.9277688708e-02 -1.1000537420e-02 1.0781313459e-01 3.7144097779e-02 3.6192644519e-02
-6.8317922507e-02 -5.5729801734e-02 1.1167398599e-02 -1.1046182733e-01 -2.3539515969e-02
8.8252905956e-02 8.2279942439e-02 4.2200323265e-02 2.2187389826e-01 -1.4246249108e-04
-1.8178672753e-01 5.1386677565e-02 1.3407415203e-01 -5.5748600629e-02 1.3002678071e-02
7.4711917419e-02 3.3477851159e-02 -1.1426325008e-01 5.1526414074e-02 -8.7269057007e-02
6.8372049768e-02 1.5410515276e-02 -1.2034925553e-02 -1.8238979351e-01 -6.6119145453e-02
-3.7412151849e-02 -4.7495776315e-02 -8.8260491203e-02 7.2663651560e-02 -1.8930090787e-01
-2.3046391640e-02 -1.5746519340e-01 -7.4210311974e-02 -4.5580452326e-04 -4.2774698758e-02
1.2914933899e-01 -1.5563165938e-02 -2.3569022583e-01 2.7754310889e-02 1.4736647155e-01
-3.9864704739e-02 -1.0068775158e-01 -6.6263662395e-02 1.1798492877e-01 -7.5818165263e-03
7.3729054093e-02 -2.5610853318e-02 2.2186828475e-03 -1.1187747179e-01 1.7319644328e-01
-8.1780612723e-02 -4.4194035685e-02 -1.3687036533e-02 -8.5754563794e-02 1.4903241882e-01
1.0061576133e-01 4.9793988074e-02 6.2866078505e-02 9.7805849319e-02 9.3511368072e-02
1.3408069036e-01 2.7292886269e-01 8.5047848825e-02 -8.8800377524e-03 1.6346171909e-02
6.8397546961e-02 4.7470607351e-02 -7.5775475111e-02 -7.7835558464e-02 -1.4422690946e-01
5.7551227789e-02 -1.3063447611e-01 -8.5117188336e-02 -4.7786374994e-02 6.9399075551e-03
6.9000565873e-02 -5.6009470423e-02 1.7541513940e-01 -9.1035532037e-02 -1.9751965970e-02
-2.7898260008e-02 6.2071846793e-02 -3.7687197944e-02 7.4735979775e-02 -5.7959231988e-03
-3.5566944447e-02 7.4547502027e-02 8.4784524013e-02 -1.9485864944e-02 -2.7427170837e-02
-1.1408545864e-01 -2.4127363417e-02 -4.3437589862e-02 -5.9646001592e-02 -3.0671282394e-02
-1.7747702990e-01 -2.2310506315e-02 8.8258734868e-02 2.1132611643e-01 -1.2821409569e-01
1.4722928231e-01 -3.3747056276e-03 1.7656691146e-01 -2.7551123899e-02 2.3078691392e-02
-1.0354992610e-01 1.4303589769e-01 1.2713740101e-01 2.4154814326e-02 -5.3867502907e-02
