-6.9198179747e-02 -5.4662179097e-02 -6.7467066639e-03 7.4051083787e-02 6.6088671620e-02
-3.5714011117e-02 3.8713078820e-02 1.0456169796e-02 5.1213616374e-02 -1.6650139628e-02
-9.7380900509e-02 -8.8101241522e-02 5.0721729434e-02 -1.3941289092e-02 9.4674154676e-02
-6.4798785846e-02 8.8208701074e-02 1.5390558381e-02 -3.8742029024e-02 -9.3422153685e-02
7.9096037403e-02 2.4304503957e-02 4.4597362881e-02 3.0978451416e-02 3.2680402402e-02
1.1695066464e-02 1.6630939111e-02 -5.3433368332e-02 7.3169498586e-02 3.4625862091e-02
-5.7975928344e-03 -4.0132942756e-02 -3.1223229824e-02 6.3835546083e-02 3.2504402816e-02
-6.5717820688e-02 -1.7793154407e-02 1.8506700080e-02 -1.1643824938e-01 6.0896800066e-02
2.1064482161e-02 1.4188769820e-02 -3.2340903784e-02 1.1384385879e-02 -3.0049295825e-02
9.0293870781e-02 -2.7204594079e-02 1.0146678438e-02 5.3305822781e-02 1.7194386443e-01
2.3397320300e-03 4.0838298259e-03 -2.0184425670e-02 -1.5869485155e-02 -5.1174595740e-02
-3.3086275134e-03 3.8122101418e-03 -5.8032802773e-02 1.6160360245e-02 -5.8011376000e-02
-7.1524506333e-02 7.2104424526e-02 -2.4755080291e-02 6.4571165829e-02 -3.6477049472e-02
-2.0809237267e-02 6.0028909417e-02 1.9731347005e-02 7.3789552322e-02 -5.3243843865e-03
-4.0514472828e-02 -1.6960824960e-02 -7.1123740624e-03 2.6730409405e-02 -7.2230076174e-02
-1.1363348109e-01 1.0405282903e-01 -3.0334578964e-02 -9.3116463189e-03 -1.6352887186e-02
-1.8528838588e-02 6.0013001306e-03 7.5782088104e-03 8.8872158455e-03 5.7815599432e-02
5.6125194541e-02 1.4497200092e-02 7.9891499286e-02 4.7109859140e-02 1.0363114641e-03
8.3626974790e-03 -1.7107924957e-02 6.6873823883e-02 -1.7735849954e-02 3.8606127103e-03
3.5988000014e-02 -1.0936892118e-01 -5.4133900117e-02 3.4314740645e-02 -1.6925197542e-03
-3.0698471643e-02 -4.0079471100e-02 -1.0123804962e-02 7.2927029056e-02 3.3452384880e-02
7.4453658644e-03 -2.1115061437e-02 7.6733522524e-03 4.2497132417e-02 9.0389216792e-02
-9.5465189176e-02 3.0545632723e-02 -6.7855247086e-02 -8.5529300223e-02 1.9156123982e-02
5.1411553482e-02 -5.9406770014e-02 6.1119402706e-02 5.1056774416e-02 2.0233516392e-02
2.3445966716e-03 1.0406097182e-02 -5.2390547645e-02 -1.1117064903e-01 3.4878296820e-02
-3.4149664633e-02 -1.0465522918e-01 2.9121900101e-03 -5.6066700039e-02 2.4745305454e-02
-5.9052812228e-03 -1.1356848248e-03 -7.5297774247e-02 7.1629780408e-02 -9.7543156842e-03
-6.0603996691e-02 6.5243885421e-02 2.3960843367e-02 4.0931831525e-02 -1.0797764452e-02
-2.2097026034e-02 -1.7175507585e-01 -4.7935769032e-02 1.3767043116e-02 4.9463093550e-02
-2.1401544291e-03 6.2483531044e-03 -6.2802979322e-02 -6.6690810850e-03 -2.3004075100e-03
-6.0673070450e-02 2.3197033278e-02 -4.5035381164e-02 -5.9654271002e-02 1.0243463733e-01
-6.7244723979e-02 -4.6338669689e-02 1.1086003083e-01 -2.0041294164e-02 5.1634925099e-02
-3.5025575004e-02 -4.7546537624e-02 -3.1518089672e-02 -1.6351212150e-03 6.0027708806e-02
1.2783905625e-01 4.1137345188e-02 8.6184364169e-02 -4.9322880551e-02 -6.2618303266e-02
4.8250092798e-02 -8.3274218089e-02 -1.7236701592e-01 -6.6073967628e-02 6.6718240314e-02
-7.8658006264e-02 3.5233772461e-03 9.1208631039e-02 -1.3852857601e-02 4.1660345292e-02
1.0262692770e-02 2.9914962419e-02 4.8225181915e-02 7.1197662834e-02 -9.7167374075e-03
-1.0556883969e-01 -9.4405059086e-02 7.0467171671e-03 6.5773872453e-02 4.3696716966e-03
8.5908982176e-03 -1.0598417867e-01 -4.5341850756e-02 1.2010934012e-02 -4.4743989105e-02
6.8626443907e-02 6.8944529596e-02 1.4117134200e-02 -3.2972597472e-02 -5.5140264003e-02
1.8386831153e-02 -4.5164044279e-02 6.0664496092e-02 1.0048486285e-01 2.1629581054e-02
-1.5813677226e-02 6.0032363194e-03 7.5937696010e-02 -5.5451841960e-03 4.2999539751e-02
-3.5871836233e-02 -2.0054068703e-02 3.8206751358e-02 -7.5214939991e-03 -1.1540954525e-01
1.3525249901e-02 -6.3432536860e-02 6.5771957758e-02 1.5008632990e-02 1.2048657595e-01
-4.3980119544e-02 -7.8625524823e-02 6.0750790004e-02 -8.1722952594e-03 -1.3439932638e-02
3.9690654497e-02 -5.7052185320e-02 -8.9693111009e-02 3.9202821979e-02 -8.7750620911e-02
-1.4613297477e-03 6.5702260102e-02 -1.2400257819e-02 -1.0568682871e-01 -2.9503688451e-02
-2.2697950202e-02 5.4772763643e-02 -2.9469617856e-02 -1.0414277689e-03 -1.5867945380e-02
6.6821672750e-02 2.8695678024e-02 -1.4477033995e-02 -1.3344001107e-01 2.6483939961e-02
-4.6773985864e-03 1.8473660711e-02 -4.8699120376e-02 -4.3657574891e-02 1.1802438562e-01
9.7555520867e-02 -5.7639704613e-02 1.2419055320e-02 1.3764440827e-02 6.3922874947e-02
-1.6475090246e-02 1.0105467858e-02 -1.0214707698e-01 1.1461477623e-04 5.1526736357e-02
-3.9905851959e-02 2.1998740175e-02 7.5824777359e-02 -7.7748151131e-02 4.5048635710e-02
1.0186622653e-01 -5.9288468537e-02 -6.8662919488e-02 -1.3295449531e-02 -4.7921630689e-02
-3.7990320893e-02 -2.4297453476e-03 2.8625140567e-02 -5.7981733004e-02 -2.6451657499e-02
-2.6593894506e-02 2.0459651684e-02 4.7757647290e-02 1.1052825335e-01 4.4508541483e-02
-1.7528918846e-03 -4.2650977639e-03 -1.1723782509e-02 5.9601241505e-02 -1.3100013060e-01
3.0447946670e-03 -1.5350047693e-02 7.2086464349e-02 -1.7410203460e-04 -3.3672725759e-02
-4.6772695763e-02 4.6489362413e-03 -3.2520176227e-02 -2.0758266499e-02 -8.3896547496e-02
-6.7917668873e-03 -8.9769995937e-03 1.9688463666e-02 -2.8541846097e-02 -3.2369165002e-02
5.4429235908e-02 -5.7516056230e-02 -3.4238616569e-02 -3.5223239702e-04 5.6136366610e-02
7.7019534312e-02 -4.6037974994e-02 -2.2215184237e-02 4.4186488107e-02 -6.2451326605e-02
-1.5174767273e-02 2.6161376928e-04 -3.2585721768e-02 -7.1093601009e-02 -3.1120618778e-02
1.1890937315e-02 7.6984513145e-03 2.9955929703e-02 -2.7982813695e-02 -1.0123330878e-01
5.5603227741e-02 5.2833357448e-02 1.4932775942e-01 1.6116935228e-02 -1.1090528420e-04
1.0009762001e-01 1.1941997879e-02 -2.5472451350e-02 -1.1620346672e-01 1.7755584198e-02
-5.5102683064e-02 -1.0139096114e-01 -4.5252649481e-03 -2.7706761004e-02 -4.4888299678e-02
-4.9752697742e-03 1.9933693272e-02 6.8656088782e-02 3.5864623599e-02 -1.1500269197e-02
-4.2051725110e-02 2.1906706400e-02 3.1107925915e-03 8.7961249884e-02 1.1695147488e-01
1.2086451386e-01 1.4121414574e-02 2.7153358151e-02 -1.5890317377e-02 2.5276867587e-02
-5.5157735375e-02 -5.1917105921e-02 -6.2527576663e-02 -1.4273386413e-01 -1.0289800691e-01
2.1276155590e-02 -2.4449246722e-02 -2.7477558978e-02 9.1911051712e-03 2.0462775864e-03
-9.9979558324e-02 -1.5306595466e-02 3.0109240639e-02 9.3139175233e-02 2.4235814778e-02
-4.4821836036e-02 1.3795057175e-01 -1.9004036981e-03 -9.6993743395e-03 6.6185173446e-03
7.8560034861e-02 -4.4443531294e-02 -1.9258717433e-02 -8.5323376733e-02 1.6019653462e-02
-1.3070266113e-02 -2.6320105260e-03 -5.5768405263e-02 1.5199277860e-02 -9.3159330612e-02
-4.5448439043e-02 -6.5231373097e-04 9.9820292226e-02 -7.0621301163e-02 -2.1035704498e-03
1.3673962494e-02 -8.7737305103e-03 8.2778042201e-02 -1.0265214828e-01 -1.9934079567e-03
1.8090627223e-02 3.5133144228e-02 -6.1538262191e-02 -2.5977327755e-02 -4.3033745584e-02
-5.6570774988e-02 7.6318156405e-02 -3.4460765250e-02 -4.6814248894e-02 -5.2034055597e-02
-4.0144211663e-02 3.3889894598e-03 -5.0390188970e-02 -3.2733375673e-02 3.9260318678e-02
-5.6658924247e-02 -4.1336535515e-02 1.2540799244e-01 -6.5288834668e-02 -1.7487311489e-02
4.1165160194e-02 3.1276028366e-02 -3.7847754250e-02 -1.6710311416e-03 -4.1342948531e-02
5.6240697641e-02 7.1367799007e-02 2.2572246586e-02 8.1587515587e-02 7.5517504102e-02
-6.5088789156e-02 -7.0330945366e-03 4.9503035441e-02 3.1845926137e-02 -5.4591360137e-02
-6.3822511424e-02 6.7575382961e-02 1.0016134028e-01 -3.1316781717e-02 -3.0673222632e-02
-2.8855977590e-02 5.0596639913e-02 3.4445050623e-02 -4.4676443964e-02 4.3514692127e-02
5.7435900998e-03 6.5978679555e-02 5.0338180173e-02 1.7167929161e-01 3.6246164832e-02
-7.4581114964e-04 -2.8978411952e-02 3.6676897334e-02 1.5175460562e-02 2.7004012438e-02
6.5868837132e-02 -5.2144704215e-02 3.3162435355e-03 3.3889645974e-02 -3.0929042343e-02
6.5151528454e-02 -1.8786179135e-02 4.3959521145e-02 -6.5608822965e-02 1.0419868509e-01
9.6341549804e-03 -3.4538127793e-02 7.9243279643e-02 7.1559170626e-03 3.9688235301e-02
4.0097588873e-02 -8.5436919087e-02 -4.7554305642e-02 -1.4953498802e-01 -1.4360472103e-02
-1.4226026964e-02 -7.0546905804e-02 5.1489756695e-02 8.8403467830e-02 -5.3166583832e-03
-7.4534112320e-02 6.4121954626e-02 -3.4301072206e-02 7.2528210694e-02 3.5537566033e-02
2.0628801943e-02 -2.8102352920e-02 4.9965130646e-02 -5.7204032209e-02 8.6355010767e-02
-7.2967379639e-03 1.2825766803e-01 5.6810739829e-02 -1.3739954198e-01 -2.7137018318e-02
7.5541274038e-02 -3.7951115842e-02 -4.4945023173e-02 2.9105839733e-02 1.1961886595e-02
-4.4859763775e-02 -1.1148019060e-01 2.7237523657e-02 7.1993329704e-02 4.1297455594e-03
5.0643982953e-02 -4.4382953949e-02 -5.5165863566e-02 2.7356253868e-04 4.5931333148e-02
1.0828419189e-01 -1.3589773432e-01 -1.0484739014e-03 2.7560106216e-02 -9.1902470069e-03
-2.3875765336e-03 9.1072879672e-03 5.8126534834e-02 1.4830314071e-01 -7.4835885323e-02
-8.0242146906e-02 -1.3535105876e-02 -3.1058902965e-02 -1.8039069002e-02 8.0521264771e-02
-6.6967812665e-02 8.7615912464e-02 -7.0758120820e-02 2.1502373493e-02 3.1573289855e-02
-2.8373241933e-02 1.4630177131e-02 9.9811879431e-02 -8.0790078703e-02 3.9135589328e-03
-7.5809651508e-02 8.4288293857e-02 -8.5447206279e-03 4.3114971366e-02 9.5532146339e-02
-9.9210511637e-02 -8.0260453521e-03 -1.1941736750e-02 -1.5701020396e-03 -3.6334815005e-02
3.1288308115e-02 5.5894450986e-02 -8.8486484573e-03 -9.9201185828e-02 1.1109650658e-02
-8.9751378743e-02 -6.0309501824e-02 -3.3554785836e-02 -4.8751495565e-02 5.8970595632e-02
-5.2997656071e-04 3.3804651614e-02 -1.1486221043e-01 -1.0452078429e-02 -4.4480815709e-02
-1.3380255093e-02 8.2804698432e-03 8.8014951937e-02 1.0238887208e-01 -7.6276195188e-02
1.9448452345e-03 -1.1606825350e-01 1.9589126414e-02 -2.4348816099e-02 3.9090428569e-02
-5.7331382927e-02 -2.4310863653e-02 7.8587610054e-03 -6.2797575836e-02 -1.0665813447e-02
-1.9070350155e-02 8.7320898292e-02 1.3283026612e-02 -7.1679848516e-02 -2.4138676643e-03
-7.3882047893e-02 4.8718064010e-02 -3.5568201482e-03 8.4085730567e-03 -6.4003188782e-03
1.3008712049e-01 -4.0031010109e-02 -7.7668089449e-03 4.7430534566e-02 2.2966102124e-02
3.8764271520e-03 7.9957335801e-04 -1.0234629379e-02 5.1744678300e-03 -1.1847234753e-01
7.5348005173e-02 -2.6265033100e-02 4.9678181841e-02 -5.0034122802e-02 3.9743073155e-02
6.8066696689e-02 -5.1263955363e-02 2.4952522704e-02 7.3603206339e-03 -7.6824263713e-04
1.5739493026e-02 -5.8697139365e-02 6.5664612288e-02 -2.4618858485e-02 -6.9169406063e-02
1.6055573037e-04 -1.5936457197e-02 3.7923731124e-02 -6.6070133567e-02 9.2516321830e-02
-5.7448609350e-02 -2.0525533736e-02 -5.5588529467e-02 9.6655110582e-03 -4.6002923055e-03
9.3399944154e-02 2.9008600043e-02 -4.1515887833e-02 -1.8992177179e-02 -6.1218007561e-02
-2.3736094447e-02 2.9208914703e-02 -2.4910559148e-03 -6.6028766767e-02 -5.1256137874e-02
1.3188973198e-03 3.3824630075e-02 -4.3904308952e-02 1.7752376662e-02 7.7115611539e-02
-6.3267474196e-02 -2.3218022968e-02 -4.2588462071e-02 3.7491462749e-02 -1.0173317015e-03
6.8716867263e-03 -6.4297900045e-02 4.3741012673e-02 -7.3655596309e-02 -1.2794087559e-01
5.9422659828e-03 8.1745830689e-02 -1.0134067388e-02 1.0783569102e-02 -8.3275818748e-03
9.1998926994e-02 -2.7008089545e-03 -7.5223919101e-02 -4.0043819325e-02 -4.2260477624e-02
2.9423159635e-02 -3.4729322602e-02 6.9918946178e-03 3.1360098806e-02 3.3435063286e-03
1.2197382159e-01 -4.0993132904e-02 -5.4072864605e-02 5.5217471480e-02 3.8643575080e-02
7.7605549935e-02 2.6840667060e-02 4.9930394428e-02 -2.2553792396e-03 4.0935492928e-03
-1.6070872279e-02 -9.4821349046e-02 -6.3993487848e-03 -3.6582744416e-02 4.9027377859e-02
2.2714817180e-02 1.2803261908e-02 1.6312159170e-03 7.5352290117e-02 4.9617533850e-02
-4.4257814708e-02 -1.1681071055e-02 -7.3366562620e-02 4.0123823869e-02 -1.8354085308e-02
-5.7973466929e-02 4.9760516531e-03 5.5512096680e-02 -7.5214669649e-02 -1.5186092987e-02
5.3750978960e-02 1.9544613868e-02 -5.8051592376e-03 -3.0909899416e-02 -3.1268735884e-02
-3.7221011354e-02 2.5788499630e-02 3.6526707993e-02 6.9504288235e-03 3.0052301644e-02
1.4901487551e-02 4.2733163823e-02 -6.4116976393e-02 -3.7852968218e-02 7.6807992854e-02
-1.6239867572e-02 -7.1800563997e-02 4.8984303642e-02 2.0426944811e-02 1.6135121885e-02
4.3545386335e-02 6.6747607777e-02 -1.5343236004e-02 3.0443666108e-02 1.9088520237e-02
1.5668418671e-03 -5.8412435289e-02 -1.2686921240e-01 8.6726893315e-02 5.0423815849e-02
2.4474122604e-02 1.6946204897e-02 -8.7705865647e-02 -2.3042692926e-02 1.6891608966e-02
-1.9555170614e-02 -3.5298861603e-02 6.9316548419e-02 5.8536524041e-02 3.1873944325e-02
-6.2602996791e-03 4.4227042661e-02 2.9446646184e-02 -3.8546840003e-02 -6.0890449526e-02
7.0132033967e-02 -2.5223888006e-02 -3.4422748167e-02 4.2042779556e-02 4.8471869192e-02
-1.2601727449e-02 -7.9207982161e-03 5.5464368844e-02 -5.7901022272e-02 -6.7987282562e-03
-7.0925512329e-02 -6.0241275056e-02 -8.8998003070e-02 -6.3857053178e-02 3.2405779938e-02
3.0398249368e-02 -4.2925729118e-03 4.5204317450e-02 1.3129922111e-01 4.6546245732e-02
3.6375375379e-02 -8.0928642331e-02 2.7093138739e-03 1.2643088970e-01 -2.8217850481e-02
3.3883481674e-02 2.5808775209e-02 -3.4991876358e-02 2.5237838968e-02 -5.7018532934e-02
-2.9136894333e-03 -1.2409583192e-01 -2.2738738470e-02 9.3808706532e-02 -1.5580686196e-01
-2.6506502253e-03 -1.1240537848e-02 -4.3810901144e-02 8.1687992010e-02 8.1580632006e-03
8.4585751713e-02 6.2513245229e-02 -1.9134309800e-03 -3.0596810669e-02 1.1183758111e-01
-1.0857732571e-01 2.4811903442e-02 1.2609289876e-01 3.4855820339e-02 -3.6465895406e-02
2.4087319488e-02 -4.8185967293e-02 -6.5645306568e-02 6.1160812654e-02 1.4679309192e-02
-1.8521072632e-02 -7.1627294671e-04 -6.2304396472e-02 -6.4777617621e-03 -6.9683736062e-03
-8.8235793704e-02 -4.0296017941e-02 5.4585033272e-02 2.3723846805e-03 -1.2255816115e-02
2.3163964819e-02 -3.7268090637e-02 1.0897737258e-02 -2.6952878748e-02 2.8264767273e-02
6.6285403018e-03 -3.8735704984e-02 -9.1842949958e-02 -4.9550613130e-03 7.3538215765e-02
3.8456957824e-02 -3.7055638948e-03 -3.4622087158e-02 2.9491869985e-02 -8.0686851162e-02
-1.1968959664e-02 -5.0448043599e-02 2.5104359566e-02 -6.9728444653e-02 -3.6930193576e-02
-4.3283489909e-02 -4.1406865060e-02 1.4817043110e-02 6.0286442500e-03 3.2989813246e-02
-3.9450175513e-02 -4.3693967091e-02 1.2855925225e-01 1.7049986347e-02 2.3851854792e-02
-6.7359806403e-02 5.7703943827e-02 -7.4211988839e-03 1.0991660727e-02 -6.7730058358e-04
-1.0964683091e-01 -1.8997118766e-02 -5.7801183956e-02 -4.8651103832e-02 6.9556703898e-02
1.7131154632e-02 8.2496591032e-02 6.5910762286e-04 -5.4608807215e-02 -1.6870773577e-02
-2.4665389064e-02 -1.2080817799e-01 5.1638916826e-02 -5.6628625944e-02 -5.5852833023e-02
-4.2092565943e-02 3.2011848009e-02 -5.4300295771e-02 6.2484629352e-02 -6.9109712960e-02
4.8391634833e-03 -2.3301221283e-03 -2.0231058559e-02 -6.2764104063e-02 5.1761397155e-02
-1.1379701157e-01 -4.5302079928e-02 -5.4673563279e-02 -2.4918083293e-02 3.3230223253e-02
-5.7978313916e-02 2.4750402136e-02 -3.4557294396e-04 1.0304143248e-01 -7.9805369070e-02
-9.2609215008e-02 6.7265132434e-02 -9.1260884820e-02 -5.5022554669e-03 1.2249775480e-02
5.3594787730e-02 1.1857653135e-01 -3.4553429578e-05 -4.6606161005e-02 -1.0561884780e-02
3.1896667368e-02 -3.3705501396e-03 1.1083166781e-01 8.8762377069e-02 3.9065280267e-02
6.0098347278e-03 -4.4641809737e-02 -3.7480390205e-02 -4.8541382025e-02 -3.3406556564e-02
-1.5210328911e-02 1.6630075536e-02 -3.0942608403e-02 8.0991512504e-02 -3.5888678648e-02
9.5730049293e-02 -8.2698867487e-02 1.5419320351e-02 3.2887908782e-03 3.4266360113e-02
-3.4444869885e-02 4.5995801489e-02 7.8261664314e-02 -2.4219830299e-03 4.2679361192e-02
-3.8475909652e-02 -7.8706309686e-02 -4.2571223405e-02 -7.0979131927e-02 1.1518512383e-02
2.4682997548e-02 5.6602199909e-02 -1.4620893843e-02 6.6591641950e-02 -2.9188282523e-02
-7.4098803655e-02 -1.3313812474e-02 7.2193506691e-02 2.0422903182e-02 5.9621586564e-02
4.7610626523e-02 -8.3637901134e-02 4.4491031246e-02 1.0062217885e-01 4.5808800640e-02
