-6.9057882669e-01
-7.9343628512e-01
-3.9313454618e-01
-4.7393271390e-02
5.0569337183e-01
1.8866282382e+00
2.5615846669e-02
2.6943027475e-01
-1.0142141976e+00
-1.0014037065e+00
8.4479145116e-01
9.8139611244e-01
-1.4211135220e+00
-1.1643392351e+00
5.6668289146e-01
1.1545158276e-01
-1.9446158405e-01
-1.1802963544e+00
2.1552909539e-01
-1.4628639106e+00
-5.5050621685e-01
1.2568383484e+00
-1.5098502911e-01
-3.2213080802e-01
6.7850203818e-01
9.0428785848e-01
-1.5680024307e+00
-1.1053832111e+00
5.2137737083e-01
-1.1721981967e+00
-7.2296962810e-02
3.3611527293e-01
-3.4022792395e+00
5.6316875727e-01
6.8116510287e-01
-1.0560775331e+00
6.8761314884e-01
-2.4578438263e-01
6.7431734941e-01
5.1133516240e-01
-1.6464573157e+00
-1.1758937116e+00
-2.4454275272e+00
-4.3706696958e-01
-1.7278776122e+00
3.0832454651e-01
-2.6553298788e-01
-9.5610290985e-01
-8.3954160428e-01
-1.8524674663e+00
-1.2423745805e-01
-3.7804078501e-01
-2.4933674387e-01
1.0472819888e+00
6.4374172994e-01
-7.1809048636e-01
-7.7170615856e-01
-3.2932047944e-01
-1.5773554785e+00
2.1867311950e+00
5.9597728721e-01
4.8187478642e-01
-1.0251721909e+00
-1.9962025355e-02
-2.9525088707e-01
-5.2129150354e-01
-8.9483214686e-01
-2.2309780150e-01
-5.3465911481e-01
-2.7242874700e-02
-2.3398327836e-01
9.0541469047e-01
8.9148339834e-02
-7.2617021329e-01
-7.9931355100e-01
-6.1806659398e-01
-7.7939646880e-02
3.0013715247e-01
2.7512112362e-01
-1.1927985534e+00
-3.8657538662e-01
6.1846332198e-01
3.7258767189e-01
-9.7264912062e-01
6.2940399408e-01
