-1.1661571796e+00
-1.0492970420e+00
-1.4228460100e-01
9.3046011887e-01
-1.1714477656e+00
-9.2358391623e-01
1.9979604595e-02
-3.8336364361e-02
6.5384519637e-01
1.4729916426e+00
1.1974817953e+00
8.8609003461e-01
1.1032180138e-01
1.4058102171e+00
-9.3869861919e-01
5.2106444422e-01
-1.4430304179e-01
4.1818850335e-01
1.1199705773e+00
-1.6309469432e+00
-2.8379086032e-01
-2.4010608150e-01
-9.3844662161e-01
-1.8728851394e+00
5.3516675277e-01
-4.1513665434e-01
8.2425561075e-01
1.7274293613e+00
1.0801731780e-01
3.7091512799e-02
-5.8321259500e-01
-9.5197289161e-02
-3.2317082632e-01
