1.9753036003e-01
5.8057069898e-02
4.8269734028e-01
-1.7926657163e+00
5.8714079748e-01
1.2193199220e+00
6.6111698335e-01
-4.6352592682e-01
-4.2804997237e-01
1.5089007895e+00
-7.9599058919e-01
3.5137753143e-01
-9.5677565907e-01
8.3783102208e-01
6.7508088198e-01
1.5667153083e+00
5.1501906828e-01
-2.3743839779e-01
-2.0449583764e+00
-4.1015607405e-01
3.0356500428e-01
-6.2770934197e-01
2.3277326006e-01
1.6081362994e-01
-3.5147379861e-01
4.0891888496e-01
-2.6498277832e+00
8.1319910960e-01
-6.8407298729e-01
1.9337946337e+00
6.5671468662e-02
-1.1116930896e+00
-2.9144654529e-01
1.0055412539e+00
1.0921801967e+00
-3.4272009305e-01
-9.3745396739e-01
-2.4936085274e-01
-7.9552170638e-02
8.1977173268e-01
-1.9590050152e+00
3.9030558935e-01
-1.9222488692e+00
1.4209483596e+00
3.0122122170e-01
-5.9844223413e-02
5.8303615585e-02
6.4748437755e-01
-9.8196118379e-01
5.3683624238e-01
-1.6435544221e-01
1.6423276791e+00
7.2294249065e-01
-2.1130840791e-01
-3.3151266390e-01
-1.1929239601e+00
4.8365787546e-01
-6.1597092901e-01
6.5200111379e-01
5.0197773906e-01
2.6682409616e-01
1.4251367849e-01
-7.4807585192e-01
9.5264465612e-01
2.9477887322e-01
-8.3785779326e-01
-1.5222506182e+00
-1.1496027642e+00
1.0884329680e+00
1.9966221523e-01
2.5597771221e-01
1.8532162023e+00
2.7628901044e-01
9.9156916982e-01
6.5587857998e-01
1.7095027008e+00
5.7706386164e-01
9.0584660251e-01
7.7540036324e-01
4.0809779690e-01
-5.4989824710e-01
1.1808614535e+00
-2.4289071800e-01
-1.2572111523e+00
-4.5246161025e-01
9.4688131146e-01
9.1733371834e-01
-5.5966309088e-01
-2.0808661768e+00
-5.8271266321e-01
4.2678096107e-01
2.6835768165e-01
-2.4940066554e-01
-8.7256883094e-01
1.4758706374e+00
1.1598194072e+00
4.6911220623e-01
7.4194687928e-02
-7.2541642581e-01
4.3916363889e-01
7.0479392262e-01
5.6892342214e-01
7.0982365090e-01
2.6708286319e+00
4.8673691468e-01
7.0501849141e-01
7.0558168164e-01
-2.1022145234e+00
1.4249016458e+00
-6.5862993474e-02
-9.9681873127e-01
2.6809359032e-01
-2.4652023493e+00
2.1402452204e-01
-6.7589289799e-01
2.2714022692e-01
-1.1848659751e+00
7.4107083857e-01
8.3161581749e-01
5.9704704540e-01
-1.0787809287e+00
2.5527053189e+00
-1.0974200157e+00
-1.2890890984e+00
1.7005253838e+00
1.3006884731e+00
2.4814522363e-01
-1.7154893586e+00
3.5644119931e-01
5.0504135586e-01
2.0008263114e+00
6.8755077408e-01
1.9848970567e+00
-2.3007496758e-01
-6.2671321232e-02
9.1310794660e-01
-1.1763914381e+00
9.5018503394e-01
4.9900688564e-01
-1.2233474500e+00
2.5938753908e-01
-1.3195807551e+00
7.8098323305e-01
-9.5839536228e-01
5.2212247000e-01
5.4198915308e-01
-9.1028769243e-01
-7.4535169631e-01
9.6878103773e-02
2.7871766192e-01
-1.2059949565e+00
-1.0531299904e+00
2.0345987203e-01
6.6809999025e-01
-6.5862680656e-01
-7.1199053963e-01
1.1534505496e+00
7.5299238584e-01
1.1788697025e+00
-2.2074535407e-01
-7.7511421551e-01
2.4116750678e-03
9.7989641126e-01
-5.5838704752e-01
2.6186776223e-01
4.8351765551e-01
-4.1614003813e-01
1.5525191538e+00
1.5105461386e-01
-1.8964981763e-01
9.0165138001e-01
-1.7565932597e+00
4.4247609373e-01
7.1351688019e-01
-7.3552088024e-01
3.3824849552e-01
4.0328859795e-01
4.5419853842e-01
6.3827991676e-01
-8.8301146640e-01
1.2336191506e-01
8.2076224044e-01
-3.8758291538e-01
9.6523716953e-01
5.1077721247e-01
-2.7010786061e-01
-9.0436470775e-01
5.5961751967e-01
1.0624259574e+00
6.6431909140e-01
9.3149829617e-01
-4.4953394193e-01
