9.2451106958e-01
3.2899058541e-01
-6.8480262881e-01
1.6792727754e+00
-9.2951334594e-01
2.3251345614e-01
-6.8422395878e-01
-8.9958135325e-01
3.2772692860e-01
-5.3466398136e-01
1.3772021138e+00
7.3853493901e-01
1.0661784541e+00
1.0001458036e+00
-2.0760092575e+00
-4.0792403351e-01
-8.7711805232e-01
-1.2670114202e+00
-1.1426692403e+00
8.3040330644e-01
-4.2032616989e-01
9.7680348307e-01
-2.5981786037e-01
1.5990202185e+00
-4.3642355928e-01
2.6113948202e-01
-1.6385694418e+00
-6.7212602353e-02
4.8689644928e-01
5.1306949898e-01
8.2349172497e-01
-3.2970042456e-02
3.9805725265e-01
5.7815196004e-01
-4.5449939538e-01
5.4653273364e-01
-1.6238195678e-01
2.6263784693e-01
4.0422316532e-01
1.0178559258e-01
1.2951304436e+00
-3.0405844110e+00
2.7970441357e+00
-2.4646240459e-01
4.8285051069e-01
1.3112668236e+00
7.1830950390e-01
2.0591328963e+00
-1.8309817446e+00
-2.2398042270e+00
3.9172338690e-01
4.7149773859e-01
-8.2792920477e-01
9.4513134761e-02
-8.7864604061e-01
9.4619790736e-01
-9.0307449443e-01
-1.0024150875e+00
-1.1275184256e+00
-6.1082363191e-01
4.2184836309e-01
1.2534558798e+00
2.5947825482e-01
1.7378502521e-01
2.8086136185e+00
-3.1863590687e-01
1.0509858253e-01
2.2006083309e+00
4.0455349515e-01
2.8928782113e-01
-3.1737088343e-01
3.5898601370e-01
1.8220264794e-01
-1.7727802928e+00
3.8067427042e-02
-7.9403565861e-01
8.3648518459e-02
1.0180093586e-01
-4.9796693866e-01
-2.9422773784e-01
-1.6081956158e+00
-2.6286847377e-01
-3.5418805445e+00
-2.3026784618e+00
1.4374811190e-01
-1.7024650475e+00
-1.3754693957e+00
5.9871186768e-01
-6.0790557465e-01
-7.3894047893e-01
-2.1273456725e+00
8.0719679109e-01
7.8809689776e-01
-6.0854355842e-01
7.5098824216e-01
-1.7638953123e+00
3.6919441660e-01
3.1250738903e-01
-7.3279005713e-02
-3.4070547939e-01
1.1290061656e+00
-2.3735951875e+00
-1.3237857860e-01
-1.8732785037e-01
-3.7690260467e-01
-8.8636666605e-01
1.8519244187e+00
