9.7271728327e-02 -5.2545372160e-03 -3.2609145009e-02 -9.3034417463e-05 1.7864553899e-02 -1.6782610640e-02 7.1806055453e-03 -6.1953474602e-02 3.7737621479e-03 9.5367481747e-02 -5.1982152870e-02 2.7203941216e-02 1.6999892330e-02
-2.5923895126e-02 -1.3507619540e-02 -4.8633591433e-02 1.4199662863e-02 1.2818761530e-02 -4.8485593416e-02 3.5799352073e-02 -1.0436113390e-02 -7.1590591865e-02 -1.0107281398e-02 -8.9353470954e-02 9.7176526410e-03 -5.9323218911e-02
-6.7773141771e-03 -1.6701451558e-02 3.9108022817e-04 -1.0105297055e-01 4.5677097881e-02 -2.3041908696e-02 1.4207657989e-02 4.2762182925e-02 -8.1192512258e-03 5.0613138533e-02 -3.1390934017e-02 2.3145810374e-02 -4.6925689754e-02
-2.6146758488e-02 1.1607590325e-01 -7.2853339449e-03 -8.4604507946e-02 4.7003467810e-02 -1.2376714600e-02 5.1360685597e-02 4.2665599469e-02 -4.7198389522e-03 8.0023660364e-02 1.1701099693e-01 -3.0055483424e-02 -4.0447494245e-02
1.9234678089e-02 -1.8704142978e-02 -2.4938097827e-02 3.7348835642e-02 7.3569190347e-02 1.3426168419e-01 -3.1107395483e-02 -6.2992968494e-02 3.9076144239e-02 -3.4559974173e-02 -1.3719338342e-02 2.8243371452e-02 1.0126277178e-01
-2.2836112292e-01 3.6397863054e-02 -1.6787168354e-01 5.6767093557e-02 -1.6562185009e-01 -4.6337810493e-02 -1.3144763989e-01 4.1250867387e-02 1.4867448964e-01 -4.1921937799e-03 3.7634592029e-02 1.9881292959e-02 -4.5427940814e-02
3.3631932530e-02 2.1593635573e-02 -4.3393095294e-02 -4.0158074463e-02 5.2270062442e-02 -1.1406051958e-01 7.5897785606e-02 8.8092960877e-03 -1.9096890451e-02 5.8414750583e-02 -2.1740362992e-02 -1.6842964594e-01 3.7110852818e-02
4.5581687903e-02 -3.9121959287e-02 5.9356422219e-02 -6.9816692083e-02 -1.2658840362e-01 -1.9387446821e-02 2.7908521396e-02 -5.1623606572e-02 -1.3293638178e-02 -2.6513921260e-01 -1.3873991221e-01 2.0730468564e-01 1.0483123582e-01
8.3880783690e-02 -3.1015198349e-02 7.9803479664e-03 -4.7841458745e-02 -5.2357441073e-02 -7.7720403601e-02 -8.7925760192e-02 -4.1695741792e-03 6.1341783913e-02 3.5713622196e-02 6.6801255959e-03 -2.5457287868e-02 -1.8849290645e-02
3.7616529755e-03 5.2926084090e-02 4.6587740150e-02 -7.4635390354e-02 -2.4615698349e-03 -1.1616718544e-01 -1.7002470843e-02 -3.2459566421e-02 -2.6676114719e-02 -6.3312412876e-02 2.9920264351e-02 8.8229063706e-02 -9.8684432938e-02
9.3737416650e-03 1.5270894549e-02 -4.5995854257e-02 3.1133581413e-03 7.1972279620e-02 -9.8024908204e-03 -1.9012192338e-02 -7.5241901999e-03 1.5680024538e-02 1.0089939934e-01 5.1911748500e-02 -4.0783992786e-02 2.8858899703e-02
-4.0748536601e-02 -4.5398377589e-04 1.5931879453e-02 -2.0348086061e-02 6.0423472708e-02 1.2227436507e-01 6.0925257132e-02 -7.0644721875e-03 -8.5308737588e-02 1.1182081678e-01 -8.2030843234e-02 -1.5363477811e-01 5.1598891416e-02
1.6298937722e-01 9.8704905180e-02 1.2969460382e-01 -4.9794793921e-02 1.2657130879e-01 7.0345590649e-02 1.1149689872e-01 -2.6391497294e-02 -1.0220514532e-01 4.4464242813e-02 9.7010647414e-03 -3.6411934202e-02 9.5168730865e-03
6.4250681005e-02 3.1211472888e-02 4.6234493864e-03 6.3640447448e-02 -3.3487069731e-02 5.5393653727e-02 -8.7064763925e-02 1.3126733183e-02 1.5627380823e-02 8.4412981345e-02 -2.5116829578e-02 -3.8357065330e-02 4.6539951845e-02
1.7286314756e-02 2.1740962848e-02 -2.6941912169e-02 1.2444948395e-02 4.7493202429e-02 4.4470587887e-02 -1.5347076858e-02 1.3705580789e-03 -5.6940445202e-03 2.2719761426e-02 2.8431605613e-02 -2.4292356579e-02 -9.6373824574e-03
5.4892200451e-02 4.4295592117e-02 1.2155360799e-03 -4.3294425413e-02 4.9210816467e-02 8.4118356269e-03 5.3606240620e-02 -3.8728914468e-02 -8.0033900389e-02 -1.0539986764e-02 1.0453808846e-01 6.5337064993e-02 -1.2994123655e-02
-1.1918152157e-01 5.4237849524e-02 -3.6032541174e-02 4.7476586977e-02 -4.4107010479e-02 -2.8232381084e-02 -7.9170081724e-02 4.0700940138e-02 3.5599412200e-02 6.4661551697e-02 5.2383666079e-02 -5.3871986272e-02 -4.5268264531e-02
1.6684310741e-02 -4.4637647780e-02 5.5619590137e-02 -5.2615544024e-02 -5.3667111956e-02 3.3837250501e-02 -2.9264935368e-03 -1.6305045083e-02 -6.0369350800e-03 -1.0950953791e-01 1.6796321112e-02 1.5986422321e-01 -5.4745560437e-03
2.6432553468e-02 1.1448511779e-01 -1.7841333143e-02 5.0428460454e-02 5.0786343085e-02 -3.9791918430e-02 6.1093920248e-02 4.7223410675e-03 -1.3476698313e-01 -2.2965507984e-02 -7.7712700477e-02 1.4341009474e-02 -5.9646778467e-03
7.3965496633e-02 4.1266782871e-02 6.0992718919e-02 1.3888482621e-01 1.4575665581e-01 1.2611694837e-01 6.3098520931e-02 7.1366832862e-02 -4.8640084441e-02 6.1685853389e-02 -3.6501147802e-02 -5.5286606571e-02 -7.7671652087e-02
-1.1303772520e-01 -1.0613371053e-02 -9.6256145069e-02 6.3032458446e-03 -6.8345280541e-03 1.2873050622e-02 -3.8873089233e-02 2.1884850857e-02 4.3455465591e-02 5.4655323838e-02 -1.0689180980e-02 -7.8848582069e-02 3.5731629312e-02
1.3801784022e-01 -4.6955781347e-03 1.0108352436e-01 1.5660521474e-02 9.7369735497e-02 -1.2131281011e-02 1.0345533375e-01 -5.0385366567e-02 -9.0981835956e-02 3.7310911688e-02 8.1574182960e-02 -5.4888763643e-02 -1.1579140028e-02
4.6840861361e-02 4.4569666993e-04 1.1893152622e-03 -5.8515933186e-02 -3.1544502738e-03 4.9144190440e-02 3.3635745735e-02 -2.1657919156e-02 -3.7454964018e-02 -4.4705814984e-02 -6.6202565841e-02 6.5017257270e-02 1.4649505056e-01
-4.1277915555e-02 -1.8833240173e-02 -2.8952679047e-02 5.6958868654e-03 8.5124196092e-03 -5.5218129548e-02 6.6892253772e-02 3.0860090895e-02 -7.4595268951e-02 7.9477687287e-02 -7.5018833652e-03 -6.3809979270e-03 4.4063204972e-02
6.7617782736e-02 -4.7904574130e-03 -5.0019656980e-02 4.4612934712e-02 4.9228740683e-02 1.3791086787e-01 -4.1953778001e-02 -4.5106647894e-02 6.2452237945e-02 7.1300988286e-02 -4.8941241118e-02 -1.0499993633e-01 4.4079485450e-02
8.2146871861e-02 8.1927369683e-02 1.8019554312e-02 4.6666560646e-02 2.1043995814e-01 1.4852247598e-01 7.3575576475e-02 -5.2753374741e-02 -1.0954469460e-01 -1.0258096677e-02 -2.6740724592e-02 -2.6993395370e-02 -7.9641850933e-03
2.7764780668e-03 4.1563148606e-02 -2.1576276975e-02 8.8610036196e-02 -3.8341868886e-02 -6.9301183006e-02 -1.0537413604e-01 3.1484308548e-02 4.8182600522e-02 9.9755907384e-02 5.9563174358e-02 -1.6440626541e-01 -1.1726276638e-01
-1.1940811451e-01 -7.1634612020e-02 -1.1114668798e-01 -1.2212429979e-01 -1.5837172430e-01 -1.0611628773e-01 1.6817430690e-02 -4.0927013002e-02 3.2494142495e-02 -1.3173756039e-02 -1.2345270182e-01 -1.6681115654e-03 3.6249324488e-02
1.5504910482e-02 5.0698451105e-02 -3.1865565277e-02 -1.9210653182e-02 9.4417302157e-02 -7.4867681836e-02 -4.9664548914e-02 6.0816861740e-03 2.5810217358e-02 4.4181121869e-02 -4.5848639536e-03 -1.2189147662e-01 -5.4422132232e-02
3.5216536554e-01 1.6342861734e-01 3.9302935170e-01 2.8618020301e-02 3.4234707065e-01 1.8045212806e-01 2.6733960638e-01 -1.1968204594e-02 -3.3625380467e-01 8.7028469337e-04 -1.1434555728e-02 -6.2932733682e-03 5.8546727971e-03
4.8748286187e-02 6.6829623823e-03 -1.7149938059e-02 6.9445481437e-02 5.5242702797e-02 1.1639584696e-02 -7.5903998659e-02 -5.9022562729e-02 1.1967208665e-01 -7.6194268538e-02 8.7087342870e-02 6.4387574261e-02 2.5251528998e-02
9.6815243567e-02 -5.0677983884e-02 -2.1910240230e-02 1.6722137275e-02 5.7498414600e-02 5.8415747856e-02 -1.2692201344e-02 -8.4778342293e-03 5.6620856939e-02 7.7070637057e-03 -4.3397435429e-02 -1.4475145041e-02 6.2847407852e-02
-9.2182279029e-03 -6.6130511312e-03 5.0975007786e-02 4.4330002141e-02 3.4547061830e-02 7.3504199161e-02 -2.1561554509e-02 1.5334266971e-02 4.5437959103e-02 9.9943982318e-02 5.2861916390e-02 -9.1822779390e-02 3.2042054620e-02
6.3429728918e-03 5.8136407774e-02 4.9998192762e-02 -1.2001483128e-02 -6.1700970391e-04 1.5871804039e-02 5.9964116293e-02 2.2965503938e-02 -7.9258986702e-02 -1.3151114032e-02 6.4260036091e-03 4.6656439179e-03 8.0373434820e-03
2.0345787214e-01 1.0377967734e-01 2.2699621391e-01 1.9191006029e-02 1.7330066686e-01 9.7861815593e-02 1.3401568069e-01 -8.5642957651e-03 -1.9077186766e-01 -8.4006141909e-04 9.6258078254e-03 -8.9546836616e-03 -2.0606447120e-02
4.2974008171e-02 -1.4467986339e-02 -4.3718558902e-03 -1.0006453741e-01 3.7660910177e-02 -9.1125319315e-02 -8.5681906477e-04 -1.4673242526e-02 -5.7182662480e-02 6.7355079084e-02 4.5351397568e-02 -6.5352865017e-02 -1.2046148224e-01
1.1063101730e-01 -7.4504276991e-02 -4.7590208134e-02 4.5853960633e-02 2.5771458066e-02 -3.9588639386e-03 -5.2298917228e-02 -2.9479928715e-02 6.2900955812e-02 -3.1338870752e-02 5.6412428894e-03 1.0116109753e-01 5.2476375285e-02
1.1936665962e-02 1.0490777214e-01 -2.6392353886e-02 -6.8917438383e-05 3.4496276621e-02 5.8813350372e-02 -1.0184790333e-02 8.3075684378e-03 6.6583466532e-02 -6.0412889557e-02 -1.3082364908e-02 7.3140852543e-02 1.8572579175e-02
-8.5883751168e-02 2.0920182384e-02 -7.4899757444e-02 7.5256459553e-02 1.8806795494e-02 7.6882021485e-02 4.3513862622e-02 7.2935243328e-02 -9.3466490178e-02 -5.8504349823e-02 -2.6021166493e-02 9.3487788527e-02 4.4384772718e-03
1.6642828694e-01 -1.5076800938e-02 1.4842868980e-01 -3.4275427359e-02 1.9983596631e-01 1.2687106215e-02 1.1554379455e-01 -8.7009708233e-03 -1.2083366415e-01 -3.0407263872e-03 2.5357015205e-02 3.1018909162e-02 8.1608755108e-02
1.0341648461e-01 -4.3942863212e-02 -4.2779570307e-02 1.3308831637e-02 4.2778939353e-02 3.2020793713e-02 -1.2556569191e-02 -7.9267227814e-02 6.1192392744e-02 8.8292437912e-02 -2.7151669508e-02 -5.8029862414e-02 4.2074981215e-02
5.5257603621e-02 9.6760625372e-02 1.1629853767e-01 2.3915056930e-01 2.3557089951e-01 2.1279646723e-01 1.8479428714e-01 -5.7815195578e-03 -1.2191655643e-01 3.0110695952e-03 -1.1103212391e-01 4.9126377588e-03 3.9231198929e-02
2.4099453805e-03 6.8719782963e-02 1.0017019838e-01 1.1477050948e-01 1.9472975160e-01 9.6078437141e-02 2.0443889829e-01 4.2767509651e-02 -2.1052328306e-01 -4.7677901204e-02 -1.0793185547e-01 7.4054001036e-02 4.8609837513e-04
2.2449391893e-01 -1.0263664574e-01 9.6921488030e-02 -1.6165718237e-01 1.4330597154e-01 -8.0419128761e-03 1.2579798967e-01 -3.5331526820e-02 -1.4466359176e-01 1.9277192159e-02 -7.1620952932e-02 -1.5838196875e-02 3.5735392476e-02
4.2025338754e-02 1.0667929464e-02 6.3273816647e-03 -5.5741255537e-02 1.3096994545e-01 -5.1242486270e-02 -8.2315091925e-03 7.3652481595e-02 -4.4411004510e-02 4.1729218330e-02 8.1272797421e-02 2.3904665739e-02 1.5733330893e-02
2.8376015569e-02 -7.8091657214e-02 5.5904041320e-02 1.0095440236e-02 2.3138459868e-04 -2.3664584520e-03 8.2454512690e-03 -1.8962436516e-03 8.0423264551e-02 2.8802071544e-02 4.5176689949e-03 -6.5368343289e-02 -7.7967063185e-02
-2.2229264698e-02 -4.3572893494e-02 1.7718040564e-02 1.1522397475e-02 5.6490012704e-02 7.1071197738e-03 -5.6015902424e-03 1.5896644914e-02 3.7082992140e-02 5.7673469035e-02 -2.0995930085e-02 -4.3443132537e-02 3.0308594245e-02
5.6153757657e-02 -4.9398426463e-02 -6.2502019123e-02 -2.3033615766e-02 7.6666287625e-02 -5.0145402066e-03 -6.4885793547e-02 -1.6110108602e-02 2.6615987464e-02 5.1547124985e-02 1.4961046946e-02 -4.3250418818e-02 2.1451745164e-03
8.4694639901e-02 5.7887144371e-02 2.8217250358e-02 -8.2243004002e-02 3.4028692036e-03 -5.7987428608e-02 6.6567046454e-02 3.9855235209e-03 -6.8397029493e-02 -2.8045587562e-02 9.4571389893e-02 8.6571157136e-02 2.4043257139e-02
2.2831106237e-02 -2.8273528760e-02 -5.3911906580e-02 4.7332416938e-02 7.5744405544e-02 1.5845158684e-02 1.2285308717e-02 5.1387249395e-03 3.0833118005e-02 9.9754185295e-03 8.3372568177e-02 3.1987226949e-03 1.0409461751e-01
5.3403528463e-03 -3.3176291475e-02 -9.4273685684e-02 9.8692210879e-03 -7.9931470519e-02 -2.8683301636e-02 -4.6468451408e-02 -1.1960320882e-01 2.9573655168e-02 4.8118156624e-02 -1.2156646394e-01 -5.2709661741e-02 4.7265461746e-02
-3.6177647049e-02 -4.4638848321e-02 -1.8386453046e-02 -7.2172983479e-02 -2.8845017121e-02 -4.8924173634e-03 5.0840714380e-02 -1.1073431713e-02 -2.1529361209e-02 -2.4562597412e-02 -7.8461059771e-02 5.8286546456e-02 3.2440607652e-02
1.0183613628e-03 -4.3853830375e-03 -3.9211464409e-02 5.5232030452e-02 -1.8813170449e-02 -1.8251113386e-03 -1.0548022617e-03 -7.1443483373e-02 1.1203959000e-02 -8.2296342729e-02 1.4768074394e-02 7.9477188170e-02 1.0383527545e-01
-6.6018046492e-02 3.0885932378e-02 5.9735359092e-02 6.4283226074e-02 -2.7383526917e-02 5.2961494236e-02 -5.0998200828e-02 -1.3919766450e-02 -4.3481966245e-02 -6.1012128983e-02 5.6300502085e-02 1.0527480552e-02 -1.9512993852e-03
-4.5150246117e-02 7.7326176736e-03 3.9620274023e-03 4.9840361764e-04 -2.5661736278e-02 -5.4394507758e-02 1.7496183099e-02 -2.1300803784e-02 -1.8996892422e-02 1.0639628932e-01 -1.4744501063e-01 -2.2630229109e-02 -1.5770154678e-02
1.1567492144e-02 -4.3690121844e-02 -8.1835803901e-02 2.3381975026e-02 -2.2433396610e-02 -4.6946953523e-02 -5.5625368236e-02 -1.9830532400e-02 8.2474545136e-02 -1.6810263200e-01 5.1642072001e-02 1.4472347192e-01 4.1891911447e-02
6.3700032209e-02 -5.3178133493e-02 3.7871128889e-02 -7.4034388039e-02 -4.2017654919e-02 -8.9652441942e-02 -3.5499907479e-03 1.4121189909e-02 1.3256289592e-02 -5.6781211029e-02 1.5320451819e-02 4.4162084212e-02 -9.1708002413e-02
6.5058728467e-02 -3.8799996544e-02 1.0614667331e-01 -5.8149775911e-02 2.6740930169e-02 -4.5839399942e-02 2.4577891514e-02 -3.6256514353e-02 -3.1669635888e-02 6.5267455763e-02 -2.4664325856e-02 -1.1744378601e-01 8.3796774406e-03
-8.0286925774e-03 2.9812789868e-02 -2.1474962718e-02 5.2462440644e-02 -4.8236849614e-02 6.4013485163e-02 1.5060395363e-02 -2.1329183755e-02 -2.3287572845e-02 5.8972071275e-02 -5.7239960907e-02 -8.0200894801e-02 2.2279464503e-02
-1.5910827099e-01 1.0716322316e-01 -9.4123613539e-02 -3.1830750602e-02 -7.2348448531e-03 -9.2296783194e-03 -9.8726021502e-02 5.4025068892e-02 1.0153953939e-01 3.1966016819e-02 3.9488363693e-02 -4.5711013183e-02 5.4542985553e-02
-3.9153448491e-03 3.6172140778e-02 -2.1958726973e-02 2.2462345185e-02 5.1786794748e-02 -3.5355021785e-02 -2.5782638882e-02 9.3407281342e-02 3.1400277534e-02 1.1773363489e-01 1.4175227132e-01 -7.7345431174e-02 -1.0635039235e-01
4.3516322499e-02 1.3865748274e-02 8.5056550437e-03 -3.4660852130e-02 5.4948944800e-02 -9.5711927777e-02 -5.4452909470e-02 -1.8660493086e-02 2.6530704765e-02 1.5610387040e-02 -4.0926796589e-02 -1.5406537782e-02 1.9122236177e-02
2.7920570991e-02 1.0339588781e-02 1.4630813400e-02 -1.0741331483e-02 1.5649423461e-02 -4.0852324194e-03 5.9241435866e-02 5.6707287573e-02 -1.5611936581e-02 -8.7538749992e-02 -7.7715744465e-03 7.3136083425e-02 -8.1038634652e-03
3.3497286464e-02 5.7800999704e-05 -3.0427139245e-03 -9.9021874610e-03 2.6735754064e-02 -7.2908381314e-02 -9.6425313594e-03 -8.6111071041e-02 -3.1503296994e-03 5.9211781344e-02 2.7795512868e-03 -5.2866537594e-02 -5.1555115959e-02
-4.5385222915e-02 3.3839733128e-02 -3.0134703911e-02 -9.1914867279e-03 1.0052376254e-01 3.0758190436e-02 2.1082589422e-02 8.2325110201e-02 -1.7916864630e-02 4.3496922542e-02 -6.6809141184e-02 6.6601543734e-03 4.8596265715e-02
2.9568755278e-02 5.7155396255e-02 4.9957804442e-02 -8.8037187269e-03 -5.5510868181e-02 -8.3034140356e-02 1.1671116209e-02 3.1017449051e-02 -1.4649903670e-02 -5.3126202539e-02 2.1213448403e-02 9.8858587285e-02 -4.7812832540e-02
1.7699116001e-01 -9.1510281446e-03 1.5995696759e-01 -7.4191540738e-02 1.5965551459e-01 4.0417904243e-02 1.3196694971e-01 -3.5087507965e-02 -1.4442481937e-01 -4.5049783025e-02 2.4568329456e-02 4.2038594358e-02 9.4812426090e-04
3.4138227668e-02 5.9006386657e-03 3.4921849682e-02 1.0109897310e-01 9.8239866603e-02 1.2817732558e-01 6.2931222611e-02 1.9173595892e-03 -5.8406777761e-02 -3.0775273633e-02 1.1613569275e-02 5.8720342928e-02 6.7700501708e-02
1.2764202316e-02 1.7454541187e-02 1.2781580640e-02 -1.0141368755e-01 4.9088331959e-02 -2.1531536901e-02 3.5050110162e-02 -6.5257983196e-03 -7.5456119661e-02 8.4540292681e-02 7.4149586223e-03 -1.3118984426e-01 8.2358085878e-03
-2.3836679168e-02 3.4594146084e-02 -2.6872406523e-02 7.8697991090e-03 -1.1565490838e-02 -4.7189311657e-02 -1.1507705771e-01 -2.8373790595e-02 2.3958544456e-02 8.8675976183e-03 2.1731820113e-02 8.6251289525e-02 -6.0563560885e-03
1.1899935327e-01 -4.8485578020e-02 3.4643547843e-02 3.1009318412e-02 -5.3205865813e-02 -8.6212408951e-03 -1.1749642232e-01 -9.5197699538e-02 -2.4304116626e-02 -2.9300642504e-02 2.3924845867e-02 1.1851028398e-02 3.3906746409e-02
7.8268695167e-02 4.7783431248e-02 1.0281613019e-01 1.6405980122e-02 6.1518537310e-02 -3.6735012512e-03 4.1304375901e-03 -4.6518761339e-02 -8.2227177759e-02 6.6717946048e-02 6.8339829221e-02 -2.9677800816e-02 -2.7125726035e-02
-3.2086858244e-03 3.9296202380e-02 -2.3381027398e-02 1.6345608255e-01 1.1353061888e-01 6.9498916377e-02 -3.8543679742e-02 2.4412719787e-02 4.2941062542e-03 -1.3283657024e-02 9.2650671420e-03 -4.9691552217e-02 2.1347391102e-02
3.7219950553e-02 7.1982188218e-02 9.1193657639e-02 -1.1189794847e-01 2.0816001490e-01 1.0167354491e-01 1.7376109472e-01 4.9240656487e-02 -7.0796330029e-02 -5.0715070538e-02 5.8589326102e-02 4.9279814215e-02 6.6331246703e-02
1.7048538219e-02 -2.2775249611e-02 -7.3706395277e-02 -3.2427118395e-04 9.0097966561e-02 -2.8611246497e-02 1.9812165849e-02 -2.1800960966e-02 -1.0027473651e-01 -2.8378327084e-02 -4.0908481621e-02 5.8551883365e-02 8.6947080329e-02
-1.4814806068e-02 -7.9477089207e-02 -6.1722266434e-03 -3.3195982199e-02 3.6285660619e-02 7.3770977328e-02 2.2543915844e-02 2.6341369794e-02 -1.2312410269e-02 -1.5070417434e-01 3.7830600372e-02 1.4499540122e-01 5.7997615077e-02
3.3697021007e-03 -5.5444539198e-02 1.0139952081e-02 -6.1806733273e-02 -1.2142512792e-02 -7.2166240861e-02 8.9058138822e-02 -1.7934065098e-02 -6.6109596173e-02 -2.3284190883e-02 -9.5917522321e-02 3.6480536908e-02 6.3990263921e-02
5.7601362929e-02 -5.2502697719e-02 3.2552650841e-02 -3.9873815323e-02 -4.2514172369e-02 -7.0477527575e-02 -9.1660043774e-04 -6.7123508949e-02 -1.8509250578e-02 -4.2459978457e-02 1.7803319866e-01 5.3136556125e-02 -1.6444195669e-01
-5.8799683105e-02 -3.4959535504e-02 2.3379360341e-02 -5.7896839262e-02 2.9463776572e-02 2.5396005719e-02 1.0154205697e-02 5.4324640464e-02 -6.3095793928e-03 -5.1005175254e-02 3.7694445641e-02 1.3903163254e-01 -4.8783570954e-02
-1.1167755053e-01 6.6394946650e-02 -9.5217881514e-02 1.7245600203e-01 7.5913532073e-02 1.0410901874e-01 -1.3187572360e-02 2.6529081647e-02 4.1511336796e-02 -6.6146721669e-02 1.1960841684e-02 5.3429720858e-02 -6.2320095450e-02
2.5949092713e-02 2.3643856729e-02 -5.2092839865e-02 -2.9472429084e-02 8.0298034237e-02 -5.2017574068e-02 -1.0848376706e-02 5.0934708773e-02 -2.1019053439e-02 -5.7050964886e-02 1.5961597755e-01 1.1509011196e-02 8.1858398743e-03
3.8839510764e-02 2.6065845886e-02 1.6901104742e-02 6.6580276200e-02 -7.4130658744e-04 5.1732831151e-03 -3.3330508597e-02 -1.0502930874e-01 3.2497132588e-02 -8.2228274144e-02 -2.1360870723e-02 6.3394071285e-02 4.1086452944e-02
-6.7174696558e-03 -6.3334163034e-02 -2.4636955545e-02 4.0555193638e-02 -1.4370279406e-02 -3.2960263997e-02 -2.0754243338e-02 -1.5548022901e-02 -8.6022193223e-02 -3.5834075734e-02 6.5676409966e-02 4.0113433369e-02 -8.8045428401e-02
6.1888190548e-02 8.2935156717e-02 5.9560022026e-02 4.8191729767e-02 4.4873643942e-02 -1.8643748035e-02 4.3529938295e-02 1.4389869789e-02 -1.6297914735e-02 6.7194755579e-04 3.0496890824e-02 -9.5584895646e-03 -6.1994142765e-02
3.0793151132e-02 5.1177105941e-02 1.9205424970e-02 -8.6965666652e-02 1.0614385592e-01 -2.4315587768e-03 -5.0487627362e-02 5.2006304425e-02 5.7870786312e-02 2.9399184431e-02 1.8845920416e-02 -1.0241167232e-01 -2.4565014454e-02
-2.0493680188e-02 -5.8043500423e-02 4.0438231407e-02 -6.7941288216e-02 -5.8482916556e-03 -2.6983040404e-02 4.8252599042e-02 -3.9627170395e-02 -7.4896115738e-02 -1.2013237769e-02 -2.0401318782e-01 2.2836265316e-02 5.4152585653e-02
1.6123489196e-01 9.2285526995e-02 1.3146600443e-01 1.1459675991e-02 1.0010012433e-01 6.0757128585e-02 1.1241181731e-02 -1.7541151327e-02 -7.0956288925e-02 3.3587431323e-02 8.7914562128e-03 -3.4906571269e-02 -1.5508169535e-02
5.9563961837e-02 4.5386193494e-02 5.3855966332e-02 -2.9347078808e-02 1.0477651848e-01 7.0563726168e-02 7.5120396558e-02 -1.0155753755e-02 -6.7879048373e-02 -5.1087529381e-02 1.3181723737e-02 6.7166931839e-02 3.5732435614e-02
-2.8668599520e-02 -4.3675316121e-02 1.9547604773e-02 -9.6042849934e-02 8.5405919136e-03 6.9085235188e-02 3.9189150872e-02 4.1017297027e-02 -5.7667974020e-02 1.2931993265e-01 -1.4251927513e-01 -1.4506848700e-01 1.1520559481e-01
5.9581665549e-02 4.5172402097e-02 -3.6950796505e-03 -5.9190171824e-02 1.5910291273e-02 1.3110486686e-02 -3.5102448141e-02 1.6100325327e-02 7.4702414606e-03 3.7306464382e-02 4.3337283168e-02 -6.6821614946e-02 -1.6927007115e-02
-4.8848131862e-02 -7.6246538026e-03 -5.9815429661e-02 -6.2177660796e-02 -4.6425458935e-02 -5.7122186671e-02 2.9787532904e-02 3.4731655019e-02 -1.3601362155e-02 -5.9407632947e-02 -8.5308917018e-03 7.1904128638e-02 -9.3301534490e-02
4.3547539464e-03 -1.0081918616e-02 -2.3373426394e-02 -5.3541916871e-02 -2.4439836040e-02 -1.1044767561e-01 -6.0725533495e-02 1.4769093097e-02 -4.9543251608e-02 5.3463191567e-02 -2.3069889194e-02 -2.7858069797e-02 1.3749257206e-04
7.1119683091e-02 -1.8543747515e-02 -8.4799161362e-02 4.3583138675e-02 5.7641314878e-02 1.8321797538e-02 2.9201354992e-03 2.2879767283e-02 1.0548677018e-03 1.7377607959e-01 -5.2726207759e-02 -1.2972562031e-01 2.3455576452e-02
-3.9182692641e-02 3.1161826909e-02 -5.6832583291e-02 -5.3445407977e-02 -3.3688573598e-03 2.1175839775e-03 -2.6918011899e-02 5.8072754073e-02 1.2512178758e-01 -1.4292355055e-02 -2.5871059683e-02 4.5584657398e-02 4.8071077253e-02
8.2700925234e-02 1.7058068771e-02 -2.0511344985e-02 -3.4867996184e-02 5.1449717233e-02 -4.8417853024e-02 -2.6622469168e-02 4.9363873294e-02 2.4950032642e-02 -1.1121584840e-01 8.3658761949e-02 6.9811204917e-02 4.4460476142e-03
2.7456597726e-02 -5.0631939297e-02 -1.9954136089e-02 8.5876066461e-02 1.2345584826e-02 -7.0532542695e-02 -2.1034775505e-02 -5.8324733081e-02 3.5086129630e-02 6.4294265769e-02 -6.4239252402e-02 -9.4792753353e-02 4.8925762265e-02
2.2514590861e-01 -2.5598419700e-01 -7.1940858921e-02 -3.5248990156e-01 -5.4858450383e-02 -1.4214778864e-01 1.4527345971e-02 -1.6687732748e-01 4.6051161080e-03 -2.6847768514e-02 5.0641668775e-02 1.0810561749e-02 4.5497774326e-04
7.1829419030e-02 5.0122600497e-03 -3.0156653333e-02 -4.8763409177e-02 -5.5683289829e-02 -8.2764292052e-02 5.0783862968e-02 -1.4077619616e-02 -3.2365362624e-02 -3.4006245913e-02 1.6188069710e-02 7.1377819773e-02 5.6798966880e-02
-6.9241610953e-02 5.6087896220e-02 -3.6479558083e-02 -7.9111538324e-02 1.6532062061e-02 -1.0978407607e-02 5.8965308841e-02 8.0176713657e-02 -9.7618188957e-04 7.7125539311e-02 6.0259810248e-03 -3.3379878345e-02 1.2708540769e-02
4.2529920942e-02 -4.3169447526e-02 -1.8583006891e-02 -1.8170243608e-02 3.6912099924e-02 -1.1670011212e-01 -3.5753734420e-02 4.8723815033e-03 -2.8480178167e-02 8.4585359991e-02 -1.6282316488e-02 -6.1947061871e-02 -4.1051187822e-02
-4.4772916864e-02 -7.0070333325e-03 -3.2773474711e-02 -1.6590419463e-02 2.3039509610e-02 -8.2881513850e-03 1.8094071400e-02 8.9439045109e-02 8.4593786225e-02 -9.1790781921e-02 1.2532655568e-02 1.0159566468e-01 2.1469132258e-02
-4.5132864214e-03 5.6860702009e-02 3.4075157822e-02 4.4612567519e-02 2.3863562750e-02 4.1414822923e-02 1.4711414374e-02 3.9496286929e-02 -5.2920892716e-02 -3.5558242762e-02 -5.6304111066e-03 3.3162584511e-02 7.3778432766e-02
1.0767121153e-01 2.4272664299e-02 1.3010426676e-01 -1.2155747323e-01 1.1946469238e-01 2.6768101492e-02 8.8610824117e-02 -1.1855787514e-02 -3.0758965298e-02 -1.5700662609e-02 9.2405443503e-02 1.1048467049e-02 -6.7525464791e-03
1.2014374433e-01 -1.3801878515e-01 3.1696264576e-02 -7.4349737059e-03 4.9326958054e-02 6.1732842815e-03 -1.0563628746e-02 -4.6675324056e-02 -1.1492964857e-01 -7.7056485350e-03 -7.5358813787e-02 9.6927227635e-03 -1.1668929466e-02
-6.9613767819e-03 -7.4518019991e-03 -4.1219435821e-02 9.7246647905e-02 3.5362997104e-02 4.9297104438e-02 -5.6429289543e-02 -1.1872410838e-01 -5.2260042853e-02 4.1984660045e-03 -5.5541737033e-02 3.3201037866e-02 4.7011865289e-02
2.7874715345e-02 -2.4987269355e-02 -2.3117689451e-02 3.5198604324e-03 5.4701816026e-02 1.9562926227e-02 -9.2444956197e-03 7.8093492072e-03 2.0887654482e-02 -7.1632262083e-02 -8.2539839791e-02 1.2327744550e-01 4.9087701683e-03
-1.8724938686e-01 3.2669242128e-02 -1.0294660583e-01 8.0278902942e-02 -7.6918093742e-03 1.2405777802e-01 2.9883052123e-02 6.7088771353e-02 8.3918875132e-03 2.9869602816e-02 -4.9572367591e-02 -3.5896974947e-02 5.0659541256e-02
6.8762125264e-02 1.0983207814e-01 1.1028553243e-01 1.3122474147e-03 8.9973202965e-02 8.5968454511e-02 5.4550656799e-02 2.1745049290e-02 -9.0625321305e-02 3.9649184205e-02 6.6995491025e-03 -1.9757230575e-03 5.8015428631e-02
3.9217554447e-02 6.4414540238e-02 6.7986878651e-02 -8.9085059465e-02 1.6402878626e-02 -1.7863045208e-02 9.6363533362e-02 -3.7027658281e-02 -9.1469309272e-02 -3.0468120059e-03 -2.9528733578e-02 7.6128674958e-03 1.1038474425e-02
7.9190618434e-03 1.0266564741e-01 1.4294237201e-01 1.7716892374e-02 -2.2625553792e-02 4.9952258406e-02 3.4905667551e-03 -7.6079490846e-03 -4.9229356938e-02 -2.3954138398e-02 4.3232501713e-02 -8.4458814319e-03 -3.7759219878e-02
-1.0463790632e-01 -4.1834222879e-02 -1.3853924554e-01 2.6440369761e-02 -7.9676877033e-02 -6.4351856362e-02 -9.1852519833e-02 -6.0550623347e-02 1.3426150986e-01 -2.0207785269e-02 -2.2331360705e-02 1.3597349156e-02 -2.0057604275e-02
6.4065604915e-02 2.2394938617e-02 1.9390502422e-02 -1.0056551406e-01 -3.3672155700e-02 -1.2578211901e-01 -3.1763365021e-02 -2.4949072441e-02 -6.3944361126e-04 8.4573216354e-02 5.2338594650e-02 -9.4068253452e-02 -7.6921727706e-02
7.1184521491e-03 -6.9722694987e-02 -5.7888584239e-03 -5.7548708141e-03 -2.8766833860e-02 9.9047016249e-02 -1.4333409161e-02 3.7988364072e-02 8.5186608913e-02 -3.4869113661e-02 1.3736077160e-02 -1.4895208021e-02 4.8763669532e-02
-8.6190612587e-02 -1.4520093338e-02 -9.3870014980e-02 -7.0243305456e-02 -1.9634701605e-02 6.3940379650e-02 2.0704456769e-02 6.7359147939e-02 6.0836598040e-02 -7.8412107130e-03 4.2493255118e-02 1.2980581329e-02 1.2630374947e-02
9.0511363486e-02 -7.1301873321e-02 3.1039580482e-02 -3.0538144083e-02 -2.1834935495e-02 4.0332915157e-02 -4.0769508664e-02 -6.3966395633e-02 6.6058528718e-02 1.5961895906e-02 -2.3276118420e-02 -1.3371572230e-02 1.1963338090e-01
-6.2820125745e-03 -7.8609782911e-02 -1.7947885860e-02 -3.3819934313e-03 4.1123740726e-02 1.5616637476e-01 6.4709478009e-02 1.0735790222e-01 4.7932876791e-02 1.5453886555e-02 8.1171275103e-02 -3.3571249697e-02 1.2598172420e-01
-6.5316867566e-02 7.8780711562e-02 1.2306655368e-02 1.4911996901e-03 -5.0650764707e-02 5.2130830336e-03 7.4862485899e-02 4.5231563852e-02 1.9624540582e-02 -2.2538458376e-02 6.8539723218e-02 3.1989650076e-04 4.5265130190e-02
-1.0449203344e-02 -1.9467559178e-02 -1.8401927404e-02 -1.7706459959e-03 6.4287620799e-02 4.9716711786e-02 9.7035580944e-02 -5.5902936858e-02 -6.2936960141e-02 -1.1606304235e-02 -4.5693216245e-02 -1.2404623394e-02 9.2243428549e-02
2.8717283533e-02 -3.3300911142e-02 -4.2432299061e-02 -4.5632907806e-02 -1.8323330723e-02 -7.3276442447e-02 1.2740025878e-02 -2.6868493452e-02 1.2823758061e-03 -8.4558664293e-05 -1.0729430441e-01 4.9392476724e-04 -1.0042801645e-01
2.4717146216e-01 -1.1713474887e-01 1.1196416601e-01 -2.0338169536e-01 1.1030892647e-01 -5.6265695743e-02 1.5436299249e-01 -1.4779536140e-01 -7.3566898820e-02 -1.4519018445e-02 1.8182655083e-02 -1.4189550757e-02 -3.8678780156e-02
-2.4817941297e-02 -9.4321663699e-03 -4.4132637100e-02 1.6414513559e-02 -2.1608369261e-02 -3.7033921259e-03 1.4671426694e-02 6.7654304462e-02 3.4785615456e-02 -2.6736529732e-02 1.7261293703e-02 5.5311880923e-03 -8.2894733126e-02
5.3681766864e-03 -1.7931417784e-02 -4.0398158587e-02 -5.7569796613e-02 -2.0304243268e-02 1.5261738333e-02 4.6606227200e-02 8.1684327640e-03 -4.9991999346e-02 -4.9261132574e-02 -6.7275290001e-03 1.0454317042e-01 8.6167542483e-02
-1.9703457038e-01 -8.3621007175e-02 -1.4263534321e-01 -7.4438733054e-03 -1.5876614027e-01 -8.8262764109e-02 -1.1549943065e-01 4.4412474608e-02 1.4629619451e-01 7.1682700202e-03 -2.1064069068e-02 -5.0866786807e-03 -1.9067703672e-02
-1.4419683668e-02 3.9744724030e-02 2.6027023688e-02 -7.3445215283e-02 9.3495281451e-03 -7.0243538294e-02 1.1971494216e-01 -1.0565888235e-02 -4.3260998734e-02 6.1632566319e-02 -7.2312022037e-03 -2.4652629027e-02 -9.7319737708e-03
-3.5173377382e-02 -1.7099693871e-02 6.4855656255e-03 2.1364011377e-03 -3.3074094531e-02 -3.9114496852e-03 -1.0376904963e-02 6.9186738990e-02 -9.9371992816e-03 1.5645187961e-01 4.8658534300e-03 -8.4588592847e-02 -5.9057013103e-02
1.8361565167e-02 -9.3924763400e-02 -1.9982191593e-02 -7.2327116449e-02 1.4755784732e-02 -1.6646590126e-02 -1.6806447826e-02 -6.6695613649e-02 -2.9593949386e-02 6.1401780058e-02 5.0881814401e-02 -3.3042082089e-02 -5.9610953734e-02
1.4164821605e-01 -5.7821212065e-02 3.9650523463e-02 -6.5425834334e-02 9.1011755982e-04 1.9111827068e-01 5.7998659315e-02 -6.0507934405e-02 -2.6193527721e-02 -1.0219789615e-01 3.6082245343e-02 7.9512422154e-02 7.5710885841e-02
-2.6059300954e-02 -3.5412632485e-02 -1.1144467061e-02 -2.7289037562e-02 2.7732041355e-02 -1.8606435668e-02 1.1612386386e-02 3.2072752323e-02 -3.0198382719e-02 1.2586769945e-01 -1.6275637395e-02 -1.6725691752e-01 -1.3379593307e-02
4.1525465263e-02 -3.4255907590e-02 -1.1695449149e-02 4.7622393880e-02 6.8875919516e-02 4.8590513828e-02 8.4075774213e-02 1.6346667821e-03 -5.5590551211e-02 7.5158420739e-02 6.9887200793e-02 -3.4161073886e-02 6.5688011818e-02
1.1778448512e-01 4.6876243213e-02 5.3896607910e-02 -1.6159612192e-02 8.9816304804e-02 -3.4672261612e-02 7.4818721336e-02 2.5732390421e-02 -1.3691186347e-01 -2.0273773744e-02 -6.6756897557e-02 2.9813402938e-02 -8.3422893870e-02
4.2061822529e-02 6.6302195544e-02 3.0643646700e-02 -5.5110628208e-02 4.4911152443e-02 -3.7307704149e-02 1.1410272400e-01 -8.9439950956e-03 -6.8150534349e-02 7.6891371694e-02 2.6781847676e-02 -4.3376934937e-02 2.2702908469e-02
-9.3240963038e-02 -4.9981229869e-02 -9.1208241095e-02 -5.1846217810e-02 -8.1451403306e-02 6.3324583283e-02 2.8061751835e-02 -3.6416709811e-02 5.8472272243e-02 -7.2495522208e-02 -7.2386508183e-02 4.2703098990e-02 1.7917167166e-03
3.9975519289e-02 -1.3384777588e-02 1.9925914048e-02 -4.8036209998e-02 3.7595321326e-03 -6.3856164277e-02 6.6687463968e-04 1.8813522331e-02 -8.4307560010e-03 -4.4442102365e-02 9.6677706735e-02 4.2108477066e-02 -7.6335792508e-02
8.4646191371e-02 2.9918870994e-02 -5.3814092957e-02 -9.4134030944e-02 5.1127044404e-03 3.9539600983e-02 3.7296778991e-02 -2.4851263658e-02 -9.0459426749e-02 3.6021941421e-03 4.4129972379e-02 -3.7641058361e-02 2.6815423505e-02
8.7621105819e-02 4.7532172513e-02 1.0399627998e-01 7.8933276084e-03 2.1476272942e-03 9.3069911411e-02 3.0655993610e-02 -3.6990808197e-02 7.3406832763e-04 -2.1348497800e-02 7.3204846534e-02 1.7478646357e-02 5.9143196905e-02
-4.1574264009e-03 -8.4605850894e-02 5.0084518338e-02 5.0379933705e-03 5.2486077220e-02 -6.1893533963e-03 9.0572111102e-03 6.8649161043e-03 -3.0116171366e-02 4.9021330957e-02 6.5439425869e-02 -5.1252622435e-02 -5.5168448424e-02
8.3535621443e-03 1.7652021368e-02 2.5894078124e-03 2.6182119914e-02 3.3067884251e-02 8.1672296420e-03 2.2923266619e-03 3.7467057646e-02 -3.8924883824e-02 -1.5562786515e-02 2.6682093117e-02 1.7106793326e-02 5.0639153989e-02
-3.9892886720e-02 -1.4047712923e-02 3.6042200634e-02 1.8620581767e-02 -2.3278791717e-03 -2.0955515868e-02 3.2974796790e-02 -4.0746615221e-03 6.0995243876e-03 -4.1731243558e-02 4.7628380301e-02 5.7435693314e-02 5.8457761039e-02
7.9009281084e-02 4.4616260898e-02 5.2646317190e-02 1.6963021091e-02 9.9922909827e-03 -1.4405568856e-02 -1.3481614095e-02 2.5256390244e-03 -5.7058053971e-04 -8.0025282826e-02 -1.2209569528e-01 1.5416785847e-02 4.2472251313e-02
-5.0488631275e-02 1.7476877671e-02 2.7444550038e-02 8.0883783794e-02 7.6098617965e-02 7.8086808842e-02 6.4552948321e-02 3.1597551693e-02 -7.5748588736e-02 -2.7688924661e-02 -2.9274695315e-02 2.8474197861e-02 1.0363713758e-02
-6.7379083965e-03 5.7454629138e-02 9.8760313914e-02 -1.3282785807e-02 1.6626650048e-02 -4.5904068465e-02 1.0929327128e-01 4.5308753622e-02 -4.3058475235e-02 3.9318277578e-02 -3.5725202473e-02 -2.8444177634e-02 -5.4851903130e-02
3.6055613159e-02 -4.4105232129e-02 -4.4558265883e-02 6.6367790492e-02 6.9010006401e-02 2.4047962484e-02 -1.2007607610e-02 2.4894269471e-02 7.4056241498e-02 3.3563085526e-02 6.3231059181e-02 -7.6653958206e-03 -5.4602640810e-02
-1.2738195156e-01 1.7068043870e-01 -1.4168313860e-02 6.2505658460e-02 -3.7771092398e-03 2.7851376915e-02 -7.8901663915e-02 3.2262259210e-02 1.1780501340e-01 1.1430960118e-02 1.9995084794e-03 -1.2175989310e-02 1.0039524063e-03
-7.9351173312e-02 -5.5139497120e-02 -8.0806743044e-03 2.0040803918e-02 5.3378618680e-02 6.5245517020e-02 7.0818113188e-03 6.4356097653e-02 2.5958804081e-02 -4.5208308408e-02 7.6917901761e-02 8.1277671857e-02 6.5045244189e-02
-1.0010551779e-01 -1.1855260677e-02 -6.2886110082e-02 5.5936243268e-02 -3.4571556672e-02 2.8438316785e-02 -4.7094756338e-03 8.6305237069e-03 1.8223113807e-02 -9.3382863632e-02 -8.2043546202e-02 8.4279216759e-02 6.0386477682e-02
-1.9813940675e-02 -5.6140097499e-02 -2.1840275041e-02 -7.9387566657e-03 8.2777200310e-02 -1.1302296885e-02 -2.1751583562e-02 1.3747935032e-02 9.2016640366e-04 1.0912133675e-01 2.8610363430e-02 -9.5733308091e-02 6.9830950352e-03
-3.8850372744e-02 -9.5352245735e-02 -8.5421121533e-02 -2.5743994804e-02 2.4684312565e-02 2.9947052831e-03 3.7390306360e-02 -4.9552094226e-03 2.9352936717e-02 3.2238671494e-03 -1.2702748202e-03 -2.9005717829e-02 2.2454029038e-02
-2.5844029172e-02 8.5723469555e-02 -1.9963738252e-02 -3.5700301919e-03 -1.0268745887e-02 -8.2399274047e-02 -4.3364129489e-03 -4.8012246422e-02 2.1054706508e-02 -1.5603138834e-02 -4.4445984362e-02 -1.3910019045e-02 -2.0758613345e-02
-9.0205051447e-02 -1.9634380862e-02 -5.7289200521e-02 1.0451600465e-02 -4.6652418494e-03 4.4873892598e-02 -9.9295294030e-03 5.1409475023e-02 -2.8525723627e-02 -5.9964512986e-02 3.2611274630e-02 7.4910963268e-02 5.4143472948e-02
5.2485919136e-02 -5.3101069911e-02 3.3977835721e-02 -1.9123629274e-02 4.6757009898e-02 5.3957922014e-02 2.8163486546e-02 -8.2006127466e-03 -5.1706150821e-02 2.7902947219e-02 -1.3474452384e-02 2.4799137744e-02 -5.3328147306e-02
-5.1436096855e-02 1.2826350546e-01 1.0083611316e-01 1.1391923040e-01 2.3430497311e-01 1.0032955960e-01 1.2609539801e-01 1.2343859689e-01 -1.6772938245e-01 7.3772599358e-02 -8.2564047441e-02 -2.0035060371e-02 6.5732330487e-02
4.5533832289e-02 -1.5578640540e-02 1.8700714826e-02 2.4468720925e-02 -1.5102910301e-02 7.2251930618e-03 -1.0470696376e-02 1.7284149506e-02 -5.8048993094e-02 1.0417819127e-01 3.9037933434e-02 -2.4870253718e-02 -5.3888582871e-02
-1.9251912922e-03 7.7972136244e-02 -5.7185083904e-02 -6.0979282713e-02 -2.1405357762e-03 4.4905299362e-03 -3.2027872428e-02 -2.1502699224e-02 9.3302020788e-03 -4.6326280195e-02 2.3370230804e-02 6.3459181886e-02 -8.5378048680e-03
-1.3408273827e-02 -9.8192309269e-02 -5.4345340518e-02 -4.2880354887e-02 -1.0785097890e-01 -1.0490818498e-01 -1.1286249459e-01 -7.6333385058e-02 3.9268879208e-02 2.5659036155e-02 -4.3477711095e-02 1.2454993482e-02 -6.4382868480e-02
3.0670775803e-02 -1.0463164371e-01 -2.2883690766e-02 1.6711486871e-02 5.3922818090e-02 -3.9083744707e-02 -1.0835775310e-02 -1.9035973801e-02 -6.6838548895e-03 9.6588879095e-02 8.2402842747e-02 -5.6443654026e-02 2.4061969711e-02
5.4287404729e-02 -3.3020459048e-02 2.9961319820e-02 7.0135441047e-02 9.8923246700e-04 2.2219667687e-04 -8.7229595440e-02 6.2253995864e-02 8.1176124744e-02 4.1070423547e-02 1.9457464972e-01 9.8836491451e-03 -5.6812110863e-02
-7.6314317453e-02 1.6292726022e-02 -6.3404596718e-02 8.4149381379e-02 8.4545853588e-02 2.3572895443e-01 2.3619379608e-02 6.1948561194e-02 3.3536107575e-02 3.5710654959e-02 6.0865348426e-02 -5.4023361551e-02 4.2465072502e-02
7.6484174681e-02 -7.5170436817e-02 8.3155261983e-03 -7.7851309758e-02 4.4159110917e-02 3.7783166181e-02 4.6224562440e-02 1.8715947168e-02 -3.3464558078e-02 3.8487214570e-02 -8.5957792384e-02 1.5811629039e-02 5.9051136164e-02
-1.3000303157e-01 4.1353070948e-02 -8.5313761770e-02 -2.1333920251e-02 -1.3610708584e-01 -4.1042856608e-03 -8.5186699266e-02 7.3635838264e-02 4.9731246664e-02 -2.6283996799e-02 2.8494696864e-02 -1.9016955838e-02 2.1853787877e-02
2.0319916140e-01 1.3552280411e-01 1.8933186649e-01 4.2049570617e-02 1.7409914704e-01 1.0615573058e-01 1.3296918219e-01 5.6179005061e-02 -1.0078954123e-01 -3.6941519626e-02 9.8110915705e-03 -2.5033108761e-03 -1.3442267001e-02
-1.6585992190e-01 3.7443817241e-02 -6.9059817411e-02 6.6716328738e-02 -7.0379601959e-02 -4.6168042717e-02 -4.6468426407e-02 2.6868285195e-02 8.4362520496e-02 1.1430667851e-02 -3.4571382005e-02 -3.6510015791e-02 -7.1326145628e-02
-1.0224938429e-03 -3.2517606724e-02 5.7010801782e-02 -4.5079233275e-02 -1.4254668320e-02 -6.4207508760e-03 3.3811199552e-02 -5.8795254534e-02 -3.0609429643e-02 -8.6883796295e-02 -3.5469045280e-02 5.2634521779e-02 4.8865003845e-02
2.7527207078e-02 -3.2966492887e-02 -1.1750531437e-03 -1.9415075950e-02 4.1682480897e-03 1.8471398256e-02 8.3826971057e-02 3.3404609537e-02 -3.2708207588e-02 3.2065707844e-02 -1.4759718477e-01 -6.4473947526e-02 3.3322666565e-02
5.2306881430e-02 -2.0470271854e-03 5.1236659689e-02 -2.9768419720e-02 -3.4196489609e-02 -6.0072272496e-02 1.9258542544e-02 -1.6075708968e-02 5.2362139342e-02 1.2432898995e-01 -2.6745580962e-02 -4.6393774482e-02 -6.0345391257e-02
4.5380799757e-02 -5.7100745647e-02 1.4945948760e-02 -3.7599620691e-02 3.1352214039e-02 4.6569415804e-02 -1.1807827015e-02 8.1450551382e-02 2.9491378624e-02 8.5367236745e-02 1.2619696078e-01 -2.7610820465e-02 1.2125231260e-02
-4.3217750086e-02 -7.9438216437e-03 -2.4879335136e-02 -2.5917671073e-03 -2.0161305121e-02 -1.7308332532e-02 3.3727800923e-02 9.0016410331e-02 3.6266342011e-03 5.8899883030e-02 4.3790728517e-03 -2.9064039486e-02 -1.0389078875e-01
-1.0517365391e-01 1.9382736458e-02 -1.0490884315e-01 9.3717241743e-02 -1.3004268924e-01 -7.7441765789e-03 -8.3111792748e-02 -4.1494175393e-02 9.6185473738e-02 -4.8400123873e-02 -3.0489443810e-02 2.7063760192e-02 5.3792846144e-02
4.4759889402e-02 -4.9989042615e-02 1.8124136888e-02 1.9411470967e-02 4.7118045485e-02 5.8195732683e-02 2.4567017227e-02 -8.9792990773e-03 7.1869923318e-02 1.1919781512e-01 -6.7119597987e-02 -2.9952555847e-02 9.0408115173e-02
5.8295626391e-03 1.7478912470e-02 -2.6811537046e-02 -1.1460678649e-02 1.6571514506e-02 -6.2748129473e-02 1.0162880337e-02 -2.6892542041e-02 2.9238082351e-02 1.1054088627e-01 7.3887098621e-02 -7.4007667422e-02 -3.3195084022e-02
9.3793920569e-02 1.7039368830e-02 1.1572416578e-01 -3.5228813990e-02 -9.2454530829e-05 -4.6816181238e-02 3.3533816804e-02 -5.8313272706e-02 -1.8161910335e-01 5.2312636049e-02 -1.2010451445e-02 -6.4824959340e-02 -1.4666786632e-01
4.2496224697e-02 -3.8834353570e-02 -6.1746126513e-02 3.0707298923e-02 -1.0888359857e-02 4.4639844407e-02 -3.4648241127e-02 7.8071965874e-03 -1.5580260707e-02 3.1491801467e-02 1.6243354578e-02 -4.4103187812e-03 4.9140212478e-02
2.0547012415e-01 1.5023076794e-01 2.9866660446e-01 6.5944494099e-02 2.6158402354e-01 2.2065731461e-01 2.8302841104e-01 4.6481174020e-02 -3.3815858997e-01 -2.9270233350e-02 -1.0221800997e-02 9.8790512129e-03 1.7912482517e-02
3.4786159681e-02 -6.8088138440e-02 -2.9099008140e-02 7.6994916720e-02 -4.0785150995e-02 8.8235829186e-02 6.4176931319e-04 -2.0938774908e-02 -2.1912173760e-02 1.2719059983e-02 -2.8943273358e-02 3.0032641455e-02 4.5426041252e-02
2.5769677273e-02 -3.5987437892e-02 -5.2299747104e-02 -1.0230301660e-01 -1.0883553198e-02 -7.7740337713e-02 2.7220213779e-02 -8.5865046749e-02 -3.3886948078e-02 4.7329903634e-02 -7.7461637592e-02 -9.1441519031e-02 -7.8979686763e-02
1.0238758259e-01 1.7322129839e-01 2.1585878042e-01 1.7161965467e-01 1.6458696839e-01 1.4912361048e-01 1.0247574640e-01 3.1325848223e-02 -1.9744811230e-01 -1.6169585723e-03 1.0851516300e-03 4.2603335255e-03 -4.9261999969e-02
-1.1189094284e-02 9.8379812590e-02 1.0061355934e-01 6.0803105152e-02 3.6707991241e-02 5.1463646451e-02 1.9911045013e-02 8.5078735426e-02 -4.1554112455e-02 -1.9956035402e-01 5.5932579715e-02 1.4453442668e-01 2.9648504772e-02
-4.8113277984e-02 9.8256831662e-03 -2.3673155852e-02 -8.7640410454e-03 -6.0184288904e-03 -9.7391579685e-02 9.0520179136e-04 5.2744426231e-03 -6.1285894075e-02 1.1695854168e-01 -2.6120767336e-02 -1.0425681930e-01 -1.1966121535e-01
-4.7314793714e-02 7.1627842958e-02 7.3485275619e-02 3.0656306373e-02 -5.5176133349e-02 2.3119060705e-02 8.2649978213e-02 4.9351658349e-02 -1.4309780002e-01 -4.8438340119e-03 -4.8379564524e-02 3.9627142997e-03 -9.4180375008e-02
-1.5062081029e-01 -5.8208271809e-02 -1.6381229453e-01 -1.1587916038e-02 -1.2455372827e-01 -4.0507687959e-02 -1.0580489951e-01 6.7758536546e-02 1.5346873880e-01 8.0663316333e-05 -1.9896240613e-02 1.4062215349e-02 9.1615689524e-03
-7.5245417002e-02 1.6682142275e-02 -1.0352442467e-02 4.9443295468e-02 -1.4074400505e-01 -7.8439601177e-02 2.1494880833e-03 1.1134527644e-03 -3.6385345453e-03 -4.6018096331e-02 5.5260016818e-02 -2.4399260245e-02 -6.3408919582e-02
-4.3249341575e-02 -5.8035338757e-02 -2.8780959303e-02 3.2454342049e-02 2.0729303206e-02 2.4221667723e-02 -6.0978235593e-02 1.0149744108e-01 5.5323471742e-02 3.2128216428e-03 6.0940897003e-03 -2.0773348649e-02 2.8296429535e-02
5.6115931761e-03 -3.0270823447e-02 5.2282369430e-03 7.3997304446e-02 4.9122232779e-02 2.0038610700e-02 -7.1171975412e-02 3.2156082456e-04 6.8197785085e-02 -6.8973671642e-02 2.9861186303e-02 5.5429154715e-02 6.6869875800e-02
