-1.0109124717e+00
-4.2550528110e-01
2.0574040356e-01
-6.8326443358e-01
1.3172280579e-01
-5.1115833736e-01
-5.4765991889e-01
-1.3227660254e-01
1.2668444056e+00
8.9910370911e-01
-5.6206251802e-01
-1.0543734378e+00
4.1723976727e-01
5.7786086650e-01
6.9361071758e-01
-1.4486791592e-01
9.3201438414e-01
-5.9041579526e-01
-1.1497109915e+00
1.0853021055e+00
2.9538051283e-01
4.3889053158e-01
-1.8076200542e+00
7.4098982873e-01
-1.4646464833e-02
6.1454228120e-01
-9.7192044714e-02
1.3904797222e+00
-1.6706650622e+00
1.5947388678e+00
-1.4651590064e-01
4.4585631029e-01
-1.6205764320e+00
-7.7806576238e-01
8.9288384616e-02
2.1447390910e-01
-4.5776603470e-02
-1.2394985830e+00
-1.9285450995e-01
8.4307190028e-01
-1.8476604617e-01
-1.4756051522e+00
-1.3636428553e+00
6.4172756384e-01
-5.8918850688e-01
-4.8312970198e-01
1.1534687171e+00
-1.6451181029e+00
5.8134983724e-01
-4.8577527115e-01
-1.1856546057e+00
-1.0924936011e+00
5.8441267100e-01
6.8191934134e-01
4.3298089255e-01
-1.7310551588e-01
-9.1166804251e-01
-8.6541007211e-01
1.6944213434e+00
-7.2769500051e-01
4.6555173188e-01
-1.2869144774e-01
8.8015487359e-01
5.4803553229e-01
-2.6774117578e-01
8.8275723933e-01
-1.6333060671e+00
-1.1403852204e+00
7.6923980974e-03
1.2733036384e+00
9.4644504507e-01
1.6233611666e+00
9.4424093080e-01
6.2382977541e-02
-1.0749090915e+00
6.6324938712e-01
-6.9430821789e-01
-1.9466185885e+00
-1.2036194737e-01
-2.0039544839e+00
9.8080088273e-01
-9.7905354136e-01
-8.2713223838e-02
-2.0826182078e+00
3.1399570735e-01
4.5605985642e-01
-9.3776835919e-01
-6.8879549274e-01
-3.0528523639e+00
-1.0420154065e-01
-7.6149501687e-01
1.4361626508e-02
-1.1008894891e+00
-1.1033794792e+00
-8.9924743833e-01
-9.3402464251e-01
1.7654947304e+00
-8.8983990121e-01
3.9858171510e-01
-2.9451226337e-02
-7.8776288109e-01
-1.1776798606e-01
-1.6899547547e+00
1.8482695092e-01
-1.0479477442e+00
-2.2326374700e-01
-1.0820270411e+00
5.4861448807e-01
1.1214824858e+00
2.4370371641e+00
-2.3823849725e-01
1.1524451281e-02
-7.3884559088e-01
-1.5930178101e+00
9.2797653244e-01
3.9719279032e-02
1.2434827447e+00
7.0176635456e-01
2.8291059792e+00
2.4978369649e-01
3.4031768883e-01
-4.7925555032e-01
-3.7149577481e-01
-1.2271084298e-01
7.3226644646e-01
3.1253713578e-01
-8.2852785101e-01
