1.5496705870e-01
6.7381371679e-01
2.2927684565e-01
2.8250758648e-02
1.1995288466e+00
-2.2757180380e+00
-4.2549519434e-01
-1.2071371461e+00
7.3324377326e-01
4.8937439230e-01
-4.8684445393e-02
2.5690054695e-01
-5.2352791121e-01
-4.5408884031e-01
3.2756689918e+00
7.0315086529e-01
-3.2902572200e-01
-6.0586734675e-01
7.7415320997e-01
-5.4660699969e-01
-8.9771294883e-01
2.4401359886e-01
9.1437721921e-01
4.0994003989e-01
2.5935473415e-01
-1.3609452819e+00
-1.1347336585e+00
-1.9332356143e+00
4.0013926432e-01
1.9120201062e-01
-7.6937452539e-01
-2.4106013363e-01
7.5793316157e-01
1.3048156570e+00
-4.6002694716e-01
7.2212942137e-01
-5.3166674092e-01
-6.1607831008e-02
-6.7784732706e-01
-1.3076335781e+00
-5.2711953524e-02
-8.5714233272e-01
-8.3875726751e-01
-3.5954193229e-01
3.8227437896e-01
5.6532316990e-01
8.3075417632e-01
3.9604202648e-01
-5.4658716519e-01
-3.7261856363e-01
-2.9029448077e-01
5.4873114666e-02
-5.5975076490e-01
8.5799955962e-01
-1.2766562558e+00
-6.6308722556e-01
3.0355195997e-01
4.3637997141e-01
1.4425428688e+00
-9.5138187039e-01
6.0921918275e-01
-1.5733652448e-01
9.1274786720e-01
2.6391884043e+00
-8.9176533091e-03
-2.6006938074e-01
7.7167556979e-03
-1.9680182593e-01
2.5636250457e-01
-5.6659351676e-01
-7.5697994075e-01
3.4546122695e-01
-3.0109870594e-02
-2.9400583338e+00
-1.4498336750e-01
-7.0849989912e-01
-1.5016443041e+00
-2.7086085998e-02
1.2612613751e+00
-8.4169001610e-02
-5.0356647696e-01
6.3741359856e-01
8.0554349885e-01
1.1359470912e+00
-6.6203322161e-01
-3.3042246028e-01
-1.7794924002e+00
1.1924503718e+00
-8.3668985929e-02
1.5430665828e+00
-8.5054387513e-01
-2.2502278676e-01
-5.6406746369e-01
-1.7997861929e+00
8.5266759049e-02
-2.6310884387e-01
-5.2805489343e-02
8.1169533544e-01
1.2924352388e+00
1.1334085346e+00
-9.5378746629e-01
1.2864625270e+00
-9.1766002118e-01
-3.3757842726e-01
-6.1427039649e-01
3.9989616423e-01
5.4010993746e-02
1.0479239006e+00
2.2587924838e-01
4.0501348955e-01
-4.0938953639e-01
-1.6760772273e-01
-1.2001024362e+00
-6.0686031677e-01
2.9451425906e-01
-1.5930146399e+00
-6.0333647173e-01
-1.7856111695e-01
4.1852910004e-01
-8.0251073472e-01
6.3452221092e-01
1.3107651938e+00
-1.3892108797e+00
8.5057717983e-01
-3.5563404277e-01
-6.5333810147e-01
-9.1904209612e-01
8.3125365308e-01
1.0174646160e-01
3.1570062347e-01
-5.2520893041e-02
-7.0835279302e-01
1.9142075522e-01
5.5066893955e-01
7.0991434738e-01
7.0820056576e-01
7.6883060612e-01
4.0890598445e-01
-1.2839940192e-01
8.8167582752e-01
-7.9021582632e-01
8.5347438261e-01
-1.5203290992e+00
-1.2335444961e-01
-5.8865341081e-01
-1.5307501093e+00
7.2045560431e-02
8.7680061113e-01
2.3731948491e-01
1.0659920902e+00
-1.3426237080e+00
2.0313154926e-01
1.1363566463e+00
1.0775240191e-01
2.1121551015e-01
-7.0443444238e-01
-2.9968504000e-01
-3.3099386008e-01
-7.5133173496e-01
-2.8402510472e-01
-1.5561201090e+00
2.1880719313e-01
2.4257640724e+00
1.2270950585e+00
3.3028701973e-01
-1.9504716299e-01
-9.6851650652e-01
1.8878946829e-01
4.1281199742e-01
-1.0106371749e+00
1.1387332421e+00
-2.1541702625e+00
-2.6895321821e-01
9.8056032125e-01
-1.9111077993e+00
4.4661752752e-01
8.6805767079e-01
-1.3101550101e+00
-2.2531946159e+00
8.7511129455e-01
-1.0463157994e+00
5.1209200885e-01
