3.04087200e-01 6.53806400e-01 2.21536492e-09 9.84404800e-01 4.78893328e-02
3.26425200e-01 6.93528800e-01 1.98628835e-09 9.45344800e-01 5.06745045e-02
2.95765200e-01 6.41624000e-01 2.08864922e-09 9.72510400e-01 5.41790933e-02
3.34747200e-01 7.05711200e-01 2.11300405e-09 9.57239200e-01 4.43847440e-02
3.18015600e-01 6.66442400e-01 2.00570162e-09 9.69436000e-01 4.93281669e-02
3.12496800e-01 6.80892800e-01 2.19595165e-09 9.60313600e-01 4.92356704e-02
3.31068000e-01 6.45706400e-01 1.93828463e-09 9.80020000e-01 4.57208042e-02
2.99444400e-01 7.01628800e-01 2.26336864e-09 9.49729600e-01 5.28430330e-02
3.46135200e-01 6.65924000e-01 2.12853467e-09 9.74929600e-01 5.11575417e-02
2.84377200e-01 6.81411200e-01 2.07311861e-09 9.54820000e-01 4.74062956e-02
3.13022400e-01 6.86854400e-01 1.98417054e-09 9.60716800e-01 4.51966575e-02
3.17490000e-01 6.60480800e-01 2.21748273e-09 9.69032800e-01 5.33671797e-02
3.51303600e-01 6.62165600e-01 1.97569929e-09 9.59809600e-01 5.42202028e-02
2.79208800e-01 6.85169600e-01 2.22595398e-09 9.69940000e-01 4.43436344e-02
2.91735600e-01 6.77912000e-01 2.16877308e-09 9.58297600e-01 5.36857787e-02
3.38776800e-01 6.69423200e-01 2.03288020e-09 9.71452000e-01 4.48780585e-02
2.72551200e-01 6.50307200e-01 2.00464271e-09 9.85463200e-01 5.17947396e-02
3.57961200e-01 6.97028000e-01 2.19701056e-09 9.44286400e-01 4.67690976e-02
2.72113200e-01 6.72922400e-01 1.93934354e-09 9.57491200e-01 5.15275276e-02
3.58399200e-01 6.74412800e-01 2.26230974e-09 9.72258400e-01 4.70363097e-02
3.19066800e-01 6.82642400e-01 2.09182594e-09 9.87479200e-01 4.84443116e-02
3.11445600e-01 6.64692800e-01 2.10982733e-09 9.42270400e-01 5.01195256e-02
3.52705200e-01 6.41364800e-01 2.13277029e-09 9.66764800e-01 4.85162533e-02
2.77807200e-01 7.05970400e-01 2.06888298e-09 9.62984800e-01 5.00475839e-02
3.32382000e-01 6.71950400e-01 2.26301567e-09 9.81028000e-01 5.03867377e-02
2.98130400e-01 6.75384800e-01 1.93863760e-09 9.48721600e-01 4.81770996e-02
3.43770000e-01 6.93917600e-01 1.94322619e-09 9.84001600e-01 4.61113449e-02
2.86742400e-01 6.53417600e-01 2.25842708e-09 9.45748000e-01 5.24524924e-02
3.54457200e-01 7.06035200e-01 2.04064550e-09 9.51191200e-01 4.66252142e-02
2.76055200e-01 6.41300000e-01 2.16100777e-09 9.78558400e-01 5.19386230e-02
3.35185200e-01 6.53612000e-01 2.04770487e-09 9.77752000e-01 4.64196665e-02
2.95327200e-01 6.93723200e-01 2.15394840e-09 9.51997600e-01 5.21441708e-02
3.10131600e-01 6.42596000e-01 2.10735655e-09 9.68680000e-01 4.85059759e-02
3.20380800e-01 7.04739200e-01 2.09429672e-09 9.61069600e-01 5.00578613e-02
3.12759600e-01 6.48946400e-01 2.09464969e-09 9.85564000e-01 4.46005691e-02
3.17752800e-01 6.98388800e-01 2.10700359e-09 9.44185600e-01 5.39632682e-02
3.01371600e-01 6.43438400e-01 1.97040477e-09 9.53660800e-01 5.31307999e-02
3.29140800e-01 7.03896800e-01 2.23124851e-09 9.76088800e-01 4.54330374e-02
3.58311600e-01 6.45641600e-01 2.16453745e-09 9.49276000e-01 5.09417165e-02
2.72200800e-01 7.01693600e-01 2.03711582e-09 9.80473600e-01 4.76221207e-02
3.36499200e-01 6.49400000e-01 2.05052862e-09 9.60061600e-01 5.19591778e-02
2.94013200e-01 6.97935200e-01 2.15112465e-09 9.69688000e-01 4.66046594e-02
3.12146400e-01 6.60740000e-01 2.08264876e-09 9.77550400e-01 4.75810112e-02
3.18366000e-01 6.86595200e-01 2.11900452e-09 9.52199200e-01 5.09828261e-02
3.27914400e-01 6.51538400e-01 2.24748506e-09 9.74980000e-01 4.90917870e-02
3.02598000e-01 6.95796800e-01 1.95416821e-09 9.54769600e-01 4.94720503e-02
3.07065600e-01 6.54389600e-01 2.08794328e-09 9.72107200e-01 4.98934231e-02
3.23446800e-01 6.92945600e-01 2.11370999e-09 9.57642400e-01 4.86704141e-02
2.84727600e-01 6.73376000e-01 1.99440663e-09 9.46151200e-01 5.01914673e-02
3.45784800e-01 6.73959200e-01 2.20724665e-09 9.83598400e-01 4.83723699e-02
2.81924400e-01 6.77847200e-01 1.99228881e-09 9.71603200e-01 4.52891540e-02
3.48588000e-01 6.69488000e-01 2.20936446e-09 9.58146400e-01 5.32746833e-02
3.09343200e-01 6.74153600e-01 2.24995584e-09 9.82892800e-01 5.29046974e-02
3.21169200e-01 6.73181600e-01 1.95169743e-09 9.46856800e-01 4.56591399e-02
3.39915600e-01 6.98129600e-01 2.17936213e-09 9.50989600e-01 5.21030612e-02
2.90596800e-01 6.49205600e-01 2.02229114e-09 9.78760000e-01 4.64607760e-02
2.74741200e-01 6.59508800e-01 2.05723502e-09 9.70444000e-01 4.45183500e-02
3.55771200e-01 6.87826400e-01 2.14441825e-09 9.59305600e-01 5.40454873e-02
2.99094000e-01 6.96768800e-01 1.94534400e-09 9.46705600e-01 4.86909689e-02
3.31418400e-01 6.50566400e-01 2.25630927e-09 9.83044000e-01 4.98728683e-02
2.85428400e-01 6.72792800e-01 2.08017798e-09 9.41010400e-01 4.51247158e-02
3.45084000e-01 6.74542400e-01 2.12147529e-09 9.88739200e-01 5.34391215e-02
3.08029200e-01 7.01175200e-01 2.13806482e-09 9.67672000e-01 4.75090695e-02
3.22483200e-01 6.46160000e-01 2.06358846e-09 9.62077600e-01 5.10547678e-02
3.24760800e-01 6.89705600e-01 2.13312326e-09 9.47663200e-01 4.88554071e-02
3.05751600e-01 6.57629600e-01 2.06853002e-09 9.82086400e-01 4.97084302e-02
3.23972400e-01 6.73894400e-01 2.02335004e-09 9.83850400e-01 4.56385851e-02
3.06540000e-01 6.73440800e-01 2.17830323e-09 9.45899200e-01 5.29252521e-02
3.34309200e-01 6.54065600e-01 1.97146367e-09 9.49326400e-01 5.03353507e-02
2.96203200e-01 6.93269600e-01 2.23018960e-09 9.80423200e-01 4.82284865e-02
3.56822400e-01 6.68062400e-01 2.27148692e-09 9.85412800e-01 5.23908280e-02
2.73690000e-01 6.79272800e-01 1.93016635e-09 9.44336800e-01 4.61730092e-02
3.31155600e-01 6.93852800e-01 2.15641918e-09 9.75484000e-01 5.00167518e-02
2.99356800e-01 6.53482400e-01 2.04523409e-09 9.54265600e-01 4.85470855e-02
3.40966800e-01 6.58666400e-01 1.93899057e-09 9.57743200e-01 4.71801931e-02
2.89545600e-01 6.88668800e-01 2.26266270e-09 9.72006400e-01 5.13836442e-02
3.52092000e-01 6.51279200e-01 2.20265806e-09 9.57390400e-01 5.33774571e-02
2.78420400e-01 6.96056000e-01 1.99899522e-09 9.72359200e-01 4.51863801e-02
2.93137200e-01 6.42466400e-01 2.02723270e-09 9.41816800e-01 4.48061168e-02
3.37375200e-01 7.04868800e-01 2.17442057e-09 9.87932800e-01 5.37577204e-02
2.91560400e-01 6.46937600e-01 2.07100080e-09 9.45697600e-01 4.63168926e-02
3.38952000e-01 7.00397600e-01 2.13065248e-09 9.84052000e-01 5.22469446e-02
3.11971200e-01 6.45576800e-01 2.10135609e-09 9.88285600e-01 4.50013872e-02
3.18541200e-01 7.01758400e-01 2.10029718e-09 9.41464000e-01 5.35624501e-02
2.87881200e-01 6.65405600e-01 2.01240802e-09 9.59204800e-01 4.56283077e-02
3.42631200e-01 6.81929600e-01 2.18924525e-09 9.70544800e-01 5.29355295e-02
3.52880400e-01 6.78754400e-01 2.12324014e-09 9.66361600e-01 5.05511759e-02
2.77632000e-01 6.68580800e-01 2.07841313e-09 9.63388000e-01 4.80126614e-02
2.90246400e-01 6.48687200e-01 1.96087462e-09 9.57592000e-01 5.18564039e-02
3.40266000e-01 6.98648000e-01 2.24077866e-09 9.72157600e-01 4.67074333e-02
2.82187200e-01 6.77134400e-01 2.25136771e-09 9.73367200e-01 4.47136203e-02
3.48325200e-01 6.70200800e-01 1.95028556e-09 9.56382400e-01 5.38502169e-02
3.13372800e-01 6.48233600e-01 2.05158753e-09 9.58751200e-01 5.38091074e-02
3.17139600e-01 6.99101600e-01 2.15006575e-09 9.70998400e-01 4.47547299e-02
2.89195200e-01 6.58083200e-01 2.03464504e-09 9.63488800e-01 4.52069349e-02
3.41317200e-01 6.89252000e-01 2.16700823e-09 9.66260800e-01 5.33569024e-02
2.72288400e-01 6.58018400e-01 1.96546321e-09 9.53711200e-01 5.02736864e-02
3.58224000e-01 6.89316800e-01 2.23619007e-09 9.76038400e-01 4.82901508e-02
3.51478800e-01 6.81864800e-01 1.97358148e-09 9.50284000e-01 4.91020644e-02
2.79033600e-01 6.65470400e-01 2.22807179e-09 9.79465600e-01 4.94617729e-02
2.82800400e-01 7.01564000e-01 2.07806017e-09 9.43530400e-01 4.74576825e-02
3.47712000e-01 6.45771200e-01 2.12359311e-09 9.86219200e-01 5.11061547e-02
3.13460400e-01 6.43568000e-01 2.23195444e-09 9.63589600e-01 4.60394032e-02
3.17052000e-01 7.03767200e-01 1.96969883e-09 9.66160000e-01 5.25244341e-02
2.78157600e-01 6.71172800e-01 1.92663667e-09 9.68226400e-01 4.93178895e-02
3.52354800e-01 6.76162400e-01 2.27501660e-09 9.61523200e-01 4.92459478e-02
3.44558400e-01 6.52834400e-01 2.17618542e-09 9.82439200e-01 4.49602776e-02
2.85954000e-01 6.94500800e-01 2.02546786e-09 9.47310400e-01 5.36035596e-02
2.91385200e-01 6.60221600e-01 2.20512883e-09 9.89848000e-01 5.37782752e-02
3.39127200e-01 6.87113600e-01 1.99652444e-09 9.39901600e-01 4.47855620e-02
3.47887200e-01 6.56204000e-01 2.21924758e-09 9.61472800e-01 5.41277063e-02
2.82625200e-01 6.91131200e-01 1.98240570e-09 9.68276800e-01 4.44361309e-02
2.84114400e-01 6.76097600e-01 2.24113162e-09 9.65756800e-01 5.42407576e-02
3.46398000e-01 6.71237600e-01 1.96052165e-09 9.63992800e-01 4.43230797e-02
2.83238400e-01 6.67220000e-01 2.11688670e-09 9.77197600e-01 4.46725108e-02
3.47274000e-01 6.80115200e-01 2.08476657e-09 9.52552000e-01 5.38913265e-02
3.44120400e-01 6.82383200e-01 2.06464736e-09 9.45596800e-01 5.14761406e-02
2.86392000e-01 6.64952000e-01 2.13700591e-09 9.84152800e-01 4.70876966e-02
3.20030400e-01 6.70784000e-01 2.04664597e-09 9.47159200e-01 4.91740061e-02
3.10482000e-01 6.76551200e-01 2.15500730e-09 9.82590400e-01 4.93898312e-02
3.17665200e-01 6.42012800e-01 2.14900684e-09 9.87781600e-01 4.44669631e-02
3.12847200e-01 7.05322400e-01 2.05264643e-09 9.41968000e-01 5.40968742e-02
3.28878000e-01 6.68321600e-01 1.93651979e-09 9.50233600e-01 5.34905084e-02
3.01634400e-01 6.79013600e-01 2.26513348e-09 9.79516000e-01 4.50733289e-02
3.35448000e-01 6.66831200e-01 1.93263713e-09 9.71250400e-01 5.15172502e-02
2.95064400e-01 6.80504000e-01 2.26901614e-09 9.58499200e-01 4.70465871e-02
3.57610800e-01 6.75579200e-01 2.13382919e-09 9.75887200e-01 5.42510350e-02
2.72901600e-01 6.71756000e-01 2.06782408e-09 9.53862400e-01 4.43128023e-02
3.10394400e-01 7.04480000e-01 1.92522480e-09 9.50737600e-01 5.08594974e-02
3.20118000e-01 6.42855200e-01 2.27642848e-09 9.79012000e-01 4.77043398e-02
3.49989600e-01 6.67868000e-01 2.25066177e-09 9.47562400e-01 4.95645468e-02
2.80522800e-01 6.79467200e-01 1.95099150e-09 9.82187200e-01 4.89992905e-02
2.99532000e-01 6.71691200e-01 1.94710884e-09 9.54416800e-01 5.21852803e-02
3.30980400e-01 6.75644000e-01 2.25454443e-09 9.75332800e-01 4.63785569e-02
3.22833600e-01 6.63461600e-01 2.07382454e-09 9.85614400e-01 4.46827882e-02
3.07678800e-01 6.83873600e-01 2.12782873e-09 9.44135200e-01 5.38810491e-02
2.97254400e-01 6.95861600e-01 2.12747576e-09 9.76693600e-01 5.11164321e-02
3.33258000e-01 6.51473600e-01 2.07417751e-09 9.53056000e-01 4.74474051e-02
2.75004000e-01 6.83160800e-01 2.02193817e-09 9.57692800e-01 4.75501790e-02
3.55508400e-01 6.64174400e-01 2.17971510e-09 9.72056800e-01 5.10136582e-02
3.09956400e-01 6.98583200e-01 2.21042336e-09 9.42421600e-01 5.40146551e-02
3.20556000e-01 6.48752000e-01 1.99122991e-09 9.87328000e-01 4.45491822e-02
3.28440000e-01 7.02212000e-01 2.03958660e-09 9.63539200e-01 4.80023840e-02
3.02072400e-01 6.45123200e-01 2.16206667e-09 9.66210400e-01 5.05614532e-02
2.86830000e-01 7.04674400e-01 2.16630230e-09 9.72913600e-01 4.73754634e-02
3.43682400e-01 6.42660800e-01 2.03535097e-09 9.56836000e-01 5.11883738e-02
3.03649200e-01 6.70589600e-01 2.10770952e-09 9.43631200e-01 4.83209830e-02
3.26863200e-01 6.76745600e-01 2.09394375e-09 9.86118400e-01 5.02428543e-02
2.84464800e-01 6.62100800e-01 2.06994189e-09 9.83447200e-01 4.64093891e-02
3.46047600e-01 6.85234400e-01 2.13171138e-09 9.46302400e-01 5.21544481e-02
2.72814000e-01 7.05581600e-01 2.08547251e-09 9.51947200e-01 4.76529529e-02
3.57698400e-01 6.41753600e-01 2.11618077e-09 9.77802400e-01 5.09108844e-02
2.79734400e-01 6.54908000e-01 2.22030648e-09 9.55828000e-01 5.27608139e-02
3.50778000e-01 6.92427200e-01 1.98134679e-09 9.73921600e-01 4.58030233e-02
3.27476400e-01 6.70654400e-01 2.19842243e-09 9.84556000e-01 4.97187075e-02
3.03036000e-01 6.76680800e-01 2.00323084e-09 9.45193600e-01 4.88451297e-02
3.05226000e-01 6.78300800e-01 2.21183524e-09 9.61120000e-01 4.84956986e-02
3.25286400e-01 6.69034400e-01 1.98981804e-09 9.68629600e-01 5.00681387e-02
2.87530800e-01 6.74607200e-01 1.96405133e-09 9.50939200e-01 4.44772404e-02
3.42981600e-01 6.72728000e-01 2.23760194e-09 9.78810400e-01 5.40865968e-02
3.37462800e-01 7.04415200e-01 1.97640523e-09 9.78155200e-01 4.46211239e-02
2.93049600e-01 6.42920000e-01 2.22524804e-09 9.51594400e-01 5.39427134e-02
2.87355600e-01 6.56333600e-01 2.13488810e-09 9.46604800e-01 5.06847819e-02
3.43156800e-01 6.91001600e-01 2.06676517e-09 9.83144800e-01 4.78790554e-02
2.93925600e-01 6.47650400e-01 1.97993492e-09 9.60666400e-01 4.49808324e-02
3.36586800e-01 6.99684800e-01 2.22171836e-09 9.69083200e-01 5.35830049e-02
3.52792800e-01 6.61258400e-01 2.22913069e-09 9.58600000e-01 4.82182091e-02
2.77719600e-01 6.86076800e-01 1.97252258e-09 9.71149600e-01 5.03456281e-02
3.28615200e-01 6.59184800e-01 2.26407458e-09 9.57289600e-01 5.32130190e-02
3.01897200e-01 6.88150400e-01 1.93757869e-09 9.72460000e-01 4.53508183e-02
3.53493600e-01 6.45252800e-01 2.15147762e-09 9.83648800e-01 4.65429951e-02
2.77018800e-01 7.02082400e-01 2.05017565e-09 9.46100800e-01 5.20208421e-02
2.88144000e-01 6.62295200e-01 2.01346693e-09 9.70847200e-01 5.15891919e-02
3.42368400e-01 6.85040000e-01 2.18818635e-09 9.58902400e-01 4.69746454e-02
2.73602400e-01 7.03572800e-01 2.24183756e-09 9.51695200e-01 5.06128402e-02
3.56910000e-01 6.43762400e-01 1.95981571e-09 9.78054400e-01 4.79509971e-02
3.12234000e-01 6.87891200e-01 2.21007039e-09 9.85160800e-01 5.19077909e-02
3.18278400e-01 6.59444000e-01 1.99158288e-09 9.44588800e-01 4.66560464e-02
2.94889200e-01 6.64044800e-01 2.04911675e-09 9.46252000e-01 5.14041989e-02
3.35623200e-01 6.83290400e-01 2.15253652e-09 9.83497600e-01 4.71596383e-02
3.48062400e-01 6.94306400e-01 2.13241732e-09 9.40808800e-01 4.65121630e-02
2.82450000e-01 6.53028800e-01 2.06923595e-09 9.88940800e-01 5.20516743e-02
2.96290800e-01 6.42077600e-01 1.94146135e-09 9.64345600e-01 4.46930656e-02
3.34221600e-01 7.05257600e-01 2.26019192e-09 9.65404000e-01 5.38707717e-02
3.04963200e-01 6.62943200e-01 1.97534633e-09 9.63337600e-01 5.30485808e-02
3.25549200e-01 6.84392000e-01 2.22630695e-09 9.66412000e-01 4.55152565e-02
2.93662800e-01 6.70913600e-01 2.12182826e-09 9.62732800e-01 4.70260323e-02
3.36849600e-01 6.76421600e-01 2.07982501e-09 9.67016800e-01 5.15378050e-02
3.16526400e-01 6.76292000e-01 1.98452351e-09 9.46352800e-01 5.20722291e-02
3.13986000e-01 6.71043200e-01 2.21712976e-09 9.83396800e-01 4.64916082e-02
2.74040400e-01 6.41688800e-01 2.09288484e-09 9.57541600e-01 4.99139779e-02
3.56472000e-01 7.05646400e-01 2.10876843e-09 9.72208000e-01 4.86498594e-02
2.83326000e-01 6.64822400e-01 2.26548645e-09 9.56785600e-01 5.36549466e-02
3.47186400e-01 6.82512800e-01 1.93616682e-09 9.72964000e-01 4.49088907e-02
2.82888000e-01 6.89446400e-01 2.11229811e-09 9.66664000e-01 5.37885526e-02
3.47624400e-01 6.57888800e-01 2.08935516e-09 9.63085600e-01 4.47752847e-02
3.36148800e-01 6.49529600e-01 2.21854164e-09 9.87630400e-01 4.89787357e-02
2.94363600e-01 6.97805600e-01 1.98311163e-09 9.42119200e-01 4.95851015e-02
3.25461600e-01 6.62360000e-01 1.96299243e-09 9.68579200e-01 5.21133386e-02
3.05050800e-01 6.84975200e-01 2.23866084e-09 9.61170400e-01 4.64504987e-02
2.77982400e-01 6.46678400e-01 1.98487648e-09 9.47814400e-01 5.20105647e-02
3.52530000e-01 7.00656800e-01 2.21677680e-09 9.81935200e-01 4.65532725e-02
3.24498000e-01 6.47456000e-01 2.02511489e-09 9.85916800e-01 4.55049791e-02
3.06014400e-01 6.99879200e-01 2.17653838e-09 9.43832800e-01 5.30588582e-02
3.29491200e-01 6.59249600e-01 2.01205505e-09 9.74274400e-01 4.54022052e-02
3.01021200e-01 6.88085600e-01 2.18959822e-09 9.55475200e-01 5.31616320e-02
3.04788000e-01 6.99166400e-01 2.26160380e-09 9.86420800e-01 5.25038793e-02
3.25724400e-01 6.48168800e-01 1.94004947e-09 9.43328800e-01 4.60599580e-02
3.27651600e-01 6.46289600e-01 2.21148227e-09 9.78709600e-01 4.86087498e-02
3.02860800e-01 7.01045600e-01 1.99017100e-09 9.51040000e-01 4.99550874e-02
3.34922400e-01 7.02536000e-01 2.10241499e-09 9.62228800e-01 4.81976544e-02
2.95590000e-01 6.44799200e-01 2.09923828e-09 9.67520800e-01 5.03661829e-02
3.01284000e-01 6.51149600e-01 1.97887601e-09 9.76895200e-01 4.65224404e-02
3.29228400e-01 6.96185600e-01 2.22277726e-09 9.52854400e-01 5.20413969e-02
3.51040800e-01 6.73700000e-01 2.10453281e-09 9.86874400e-01 4.94309407e-02
2.79471600e-01 6.73635200e-01 2.09712047e-09 9.42875200e-01 4.91328965e-02
3.34659600e-01 6.96120800e-01 1.95699196e-09 9.68932000e-01 4.53919278e-02
2.95852800e-01 6.51214400e-01 2.24466131e-09 9.60817600e-01 5.31719094e-02
2.98918800e-01 7.05516800e-01 2.22877773e-09 9.39800800e-01 5.32232963e-02
3.31593600e-01 6.41818400e-01 1.97287555e-09 9.89948800e-01 4.53405409e-02
3.33170400e-01 6.48428000e-01 1.95946274e-09 9.51392800e-01 5.10444904e-02
2.97342000e-01 6.98907200e-01 2.24219053e-09 9.78356800e-01 4.75193468e-02
2.73252000e-01 6.92168000e-01 2.17759729e-09 9.80221600e-01 5.03045186e-02
3.57260400e-01 6.55167200e-01 2.02405598e-09 9.49528000e-01 4.82593187e-02
3.38338800e-01 6.44604800e-01 2.04805784e-09 9.78860800e-01 5.36755013e-02
2.92173600e-01 7.02730400e-01 2.15359543e-09 9.50888800e-01 4.48883359e-02
3.55333200e-01 6.52704800e-01 2.06817705e-09 9.53459200e-01 4.80229388e-02
2.75179200e-01 6.94630400e-01 2.13347622e-09 9.76290400e-01 5.05408985e-02
2.84202000e-01 6.80374400e-01 2.20018728e-09 9.46201600e-01 4.68410393e-02
3.46310400e-01 6.66960800e-01 2.00146600e-09 9.83548000e-01 5.17227979e-02
3.34046400e-01 6.59962400e-01 2.21360008e-09 9.44992000e-01 4.62655057e-02
2.96466000e-01 6.87372800e-01 1.98805319e-09 9.84757600e-01 5.22983316e-02
3.50515200e-01 6.68192000e-01 2.10417984e-09 9.43127200e-01 4.79715518e-02
2.79997200e-01 6.79143200e-01 2.09747344e-09 9.86622400e-01 5.05922854e-02
3.24673200e-01 6.75903200e-01 2.02370301e-09 9.68478400e-01 4.50630515e-02
3.05839200e-01 6.71432000e-01 2.17795026e-09 9.61271200e-01 5.35007858e-02
3.57873600e-01 6.62619200e-01 2.06076471e-09 9.75131200e-01 4.63991117e-02
2.72638800e-01 6.84716000e-01 2.14088856e-09 9.54618400e-01 5.21647255e-02
2.96641200e-01 6.52575200e-01 2.20230509e-09 9.48671200e-01 4.48369490e-02
3.33871200e-01 6.94760000e-01 1.99934819e-09 9.81078400e-01 5.37268883e-02
3.31330800e-01 6.91714400e-01 2.27713441e-09 9.71704000e-01 4.66457690e-02
2.99181600e-01 6.55620800e-01 1.92451886e-09 9.58045600e-01 5.19180683e-02
3.32732400e-01 6.49335200e-01 2.23054257e-09 9.76794400e-01 4.68924263e-02
2.97780000e-01 6.98000000e-01 1.97111070e-09 9.52955200e-01 5.16714110e-02
3.47799600e-01 6.72987200e-01 2.06570627e-09 9.67319200e-01 4.62141188e-02
2.82712800e-01 6.74348000e-01 2.13594700e-09 9.62430400e-01 5.23497185e-02
3.15825600e-01 6.94436000e-01 2.08723735e-09 9.48217600e-01 4.87423558e-02
3.14686800e-01 6.52899200e-01 2.11441592e-09 9.81532000e-01 4.98214814e-02
2.88494400e-01 6.73311200e-01 2.15959590e-09 9.87580000e-01 5.40763194e-02
3.42018000e-01 6.74024000e-01 2.04205738e-09 9.42169600e-01 4.44875178e-02
2.81749200e-01 6.61841600e-01 2.08053095e-09 9.82489600e-01 5.41071516e-02
3.48763200e-01 6.85493600e-01 2.12112233e-09 9.47260000e-01 4.44566857e-02
2.77894800e-01 6.79402400e-01 2.05758799e-09 9.53308000e-01 5.03764603e-02
3.52617600e-01 6.67932800e-01 2.14406528e-09 9.76441600e-01 4.81873770e-02
3.06452400e-01 6.79920800e-01 1.99864225e-09 9.43480000e-01 4.74782373e-02
3.24060000e-01 6.67414400e-01 2.20301102e-09 9.86269600e-01 5.10856000e-02
3.49464000e-01 6.42207200e-01 2.09606156e-09 9.89344000e-01 5.10958773e-02
2.81048400e-01 7.05128000e-01 2.10559171e-09 9.40405600e-01 4.74679599e-02
3.15300000e-01 6.82059200e-01 2.02758567e-09 9.53912800e-01 4.80332162e-02
3.15212400e-01 6.65276000e-01 2.17406760e-09 9.75836800e-01 5.05306211e-02
3.14511600e-01 6.60545600e-01 2.23830788e-09 9.44891200e-01 5.05203437e-02
3.16000800e-01 6.86789600e-01 1.96334540e-09 9.84858400e-01 4.80434936e-02
3.51566400e-01 6.94565600e-01 1.99299475e-09 9.73619200e-01 5.26888722e-02
2.78946000e-01 6.52769600e-01 2.20865852e-09 9.56130400e-01 4.58749650e-02
2.85603600e-01 6.78106400e-01 2.24254350e-09 9.88436800e-01 4.86190272e-02
3.44908800e-01 6.69228800e-01 1.95910977e-09 9.41312800e-01 4.99448101e-02
3.34484400e-01 6.64628000e-01 2.05970580e-09 9.41413600e-01 5.22572220e-02
2.96028000e-01 6.82707200e-01 2.14194747e-09 9.88336000e-01 4.63066152e-02
3.11270400e-01 6.94371200e-01 2.19206900e-09 9.56180800e-01 5.13630894e-02
3.19242000e-01 6.52964000e-01 2.00958427e-09 9.73568800e-01 4.72007479e-02
3.47536800e-01 6.94889600e-01 2.26089786e-09 9.42824800e-01 5.42818671e-02
2.82975600e-01 6.52445600e-01 1.94075541e-09 9.86924800e-01 4.42819701e-02
3.33958800e-01 6.58472000e-01 2.08617844e-09 9.73518400e-01 5.34596762e-02
2.96553600e-01 6.88863200e-01 2.11547483e-09 9.56231200e-01 4.51041610e-02
3.32644800e-01 6.98453600e-01 2.18147994e-09 9.84505600e-01 4.96775980e-02
2.97867600e-01 6.48881600e-01 2.02017333e-09 9.45244000e-01 4.88862392e-02
3.30892800e-01 6.56268800e-01 2.18571557e-09 9.50082400e-01 4.53610957e-02
2.99619600e-01 6.91066400e-01 2.01593771e-09 9.79667200e-01 5.32027416e-02
2.89458000e-01 6.93464000e-01 1.99264178e-09 9.84656800e-01 5.03250734e-02
3.41054400e-01 6.53871200e-01 2.20901149e-09 9.45092800e-01 4.82387639e-02
3.16351200e-01 6.73570400e-01 2.20795258e-09 9.53560000e-01 5.43126993e-02
3.14161200e-01 6.73764800e-01 1.99370069e-09 9.76189600e-01 4.42511379e-02
3.39652800e-01 6.56528000e-01 2.16771417e-09 9.81431200e-01 5.10650452e-02
2.90859600e-01 6.90807200e-01 2.03393910e-09 9.48318400e-01 4.74987921e-02
2.76668400e-01 6.86660000e-01 2.14759497e-09 9.60515200e-01 4.51658253e-02
3.53844000e-01 6.60675200e-01 2.05405831e-09 9.69234400e-01 5.33980119e-02
2.89896000e-01 6.85299200e-01 1.96475727e-09 9.45647200e-01 4.53302635e-02
3.40616400e-01 6.62036000e-01 2.23689600e-09 9.84102400e-01 5.32335737e-02
3.11358000e-01 6.41559200e-01 1.94887369e-09 9.46957600e-01 5.20825064e-02
3.19154400e-01 7.05776000e-01 2.25277959e-09 9.82792000e-01 4.64813308e-02
2.79822000e-01 6.69293600e-01 2.01311396e-09 9.79818400e-01 5.32952380e-02
3.50690400e-01 6.78041600e-01 2.18853931e-09 9.49931200e-01 4.52685992e-02
3.49201200e-01 6.43049600e-01 2.13841778e-09 9.81481600e-01 4.58544102e-02
2.81311200e-01 7.04285600e-01 2.06323549e-09 9.48268000e-01 5.27094270e-02
3.36937200e-01 6.65794400e-01 1.96158055e-09 9.50132800e-01 4.54947017e-02
2.93575200e-01 6.81540800e-01 2.24007272e-09 9.79616800e-01 5.30691355e-02
2.99794800e-01 7.02665600e-01 2.25666224e-09 9.64849600e-01 4.85881950e-02
3.30717600e-01 6.44669600e-01 1.94499103e-09 9.64900000e-01 4.99756422e-02
2.78332800e-01 6.74088800e-01 2.23477819e-09 9.79112800e-01 4.56694173e-02
3.52179600e-01 6.73246400e-01 1.96687508e-09 9.50636800e-01 5.28944200e-02
2.71587600e-01 7.00916000e-01 2.16030183e-09 9.65504800e-01 4.70671418e-02
3.58924800e-01 6.46419200e-01 2.04135144e-09 9.64244800e-01 5.14966954e-02
2.74566000e-01 6.78236000e-01 2.00817240e-09 9.89293600e-01 5.22263898e-02
3.55946400e-01 6.69099200e-01 2.19348087e-09 9.40456000e-01 4.63374474e-02
2.80873200e-01 6.59055200e-01 1.99828928e-09 9.44034400e-01 4.45902917e-02
3.49639200e-01 6.88280000e-01 2.20336399e-09 9.85715200e-01 5.39735456e-02
3.45609600e-01 6.77069600e-01 2.19136306e-09 9.62632000e-01 4.84032021e-02
2.84902800e-01 6.70265600e-01 2.01029021e-09 9.67117600e-01 5.01606352e-02
3.18716400e-01 6.53223200e-01 2.15994886e-09 9.62531200e-01 5.08081105e-02
3.11796000e-01 6.94112000e-01 2.04170441e-09 9.67218400e-01 4.77557267e-02
2.92436400e-01 6.58407200e-01 1.92769557e-09 9.75685600e-01 5.43846410e-02
3.38076000e-01 6.88928000e-01 2.27395770e-09 9.54064000e-01 4.41791962e-02
2.89107600e-01 6.47585600e-01 2.01452583e-09 9.45294400e-01 4.59982936e-02
3.41404800e-01 6.99749600e-01 2.18712744e-09 9.84455200e-01 5.25655436e-02
3.36762000e-01 6.59120000e-01 1.93510791e-09 9.62783200e-01 5.32644059e-02
2.93750400e-01 6.88215200e-01 2.26654536e-09 9.66966400e-01 4.52994314e-02
3.00057600e-01 6.93075200e-01 2.09676750e-09 9.86168800e-01 5.18255718e-02
3.30454800e-01 6.54260000e-01 2.10488577e-09 9.43580800e-01 4.67382655e-02
2.95502400e-01 6.96833600e-01 2.15677215e-09 9.89444800e-01 5.08492201e-02
3.35010000e-01 6.50501600e-01 2.04488112e-09 9.40304800e-01 4.77146172e-02
2.80347600e-01 6.53093600e-01 2.08123688e-09 9.52501600e-01 5.38604943e-02
3.50164800e-01 6.94241600e-01 2.12041639e-09 9.77248000e-01 4.47033430e-02
2.74828800e-01 6.95019200e-01 2.01134912e-09 9.41867200e-01 4.42203058e-02
3.55683600e-01 6.52316000e-01 2.19030416e-09 9.87882400e-01 5.43435315e-02
3.07240800e-01 6.81994400e-01 2.06429439e-09 9.84908800e-01 5.12603155e-02
3.23271600e-01 6.65340800e-01 2.13735888e-09 9.44840800e-01 4.73035217e-02
3.57435600e-01 6.97157600e-01 1.95663899e-09 9.81280000e-01 5.23394411e-02
2.73076800e-01 6.50177600e-01 2.24501428e-09 9.48469600e-01 4.62243961e-02
3.13723200e-01 6.71496800e-01 2.14018263e-09 9.51292000e-01 4.61524544e-02
3.16789200e-01 6.75838400e-01 2.06147065e-09 9.78457600e-01 5.24113828e-02
3.30016800e-01 6.54648800e-01 1.98346460e-09 9.55576000e-01 5.16200240e-02
3.00495600e-01 6.92686400e-01 2.21818867e-09 9.74173600e-01 4.69438132e-02
3.49902000e-01 6.83484800e-01 2.24572022e-09 9.72812800e-01 4.96878754e-02
2.80610400e-01 6.63850400e-01 1.95593306e-09 9.56936800e-01 4.88759619e-02
3.03999600e-01 6.99620000e-01 2.09994421e-09 9.67621600e-01 5.15789145e-02
3.26512800e-01 6.47715200e-01 2.10170906e-09 9.62128000e-01 4.69849227e-02
3.27826800e-01 6.93788000e-01 2.27042801e-09 9.79415200e-01 4.61318997e-02
3.02685600e-01 6.53547200e-01 1.93122526e-09 9.50334400e-01 5.24319376e-02
3.19942800e-01 6.84845600e-01 2.05547018e-09 9.59456800e-01 5.08286653e-02
3.10569600e-01 6.62489600e-01 2.14618309e-09 9.70292800e-01 4.77351720e-02
2.90509200e-01 6.65729600e-01 2.13524107e-09 9.70645600e-01 4.45080726e-02
3.40003200e-01 6.81605600e-01 2.06641220e-09 9.59104000e-01 5.40557646e-02
3.45346800e-01 6.43308800e-01 2.01911442e-09 9.64648000e-01 5.06539497e-02
2.85165600e-01 7.04026400e-01 2.18253885e-09 9.65101600e-01 4.79098875e-02
2.85866400e-01 6.97222400e-01 2.18324479e-09 9.66311200e-01 4.91123417e-02
3.44646000e-01 6.50112800e-01 2.01840849e-09 9.63438400e-01 4.94514955e-02
3.27739200e-01 6.80180000e-01 2.18465666e-09 9.43177600e-01 4.81565448e-02
3.02773200e-01 6.67155200e-01 2.01699661e-09 9.86572000e-01 5.04072924e-02
3.37813200e-01 6.78624800e-01 1.95381525e-09 9.86017600e-01 5.23188863e-02
2.92699200e-01 6.68710400e-01 2.24783803e-09 9.43732000e-01 4.62449509e-02
3.54807600e-01 6.95472800e-01 2.11971045e-09 9.47965600e-01 5.08697748e-02
2.75704800e-01 6.51862400e-01 2.08194282e-09 9.81784000e-01 4.76940624e-02
3.14862000e-01 6.93658400e-01 2.02476192e-09 9.56281600e-01 4.56899721e-02
3.15650400e-01 6.53676800e-01 2.17689135e-09 9.73468000e-01 5.28738652e-02
2.73514800e-01 7.01110400e-01 2.20583477e-09 9.60868000e-01 5.13219798e-02
3.56997600e-01 6.46224800e-01 1.99581850e-09 9.68881600e-01 4.72418574e-02
3.22045200e-01 7.01369600e-01 2.21960054e-09 9.87983200e-01 5.01092482e-02
3.08467200e-01 6.45965600e-01 1.98205273e-09 9.41766400e-01 4.84545890e-02
3.46748400e-01 6.46808000e-01 2.01417286e-09 9.83195200e-01 4.79201649e-02
2.83764000e-01 7.00527200e-01 2.18748041e-09 9.46554400e-01 5.06436723e-02
3.07941600e-01 6.87567200e-01 2.25878005e-09 9.82136800e-01 5.35213405e-02
3.22570800e-01 6.59768000e-01 1.94287322e-09 9.47612800e-01 4.50424967e-02
3.23096400e-01 6.87437600e-01 1.94463806e-09 9.79264000e-01 5.16508562e-02
3.07416000e-01 6.59897600e-01 2.25701521e-09 9.50485600e-01 4.69129810e-02
3.03474000e-01 6.49270400e-01 2.12535795e-09 9.74576800e-01 4.96673206e-02
3.27038400e-01 6.98064800e-01 2.07629532e-09 9.55172800e-01 4.88965166e-02
3.53230800e-01 6.81281600e-01 2.09323781e-09 9.69889600e-01 5.00270291e-02
2.77281600e-01 6.66053600e-01 2.10841546e-09 9.59860000e-01 4.85368081e-02
3.26600400e-01 7.00138400e-01 2.27078098e-09 9.45143200e-01 5.02942412e-02
3.03912000e-01 6.47196800e-01 1.93087229e-09 9.84606400e-01 4.82695961e-02
3.48150000e-01 6.80568800e-01 1.94922665e-09 9.83800000e-01 4.89067940e-02
2.82362400e-01 6.66766400e-01 2.25242662e-09 9.45949600e-01 4.96570432e-02
3.09430800e-01 6.65859200e-01 2.00005412e-09 9.69536800e-01 4.69232584e-02
3.21081600e-01 6.81476000e-01 2.20159915e-09 9.60212800e-01 5.16405788e-02
2.80260000e-01 6.72857600e-01 2.04029253e-09 9.54013600e-01 4.96364885e-02
3.50252400e-01 6.74477600e-01 2.16136074e-09 9.75736000e-01 4.89273488e-02
2.74390800e-01 6.51344000e-01 2.24395537e-09 9.66613600e-01 4.86601367e-02
3.56121600e-01 6.95991200e-01 1.95769790e-09 9.63136000e-01 4.99037005e-02
3.18453600e-01 6.94047200e-01 1.94216728e-09 9.57844000e-01 4.46314012e-02
3.12058800e-01 6.53288000e-01 2.25948599e-09 9.71905600e-01 5.39324360e-02
3.51829200e-01 6.63785600e-01 2.01946739e-09 9.71048800e-01 5.22161125e-02
2.78683200e-01 6.83549600e-01 2.18218588e-09 9.58700800e-01 4.63477248e-02
2.79909600e-01 6.64757600e-01 2.08088391e-09 9.87076000e-01 5.02222995e-02
3.50602800e-01 6.82577600e-01 2.12076936e-09 9.42673600e-01 4.83415378e-02
3.47361600e-01 6.44021600e-01 2.07135376e-09 9.50384800e-01 4.92253930e-02
2.83150800e-01 7.03313600e-01 2.13029951e-09 9.79364800e-01 4.93384443e-02
2.83063200e-01 6.55491200e-01 2.12994654e-09 9.67420000e-01 4.67896524e-02
3.47449200e-01 6.91844000e-01 2.07170673e-09 9.62329600e-01 5.17741848e-02
3.05926800e-01 6.64498400e-01 2.01629067e-09 9.46806400e-01 4.97906493e-02
3.24585600e-01 6.82836800e-01 2.18536260e-09 9.82943200e-01 4.87731880e-02
3.18891600e-01 6.77782400e-01 2.19948134e-09 9.49175200e-01 4.54638695e-02
3.11620800e-01 6.69552800e-01 2.00217193e-09 9.80574400e-01 5.30999677e-02
2.72726400e-01 6.49076000e-01 2.02264411e-09 9.60968800e-01 4.77660041e-02
3.57786000e-01 6.98259200e-01 2.17900916e-09 9.68780800e-01 5.07978331e-02
3.52267200e-01 6.52510400e-01 1.93475495e-09 9.89142400e-01 4.82079317e-02
2.78245200e-01 6.94824800e-01 2.26689833e-09 9.40607200e-01 5.03559055e-02
3.54282000e-01 6.78430400e-01 2.01099615e-09 9.53005600e-01 5.32849607e-02
2.76230400e-01 6.68904800e-01 2.19065713e-09 9.76744000e-01 4.52788766e-02
3.02422800e-01 6.74283200e-01 2.09217891e-09 9.71653600e-01 5.40249325e-02
3.28089600e-01 6.73052000e-01 2.10947436e-09 9.58096000e-01 4.45389048e-02
3.04174800e-01 6.97092800e-01 1.97075773e-09 9.44236000e-01 4.78379458e-02
3.26337600e-01 6.50242400e-01 2.23089554e-09 9.85513600e-01 5.07258914e-02
2.76493200e-01 6.41883200e-01 1.92698964e-09 9.42572800e-01 5.18358492e-02
3.54019200e-01 7.05452000e-01 2.27466363e-09 9.87176800e-01 4.67279881e-02
3.15738000e-01 6.72598400e-01 2.11935748e-09 9.59507200e-01 4.42922475e-02
3.14774400e-01 6.74736800e-01 2.08229579e-09 9.70242400e-01 5.42715898e-02
3.48675600e-01 6.46743200e-01 2.04311628e-09 9.40002400e-01 4.90095679e-02
2.81836800e-01 7.00592000e-01 2.15853699e-09 9.89747200e-01 4.95542694e-02
2.84640000e-01 6.41429600e-01 1.92910745e-09 9.71956000e-01 4.69335358e-02
3.45872400e-01 7.05905600e-01 2.27254582e-09 9.57793600e-01 5.16303014e-02
3.46660800e-01 6.46354400e-01 2.14230044e-09 9.78205600e-01 5.42304802e-02
2.83851600e-01 7.00980800e-01 2.05935283e-09 9.51544000e-01 4.43333570e-02
3.43857600e-01 6.72404000e-01 2.15430137e-09 9.75282400e-01 5.34288441e-02
2.86654800e-01 6.74931200e-01 2.04735190e-09 9.54467200e-01 4.51349932e-02
2.86567200e-01 6.58601600e-01 2.15818402e-09 9.64597600e-01 5.20311195e-02
3.43945200e-01 6.88733600e-01 2.04346925e-09 9.65152000e-01 4.65327177e-02
3.10744800e-01 6.42272000e-01 2.04629300e-09 9.58448800e-01 5.43538089e-02
3.19767600e-01 7.05063200e-01 2.15536027e-09 9.71300800e-01 4.42100284e-02
3.29666400e-01 6.60092000e-01 1.92628370e-09 9.79768000e-01 4.87012463e-02
3.00846000e-01 6.87243200e-01 2.27536957e-09 9.49981600e-01 4.98625910e-02
2.75880000e-01 7.02795200e-01 2.14865387e-09 9.73266400e-01 5.21955577e-02
3.54632400e-01 6.44540000e-01 2.05299940e-09 9.56483200e-01 4.63682796e-02
3.00232800e-01 7.01304800e-01 2.24430834e-09 9.44639200e-01 5.29766391e-02
3.30279600e-01 6.46030400e-01 1.95734493e-09 9.85110400e-01 4.55871982e-02
3.57348000e-01 6.74996000e-01 2.26795723e-09 9.61019200e-01 5.03970151e-02
2.73164400e-01 6.72339200e-01 1.93369604e-09 9.68730400e-01 4.81668222e-02
3.08204400e-01 6.57240800e-01 2.02440895e-09 9.49880800e-01 4.41997510e-02
3.22308000e-01 6.90094400e-01 2.17724432e-09 9.79868800e-01 5.43640862e-02
3.10832400e-01 6.77588000e-01 2.01276099e-09 9.78961600e-01 4.87218011e-02
3.19680000e-01 6.69747200e-01 2.18889228e-09 9.50788000e-01 4.98420362e-02
3.58486800e-01 6.81800000e-01 2.11723967e-09 9.86975200e-01 4.83929247e-02
2.72025600e-01 6.65535200e-01 2.08441360e-09 9.42774400e-01 5.01709126e-02
3.55420800e-01 6.53158400e-01 1.97216961e-09 9.56584000e-01 4.85573629e-02
2.75091600e-01 6.94176800e-01 2.22948366e-09 9.73165600e-01 5.00064744e-02
2.83501200e-01 6.76810400e-01 2.24607318e-09 9.88789600e-01 5.11369869e-02
3.47011200e-01 6.70524800e-01 1.95558009e-09 9.40960000e-01 4.74268504e-02
3.03736800e-01 6.91779200e-01 1.93722573e-09 9.63740800e-01 4.56077530e-02
3.26775600e-01 6.55556000e-01 2.26442755e-09 9.66008800e-01 5.29560843e-02
3.25636800e-01 6.42336800e-01 1.98840616e-09 9.44941600e-01 5.40043777e-02
3.04875600e-01 7.04998400e-01 2.21324711e-09 9.84808000e-01 4.45594595e-02
3.03123600e-01 7.03508000e-01 2.13559404e-09 9.45546400e-01 5.29458069e-02
3.27388800e-01 6.43827200e-01 2.06605924e-09 9.84203200e-01 4.56180303e-02
3.21694800e-01 6.64239200e-01 2.16912605e-09 9.73871200e-01 4.42614153e-02
3.08817600e-01 6.83096000e-01 2.03252723e-09 9.55878400e-01 5.43024219e-02
2.99882400e-01 6.68775200e-01 2.24889693e-09 9.74375200e-01 4.61832866e-02
3.30630000e-01 6.78560000e-01 1.95275634e-09 9.55374400e-01 5.23805506e-02
3.16876800e-01 6.75125600e-01 2.11829858e-09 9.54517600e-01 5.17433527e-02
3.13635600e-01 6.72209600e-01 2.08335469e-09 9.75232000e-01 4.68204846e-02
3.40090800e-01 6.56787200e-01 2.12465201e-09 9.74828800e-01 4.79818292e-02
2.90421600e-01 6.90548000e-01 2.07700126e-09 9.54920800e-01 5.05820080e-02
3.29053200e-01 6.71367200e-01 2.09570859e-09 9.79163200e-01 5.42099254e-02
3.01459200e-01 6.75968000e-01 2.10594468e-09 9.50586400e-01 4.43539118e-02
2.77194000e-01 6.44151200e-01 2.06394143e-09 9.89797600e-01 5.41996481e-02
3.53318400e-01 7.03184000e-01 2.13771185e-09 9.39952000e-01 4.43641892e-02
3.36061200e-01 6.47909600e-01 2.08829625e-09 9.56080000e-01 4.82490413e-02
2.94451200e-01 6.99425600e-01 2.11335702e-09 9.73669600e-01 5.03147960e-02
2.94538800e-01 6.62554400e-01 2.23371929e-09 9.55072000e-01 4.76632303e-02
3.35973600e-01 6.84780800e-01 1.96793399e-09 9.74677600e-01 5.09006070e-02
3.46573200e-01 6.96963200e-01 2.27325176e-09 9.70141600e-01 5.16611336e-02
2.83939200e-01 6.50372000e-01 1.92840151e-09 9.59608000e-01 4.69027037e-02
3.39828000e-01 6.44216000e-01 2.03676285e-09 9.89898400e-01 5.12294834e-02
2.90684400e-01 7.03119200e-01 2.16489042e-09 9.39851200e-01 4.73343539e-02
3.41667600e-01 6.80244800e-01 2.16171371e-09 9.67268800e-01 4.56488625e-02
2.88844800e-01 6.67090400e-01 2.03993957e-09 9.62480800e-01 5.29149747e-02
2.88319200e-01 6.84521600e-01 2.11088624e-09 9.40103200e-01 4.59880163e-02
3.42193200e-01 6.62813600e-01 2.09076703e-09 9.89646400e-01 5.25758210e-02
3.06978000e-01 6.82253600e-01 2.19736353e-09 9.68125600e-01 4.48677811e-02
3.23534400e-01 6.65081600e-01 2.00428974e-09 9.61624000e-01 5.36960561e-02
3.32294400e-01 6.80698400e-01 1.99970115e-09 9.42472000e-01 5.11780964e-02
2.98218000e-01 6.66636800e-01 2.20195212e-09 9.87277600e-01 4.73857408e-02
3.56296800e-01 6.82124000e-01 2.16383152e-09 9.49024000e-01 4.75912885e-02
2.74215600e-01 6.65211200e-01 2.03782175e-09 9.80725600e-01 5.09725487e-02
2.77106400e-01 6.65988800e-01 1.93404901e-09 9.88386400e-01 4.62860605e-02
3.53406000e-01 6.81346400e-01 2.26760426e-09 9.41363200e-01 5.22777768e-02
3.10306800e-01 6.73116800e-01 1.93440198e-09 9.74022400e-01 5.08389427e-02
3.20205600e-01 6.74218400e-01 2.26725130e-09 9.55727200e-01 4.77248946e-02
3.37112400e-01 6.80050400e-01 1.96228649e-09 9.80070400e-01 4.48266716e-02
2.93400000e-01 6.67284800e-01 2.23936678e-09 9.49679200e-01 5.37371657e-02
3.03211200e-01 6.61712000e-01 2.17089089e-09 9.68528800e-01 5.31410772e-02
3.27301200e-01 6.85623200e-01 2.03076238e-09 9.61220800e-01 4.54227600e-02
2.76931200e-01 6.85752800e-01 2.18642150e-09 9.73064800e-01 4.86395820e-02
3.53581200e-01 6.61582400e-01 2.01523177e-09 9.56684800e-01 4.99242553e-02
3.40704000e-01 6.56981600e-01 1.94746181e-09 9.75937600e-01 5.07053367e-02
2.89808400e-01 6.90353600e-01 2.25419146e-09 9.53812000e-01 4.78585006e-02
3.06189600e-01 6.51797600e-01 2.18677447e-09 9.82691200e-01 4.71493609e-02
3.24322800e-01 6.95537600e-01 2.01487880e-09 9.47058400e-01 5.14144763e-02
3.40178400e-01 6.59703200e-01 2.05229346e-09 9.87378400e-01 4.94823277e-02
2.90334000e-01 6.87632000e-01 2.14935981e-09 9.42371200e-01 4.90815096e-02
3.53931600e-01 6.56139200e-01 2.16806714e-09 9.63640000e-01 5.13528120e-02
2.76580800e-01 6.91196000e-01 2.03358613e-09 9.66109600e-01 4.72110252e-02
3.58136400e-01 6.54454400e-01 2.07064783e-09 9.49578400e-01 4.68718715e-02
2.72376000e-01 6.92880800e-01 2.13100544e-09 9.80171200e-01 5.16919658e-02
2.89983600e-01 6.59832800e-01 2.10276796e-09 9.68327200e-01 4.96056563e-02
3.40528800e-01 6.87502400e-01 2.09888531e-09 9.61422400e-01 4.89581810e-02
3.34572000e-01 6.79532000e-01 2.22665991e-09 9.80322400e-01 4.88348523e-02
2.95940400e-01 6.67803200e-01 1.97499336e-09 9.49427200e-01 4.97289849e-02
3.44470800e-01 6.67738400e-01 2.11265108e-09 9.64043200e-01 5.28533104e-02
2.86041600e-01 6.79596800e-01 2.08900219e-09 9.65706400e-01 4.57105268e-02
2.88582000e-01 6.84132800e-01 2.00040709e-09 9.50687200e-01 4.61421771e-02
3.41930400e-01 6.63202400e-01 2.20124618e-09 9.79062400e-01 5.24216602e-02
3.14073600e-01 6.55232000e-01 2.21995351e-09 9.48016000e-01 4.92973347e-02
3.16438800e-01 6.92103200e-01 1.98169976e-09 9.81733600e-01 4.92665025e-02
3.13285200e-01 6.70136000e-01 2.05794096e-09 9.54668800e-01 4.99859196e-02
3.17227200e-01 6.77199200e-01 2.14371231e-09 9.75080800e-01 4.85779177e-02
2.99269200e-01 6.50048000e-01 1.98734726e-09 9.60464800e-01 4.61627318e-02
3.31243200e-01 6.97287200e-01 2.21430602e-09 9.69284800e-01 5.24011054e-02
3.01809600e-01 6.90418400e-01 1.95805087e-09 9.70796800e-01 5.28841426e-02
3.28702800e-01 6.56916800e-01 2.24360240e-09 9.58952800e-01 4.56796947e-02
2.81398800e-01 6.91908800e-01 2.20689368e-09 9.48973600e-01 4.90712322e-02
3.49113600e-01 6.55426400e-01 1.99475959e-09 9.80776000e-01 4.94926050e-02
2.75266800e-01 7.00721600e-01 2.05511721e-09 9.88184800e-01 5.35521727e-02
3.55245600e-01 6.46613600e-01 2.14653606e-09 9.41564800e-01 4.50116645e-02
2.98393200e-01 6.86206400e-01 2.06711814e-09 9.47764000e-01 4.62552283e-02
3.32119200e-01 6.61128800e-01 2.13453513e-09 9.81985600e-01 5.23086089e-02
3.49726800e-01 6.56074400e-01 2.12818170e-09 9.74425600e-01 5.19283456e-02
2.80785600e-01 6.91260800e-01 2.07347158e-09 9.55324000e-01 4.66354916e-02
3.26250000e-01 6.67997600e-01 2.00852537e-09 9.42320800e-01 4.76735076e-02
3.04262400e-01 6.79337600e-01 2.19312791e-09 9.87428800e-01 5.08903296e-02
3.35535600e-01 6.67608800e-01 1.99723037e-09 9.58348000e-01 4.48575037e-02
2.94976800e-01 6.79726400e-01 2.20442290e-09 9.71401600e-01 5.37063335e-02
3.14424000e-01 6.51084800e-01 2.02864457e-09 9.89545600e-01 5.12705929e-02
3.16088400e-01 6.96250400e-01 2.17300870e-09 9.40204000e-01 4.72932443e-02
2.89020000e-01 6.54713600e-01 2.24713209e-09 9.70595200e-01 4.51144384e-02
3.41492400e-01 6.92621600e-01 1.95452118e-09 9.59154400e-01 5.34493988e-02
3.39565200e-01 6.76486400e-01 1.97711117e-09 9.79717600e-01 4.83518151e-02
2.90947200e-01 6.70848800e-01 2.22454210e-09 9.50032000e-01 5.02120221e-02
3.28002000e-01 6.61388000e-01 2.03888066e-09 9.86320000e-01 4.76118433e-02
3.02510400e-01 6.85947200e-01 2.16277261e-09 9.43429600e-01 5.09519939e-02
2.99006400e-01 6.47326400e-01 1.98558241e-09 9.53358400e-01 5.26991496e-02
3.31506000e-01 7.00008800e-01 2.21607086e-09 9.76391200e-01 4.58646876e-02
2.85778800e-01 6.63008000e-01 2.01664364e-09 9.48066400e-01 4.96981528e-02
3.44733600e-01 6.84327200e-01 2.18500963e-09 9.81683200e-01 4.88656845e-02
3.06715200e-01 6.95926400e-01 2.07453048e-09 9.57188800e-01 4.66149368e-02
3.23797200e-01 6.51408800e-01 2.12712279e-09 9.72560800e-01 5.19489004e-02
3.54194400e-01 7.00073600e-01 2.24960287e-09 9.81330400e-01 5.13425346e-02
2.76318000e-01 6.47261600e-01 1.95205040e-09 9.48419200e-01 4.72213026e-02
3.24235200e-01 7.00462400e-01 2.03570394e-09 9.67772800e-01 5.07156140e-02
3.06277200e-01 6.46872800e-01 2.16594933e-09 9.61976800e-01 4.78482232e-02
2.86304400e-01 6.90029600e-01 2.19524572e-09 9.40708000e-01 5.13117025e-02
3.44208000e-01 6.57305600e-01 2.00640756e-09 9.89041600e-01 4.72521348e-02
3.00583200e-01 6.87956000e-01 2.25101474e-09 9.88033600e-01 4.67588202e-02
3.29929200e-01 6.59379200e-01 1.95063853e-09 9.41716000e-01 5.18050170e-02
3.32206800e-01 6.83420000e-01 2.00181896e-09 9.71351200e-01 4.49191681e-02
2.98305600e-01 6.63915200e-01 2.19983431e-09 9.58398400e-01 5.36446692e-02
2.98656000e-01 6.61452800e-01 2.17124386e-09 9.77651200e-01 4.78996101e-02
3.31856400e-01 6.85882400e-01 2.03040942e-09 9.52098400e-01 5.06642271e-02
2.92261200e-01 6.45836000e-01 2.14159450e-09 9.70091200e-01 5.02017447e-02
3.38251200e-01 7.01499200e-01 2.06005877e-09 9.59658400e-01 4.83620925e-02
2.79559200e-01 6.56398400e-01 2.24642615e-09 9.74879200e-01 4.90609548e-02
3.50953200e-01 6.90936800e-01 1.95522712e-09 9.54870400e-01 4.95028824e-02
2.96115600e-01 6.49918400e-01 1.94110838e-09 9.42068800e-01 5.39221586e-02
3.34396800e-01 6.97416800e-01 2.26054489e-09 9.87680800e-01 4.46416786e-02
2.79384000e-01 6.44734400e-01 1.97181664e-09 9.89495200e-01 5.34699536e-02
3.51128400e-01 7.02600800e-01 2.22983663e-09 9.40254400e-01 4.50938836e-02
3.39214800e-01 6.92232800e-01 1.98099382e-09 9.52451200e-01 4.62346735e-02
2.91297600e-01 6.55102400e-01 2.22065945e-09 9.77298400e-01 5.23291637e-02
3.29841600e-01 6.68256800e-01 2.16241964e-09 9.42724000e-01 4.76323981e-02
3.00670800e-01 6.79078400e-01 2.03923363e-09 9.87025600e-01 5.09314392e-02
3.04437600e-01 6.49594400e-01 2.27113395e-09 9.51846400e-01 4.92562252e-02
3.26074800e-01 6.97740800e-01 1.93051932e-09 9.77903200e-01 4.93076121e-02
3.20293200e-01 6.81216800e-01 2.20759961e-09 9.51443200e-01 4.95439920e-02
3.10219200e-01 6.66118400e-01 1.99405366e-09 9.78306400e-01 4.90198453e-02
3.49551600e-01 6.89770400e-01 2.03323316e-09 9.80675200e-01 4.45800143e-02
2.80960800e-01 6.57564800e-01 2.16842011e-09 9.49074400e-01 5.39838229e-02
2.78070000e-01 6.72015200e-01 2.25489740e-09 9.77500000e-01 5.25963758e-02
3.52442400e-01 6.75320000e-01 1.94675588e-09 9.52249600e-01 4.59674615e-02
3.03298800e-01 6.85104800e-01 2.11865155e-09 9.85261600e-01 5.25347114e-02
3.27213600e-01 6.62230400e-01 2.08300173e-09 9.44488000e-01 4.60291258e-02
3.56034000e-01 6.58342400e-01 2.17512651e-09 9.76240000e-01 4.55769208e-02
2.74478400e-01 6.88992800e-01 2.02652676e-09 9.53509600e-01 5.29869164e-02
3.40353600e-01 6.50696000e-01 2.11194514e-09 9.53257600e-01 5.02634090e-02
2.90158800e-01 6.96639200e-01 2.08970813e-09 9.76492000e-01 4.83004282e-02
3.22658400e-01 6.58536800e-01 2.04417519e-09 9.57037600e-01 5.30383034e-02
3.07854000e-01 6.88798400e-01 2.15747808e-09 9.72712000e-01 4.55255339e-02
3.19592400e-01 6.43179200e-01 1.96581618e-09 9.64748800e-01 4.97392623e-02
3.10920000e-01 7.04156000e-01 2.23583710e-09 9.65000800e-01 4.88245749e-02
3.39740400e-01 6.88604000e-01 2.23230741e-09 9.79566400e-01 4.60805127e-02
2.90772000e-01 6.58731200e-01 1.96934586e-09 9.50183200e-01 5.24833245e-02
2.84552400e-01 6.62684000e-01 2.19101009e-09 9.40657600e-01 5.13733668e-02
3.45960000e-01 6.84651200e-01 2.01064318e-09 9.89092000e-01 4.71904705e-02
2.91648000e-01 6.58860800e-01 2.00993724e-09 9.78911200e-01 4.91226191e-02
3.38864400e-01 6.88474400e-01 2.19171603e-09 9.50838400e-01 4.94412181e-02
3.19855200e-01 6.83808800e-01 2.24819099e-09 9.59356000e-01 5.38399395e-02
3.10657200e-01 6.63526400e-01 1.95346228e-09 9.70393600e-01 4.47238977e-02
2.87180400e-01 6.85364000e-01 1.99758334e-09 9.50435200e-01 4.41586415e-02
3.43332000e-01 6.61971200e-01 2.20406993e-09 9.79314400e-01 5.44051958e-02
2.94801600e-01 6.64109600e-01 2.21571789e-09 9.47209600e-01 4.88142975e-02
3.35710800e-01 6.83225600e-01 1.98593538e-09 9.82540000e-01 4.97495397e-02
3.05488800e-01 6.87048800e-01 2.11794561e-09 9.67974400e-01 4.81154353e-02
3.25023600e-01 6.60286400e-01 2.08370766e-09 9.61775200e-01 5.04484020e-02
3.11095200e-01 6.60610400e-01 2.04946972e-09 9.68982400e-01 5.16816884e-02
3.19417200e-01 6.86724800e-01 2.15218356e-09 9.60767200e-01 4.68821489e-02
3.15562800e-01 6.55296800e-01 1.94781478e-09 9.74627200e-01 5.31924642e-02
3.14949600e-01 6.92038400e-01 2.25383849e-09 9.55122400e-01 4.53713731e-02
3.21870000e-01 6.95343200e-01 2.11759264e-09 9.75030400e-01 5.43229767e-02
3.08642400e-01 6.51992000e-01 2.08406063e-09 9.54719200e-01 4.42408606e-02
2.91034800e-01 6.66701600e-01 1.93193120e-09 9.83951200e-01 5.35316179e-02
3.39477600e-01 6.80633600e-01 2.26972207e-09 9.45798400e-01 4.50322193e-02
3.42894000e-01 6.51668000e-01 2.17265573e-09 9.41917600e-01 5.38193848e-02
2.87618400e-01 6.95667200e-01 2.02899754e-09 9.87832000e-01 4.47444525e-02
3.26162400e-01 6.80309600e-01 2.27183989e-09 9.62027200e-01 5.26272079e-02
3.04350000e-01 6.67025600e-01 1.92981339e-09 9.67722400e-01 4.59366293e-02
3.25987200e-01 6.58990400e-01 2.15783105e-09 9.77600800e-01 5.39941003e-02
3.04525200e-01 6.88344800e-01 2.04382222e-09 9.52148800e-01 4.45697369e-02
3.20643600e-01 6.93140000e-01 2.13665294e-09 9.46000000e-01 4.81257126e-02
3.09868800e-01 6.54195200e-01 2.06500033e-09 9.83749600e-01 5.04381246e-02
3.23359200e-01 6.55037600e-01 2.05194050e-09 9.89243200e-01 5.01811899e-02
3.07153200e-01 6.92297600e-01 2.14971278e-09 9.40506400e-01 4.83826473e-02
3.03824400e-01 6.52121600e-01 1.92734261e-09 9.67067200e-01 5.30074712e-02
3.26688000e-01 6.95213600e-01 2.27431067e-09 9.62682400e-01 4.55563660e-02
3.25111200e-01 6.44864000e-01 2.18430369e-09 9.54366400e-01 5.17536301e-02
3.05401200e-01 7.02471200e-01 2.01734958e-09 9.75383200e-01 4.68102072e-02
3.36674400e-01 6.54000800e-01 2.17371464e-09 9.81582400e-01 5.37988300e-02
2.93838000e-01 6.93334400e-01 2.02793864e-09 9.48167200e-01 4.47650073e-02
2.76843600e-01 6.56463200e-01 1.97781711e-09 9.69990400e-01 5.38296621e-02
3.53668800e-01 6.90872000e-01 2.22383617e-09 9.59759200e-01 4.47341751e-02
3.25899600e-01 6.90483200e-01 2.03499801e-09 9.76542400e-01 4.66868785e-02
3.04612800e-01 6.56852000e-01 2.16665527e-09 9.53207200e-01 5.18769587e-02
2.97604800e-01 6.96315200e-01 2.09782640e-09 9.59557600e-01 4.51452706e-02
3.32907600e-01 6.51020000e-01 2.10382687e-09 9.70192000e-01 5.34185667e-02
3.03561600e-01 6.54843200e-01 2.10206203e-09 9.81128800e-01 4.61010675e-02
3.26950800e-01 6.92492000e-01 2.09959125e-09 9.48620800e-01 5.24627697e-02
2.97079200e-01 6.83938400e-01 2.01381989e-09 9.59910400e-01 5.06950593e-02
3.33433200e-01 6.63396800e-01 2.18783338e-09 9.69839200e-01 4.78687780e-02
2.78858400e-01 6.52251200e-01 1.93299010e-09 9.51140800e-01 5.36343918e-02
3.51654000e-01 6.95084000e-01 2.26866317e-09 9.78608800e-01 4.49294455e-02
3.09255600e-01 6.66312800e-01 1.96616914e-09 9.46504000e-01 4.57619138e-02
3.21256800e-01 6.81022400e-01 2.23548413e-09 9.83245600e-01 5.28019235e-02
3.30192000e-01 6.54584000e-01 2.18006807e-09 9.73972000e-01 5.07464462e-02
3.00320400e-01 6.92751200e-01 2.02158520e-09 9.55777600e-01 4.78173911e-02
3.06802800e-01 6.52380800e-01 2.16983198e-09 9.79213600e-01 5.18461266e-02
3.23709600e-01 6.94954400e-01 2.03182129e-09 9.50536000e-01 4.67177107e-02
2.91823200e-01 6.95602400e-01 2.22842476e-09 9.62884000e-01 5.06333949e-02
3.38689200e-01 6.51732800e-01 1.97322851e-09 9.66865600e-01 4.79304423e-02
3.09606000e-01 6.57759200e-01 2.26619239e-09 9.48116800e-01 5.11678190e-02
3.20906400e-01 6.89576000e-01 1.93546088e-09 9.81632800e-01 4.73960182e-02
2.88669600e-01 6.58148000e-01 2.17159683e-09 9.45496000e-01 5.00886935e-02
3.41842800e-01 6.89187200e-01 2.03005645e-09 9.84253600e-01 4.84751438e-02
3.17402400e-01 6.90159200e-01 1.96863992e-09 9.76340800e-01 4.59469067e-02
3.13110000e-01 6.57176000e-01 2.23301335e-09 9.53408800e-01 5.26169305e-02
2.94188400e-01 6.69682400e-01 2.11582780e-09 9.65958400e-01 4.91945608e-02
3.36324000e-01 6.77652800e-01 2.08582547e-09 9.63791200e-01 4.93692764e-02
3.41142000e-01 6.86465600e-01 1.99052397e-09 9.66563200e-01 4.99961970e-02
2.89370400e-01 6.60869600e-01 2.21112930e-09 9.63186400e-01 4.85676403e-02
3.40879200e-01 6.59314400e-01 2.22348320e-09 9.72308800e-01 5.10342130e-02
2.89633200e-01 6.88020800e-01 1.97817007e-09 9.57440800e-01 4.75296242e-02
3.20818800e-01 6.51603200e-01 2.07947204e-09 9.44790400e-01 4.55358113e-02
3.09693600e-01 6.95732000e-01 2.12218123e-09 9.84959200e-01 5.30280260e-02
3.46222800e-01 6.55815200e-01 2.23724897e-09 9.70746400e-01 5.32438511e-02
2.84289600e-01 6.91520000e-01 1.96440430e-09 9.59003200e-01 4.53199861e-02
2.77456800e-01 6.91649600e-01 2.19559868e-09 9.45395200e-01 5.28122009e-02
3.53055600e-01 6.55685600e-01 2.00605459e-09 9.84354400e-01 4.57516364e-02
3.36236400e-01 6.52640000e-01 2.21642383e-09 9.53156800e-01 4.51761027e-02
2.94276000e-01 6.94695200e-01 1.98522944e-09 9.76592800e-01 5.33877345e-02
2.90071200e-01 6.63137600e-01 2.09253188e-09 9.88588000e-01 5.23702733e-02
3.40441200e-01 6.84197600e-01 2.10912140e-09 9.41161600e-01 4.61935640e-02
3.37287600e-01 6.75255200e-01 2.08158985e-09 9.43933600e-01 4.84237569e-02
2.93224800e-01 6.72080000e-01 2.12006342e-09 9.85816000e-01 5.01400804e-02
2.96728800e-01 6.50825600e-01 2.00358381e-09 9.57340000e-01 4.80948805e-02
3.33783600e-01 6.96509600e-01 2.19806946e-09 9.72409600e-01 5.04689568e-02
2.92524000e-01 6.43632800e-01 2.23654303e-09 9.83900800e-01 5.26580401e-02
3.37988400e-01 7.03702400e-01 1.96511024e-09 9.45848800e-01 4.59057972e-02
3.50340000e-01 6.46095200e-01 2.06252955e-09 9.76139200e-01 5.14555859e-02
2.80172400e-01 7.01240000e-01 2.13912372e-09 9.53610400e-01 4.71082514e-02
2.75442000e-01 6.98194400e-01 2.03640988e-09 9.43026400e-01 5.29971938e-02
3.55070400e-01 6.49140800e-01 2.16524339e-09 9.86723200e-01 4.55666434e-02
3.45434400e-01 6.42531200e-01 2.16065480e-09 9.42018400e-01 4.74885147e-02
2.85078000e-01 7.04804000e-01 2.04099847e-09 9.87731200e-01 5.10753226e-02
3.21782400e-01 6.68840000e-01 2.25736818e-09 9.89596000e-01 4.71288062e-02
3.08730000e-01 6.78495200e-01 1.94428510e-09 9.40153600e-01 5.14350311e-02
3.44996400e-01 6.61776800e-01 2.07029486e-09 9.78104800e-01 4.50219419e-02
2.85516000e-01 6.85558400e-01 2.13135841e-09 9.51644800e-01 5.35418953e-02
3.06627600e-01 7.01434400e-01 2.15888996e-09 9.70948000e-01 5.07772784e-02
3.23884800e-01 6.45900800e-01 2.04276331e-09 9.58801600e-01 4.77865589e-02
2.88932400e-01 6.90612800e-01 1.98911210e-09 9.74728000e-01 4.91637287e-02
3.41580000e-01 6.56722400e-01 2.21254117e-09 9.55021600e-01 4.94001086e-02
3.22132800e-01 6.66377600e-01 2.21889461e-09 9.51493600e-01 4.74165730e-02
3.08379600e-01 6.80957600e-01 1.98275866e-09 9.78256000e-01 5.11472643e-02
3.28264800e-01 6.57370400e-01 2.09641453e-09 9.69133600e-01 4.54844243e-02
3.02247600e-01 6.89964800e-01 2.10523874e-09 9.60616000e-01 5.30794129e-02
2.83676400e-01 6.55880000e-01 2.26372161e-09 9.59255200e-01 5.31102451e-02
3.46836000e-01 6.91455200e-01 1.93793166e-09 9.70494400e-01 4.54535922e-02
3.19504800e-01 6.47391200e-01 1.94852072e-09 9.47360800e-01 5.42921445e-02
3.11007600e-01 6.99944000e-01 2.25313255e-09 9.82388800e-01 4.42716927e-02
2.96816400e-01 6.96574400e-01 2.25348552e-09 9.52400800e-01 4.79407197e-02
3.33696000e-01 6.50760800e-01 1.94816775e-09 9.77348800e-01 5.06231176e-02
2.92874400e-01 6.63720800e-01 2.12888763e-09 9.62380000e-01 5.17330753e-02
3.37638000e-01 6.83614400e-01 2.07276564e-09 9.67369600e-01 4.68307620e-02
3.22220400e-01 6.63591200e-01 2.06182361e-09 9.42623200e-01 5.26477627e-02
3.08292000e-01 6.83744000e-01 2.13982966e-09 9.87126400e-01 4.59160746e-02
3.07766400e-01 6.49659200e-01 2.21783570e-09 9.47108800e-01 4.98009266e-02
3.22746000e-01 6.97676000e-01 1.98381757e-09 9.82640800e-01 4.87629106e-02
3.51916800e-01 6.47132000e-01 2.07735423e-09 9.40355200e-01 5.32541285e-02
2.78595600e-01 7.00203200e-01 2.12429904e-09 9.89394400e-01 4.53097088e-02
2.89282800e-01 6.46548800e-01 2.25772115e-09 9.64295200e-01 5.37679978e-02
3.41229600e-01 7.00786400e-01 1.94393213e-09 9.65454400e-01 4.47958394e-02
3.45697200e-01 6.64433600e-01 1.99193585e-09 9.45445600e-01 5.31513546e-02
2.84815200e-01 6.82901600e-01 2.20971743e-09 9.84304000e-01 4.54124826e-02
3.32469600e-01 6.78884000e-01 2.18077401e-09 9.49477600e-01 4.96262111e-02
2.98042800e-01 6.68451200e-01 2.02087927e-09 9.80272000e-01 4.89376262e-02
3.57085200e-01 6.78819200e-01 2.00076006e-09 9.54568000e-01 5.15480823e-02
2.73427200e-01 6.68516000e-01 2.20089321e-09 9.75181600e-01 4.70157549e-02
2.71762800e-01 6.60999200e-01 2.10100312e-09 9.74476000e-01 4.41483641e-02
3.58749600e-01 6.86336000e-01 2.10065015e-09 9.55273600e-01 5.44154732e-02
3.16176000e-01 6.70395200e-01 2.12959357e-09 9.55424800e-01 4.57002494e-02
3.14336400e-01 6.76940000e-01 2.07205970e-09 9.74324800e-01 5.28635878e-02
3.39390000e-01 6.77523200e-01 2.15712512e-09 9.41060800e-01 5.30177486e-02
2.91122400e-01 6.69812000e-01 2.04452816e-09 9.88688800e-01 4.55460886e-02
3.28527600e-01 6.87696800e-01 1.97922898e-09 9.42522400e-01 4.63580022e-02
3.01984800e-01 6.59638400e-01 2.22242429e-09 9.87227200e-01 5.22058351e-02
3.55158000e-01 7.02406400e-01 2.03146832e-09 9.74778400e-01 4.62963379e-02
2.75354400e-01 6.44928800e-01 2.17018495e-09 9.54971200e-01 5.22674994e-02
3.21607200e-01 6.80763200e-01 2.05335237e-09 9.42925600e-01 4.94206633e-02
3.08905200e-01 6.66572000e-01 2.14830090e-09 9.86824000e-01 4.91431739e-02
3.49376400e-01 6.76616000e-01 2.03217426e-09 9.44689600e-01 5.33055154e-02
2.81136000e-01 6.70719200e-01 2.16947901e-09 9.85060000e-01 4.52583218e-02
2.77369200e-01 6.99490400e-01 1.97393445e-09 9.48822400e-01 5.00989708e-02
3.53143200e-01 6.47844800e-01 2.22771882e-09 9.80927200e-01 4.84648664e-02
2.94100800e-01 6.60351200e-01 2.12606389e-09 9.52904800e-01 4.42305832e-02
3.36411600e-01 6.86984000e-01 2.07558939e-09 9.76844800e-01 5.43332541e-02
2.92786800e-01 6.86271200e-01 2.18395072e-09 9.82338400e-01 5.26785949e-02
3.37725600e-01 6.61064000e-01 2.01770255e-09 9.47411200e-01 4.58852424e-02
2.86216800e-01 6.45058400e-01 2.05582315e-09 9.76996000e-01 4.64402213e-02
3.44295600e-01 7.02276800e-01 2.14583012e-09 9.52753600e-01 5.21236160e-02
2.74303200e-01 6.42790400e-01 2.05899987e-09 9.43883200e-01 4.73446313e-02
3.56209200e-01 7.04544800e-01 2.14265341e-09 9.85866400e-01 5.12192060e-02
3.43419600e-01 6.75773600e-01 1.96122758e-09 9.40909600e-01 5.04895115e-02
2.87092800e-01 6.71561600e-01 2.24042569e-09 9.88840000e-01 4.80743257e-02
2.80435200e-01 6.79791200e-01 2.07911907e-09 9.54215200e-01 5.04792341e-02
3.50077200e-01 6.67544000e-01 2.12253420e-09 9.75534400e-01 4.80846031e-02
3.31768800e-01 6.89381600e-01 1.97005180e-09 9.88084000e-01 5.33466250e-02
2.98743600e-01 6.57953600e-01 2.23160147e-09 9.41665600e-01 4.52172123e-02
2.80084800e-01 6.67479200e-01 2.00393678e-09 9.83296000e-01 5.36241144e-02
3.50427600e-01 6.79856000e-01 2.19771650e-09 9.46453600e-01 4.49397228e-02
3.52004400e-01 6.83031200e-01 2.09817937e-09 9.42220000e-01 5.11986512e-02
2.78508000e-01 6.64304000e-01 2.10347390e-09 9.87529600e-01 4.73651860e-02
3.11883600e-01 6.78948800e-01 2.20618774e-09 9.78659200e-01 4.85265307e-02
3.18628800e-01 6.68386400e-01 1.99546553e-09 9.51090400e-01 5.00373065e-02
3.54982800e-01 6.63072800e-01 2.04876378e-09 9.52703200e-01 4.89890131e-02
2.75529600e-01 6.84262400e-01 2.15288949e-09 9.77046400e-01 4.95748241e-02
3.06102000e-01 6.82318400e-01 2.22101242e-09 9.46756000e-01 4.58338555e-02
3.24410400e-01 6.65016800e-01 1.98064085e-09 9.82993600e-01 5.27299818e-02
3.09518400e-01 6.57500000e-01 2.06111768e-09 9.77852800e-01 4.84134795e-02
3.20994000e-01 6.89835200e-01 2.14053559e-09 9.51896800e-01 5.01503578e-02
3.08554800e-01 6.89511200e-01 2.22489507e-09 9.66512800e-01 5.13014251e-02
3.21957600e-01 6.57824000e-01 1.97675820e-09 9.63236800e-01 4.72624122e-02
3.06890400e-01 6.82772000e-01 1.96899289e-09 9.49225600e-01 5.28224783e-02
3.23622000e-01 6.64563200e-01 2.23266038e-09 9.80524000e-01 4.57413590e-02
3.52968000e-01 6.81087200e-01 2.11123921e-09 9.63035200e-01 5.14658633e-02
2.77544400e-01 6.66248000e-01 2.09041406e-09 9.66714400e-01 4.70979740e-02
3.34134000e-01 6.57694400e-01 1.97464039e-09 9.73720000e-01 5.02531316e-02
2.96378400e-01 6.89640800e-01 2.22701288e-09 9.56029600e-01 4.83107056e-02
3.08116800e-01 6.86141600e-01 1.97428742e-09 9.81884800e-01 5.39118812e-02
3.22395600e-01 6.61193600e-01 2.22736585e-09 9.47864800e-01 4.46519560e-02
3.56559600e-01 7.02341600e-01 1.92875448e-09 9.43076800e-01 5.14453085e-02
2.73952800e-01 6.44993600e-01 2.27289879e-09 9.86672800e-01 4.71185288e-02
3.44383200e-01 6.60156800e-01 2.09147297e-09 9.47512000e-01 5.25860984e-02
2.86129200e-01 6.87178400e-01 2.11018030e-09 9.82237600e-01 4.59777389e-02
3.42718800e-01 6.45317600e-01 2.14512419e-09 9.48570400e-01 4.89479036e-02
2.87793600e-01 7.02017600e-01 2.05652909e-09 9.81179200e-01 4.96159337e-02
2.92086000e-01 6.91390400e-01 1.99511256e-09 9.74224000e-01 5.05717306e-02
3.38426400e-01 6.55944800e-01 2.20654071e-09 9.55525600e-01 4.79921066e-02
3.18190800e-01 6.58277600e-01 1.95310931e-09 9.69788800e-01 4.81051579e-02
3.12321600e-01 6.89057600e-01 2.24854396e-09 9.59960800e-01 5.04586794e-02
3.10044000e-01 6.60027200e-01 1.95240337e-09 9.67924000e-01 4.77454493e-02
3.20468400e-01 6.87308000e-01 2.24924990e-09 9.61825600e-01 5.08183879e-02
3.17577600e-01 6.70978400e-01 2.27607551e-09 9.52350400e-01 5.17639075e-02
3.12934800e-01 6.76356800e-01 1.92557776e-09 9.77399200e-01 4.67999298e-02
3.37900800e-01 6.95408000e-01 2.15465434e-09 9.67823200e-01 5.05100663e-02
2.92611600e-01 6.51927200e-01 2.04699894e-09 9.61926400e-01 4.80537709e-02
3.29578800e-01 6.99231200e-01 2.09535562e-09 9.55979200e-01 4.85984724e-02
3.00933600e-01 6.48104000e-01 2.10629765e-09 9.73770400e-01 4.99653648e-02
2.82099600e-01 6.79985600e-01 2.14547715e-09 9.48520000e-01 5.17125205e-02
3.48412800e-01 6.67349600e-01 2.05617612e-09 9.81229600e-01 4.68513167e-02
3.06364800e-01 6.59573600e-01 2.14477122e-09 9.65555200e-01 4.65018856e-02
3.24147600e-01 6.87761600e-01 2.05688205e-09 9.64194400e-01 5.20619517e-02
3.49026000e-01 6.96704000e-01 2.02687973e-09 9.64496800e-01 4.69540906e-02
2.81486400e-01 6.50631200e-01 2.17477354e-09 9.65252800e-01 5.16097467e-02
3.43069200e-01 6.90224000e-01 1.99087694e-09 9.67470400e-01 5.09931035e-02
2.87443200e-01 6.57111200e-01 2.21077633e-09 9.62279200e-01 4.75707338e-02
2.85691200e-01 6.53741600e-01 2.25913302e-09 9.77449600e-01 5.27916461e-02
3.44821200e-01 6.93593600e-01 1.94252025e-09 9.52300000e-01 4.57721911e-02
3.39039600e-01 6.71885600e-01 2.21289414e-09 9.39750400e-01 5.22366672e-02
2.91472800e-01 6.75449600e-01 1.98875913e-09 9.89999200e-01 4.63271700e-02
3.47974800e-01 6.89122400e-01 2.12288717e-09 9.62581600e-01 4.81462674e-02
2.82537600e-01 6.58212800e-01 2.07876610e-09 9.67168000e-01 5.04175698e-02
3.50865600e-01 6.99360800e-01 2.27572254e-09 9.89696800e-01 5.18975135e-02
2.79646800e-01 6.47974400e-01 1.92593073e-09 9.40052800e-01 4.66663238e-02
3.16701600e-01 6.69617600e-01 1.96369836e-09 9.60414400e-01 4.76426755e-02
3.13810800e-01 6.77717600e-01 2.23795491e-09 9.69335200e-01 5.09211618e-02
2.91998400e-01 6.44280800e-01 2.17865620e-09 9.57894400e-01 4.66971559e-02
3.38514000e-01 7.03054400e-01 2.02299708e-09 9.71855200e-01 5.18666813e-02
3.31681200e-01 6.49788800e-01 1.97746414e-09 9.66815200e-01 5.28327557e-02
2.98831200e-01 6.97546400e-01 2.22418914e-09 9.62934400e-01 4.57310816e-02
2.79121200e-01 6.79661600e-01 1.94640291e-09 9.59708800e-01 4.58133007e-02
3.51391200e-01 6.67673600e-01 2.25525037e-09 9.70040800e-01 5.27505366e-02
3.24848400e-01 6.77976800e-01 2.15924293e-09 9.75433600e-01 4.93487216e-02
3.05664000e-01 6.69358400e-01 2.04241035e-09 9.54316000e-01 4.92151156e-02
2.94714000e-01 6.84068000e-01 2.08653141e-09 9.41111200e-01 4.55974756e-02
3.35798400e-01 6.63267200e-01 2.11512186e-09 9.88638400e-01 5.29663617e-02
2.97692400e-01 6.71302400e-01 2.22207132e-09 9.48772000e-01 4.72315800e-02
3.32820000e-01 6.76032800e-01 1.97958195e-09 9.80977600e-01 5.13322572e-02
2.71850400e-01 6.86919200e-01 2.05441128e-09 9.60364000e-01 5.19797326e-02
3.58662000e-01 6.60416000e-01 2.14724200e-09 9.69385600e-01 4.65841047e-02
3.48938400e-01 6.48298400e-01 2.17194979e-09 9.66916000e-01 4.77968363e-02
2.81574000e-01 6.99036800e-01 2.02970348e-09 9.62833600e-01 5.07670010e-02
3.43594800e-01 6.65146400e-01 1.94357916e-09 9.86521600e-01 5.12911477e-02
2.86917600e-01 6.82188800e-01 2.25807411e-09 9.43228000e-01 4.72726896e-02
3.11708400e-01 6.72274400e-01 2.16418449e-09 9.80826400e-01 4.83312604e-02
3.18804000e-01 6.75060800e-01 2.03746879e-09 9.48923200e-01 5.02325769e-02
3.02160000e-01 6.77004800e-01 2.00287787e-09 9.66462400e-01 4.80640483e-02
3.28352400e-01 6.70330400e-01 2.19877540e-09 9.63287200e-01 5.04997889e-02
3.33520800e-01 6.69876800e-01 1.98699429e-09 9.73820800e-01 4.93795538e-02
2.96991600e-01 6.77458400e-01 2.21465899e-09 9.55928800e-01 4.91842835e-02
2.95239600e-01 7.04350400e-01 2.10312093e-09 9.44084800e-01 5.41174290e-02
3.35272800e-01 6.42984800e-01 2.09853234e-09 9.85664800e-01 4.44464083e-02
3.11533200e-01 7.04220800e-01 1.92804854e-09 9.72611200e-01 4.58441328e-02
3.18979200e-01 6.43114400e-01 2.27360473e-09 9.57138400e-01 5.27197044e-02
2.84026800e-01 6.70460000e-01 1.96263946e-09 9.75786400e-01 5.33363476e-02
3.46485600e-01 6.76875200e-01 2.23901381e-09 9.53963200e-01 4.52274897e-02
2.88757200e-01 6.96444800e-01 2.12641685e-09 9.41615200e-01 4.70774192e-02
3.41755200e-01 6.50890400e-01 2.07523642e-09 9.88134400e-01 5.14864180e-02
2.88406800e-01 6.49724000e-01 2.24536725e-09 9.60011200e-01 4.54433148e-02
3.42105600e-01 6.97611200e-01 1.95628603e-09 9.69738400e-01 5.31205225e-02
3.42456000e-01 6.89900000e-01 2.12924060e-09 9.47008000e-01 4.60188484e-02
2.88056400e-01 6.57435200e-01 2.07241267e-09 9.82741600e-01 5.25449888e-02
3.01722000e-01 6.81670400e-01 2.20830555e-09 9.75635200e-01 4.90404000e-02
3.28790400e-01 6.65664800e-01 1.99334772e-09 9.54114400e-01 4.95234372e-02
2.95677600e-01 6.96380000e-01 2.13947669e-09 9.88235200e-01 4.95337146e-02
3.34834800e-01 6.50955200e-01 2.06217658e-09 9.41514400e-01 4.90301227e-02
2.71500000e-01 6.66896000e-01 2.03817472e-09 9.68024800e-01 5.19694552e-02
3.59012400e-01 6.80439200e-01 2.16347855e-09 9.61724800e-01 4.65943821e-02
2.71938000e-01 6.78689600e-01 2.11053327e-09 9.40758400e-01 4.67793750e-02
3.58574400e-01 6.68645600e-01 2.09112000e-09 9.88991200e-01 5.17844622e-02
2.85340800e-01 6.52186400e-01 1.97852304e-09 9.65353600e-01 4.87320784e-02
3.45171600e-01 6.95148800e-01 2.22313023e-09 9.64396000e-01 4.98317588e-02
3.16964400e-01 6.53936000e-01 1.94993259e-09 9.56886400e-01 4.53816505e-02
3.13548000e-01 6.93399200e-01 2.25172068e-09 9.72863200e-01 5.31821868e-02
3.19329600e-01 7.04091200e-01 1.93581385e-09 9.71552800e-01 5.19900100e-02
3.11182800e-01 6.43244000e-01 2.26583942e-09 9.58196800e-01 4.65738273e-02
2.91210000e-01 6.49464800e-01 2.16559636e-09 9.74072800e-01 4.98112040e-02
3.39302400e-01 6.97870400e-01 2.03605691e-09 9.55676800e-01 4.87526332e-02
2.97429600e-01 6.48492800e-01 2.05088159e-09 9.78407200e-01 4.73137991e-02
3.33082800e-01 6.98842400e-01 2.15077168e-09 9.51342400e-01 5.12500381e-02
2.81661600e-01 6.85817600e-01 2.04841081e-09 9.74526400e-01 5.07875557e-02
3.48850800e-01 6.61517600e-01 2.15324246e-09 9.55223200e-01 4.77762815e-02
3.54895200e-01 6.52056800e-01 2.15606621e-09 9.68176000e-01 4.97700945e-02
2.75617200e-01 6.95278400e-01 2.04558706e-09 9.61573600e-01 4.87937428e-02
3.21432000e-01 7.02860000e-01 2.10665062e-09 9.85362400e-01 4.49705550e-02
3.09080400e-01 6.44475200e-01 2.09500266e-09 9.44387200e-01 5.35932823e-02
3.05576400e-01 6.80828000e-01 2.25207365e-09 9.85211200e-01 4.46108465e-02
3.24936000e-01 6.66507200e-01 1.94957962e-09 9.44538400e-01 5.39529908e-02
3.16614000e-01 6.97352000e-01 2.17053792e-09 9.78004000e-01 4.82798734e-02
3.13898400e-01 6.49983200e-01 2.03111535e-09 9.51745600e-01 5.02839638e-02
3.31944000e-01 7.03378400e-01 2.18183291e-09 9.43782400e-01 4.86806915e-02
2.98568400e-01 6.43956800e-01 2.01982036e-09 9.85967200e-01 4.98831457e-02
3.16263600e-01 6.47067200e-01 1.93334307e-09 9.46907200e-01 4.50836062e-02
3.14248800e-01 7.00268000e-01 2.26831020e-09 9.82842400e-01 5.34802310e-02
3.43507200e-01 6.43697600e-01 1.98664132e-09 9.56634400e-01 4.78071137e-02
2.87005200e-01 7.03637600e-01 2.21501195e-09 9.73115200e-01 5.07567236e-02
2.87968800e-01 6.84910400e-01 2.16736120e-09 9.56987200e-01 5.43743636e-02
3.42543600e-01 6.62424800e-01 2.03429207e-09 9.72762400e-01 4.41894736e-02
3.00758400e-01 6.71108000e-01 2.00887834e-09 9.68377600e-01 5.00784161e-02
3.29754000e-01 6.76227200e-01 2.19277494e-09 9.61372000e-01 4.84854212e-02
3.09168000e-01 7.05840800e-01 2.18606853e-09 9.76643200e-01 4.57824685e-02
3.21344400e-01 6.41494400e-01 2.01558474e-09 9.53106400e-01 5.27813687e-02
2.92962000e-01 6.91584800e-01 2.14124153e-09 9.64547200e-01 4.87115237e-02
3.37550400e-01 6.55750400e-01 2.06041174e-09 9.65202400e-01 4.98523136e-02
3.56734800e-01 6.54972800e-01 1.96652211e-09 9.39700000e-01 5.33157928e-02
2.73777600e-01 6.92362400e-01 2.23513116e-09 9.90049600e-01 4.52480444e-02
2.91910800e-01 6.63332000e-01 1.98028789e-09 9.84707200e-01 4.84340342e-02
3.38601600e-01 6.84003200e-01 2.22136539e-09 9.45042400e-01 5.01298030e-02
2.84990400e-01 6.77328800e-01 2.13877075e-09 9.63690400e-01 4.62757831e-02
3.45522000e-01 6.70006400e-01 2.06288252e-09 9.66059200e-01 5.22880542e-02
3.35097600e-01 7.03961600e-01 1.92946042e-09 9.64950400e-01 5.14247537e-02
2.95414800e-01 6.43373600e-01 2.27219285e-09 9.64799200e-01 4.71390835e-02
3.03386400e-01 6.47520800e-01 2.04982268e-09 9.58247200e-01 5.35727275e-02
3.27126000e-01 6.99814400e-01 2.15183059e-09 9.71502400e-01 4.49911098e-02
2.72463600e-01 6.96898400e-01 1.96758102e-09 9.52804000e-01 4.76837850e-02
3.58048800e-01 6.50436800e-01 2.23407225e-09 9.76945600e-01 5.08800522e-02
3.07328400e-01 6.62878400e-01 2.07488345e-09 9.43984000e-01 5.33260702e-02
3.23184000e-01 6.84456800e-01 2.12676982e-09 9.85765600e-01 4.52377670e-02
3.15037200e-01 6.81735200e-01 1.97605226e-09 9.82288000e-01 5.35110632e-02
3.15475200e-01 6.65600000e-01 2.22560101e-09 9.47461600e-01 4.50527741e-02
3.43244400e-01 6.46484000e-01 2.26936911e-09 9.74123200e-01 5.41482611e-02
2.87268000e-01 7.00851200e-01 1.93228417e-09 9.55626400e-01 4.44155761e-02
2.72989200e-01 6.44410400e-01 2.25595630e-09 9.63841600e-01 5.34082893e-02
3.57523200e-01 7.02924800e-01 1.94569697e-09 9.65908000e-01 4.51555480e-02
3.25812000e-01 7.04609600e-01 2.08759032e-09 9.68075200e-01 5.21338934e-02
3.04700400e-01 6.42725600e-01 2.11406296e-09 9.61674400e-01 4.64299439e-02
3.02948400e-01 6.48816800e-01 1.93157823e-09 9.70696000e-01 4.92048382e-02
3.27564000e-01 6.98518400e-01 2.27007504e-09 9.59053600e-01 4.93589990e-02
2.97955200e-01 6.69164000e-01 2.04594003e-09 9.65807200e-01 4.44977952e-02
3.32557200e-01 6.78171200e-01 2.15571324e-09 9.63942400e-01 5.40660420e-02
3.45259200e-01 7.01823200e-01 2.05476424e-09 9.71804800e-01 5.10033809e-02
2.85253200e-01 6.45512000e-01 2.14688903e-09 9.57944800e-01 4.75604564e-02
3.51741600e-01 6.82966400e-01 2.07664829e-09 9.83094400e-01 4.72829670e-02
2.78770800e-01 6.64368800e-01 2.12500498e-09 9.46655200e-01 5.12808703e-02
2.97517200e-01 7.01952800e-01 2.00711349e-09 9.58549600e-01 4.60702354e-02
3.32995200e-01 6.45382400e-01 2.19453978e-09 9.71200000e-01 5.24936019e-02
2.81223600e-01 6.86400800e-01 2.14335934e-09 9.88537600e-01 4.54741469e-02
3.49288800e-01 6.60934400e-01 2.05829393e-09 9.41212000e-01 5.30896903e-02
2.94626400e-01 6.90742400e-01 1.96193352e-09 9.52602400e-01 4.41689189e-02
3.35886000e-01 6.56592800e-01 2.23971975e-09 9.77147200e-01 5.43949184e-02
3.29316000e-01 6.58925600e-01 1.98770022e-09 9.83699200e-01 5.15686371e-02
3.01196400e-01 6.88409600e-01 2.21395305e-09 9.46050400e-01 4.69952001e-02
3.09781200e-01 6.90677600e-01 2.17583245e-09 9.61876000e-01 5.41893707e-02
3.20731200e-01 6.56657600e-01 2.02582082e-09 9.67873600e-01 4.43744666e-02
3.18103200e-01 6.99296000e-01 2.19489275e-09 9.65303200e-01 4.91534513e-02
3.12409200e-01 6.48039200e-01 2.00676052e-09 9.64446400e-01 4.94103860e-02
3.01108800e-01 6.97481600e-01 2.02052630e-09 9.78508000e-01 5.39016038e-02
3.29403600e-01 6.49853600e-01 2.18112698e-09 9.51241600e-01 4.46622334e-02
2.87706000e-01 6.93010400e-01 2.01805552e-09 9.48368800e-01 4.74371278e-02
3.42806400e-01 6.54324800e-01 2.18359775e-09 9.81380800e-01 5.11267095e-02
2.76142800e-01 6.56009600e-01 2.19665759e-09 9.48872800e-01 4.44052987e-02
3.54369600e-01 6.91325600e-01 2.00499568e-09 9.80876800e-01 5.41585385e-02
2.75967600e-01 6.83679200e-01 2.24677912e-09 9.51796000e-01 5.15583597e-02
3.54544800e-01 6.63656000e-01 1.95487415e-09 9.77953600e-01 4.70054775e-02
3.28177200e-01 6.42142400e-01 2.20477587e-09 9.70897600e-01 4.95953789e-02
3.02335200e-01 7.05192800e-01 1.99687741e-09 9.58852000e-01 4.89684583e-02
3.30805200e-01 6.84586400e-01 2.18289182e-09 9.44437600e-01 4.43025249e-02
2.99707200e-01 6.62748800e-01 2.01876145e-09 9.85312000e-01 5.42613124e-02
2.99970000e-01 6.61906400e-01 2.17336167e-09 9.43681600e-01 4.76015659e-02
3.30542400e-01 6.85428800e-01 2.02829160e-09 9.86068000e-01 5.09622713e-02
3.23008800e-01 6.54519200e-01 2.02617379e-09 9.79919200e-01 4.81359900e-02
3.07503600e-01 6.92816000e-01 2.17547948e-09 9.49830400e-01 5.04278472e-02
3.40791600e-01 6.48557600e-01 2.11159218e-09 9.86773600e-01 4.69643680e-02
2.89720800e-01 6.98777600e-01 2.09006110e-09 9.42976000e-01 5.15994693e-02
3.05313600e-01 6.61647200e-01 2.00781943e-09 9.40859200e-01 4.48163942e-02
3.25198800e-01 6.85688000e-01 2.19383384e-09 9.88890400e-01 5.37474430e-02
3.12584400e-01 6.93204800e-01 2.02935051e-09 9.56533600e-01 4.95131598e-02
3.17928000e-01 6.54130400e-01 2.17230276e-09 9.73216000e-01 4.90506774e-02
3.56384400e-01 6.63980000e-01 2.24289647e-09 9.80372800e-01 5.40352099e-02
2.74128000e-01 6.83355200e-01 1.95875681e-09 9.49376800e-01 4.45286274e-02
3.58837200e-01 6.88539200e-01 2.05123456e-09 9.64093600e-01 4.61216223e-02
2.71675200e-01 6.58796000e-01 2.15041871e-09 9.65656000e-01 5.24422150e-02
3.38163600e-01 6.68127200e-01 2.13206435e-09 9.49780000e-01 5.27710913e-02
2.92348800e-01 6.79208000e-01 2.06958892e-09 9.79969600e-01 4.57927459e-02
3.33345600e-01 6.61323200e-01 2.24148459e-09 9.44740000e-01 4.88040202e-02
2.97166800e-01 6.86012000e-01 1.96016868e-09 9.85009600e-01 4.97598171e-02
3.15913200e-01 6.73505600e-01 1.98946507e-09 9.61321600e-01 5.07361688e-02
3.14599200e-01 6.73829600e-01 2.21218821e-09 9.68428000e-01 4.78276684e-02
3.12672000e-01 6.90288800e-01 2.08688438e-09 9.60918400e-01 5.20002873e-02
3.17840400e-01 6.57046400e-01 2.11476889e-09 9.68831200e-01 4.65635499e-02
3.42280800e-01 6.53352800e-01 2.11653374e-09 9.56735200e-01 5.41688159e-02
2.88231600e-01 6.93982400e-01 2.08511954e-09 9.73014400e-01 4.43950214e-02
3.57172800e-01 6.69941600e-01 2.05370534e-09 9.80624800e-01 5.25552662e-02
2.73339600e-01 6.77393600e-01 2.14794793e-09 9.49124800e-01 4.60085710e-02
2.79296400e-01 6.71820800e-01 1.96828696e-09 9.41262400e-01 4.73549087e-02
3.51216000e-01 6.75514400e-01 2.23336632e-09 9.88487200e-01 5.12089286e-02
3.05138400e-01 7.03832000e-01 1.94604994e-09 9.56332000e-01 4.59571841e-02
3.25374000e-01 6.43503200e-01 2.25560333e-09 9.73417600e-01 5.26066531e-02
3.49814400e-01 6.72663200e-01 2.00746646e-09 9.72661600e-01 4.44258535e-02
2.80698000e-01 6.74672000e-01 2.19418681e-09 9.57088000e-01 5.41379837e-02
2.95152000e-01 6.44086400e-01 2.20054024e-09 9.65051200e-01 5.12397607e-02
3.35360400e-01 7.03248800e-01 2.00111303e-09 9.64698400e-01 4.73240765e-02
2.74916400e-01 6.48363200e-01 2.00252490e-09 9.53761600e-01 5.23599959e-02
3.55596000e-01 6.98972000e-01 2.19912837e-09 9.75988000e-01 4.62038414e-02
2.82274800e-01 6.92556800e-01 2.12394607e-09 9.73316800e-01 4.75399016e-02
3.48237600e-01 6.54778400e-01 2.07770720e-09 9.56432800e-01 5.10239356e-02
3.28965600e-01 6.74866400e-01 2.26478052e-09 9.43379200e-01 4.60907901e-02
3.01546800e-01 6.72468800e-01 1.93687276e-09 9.86370400e-01 5.24730471e-02
2.76405600e-01 6.78365600e-01 2.18042104e-09 9.69587200e-01 4.60496806e-02
3.54106800e-01 6.68969600e-01 2.02123223e-09 9.60162400e-01 5.25141567e-02
2.82012000e-01 6.71626400e-01 2.20371696e-09 9.46403200e-01 4.97803719e-02
3.48500400e-01 6.75708800e-01 1.99793631e-09 9.83346400e-01 4.87834654e-02
2.83588800e-01 7.01888000e-01 1.94181432e-09 9.59406400e-01 4.48986133e-02
3.46923600e-01 6.45447200e-01 2.25983896e-09 9.70343200e-01 5.36652240e-02
3.32031600e-01 6.72144800e-01 2.01170208e-09 9.65857600e-01 5.17022431e-02
2.98480800e-01 6.75190400e-01 2.18995119e-09 9.63892000e-01 4.68615941e-02
3.47098800e-01 6.55361600e-01 2.26195677e-09 9.65605600e-01 4.89170714e-02
2.83413600e-01 6.91973600e-01 1.93969650e-09 9.64144000e-01 4.96467658e-02
3.44032800e-01 6.74801600e-01 2.27678145e-09 9.52048000e-01 4.70568645e-02
2.86479600e-01 6.72533600e-01 1.92487183e-09 9.77701600e-01 5.15069728e-02
3.37200000e-01 6.60804800e-01 2.10806249e-09 9.40556800e-01 4.66766012e-02
2.93312400e-01 6.86530400e-01 2.09359078e-09 9.89192800e-01 5.18872361e-02
3.53756400e-01 6.49011200e-01 2.23442522e-09 9.71754400e-01 4.92767799e-02
2.76756000e-01 6.98324000e-01 1.96722805e-09 9.57995200e-01 4.92870573e-02
2.75792400e-01 6.77264000e-01 2.19630462e-09 9.69637600e-01 5.37166109e-02
3.54720000e-01 6.70071200e-01 2.00534865e-09 9.60112000e-01 4.48472264e-02
3.55858800e-01 6.47780000e-01 1.95134447e-09 9.60565600e-01 4.86293046e-02
2.74653600e-01 6.99555200e-01 2.25030881e-09 9.69184000e-01 4.99345327e-02
3.15387600e-01 7.00332800e-01 1.99617147e-09 9.82036000e-01 5.06025628e-02
3.15124800e-01 6.47002400e-01 2.20548180e-09 9.47713600e-01 4.79612745e-02
3.30367200e-01 6.82448000e-01 2.05864690e-09 9.52652800e-01 5.18152944e-02
3.00145200e-01 6.64887200e-01 2.14300637e-09 9.77096800e-01 4.67485429e-02
3.08992800e-01 7.02989600e-01 2.06747111e-09 9.60263200e-01 5.27402592e-02
3.21519600e-01 6.44345600e-01 2.13418216e-09 9.69486400e-01 4.58235781e-02
3.33608400e-01 7.02147200e-01 2.07594236e-09 9.58650400e-01 4.71699157e-02
2.96904000e-01 6.45188000e-01 2.12571092e-09 9.71099200e-01 5.13939215e-02
3.07591200e-01 7.04933600e-01 1.95840384e-09 9.62178400e-01 4.58955198e-02
3.22921200e-01 6.42401600e-01 2.24324944e-09 9.67571200e-01 5.26683175e-02
3.17314800e-01 6.81152000e-01 2.03852769e-09 9.80120800e-01 5.36138370e-02
3.13197600e-01 6.66183200e-01 2.16312558e-09 9.49628800e-01 4.49500002e-02
2.93487600e-01 6.98712800e-01 2.19242197e-09 9.43278400e-01 4.59263519e-02
3.37024800e-01 6.48622400e-01 2.00923130e-09 9.86471200e-01 5.26374853e-02
3.00408000e-01 6.43892000e-01 2.06535330e-09 9.81834400e-01 4.64710534e-02
3.30104400e-01 7.03443200e-01 2.13629997e-09 9.47915200e-01 5.20927838e-02
3.56647200e-01 6.41948000e-01 1.94040244e-09 9.75584800e-01 5.21750029e-02
2.73865200e-01 7.05387200e-01 2.26125083e-09 9.54164800e-01 4.63888343e-02
