3.07228320e-01 6.32334820e-01 2.23714812e-09 1.03958326e+00 4.79464494e-02
3.23308620e-01 7.14930440e-01 1.96443792e-09 8.90023760e-01 5.06178079e-02
3.01237620e-01 6.07003700e-01 2.08629610e-09 9.94039980e-01 5.39791852e-02
3.29299320e-01 7.40261560e-01 2.11528994e-09 9.35567040e-01 4.45850720e-02
3.17254860e-01 6.58609120e-01 1.98754895e-09 9.82268200e-01 4.93264870e-02
3.13282080e-01 6.88656140e-01 2.21403709e-09 9.47338820e-01 4.92377703e-02
3.26650800e-01 6.15492320e-01 1.90729063e-09 1.02279400e+00 4.58665355e-02
3.03886140e-01 7.31772940e-01 2.29429541e-09 9.06813020e-01 5.26977217e-02
3.37497120e-01 6.57531200e-01 2.13377877e-09 1.00330302e+00 5.10811062e-02
2.93039820e-01 6.89734060e-01 2.06780727e-09 9.26304000e-01 4.74831510e-02
3.13660440e-01 7.01052220e-01 1.96191671e-09 9.48882660e-01 4.53638076e-02
3.16876500e-01 6.46213040e-01 2.23966933e-09 9.80724360e-01 5.32004497e-02
3.41217660e-01 6.49716280e-01 1.95183190e-09 9.45409020e-01 5.40186148e-02
2.89319280e-01 6.97548980e-01 2.24975414e-09 9.84198000e-01 4.45456424e-02
2.98336860e-01 6.82458100e-01 2.18168164e-09 9.39619620e-01 5.35060294e-02
3.32200080e-01 6.64807160e-01 2.01990440e-09 9.89987400e-01 4.50582278e-02
2.84526720e-01 6.25058860e-01 1.98628835e-09 1.04363584e+00 5.16922657e-02
3.46010220e-01 7.22206400e-01 2.21529769e-09 8.85971180e-01 4.68719915e-02
2.84211420e-01 6.72083120e-01 1.90855123e-09 9.36531940e-01 5.14359730e-02
3.46325520e-01 6.75182140e-01 2.29303481e-09 9.93075080e-01 4.71282842e-02
3.18011580e-01 6.92294120e-01 2.09007790e-09 1.05135504e+00 4.84787496e-02
3.12525360e-01 6.54971140e-01 2.11150814e-09 8.78251980e-01 5.00855076e-02
3.42226620e-01 6.06464740e-01 2.13882118e-09 9.72040260e-01 4.85477515e-02
2.88310320e-01 7.40800520e-01 2.06276486e-09 9.57566760e-01 5.00165058e-02
3.27596700e-01 6.70062020e-01 2.29387521e-09 1.02665360e+00 5.03418003e-02
3.02940240e-01 6.77203240e-01 1.90771083e-09 9.02953420e-01 4.82224569e-02
3.35794500e-01 7.15738880e-01 1.91317344e-09 1.03803942e+00 4.62411172e-02
2.94742440e-01 6.31526380e-01 2.28841260e-09 8.91567600e-01 5.23231400e-02
3.43487820e-01 7.40935260e-01 2.02914881e-09 9.12409440e-01 4.67339877e-02
2.87049120e-01 6.06330000e-01 2.17243723e-09 1.01719758e+00 5.18302695e-02
3.29614620e-01 6.31930600e-01 2.03755283e-09 1.01410990e+00 4.65368395e-02
3.00922320e-01 7.15334660e-01 2.16403321e-09 9.15497120e-01 5.20274177e-02
3.11579460e-01 6.09024800e-01 2.10856673e-09 9.79373500e-01 4.85378940e-02
3.18957480e-01 7.38240460e-01 2.09301931e-09 9.50233520e-01 5.00263632e-02
3.13471260e-01 6.22229320e-01 2.09343951e-09 1.04402180e+00 4.47920777e-02
3.17065680e-01 7.25035940e-01 2.10814653e-09 8.85585220e-01 5.37721795e-02
3.05273460e-01 6.10776420e-01 1.94552889e-09 9.21865460e-01 5.29737292e-02
3.25263480e-01 7.36488840e-01 2.25605715e-09 1.00774156e+00 4.55905280e-02
3.46262460e-01 6.15357580e-01 2.17663923e-09 9.05076200e-01 5.08741006e-02
2.84274480e-01 7.31907680e-01 2.02494681e-09 1.02453082e+00 4.76901567e-02
3.30560520e-01 6.23172500e-01 2.04091443e-09 9.46373920e-01 5.18499843e-02
2.99976420e-01 7.24092760e-01 2.16067161e-09 9.83233100e-01 4.67142729e-02
3.13029840e-01 6.46752000e-01 2.07915269e-09 1.01333798e+00 4.76507270e-02
3.17507100e-01 7.00513260e-01 2.12243335e-09 9.16269040e-01 5.09135302e-02
3.24380640e-01 6.27618920e-01 2.27538638e-09 1.00349600e+00 4.90997665e-02
3.06156300e-01 7.19646340e-01 1.92619966e-09 9.26111020e-01 4.94644907e-02
3.09372360e-01 6.33547480e-01 2.08545570e-09 9.92496140e-01 4.98686446e-02
3.21164580e-01 7.13717780e-01 2.11613034e-09 9.37110880e-01 4.86956126e-02
2.93292060e-01 6.73026300e-01 1.97410253e-09 8.93111440e-01 5.01545095e-02
3.37244880e-01 6.74238960e-01 2.22748351e-09 1.03649558e+00 4.84097477e-02
2.91274140e-01 6.82323360e-01 1.97158133e-09 9.90566340e-01 4.54525243e-02
3.39262800e-01 6.64941900e-01 2.23000471e-09 9.39040680e-01 5.31117330e-02
3.11011920e-01 6.74643180e-01 2.27832778e-09 1.03379386e+00 5.27568662e-02
3.19525020e-01 6.72622080e-01 1.92325826e-09 8.95813160e-01 4.58073911e-02
3.33019860e-01 7.24496980e-01 2.19428766e-09 9.11637520e-01 5.19879881e-02
2.97517080e-01 6.22768280e-01 2.00729838e-09 1.01796950e+00 4.65762692e-02
2.86103220e-01 6.44191940e-01 2.04889824e-09 9.86127800e-01 4.47132184e-02
3.44433720e-01 7.03073320e-01 2.15268780e-09 9.43479220e-01 5.38510388e-02
3.03633900e-01 7.21667440e-01 1.91569465e-09 8.95234220e-01 4.87153275e-02
3.26903040e-01 6.25597820e-01 2.28589139e-09 1.03437280e+00 4.98489298e-02
2.93796540e-01 6.71813640e-01 2.07621128e-09 8.73427480e-01 4.52948057e-02
3.36740400e-01 6.75451620e-01 2.12537476e-09 1.05617954e+00 5.32694515e-02
3.10066020e-01 7.30829760e-01 2.14512419e-09 9.75513900e-01 4.75817251e-02
3.20470920e-01 6.16435500e-01 2.05646185e-09 9.54093120e-01 5.09825321e-02
3.22110480e-01 7.06980780e-01 2.13924138e-09 8.98900840e-01 4.88730460e-02
3.08426460e-01 6.40284480e-01 2.06234466e-09 1.03070618e+00 4.96912112e-02
3.21542940e-01 6.74104220e-01 2.00855898e-09 1.03746048e+00 4.57876762e-02
3.08994000e-01 6.73161040e-01 2.19302706e-09 8.92146540e-01 5.27765810e-02
3.28984020e-01 6.32873780e-01 1.94678949e-09 9.05269180e-01 5.02925133e-02
3.01552920e-01 7.14391480e-01 2.25479655e-09 1.02433784e+00 4.82717439e-02
3.45190440e-01 6.61977620e-01 2.30396002e-09 1.04344286e+00 5.22639956e-02
2.85346500e-01 6.85287640e-01 1.89762602e-09 8.86164160e-01 4.63002616e-02
3.26713860e-01 7.15604140e-01 2.16697462e-09 1.00542580e+00 4.99869335e-02
3.03823080e-01 6.31661120e-01 2.03461142e-09 9.24181220e-01 4.85773237e-02
3.33776580e-01 6.42440320e-01 1.90813103e-09 9.37496840e-01 4.72662880e-02
2.96760360e-01 7.04824940e-01 2.29345501e-09 9.92110180e-01 5.12979693e-02
3.41785200e-01 6.27079960e-01 2.22202090e-09 9.36145980e-01 5.32103071e-02
2.88751740e-01 7.20185300e-01 1.97956514e-09 9.93461040e-01 4.53539501e-02
2.99345820e-01 6.08755320e-01 2.01318119e-09 8.76515160e-01 4.49892259e-02
3.31191120e-01 7.38509940e-01 2.18840485e-09 1.05309186e+00 5.35750313e-02
2.98210740e-01 6.18052380e-01 2.06528607e-09 8.91374620e-01 4.64382654e-02
3.32326200e-01 7.29212880e-01 2.13629997e-09 1.03823240e+00 5.21259918e-02
3.12903720e-01 6.15222840e-01 2.10142332e-09 1.05444272e+00 4.51765167e-02
3.17633220e-01 7.32042420e-01 2.10016272e-09 8.75164300e-01 5.33877405e-02
2.95562220e-01 6.56453280e-01 1.99553276e-09 9.43093260e-01 4.57778188e-02
3.34974720e-01 6.90811980e-01 2.20605328e-09 9.86513760e-01 5.27864384e-02
3.42352740e-01 6.84209720e-01 2.12747576e-09 9.70496420e-01 5.04995189e-02
2.88184200e-01 6.63055540e-01 2.07411028e-09 9.59110600e-01 4.80647383e-02
2.97264840e-01 6.21690360e-01 1.93418347e-09 9.36917900e-01 5.17514102e-02
3.33272100e-01 7.25574900e-01 2.26740257e-09 9.92689120e-01 4.68128470e-02
2.91463320e-01 6.80841220e-01 2.28000859e-09 9.97320640e-01 4.49005092e-02
3.39073620e-01 6.66424040e-01 1.92157745e-09 9.32286380e-01 5.36637480e-02
3.13912680e-01 6.20747180e-01 2.04217503e-09 9.41356440e-01 5.36243184e-02
3.16624260e-01 7.26518080e-01 2.15941101e-09 9.88250580e-01 4.49399389e-02
2.96508120e-01 6.41227660e-01 2.02200540e-09 9.59496560e-01 4.53736650e-02
3.34028820e-01 7.06037600e-01 2.17958064e-09 9.70110460e-01 5.31905923e-02
2.84337540e-01 6.41092920e-01 1.93964608e-09 9.22058440e-01 5.02333688e-02
3.46199400e-01 7.06172340e-01 2.26193996e-09 1.00754858e+00 4.83308884e-02
3.41343780e-01 6.90677240e-01 1.94931070e-09 9.08935800e-01 4.91096239e-02
2.89193160e-01 6.56588020e-01 2.25227534e-09 1.02067122e+00 4.94546333e-02
2.91904740e-01 7.31638200e-01 2.07369008e-09 8.83076480e-01 4.75324381e-02
3.38632200e-01 6.15627060e-01 2.12789596e-09 1.04653054e+00 5.10318191e-02
3.13975740e-01 6.11045900e-01 2.25689755e-09 9.59882520e-01 4.61721153e-02
3.16561200e-01 7.36219360e-01 1.94468849e-09 9.69724500e-01 5.23921419e-02
2.88562560e-01 6.68445140e-01 1.89342401e-09 9.77636680e-01 4.93166296e-02
3.41974380e-01 6.78820120e-01 2.30816203e-09 9.51970340e-01 4.92476277e-02
3.36362040e-01 6.30313720e-01 2.19050585e-09 1.03205704e+00 4.51370871e-02
2.94174900e-01 7.16951540e-01 2.01108019e-09 8.97549980e-01 5.34271701e-02
2.98084620e-01 6.45674080e-01 2.22496230e-09 1.06042510e+00 5.35947461e-02
3.32452320e-01 7.01591180e-01 1.97662374e-09 8.69181920e-01 4.49695111e-02
3.38758320e-01 6.37320200e-01 2.24177033e-09 9.51777360e-01 5.39298981e-02
2.91778620e-01 7.09945060e-01 1.95981571e-09 9.77829660e-01 4.46343591e-02
2.92850640e-01 6.78685380e-01 2.26782277e-09 9.68180660e-01 5.40383296e-02
3.37686300e-01 6.68579880e-01 1.93376327e-09 9.61426360e-01 4.45259276e-02
2.92220040e-01 6.60226000e-01 2.11991215e-09 1.01198712e+00 4.48610796e-02
3.38316900e-01 6.87039260e-01 2.08167389e-09 9.17619900e-01 5.37031777e-02
3.36046740e-01 6.91755160e-01 2.05772246e-09 8.90988660e-01 5.13866860e-02
2.94490200e-01 6.55510100e-01 2.14386358e-09 1.03861836e+00 4.71775713e-02
3.18705240e-01 6.67636700e-01 2.03629222e-09 8.96971040e-01 4.91786258e-02
3.11831700e-01 6.79628560e-01 2.16529382e-09 1.03263598e+00 4.93856314e-02
3.17002620e-01 6.07812140e-01 2.15815041e-09 1.05251292e+00 4.46639313e-02
3.13534320e-01 7.39453120e-01 2.04343563e-09 8.77094100e-01 5.39003259e-02
3.25074300e-01 6.62516580e-01 1.90518963e-09 9.08742820e-01 5.33187386e-02
3.05462640e-01 6.84748680e-01 2.29639641e-09 1.02086420e+00 4.52455186e-02
3.29803800e-01 6.59417560e-01 1.90056742e-09 9.89215480e-01 5.14261156e-02
3.00733140e-01 6.87847700e-01 2.30101862e-09 9.40391540e-01 4.71381416e-02
3.45757980e-01 6.77607460e-01 2.14008178e-09 1.00696964e+00 5.40481871e-02
2.84778960e-01 6.69657800e-01 2.06150426e-09 9.22637380e-01 4.45160702e-02
3.11768640e-01 7.37701500e-01 1.89174321e-09 9.10672620e-01 5.07952413e-02
3.18768300e-01 6.09563760e-01 2.30984283e-09 1.01893440e+00 4.77690160e-02
3.40271760e-01 6.61573400e-01 2.27916818e-09 8.98514880e-01 4.95532074e-02
2.90265180e-01 6.85691860e-01 1.92241786e-09 1.03109214e+00 4.90110498e-02
3.03949200e-01 6.69523060e-01 1.91779565e-09 9.24760160e-01 5.20668474e-02
3.26587740e-01 6.77742200e-01 2.28379039e-09 1.00484686e+00 4.64974099e-02
3.20723160e-01 6.52411080e-01 2.06864767e-09 1.04421478e+00 4.48709370e-02
3.09813780e-01 6.94854180e-01 2.13293837e-09 8.85392240e-01 5.36933202e-02
3.02309640e-01 7.19781080e-01 2.13251817e-09 1.01005732e+00 5.10416766e-02
3.28227300e-01 6.27484180e-01 2.06906787e-09 9.19549700e-01 4.75225807e-02
2.86292400e-01 6.93372040e-01 2.00687818e-09 9.37303860e-01 4.76211548e-02
3.44244540e-01 6.53893220e-01 2.19470786e-09 9.92303160e-01 5.09431024e-02
3.11453340e-01 7.25440160e-01 2.23126531e-09 8.78830920e-01 5.38214666e-02
3.19083600e-01 6.21825100e-01 1.97032073e-09 1.05077610e+00 4.47427906e-02
3.24759000e-01 7.32985600e-01 2.02788821e-09 9.59689540e-01 4.80548809e-02
3.05777940e-01 6.14279660e-01 2.17369783e-09 9.69917480e-01 5.05093763e-02
2.94805500e-01 7.38105720e-01 2.17874024e-09 9.95583820e-01 4.74535788e-02
3.35731440e-01 6.09159540e-01 2.02284580e-09 9.34023200e-01 5.11106784e-02
3.06913020e-01 6.67232480e-01 2.10898693e-09 8.83462440e-01 4.83604606e-02
3.23623920e-01 6.80032780e-01 2.09259911e-09 1.04614458e+00 5.02037966e-02
2.93102880e-01 6.49581540e-01 2.06402547e-09 1.03591664e+00 4.65269821e-02
3.37434060e-01 6.97683720e-01 2.13756057e-09 8.93690380e-01 5.20372751e-02
2.84715900e-01 7.39992080e-01 2.08251429e-09 9.15304140e-01 4.77197289e-02
3.45821040e-01 6.07273180e-01 2.11907175e-09 1.01430288e+00 5.08445283e-02
2.89697640e-01 6.34625400e-01 2.24303093e-09 9.30163600e-01 5.26188624e-02
3.40839300e-01 7.12639860e-01 1.95855511e-09 9.99443420e-01 4.59453948e-02
3.24065340e-01 6.67367220e-01 2.21697849e-09 1.04016220e+00 4.97010686e-02
3.06471600e-01 6.79898040e-01 1.98460755e-09 8.89444820e-01 4.88631886e-02
3.08048100e-01 6.83266540e-01 2.23294612e-09 9.50426500e-01 4.85280366e-02
3.22488840e-01 6.63998720e-01 1.96863992e-09 9.79180520e-01 5.00362206e-02
2.95309980e-01 6.75586360e-01 1.93796528e-09 9.11444540e-01 4.46737888e-02
3.35226960e-01 6.71678900e-01 2.26362076e-09 1.01816248e+00 5.38904685e-02
3.31254180e-01 7.37566760e-01 1.95267230e-09 1.01565374e+00 4.48117925e-02
2.99282760e-01 6.09698500e-01 2.24891374e-09 9.13953280e-01 5.37524647e-02
2.95183860e-01 6.37589680e-01 2.14134238e-09 8.94848260e-01 5.06276653e-02
3.35353080e-01 7.09675580e-01 2.06024366e-09 1.03475876e+00 4.79365919e-02
2.99913360e-01 6.19534520e-01 1.95687431e-09 9.48689680e-01 4.51568019e-02
3.30623580e-01 7.27730740e-01 2.24471173e-09 9.80917340e-01 5.34074553e-02
3.42289680e-01 6.47829920e-01 2.25353595e-09 9.40777500e-01 4.82618865e-02
2.88247260e-01 6.99435340e-01 1.94805009e-09 9.88829520e-01 5.03023707e-02
3.24885120e-01 6.43518240e-01 2.29513581e-09 9.35760020e-01 5.30525885e-02
3.05651820e-01 7.03747020e-01 1.90645023e-09 9.93847000e-01 4.55116687e-02
3.42794160e-01 6.14549140e-01 2.16109181e-09 1.03668856e+00 4.66551285e-02
2.87742780e-01 7.32716120e-01 2.04049423e-09 8.92918460e-01 5.19091288e-02
2.95751400e-01 6.49985760e-01 1.99679337e-09 9.87671640e-01 5.14951175e-02
3.34785540e-01 6.97279500e-01 2.20479267e-09 9.41935380e-01 4.70691397e-02
2.85283440e-01 7.35815140e-01 2.26866317e-09 9.14339240e-01 5.05586634e-02
3.45253500e-01 6.11450120e-01 1.93292287e-09 1.01526778e+00 4.80055938e-02
3.13092900e-01 7.03208060e-01 2.23084511e-09 1.04247796e+00 5.18006972e-02
3.17444040e-01 6.44057200e-01 1.97074093e-09 8.87129060e-01 4.67635600e-02
3.00607020e-01 6.53623740e-01 2.03923363e-09 8.93497400e-01 5.13176841e-02
3.29929920e-01 6.93641520e-01 2.16235241e-09 1.03610962e+00 4.72465731e-02
3.38884440e-01 7.16547320e-01 2.13840098e-09 8.72655560e-01 4.66255562e-02
2.91652500e-01 6.30717940e-01 2.06318506e-09 1.05695146e+00 5.19387010e-02
3.01615980e-01 6.07946880e-01 1.91107244e-09 9.62777220e-01 4.48807944e-02
3.28920960e-01 7.39318380e-01 2.29051360e-09 9.66829800e-01 5.36834628e-02
3.07858920e-01 6.51333160e-01 1.95141170e-09 9.58917620e-01 5.28948699e-02
3.22678020e-01 6.95932100e-01 2.25017434e-09 9.70689400e-01 4.56693873e-02
2.99724180e-01 6.67906180e-01 2.12579496e-09 9.56601860e-01 4.71184268e-02
3.30812760e-01 6.79359080e-01 2.07579108e-09 9.73005160e-01 5.14458304e-02
3.16182840e-01 6.79089600e-01 1.96233691e-09 8.93883360e-01 5.19584158e-02
3.14354100e-01 6.68175660e-01 2.23924913e-09 1.03572366e+00 4.66058414e-02
2.85598740e-01 6.07138440e-01 2.09133851e-09 9.36724920e-01 4.98883594e-02
3.44938200e-01 7.40126820e-01 2.11024753e-09 9.92882100e-01 4.86758978e-02
2.92283100e-01 6.55240620e-01 2.29681661e-09 9.33830220e-01 5.34764572e-02
3.38253840e-01 6.92024640e-01 1.90476943e-09 9.95776800e-01 4.50878000e-02
2.91967800e-01 7.06441820e-01 2.11444954e-09 9.71654300e-01 5.36046035e-02
3.38569140e-01 6.40823440e-01 2.08713650e-09 9.57952720e-01 4.49596537e-02
3.30308280e-01 6.23441980e-01 2.24092993e-09 1.05193398e+00 4.89913350e-02
3.00228660e-01 7.23823280e-01 1.96065611e-09 8.77673040e-01 4.95729223e-02
3.22614960e-01 6.50120500e-01 1.93670468e-09 9.78987540e-01 5.19978455e-02
3.07921980e-01 6.97144760e-01 2.26488136e-09 9.50619480e-01 4.65664118e-02
2.88436440e-01 6.17513420e-01 1.96275711e-09 8.99479780e-01 5.18992714e-02
3.42100500e-01 7.29751840e-01 2.23882892e-09 1.03012724e+00 4.66649859e-02
3.21921300e-01 6.19130300e-01 2.01065999e-09 1.04537266e+00 4.56595299e-02
3.08615640e-01 7.28134960e-01 2.19092605e-09 8.84234360e-01 5.29047273e-02
3.25515720e-01 6.43652980e-01 1.99511256e-09 1.00079428e+00 4.55609558e-02
3.05021220e-01 7.03612280e-01 2.20647348e-09 9.28812740e-01 5.30033014e-02
3.07732800e-01 7.26652820e-01 2.29219440e-09 1.04730246e+00 5.23724271e-02
3.22804140e-01 6.20612440e-01 1.90939164e-09 8.82304560e-01 4.61918301e-02
3.24191460e-01 6.16704980e-01 2.23252592e-09 1.01777652e+00 4.86364682e-02
3.06345480e-01 7.30560280e-01 1.96906012e-09 9.11830500e-01 4.99277891e-02
3.29425440e-01 7.33659300e-01 2.10268392e-09 9.54672060e-01 4.82421717e-02
3.01111500e-01 6.13605960e-01 2.09890212e-09 9.74934960e-01 5.03220855e-02
3.05210400e-01 6.26810480e-01 1.95561370e-09 1.01082924e+00 4.66354136e-02
3.25326540e-01 7.20454780e-01 2.24597234e-09 9.18777780e-01 5.19288436e-02
3.41028480e-01 6.73700000e-01 2.10520513e-09 1.04903928e+00 4.94250611e-02
2.89508460e-01 6.73565260e-01 2.09638091e-09 8.80567740e-01 4.91391961e-02
3.29236260e-01 7.20320040e-01 1.92956127e-09 9.80338400e-01 4.55510984e-02
3.01300680e-01 6.26945220e-01 2.27202477e-09 9.49268620e-01 5.30131589e-02
3.03507780e-01 7.39857340e-01 2.25311575e-09 8.68795960e-01 5.30624459e-02
3.27029160e-01 6.07407920e-01 1.94847029e-09 1.06081106e+00 4.55018113e-02
3.28164240e-01 6.21151400e-01 1.93250267e-09 9.13181360e-01 5.09726747e-02
3.02372700e-01 7.26113860e-01 2.26908337e-09 1.01642566e+00 4.75915825e-02
2.85031200e-01 7.12100900e-01 2.19218666e-09 1.02356592e+00 5.02629411e-02
3.45505740e-01 6.35164360e-01 2.00939938e-09 9.06041100e-01 4.83013162e-02
3.31884780e-01 6.13201740e-01 2.03797303e-09 1.01835546e+00 5.34961720e-02
2.98652160e-01 7.34063520e-01 2.16361301e-09 9.11251560e-01 4.50680852e-02
3.44118420e-01 6.30044240e-01 2.06192446e-09 9.21093540e-01 4.80745957e-02
2.86418520e-01 7.17221020e-01 2.13966158e-09 1.00851348e+00 5.04896615e-02
2.92913700e-01 6.87578220e-01 2.21907950e-09 8.93304420e-01 4.69409934e-02
3.37623240e-01 6.59687040e-01 1.98250654e-09 1.03630260e+00 5.16232638e-02
3.28794840e-01 6.45135120e-01 2.23504712e-09 8.88672900e-01 4.63889783e-02
3.01742100e-01 7.02130140e-01 1.96653892e-09 1.04093412e+00 5.21752789e-02
3.40650120e-01 6.62247100e-01 2.10478493e-09 8.81532640e-01 4.80253087e-02
2.89886820e-01 6.85018160e-01 2.09680111e-09 1.04807438e+00 5.05389486e-02
3.22047420e-01 6.78281160e-01 2.00897918e-09 9.78601580e-01 4.52356612e-02
3.08489520e-01 6.68984100e-01 2.19260686e-09 9.51005440e-01 5.33285960e-02
3.45947160e-01 6.50659460e-01 2.05310025e-09 1.00407494e+00 4.65171247e-02
2.84589780e-01 6.96605800e-01 2.14848579e-09 9.25532080e-01 5.20471325e-02
3.01868220e-01 6.29774760e-01 2.22160070e-09 9.02760440e-01 4.50187982e-02
3.28668720e-01 7.17490500e-01 1.97998534e-09 1.02684658e+00 5.35454591e-02
3.26839980e-01 7.11157720e-01 2.31068323e-09 9.90952300e-01 4.67537026e-02
3.03696960e-01 6.36107540e-01 1.89090281e-09 9.38654720e-01 5.18105547e-02
3.27848940e-01 6.23037760e-01 2.25521675e-09 1.01044328e+00 4.69902804e-02
3.02688000e-01 7.24227500e-01 1.94636929e-09 9.19163740e-01 5.15739768e-02
3.38695260e-01 6.72217860e-01 2.05898306e-09 9.74163040e-01 4.63396913e-02
2.91841680e-01 6.75047400e-01 2.14260298e-09 9.55443980e-01 5.22245659e-02
3.15678360e-01 7.16816800e-01 2.08461530e-09 9.01023620e-01 4.87646145e-02
3.14858580e-01 6.30448460e-01 2.11697074e-09 1.02858340e+00 4.97996427e-02
2.96003640e-01 6.72891560e-01 2.17075642e-09 1.05174100e+00 5.38806111e-02
3.34533300e-01 6.74373700e-01 2.03082962e-09 8.77866020e-01 4.46836462e-02
2.91148020e-01 6.49042580e-01 2.07663148e-09 1.03225002e+00 5.39101833e-02
3.39388920e-01 6.98222680e-01 2.12495456e-09 8.97357000e-01 4.46540739e-02
2.88373380e-01 6.85557120e-01 2.04931844e-09 9.20514600e-01 5.03319429e-02
3.42163560e-01 6.61708140e-01 2.15226760e-09 1.00909242e+00 4.82323143e-02
3.08930940e-01 6.86635040e-01 1.97914494e-09 8.82883500e-01 4.75521529e-02
3.21606000e-01 6.60630220e-01 2.22244110e-09 1.04672352e+00 5.10121043e-02
3.39893400e-01 6.08216360e-01 2.09512031e-09 1.05849530e+00 5.10219617e-02
2.90643540e-01 7.39048900e-01 2.10646573e-09 8.71111720e-01 4.75422955e-02
3.15300000e-01 6.91081460e-01 2.01360139e-09 9.22830360e-01 4.80844531e-02
3.15236940e-01 6.56183800e-01 2.18798465e-09 1.00677666e+00 5.04798041e-02
3.14732460e-01 6.46347780e-01 2.26446116e-09 8.88286940e-01 5.04699467e-02
3.15804480e-01 7.00917480e-01 1.93712488e-09 1.04132008e+00 4.80943105e-02
3.41406840e-01 7.17086280e-01 1.97242173e-09 9.98285540e-01 5.25498605e-02
2.89130100e-01 6.30178980e-01 2.22916431e-09 9.31321480e-01 4.60143967e-02
2.93922660e-01 6.82862320e-01 2.26950357e-09 1.05502166e+00 4.86463256e-02
3.36614280e-01 6.64402940e-01 1.93208247e-09 8.74585360e-01 4.99179317e-02
3.29110140e-01 6.54836400e-01 2.05183965e-09 8.74971320e-01 5.21358492e-02
3.01426800e-01 6.92428860e-01 2.14974639e-09 1.05463570e+00 4.64284080e-02
3.12399240e-01 7.16682060e-01 2.20941488e-09 9.31514460e-01 5.12782544e-02
3.18137700e-01 6.30583200e-01 1.99217116e-09 9.98092560e-01 4.72860028e-02
3.38506080e-01 7.17759980e-01 2.29135400e-09 8.80374760e-01 5.40777593e-02
2.92030860e-01 6.29505280e-01 1.91023204e-09 1.04923226e+00 4.44864979e-02
3.28731780e-01 6.42036100e-01 2.08335469e-09 9.97899580e-01 5.32891664e-02
3.01805160e-01 7.05229160e-01 2.11823135e-09 9.31707440e-01 4.52750909e-02
3.27785880e-01 7.25170680e-01 2.19680886e-09 1.03996922e+00 4.96616390e-02
3.02751060e-01 6.22094580e-01 2.00477718e-09 8.89637800e-01 4.89026183e-02
3.26524680e-01 6.37454940e-01 2.20185127e-09 9.08163880e-01 4.55215261e-02
3.04012260e-01 7.09810320e-01 1.99973477e-09 1.02144314e+00 5.30427311e-02
2.96697300e-01 7.14795700e-01 1.97200153e-09 1.04054816e+00 5.02826559e-02
3.33839640e-01 6.32469560e-01 2.22958451e-09 8.89058860e-01 4.82816013e-02
3.16056720e-01 6.73430520e-01 2.22832391e-09 9.21479500e-01 5.41073315e-02
3.14480220e-01 6.73834740e-01 1.97326213e-09 1.00812752e+00 4.44569257e-02
3.32830680e-01 6.37993900e-01 2.18042104e-09 1.02819744e+00 5.09923895e-02
2.97706260e-01 7.09271360e-01 2.02116500e-09 9.01409580e-01 4.75718677e-02
2.87490540e-01 7.00648000e-01 2.15646960e-09 9.48110740e-01 4.53342353e-02
3.43046400e-01 6.46617260e-01 2.04511644e-09 9.81496280e-01 5.32300219e-02
2.97012600e-01 6.97818460e-01 1.93880568e-09 8.91181640e-01 4.54919539e-02
3.33524340e-01 6.49446800e-01 2.26278036e-09 1.03842538e+00 5.30723033e-02
3.12462300e-01 6.06868960e-01 1.91989665e-09 8.96199120e-01 5.19682732e-02
3.18074640e-01 7.40396300e-01 2.28168939e-09 1.03340790e+00 4.65959840e-02
2.89760700e-01 6.64537680e-01 1.99637316e-09 1.02202208e+00 5.31314478e-02
3.40776240e-01 6.82727580e-01 2.20521288e-09 9.07584940e-01 4.54328094e-02
3.39704220e-01 6.09967980e-01 2.14554439e-09 1.02839042e+00 4.59946819e-02
2.90832720e-01 7.37297280e-01 2.05604165e-09 9.01216600e-01 5.25695753e-02
3.30875820e-01 6.57261720e-01 1.93502387e-09 9.08356860e-01 4.56496725e-02
2.99661120e-01 6.90003540e-01 2.26656217e-09 1.02125016e+00 5.29145847e-02
3.04138380e-01 7.33928780e-01 2.28631160e-09 9.64707020e-01 4.86167533e-02
3.26398560e-01 6.13336480e-01 1.91527444e-09 9.64900000e-01 4.99475039e-02
2.88688680e-01 6.74508440e-01 2.26025916e-09 1.01932036e+00 4.58172485e-02
3.41848260e-01 6.72756820e-01 1.94132688e-09 9.10286660e-01 5.27470087e-02
2.83833060e-01 7.30290800e-01 2.17159683e-09 9.67215760e-01 4.71578564e-02
3.46703880e-01 6.16974460e-01 2.02998921e-09 9.62391260e-01 5.14064008e-02
2.85977100e-01 6.83131800e-01 1.99049036e-09 1.05830232e+00 5.21062770e-02
3.44559840e-01 6.64133460e-01 2.21109568e-09 8.71304700e-01 4.64579802e-02
2.90517420e-01 6.43248760e-01 1.97872474e-09 8.85006280e-01 4.47822203e-02
3.40019520e-01 7.04016500e-01 2.22286130e-09 1.04460074e+00 5.37820369e-02
3.37118760e-01 6.80706480e-01 2.20857448e-09 9.56215900e-01 4.84393199e-02
2.93418180e-01 6.66558780e-01 1.99301156e-09 9.73391120e-01 5.01249373e-02
3.17759340e-01 6.31122160e-01 2.17117662e-09 9.55829940e-01 5.07459542e-02
3.12777600e-01 7.16143100e-01 2.03040942e-09 9.73777080e-01 4.78183030e-02
2.98841340e-01 6.41901360e-01 1.89468461e-09 1.00619772e+00 5.41763334e-02
3.31695600e-01 7.05363900e-01 2.30690143e-09 9.23409300e-01 4.43879238e-02
2.96445060e-01 6.19399780e-01 1.99805397e-09 8.89830780e-01 4.61326856e-02
3.34091880e-01 7.27865480e-01 2.20353207e-09 1.03977624e+00 5.24315716e-02
3.30749700e-01 6.43383500e-01 1.90350883e-09 9.56794840e-01 5.31018756e-02
2.99787240e-01 7.03881760e-01 2.29807721e-09 9.72812180e-01 4.54623817e-02
3.04327560e-01 7.13987260e-01 2.09596071e-09 1.04633756e+00 5.17218379e-02
3.26209380e-01 6.33278000e-01 2.10562533e-09 8.83269460e-01 4.68424193e-02
3.01048440e-01 7.21802180e-01 2.16739482e-09 1.05888126e+00 5.07853839e-02
3.29488500e-01 6.25463080e-01 2.03419122e-09 8.70725760e-01 4.77788734e-02
2.90139060e-01 6.30852680e-01 2.07747189e-09 9.17426920e-01 5.36736054e-02
3.40397880e-01 7.16412580e-01 2.12411415e-09 1.01218010e+00 4.48906518e-02
2.86166280e-01 7.18029460e-01 1.99427216e-09 8.76708140e-01 4.44273535e-02
3.44370660e-01 6.29235800e-01 2.20731388e-09 1.05289888e+00 5.41369038e-02
3.09498480e-01 6.90946720e-01 2.05730226e-09 1.04151306e+00 5.11796803e-02
3.21038460e-01 6.56318540e-01 2.14428378e-09 8.88093960e-01 4.73845769e-02
3.45631860e-01 7.22475880e-01 1.92914107e-09 1.02761850e+00 5.22147085e-02
2.84905080e-01 6.24789380e-01 2.27244497e-09 9.01988520e-01 4.63495487e-02
3.14164920e-01 6.69118840e-01 2.14764539e-09 9.12795400e-01 4.62805468e-02
3.16372020e-01 6.78146420e-01 2.05394065e-09 1.01681162e+00 5.22837104e-02
3.25894080e-01 6.34086440e-01 1.96107631e-09 9.29198700e-01 5.15246897e-02
3.04642860e-01 7.13178820e-01 2.24050973e-09 1.00040832e+00 4.70395675e-02
3.40208700e-01 6.94045740e-01 2.27328538e-09 9.95197860e-01 4.96714964e-02
2.90328240e-01 6.53219520e-01 1.92830066e-09 9.34409160e-01 4.88927609e-02
3.07165260e-01 7.27596000e-01 2.09974252e-09 9.75320920e-01 5.14852601e-02
3.23371680e-01 6.19669260e-01 2.10184352e-09 9.54286100e-01 4.70789972e-02
3.24317580e-01 7.15469400e-01 2.30269942e-09 1.02047824e+00 4.62608320e-02
3.06219360e-01 6.31795860e-01 1.89888662e-09 9.09128780e-01 5.23034252e-02
3.18642180e-01 6.96875280e-01 2.04679724e-09 9.44058160e-01 5.07656690e-02
3.11894760e-01 6.50389980e-01 2.15478880e-09 9.85548860e-01 4.77985882e-02
2.97454020e-01 6.57126980e-01 2.14176258e-09 9.86899720e-01 4.47033610e-02
3.33082920e-01 6.90138280e-01 2.05982346e-09 9.42707300e-01 5.38608962e-02
3.36929580e-01 6.10506940e-01 2.00351658e-09 9.63935100e-01 5.05980930e-02
2.93607360e-01 7.36758320e-01 2.19806946e-09 9.65671920e-01 4.79661642e-02
2.94111840e-01 7.22610620e-01 2.19890987e-09 9.70303440e-01 4.91194813e-02
3.36425100e-01 6.24654640e-01 2.00267617e-09 9.59303580e-01 4.94447759e-02
3.24254520e-01 6.87174000e-01 2.20059067e-09 8.81725620e-01 4.82027421e-02
3.06282420e-01 6.60091260e-01 2.00099537e-09 1.04788140e+00 5.03615152e-02
3.31506420e-01 6.83940240e-01 1.92577946e-09 1.04575862e+00 5.21949937e-02
2.99030520e-01 6.63325020e-01 2.27580658e-09 8.83848400e-01 4.63692635e-02
3.43740060e-01 7.18972640e-01 2.12327375e-09 9.00058720e-01 5.08050987e-02
2.86796880e-01 6.28292620e-01 2.07831229e-09 1.02954830e+00 4.77591585e-02
3.14984700e-01 7.15199920e-01 2.01023979e-09 9.31900420e-01 4.58369633e-02
3.15552240e-01 6.32065340e-01 2.19134625e-09 9.97706600e-01 5.27272939e-02
2.85220380e-01 7.30695020e-01 2.22580271e-09 9.49461600e-01 5.12388248e-02
3.45316560e-01 6.16570240e-01 1.97578333e-09 9.80145420e-01 4.73254324e-02
3.20155620e-01 7.31233980e-01 2.24219053e-09 1.05328484e+00 5.00756502e-02
3.10381320e-01 6.16031280e-01 1.95939551e-09 8.76322180e-01 4.84886070e-02
3.37938540e-01 6.17782900e-01 1.99763377e-09 1.03495174e+00 4.79760216e-02
2.92598400e-01 7.29482360e-01 2.20395227e-09 8.94655280e-01 5.05882356e-02
3.10002960e-01 7.02534360e-01 2.28883280e-09 1.03089916e+00 5.33483108e-02
3.20533980e-01 6.44730900e-01 1.91275324e-09 8.98707860e-01 4.52159464e-02
3.20912340e-01 7.02264880e-01 1.91485424e-09 1.01989930e+00 5.15542620e-02
3.09624600e-01 6.45000380e-01 2.28673180e-09 9.09707720e-01 4.70099953e-02
3.06786900e-01 6.22903020e-01 2.12999696e-09 1.00195216e+00 4.96517815e-02
3.23750040e-01 7.24362240e-01 2.07158908e-09 9.27654860e-01 4.89124757e-02
3.42604980e-01 6.89464580e-01 2.09175871e-09 9.84005020e-01 4.99967909e-02
2.87931960e-01 6.57800680e-01 2.10982733e-09 9.45602000e-01 4.85674663e-02
3.23434740e-01 7.28673920e-01 2.30311962e-09 8.89251840e-01 5.02530836e-02
3.07102200e-01 6.18591340e-01 1.89846642e-09 1.04035518e+00 4.83111736e-02
3.38947500e-01 6.87982440e-01 1.92031685e-09 1.03726750e+00 4.89223331e-02
2.91589440e-01 6.59282820e-01 2.28126919e-09 8.92339520e-01 4.96419241e-02
3.11074980e-01 6.57396460e-01 1.98082574e-09 9.82654160e-01 4.70198527e-02
3.19461960e-01 6.89868800e-01 2.22076030e-09 9.46952860e-01 5.15444045e-02
2.90076000e-01 6.71948380e-01 2.02872861e-09 9.23216320e-01 4.96222093e-02
3.40460940e-01 6.75316880e-01 2.17285743e-09 1.00639070e+00 4.89420479e-02
2.85850980e-01 6.27214700e-01 2.27118437e-09 9.71461320e-01 4.86857552e-02
3.44685960e-01 7.20050560e-01 1.93040167e-09 9.58145700e-01 4.98785020e-02
3.17570160e-01 7.16008360e-01 1.91191284e-09 9.37882800e-01 4.48216499e-02
3.12966780e-01 6.31256900e-01 2.28967320e-09 9.91724220e-01 5.37426073e-02
3.41596020e-01 6.53084780e-01 2.00393678e-09 9.88443560e-01 5.20964196e-02
2.88940920e-01 6.94180480e-01 2.19764926e-09 9.41163460e-01 4.64678376e-02
2.89823760e-01 6.55105880e-01 2.07705168e-09 1.04981120e+00 5.01840818e-02
3.40713180e-01 6.92159380e-01 2.12453436e-09 8.79795820e-01 4.83801755e-02
3.38379960e-01 6.11989080e-01 2.06570627e-09 9.09321760e-01 4.92279128e-02
2.92156980e-01 7.35276180e-01 2.13587977e-09 1.02028526e+00 4.93363444e-02
2.92093920e-01 6.35838060e-01 2.13545957e-09 9.74549000e-01 4.68917063e-02
3.38443020e-01 7.11427200e-01 2.06612647e-09 9.55058020e-01 5.16725509e-02
3.08552580e-01 6.54566920e-01 2.00015497e-09 8.95620180e-01 4.97700705e-02
3.21984360e-01 6.92698340e-01 2.20143107e-09 1.03398684e+00 4.87941867e-02
3.17885460e-01 6.82188620e-01 2.21823909e-09 9.04690240e-01 4.56201003e-02
3.12651480e-01 6.65076640e-01 1.98334695e-09 1.02491678e+00 5.29441570e-02
2.84652840e-01 6.22498800e-01 2.00771858e-09 9.49847560e-01 4.78281604e-02
3.45884100e-01 7.24766460e-01 2.19386746e-09 9.79759460e-01 5.07360968e-02
3.41911320e-01 6.29640020e-01 1.90308863e-09 1.05772338e+00 4.82520291e-02
2.88625620e-01 7.17625240e-01 2.29849741e-09 8.71883640e-01 5.03122281e-02
3.43361700e-01 6.83536020e-01 1.99385196e-09 9.19356720e-01 5.31215904e-02
2.87175240e-01 6.63729240e-01 2.20773408e-09 1.01025030e+00 4.54426668e-02
3.06030180e-01 6.74912660e-01 2.09049810e-09 9.90759320e-01 5.38313240e-02
3.24506760e-01 6.72352600e-01 2.11108794e-09 9.38847700e-01 4.47329332e-02
3.07291380e-01 7.22341140e-01 1.94594909e-09 8.85778200e-01 4.78971623e-02
3.23245560e-01 6.24924120e-01 2.25563695e-09 1.04382882e+00 5.06670949e-02
2.87364420e-01 6.07542660e-01 1.89384421e-09 8.79409860e-01 5.17316954e-02
3.43172520e-01 7.39722600e-01 2.30774183e-09 1.05019716e+00 4.68325619e-02
3.15615300e-01 6.71409420e-01 2.12285355e-09 9.44251140e-01 4.44963553e-02
3.14921640e-01 6.75855840e-01 2.07873249e-09 9.85355880e-01 5.40679019e-02
3.39325860e-01 6.17648160e-01 2.03209022e-09 8.69567880e-01 4.90209072e-02
2.91211080e-01 7.29617100e-01 2.16949582e-09 1.06003914e+00 4.95433500e-02
2.93229000e-01 6.06599480e-01 1.89636542e-09 9.91917200e-01 4.70297101e-02
3.37307940e-01 7.40665780e-01 2.30522062e-09 9.37689820e-01 5.15345471e-02
3.37875480e-01 6.16839720e-01 2.15016659e-09 1.01584672e+00 5.40284722e-02
2.92661460e-01 7.30425540e-01 2.05141945e-09 9.13760300e-01 4.45357850e-02
3.35857560e-01 6.71005200e-01 2.16445341e-09 1.00465388e+00 5.32595941e-02
2.94679380e-01 6.76260060e-01 2.03713263e-09 9.24953140e-01 4.53046631e-02
2.94616320e-01 6.42305580e-01 2.16907562e-09 9.63742120e-01 5.19189862e-02
3.35920620e-01 7.04959680e-01 2.03251042e-09 9.65864900e-01 4.66452710e-02
3.12020880e-01 6.08351100e-01 2.03587202e-09 9.40198560e-01 5.41467612e-02
3.18516060e-01 7.38914160e-01 2.16571402e-09 9.89408460e-01 4.44174961e-02
3.25641840e-01 6.45404600e-01 1.89300381e-09 1.02182910e+00 4.87251849e-02
3.04895100e-01 7.01860660e-01 2.30858223e-09 9.07777920e-01 4.98390724e-02
2.86923000e-01 7.34198260e-01 2.15773020e-09 9.96934680e-01 5.20767048e-02
3.43613940e-01 6.13067000e-01 2.04385584e-09 9.32672340e-01 4.64875525e-02
3.04453680e-01 7.31099240e-01 2.27160457e-09 8.87322040e-01 5.28258680e-02
3.26083260e-01 6.16166020e-01 1.92998147e-09 1.04228498e+00 4.57383892e-02
3.45568800e-01 6.76394800e-01 2.29975802e-09 9.50040540e-01 5.03516578e-02
2.84968140e-01 6.70870460e-01 1.90182802e-09 9.79566480e-01 4.82125995e-02
3.10192140e-01 6.39476040e-01 2.00981958e-09 9.07391960e-01 4.44076386e-02
3.20344800e-01 7.07789220e-01 2.19176646e-09 1.02221506e+00 5.41566186e-02
3.12083940e-01 6.81784400e-01 1.99595296e-09 1.01874142e+00 4.87448997e-02
3.18453000e-01 6.65480860e-01 2.20563308e-09 9.10865600e-01 4.98193575e-02
3.46388580e-01 6.90542500e-01 2.12033235e-09 1.04942524e+00 4.84294625e-02
2.84148360e-01 6.56722760e-01 2.08125369e-09 8.80181780e-01 5.01347947e-02
3.44181480e-01 6.30987420e-01 1.94762989e-09 9.33058300e-01 4.85871811e-02
2.86355460e-01 7.16277840e-01 2.25395615e-09 9.96548720e-01 4.99770761e-02
2.92409220e-01 6.80167520e-01 2.27370558e-09 1.05637252e+00 5.10613914e-02
3.38127720e-01 6.67097740e-01 1.92788046e-09 8.73234500e-01 4.75028658e-02
3.06976080e-01 7.11292460e-01 1.90603003e-09 9.60461460e-01 4.57581040e-02
3.23560860e-01 6.35972800e-01 2.29555601e-09 9.69145560e-01 5.28061532e-02
3.22741080e-01 6.08485840e-01 1.96695912e-09 8.88479920e-01 5.38116092e-02
3.07795860e-01 7.38779420e-01 2.23462692e-09 1.04112710e+00 4.47526480e-02
3.06534660e-01 7.35680400e-01 2.14218278e-09 8.90795680e-01 5.27962958e-02
3.24002280e-01 6.11584860e-01 2.05940326e-09 1.03881134e+00 4.57679614e-02
3.19903380e-01 6.54027960e-01 2.18210184e-09 9.99250440e-01 4.44667831e-02
3.10633560e-01 6.93237300e-01 2.01948420e-09 9.30356580e-01 5.40974741e-02
3.04201440e-01 6.63459760e-01 2.27706718e-09 1.00118024e+00 4.63101191e-02
3.26335500e-01 6.83805500e-01 1.92451886e-09 9.28426780e-01 5.22541382e-02
3.16435080e-01 6.76664280e-01 2.12159295e-09 9.25146120e-01 5.16429787e-02
3.14101860e-01 6.70600980e-01 2.07999309e-09 1.00446090e+00 4.69212786e-02
3.33145980e-01 6.38532860e-01 2.12915656e-09 1.00291706e+00 4.80351661e-02
2.97390960e-01 7.08732400e-01 2.07242948e-09 9.26689960e-01 5.05290912e-02
3.25200420e-01 6.68849360e-01 2.09470011e-09 1.01951334e+00 5.40087574e-02
3.05336520e-01 6.78415900e-01 2.10688593e-09 9.10093680e-01 4.45554998e-02
2.87868900e-01 6.12258560e-01 2.05688205e-09 1.06023212e+00 5.39989000e-02
3.42668040e-01 7.35006700e-01 2.14470399e-09 8.69374900e-01 4.45653572e-02
3.30245220e-01 6.20073480e-01 2.08587590e-09 9.31128500e-01 4.82914588e-02
3.00291720e-01 7.27191780e-01 2.11571014e-09 9.98478520e-01 5.02727985e-02
3.00354780e-01 6.50524720e-01 2.25899855e-09 9.27268900e-01 4.77295863e-02
3.30182160e-01 6.96740540e-01 1.94258749e-09 1.00233812e+00 5.08346709e-02
3.37812420e-01 7.22071660e-01 2.30606102e-09 9.84969920e-01 5.15641194e-02
2.92724520e-01 6.25193600e-01 1.89552502e-09 9.44637100e-01 4.70001379e-02
3.32956800e-01 6.12393300e-01 2.02452661e-09 1.06061808e+00 5.11501081e-02
2.97580140e-01 7.34871960e-01 2.17705943e-09 8.68988940e-01 4.74141491e-02
3.34281060e-01 6.87308740e-01 2.17327763e-09 9.73970060e-01 4.57975337e-02
2.96255880e-01 6.59956520e-01 2.02830841e-09 9.55636960e-01 5.27667236e-02
2.95877520e-01 6.96201580e-01 2.11276874e-09 8.69953840e-01 4.61228282e-02
3.34659420e-01 6.51063680e-01 2.08881730e-09 1.05965318e+00 5.24414290e-02
3.09309300e-01 6.91485680e-01 2.21571789e-09 9.77250720e-01 4.50483704e-02
3.21227640e-01 6.55779580e-01 1.98586815e-09 9.52356300e-01 5.35158868e-02
3.27533640e-01 6.88251920e-01 1.98040554e-09 8.79023900e-01 5.11008210e-02
3.03003300e-01 6.59013340e-01 2.22118050e-09 1.05058312e+00 4.74634362e-02
3.44812080e-01 6.91216200e-01 2.17579883e-09 9.04111300e-01 4.76605844e-02
2.85724860e-01 6.56049060e-01 2.02578721e-09 1.02549572e+00 5.09036728e-02
2.87805840e-01 6.57665940e-01 1.90224823e-09 1.05482868e+00 4.64086932e-02
3.42731100e-01 6.89599320e-01 2.29933781e-09 8.74778340e-01 5.21555641e-02
3.11705580e-01 6.72487340e-01 1.90266843e-09 9.99829380e-01 5.07755264e-02
3.18831360e-01 6.74777920e-01 2.29891761e-09 9.29777640e-01 4.77887308e-02
3.31001940e-01 6.86904520e-01 1.93586428e-09 1.02298698e+00 4.50089407e-02
2.99535000e-01 6.60360740e-01 2.26572176e-09 9.06620040e-01 5.35553165e-02
3.06597720e-01 6.48773100e-01 2.18420284e-09 9.78794560e-01 5.29835866e-02
3.23939220e-01 6.98492160e-01 2.01738320e-09 9.50812460e-01 4.55806706e-02
2.87679720e-01 6.98761640e-01 2.20269167e-09 9.96162760e-01 4.86660404e-02
3.42857220e-01 6.48503620e-01 1.99889437e-09 9.33444260e-01 4.98982168e-02
3.33587400e-01 6.38937080e-01 1.91821585e-09 1.00716262e+00 5.06473801e-02
2.96949540e-01 7.08328180e-01 2.28337019e-09 9.22444400e-01 4.79168771e-02
3.08741760e-01 6.28157880e-01 2.20311187e-09 1.03302194e+00 4.72367157e-02
3.21795180e-01 7.19107380e-01 1.99847417e-09 8.96585080e-01 5.13275415e-02
3.33209040e-01 6.44596160e-01 2.04301543e-09 1.05096908e+00 4.94743481e-02
2.97327900e-01 7.02669100e-01 2.15857061e-09 8.78637940e-01 4.90899091e-02
3.43109460e-01 6.37185460e-01 2.18084124e-09 9.60075500e-01 5.12683970e-02
2.87427480e-01 7.10079800e-01 2.02074480e-09 9.69531520e-01 4.72958602e-02
3.46136340e-01 6.33682220e-01 2.06486587e-09 9.06234080e-01 4.69705656e-02
2.84400600e-01 7.13583040e-01 2.13672017e-09 1.02337294e+00 5.15936916e-02
2.97075660e-01 6.44865640e-01 2.10310412e-09 9.78022640e-01 4.95926371e-02
3.33461280e-01 7.02399620e-01 2.09848192e-09 9.51584380e-01 4.89716202e-02
3.29173200e-01 6.85826600e-01 2.25059454e-09 1.02395188e+00 4.88533312e-02
3.01363740e-01 6.61438660e-01 1.95099150e-09 9.05655140e-01 4.97109260e-02
3.36298980e-01 6.61303920e-01 2.11486974e-09 9.61619340e-01 5.27075791e-02
2.94237960e-01 6.85961340e-01 2.08671630e-09 9.67987680e-01 4.58566781e-02
2.96066700e-01 6.95393140e-01 1.98124594e-09 9.10479640e-01 4.62706894e-02
3.34470240e-01 6.51872120e-01 2.22034010e-09 1.01912738e+00 5.22935678e-02
3.14417160e-01 6.35299100e-01 2.24261073e-09 9.00251700e-01 4.92969147e-02
3.16119780e-01 7.11966160e-01 1.95897531e-09 1.02935532e+00 4.92673425e-02
3.13849620e-01 6.66289300e-01 2.04973864e-09 9.25725060e-01 4.99573613e-02
3.16687320e-01 6.80975960e-01 2.15184740e-09 1.00388196e+00 4.86068959e-02
3.03760020e-01 6.24519900e-01 1.96569852e-09 9.47917760e-01 4.62904042e-02
3.26776920e-01 7.22745360e-01 2.23588752e-09 9.81689260e-01 5.22738530e-02
3.05588760e-01 7.08462920e-01 1.93082187e-09 9.87478660e-01 5.27371513e-02
3.24948180e-01 6.38802340e-01 2.27076417e-09 9.42128360e-01 4.58271059e-02
2.90895780e-01 7.11561940e-01 2.22706331e-09 9.03918320e-01 4.90800517e-02
3.39641160e-01 6.35703320e-01 1.97452273e-09 1.02568870e+00 4.94842055e-02
2.86481580e-01 7.29886580e-01 2.04637704e-09 1.05405676e+00 5.33778831e-02
3.44055360e-01 6.17378680e-01 2.15520900e-09 8.75550260e-01 4.51863741e-02
3.03129420e-01 6.99704820e-01 2.06066386e-09 8.99286800e-01 4.63791209e-02
3.27407520e-01 6.47560440e-01 2.14092218e-09 1.03032022e+00 5.21851363e-02
3.40082580e-01 6.37050720e-01 2.13335857e-09 1.00137322e+00 5.18204121e-02
2.90454360e-01 7.10214540e-01 2.06822747e-09 9.28233800e-01 4.67438452e-02
3.23182500e-01 6.61842880e-01 1.99091056e-09 8.78444960e-01 4.77394437e-02
3.07354440e-01 6.85422380e-01 2.21067548e-09 1.05116206e+00 5.08248135e-02
3.29866860e-01 6.61034440e-01 1.97746414e-09 9.39812600e-01 4.50385130e-02
3.00670080e-01 6.86230820e-01 2.22412190e-09 9.89794420e-01 5.35257442e-02
3.14669400e-01 6.26675740e-01 2.01486199e-09 1.05926722e+00 5.11895377e-02
3.15867540e-01 7.20589520e-01 2.18672405e-09 8.70339800e-01 4.73747195e-02
2.96382000e-01 6.34221180e-01 2.27496618e-09 9.86706740e-01 4.52849483e-02
3.34154940e-01 7.13044080e-01 1.92661986e-09 9.42900280e-01 5.32793090e-02
3.32767620e-01 6.79493820e-01 1.95351270e-09 1.02163612e+00 4.83900329e-02
2.97769320e-01 6.67771440e-01 2.24807334e-09 9.07970900e-01 5.01742243e-02
3.24443700e-01 6.48099400e-01 2.02704781e-09 1.04691650e+00 4.76802992e-02
3.06093240e-01 6.99165860e-01 2.17453823e-09 8.82690520e-01 5.08839580e-02
3.03570840e-01 6.18860820e-01 1.96359752e-09 9.20707580e-01 5.25597179e-02
3.26966100e-01 7.28404440e-01 2.23798852e-09 1.00889944e+00 4.60045393e-02
2.94048780e-01 6.51467900e-01 2.00057517e-09 9.00444680e-01 4.96813538e-02
3.36488160e-01 6.95797360e-01 2.20101087e-09 1.02916234e+00 4.88829034e-02
3.09120120e-01 7.19915820e-01 2.06948807e-09 9.35374060e-01 4.67241303e-02
3.21416820e-01 6.27349440e-01 2.13209797e-09 9.94232960e-01 5.18401269e-02
3.43298640e-01 7.28539180e-01 2.27790758e-09 1.02781148e+00 5.12585396e-02
2.87238300e-01 6.18726080e-01 1.92367846e-09 9.01795540e-01 4.73057176e-02
3.21732120e-01 7.29347620e-01 2.02326600e-09 9.75899860e-01 5.06572375e-02
3.08804820e-01 6.17917640e-01 2.17832004e-09 9.53707160e-01 4.79070197e-02
2.94427140e-01 7.07654480e-01 2.21319669e-09 8.72269600e-01 5.12289674e-02
3.36109800e-01 6.39610780e-01 1.98838935e-09 1.05733742e+00 4.73352898e-02
3.04705920e-01 7.03342800e-01 2.27958839e-09 1.05347782e+00 4.68621341e-02
3.25831020e-01 6.43922460e-01 1.92199765e-09 8.76129200e-01 5.17021231e-02
3.27470580e-01 6.93911000e-01 1.98292674e-09 9.89601440e-01 4.50976574e-02
3.03066360e-01 6.53354260e-01 2.21865930e-09 9.40005580e-01 5.34665998e-02
3.03318600e-01 6.48234140e-01 2.18462304e-09 1.01372394e+00 4.79563068e-02
3.27218340e-01 6.99031120e-01 2.01696300e-09 9.15883080e-01 5.06079505e-02
2.98715220e-01 6.15761800e-01 2.14932619e-09 9.84776940e-01 5.01643669e-02
3.31821720e-01 7.31503460e-01 2.05225985e-09 9.44830080e-01 4.83998903e-02
2.89571520e-01 6.37724420e-01 2.27412578e-09 1.00311004e+00 4.90701943e-02
3.40965420e-01 7.09540840e-01 1.92746026e-09 9.26496980e-01 4.94940630e-02
3.01489860e-01 6.24250420e-01 1.91065224e-09 8.77480060e-01 5.37327499e-02
3.29047080e-01 7.23014840e-01 2.29093380e-09 1.05212696e+00 4.48315073e-02
2.89445400e-01 6.13471220e-01 1.94720969e-09 1.05907424e+00 5.32990238e-02
3.41091540e-01 7.33794040e-01 2.25437635e-09 8.70532780e-01 4.52652334e-02
3.32515380e-01 7.12235640e-01 1.95813491e-09 9.17233940e-01 4.63594061e-02
2.98021560e-01 6.35029620e-01 2.24345113e-09 1.01237308e+00 5.22048511e-02
3.25767960e-01 6.62381840e-01 2.17411803e-09 8.79988800e-01 4.77000141e-02
3.04768980e-01 6.84883420e-01 2.02746801e-09 1.04961822e+00 5.08642432e-02
3.07480560e-01 6.23576720e-01 2.30353982e-09 9.14918180e-01 4.92574851e-02
3.23056380e-01 7.23688540e-01 1.89804622e-09 1.01468884e+00 4.93067721e-02
3.18894420e-01 6.89329840e-01 2.22790371e-09 9.13374340e-01 4.95334926e-02
3.11642520e-01 6.57935420e-01 1.97368233e-09 1.01623268e+00 4.90307646e-02
3.39956460e-01 7.07115520e-01 2.02032460e-09 1.02530274e+00 4.47723629e-02
2.90580480e-01 6.40149740e-01 2.18126144e-09 9.04304280e-01 5.37918944e-02
2.88499500e-01 6.70196760e-01 2.28421059e-09 1.01314500e+00 5.24611438e-02
3.42037440e-01 6.77068500e-01 1.91737545e-09 9.16462020e-01 4.61031134e-02
3.06660780e-01 6.97414240e-01 2.12201315e-09 1.04286392e+00 5.24019993e-02
3.23876160e-01 6.49851020e-01 2.07957289e-09 8.86743100e-01 4.61622579e-02
3.44622900e-01 6.41766620e-01 2.18924525e-09 1.00832050e+00 4.57285318e-02
2.85914040e-01 7.05498640e-01 2.01234079e-09 9.21286520e-01 5.28357254e-02
3.33335160e-01 6.25867300e-01 2.11402934e-09 9.20321620e-01 5.02235114e-02
2.97201780e-01 7.21397960e-01 2.08755670e-09 1.00928540e+00 4.83407458e-02
3.20597040e-01 6.42170840e-01 2.03335082e-09 9.34795120e-01 5.28850125e-02
3.09939900e-01 7.05094420e-01 2.16823522e-09 9.94811900e-01 4.56792447e-02
3.18389940e-01 6.10237460e-01 1.94006628e-09 9.64321060e-01 4.97207834e-02
3.12147000e-01 7.37027800e-01 2.26151976e-09 9.65285960e-01 4.88434738e-02
3.32893740e-01 7.04690200e-01 2.25731775e-09 1.02105718e+00 4.62115449e-02
2.97643200e-01 6.42575060e-01 1.94426829e-09 9.08549840e-01 5.23527123e-02
2.93165940e-01 6.50794200e-01 2.20815428e-09 8.72076620e-01 5.12881118e-02
3.37371000e-01 6.96471060e-01 1.99343176e-09 1.05753040e+00 4.72761454e-02
2.98273800e-01 6.42844540e-01 1.99259136e-09 1.01854844e+00 4.91293387e-02
3.32263140e-01 7.04420720e-01 2.20899468e-09 9.11058580e-01 4.94349185e-02
3.18579120e-01 6.94719440e-01 2.27622678e-09 9.43672200e-01 5.36538906e-02
3.11957820e-01 6.52545820e-01 1.92535926e-09 9.85934820e-01 4.49103666e-02
2.95057740e-01 6.97953200e-01 1.97788434e-09 9.09514740e-01 4.43682090e-02
3.35479200e-01 6.49312060e-01 2.22370170e-09 1.02009228e+00 5.41960482e-02
3.00543960e-01 6.53758480e-01 2.23756832e-09 8.97164020e-01 4.88336164e-02
3.29992980e-01 6.93506780e-01 1.96401772e-09 1.03244300e+00 4.97306408e-02
3.08237280e-01 7.01456440e-01 2.12117275e-09 9.76671780e-01 4.81633124e-02
3.22299660e-01 6.45808820e-01 2.08041329e-09 9.52935240e-01 5.04009448e-02
3.12273120e-01 6.46482520e-01 2.03965383e-09 9.80531380e-01 5.15838342e-02
3.18263820e-01 7.00782740e-01 2.16193221e-09 9.49075640e-01 4.69804230e-02
3.15489180e-01 6.35433840e-01 1.91863605e-09 1.00214514e+00 5.30328737e-02
3.15047760e-01 7.11831420e-01 2.28294999e-09 9.27461880e-01 4.55313836e-02
3.20029500e-01 7.18703160e-01 2.12075255e-09 1.00368898e+00 5.41171889e-02
3.10507440e-01 6.28562100e-01 2.08083349e-09 9.25918040e-01 4.44470683e-02
2.97832380e-01 6.59148080e-01 1.89972702e-09 1.03784644e+00 5.33581683e-02
3.32704560e-01 6.88117180e-01 2.30185902e-09 8.91760580e-01 4.52060890e-02
3.35163900e-01 6.27888400e-01 2.18630385e-09 8.76901120e-01 5.36341758e-02
2.95373040e-01 7.19376860e-01 2.01528219e-09 1.05270590e+00 4.49300815e-02
3.23119440e-01 6.87443480e-01 2.30438022e-09 9.53900140e-01 5.24907160e-02
3.07417500e-01 6.59821780e-01 1.89720582e-09 9.75706880e-01 4.60735412e-02
3.22993320e-01 6.43114020e-01 2.16865542e-09 1.01353096e+00 5.38017518e-02
3.07543620e-01 7.04151240e-01 2.03293062e-09 9.16076060e-01 4.47625055e-02
3.19146660e-01 7.14122000e-01 2.14344338e-09 8.92532500e-01 4.81731698e-02
3.11390280e-01 6.33143260e-01 2.05814266e-09 1.03707452e+00 5.03910874e-02
3.21101520e-01 6.34894880e-01 2.04259523e-09 1.05810934e+00 5.01446521e-02
3.09435420e-01 7.12370380e-01 2.15899081e-09 8.71497680e-01 4.84196051e-02
3.07039140e-01 6.28831580e-01 1.89426441e-09 9.73198140e-01 5.28554403e-02
3.23497800e-01 7.18433680e-01 2.30732163e-09 9.56408880e-01 4.57088170e-02
3.22362720e-01 6.13740700e-01 2.20017047e-09 9.24567180e-01 5.16528361e-02
3.08174220e-01 7.33524560e-01 2.00141557e-09 1.00503984e+00 4.69114212e-02
3.30686640e-01 6.32739040e-01 2.18756445e-09 1.02877638e+00 5.36144610e-02
2.99850300e-01 7.14526220e-01 2.01402159e-09 9.00830640e-01 4.49497963e-02
2.87616660e-01 6.37859160e-01 1.95435310e-09 9.84390980e-01 5.36440332e-02
3.42920280e-01 7.09406100e-01 2.24723294e-09 9.45216040e-01 4.49202240e-02
3.22930260e-01 7.08597660e-01 2.02242560e-09 1.00947838e+00 4.67931322e-02
3.07606680e-01 6.38667600e-01 2.17916044e-09 9.20128640e-01 5.17711250e-02
3.02561880e-01 7.20724260e-01 2.09722131e-09 9.44444120e-01 4.53145205e-02
3.27975060e-01 6.26541000e-01 2.10436473e-09 9.85162900e-01 5.32497367e-02
3.06849960e-01 6.34490660e-01 2.10226372e-09 1.02703956e+00 4.62312598e-02
3.23686980e-01 7.12774600e-01 2.09932232e-09 9.02567460e-01 5.23329975e-02
3.02183520e-01 6.94988920e-01 1.99721357e-09 9.45794980e-01 5.06375227e-02
3.28353420e-01 6.52276340e-01 2.20437247e-09 9.83812040e-01 4.79267345e-02
2.89067040e-01 6.29101060e-01 1.90098762e-09 9.12216460e-01 5.34567424e-02
3.41469900e-01 7.18164200e-01 2.30059842e-09 1.01739056e+00 4.51075149e-02
3.10948860e-01 6.58339640e-01 1.94048648e-09 8.94462300e-01 4.59059652e-02
3.19588080e-01 6.88925620e-01 2.26109956e-09 1.03514472e+00 5.26582920e-02
3.26020200e-01 6.33951700e-01 2.19512806e-09 9.99636400e-01 5.06868097e-02
3.04516740e-01 7.13313560e-01 2.00645798e-09 9.29970620e-01 4.78774475e-02
3.09183180e-01 6.29370540e-01 2.18294224e-09 1.01970632e+00 5.17415528e-02
3.21353760e-01 7.17894720e-01 2.01864380e-09 9.09900700e-01 4.68227045e-02
2.98399920e-01 7.19242120e-01 2.25269555e-09 9.57180800e-01 5.05783782e-02
3.32137020e-01 6.28023140e-01 1.94889049e-09 9.72426220e-01 4.79858790e-02
3.11201100e-01 6.40553960e-01 2.29765701e-09 9.00637660e-01 5.10909636e-02
3.19335840e-01 7.06711300e-01 1.90392903e-09 1.02896936e+00 4.74732936e-02
2.96129760e-01 6.41362400e-01 2.18504325e-09 8.90602700e-01 5.00559354e-02
3.34407180e-01 7.05902860e-01 2.01654279e-09 1.03900432e+00 4.85083218e-02
3.16813440e-01 7.07923960e-01 1.94342789e-09 1.00870646e+00 4.60833986e-02
3.13723500e-01 6.39341300e-01 2.25815815e-09 9.20900560e-01 5.24808586e-02
3.00102540e-01 6.65346120e-01 2.11865155e-09 9.68952580e-01 4.91983406e-02
3.30434400e-01 6.81919140e-01 2.08293449e-09 9.60654440e-01 4.93659166e-02
3.33902700e-01 7.00243780e-01 1.96948032e-09 9.71268340e-01 4.99672187e-02
2.96634240e-01 6.47021480e-01 2.23210571e-09 9.58338680e-01 4.85970385e-02
3.33713520e-01 6.43787720e-01 2.24681274e-09 9.93268060e-01 5.09628173e-02
2.96823420e-01 7.03477540e-01 1.95477330e-09 9.36338960e-01 4.76014400e-02
3.19272780e-01 6.27753660e-01 2.07537088e-09 8.87900980e-01 4.56891021e-02
3.11264160e-01 7.19511600e-01 2.12621516e-09 1.04170604e+00 5.28751551e-02
3.37560180e-01 6.36511760e-01 2.26320056e-09 9.87285680e-01 5.30821607e-02
2.92976760e-01 7.10753500e-01 1.93838548e-09 9.42321340e-01 4.54820965e-02
2.88058080e-01 7.11022980e-01 2.21361689e-09 8.90216740e-01 5.26681494e-02
3.42478860e-01 6.36242280e-01 1.98796915e-09 1.03939028e+00 4.58961078e-02
3.30371340e-01 6.29909500e-01 2.23840872e-09 9.19935660e-01 4.53440927e-02
3.00165600e-01 7.17355760e-01 1.96317732e-09 1.00967136e+00 5.32201645e-02
2.97138720e-01 6.51737380e-01 2.09091831e-09 1.05560060e+00 5.22442808e-02
3.33398220e-01 6.95527880e-01 2.11066773e-09 8.74006420e-01 4.63199765e-02
3.31128060e-01 6.76933760e-01 2.07789209e-09 8.84620320e-01 4.84590348e-02
2.99408880e-01 6.70331500e-01 2.12369395e-09 1.04498670e+00 5.01052225e-02
3.01931280e-01 6.26136780e-01 1.98502775e-09 9.35953000e-01 4.81435976e-02
3.28605660e-01 7.21128480e-01 2.21655829e-09 9.93654020e-01 5.04206596e-02
2.98904400e-01 6.11180640e-01 2.26236016e-09 1.03765346e+00 5.25202883e-02
3.31632540e-01 7.36084620e-01 1.93922588e-09 8.91953560e-01 4.60439689e-02
3.40524000e-01 6.16300760e-01 2.05520125e-09 1.00793454e+00 5.13669711e-02
2.90012940e-01 7.30964500e-01 2.14638479e-09 9.21672480e-01 4.71972861e-02
2.86607700e-01 7.24631720e-01 2.02410641e-09 8.81146680e-01 5.28455829e-02
3.43929240e-01 6.22633540e-01 2.17747963e-09 1.04846034e+00 4.57186744e-02
3.36992640e-01 6.08890060e-01 2.17201703e-09 8.77287080e-01 4.75620103e-02
2.93544300e-01 7.38375200e-01 2.02956901e-09 1.05231994e+00 5.10022469e-02
3.19966440e-01 6.63594500e-01 2.28715200e-09 1.05946020e+00 4.72170009e-02
3.10570500e-01 6.83670760e-01 1.91443404e-09 8.70146820e-01 5.13472563e-02
3.36677340e-01 6.48907840e-01 2.06444567e-09 1.01546076e+00 4.51962316e-02
2.93859600e-01 6.98357420e-01 2.13714037e-09 9.14146260e-01 5.33680257e-02
3.09057060e-01 7.31368720e-01 2.16991602e-09 9.88057600e-01 5.07163820e-02
3.21479880e-01 6.15896540e-01 2.03167002e-09 9.41549420e-01 4.78478752e-02
2.96318940e-01 7.08867140e-01 1.96779952e-09 1.00253110e+00 4.91687684e-02
3.34218000e-01 6.38398120e-01 2.23378652e-09 9.27075920e-01 4.93954888e-02
3.20218680e-01 6.58474380e-01 2.24135013e-09 9.13567320e-01 4.74930084e-02
3.10318260e-01 6.88790880e-01 1.96023591e-09 1.01603970e+00 5.10712488e-02
3.24632880e-01 6.39745520e-01 2.09554051e-09 9.81110320e-01 4.56398151e-02
3.05904060e-01 7.07519740e-01 2.10604553e-09 9.48496700e-01 5.29244421e-02
2.92535340e-01 6.36646500e-01 2.29471561e-09 9.43286240e-01 5.29540144e-02
3.38001600e-01 7.10618760e-01 1.90687043e-09 9.86320780e-01 4.56102428e-02
3.18326880e-01 6.18995560e-01 1.91947645e-09 8.97742960e-01 5.40876167e-02
3.12210060e-01 7.28269700e-01 2.28210959e-09 1.03186406e+00 4.44766405e-02
3.01994340e-01 7.21263220e-01 2.28252979e-09 9.17040960e-01 4.79957364e-02
3.28542600e-01 6.26002040e-01 1.91905625e-09 1.01256606e+00 5.05685208e-02
2.99156640e-01 6.52950040e-01 2.13419897e-09 9.55251000e-01 5.16331212e-02
3.31380300e-01 6.94315220e-01 2.06738707e-09 9.74356020e-01 4.69311360e-02
3.20281740e-01 6.52680560e-01 2.05436085e-09 8.79602840e-01 5.25104309e-02
3.10255200e-01 6.94584700e-01 2.14722519e-09 1.05000418e+00 4.60538264e-02
3.09876840e-01 6.23711460e-01 2.24008953e-09 8.96778060e-01 4.97799279e-02
3.20660100e-01 7.23553800e-01 1.96149651e-09 1.03282896e+00 4.87843293e-02
3.41659080e-01 6.18456600e-01 2.07284968e-09 8.70918740e-01 5.30920181e-02
2.88877860e-01 7.28808660e-01 2.12873636e-09 1.05868828e+00 4.54722391e-02
2.96571180e-01 6.17243940e-01 2.28757220e-09 9.62584240e-01 5.35848887e-02
3.33965760e-01 7.30021320e-01 1.91401384e-09 9.67022780e-01 4.49793685e-02
3.37181820e-01 6.54432180e-01 1.97116113e-09 8.90409720e-01 5.29934440e-02
2.93355120e-01 6.92833080e-01 2.23042491e-09 1.03919730e+00 4.55708132e-02
3.27659760e-01 6.84479200e-01 2.19596846e-09 9.05848120e-01 4.96123519e-02
3.02877180e-01 6.62786060e-01 2.00561758e-09 1.02375890e+00 4.89519053e-02
3.45379620e-01 6.84344460e-01 1.98166614e-09 9.25339100e-01 5.14556878e-02
2.85157320e-01 6.62920800e-01 2.21991990e-09 1.00426792e+00 4.71085694e-02
2.83959180e-01 6.47290960e-01 2.10100312e-09 1.00156620e+00 4.43583516e-02
3.46577760e-01 6.99974300e-01 2.10058292e-09 9.28040820e-01 5.42059056e-02
3.15930600e-01 6.66828260e-01 2.13503937e-09 9.28619760e-01 4.58468207e-02
3.14606340e-01 6.80437000e-01 2.06654667e-09 1.00098726e+00 5.27174365e-02
3.32641500e-01 6.81649660e-01 2.16781502e-09 8.73620460e-01 5.28652977e-02
2.97895440e-01 6.65615600e-01 2.03377102e-09 1.05598656e+00 4.56989595e-02
3.24822060e-01 7.02803840e-01 1.95603390e-09 8.79216880e-01 4.64776951e-02
3.05714880e-01 6.44461420e-01 2.24555213e-09 1.05039014e+00 5.20865622e-02
3.43992300e-01 7.33389820e-01 2.01822360e-09 1.00272408e+00 4.64185506e-02
2.86544640e-01 6.13875440e-01 2.18336244e-09 9.26882940e-01 5.21457066e-02
3.19840320e-01 6.88386660e-01 2.04427604e-09 8.80760720e-01 4.94152037e-02
3.10696620e-01 6.58878600e-01 2.15731000e-09 1.04884630e+00 4.91490536e-02
3.39830340e-01 6.79763300e-01 2.01906400e-09 8.87515020e-01 5.31413052e-02
2.90706600e-01 6.67501960e-01 2.18252204e-09 1.04209200e+00 4.54229520e-02
2.87995020e-01 7.27326520e-01 1.94973090e-09 9.03339380e-01 5.00657928e-02
3.42541920e-01 6.19938740e-01 2.25185514e-09 1.02626764e+00 4.84984644e-02
3.00039480e-01 6.45943560e-01 2.13083736e-09 9.18970760e-01 4.44372109e-02
3.30497460e-01 7.01321700e-01 2.07074868e-09 1.01063626e+00 5.41270463e-02
2.99093580e-01 6.99839560e-01 2.19975027e-09 1.03167108e+00 5.25400031e-02
3.31443360e-01 6.47425700e-01 2.00183577e-09 8.97935940e-01 4.60242541e-02
2.94364080e-01 6.14144920e-01 2.04721744e-09 1.01121520e+00 4.65565543e-02
3.36172860e-01 7.33120340e-01 2.15436860e-09 9.18391820e-01 5.20077029e-02
2.85787920e-01 6.09429020e-01 2.05099925e-09 8.84427340e-01 4.74240066e-02
3.44749020e-01 7.37836240e-01 2.15058679e-09 1.04517968e+00 5.11402507e-02
3.35542260e-01 6.78011680e-01 1.93460367e-09 8.73041520e-01 5.04403745e-02
2.94994680e-01 6.69253580e-01 2.26698237e-09 1.05656550e+00 4.81238828e-02
2.90202120e-01 6.86365560e-01 2.07495068e-09 9.23988240e-01 5.04305170e-02
3.40334820e-01 6.60899700e-01 2.12663536e-09 1.00561878e+00 4.81337402e-02
3.27155280e-01 7.06307080e-01 1.94510869e-09 1.05367080e+00 5.31807348e-02
3.03381660e-01 6.40958180e-01 2.25647735e-09 8.75936220e-01 4.53835224e-02
2.89949880e-01 6.60764960e-01 1.98544795e-09 1.03533770e+00 5.34468850e-02
3.40587060e-01 6.86500300e-01 2.21613809e-09 8.94269320e-01 4.51173723e-02
3.41722140e-01 6.93102560e-01 2.09764152e-09 8.78059000e-01 5.11205359e-02
2.88814800e-01 6.54162700e-01 2.10394452e-09 1.05154802e+00 4.74437214e-02
3.12840660e-01 6.84613940e-01 2.22622291e-09 1.01758354e+00 4.85576089e-02
3.17696280e-01 6.62651320e-01 1.97536313e-09 9.12023480e-01 5.00066484e-02
3.43866180e-01 6.51602640e-01 2.03881343e-09 9.18198840e-01 4.90011924e-02
2.86670760e-01 6.95662620e-01 2.16277261e-09 1.01140818e+00 4.95630648e-02
3.08678700e-01 6.91620420e-01 2.24387133e-09 8.95427200e-01 4.59749671e-02
3.21858240e-01 6.55644840e-01 1.95771471e-09 1.03417982e+00 5.25892902e-02
3.11138040e-01 6.40015000e-01 2.05352045e-09 1.01449586e+00 4.84491773e-02
3.19398900e-01 7.07250260e-01 2.14806559e-09 9.15111160e-01 5.01150799e-02
3.10444380e-01 7.06576560e-01 2.24849354e-09 9.71075360e-01 5.12191100e-02
3.20092560e-01 6.40688700e-01 1.95309250e-09 9.58531660e-01 4.73451473e-02
3.09246240e-01 6.92563600e-01 1.94384809e-09 9.04883220e-01 5.26780069e-02
3.21290700e-01 6.54701660e-01 2.25773795e-09 1.02472380e+00 4.58862504e-02
3.42415800e-01 6.89060360e-01 2.11318894e-09 9.57759740e-01 5.13768285e-02
2.88121140e-01 6.58204900e-01 2.08839710e-09 9.71847280e-01 4.71874287e-02
3.28857900e-01 6.40419220e-01 1.95057130e-09 9.98671500e-01 5.02136540e-02
3.01679040e-01 7.06846040e-01 2.25101474e-09 9.30935520e-01 4.83506032e-02
3.10129080e-01 6.99570080e-01 1.95015110e-09 1.02993426e+00 5.37228925e-02
3.20407860e-01 6.47695180e-01 2.25143494e-09 8.99672760e-01 4.48413647e-02
3.45001260e-01 7.33255080e-01 1.89594522e-09 8.81339660e-01 5.13571137e-02
2.85535680e-01 6.14010180e-01 2.30564082e-09 1.04826736e+00 4.72071435e-02
3.36235920e-01 6.45539340e-01 2.08965770e-09 8.98321900e-01 5.24512864e-02
2.94301020e-01 7.01725920e-01 2.11192834e-09 1.03128512e+00 4.61129708e-02
3.35037780e-01 6.14683880e-01 2.15352820e-09 9.02374480e-01 4.89617627e-02
2.95499160e-01 7.32581380e-01 2.04805784e-09 1.02723254e+00 4.96024945e-02
2.98589100e-01 7.10484020e-01 1.97494293e-09 1.00060130e+00 5.05192338e-02
3.31947840e-01 6.36781240e-01 2.22664311e-09 9.29005720e-01 4.80450235e-02
3.17380980e-01 6.41631880e-01 1.92493906e-09 9.83619060e-01 4.81534550e-02
3.13155960e-01 7.05633380e-01 2.27664698e-09 9.45987960e-01 5.04108022e-02
3.11516400e-01 6.45269860e-01 1.92409866e-09 9.76478800e-01 4.78084456e-02
3.19020540e-01 7.01995400e-01 2.27748738e-09 9.53128220e-01 5.07558116e-02
3.16939560e-01 6.68040920e-01 2.30942263e-09 9.16847980e-01 5.16626935e-02
3.13597380e-01 6.79224340e-01 1.89216341e-09 1.01275904e+00 4.69015637e-02
3.31569480e-01 7.18837900e-01 2.16487362e-09 9.76092840e-01 5.04600893e-02
2.98967460e-01 6.28427360e-01 2.03671242e-09 9.53514180e-01 4.81041679e-02
3.25578780e-01 7.26787560e-01 2.09427991e-09 9.30742540e-01 4.86266107e-02
3.04958160e-01 6.20477700e-01 2.10730613e-09 9.98864480e-01 4.99376465e-02
2.91400260e-01 6.86769780e-01 2.15394840e-09 9.02181500e-01 5.16134064e-02
3.39136680e-01 6.60495480e-01 2.04763764e-09 1.02742552e+00 4.69508508e-02
3.08867880e-01 6.44326680e-01 2.15310800e-09 9.67408740e-01 4.66156988e-02
3.21669060e-01 7.02938580e-01 2.04847804e-09 9.62198280e-01 5.19485584e-02
3.39578100e-01 7.21532700e-01 2.01276099e-09 9.63356160e-01 4.70494249e-02
2.90958840e-01 6.25732560e-01 2.18882505e-09 9.66250860e-01 5.15148323e-02
3.35290020e-01 7.08058700e-01 1.96990053e-09 9.74741980e-01 5.09233876e-02
2.95246920e-01 6.39206560e-01 2.23168551e-09 9.54865040e-01 4.76408696e-02
2.93985720e-01 6.32200080e-01 2.28925300e-09 1.01295202e+00 5.26484346e-02
3.36551220e-01 7.15065180e-01 1.91233304e-09 9.16655000e-01 4.59158226e-02
3.32389260e-01 6.69927280e-01 2.23420672e-09 8.68602980e-01 5.21161344e-02
2.98147680e-01 6.77337980e-01 1.96737932e-09 1.06100404e+00 4.64481228e-02
3.38821380e-01 7.05768120e-01 2.12705556e-09 9.56022920e-01 4.81928846e-02
2.91715560e-01 6.41497140e-01 2.07453048e-09 9.73584100e-01 5.03713726e-02
3.40902360e-01 7.27057040e-01 2.30900243e-09 1.05984616e+00 5.17908398e-02
2.89634580e-01 6.20208220e-01 1.89258361e-09 8.69760860e-01 4.67734174e-02
3.16308960e-01 6.65211380e-01 1.93754508e-09 9.47724780e-01 4.77098715e-02
3.14227980e-01 6.82053880e-01 2.26404096e-09 9.81882240e-01 5.08543857e-02
2.98526040e-01 6.12528040e-01 2.19344726e-09 9.38075780e-01 4.68029896e-02
3.32010900e-01 7.34737220e-01 2.00813878e-09 9.91531240e-01 5.17612676e-02
3.27092220e-01 6.23980940e-01 1.95393290e-09 9.72233240e-01 5.26878643e-02
3.03444720e-01 7.23284320e-01 2.24765314e-09 9.57373780e-01 4.58763930e-02
2.89256220e-01 6.86096080e-01 1.91695525e-09 9.45023060e-01 4.59552522e-02
3.41280720e-01 6.61169180e-01 2.28463079e-09 9.84583960e-01 5.26090050e-02
3.22173540e-01 6.82592840e-01 2.17033622e-09 1.00523282e+00 4.93462018e-02
3.08363400e-01 6.64672420e-01 2.03124982e-09 9.24374200e-01 4.92180554e-02
3.00480900e-01 6.95258400e-01 2.08377489e-09 8.73813440e-01 4.57482466e-02
3.30056040e-01 6.52006860e-01 2.11781115e-09 1.05579358e+00 5.28160106e-02
3.02624940e-01 6.68714620e-01 2.24513193e-09 9.03146400e-01 4.73155750e-02
3.27912000e-01 6.78550640e-01 1.95645411e-09 1.02646062e+00 5.12486822e-02
2.84022240e-01 7.01186960e-01 2.04553664e-09 9.47531800e-01 5.18696991e-02
3.46514700e-01 6.46078300e-01 2.15604940e-09 9.82075220e-01 4.66945581e-02
3.39515040e-01 6.20881920e-01 2.18546345e-09 9.72619200e-01 4.78577327e-02
2.91021900e-01 7.26383340e-01 2.01612259e-09 9.56987820e-01 5.07065246e-02
3.35668380e-01 6.55914320e-01 1.91359364e-09 1.04768842e+00 5.12092526e-02
2.94868560e-01 6.91350940e-01 2.28799240e-09 8.81918600e-01 4.73550047e-02
3.12714540e-01 6.70735720e-01 2.17621903e-09 1.02588168e+00 4.83703181e-02
3.17822400e-01 6.76529540e-01 2.02536701e-09 9.03725340e-01 5.01939392e-02
3.05841000e-01 6.80571740e-01 1.98418735e-09 9.70882380e-01 4.81140254e-02
3.24695940e-01 6.66693520e-01 2.21739869e-09 9.58724640e-01 5.04502319e-02
3.28416480e-01 6.65750340e-01 1.96527832e-09 9.99057460e-01 4.93757740e-02
3.02120460e-01 6.81514920e-01 2.23630772e-09 9.30549560e-01 4.91884832e-02
3.00859260e-01 7.37432020e-01 2.10352432e-09 8.85199260e-01 5.39200407e-02
3.29677680e-01 6.09833240e-01 2.09806172e-09 1.04440776e+00 4.46442165e-02
3.12588420e-01 7.37162540e-01 1.89510481e-09 9.94425940e-01 4.59848245e-02
3.17948520e-01 6.10102720e-01 2.30648123e-09 9.35181080e-01 5.25794327e-02
2.92787580e-01 6.66963000e-01 1.93628448e-09 1.00658368e+00 5.31708774e-02
3.37749360e-01 6.80302260e-01 2.26530156e-09 9.23023340e-01 4.53933798e-02
2.96192820e-01 7.20993740e-01 2.13125757e-09 8.75743240e-01 4.71677139e-02
3.34344120e-01 6.26271520e-01 2.07032847e-09 1.05386378e+00 5.13965434e-02
2.95940580e-01 6.23846200e-01 2.27286518e-09 9.46180940e-01 4.56003854e-02
3.34596360e-01 7.23419060e-01 1.92872086e-09 9.83426080e-01 5.29638718e-02
3.34848600e-01 7.07385000e-01 2.13461917e-09 8.96392100e-01 4.61524005e-02
2.95688340e-01 6.39880260e-01 2.06696687e-09 1.03321492e+00 5.24118568e-02
3.05525700e-01 6.90273020e-01 2.22874411e-09 1.00600474e+00 4.90504794e-02
3.25011240e-01 6.56992240e-01 1.97284193e-09 9.23602280e-01 4.95137778e-02
3.01174560e-01 7.20859000e-01 2.14680499e-09 1.05424974e+00 4.95236352e-02
3.29362380e-01 6.26406260e-01 2.05478105e-09 8.75357280e-01 4.90406220e-02
2.83770000e-01 6.59552300e-01 2.02620741e-09 9.76864760e-01 5.18598417e-02
3.46766940e-01 6.87712960e-01 2.17537863e-09 9.52742260e-01 4.67044155e-02
2.84085300e-01 6.84074980e-01 2.11234854e-09 8.72462580e-01 4.68818489e-02
3.46451640e-01 6.63190280e-01 2.08923750e-09 1.05714444e+00 5.16824083e-02
2.93733480e-01 6.28966320e-01 1.95519350e-09 9.66636820e-01 4.87547571e-02
3.36803460e-01 7.18298940e-01 2.24639254e-09 9.62970200e-01 4.98095001e-02
3.16498140e-01 6.32604300e-01 1.92115725e-09 9.34216180e-01 4.55412410e-02
3.14038800e-01 7.14660960e-01 2.28042879e-09 9.95390840e-01 5.30230163e-02
3.18200760e-01 7.36893060e-01 1.90434923e-09 9.90373360e-01 5.18795565e-02
3.12336180e-01 6.10372200e-01 2.29723681e-09 9.39233660e-01 4.66847007e-02
2.97958500e-01 6.23307240e-01 2.17789983e-09 1.00002236e+00 4.97897853e-02
3.32578440e-01 7.23958020e-01 2.02368621e-09 9.29584660e-01 4.87744719e-02
3.02435760e-01 6.21286140e-01 2.04133463e-09 1.01661864e+00 4.73944343e-02
3.28101180e-01 7.25979120e-01 2.16025141e-09 9.12988380e-01 5.11698229e-02
2.91084960e-01 6.98896380e-01 2.03839323e-09 1.00175918e+00 5.07262394e-02
3.39451980e-01 6.48368880e-01 2.16319281e-09 9.27847840e-01 4.78380178e-02
3.43803120e-01 6.28696840e-01 2.16655442e-09 9.77443700e-01 4.97503557e-02
2.86733820e-01 7.18568420e-01 2.03503162e-09 9.52163320e-01 4.88139016e-02
3.19714200e-01 7.34333000e-01 2.10772633e-09 1.04324988e+00 4.51469445e-02
3.10822740e-01 6.12932260e-01 2.09385971e-09 8.86357140e-01 5.34173127e-02
3.08300340e-01 6.88521400e-01 2.28084899e-09 1.04267094e+00 4.48019351e-02
3.22236600e-01 6.58743860e-01 1.92073705e-09 8.86936080e-01 5.37623221e-02
3.16245900e-01 7.22880100e-01 2.18378264e-09 1.01507480e+00 4.83210310e-02
3.14291040e-01 6.24385160e-01 2.01780340e-09 9.14532220e-01 5.02432262e-02
3.27281400e-01 7.35410920e-01 2.19722906e-09 8.84041380e-01 4.87054700e-02
3.03255540e-01 6.11854340e-01 2.00435698e-09 1.04556564e+00 4.98587872e-02
3.15993660e-01 6.18321860e-01 1.90140782e-09 8.96006140e-01 4.52553760e-02
3.14543280e-01 7.28943400e-01 2.30017822e-09 1.03360088e+00 5.33088812e-02
3.35605320e-01 6.11315380e-01 1.96485812e-09 9.33251280e-01 4.78675901e-02
2.94931620e-01 7.35949880e-01 2.23672792e-09 9.96355740e-01 5.06966672e-02
2.95625280e-01 6.97010020e-01 2.18000084e-09 9.34602140e-01 5.41664760e-02
3.34911660e-01 6.50255240e-01 2.02158520e-09 9.95004880e-01 4.43977812e-02
3.04832040e-01 6.68310400e-01 1.99133076e-09 9.78215620e-01 5.00460780e-02
3.25704900e-01 6.78954860e-01 2.21025528e-09 9.51391400e-01 4.85181792e-02
3.10885800e-01 7.40531040e-01 2.20227147e-09 1.00986434e+00 4.59256800e-02
3.19651140e-01 6.06734220e-01 1.99931457e-09 9.19742680e-01 5.26385772e-02
2.99219700e-01 7.10888240e-01 2.14890599e-09 9.63549140e-01 4.87350423e-02
3.31317240e-01 6.36377020e-01 2.05268005e-09 9.66057880e-01 4.98292149e-02
3.45127380e-01 6.34760140e-01 1.94090668e-09 8.68410000e-01 5.31511626e-02
2.85409560e-01 7.12505120e-01 2.26067936e-09 1.06119702e+00 4.54130946e-02
2.98462980e-01 6.52141600e-01 1.95729451e-09 1.04074114e+00 4.84688922e-02
3.32073960e-01 6.95123660e-01 2.24429153e-09 8.88865880e-01 5.00953651e-02
2.93481240e-01 6.81245440e-01 2.14596459e-09 9.60268480e-01 4.63988358e-02
3.37055700e-01 6.66019820e-01 2.05562145e-09 9.69338540e-01 5.21654215e-02
3.29551560e-01 7.36623580e-01 1.89678562e-09 9.65092980e-01 5.13373989e-02
3.00985380e-01 6.10641680e-01 2.30480042e-09 9.64514040e-01 4.72268583e-02
3.06723840e-01 6.19265040e-01 2.04007403e-09 9.39426640e-01 5.33975979e-02
3.23813100e-01 7.28000220e-01 2.16151201e-09 9.90180380e-01 4.51666593e-02
2.84463660e-01 7.21936920e-01 1.94216728e-09 9.18584800e-01 4.77493011e-02
3.46073280e-01 6.25328340e-01 2.25941876e-09 1.01102222e+00 5.08149561e-02
3.09561540e-01 6.51198420e-01 2.06990827e-09 8.84813300e-01 5.31610200e-02
3.20975400e-01 6.96066840e-01 2.13167777e-09 1.04479372e+00 4.54032372e-02
3.15110820e-01 6.90407760e-01 1.95225210e-09 1.03147810e+00 5.33384534e-02
3.15426120e-01 6.56857500e-01 2.24933394e-09 8.98128920e-01 4.52258038e-02
3.35416140e-01 6.17109200e-01 2.30143882e-09 1.00021534e+00 5.39496129e-02
2.95120800e-01 7.30156060e-01 1.90014722e-09 9.29391680e-01 4.46146443e-02
2.84842020e-01 6.12797520e-01 2.28547119e-09 9.60847420e-01 5.32398793e-02
3.45694920e-01 7.34467740e-01 1.91611485e-09 9.68759600e-01 4.53243779e-02
3.22867200e-01 7.37970980e-01 2.08503550e-09 9.77057740e-01 5.20175603e-02
3.07669740e-01 6.09294280e-01 2.11655054e-09 9.52549280e-01 4.65466969e-02
3.06408540e-01 6.21959840e-01 1.89930682e-09 9.87092700e-01 4.92081980e-02
3.24128400e-01 7.25305420e-01 2.30227922e-09 9.42514320e-01 4.93560592e-02
3.02814120e-01 6.64268200e-01 2.03545182e-09 9.68373640e-01 4.46935036e-02
3.27722820e-01 6.82997060e-01 2.16613422e-09 9.61233380e-01 5.38707536e-02
3.36866520e-01 7.32177160e-01 2.04595684e-09 9.91338260e-01 5.09332450e-02
2.93670420e-01 6.15088100e-01 2.15562920e-09 9.38268760e-01 4.76310122e-02
3.41532960e-01 6.92967820e-01 2.07200928e-09 1.03456578e+00 4.73648621e-02
2.89003980e-01 6.54297440e-01 2.12957676e-09 8.95041240e-01 5.11993951e-02
3.02498820e-01 7.32446640e-01 1.98922975e-09 9.40584520e-01 4.62016875e-02
3.28038120e-01 6.14818620e-01 2.21235629e-09 9.89022500e-01 5.23625697e-02
2.90769660e-01 7.00109040e-01 2.15142720e-09 1.05540762e+00 4.56299577e-02
3.39767280e-01 6.47156220e-01 2.05015884e-09 8.74199400e-01 5.29342996e-02
3.00417840e-01 7.09136620e-01 1.93544407e-09 9.17812880e-01 4.43780664e-02
3.30119100e-01 6.38128640e-01 2.26614197e-09 1.01179414e+00 5.41861908e-02
3.25389600e-01 6.42979280e-01 1.96611872e-09 1.03688154e+00 5.14754027e-02
3.05147340e-01 7.04285980e-01 2.23546732e-09 8.92725480e-01 4.70888546e-02
3.11327220e-01 7.09001880e-01 2.19008565e-09 9.53321200e-01 5.39890426e-02
3.19209720e-01 6.38263380e-01 2.01150039e-09 9.76285820e-01 4.45752146e-02
3.17317920e-01 7.26922300e-01 2.21277649e-09 9.66443840e-01 4.91589110e-02
3.13219020e-01 6.20342960e-01 1.98880955e-09 9.63163180e-01 4.94053463e-02
3.05084280e-01 7.23149580e-01 2.00519738e-09 1.01700460e+00 5.37130351e-02
3.25452660e-01 6.24115680e-01 2.19638866e-09 9.12602420e-01 4.48512222e-02
2.95436100e-01 7.13852520e-01 2.00225597e-09 9.01602560e-01 4.75127233e-02
3.35100840e-01 6.33412740e-01 2.19933007e-09 1.02800446e+00 5.10515340e-02
2.87112180e-01 6.36915980e-01 2.21487749e-09 9.03532360e-01 4.46047869e-02
3.43424760e-01 7.10349280e-01 1.98670855e-09 1.02607466e+00 5.39594704e-02
2.86986060e-01 6.94449960e-01 2.27454598e-09 9.14725200e-01 5.14655453e-02
3.43550880e-01 6.52815300e-01 1.92704006e-09 1.01488182e+00 4.70987120e-02
3.24569820e-01 6.08081620e-01 2.22454210e-09 9.87864620e-01 4.95827797e-02
3.05967120e-01 7.39183640e-01 1.97704394e-09 9.41742400e-01 4.89814776e-02
3.26461620e-01 6.96336320e-01 2.19848967e-09 8.86550120e-01 4.45062128e-02
3.04075320e-01 6.50928940e-01 2.00309637e-09 1.04305690e+00 5.40580445e-02
3.04264500e-01 6.49177320e-01 2.18714425e-09 8.83655420e-01 4.76704418e-02
3.26272440e-01 6.98087940e-01 2.01444179e-09 1.04595160e+00 5.08938154e-02
3.20849280e-01 6.33816960e-01 2.01192059e-09 1.02240804e+00 4.81830272e-02
3.09687660e-01 7.13448300e-01 2.18966545e-09 9.07198980e-01 5.03812300e-02
3.33650460e-01 6.21420880e-01 2.11360914e-09 1.04865332e+00 4.70592823e-02
2.96886480e-01 7.25844380e-01 2.08797690e-09 8.80953700e-01 5.15049749e-02
3.08111160e-01 6.48638360e-01 1.99007016e-09 8.72848540e-01 4.49990833e-02
3.22425780e-01 6.98626900e-01 2.21151588e-09 1.05675848e+00 5.35651739e-02
3.13345140e-01 7.14256740e-01 2.01570239e-09 9.32865320e-01 4.95039204e-02
3.17191800e-01 6.33008520e-01 2.18588365e-09 9.96741700e-01 4.90603369e-02
3.44875140e-01 6.53489000e-01 2.26992377e-09 1.02414486e+00 5.38411814e-02
2.85661800e-01 6.93776260e-01 1.93166227e-09 9.05462160e-01 4.47230758e-02
3.46640820e-01 7.04555460e-01 2.04175483e-09 9.61812320e-01 4.62509746e-02
2.83896120e-01 6.42709800e-01 2.15983121e-09 9.67794700e-01 5.23132826e-02
3.31758660e-01 6.62112360e-01 2.13798078e-09 9.07006000e-01 5.26287198e-02
2.98778280e-01 6.85152900e-01 2.06360526e-09 1.02260102e+00 4.59355374e-02
3.28290360e-01 6.47964660e-01 2.26824297e-09 8.87708000e-01 4.88237590e-02
3.02246580e-01 6.99300600e-01 1.93334307e-09 1.04189902e+00 4.97404982e-02
3.15741420e-01 6.73295780e-01 1.96821972e-09 9.51198420e-01 5.06769523e-02
3.14795520e-01 6.73969480e-01 2.23336632e-09 9.78408600e-01 4.78873049e-02
3.13408200e-01 7.08193440e-01 2.08419510e-09 9.49654580e-01 5.18894139e-02
3.17128740e-01 6.39071820e-01 2.11739094e-09 9.79952440e-01 4.66748433e-02
3.34722480e-01 6.31391640e-01 2.11949195e-09 9.33637240e-01 5.39693278e-02
2.95814460e-01 7.15873620e-01 2.08209409e-09 9.95969780e-01 4.45949295e-02
3.45442680e-01 6.65885080e-01 2.04469624e-09 1.02510976e+00 5.24217142e-02
2.85094260e-01 6.81380180e-01 2.15688980e-09 9.04497260e-01 4.61425431e-02
2.89382340e-01 6.69792540e-01 1.94300769e-09 8.74392380e-01 4.74338640e-02
3.41154600e-01 6.77472720e-01 2.25857835e-09 1.05521464e+00 5.11303933e-02
3.07985040e-01 7.36354100e-01 1.91653505e-09 9.32093400e-01 4.60932560e-02
3.22551900e-01 6.10911160e-01 2.28505099e-09 9.97513620e-01 5.24710012e-02
3.40145640e-01 6.71544160e-01 1.98964995e-09 9.94618920e-01 4.46245017e-02
2.90391300e-01 6.75721100e-01 2.21193609e-09 9.34988100e-01 5.39397555e-02
3.00796200e-01 6.12123820e-01 2.21949970e-09 9.65478940e-01 5.11599655e-02
3.29740740e-01 7.35141440e-01 1.98208634e-09 9.64128080e-01 4.74042917e-02
2.86229340e-01 6.21016660e-01 1.98376715e-09 9.22251420e-01 5.22344233e-02
3.44307600e-01 7.26248600e-01 2.21781889e-09 1.00735560e+00 4.63298339e-02
2.91526380e-01 7.12909340e-01 2.12831616e-09 9.97127660e-01 4.76112974e-02
3.39010560e-01 6.34355920e-01 2.07326988e-09 9.32479360e-01 5.09529599e-02
3.25137360e-01 6.76125320e-01 2.29597621e-09 8.82497540e-01 4.62214024e-02
3.05399580e-01 6.71139940e-01 1.90560983e-09 1.04710948e+00 5.23428549e-02
2.87301360e-01 6.83401280e-01 2.19554826e-09 9.82847140e-01 4.61819727e-02
3.43235580e-01 6.63863980e-01 2.00603778e-09 9.46759880e-01 5.23822845e-02
2.91337200e-01 6.69388320e-01 2.22328150e-09 8.94076340e-01 4.97602131e-02
3.39199740e-01 6.77876940e-01 1.97830454e-09 1.03553068e+00 4.88040442e-02
2.92472280e-01 7.32311900e-01 1.91149264e-09 9.43865180e-01 4.50779426e-02
3.38064660e-01 6.14953360e-01 2.29009340e-09 9.85741840e-01 5.34863146e-02
3.27344460e-01 6.70466240e-01 1.99469236e-09 9.68566620e-01 5.16035490e-02
3.03192480e-01 6.76799020e-01 2.20689368e-09 9.61040400e-01 4.69607082e-02
3.38190780e-01 6.35568580e-01 2.29261460e-09 9.67601720e-01 4.89321905e-02
2.92346160e-01 7.11696680e-01 1.90897144e-09 9.62005300e-01 4.96320667e-02
3.35983680e-01 6.75990580e-01 2.31026303e-09 9.15690100e-01 4.71479990e-02
2.94553260e-01 6.71274680e-01 1.89132301e-09 1.01391692e+00 5.14162582e-02
3.31065000e-01 6.46886740e-01 2.10940713e-09 8.71690660e-01 4.67832748e-02
2.99471940e-01 7.00378520e-01 2.09217891e-09 1.05791636e+00 5.17809824e-02
3.42983340e-01 6.22364060e-01 2.25983896e-09 9.91145280e-01 4.92771999e-02
2.87553600e-01 7.24901200e-01 1.94174708e-09 9.38461740e-01 4.92870573e-02
2.86859940e-01 6.81110700e-01 2.21445729e-09 9.83040120e-01 5.35356017e-02
3.43677000e-01 6.66154560e-01 1.98712875e-09 9.46566900e-01 4.50286556e-02
3.44496780e-01 6.19804000e-01 1.92283806e-09 9.48303720e-01 4.86561830e-02
2.86040160e-01 7.27461260e-01 2.27874798e-09 9.81303300e-01 4.99080742e-02
3.15363060e-01 7.29078140e-01 1.97620353e-09 1.03051320e+00 5.05488060e-02
3.15173880e-01 6.18187120e-01 2.22538251e-09 8.99093820e-01 4.80154512e-02
3.26146320e-01 6.91889900e-01 2.05057905e-09 9.18005860e-01 5.17119805e-02
3.04390620e-01 6.55375360e-01 2.15100699e-09 1.01160116e+00 4.68522767e-02
3.10759680e-01 7.34602480e-01 2.06108406e-09 9.47145840e-01 5.25991476e-02
3.19777260e-01 6.12662780e-01 2.14050198e-09 9.82461180e-01 4.59651097e-02
3.28479540e-01 7.32850860e-01 2.07116888e-09 9.40970480e-01 4.72564306e-02
3.02057400e-01 6.14414400e-01 2.13041716e-09 9.88636540e-01 5.13078267e-02
3.09750720e-01 7.38644680e-01 1.93124207e-09 9.54479080e-01 4.60341115e-02
3.20786220e-01 6.08620580e-01 2.27034397e-09 9.75127940e-01 5.25301457e-02
3.16750380e-01 6.89195100e-01 2.02662761e-09 1.02317996e+00 5.34370275e-02
3.13786560e-01 6.58070160e-01 2.17495843e-09 9.06427060e-01 4.51272297e-02
2.99598060e-01 7.25709640e-01 2.20983508e-09 8.82111580e-01 4.60636838e-02
3.30938880e-01 6.21555620e-01 1.99175096e-09 1.04749544e+00 5.25005735e-02
3.04579800e-01 6.11719600e-01 2.05856286e-09 1.02974128e+00 4.65861266e-02
3.25957140e-01 7.35545660e-01 2.14302318e-09 8.99865740e-01 5.19781306e-02
3.45064320e-01 6.07677400e-01 1.90981184e-09 1.00581176e+00 5.20569899e-02
2.85472620e-01 7.39587860e-01 2.29177420e-09 9.23795260e-01 4.65072673e-02
