-1.1712376298e+00
-7.3890673457e-01
-2.5032901029e-01
-4.6074499454e-01
-3.4168128495e-01
-9.1365526375e-01
-8.7985038925e-01
1.2660946690e+00
1.0784692397e+00
9.6016259555e-01
-1.0530892083e+00
1.3236509555e-01
-2.9462868316e-01
-2.8728901418e-01
-4.9376774875e-01
1.9963618681e+00
1.7081890355e+00
8.3892455206e-01
4.6765885213e-01
-1.1929213470e+00
-3.3514130883e-01
-1.1178985772e+00
1.4493520058e+00
3.2873387938e-01
-3.6916697514e-01
1.0352191061e+00
-3.6858882502e-01
6.0167160864e-01
2.4756774897e-01
-6.0443363384e-01
1.7327749097e+00
1.2362339643e+00
5.8249459291e-01
6.9316350553e-01
5.9776923647e-01
-6.4691780689e-01
-1.7578265119e+00
-5.8792794559e-01
-9.9810865167e-01
2.0677458377e+00
6.5364855086e-01
6.0618932837e-01
-5.4362113407e-01
-9.8875976396e-01
-1.7124685789e+00
