1.8117568400e-01 2.7551732044e-01 5.9046586866e-02 2.4368488497e-02 2.8372495120e-01 2.0294505229e-01 3.4365030984e-02 -6.3099725568e-02 6.0839120436e-02 3.0558405179e-01 -8.3139371553e-02 -5.8360184519e-02 -2.7177962558e-01 -6.0684592687e-02 -1.1822222762e-01 -3.2359561542e-01 1.7548483748e-01 -1.2614362760e-01 -4.5754018073e-02 -2.0373294306e-02 2.7166343143e-01 2.3565680515e-01 -8.6589539555e-02 -7.6386965407e-02 3.9812822880e-02 -2.7742013538e-01
2.5004723591e-01 2.0490341941e-01 -2.1062767508e-02 2.6185124453e-01 3.9336198263e-01 5.1709779549e-01 -1.0843657546e-01 -1.7402261048e-01 -2.1452588048e-01 -1.5395276063e-01 2.6064908572e-02 2.0985460956e-01 8.8859138149e-02 -7.7668631741e-02 -1.0814609718e-03 6.5604995133e-02 9.1493418598e-02 -8.3405708253e-02 -1.2856612884e-01 7.2459554478e-02 2.6106078022e-02 -2.4453538773e-01 2.0343021989e-01 8.4634956133e-02 7.7488679995e-02 -2.2638971397e-01
1.8025897698e-01 2.8337842928e-01 3.9804771526e-01 1.1621442096e-01 1.2696812582e-01 5.0657998508e-02 1.4316967083e-01 -1.8170943548e-01 2.3949426743e-02 2.2306568595e-01 -6.9084721175e-02 -2.1977502064e-01 -2.3384652541e-01 1.8327154341e-01 -1.0713251804e-01 -1.1732649884e-02 -9.3458464562e-03 3.9859899108e-02 -1.4714276224e-01 -2.1029793596e-02 2.1912686105e-02 1.2277402311e-01 -2.8134457247e-02 1.1161473323e-01 -7.9719228260e-02 -1.7381830582e-01
2.5555888265e-01 1.9832761386e-01 2.1204295648e-01 3.1594936832e-01 -1.3383750803e-01 -1.9263934851e-01 1.4713931384e-01 -1.0486312521e-01 -2.7215966041e-02 -2.0204786856e-01 -2.0710541962e-01 -9.8093215723e-02 -4.8466091194e-02 1.2872128916e-01 2.2359576383e-01 2.3720458785e-02 9.8917441872e-02 -4.6457273148e-02 -3.1303809139e-02 1.3297091924e-01 -2.2193479984e-02 -4.6241153646e-02 8.3516022546e-02 2.9452212339e-01 1.2093859810e-01 1.9142597211e-01
2.0514466054e-01 7.7343628581e-02 1.8313929768e-01 -1.5792816434e-01 6.6865848868e-02 8.1014130422e-02 -1.0425643212e-01 -5.6414697078e-03 3.0637181410e-01 1.7676380077e-01 -7.5412190332e-02 2.9188486894e-01 1.5379876105e-01 -5.5454297380e-02 -2.6901785681e-02 -1.6982225252e-01 2.6522687474e-01 -5.0231147444e-02 1.0957335955e-01 -2.3635115829e-01 3.2231598109e-01 3.4858694349e-01 -1.6653432110e-01 -1.6881080202e-01 -7.8406055474e-02 1.3394522706e-02
2.6180773898e-01 1.9854508601e-01 -1.4149335948e-01 -3.6428317822e-02 1.5700725201e-01 8.5235614821e-02 -2.5190208157e-01 1.5818745747e-02 6.6037799124e-02 2.4502516797e-01 -1.6161776893e-02 2.2616296134e-01 -5.6418957019e-02 -1.9409180015e-01 7.6030139827e-02 8.1716802472e-02 4.5682050021e-01 -3.8672417239e-03 1.5390562333e-01 1.4724458646e-01 -3.0207631993e-02 -4.9662496283e-02 1.2553264902e-01 4.1541995998e-02 -1.3385082710e-02 1.0621078049e-01
2.0384678282e-01 -4.4159520831e-02 3.4301362939e-02 -2.1435424705e-01 -5.5934999411e-02 -7.9247046436e-02 -3.9891334138e-02 5.8516625973e-03 1.4538949757e-01 9.8535348547e-02 2.8606658264e-01 3.1036323878e-01 2.0565907304e-01 9.7710041301e-03 7.7247263568e-03 -1.8999214487e-01 -7.7196559334e-02 6.2585334588e-02 2.7503375896e-01 -2.1183607437e-01 -7.8937112079e-02 4.0343668159e-01 -7.9493621872e-02 -1.1718469311e-01 -1.0921208687e-01 2.6290512776e-02
1.4061465305e-01 3.1166424920e-01 1.6625521933e-02 1.2737069989e-01 2.1737641690e-01 1.0314733061e-01 9.4108575400e-02 -2.3073894451e-01 2.6309624112e-01 2.5854960012e-01 1.1004930205e-01 9.1170395260e-02 5.2455469336e-02 1.4737707805e-01 -1.5158991214e-02 -1.9358646774e-01 7.7616952657e-02 -2.3500009067e-01 1.3792974145e-01 8.4840744173e-02 1.1381460400e-01 1.5637356027e-01 -1.2864315238e-01 2.6448959908e-02 -8.8022571343e-02 1.1753333193e-01
1.3121208926e-01 -9.3826562429e-02 1.4071554832e-01 -9.4801997259e-02 2.4646685974e-01 2.3819905699e-01 3.1157038071e-01 1.3504520648e-01 1.0792834187e-01 2.2295831436e-01 1.8991807054e-01 -3.6699930941e-02 -8.5914613884e-02 2.8659505986e-01 -2.0576837142e-01 -1.6117835785e-02 5.4666484506e-02 -2.6337887777e-01 1.2557224025e-01 -5.4545955729e-02 2.3724780576e-01 2.4429397220e-01 1.2203628829e-01 1.0794565597e-03 -2.5794494591e-01 9.5861927451e-02
-2.8900418487e-01 2.7088383022e-02 -6.6413043414e-03 1.5656538024e-01 -1.7344550537e-01 1.8018449226e-01 1.6796211622e-01 9.0962317425e-02 1.0778763139e-01 2.8286715845e-01 3.9201382255e-01 -1.1527644577e-02 -5.3571298187e-02 3.8797293009e-02 1.3245226476e-01 1.8685026884e-01 -9.6313243036e-02 -5.1401332044e-02 9.3273949332e-02 -6.0815928772e-02 3.5216216273e-02 -1.9175712411e-01 4.4377382287e-01 2.1455105550e-01 -8.4649813321e-02 -1.5718478706e-01
1.2466483993e-01 3.8263867360e-01 -4.2039614452e-02 -6.8473196054e-03 -3.5473113511e-02 2.1637374726e-02 1.2918046967e-01 -1.8910039477e-01 8.9791362410e-02 1.6444099860e-01 9.6234007126e-02 3.9906644264e-02 1.7860398243e-01 -7.9927069531e-02 1.6029095313e-01 9.0097132668e-03 -5.8355389036e-02 1.4537159914e-01 -6.2928112971e-03 -2.4341524196e-01 4.2421979874e-01 1.5619645717e-01 1.1118065677e-01 2.9449878610e-02 7.9387340626e-02 -4.5273070577e-02
9.2379439949e-02 -6.4569848766e-02 1.0749942332e-01 9.0834176925e-02 1.1653741406e-01 6.6940723168e-02 3.0324318567e-02 8.1605113547e-02 3.5133898835e-04 -3.4635613675e-02 2.3838970569e-01 2.1563330077e-01 -2.8453657278e-02 6.8147361471e-02 -8.8496876691e-02 6.4918465548e-02 -5.9826685416e-02 -1.7874759417e-01 1.0671660297e-01 7.1792501725e-02 -1.2100757928e-01 2.0733019923e-02 -1.3470953191e-01 -4.9158959131e-03 -2.9011231654e-02 2.6950134429e-01
-8.1821664715e-02 2.3711684014e-02 1.0960180003e-01 6.0820160661e-02 -2.0758995204e-01 -1.0769130444e-02 3.3027171935e-01 1.2179208519e-01 -1.5566359612e-02 -2.4510926297e-02 3.3507623085e-01 2.9495139413e-01 1.0963958549e-01 -1.8986533745e-02 1.0143860851e-01 1.7409646381e-01 3.0230777976e-02 3.9073695354e-01 -1.2668541062e-01 -1.1980693093e-03 1.6749308157e-02 3.7658417927e-03 -1.5846983755e-02 6.9881913546e-02 -6.9295845107e-02 1.9381378758e-01
-4.9607405479e-02 1.0765344635e-01 1.9901042987e-01 1.9789845129e-01 2.6660159308e-01 -4.1595399270e-02 1.7359189566e-01 -2.3074902756e-01 3.3715423685e-01 1.3146938740e-01 2.2893780832e-01 2.5560195409e-01 1.7697399160e-01 1.1137288422e-01 2.0477066188e-01 -4.2276377519e-02 -1.4871950505e-01 7.7574887976e-02 6.6230544259e-02 -1.5259375215e-02 -1.7208832577e-02 6.9132318964e-02 -3.1192583873e-01 1.5181984633e-01 7.6342019965e-02 2.4666205595e-01
