5.9092340930e-02 1.7244197875e-01 1.5799702966e-01 -5.1579161834e-02 8.9190114451e-02 4.7564361870e-02 1.6105738217e-01 4.0585252786e-02 -1.6112807876e-01 7.9945129073e-02 3.8032761714e-02 -8.5724748860e-02 -1.4161977971e-01
2.8373758790e-01 -6.3607782631e-02 3.1099316393e-01 -1.2536792614e-01 2.2424331424e-01 3.0148107532e-02 2.2882356890e-01 -3.8743564519e-02 -1.5415530725e-01 1.4293571870e-02 -3.2654356159e-02 -2.9397561038e-02 -1.6267459441e-02
-4.9551027796e-02 -5.4617992118e-02 1.2765947711e-01 4.6655342633e-02 6.4715125166e-02 8.9119324064e-03 -1.1253857768e-01 -7.3661938465e-02 -8.8903787797e-03 8.6784512932e-02 -8.2790293965e-02 -1.0179515181e-02 1.4338674847e-01
-8.3349987713e-02 -6.9572799418e-02 1.2741526371e-01 -7.4127494585e-03 -4.6452666758e-02 -9.5377500074e-02 1.5381904217e-01 5.8577320678e-02 -5.0508052571e-02 -4.0682223981e-02 1.7659514196e-02 6.9053478270e-02 -3.1188084968e-02
-8.2879929209e-02 5.7554712892e-02 -1.3255760193e-01 -1.9747089663e-02 -7.3841190625e-02 5.0210125023e-02 5.4298003706e-02 2.2278074387e-02 -2.0757454285e-02 -2.7927239198e-02 -8.5157215745e-02 2.3991608290e-03 -3.2645437720e-02
-3.1909240065e-02 -1.2173760331e-02 -1.6720580398e-01 1.2724907633e-01 -7.7756222706e-03 3.9198561639e-02 -6.9883865494e-02 -7.5242206714e-02 1.5070144873e-01 -1.5433320260e-02 -1.3501499389e-01 1.0324755511e-01 4.1934196634e-02
-1.5347505223e-01 1.4914385669e-02 -1.1478350940e-02 -2.9582761362e-02 -1.7639493077e-02 -4.5142997144e-02 -4.2029129434e-02 1.1199983675e-01 -2.9560012257e-02 5.2066362432e-02 6.4028634989e-03 4.6280481548e-02 3.0247035137e-02
-3.0253519067e-02 -5.3405758469e-02 2.0873803335e-02 4.6788815280e-02 -1.1762373454e-01 5.6816760005e-02 -6.8746798541e-02 6.5784671149e-02 1.3231479284e-01 -3.4881126871e-02 6.3930742187e-02 3.7277205698e-02 -5.9409962204e-02
1.3628714102e-02 1.3846948445e-01 6.1579367384e-02 -3.0975072621e-02 8.4157933364e-02 -4.1695231825e-02 1.0438594565e-02 7.7897600264e-02 3.0671313997e-02 1.9634991130e-02 1.1547938349e-02 3.6878279437e-02 -8.8914135970e-02
-1.2602219318e-01 -1.2843545322e-01 -4.1974016262e-02 -1.7759993948e-02 8.7252318551e-03 1.6045323090e-01 -2.2708954227e-02 3.0631461708e-02 1.1544643553e-02 -7.3204607654e-02 -4.9851637881e-02 -2.6257466424e-02 1.3151582243e-02
-1.2304359927e-02 2.5629237694e-02 -1.1165859589e-02 5.3334910293e-02 3.4164969349e-02 -1.5362660800e-01 -1.0359245219e-01 2.1386847503e-02 1.9433642087e-02 5.1675281058e-03 1.6362635126e-01 4.2976681441e-02 2.3582317951e-02
-8.9791087101e-03 -1.1841270924e-01 -2.8063218003e-02 -8.0688078843e-03 -1.0331312736e-01 -1.4902704474e-01 -8.6422151612e-02 5.1137854005e-03 1.2714822596e-02 -1.1608680085e-01 -1.5992064429e-02 1.7334852327e-02 4.5085780580e-02
-3.4396754720e-02 -1.7554269947e-02 8.9034117534e-02 -4.1020105648e-02 3.1642285222e-02 4.8546620320e-02 -1.1920411716e-02 1.6702403999e-02 -6.0742882681e-02 1.0532487995e-01 -1.7500853766e-01 -1.0598156035e-01 7.2320362935e-02
9.5476436658e-02 -1.0822904195e-01 -5.9246959844e-02 6.8148504029e-02 5.6407461280e-02 1.9233628396e-01 -6.0858137872e-02 3.2983732742e-02 8.1368872729e-02 -8.4538238431e-02 4.8221674202e-02 1.6336246682e-02 2.4611440649e-02
-1.2075691265e-02 1.1350294872e-01 -1.3830413334e-02 -9.4661150429e-02 -7.0227848981e-02 6.7834136091e-03 1.1139805165e-01 -2.3471233976e-02 -4.4644978684e-02 6.3703148420e-02 -7.3465774394e-02 4.4387268627e-02 -1.1315565081e-01
4.0812425436e-02 7.8227875958e-04 -1.4089707469e-02 -9.2002228739e-02 -1.1844650958e-01 1.7636803334e-01 7.9355760386e-02 5.3435693118e-02 7.8890317553e-02 8.1239016631e-02 -1.1273899144e-01 -5.9252501342e-02 8.2447005934e-02
2.0258163732e-02 6.3894223776e-02 -1.6268726716e-02 -7.7042386862e-02 -1.7048449125e-02 9.1698599829e-03 6.7239260302e-02 -2.3074766646e-02 -8.1355932731e-02 8.4816516373e-03 -1.0374296457e-01 2.2809179103e-02 8.3341080859e-02
-1.2770069592e-01 4.2791724051e-02 -1.9745120999e-01 2.6123270138e-01 -2.3570782290e-02 2.8720866194e-02 -1.1023951744e-01 -1.0933443522e-01 7.5487567915e-02 8.6314349910e-02 -2.2433293157e-01 -9.4585597075e-02 1.9758511944e-02
1.5822754425e-01 -2.9153477692e-02 1.7038392199e-01 -6.1350767792e-02 -7.9374264736e-02 1.0097333374e-01 7.1461639349e-02 -6.8096185045e-03 -7.8826761165e-02 -1.2332607729e-01 2.9956006069e-02 1.5403463823e-02 -4.5298995463e-02
1.0799737151e-01 -4.9455127147e-03 -5.1155128556e-02 8.5824123748e-03 -7.1760137070e-02 -2.5792102825e-03 2.1051510152e-02 -3.4391891782e-02 6.3641959215e-02 -5.2636832913e-03 -3.5980868484e-02 4.7816851746e-02 3.6095415784e-03
1.6592045583e-02 -2.2329224680e-02 -4.2364521938e-02 -6.0041870505e-02 -1.3047288653e-01 1.3466703067e-01 -7.2431671633e-03 -2.5543540900e-02 1.0913102925e-01 -8.5231198521e-02 3.8076508458e-02 1.7688965303e-01 3.9232174917e-02
5.6701524891e-02 4.6953435186e-02 1.5001560234e-01 -1.0196125581e-01 1.7272601352e-02 -6.9468508969e-02 4.7540506336e-02 -2.7569447913e-02 6.3600437236e-03 -7.4850850180e-02 -6.5186295838e-02 1.4001362490e-01 3.7818063892e-03
6.9151788020e-02 -1.4005359417e-02 4.0360212469e-02 1.4044963810e-01 -4.6903753889e-02 6.6720428108e-02 -1.2903938342e-01 -1.7382077644e-02 1.2301676744e-01 6.3033372255e-02 1.0417716742e-01 6.1726753051e-03 -5.7116992265e-02
-2.1558723813e-02 -3.4623135873e-02 -3.3908176909e-02 2.5473445890e-02 -2.8335639180e-02 -1.3370061700e-02 5.5207358400e-03 3.7068101857e-02 8.3932724603e-02 1.2294962170e-01 -1.8984657628e-01 -1.0096243292e-01 -5.3583738767e-02
-7.2196351344e-02 3.4278656460e-02 6.1221915769e-02 -5.9824668460e-03 1.5901417130e-03 -2.1395235030e-03 1.3975065189e-01 1.5526916674e-03 -1.2499710142e-01 -5.6668098032e-02 -1.5543125859e-02 7.6011900603e-02 1.1558542673e-02
1.0156668276e-01 -1.2204692104e-03 6.6980909258e-02 2.8321251673e-02 1.2626455443e-02 1.1879550233e-01 7.3122145801e-03 -8.2559332188e-02 8.3961961260e-02 2.5240728493e-02 -3.7928429870e-02 -4.7311891303e-02 1.8806004532e-02
8.2334122305e-02 -2.4211363677e-02 1.2811747774e-02 8.1826981427e-02 5.5205710952e-02 5.4977210129e-02 4.3466148396e-02 4.1581579629e-03 -3.7827476811e-02 -3.7048710732e-02 5.3711604148e-02 4.4968318126e-02 1.0502398525e-01
3.0389339540e-03 5.1128239894e-02 5.4387597088e-02 6.7354330300e-03 4.8080333291e-02 -4.3464633867e-02 1.1512057995e-01 -6.0049252676e-02 -4.4228804797e-02 -3.3267036563e-02 1.1000132448e-02 6.8385349042e-02 9.4964075697e-03
3.0099616579e-03 4.0484951522e-02 -4.5667917376e-03 1.4445487523e-01 6.4711617099e-02 2.2909376094e-02 -2.7157567451e-02 -5.1217371417e-02 -6.6625326526e-02 -7.8260412423e-02 -6.3611961275e-02 3.5574730008e-02 -2.4657887652e-02
1.8815956334e-02 4.8600631708e-02 9.1040228089e-02 -8.3337124096e-03 8.7554506880e-02 9.5387211710e-02 4.1256795199e-02 -1.4554168586e-03 -5.6293830989e-02 7.9231345015e-02 2.9706183928e-03 -9.2241051788e-02 4.5872098756e-02
-1.1887256460e-01 1.1544805312e-01 -4.9094096026e-02 6.3646641406e-02 1.8588978953e-02 1.0134179118e-01 -2.1280611944e-02 1.5401497031e-01 8.8804449844e-02 3.1337800098e-02 -5.0284182222e-02 -3.0049268865e-02 -6.0239230353e-02
-5.6846227596e-02 5.6168947794e-03 -1.3834614410e-01 2.4686398870e-02 -1.1627793542e-01 -8.5392603274e-02 -6.3008289072e-02 -2.5232601022e-02 2.5193194108e-02 -9.3217550136e-02 -1.5008750806e-01 1.5889229180e-01 1.2974579191e-01
-3.8242486405e-02 -8.7466240311e-02 2.7191743963e-03 1.1415084141e-02 -7.3498352139e-02 9.4809088129e-02 -8.2264267991e-02 4.0134711434e-02 6.0525572644e-03 -1.1875339694e-01 1.3266509312e-01 1.5135746392e-01 -8.1036190191e-02
2.6367333741e-02 -6.2636931110e-02 1.4418918944e-03 3.8180383246e-02 6.1797824398e-02 1.6663360025e-02 -1.4904416048e-01 4.8829374520e-02 1.0522534541e-01 -3.7520363158e-02 1.2031411148e-01 -3.7063582990e-03 3.8953904471e-02
-8.3190153046e-02 1.0973958247e-01 -8.1053743764e-02 5.7333268046e-02 2.1418041929e-02 -8.2773868911e-02 1.2382076657e-01 -5.6765180168e-02 -1.6281135401e-01 -5.1423511297e-02 -1.6597535109e-01 -8.9537481091e-03 2.1241213756e-02
-1.1656998917e-01 -7.5668548431e-03 -8.1637334016e-02 4.1411220311e-02 -6.8051779822e-02 -2.8253399190e-02 -4.2696520668e-02 2.2824537440e-02 9.7114420860e-02 1.7547555805e-03 5.4212934220e-02 -6.7278984944e-02 -3.3473836216e-02
5.9415534729e-02 -3.3928596026e-02 -1.3434771007e-01 2.8739717383e-02 5.3657374812e-02 1.3219768836e-01 -1.2973077673e-02 4.3185042255e-02 1.9728751818e-02 1.4191633261e-01 -2.3555795247e-02 -4.8888276075e-02 2.7531282887e-02
-8.6460116440e-03 7.7464242188e-02 -5.3233394935e-02 -1.1849263470e-01 3.6005965008e-02 -9.8396568345e-03 1.1245260884e-02 -4.4270931067e-02 1.2114668378e-02 -1.2366246619e-02 7.0659482230e-02 4.6162773674e-02 1.6284231412e-02
1.4257690453e-01 -2.4604334766e-03 4.4790768916e-02 -1.6395847859e-01 -3.9694424390e-02 -1.3506781801e-01 -5.0902110625e-02 8.1166996195e-02 -1.7630099928e-01 1.1587755451e-01 3.0705075604e-02 -4.1385459477e-02 -1.1668214702e-01
-2.7440566831e-02 -3.2395844316e-03 -2.4372274654e-02 5.4735367450e-02 5.4215964050e-03 -6.0267357789e-03 -4.1377421091e-02 3.9987283373e-02 1.1004953194e-01 -1.7821310122e-02 7.0597405369e-02 -4.1241709126e-02 4.5235224577e-02
-1.9198517377e-02 -2.9208172358e-02 -3.1113946087e-02 -1.0487110342e-01 -7.5131616689e-02 -5.1041639556e-03 3.7251289751e-02 -1.9838548966e-02 -1.6853267376e-02 8.9435531460e-02 -4.6128716057e-02 -1.0501510048e-01 2.3616703369e-02
3.2799452596e-02 7.1017688000e-02 2.4528988627e-01 -2.1978799312e-02 5.1804518017e-02 -2.6153838339e-02 8.8556592663e-03 2.6215351586e-02 -1.7691766453e-01 8.7443377421e-02 1.3563124343e-02 -6.6593704662e-02 -6.0738971198e-02
1.5579096586e-02 8.7316467222e-02 6.1269314593e-02 2.6915501494e-02 -8.5570568032e-02 -5.7301815536e-02 -5.4914932355e-02 -2.8920191504e-02 8.3031916972e-02 1.8134340840e-02 3.5866383786e-02 5.1395499820e-02 -2.8089631217e-02
7.7717832068e-02 7.8882098431e-02 8.4869930778e-02 2.1796820170e-01 -1.3501990145e-01 1.6370439613e-01 -4.7612818861e-02 -1.6782819092e-01 -8.7857473770e-02 -1.9726079180e-01 -6.4770417255e-02 1.7031748405e-01 3.7849361036e-02
5.2822495284e-02 -5.3061148314e-02 -3.1186444579e-02 -7.8660624653e-02 2.5275167707e-02 -7.2244051277e-02 -5.2045740884e-02 -8.4346690114e-02 -2.5732934134e-02 -7.3145507454e-02 7.0290983372e-02 4.3880143764e-02 -6.1180686666e-03
-1.2410320421e-01 2.9977833317e-02 -3.3334732216e-02 1.3536413945e-03 7.0700840143e-02 -5.5571184691e-02 6.7642703906e-03 -2.3026146684e-02 -1.0333645039e-01 -1.2194969463e-02 4.5881482990e-02 -4.7419774694e-03 -2.0540653063e-02
-3.1259634068e-02 1.4109114652e-01 1.9801261301e-02 -2.4272318588e-02 5.3220164794e-03 -8.5127416678e-02 8.5715388384e-02 9.0384015111e-03 -5.2888754764e-02 8.5109970426e-02 -9.7620005723e-02 -1.5228615286e-01 -2.3986690549e-01
1.8178208800e-01 1.8570661653e-01 1.7361284336e-01 -3.6500921279e-02 4.7957255275e-02 3.8978628839e-02 8.9549443335e-02 -1.6596688472e-02 2.0081958878e-02 2.8258642057e-02 9.6958848419e-02 -1.7131648406e-01 -1.6732316294e-03
5.8321777537e-02 9.4945915448e-02 5.7552981335e-02 -2.6821595718e-03 1.0537066356e-01 3.1312508175e-02 1.0499857050e-01 7.6777375625e-02 -4.0903200834e-03 -7.1253048735e-02 1.6555952779e-01 5.3507255213e-02 -1.2369364510e-02
3.4663528457e-02 -6.5580524595e-02 1.0204935957e-02 5.8748378029e-02 3.1380911975e-03 -6.2171257492e-02 -8.6277295384e-02 -3.5179758553e-02 1.8947464190e-01 1.2691663781e-02 9.1401831093e-02 1.7515487163e-02 -7.5444445114e-02
5.1299507718e-02 3.7540202689e-02 1.2614701790e-01 -2.5442717838e-02 9.9365594061e-02 8.8177747462e-02 -3.5978993342e-02 3.6990192580e-02 -3.5616699579e-02 1.1736677389e-02 -9.2150836882e-02 3.2630689206e-02 -1.5986493009e-02
2.2830816341e-03 5.7583313350e-02 9.6011249711e-02 -2.2088782653e-02 1.0764798108e-01 1.5848491145e-01 1.2008801886e-02 6.6341337194e-02 9.2278053332e-02 -1.2171932885e-01 1.4805884777e-01 1.6675956907e-01 2.9129412906e-03
-1.6564996688e-01 4.5958236494e-02 -1.8533192532e-02 -1.2456621431e-02 3.2948771466e-02 -3.0687648881e-02 6.6331821011e-03 1.9578883305e-02 -1.1275025648e-03 3.9269534183e-02 7.1553815674e-03 2.6907996398e-02 4.3288631206e-03
5.3330328118e-02 4.2487783010e-02 9.2140291904e-03 -1.4780898187e-02 -3.5661259671e-02 8.6388151544e-02 5.0716988592e-02 -4.8177381903e-02 -8.4161190780e-02 2.9535587165e-02 -3.3208509616e-02 -6.8405982767e-02 -1.1609875640e-02
-1.3158572508e-01 1.7613639453e-01 1.7440339068e-01 1.1567109002e-01 3.8913445243e-01 3.1228266244e-01 3.3912848661e-01 1.9094521431e-01 -2.5279478344e-01 -5.9441952667e-03 1.9408586874e-02 1.2594603338e-02 5.3166760997e-03
-9.3828928224e-02 1.1490918851e-01 2.5900021382e-02 -8.3377266879e-02 -1.4407158022e-02 -3.8177725188e-03 1.5336367797e-02 3.6422219061e-02 -3.3359589153e-02 -5.6687365419e-02 -1.8704669739e-02 7.5647684097e-04 3.9440672948e-02
-6.2193824891e-02 7.2942470597e-02 -3.4355875979e-02 -1.4845465713e-01 -1.4561764552e-01 9.6520999175e-02 -8.5638976879e-02 6.0729056937e-02 1.3179702632e-01 -6.3580269032e-02 8.0679380179e-02 2.3128366326e-02 1.0799403571e-02
-1.1193914623e-01 3.5304795999e-03 -2.0380274901e-02 2.7332255212e-02 6.0203238886e-02 2.3315125407e-02 8.9983672823e-02 2.4851723549e-02 9.5801224936e-03 -3.3205096581e-03 -7.0912805932e-02 3.2214569469e-02 2.5242308060e-02
2.2412444272e-02 5.2586661909e-02 6.1039282272e-02 -7.4366980330e-02 -2.0306163845e-03 -5.1182529979e-03 5.0424550705e-02 4.4179370925e-02 -5.6305522577e-03 3.5882702444e-02 -1.1794752525e-01 3.1983138141e-02 -4.0961503683e-02
1.1326610060e-01 -6.4024534423e-02 1.5821801400e-01 -2.5956580394e-02 -1.2277260517e-01 1.0852023739e-02 5.6574403359e-02 -4.4245161784e-02 -1.5575857414e-01 -2.9916627954e-02 -4.7882026301e-02 6.1139295400e-02 6.7897656634e-02
6.1530687796e-03 1.0367204057e-02 -2.1555507110e-02 -8.5477580674e-04 -2.9877077876e-02 -1.9847231820e-02 -1.1491865965e-02 -1.3087516744e-01 -7.6656483162e-02 -6.2723356843e-02 7.5889004230e-02 1.4564580734e-01 9.2525643668e-02
7.2629907606e-02 5.2594486791e-04 -1.3961775555e-01 5.9356983874e-02 3.3217727763e-02 -9.6969962720e-02 -1.0750616914e-01 -8.5578367298e-02 4.2229261116e-02 -4.8795859218e-02 -2.8843888579e-02 -5.7259981443e-02 -5.9227288643e-02
-2.9828475172e-02 1.1489159918e-02 -7.5896021353e-02 6.1329163805e-02 6.8594384844e-02 -4.0406600933e-02 -7.5980090991e-02 -1.1368603534e-01 1.0705331955e-01 1.9778946030e-02 -2.9206646595e-02 3.9450325460e-02 1.7429649947e-02
-8.9539941006e-02 1.5966773169e-02 -3.8249003365e-02 7.5991164199e-02 -4.4518402038e-03 -7.1726405534e-02 3.1419388757e-02 -2.0016652621e-02 -1.5459028350e-03 2.3369443788e-03 8.7017124382e-02 6.0507111799e-02 1.7971947391e-02
-8.5212110959e-02 -5.5588204486e-02 -3.7744211004e-02 -9.9986908199e-02 -5.0208264233e-02 -2.5748556673e-02 -5.6293088216e-02 -1.0570666948e-01 -3.5276658422e-02 -4.7060500362e-02 8.2597600420e-02 9.4095066578e-02 -3.7518613398e-02
6.9995691204e-02 5.1817105836e-02 -1.4850575396e-02 -2.2971087691e-02 1.4868306354e-01 5.1573898162e-02 3.1662850178e-02 9.5631502213e-03 1.2978305969e-02 -2.2566205081e-02 7.9220081708e-02 -1.6441375812e-02 -2.8780247152e-02
3.4577260960e-02 3.4715759136e-02 2.5491399059e-02 3.1322285610e-02 6.7919961184e-02 1.4554641065e-01 -2.5984051926e-02 -9.3776017238e-02 -6.2973418012e-02 -1.3394906340e-03 4.8324356816e-02 8.5284459626e-02 5.8398756998e-02
-7.1588649691e-02 7.6773471716e-02 -4.4528533985e-02 1.1608570349e-01 4.1949104002e-02 3.8022697681e-03 -1.4927224597e-01 1.0132637380e-01 1.5468880011e-01 1.8973104423e-01 -5.9505767512e-03 -1.5836117293e-01 -1.5069501909e-01
-1.0532915060e-02 5.2768109610e-02 1.4604024708e-02 -1.3179327857e-01 -6.8134829309e-02 8.6988408430e-04 -3.2373834555e-02 -9.5509973973e-02 -7.8774072578e-04 1.1476308652e-01 -5.9873560289e-02 5.1124369522e-03 1.9757931063e-02
-4.9255735626e-02 -3.0507562024e-02 -6.2056462114e-02 -1.0208104201e-02 -4.7864544663e-02 7.0044829355e-02 6.4957967766e-02 -4.4216756197e-02 2.7592192483e-02 -1.8186088043e-02 4.5064671007e-02 -6.6563273240e-02 8.7537981801e-02
-6.9400917982e-02 4.0375162679e-03 2.3346883744e-02 7.2792224271e-02 -3.3957882282e-02 1.3827821804e-02 -4.3316676417e-02 4.8076906928e-02 1.6086033771e-03 1.0490887245e-02 4.3094952857e-02 5.6758848550e-02 1.4203505411e-01
3.7271401554e-03 1.1257392539e-01 1.4705108066e-01 4.5925747529e-02 5.2944942283e-02 9.2509924586e-02 5.4405990347e-02 -5.2063157774e-02 -4.2998023902e-02 -4.2894772335e-02 -3.6941011682e-02 3.0666213982e-02 8.5310889299e-02
1.5590560113e-02 -7.8388506597e-03 1.7447818008e-01 -7.0944938688e-02 -3.0689766196e-02 1.7048132937e-01 6.6368059404e-02 -3.6116261960e-02 4.2093383391e-02 2.8305816673e-02 -3.4807815497e-03 6.2347118890e-02 8.6804939527e-02
1.0086055926e-01 -4.5577302651e-02 7.0748484947e-02 -8.0662884760e-02 9.3627625028e-03 -9.7818460735e-02 -5.2893161596e-02 -1.0203580528e-01 -8.7139652379e-02 3.9382103163e-02 -1.2458290457e-01 -3.6799611796e-03 -3.3115057279e-02
-5.3411106353e-02 -1.2850608791e-02 -1.7214424091e-01 1.3823359894e-01 1.6852918417e-01 1.3874063249e-01 1.9352021131e-04 -1.7634580057e-02 2.5292178225e-02 -2.6144956780e-02 8.1807438392e-02 -1.5408950514e-02 3.0858260845e-02
9.8722603230e-03 -2.4147078075e-02 -4.1451238351e-02 3.1340032660e-03 -1.0576412599e-02 -9.0575438751e-02 7.3925901813e-04 -7.0491885746e-02 -5.8825637988e-02 8.9707067140e-02 -9.6620358805e-02 -1.1714948404e-01 -9.0862173432e-02
2.4482337962e-01 5.4232448494e-02 2.0433084240e-01 -8.8319682614e-02 2.4375999556e-01 1.3458700822e-01 5.0129114030e-02 -7.6537010627e-02 -1.3849700915e-01 1.1360086391e-02 -7.3362452731e-02 -1.7758077694e-02 9.8379167544e-02
1.5186413990e-02 1.1359956052e-02 1.2645680686e-01 -6.9566504463e-02 7.7126688294e-02 2.5798093147e-03 7.1974035275e-02 -5.1830691996e-02 6.1060326028e-03 1.1514108330e-01 -1.7007770091e-01 -7.1782902809e-02 7.3306255259e-04
4.6103852723e-03 1.4632790212e-02 8.9659575280e-02 3.8490060794e-02 -1.4414368191e-02 6.6287496447e-02 1.3969993675e-01 3.6291524961e-02 -7.1876647416e-02 2.0407053841e-03 -8.5644034160e-02 4.3441590876e-02 7.8868080635e-02
-6.0780818908e-02 2.1362213443e-02 1.3251242770e-02 4.1357275826e-02 -2.4392229593e-02 -1.0642893420e-01 1.1521535592e-02 1.6800680193e-03 -3.6509822244e-03 -4.0855713141e-02 -3.1484326022e-02 -9.7444868478e-02 -1.3924410982e-01
7.1697010188e-02 -8.4982789941e-02 7.6797885845e-02 -3.8625456863e-02 -1.3879639899e-01 4.8484419916e-02 -1.3141617623e-01 -7.7574145789e-02 2.0015521578e-02 -1.5633653634e-02 -1.1878409096e-01 -4.0615438274e-02 1.1643453553e-01
1.0678389276e-01 -3.1011443324e-02 1.5308272487e-01 -2.9123785850e-03 -6.9817671406e-02 -7.9757694716e-02 2.2017197145e-02 -5.3856137073e-02 -1.7366398623e-02 -1.4947044377e-01 5.0190912373e-03 9.1412879112e-02 -1.6120858289e-02
-7.6661544425e-02 1.3286285883e-01 -6.5942902763e-02 -4.1514688957e-04 -8.9143504490e-02 -7.2621483816e-02 3.6093005069e-02 1.7741742009e-02 5.6659432174e-02 -1.3107113381e-01 2.5466636891e-03 8.8408396464e-02 -3.1052549679e-03
-6.8643930479e-02 6.3251015283e-02 -1.2578077199e-02 5.4379981753e-02 -8.9250488942e-02 -4.4155837794e-02 -9.5090551041e-02 -2.9465748408e-02 -2.0531937726e-02 -4.4895863631e-03 -4.2931438093e-02 -1.3995701681e-02 -4.7258270190e-02
-1.2019551830e-01 3.0506787352e-02 -3.9974936824e-02 6.8031172790e-02 -5.7461570046e-02 1.6866523549e-02 -6.8931290442e-02 -3.5476756706e-02 8.7137991161e-02 4.9540363844e-02 1.0262423173e-01 -8.1362774898e-02 -6.1123076810e-02
3.1869505875e-01 9.0815232864e-03 1.1274166690e-01 6.0881060033e-02 -3.7337866291e-02 -9.1398099737e-02 -1.1299951369e-01 -1.9295196582e-01 -2.8370563880e-02 4.3174201305e-02 2.0734404130e-03 -3.0555718818e-02 2.2297190411e-02
6.4409878037e-03 4.5716651631e-02 1.0557119311e-01 -2.2250360228e-03 2.6439188102e-02 -2.8955819724e-03 5.2332433450e-02 -2.1773701395e-03 -2.8406253575e-02 -9.8143358943e-03 -2.6554017164e-02 -3.3650841354e-02 8.0635389118e-02
-3.6913886997e-02 -6.5511033092e-03 2.1839803222e-02 -5.8395445941e-02 -2.4175149001e-02 -1.9297031994e-02 7.8195705402e-02 2.5062296537e-03 -9.1549850701e-02 -2.1461565515e-01 1.4486040650e-01 1.2403312725e-01 6.6355610905e-02
3.3969042220e-02 -3.5956273010e-02 -4.8445857152e-02 -6.3753170189e-02 1.0411560947e-01 -8.9419882294e-02 2.7454447545e-02 -9.1900321565e-03 -1.7061731698e-02 6.1591731182e-02 2.0343829036e-02 -4.3482134604e-03 3.0461732251e-02
-8.5451766190e-02 9.5683889609e-02 -1.0099398020e-01 8.6284161607e-02 1.6812315713e-03 4.0984652816e-02 -6.9087397105e-02 8.1454508038e-02 6.6394405731e-02 8.1671762662e-03 4.2973977661e-04 -1.8331228626e-02 -4.5102800510e-03
-1.2855460848e-02 9.2623869772e-03 -1.0781381475e-01 -2.7316486710e-02 -1.1244613453e-01 -7.8601203068e-02 6.6179098868e-03 1.7786591899e-04 1.0568036173e-01 4.7920746743e-02 -9.7981622483e-02 5.2522595895e-02 3.8775088238e-02
-4.0718590694e-02 9.3460894957e-02 4.7669303338e-02 1.9168427752e-01 3.0312510838e-02 5.6145609552e-02 6.2930985212e-02 5.1577631767e-02 -7.4558556321e-03 -1.1658911905e-02 4.6807776422e-02 -3.7914726563e-02 9.5642876297e-03
-4.6361779962e-02 8.9230708292e-03 1.3910448416e-02 -5.4427264341e-02 -2.7514316707e-02 -6.9355616973e-02 -7.0650946992e-02 6.0943676921e-03 -3.7287080749e-02 5.4313564064e-02 1.0035460117e-01 -5.4994701652e-02 -1.6023171189e-01
3.6998502407e-02 5.4184484867e-03 -1.4969856831e-01 -5.0276024071e-02 -2.3225790975e-02 3.2974579267e-04 -1.1107719821e-01 2.3269015287e-02 5.3191186210e-02 -6.9599127322e-02 5.8930992384e-02 2.7912300792e-02 -4.1895526051e-02
1.8879938395e-02 -5.0612082007e-02 -1.0003567405e-02 -8.8684108446e-02 -2.6757886636e-04 -3.6980460796e-02 2.9936169017e-02 4.3212306714e-02 -2.4766181475e-03 -1.7917398238e-01 6.0144019543e-02 1.8433765720e-01 3.7793331626e-03
1.3141846228e-01 -1.6637278706e-02 1.0832160449e-01 -1.1318547239e-01 -1.0059223423e-03 -1.7741051479e-01 1.5468170254e-02 -1.1079692941e-01 -1.8497765238e-01 9.6327768696e-02 4.6916927870e-02 -1.0593483354e-01 -1.4362132967e-01
-1.8206517220e-02 5.7975786306e-02 -1.4422641814e-02 -6.4712010260e-02 2.4617342236e-02 3.6324623373e-02 4.4103737679e-02 9.2472735125e-02 -7.0296037491e-02 7.1576335885e-02 -1.9865633880e-02 -8.8998909060e-02 3.4547745128e-02
-2.2155583835e-02 -1.4471675569e-01 -2.3659398941e-03 -4.9545675604e-02 6.8160167452e-02 -2.9622643105e-02 9.5419367799e-02 4.0047623940e-02 -1.0389777382e-01 9.7862663273e-02 -7.5927231773e-02 -8.8918353019e-02 -2.0256245109e-02
-3.4106370693e-02 -3.9204515257e-02 7.8577643980e-02 -2.1721745970e-01 -1.0010365986e-01 -6.6835738738e-02 3.5261347665e-03 3.1406597386e-02 2.1313430497e-02 -6.1259055306e-02 -1.6383717159e-01 4.4392131628e-03 2.0659402529e-02
1.3776414760e-01 -6.9796787489e-02 1.0559674559e-01 -2.0186214392e-02 4.4500214513e-02 -3.9280300710e-02 1.0577169234e-01 -4.3589727457e-02 -4.5433390517e-02 2.2279425099e-02 1.5865229123e-02 -9.7390049202e-02 -1.9643998391e-02
-1.1281560024e-02 -4.2366589259e-02 5.4595720913e-02 1.3580340817e-02 -7.3285288771e-02 -1.1770408907e-01 7.6895676448e-04 -1.5460905981e-02 -5.4101105931e-03 5.3933137284e-02 -2.0078079238e-02 -9.6187091715e-02 3.2145566130e-02
1.0800206178e-01 -4.6392764592e-03 -5.1783225776e-03 4.1261249471e-02 6.8121818411e-02 -4.4485440004e-02 9.4695649257e-02 -1.9612016056e-01 -7.0781890087e-02 3.9731012255e-02 -1.8795910805e-02 -1.3797023362e-02 -4.6740905670e-02
-7.8633156305e-02 1.1468032088e-03 -6.9281555959e-03 -4.7063281213e-02 4.3206289386e-02 1.0154053329e-01 -7.1959490911e-02 -7.5754911738e-02 1.0555338073e-01 1.3502942362e-01 -3.2455340544e-03 -1.4684490010e-01 4.1071316808e-02
1.6417242493e-01 1.0049393078e-01 2.7117051056e-01 4.9709708896e-02 6.4539390820e-02 -7.3439035081e-02 3.4655061411e-02 -4.4850361561e-02 -1.8725102112e-01 -3.9508454221e-02 1.6277548843e-01 5.7292506110e-02 -1.0979193357e-01
-1.0063845981e-01 8.8831358830e-02 7.5367334184e-03 1.0326688855e-01 -1.2224845419e-01 5.8948702024e-02 -2.7066762304e-02 -6.2841774163e-02 8.9164851691e-02 -1.1519375822e-02 1.0492958337e-01 3.9049922164e-02 4.1996724111e-02
2.2599201930e-02 -4.4626721563e-02 8.8410099139e-03 -8.0254755149e-02 6.1695639081e-02 -1.3831941843e-01 -3.9896179710e-02 -1.0495603101e-02 4.3072929988e-02 9.6575798273e-02 3.9749459877e-02 -3.8210456137e-02 -3.4840207324e-02
-6.7571775246e-02 4.3849395635e-02 7.8362600258e-02 -1.8428789549e-02 -3.6938439406e-02 -5.1167095537e-02 3.0853457192e-02 4.4354416514e-02 -3.0740362811e-02 -5.0883984766e-02 4.7642544562e-02 -9.6092554519e-03 -8.8590597207e-02
-3.2623241096e-02 -6.8224600706e-02 -4.8382686823e-02 3.3073403421e-02 -1.2910958097e-01 -2.8142006972e-02 8.2418589826e-03 2.0791587904e-02 1.0591374611e-02 -1.1238704887e-01 -5.6649737940e-02 -4.0021901389e-02 1.4609356612e-02
-7.2955737030e-02 -3.4934204442e-02 6.5025359157e-02 -9.9603122703e-02 -8.7017355525e-02 -5.9901330225e-02 8.0791114649e-02 7.5006112037e-02 -7.5607001796e-02 -6.8408345981e-02 5.1349413998e-02 7.7342451117e-02 1.2912879268e-02
-1.2932109898e-02 8.3589811087e-02 1.5272071565e-01 -1.7667843483e-02 1.6907655116e-01 5.1617177230e-02 1.7517720667e-02 1.7750111867e-02 -6.1859303284e-02 5.1417989455e-02 1.9125802611e-02 3.7929138399e-02 -6.6978283243e-02
