1.4202914823e-01 3.1347085048e-03 -1.1784191636e-01 -1.7289116162e-01 -8.9179138291e-02 1.9524968638e-01 1.9143478506e-02 5.8989404767e-02 -1.1975758376e-01 -7.6087856362e-02 -2.7185896369e-01 -4.6899563482e-02 5.3229542761e-02 4.0123897418e-01 -2.2536942030e-01 1.1677425657e-02 -6.3735504601e-03 -4.8133134106e-03 -8.4568364211e-02 -2.9538242946e-01 5.7567810117e-04 7.1292952459e-02 -4.3504491777e-02 -3.7111619897e-03 1.8251181623e-01 7.5745523911e-02 1.3185481174e-01 3.0002162426e-01 -1.6347825911e-01 2.4246949010e-02 3.6608094022e-01 -1.3632389458e-01 -2.9533021674e-02 -2.3945020264e-02 1.3952522401e-02 1.0595187144e-01 -2.0915486997e-02 5.1041247652e-03 8.2035170704e-02 -1.1310298570e-01 2.8597993930e-01 -8.5713218753e-03 -1.5223556152e-01 -2.5427186380e-02 9.0257738715e-02
1.5482828793e-01 -5.5678894587e-02 3.0024049761e-01 1.5814480705e-01 -1.5816783383e-01 1.5882248135e-02 1.6563202574e-01 1.2238998963e-02 3.1755118125e-01 6.0389022993e-02 1.0734080764e-01 -2.7087426441e-01 9.9077056675e-02 1.2842578368e-01 1.2459513743e-01 2.3485088123e-01 -1.2333037620e-01 7.7569875055e-02 -5.8972319519e-02 1.0775581540e-01 -1.1096090584e-01 3.5980873229e-01 -9.5633130621e-03 -3.5399864703e-02 -2.9513306281e-01 5.1410080449e-01 1.7005515695e-02 3.1912576256e-01 5.0294823002e-02 6.9974106539e-02 -1.3014461951e-01 6.8967701181e-02 7.5296599216e-02 3.1446481257e-01 -1.6256930308e-01 -1.2579394784e-01 -1.1340276892e-02 2.9089773513e-03 8.9583486965e-02 -2.0920725594e-01 -8.7291617693e-02 -6.0338602199e-02 2.5444720300e-02 2.4638713293e-01 1.5310646059e-01
1.1662947875e-01 -7.7300019844e-02 2.0774086679e-01 -3.0588362295e-01 -1.6838015842e-01 3.1616160198e-02 -4.7549100924e-02 1.4639556794e-01 -1.5880615751e-01 9.5353602096e-02 -1.8842526737e-01 6.8646034823e-02 -3.7262521913e-02 8.3412154109e-02 -6.6329338290e-02 3.3524975198e-02 -1.3835366695e-01 -4.5719826959e-02 2.1870316749e-01 -1.2835096101e-01 1.1824771864e-02 -9.4949284222e-03 2.2982767872e-01 7.3527959770e-02 -2.9216999297e-02 -2.1932193600e-02 -4.2777716697e-02 3.8758435138e-02 4.5297922423e-02 -1.8694466718e-01 3.9315847373e-02 1.7176779528e-01 -5.5548373756e-02 -1.7731110347e-01 -1.5065422417e-01 4.8434297953e-03 -4.9659267110e-02 2.1186318637e-01 -1.5860362288e-01 -1.0795552382e-01 1.9464403994e-01 -1.0238106349e-01 -1.7009794125e-01 2.8092670651e-01 2.3969628752e-02
3.3075118247e-01 7.7458463556e-02 1.4216650383e-01 -5.2604203757e-02 5.8671806555e-02 -4.7432857719e-02 2.3434046661e-02 1.7254888445e-01 1.2093487247e-01 2.3175525216e-02 -9.8552941873e-02 4.7154141852e-02 3.0502217076e-02 5.2751959610e-02 -1.1187053700e-01 9.3531600135e-02 1.6824374196e-02 -1.9328468595e-01 -6.8134923730e-02 5.0325472236e-02 1.5622813791e-02 -2.0702132553e-01 9.8543734995e-02 2.5869939008e-01 1.7569190466e-01 -5.0580868776e-02 1.1680771022e-01 2.0360015570e-02 -1.5951451819e-01 -1.1415770837e-01 1.5030519503e-01 7.4508596409e-02 -1.1215932947e-01 -1.6095662472e-01 -7.0461270152e-02 3.2132889113e-01 2.5532072621e-01 -1.2059717429e-01 -5.0648609887e-02 7.3876287248e-02 6.1660321757e-02 -6.7570417767e-02 1.1640850313e-01 3.5475745612e-02 -1.4604059322e-01
1.3564260182e-02 9.6870461238e-02 5.9436545958e-03 2.5067914957e-02 2.6594630823e-01 -1.3385055824e-02 3.7108455308e-01 -4.0088907803e-01 -1.7438266476e-02 1.0245009920e-01 -1.4821372151e-01 3.4782528501e-01 -2.1197331743e-02 -2.7989389111e-02 1.1105946068e-01 -2.1790893265e-01 -7.6093239060e-02 1.1936702459e-01 2.6556894377e-01 -1.6089986701e-01 3.8293377043e-01 -2.2766299156e-02 2.6426510659e-01 3.4445810596e-01 -1.0327630758e-01 -2.1331172675e-01 6.8954726167e-02 -9.0657283831e-02 -1.0535862399e-01 7.6787593828e-02 3.6401259871e-01 -2.5342099635e-01 9.5933546046e-02 -2.1926639471e-01 1.2752406487e-01 -1.2827924489e-01 -1.1930165181e-01 -1.9092014406e-02 1.8509371861e-01 -9.2804739684e-02 3.2031356796e-01 3.0835884705e-02 -1.1840422221e-01 1.5013264270e-01 2.9192582224e-01
-5.3334383982e-02 -8.5237768292e-02 -2.8243159000e-02 -2.7503395706e-01 -3.4726479202e-02 7.9910772013e-02 -7.4431122220e-02 7.7574486644e-02 9.6695416879e-03 -7.0907234503e-02 -2.6429581149e-01 -2.7856981481e-01 -1.6241114371e-01 6.6466782240e-02 -2.0349580953e-01 6.1512001852e-02 8.5708984177e-02 -7.4062051055e-02 2.1282410648e-02 -6.8668906174e-02 -1.1346168215e-01 -9.9190378688e-02 -1.7939811470e-01 1.5355694814e-02 -2.9837445502e-02 1.4723163972e-01 2.9924186554e-01 2.2984748201e-01 2.3938251832e-02 -4.1115651153e-01 1.3744917690e-01 -4.7522325756e-02 -1.6083403037e-01 -1.1789745341e-01 -2.6907192791e-01 1.0093552412e-01 9.0230192594e-02 8.5300278640e-02 -3.2609004467e-01 -2.6543575833e-01 2.5646023260e-02 1.9663109918e-01 -2.6727742360e-02 -7.0728158895e-02 -3.9046652092e-02
-2.9853103767e-01 -2.0458370915e-01 -7.7101801370e-02 1.4560209329e-01 3.5914522877e-02 -3.7609308246e-02 9.3944192359e-02 -2.2976153196e-01 1.1454352702e-01 2.9983933281e-01 1.4478514430e-01 1.7893071049e-01 -4.4465266146e-02 -2.8304146225e-02 -3.3005106857e-01 -3.0535735618e-02 -8.7954145206e-02 5.2637484192e-01 1.0759267235e-01 5.4224688088e-02 1.3454019999e-01 -2.8450712338e-01 1.7361237266e-01 -2.4556559199e-02 -2.3543959978e-01 1.9563326694e-01 2.7179768778e-01 -8.5692094018e-02 1.3281557978e-01 3.5124443425e-02 -7.4329346504e-02 -4.4743872902e-02 5.2389043596e-01 -1.3240669122e-01 -4.5817672880e-02 -2.1033054623e-01 -1.8978347912e-01 -4.9102590833e-02 2.7141156103e-01 -1.8902224562e-01 -7.7778249154e-02 -1.1827209543e-01 -1.0735957800e-01 3.2038844881e-01 7.6001452746e-02
2.4955205440e-01 2.8817959926e-01 6.4364494227e-02 3.4085172448e-02 1.4213896869e-01 5.3129302152e-03 -1.4155655523e-01 6.6360605049e-02 -1.6386915008e-02 -1.7500750991e-01 2.0022516228e-01 1.8993022599e-01 1.1815391412e-01 -2.5040668325e-02 2.6652112217e-01 -1.0367218688e-01 -1.0256070625e-01 -2.2675068894e-01 -4.0927041091e-03 1.3573104015e-01 3.1960055646e-01 2.4316676266e-01 -1.0355200987e-01 -3.0876531999e-02 3.2995906521e-01 -1.5068223372e-01 1.1048531569e-01 8.2202227026e-02 -6.4366438633e-02 3.6909405605e-01 2.6282111004e-01 1.3202242987e-01 2.1185210218e-01 -1.0778756392e-01 2.6938061265e-01 3.4201798559e-02 -2.7456853788e-01 -7.1569281230e-02 -1.9904754682e-01 4.9644337531e-02 4.0143952957e-02 1.3094730215e-01 8.5158782749e-02 -1.5219400545e-01 -7.6150875452e-03
2.6215311382e-01 -1.1298330277e-01 -8.2099690807e-02 -1.7624943879e-01 -1.9933862982e-01 -5.7382514006e-02 -1.3910497926e-01 -1.5971633852e-01 -6.7377731509e-02 4.1108699869e-02 -3.3331999277e-03 -4.2838100983e-02 -5.5463670047e-02 5.0895465123e-02 -3.0997066108e-02 5.3174413565e-02 -2.7648048638e-02 3.5521566166e-03 5.5095273549e-03 3.4935395797e-02 -3.3422116128e-02 7.7986545744e-02 -5.1910564947e-02 2.4270596909e-01 -1.0226461989e-01 -1.1109056042e-01 5.9087429932e-03 5.5247400198e-02 1.6188208658e-02 -8.8781507881e-02 1.7131389174e-01 2.0744926872e-01 2.2573375789e-02 1.6196311994e-01 -1.1745497278e-01 -2.5033137270e-01 2.1345041410e-01 -7.3474041138e-02 -5.1142924459e-03 -1.2232229525e-01 1.8402367683e-01 -8.7497782304e-02 1.5783285160e-02 2.0127892791e-01 1.9162451244e-01
1.1919084752e-01 -1.0647236206e-01 -1.2838058567e-01 -7.4490047304e-02 -2.8339112393e-02 1.3064298707e-01 -8.3382807917e-02 -2.5366967999e-02 7.2711820270e-02 1.4499133431e-01 1.1073741216e-01 5.4026911332e-02 -1.7780153575e-02 2.5891215060e-01 1.9877256077e-01 1.7626929870e-02 1.3603468543e-01 1.3801794463e-02 1.0403952770e-01 7.8573669218e-02 8.7363649549e-03 -6.1984967891e-02 -2.0143491457e-02 8.9245943570e-02 1.2369878995e-01 -1.0299665116e-01 -6.2745940146e-02 1.2775740927e-02 -2.6445475789e-01 -3.9942521558e-02 4.2106569491e-02 3.8574137618e-01 7.2565459334e-02 1.5274291272e-01 -1.4960976293e-01 -2.3046503949e-01 1.7245511858e-01 5.5556582223e-02 2.4436717872e-01 1.0234442330e-02 3.5823324167e-02 -2.7589115967e-01 -8.4295302221e-03 -5.6726705408e-02 -9.5766716751e-02
-1.2396758765e-01 -2.2879094827e-01 -9.9904299558e-02 3.3893008107e-02 -3.1530457836e-01 -6.6836485586e-02 -8.4550400864e-02 2.6437598378e-01 -8.1436797028e-03 6.0888863410e-02 -2.6721127655e-01 -5.9961958689e-02 -9.7026677695e-02 -1.0221854353e-01 -8.9325246380e-02 1.3056230110e-01 -8.7904657911e-02 -1.7208794198e-01 -6.2034022021e-02 -1.1469379395e-01 6.0941510506e-02 -2.8417769311e-01 -1.3493123313e-01 2.7793973746e-01 -1.9036839396e-02 1.5333187174e-01 7.0334071351e-03 -1.5221532380e-01 -2.2261956566e-02 -3.3617399301e-01 9.6854393913e-02 -1.2912387864e-01 1.7753886018e-01 -4.7390649409e-02 5.8163674450e-02 -1.0763651339e-01 -1.5664932593e-01 -1.0575867855e-01 -1.2080620096e-02 -1.3873006131e-01 1.3299680218e-01 -1.7036704834e-02 -1.2797546529e-01 3.3274626002e-02 1.6173172606e-02
-6.5924634482e-02 3.9325700389e-02 2.6393855446e-03 1.6052838273e-01 1.6091808796e-01 9.5522767828e-02 1.8990092901e-01 -2.9065872073e-03 1.1889377879e-01 8.3184168150e-02 -2.3583636789e-01 -6.0162389434e-02 4.2669619846e-02 -6.4575298568e-02 3.1376733379e-01 6.0833044875e-02 -2.2056885617e-01 -2.9186491009e-01 -2.6113914795e-01 2.0652862142e-01 6.4230327959e-02 -1.0870767664e-01 4.3645534135e-02 -2.2825826501e-02 -8.7194227449e-02 -2.3876615825e-02 1.5283697260e-01 7.3594050280e-02 1.6817791195e-01 -3.7108774576e-03 -5.0759683809e-02 3.5039745289e-02 -2.6052730260e-02 1.3627951636e-01 8.0316536588e-02 4.9982500322e-02 -9.0756974717e-02 3.3024759253e-01 1.4356018057e-01 7.1680209856e-02 -1.2831840997e-02 -7.2718267808e-02 -1.0186577376e-02 -1.8907709634e-01 -1.9407986928e-02
-3.9244383197e-02 1.0936627975e-01 7.8110835350e-02 2.7208838265e-01 1.2849389833e-01 -2.0481111883e-01 -1.0616928656e-01 -9.0910424457e-02 -2.4477405401e-01 -7.4405947054e-02 -1.2102976641e-01 5.9568474410e-02 1.4944111864e-01 -1.3127579383e-02 3.3545456257e-02 -8.7558300505e-02 1.2610771697e-01 7.3454187901e-02 1.6270099158e-01 -1.5994995487e-01 2.7589742000e-02 1.1749058600e-01 1.5027943750e-01 -1.9883028757e-01 -1.1468795729e-02 1.5396835585e-01 6.0809394291e-03 -2.0613572398e-02 2.7183891950e-01 -1.8649591883e-02 2.7956182083e-02 9.2724414182e-02 1.9363627365e-01 3.4072173283e-02 -9.8859903169e-02 4.2335293217e-02 -1.3511420307e-01 -9.8369754354e-02 8.4858959634e-02 -9.8185282725e-03 -5.3317384136e-02 -2.1246837932e-01 -1.6703274167e-01 -1.3254996703e-01 2.0376435162e-01
-7.3670752345e-02 3.0171862770e-02 1.2813092949e-01 8.4988572922e-02 8.2679697359e-02 -1.7749708231e-01 2.5903809992e-02 -1.6237343449e-01 -9.5668068107e-03 -1.0901407256e-01 -2.5430988051e-01 7.0413170903e-04 -1.7455005905e-02 -5.1294665017e-02 -4.9046475876e-02 1.6548597393e-01 -3.3886997498e-02 8.9503855467e-02 -8.3071530278e-02 -6.8436032570e-02 -6.2983451278e-02 7.4831962269e-02 -4.2192028432e-02 -1.2011506585e-01 1.0567603217e-01 1.4718952793e-01 -1.0106084379e-01 1.5165644299e-01 1.3218440564e-01 -7.9745395287e-02 -2.6687786660e-02 7.4846129800e-02 1.9822640370e-01 -1.3001474037e-01 6.9993328671e-02 2.0160186292e-01 -6.4369228565e-02 3.7997362779e-03 1.1216288426e-01 5.4967574905e-02 -3.3830699856e-03 2.4477790437e-01 -5.9587185202e-02 -3.0102958373e-02 -3.3115490541e-03
-3.7523080865e-02 8.1486516665e-02 2.9612980621e-01 1.4876021947e-01 -9.4386660341e-03 -2.2886177525e-01 6.1547282260e-02 -1.4969040121e-01 3.9738995097e-01 -1.5505653517e-02 2.8656006497e-01 -3.0816595780e-02 -1.6883709769e-01 -3.4146845736e-01 5.4432932711e-01 5.5651536710e-02 -1.1539960500e-01 2.7140221426e-02 4.2841589774e-01 5.4933248996e-02 2.2480621667e-01 2.9429258575e-01 2.2833254874e-01 3.6409828173e-02 -2.0024427255e-01 4.1916425639e-02 2.6038230515e-02 -2.1846761973e-01 9.5977931913e-02 2.0329475817e-01 -1.5845384418e-01 1.1407115170e-01 2.8295174884e-01 1.0109320272e-01 -1.0619976918e-01 7.8160241086e-02 6.7838833329e-03 1.8998866992e-01 1.2131575056e-02 -1.6273980019e-01 -3.1456735691e-02 7.2621317016e-02 -1.3585333239e-01 -2.5872189968e-02 9.7621373733e-02
-5.3709983269e-02 -1.3806425892e-01 -6.9979953082e-02 1.7260631495e-01 2.6571852575e-01 1.9077184080e-02 1.4214053448e-01 -1.7840867740e-01 1.0942960263e-01 8.2453817387e-02 2.6828912595e-02 2.2905284520e-01 -1.4529594794e-01 -1.8288973434e-01 2.0776516131e-01 -7.1452626226e-02 -2.1447399700e-01 1.5114327779e-01 8.5112261001e-02 1.6251264009e-01 -1.1937439002e-01 1.7549260735e-01 2.1739181257e-02 -3.0708041785e-01 -1.6527849929e-01 -2.9827452199e-02 -5.3389132396e-02 3.8111314121e-01 -1.9772999158e-02 2.1855684952e-01 -3.2380782932e-02 -1.9845295492e-01 -5.9212485259e-02 -4.4313233351e-02 1.3922227146e-01 -6.5573951787e-02 -3.5723317084e-02 6.1605026704e-02 3.8571443544e-01 2.3328041946e-02 1.7257351669e-01 -7.9192203542e-02 -1.0052112370e-01 1.5159825332e-01 1.2181331351e-01
2.6681196986e-01 -3.5921984599e-01 -3.8580032726e-01 6.2448414839e-02 7.6321219453e-02 6.7246183439e-02 -2.7557177909e-01 -5.9010489455e-02 -2.5826807341e-01 -9.4807247166e-02 -4.5941849906e-02 -2.5649335642e-01 3.7064052782e-01 -3.1782373752e-02 6.6933211524e-02 2.3338592576e-01 1.7111969053e-01 -6.0351436053e-02 -2.1068324743e-01 -1.1870924575e-01 -3.1683409929e-01 4.7674663912e-02 -4.5584325890e-02 -8.7979325310e-02 2.8284514709e-02 4.0594179631e-02 -2.5476100673e-01 -4.7034636326e-02 1.2088230465e-01 3.7922528575e-02 -2.1429844680e-01 -3.3070371076e-02 -3.4865867588e-02 1.3906739803e-01 1.0600608279e-01 -1.9472416304e-01 2.2689578879e-01 -1.1360480147e-02 -5.2398553045e-01 1.1394093388e-02 5.9422172175e-02 -5.2003629296e-02 2.0869089652e-01 2.1946018864e-02 -1.9591422378e-01
-4.2183327130e-02 3.8483008775e-03 5.6889742177e-03 -1.3762882510e-01 4.3804170802e-01 -2.0280835249e-01 -2.1525894543e-02 -3.3583012310e-01 1.4782562255e-01 7.0243909140e-03 5.5662640048e-02 -3.2504136833e-02 -1.0358641183e-01 -2.8522413123e-02 6.5038821738e-02 2.4106151284e-01 -2.1566304474e-01 1.0065924682e-01 -4.6560590316e-02 -5.6569884383e-02 -1.5831345923e-01 2.1893092640e-01 1.4363222296e-01 -1.1574128506e-01 -8.1075764281e-02 -2.0449726047e-01 -1.6386842260e-01 -1.0868320585e-01 1.3537825850e-01 2.3585642911e-01 -2.1878725515e-01 4.2635199248e-03 4.0122440466e-02 1.9146161238e-01 -2.9332232095e-02 -1.3728739891e-01 -1.6048707690e-01 5.2267513112e-02 1.8209583538e-02 2.0527934670e-01 -2.0648876282e-01 2.6714233940e-01 1.7158254498e-01 1.2969808674e-01 -4.5035936273e-02
2.0215741444e-01 -1.3678239231e-01 9.6753971783e-02 -4.9641752958e-02 4.8392066794e-02 6.1003658039e-02 1.6026369472e-01 -1.0658794672e-01 6.7475460865e-02 8.7658219230e-02 -2.9820115802e-01 2.6061011445e-01 -3.0495777693e-02 3.2370379182e-01 -7.4154692349e-04 -1.8617038382e-01 -1.0033620015e-01 -6.0544207567e-03 -1.5010960462e-01 -2.2589875262e-01 1.5841452557e-01 1.2591406943e-01 4.7450493299e-02 1.1407966797e-02 -1.7252986037e-01 -1.1222930407e-01 -4.2337458894e-02 1.1322810614e-01 -1.7583393025e-02 1.1872706493e-01 -1.0669383290e-01 -1.1075692027e-01 4.6803184297e-02 -1.9623474377e-01 3.4162138034e-02 -1.9973388078e-01 -1.3436638754e-01 1.7768607295e-01 2.5644676094e-01 -1.0912966460e-01 1.1300300527e-01 -8.1810877625e-02 -1.7950151342e-01 1.3296471442e-01 2.3357166922e-01
9.8930977981e-02 -1.2261711577e-01 -1.0941006926e-01 -2.6450925882e-03 -3.2754059772e-02 1.2615863480e-01 -1.8317047425e-01 -2.3800209364e-02 -1.1396911606e-01 -1.3827965775e-01 6.8906305547e-02 -1.1327667389e-01 5.2268419112e-01 1.4409061850e-01 2.6649876419e-01 -9.3371418698e-02 3.2514107015e-01 -7.5440577433e-02 7.8137354342e-02 2.7003457568e-01 -1.1756445475e-01 2.5767484285e-01 1.5305612062e-01 3.2910855809e-01 1.4480404333e-01 1.4817869539e-01 -2.2535834214e-02 -2.1420806624e-01 -6.7738689543e-02 3.4852834744e-01 -1.1151162491e-02 1.6633733974e-01 -5.4619967535e-02 -2.6053785071e-02 1.8219587556e-01 -2.1135578673e-02 -2.4987796378e-01 -5.0104851621e-02 -1.3287864809e-01 7.7430558874e-02 2.5544073099e-01 8.0993063147e-02 1.0138760860e-01 -3.0026256396e-02 7.6546835798e-02
5.5862773007e-02 -1.5919842221e-01 -5.3480795184e-01 4.7610906714e-02 -7.8278262373e-02 1.2092589954e-02 2.7723828491e-01 -2.2703595608e-01 -2.2845452011e-02 2.7098133868e-02 -9.7150462465e-02 3.7284012967e-01 5.1685977804e-02 4.8396435292e-01 -9.3902737501e-02 -3.4432164855e-01 6.1038909834e-02 2.4158244618e-01 2.5799174438e-01 -4.2908434978e-01 2.4786006396e-01 4.3062051559e-02 -4.4281841345e-02 4.8985411218e-01 -4.1982307025e-01 -4.9573602915e-01 -2.6373108074e-01 7.3764249439e-02 2.2039690141e-03 1.1988717982e-02 2.3155414881e-01 -8.4270500844e-03 -1.6459386239e-01 -9.0954949710e-02 -3.4654542363e-03 -3.3402667115e-01 -2.2812978324e-01 2.8956376283e-01 1.7433865174e-01 -1.5131967131e-01 4.7138035691e-01 -1.2217187978e-01 1.1909093491e-01 1.2832704248e-01 1.3896819117e-01
9.1196206260e-02 2.1129103479e-01 -1.2125280454e-02 -2.9532499205e-01 -2.7442875038e-01 2.4392173728e-02 8.6785050245e-02 -9.2002197607e-02 8.5765681534e-02 2.1497322714e-01 -6.5380088872e-02 -1.4735218705e-01 -5.9362106298e-02 -4.5214020470e-02 -3.6704641700e-02 -3.8891286922e-02 2.7160270806e-01 4.1447108352e-02 -1.3795038233e-03 9.5199849838e-02 8.4431299583e-02 -2.0920580573e-01 1.0496597059e-01 2.2602831406e-01 -3.4156937507e-01 1.2004516338e-01 -1.3321320248e-01 -2.3173780064e-01 -1.4917187378e-02 1.9591062594e-01 -6.2324495491e-02 -2.0356465557e-01 -4.4734063348e-03 1.2343292281e-01 4.8221836857e-02 -6.4995736316e-02 1.6614336102e-02 1.6988019389e-01 3.0365879964e-02 7.6331966552e-02 2.9100944457e-01 -2.0689119867e-01 6.0570371729e-02 1.9360473555e-01 -8.3410979569e-02
-2.6009935085e-01 -1.9266338002e-01 -2.7151380904e-01 1.7519315457e-01 1.5821502162e-02 -5.6239647852e-02 6.0000983274e-02 8.7021909062e-02 2.5721566279e-02 -1.8293039981e-01 -1.7046143728e-02 -1.4272834801e-01 2.3893732702e-02 -3.2460803240e-01 -2.3018908322e-01 2.5488660931e-01 -8.1483031499e-02 1.3657067377e-01 -5.9887299233e-02 2.0883607431e-01 2.3876953947e-01 -6.4398921761e-02 8.1713431738e-02 -1.9878619644e-01 -1.9932452035e-02 1.3411506498e-01 1.3803545379e-02 -2.1485231758e-01 9.3415207725e-02 -2.4407034211e-01 -6.1454388055e-02 2.7567750744e-01 3.2423951116e-01 -9.4442576959e-02 4.4447050602e-02 1.1892909165e-01 3.4953566202e-02 1.2331117658e-03 1.2513543036e-01 5.7463305449e-02 8.4669404750e-02 -8.5170651761e-02 9.9734384090e-02 2.1922334662e-01 1.4434603865e-01
-1.3102495359e-01 1.0506182708e-01 1.8602470263e-01 2.5212015800e-02 -4.9647019243e-02 -3.1852603441e-01 -1.0700608314e-01 1.4804015363e-02 1.4092282251e-01 -1.9507722765e-02 -2.7011977663e-01 1.9836860553e-01 -1.0054353487e-01 -1.6164132427e-01 -2.4706278677e-02 -2.5399102168e-01 -1.8597705500e-01 6.4282035851e-02 2.3646451008e-01 -2.3538178393e-01 2.3761046670e-01 -3.6428550768e-02 -1.1911520532e-02 -5.0687607213e-02 2.1061363458e-01 -2.2080344742e-01 1.4973684947e-01 -1.2378612032e-01 -1.9490894713e-01 9.3082020921e-02 1.6816626794e-01 -2.4480348707e-01 1.8392893879e-01 -1.1878582636e-01 1.4703912211e-01 2.6341684291e-01 -2.3636191255e-01 1.5865126574e-01 -6.2651973304e-02 2.0495668985e-01 1.9089050234e-01 1.1914563913e-01 -2.3196591120e-01 6.3710603585e-02 2.7519466652e-01
-6.0519684185e-02 -2.0160839849e-01 -2.4119489648e-01 2.3027659537e-01 1.8607983569e-01 -1.5166391989e-01 -1.4412643866e-01 5.1075609367e-02 1.6072129815e-01 7.7246640191e-02 7.7265610397e-02 -5.7802648706e-02 1.9175715576e-01 -2.2284269505e-01 -1.5876629347e-01 4.4223628474e-02 -2.5407997642e-01 8.4211141323e-02 -7.6221929234e-03 -1.5282203691e-01 -4.0231322484e-02 -1.3586212972e-01 1.0652471496e-02 -2.6236628916e-01 2.9779621868e-02 -1.8144148618e-01 -4.3450285334e-02 8.4572724049e-02 -4.1826359644e-04 1.0741526043e-01 2.7407832394e-01 5.4235865229e-02 -1.2848163848e-01 -1.1488304772e-01 4.2408337709e-01 3.7886731605e-01 -1.5922378826e-01 2.0447123526e-02 1.8695018072e-01 2.1363652491e-01 2.0797984064e-01 1.8596266679e-01 -9.5308569849e-02 1.2760555265e-01 -9.4095331693e-02
5.0664063826e-02 1.4229415426e-01 -6.2333923779e-02 1.0324582918e-01 -9.2435741905e-02 -4.7683639517e-01 7.6429362977e-02 -1.5655571265e-02 2.0611740744e-01 3.7222981080e-03 6.2543788808e-02 2.2406284550e-01 1.9848737612e-02 -8.0606830755e-02 -9.5871216751e-02 -2.5315618654e-01 9.7943224834e-03 8.0826279254e-02 1.4372677125e-01 -2.5626535399e-01 2.6184633624e-01 -9.0973586652e-02 3.8812322956e-01 1.4636796769e-01 -7.4571746362e-02 -3.0725267618e-02 2.8288088480e-01 -3.7463730325e-01 -1.8815981512e-01 8.0101113662e-03 2.0593802489e-01 -2.3538676918e-01 2.6325621056e-03 -1.6782387690e-01 3.8838435949e-02 -1.6033344464e-02 -1.2044981772e-01 1.9405220053e-01 3.8630841227e-01 -2.6174092576e-01 -6.4652040005e-02 -1.3383916142e-01 -1.7636873558e-01 2.8126639717e-02 1.5117884104e-01
-2.2878122381e-01 1.3129633219e-01 -1.0767467830e-01 -1.3281683084e-02 1.4527062783e-01 -7.3438867586e-02 4.6950091539e-02 -7.5035334435e-02 -2.0912135418e-02 -1.8599114068e-02 -2.2753511269e-01 1.6731638770e-02 -5.6648701949e-03 -9.4717833135e-02 -1.9211712792e-01 1.5520966303e-01 -2.2520574914e-01 -6.0163531655e-02 7.1436123443e-02 -5.5079896521e-02 2.7376459453e-02 9.5945643091e-02 -1.3104717990e-01 -2.3017234382e-01 3.4150357563e-02 -1.2424664187e-01 -1.6014286366e-02 1.3008035067e-01 -1.4239758464e-01 8.0699081781e-02 -2.2657353840e-02 1.4674465322e-01 1.9005117876e-01 1.3424983317e-01 2.2172999575e-01 -4.8655712592e-02 -1.9713654088e-01 -6.7022683368e-02 9.3219470022e-02 -5.8909657131e-02 -9.6712916451e-03 1.4532661851e-01 9.2384525274e-02 1.3781834667e-01 2.6995977604e-01
1.8764072686e-01 -1.5998663962e-01 -9.1550080366e-02 -2.4320477323e-01 -2.0292020821e-01 9.9717114534e-02 -1.8007104847e-01 1.5985614487e-01 -1.8685972072e-03 3.6989110636e-02 -1.4144103767e-01 -1.7952478214e-01 1.0078288201e-01 6.6530357576e-02 1.4691019212e-01 1.6101373861e-01 -1.6185698789e-02 9.3906087203e-02 -8.0068651490e-02 6.1686760744e-02 1.5562058009e-01 -2.5881810165e-02 1.5631913139e-01 2.2354661243e-01 2.8058075656e-01 -2.1463343757e-01 2.2483851782e-02 1.8460960621e-01 -3.9123774285e-02 -5.8245203839e-02 -1.8446147890e-01 -5.4554124029e-02 -3.9962284577e-02 1.8695062487e-02 -1.1879912371e-01 -8.7251603338e-02 -5.4371840040e-02 8.5976816559e-02 1.8965595103e-02 3.3458037361e-02 8.3691567697e-02 -2.2877921420e-01 -5.3392170627e-02 3.0734084947e-02 -1.6274635579e-01
