7.5099178178e-01
-3.4760087137e-01
1.3134691607e+00
9.2862826079e-01
-2.4499833575e-01
1.5988621842e+00
-1.2078263357e-01
2.3325336554e+00
2.4082502413e-01
-5.3706195584e-01
1.0325976369e+00
1.1471642077e-01
-6.6175325582e-02
2.8801132616e-01
5.2935605191e-01
-1.3449952773e+00
1.9933490836e+00
5.6579416114e-01
1.4031373601e+00
-8.2232507961e-01
-5.1023810484e-01
4.7240190333e-02
-4.1877285357e-01
6.4990650608e-01
-4.9926400504e-01
8.3370984869e-01
-3.9291877936e-01
-7.5222890808e-01
-6.2510656339e-01
-1.8192176842e+00
-8.5857122129e-01
-7.8758907844e-01
7.9486566275e-01
9.1661176489e-01
-3.7657286851e-01
7.4496603100e-01
-1.6037125049e+00
-4.5445928543e-01
1.9158694583e+00
-1.1172456990e+00
-4.5706096461e-01
-2.5481442191e-01
1.0414909323e+00
-4.9947679078e-01
-1.3595023988e+00
-5.7892198574e-01
-5.4130324700e-01
3.9408624744e-01
-7.7590045767e-01
7.5217028346e-01
-6.3193575548e-03
2.0371444971e-01
-9.8242011303e-02
1.4370106911e+00
-1.3489543730e+00
-2.8561427026e-01
1.3636736483e+00
1.0534940097e+00
-3.5938022960e-01
1.5415848965e+00
4.4875512300e-01
-2.1512851087e+00
-4.2985529905e-01
-7.6775564568e-01
7.5373199454e-01
3.7485206237e-01
7.1681968622e-01
1.1661420109e-01
7.8238491977e-01
-1.1928075640e-01
2.8334164112e-01
6.8645542640e-01
-7.6367604118e-01
1.2147122761e+00
-3.6171329394e-01
9.2100807296e-01
1.1620189989e+00
8.5214663045e-01
-6.7319387630e-01
1.2469342477e+00
-1.3407518630e+00
-1.0065779701e+00
2.3425180720e+00
-2.6891083215e-01
1.7152071252e+00
9.4470760171e-01
3.8065531608e-01
