1.2756886204e+00
-5.6105466587e-01
-3.8345689167e-01
7.8510693550e-01
-1.0219137352e+00
-3.5240307586e-01
-4.3441531894e-01
-2.7288956109e+00
1.1204642244e+00
-2.7916400133e-01
-7.9803815496e-01
1.2132194888e-03
1.3083486347e-01
-1.4351729450e-01
3.2060375612e-02
4.2441017154e-01
-2.8750875796e+00
2.3776705643e-01
-5.6121926611e-01
1.9757825445e+00
6.7640803057e-01
-1.2719806712e+00
-5.6368290747e-01
8.0164803156e-01
1.1643527866e+00
-1.4378808224e+00
5.2548112536e-01
6.1891732610e-01
-2.8407734404e+00
4.9555128827e-01
-1.7953509674e+00
-6.0241755841e-02
6.7756013910e-01
-7.7781742340e-02
-1.5770496398e+00
-1.1991495643e+00
7.7075727454e-02
8.8603118016e-02
5.3908023365e-01
-9.1227911220e-01
3.5137489636e+00
1.0388209834e+00
1.7354752120e+00
-9.8648399888e-02
-2.0123289555e+00
4.7302837943e-01
4.8859983428e-01
-2.1941318767e-01
1.2661434761e-01
2.9636476154e-01
2.1801381197e-01
-2.1845307992e-01
1.6770686432e+00
-4.9870890211e-01
8.0032230282e-01
1.0183276962e+00
-1.1766487186e+00
1.1701557126e+00
-1.1351475043e+00
-4.4149795762e-01
-9.1282646607e-01
-3.0978648691e-01
8.7599659337e-01
-3.7589549801e-01
-1.0250728748e+00
-7.6292320996e-01
2.9476404097e-01
-1.0076429962e+00
8.0998187253e-01
-1.8370276360e-01
-8.3181387776e-01
-1.1142611160e-01
6.4473605359e-01
4.8754552930e-02
-1.3665762066e+00
4.9414844368e-01
-2.1384950107e-01
-1.0673016356e+00
8.3620127939e-01
-1.3118945582e+00
-4.7974117348e-02
-4.9151694396e-01
1.0052396764e+00
8.0017150695e-01
-1.3352995230e+00
-4.6206766600e-01
-4.6944912489e-01
1.7091254532e+00
-6.9626809284e-01
6.6119550039e-01
-1.2090820995e+00
6.9320006644e-01
-1.3584466813e+00
-4.7527655893e-01
3.9247522123e-01
-1.3546733035e-01
1.1143349776e+00
