2.2336438970e-02 -6.6514846830e-02 -2.9203663684e-01 1.3621623786e-01 5.5513427076e-03 -4.7972587638e-02 2.9936321800e-02 4.5296246567e-02 -1.5668552033e-02 -8.8172226847e-02 5.8684802227e-02 -8.7996757975e-02 7.5173895971e-03 3.7764619596e-02 1.4491589868e-01 1.4678929851e-01 1.0075347290e-01 -7.3117254336e-02 6.8465254012e-02 -7.9112160886e-02 1.1559611467e-01 7.2365783961e-03 7.0500962600e-02 1.0597822978e-01 -1.0170191102e-01 4.5009119950e-02 -6.8255541029e-02 -5.9325801749e-02 1.2932404332e-01 1.7991271981e-01 -1.6325456260e-01 6.2756664173e-02 -5.7206338744e-03 -4.1816133846e-02 -6.5663640892e-02 -5.6817717462e-02 1.1255825226e-01 5.9400924059e-03 1.0221080357e-02 1.7304437814e-03 8.7123874368e-02 -1.1042014089e-01 5.6437486925e-02 9.2332666003e-02 2.9243842621e-02 7.3542055599e-02 5.5600587106e-02 1.4908291086e-04 -7.0195598438e-04 4.6137229824e-02 -3.5033871444e-02 1.0775879923e-01 1.2885993043e-01 -2.0819855507e-02 3.5990072230e-02 -7.3353899978e-02 -1.7110830750e-01 -7.8844679878e-02 -2.2833811472e-02 4.2661139180e-02 1.6988349055e-01 2.7139784349e-02 1.2801054859e-01 2.3352474709e-02 -6.4301434312e-02 5.3104812643e-02 1.8324802316e-01 1.8122128688e-01 1.7255265601e-02 -5.5659359740e-02 -1.2111539369e-02 7.2676460167e-02 -1.3211228272e-01 -1.5892138018e-02 -1.2323576840e-01 -4.3030284038e-02 -1.7305216942e-01
-3.5564757747e-02 2.9274019204e-02 6.2797708151e-02 -1.5916843428e-01 -5.8479693790e-02 -8.9828364341e-03 -9.2957079393e-03 -7.9256588003e-02 -4.7109018880e-02 -1.2186766872e-01 -7.8552448788e-02 1.9682910207e-02 -1.1363523891e-01 1.0101391889e-01 -7.6306114917e-02 2.4307913326e-02 1.1217839364e-01 2.2969832017e-02 -3.2489119096e-02 3.9266883770e-02 -2.7058022736e-02 2.4217575581e-01 1.8391651912e-01 3.1322423837e-02 -2.9901627187e-02 6.0806369655e-04 1.6803670249e-02 -1.1531016307e-02 -1.4365003208e-01 -6.3836778270e-02 -7.0135852868e-02 9.2375678145e-03 1.8614411760e-01 -4.4133939478e-02 -6.0397028937e-02 -9.6747118087e-02 2.8889360303e-02 3.5251589210e-02 -1.5882488878e-02 4.1850294647e-02 -6.5302917532e-02 1.9413205492e-01 -1.7884836901e-01 -9.5089133771e-02 1.4550734029e-01 1.2092399668e-01 -4.6568598565e-02 -5.2721192477e-02 1.1894023659e-01 4.6293025282e-02 -8.1383349238e-02 -1.1237564706e-01 -1.0738300879e-01 -8.5258190279e-02 1.2790104581e-01 4.3593426135e-02 9.2130729901e-02 3.4973305060e-02 1.2261275529e-01 5.2510258965e-02 -4.8757671193e-02 -1.3049503542e-01 -3.9122443984e-02 -5.8404216258e-03 4.5519569248e-02 1.6641742542e-02 -1.9344087118e-02 -1.1556126924e-01 2.9446509440e-03 1.4279462408e-01 -6.2325665964e-02 -1.0773802546e-01 8.0447366156e-04 6.4583763436e-02 4.8570179799e-03 1.3910936783e-02 -4.8762997466e-02
8.7963744947e-02 7.2616650147e-02 3.6397203274e-01 -1.3376543629e-01 -1.6370343385e-01 -7.1250554182e-03 -3.2851364468e-02 1.8984392525e-01 -5.1072180239e-03 2.3183838458e-02 -9.5163131925e-02 -7.3529382801e-02 2.4310908441e-01 6.0415355095e-02 1.1387191442e-01 -1.0605013082e-02 -1.7270646539e-01 9.6780018135e-02 -1.3205820626e-02 -1.9584311125e-01 -2.0379721494e-01 -3.6128323482e-02 -8.7819741066e-02 6.3958882317e-02 -3.0577937561e-01 1.2320888565e-01 -3.0600764495e-02 2.3129564454e-01 1.7684883395e-01 -4.3763083614e-02 -1.2877565432e-01 -5.1605597084e-03 -2.3928475700e-01 1.9759723465e-02 -1.1934791699e-01 -1.1902898256e-01 7.4848883762e-02 -2.1386094084e-02 2.7440185756e-02 6.9768496345e-02 -3.3755119006e-02 2.7030794195e-01 4.6780324320e-02 8.2199945517e-02 2.8961842158e-02 6.4786396163e-02 2.1072082868e-01 1.3218447817e-01 -5.7569589177e-02 2.9953737340e-02 1.1260833615e-01 2.5599434697e-01 1.0458721814e-01 -4.4517217514e-02 -1.1563506222e-01 1.3732973958e-02 -3.6881519378e-02 -1.2918335281e-01 9.3088892045e-02 -1.6907692259e-01 6.0008012269e-02 5.4186012001e-02 2.0851265099e-01 5.3763669725e-02 -1.7935562262e-01 1.0066070601e-01 -8.9855360383e-02 2.8008984817e-02 3.4839147610e-02 -6.3424476086e-02 -1.6686533638e-01 -7.0943088180e-03 1.1525876879e-01 8.9369054690e-02 -4.8646426558e-02 -2.4776193806e-01 2.7734704381e-01
-2.8137772538e-02 -8.1506327768e-02 -1.1134430389e-01 -6.1854358260e-02 8.3894085754e-03 1.9316592832e-01 3.1384499565e-02 -6.8532053414e-03 9.9343094208e-02 -3.7446746471e-02 -3.5846723321e-02 1.5516418161e-01 -6.0635432663e-02 -1.5077973420e-01 1.0573876678e-01 -6.5593832053e-02 3.9923093584e-02 -3.7470905191e-02 -9.2511276512e-02 2.1647607496e-01 -8.8516844638e-02 -9.8313825957e-02 -5.0777535867e-02 -5.1186615606e-02 1.5280835404e-01 1.3058990946e-02 1.5754014524e-01 -5.8023990744e-02 -2.2472111987e-02 -7.0070005250e-03 -4.6189009419e-02 2.1304324403e-01 5.6650643232e-02 -1.3470341462e-01 4.1563859684e-02 -6.9681054145e-02 -8.1933606524e-02 -1.7703644419e-02 -9.5866507099e-02 -7.7321679273e-02 -1.2795312541e-01 -1.6579065380e-01 -5.5273729673e-02 6.9881026838e-02 2.0680732431e-02 -8.4905210432e-02 -1.0044054359e-01 6.0571131582e-02 1.1348216036e-01 -1.0953570504e-02 1.0112730587e-01 -1.8744451106e-01 -1.3029712098e-01 5.4121826170e-03 1.2057476812e-01 5.1744058031e-02 8.3975358427e-02 7.6112139851e-03 -1.1936990928e-01 2.2372531832e-02 6.2884697328e-02 -1.0801843113e-01 -2.2488560082e-01 -9.9695533197e-02 1.3144198841e-01 -8.3880041166e-03 1.5060171600e-01 -1.0011484822e-01 -1.2670779811e-01 -1.3673391135e-04 1.3375482465e-01 5.4927203587e-03 4.4651639393e-02 -1.1420281906e-01 -4.7725278218e-03 -3.0794480218e-02 -1.3592905998e-01
1.8882852991e-02 6.4260324627e-02 4.6826938914e-02 1.2598173993e-01 -1.3718744102e-02 -1.1996957959e-01 4.8286943672e-02 -7.9354426260e-03 -4.7495884080e-02 4.4769032760e-02 5.0988979627e-04 6.2308131916e-02 1.1376402323e-01 1.6462937142e-01 9.1313257893e-02 8.9025449245e-02 -1.1804636440e-01 3.0664188050e-05 8.0537706734e-02 -1.2695097260e-01 3.9270222449e-03 -5.8766643501e-02 -4.8194401793e-02 5.9273170304e-02 4.7847051411e-02 8.6857960116e-02 -1.6550497533e-02 1.3349924686e-01 9.1479726830e-02 1.3823696183e-01 -2.0587398524e-03 -1.5334048194e-01 -9.3556363312e-03 6.5917287193e-02 -4.0428751376e-02 5.1401358187e-02 -1.4711521424e-02 -8.6140388038e-02 2.9097601149e-02 -2.2294161854e-02 -3.4908286134e-02 -5.3304192014e-02 1.0436461407e-02 -8.8383539617e-02 1.2237122861e-02 2.6654315024e-03 9.6552178346e-02 -4.4295335890e-02 9.3201431386e-02 2.2185444283e-02 -3.2993888645e-03 -3.2497646068e-02 9.0297598527e-02 -9.3283798020e-02 -2.2948203461e-02 -6.5055487190e-02 5.1299283832e-02 -2.4326104258e-02 -1.1546583043e-01 2.2971904877e-02 -5.5948796022e-02 -6.8570907778e-02 9.0766846874e-02 -5.7721790114e-02 -9.5678926148e-02 -1.0332126297e-02 8.1468542093e-02 2.0468016992e-02 1.1379180811e-01 -8.8470450142e-02 1.2423192382e-01 7.8675649339e-02 -6.5654485306e-02 -1.9650681789e-02 4.3115602667e-02 1.6318944122e-02 -4.5783833057e-02
4.2393752859e-02 -2.0477827230e-03 -7.4155090971e-02 1.2608373117e-01 5.9041029890e-02 -1.7044259544e-01 4.0062119987e-02 -1.0717479110e-01 -1.2709937076e-01 6.4633934290e-02 -1.1977029118e-01 -1.0998391991e-02 -1.1659971120e-01 2.8576387268e-02 2.9601741675e-02 -3.7909160745e-02 -1.1746822608e-01 -1.3965430244e-01 4.3162726188e-02 5.2363554774e-02 -7.9079894989e-02 -8.2459516068e-02 5.2531640134e-02 -7.9206450293e-02 6.5760235176e-02 1.8516857340e-02 -5.9558613545e-02 5.5089058944e-02 6.2317180878e-02 9.4099322958e-02 8.5109895539e-02 -7.6811558939e-02 4.8465671287e-02 -8.3003606478e-02 5.5411620417e-02 1.3490123127e-01 1.0690726469e-02 -4.0610536679e-02 8.3550680209e-02 3.7691498087e-02 2.8635550169e-02 -5.2439075568e-03 -5.0286588774e-02 -4.4996746981e-03 -3.8602145204e-02 -5.4577258331e-02 -7.2695141055e-04 -7.8252506058e-02 8.1948658939e-02 -1.1492637301e-01 1.8330938170e-02 -3.4090467891e-02 -4.9352843577e-02 -8.8693008578e-02 1.7602890381e-01 6.0569213494e-02 1.2001422554e-02 8.6524239024e-02 -7.5528230662e-02 -5.2477905394e-03 4.6616251705e-02 -8.1682103269e-03 2.8293360082e-02 -4.4070341128e-03 8.2883119692e-02 2.4739660672e-02 5.8008654502e-02 -5.1318708984e-02 -4.7553003171e-02 -1.6052251401e-02 -1.1302056323e-01 4.0230127402e-02 1.9767877290e-03 4.7065292239e-03 6.1061383805e-03 -7.3237072937e-02 -4.8036049902e-02
-7.1454731423e-03 8.3583855447e-02 -1.9398847217e-01 -7.6127602444e-02 -1.1048965629e-01 -2.5117984929e-01 -1.6626103237e-03 1.7897360418e-01 -1.1546392959e-01 -1.3519035264e-01 -8.1101133836e-02 1.3073143752e-02 3.0883097506e-01 1.5003055594e-01 -1.4196775601e-04 4.6873873394e-02 -1.1415703144e-01 9.6115575895e-02 1.7572866179e-01 -2.7612125423e-02 2.4081184444e-01 -1.3586439314e-01 3.3031145492e-02 2.3409638904e-02 4.2575185923e-02 2.3665586109e-02 1.0740560228e-01 -5.0674423065e-02 9.2108289068e-02 9.1400638732e-02 1.7935249817e-01 2.5890852724e-02 -9.4514433151e-02 2.2186975425e-01 -2.2986517889e-01 1.0655217685e-02 -5.5127934178e-02 -1.2194513127e-01 -7.5417551624e-03 2.7502269765e-02 -7.1510960195e-02 -1.9205157086e-01 2.9794847930e-03 -1.1731479783e-01 -5.4321094631e-02 -8.0478858054e-02 -1.2828634149e-03 4.5453180952e-03 -3.4475105125e-03 -2.4215250052e-02 4.5794441412e-02 2.0691428660e-01 3.0839882691e-01 -8.2204936719e-02 -1.0828136977e-01 -1.9635878209e-01 -2.3578139076e-01 -1.8244839374e-01 9.0053894251e-02 -1.3388452048e-01 2.5654856222e-01 2.7084848147e-01 1.2243144383e-01 2.2692552454e-01 2.9817633897e-02 2.3748588633e-02 1.7045970878e-01 -1.4667451735e-02 4.5783816175e-02 -8.2963612184e-02 2.7829522514e-01 -1.1312123321e-01 1.5308124798e-01 -8.1980570632e-03 2.1898664911e-01 -1.8620237290e-01 -1.9784309567e-01
-8.9734566932e-02 -6.6780578859e-02 -4.4632469574e-02 -9.5607892602e-02 -3.7281276441e-02 5.4506583528e-02 1.1929867330e-02 1.2010547122e-01 -1.3487753262e-01 -9.9555162251e-02 -3.7918513500e-02 -5.6299753890e-02 -8.1516393260e-02 1.2716866576e-02 -1.5691796932e-02 -3.5429091219e-02 9.4148804202e-02 -5.1980965960e-02 -3.6463880023e-02 -7.3410583313e-02 -4.6475939826e-02 -3.7723405030e-02 4.2060216689e-02 -1.7166968478e-02 -3.6734221730e-02 -3.3364371746e-02 -2.6446630787e-02 2.2450297174e-02 2.5434133433e-02 -5.7120646421e-02 6.2970639056e-02 -1.9082775183e-02 8.3211904590e-03 7.3790325874e-02 2.3513350177e-02 1.5574836046e-02 1.0560862602e-01 -5.7781683452e-02 3.9403548057e-02 1.1428332553e-01 5.1370362932e-02 1.6509461666e-01 -2.4335749534e-02 2.0663642803e-02 1.5687275810e-02 3.0194372349e-02 -1.1227505208e-01 6.7729347142e-02 -2.4524775400e-03 -1.2436453100e-01 5.4727897780e-02 1.2635140953e-01 8.9684106163e-02 -8.8814617795e-02 1.9748643171e-02 9.4171545547e-03 -1.9479886471e-02 -7.3567534796e-02 1.3892592483e-02 -8.1491710588e-02 3.4777592803e-02 3.3636475837e-02 -1.5210851654e-01 3.3144720013e-02 -1.4889133163e-02 -6.4570044995e-02 6.5358502029e-02 -6.0852656620e-02 8.5761541849e-02 4.2521625383e-02 1.9350011887e-02 -1.0064032814e-01 1.9454720596e-01 2.1451881520e-02 -6.7864474182e-02 -4.0415274988e-02 -3.9047670674e-02
5.5347852840e-02 -1.4131490229e-01 6.6417573993e-03 8.5293493000e-03 2.6844253138e-01 3.0948601135e-01 7.5607528209e-02 1.0369173337e-02 1.0646735209e-01 1.6566752727e-01 -9.4826138962e-02 1.1577798508e-01 -2.7349998099e-01 -1.1879926908e-01 1.0262183927e-03 2.4230930110e-02 7.9130601940e-02 -1.4222966032e-01 -1.1658381613e-01 1.6662908802e-01 -1.6786927774e-01 1.2015774282e-02 5.1872016771e-03 -1.2571847251e-01 3.1669960726e-01 -1.9060141008e-01 1.7910730330e-01 -1.7067396254e-01 1.3917823924e-02 1.3860051005e-01 -1.5846638004e-01 1.9070425160e-01 6.5582573924e-02 -2.5900402183e-01 1.4844202015e-01 8.0268079024e-02 -2.7538943870e-02 1.3375586784e-01 -1.3573800932e-01 -2.4371895489e-01 -1.4478730365e-01 -1.3838647752e-01 1.7535742881e-01 2.2730662919e-01 -3.5749631984e-01 -1.9267725512e-01 -1.1931623139e-01 5.8776965870e-02 2.8535512042e-02 9.8239687474e-02 4.1117730324e-02 -2.2660692765e-01 -6.6885687028e-02 1.4233461887e-01 2.0518814110e-01 9.5000236398e-02 8.6486430945e-02 4.8241323588e-02 -1.5273411503e-01 -3.7277646623e-02 1.5823771936e-01 -1.1984804295e-01 -1.6240375131e-01 -8.5556008606e-02 2.5449241953e-02 -1.8552057897e-01 -1.8456190559e-01 1.9211366523e-02 5.6898283130e-03 9.0435891725e-03 3.5497411737e-02 3.3524305495e-02 8.6325313514e-03 -2.1011520868e-01 -1.0732991634e-01 1.0257247185e-01 -8.0261704024e-03
2.8150377064e-02 -3.7511968647e-02 1.0880028314e-01 -1.1093871854e-01 4.2602913307e-02 2.7632628512e-01 9.3222354198e-05 1.4741950979e-03 2.2410648620e-02 -9.6465536871e-02 1.8446149930e-02 3.4330528503e-02 -2.0444560358e-01 5.6715769453e-03 -2.3206252898e-02 -3.1348960790e-02 -4.8831854309e-02 -6.0034798619e-02 -1.1904124880e-01 1.7748596267e-01 -6.0676826272e-02 2.0891564384e-02 -1.1768418699e-02 4.0392053448e-02 -1.1888385051e-02 -8.3341696077e-02 1.1795524307e-02 6.6965291045e-02 -1.1058616107e-01 3.4738325530e-02 -1.2895675357e-01 1.4746100445e-01 7.5352507293e-03 2.6726401695e-02 1.2022978588e-01 -1.1171645651e-03 8.7218242406e-02 2.5743729053e-02 -5.9694199847e-02 -8.3722648691e-02 -7.5759231869e-02 1.3538898394e-01 -1.0155635816e-01 1.5000489686e-02 -4.0390697071e-02 -1.8300370787e-01 5.5064998728e-02 3.6543715223e-02 -5.8646998241e-02 4.5173939255e-02 -9.8730378511e-02 -2.2748297284e-02 -6.7941502944e-02 4.0662093766e-02 4.1275623907e-02 -4.9483082747e-02 4.8821819192e-02 7.1809535457e-02 3.3975206694e-02 1.7725942416e-02 6.2230040989e-02 -5.0585254291e-02 -2.3750394345e-01 4.5146468275e-02 3.0778035314e-02 -9.6395877806e-03 -2.0856677157e-01 -6.4528378007e-02 2.6478348257e-03 1.7728380666e-02 -1.1236003956e-01 -4.6957351413e-02 8.6614459789e-02 1.0024278219e-01 -1.6071575584e-02 2.7170488561e-02 6.8805829089e-02
-5.3873719210e-02 7.0888030781e-03 -1.4292920872e-02 -4.6196728764e-02 8.9599605019e-02 9.8614301398e-02 -8.4108031433e-02 -6.3492009986e-02 -1.2705145104e-01 4.2201299351e-03 -1.3655351739e-01 2.5222009312e-02 5.1993043836e-02 1.2882620500e-01 -1.0173070735e-01 -9.0179401112e-02 5.5294868422e-04 -9.3794648480e-02 3.9240652004e-02 1.3015618135e-01 7.2148995433e-02 -3.8394712255e-02 1.7190851857e-02 -2.9698527638e-02 9.8826805185e-03 6.8270706915e-03 8.6621972888e-02 -3.0225336160e-02 -7.8752368237e-02 -9.9713791904e-02 1.4412366710e-02 9.2348243636e-02 7.6544549475e-02 -6.0730127069e-02 6.1125304075e-02 -4.7694945457e-02 -6.1027541337e-02 1.0939102512e-01 -9.3609663041e-03 -1.0415698142e-01 -5.7078851864e-02 -3.8415849997e-02 -1.6717923537e-01 -7.2550234988e-02 5.0118437856e-02 8.8442626427e-02 -5.0940082484e-02 8.0688366097e-02 3.4455789416e-02 -7.9300227353e-02 1.3227874494e-01 -1.2174257087e-01 -2.8041014331e-02 1.0265672828e-01 1.0476797630e-01 2.0102723738e-02 7.6892932279e-02 8.6792387879e-02 -2.0868369851e-02 -3.8399481189e-02 5.9624186319e-02 -1.2626212857e-02 -1.2794279922e-01 -5.4616959118e-02 1.2252076366e-01 -9.9666751706e-02 -8.0501733890e-02 -9.8124127252e-02 -5.8936039071e-02 2.8247079689e-02 5.6761322063e-02 3.2675546084e-02 2.1124208397e-02 -3.7856747879e-03 1.0925673648e-01 1.2944880787e-01 -1.0654499185e-01
9.4609326066e-02 6.6654357522e-02 3.9519338111e-01 -1.6251161937e-01 3.3530907427e-02 9.1216671742e-02 8.8717232160e-02 7.3239959968e-02 -1.6509783591e-01 7.9898431954e-02 -1.9979557248e-01 -9.4271775842e-02 2.8204347191e-01 1.1585177478e-01 -1.5005484670e-01 -1.8113500049e-01 -1.9897714676e-01 8.9267535359e-02 1.5345915900e-01 -4.6820456000e-02 1.4127697872e-01 -5.6566817429e-01 -1.5911821895e-01 -2.2190161517e-01 2.5036648655e-01 -6.0432134067e-02 7.5757144968e-02 1.9970539796e-01 1.3620590075e-01 -1.9563414441e-01 7.0877530513e-02 7.9424007061e-03 -1.2046323113e-01 -2.8667744837e-02 1.6537978069e-01 -3.5301719466e-02 -1.9297853543e-01 -1.6317188761e-02 2.5812465065e-01 4.0747168376e-02 -5.7309094511e-02 -1.6423320604e-01 -3.4762949168e-02 -3.3500400195e-02 -1.0419610584e-01 -2.7562194144e-02 9.4023789758e-02 1.8244530881e-01 -8.0855522626e-02 -1.0555086165e-02 1.7620402941e-01 -1.9892546425e-01 -1.8957272155e-02 -9.2575982372e-02 -4.7117056347e-02 -2.0685174627e-01 -4.3014371233e-02 1.2702157330e-01 -9.5766768075e-02 -7.1447426640e-02 2.2055593269e-02 1.3276940380e-01 -3.6063433813e-01 -8.7236428261e-03 -1.5936945230e-01 -1.5258003858e-02 -8.9931172601e-02 -1.3650045552e-02 -3.8185982522e-02 -1.4711259506e-02 1.6322018347e-02 6.0133108354e-02 -2.2363593392e-03 -3.6495601240e-02 1.2218397201e-01 -3.7540195129e-02 7.2483455661e-02
5.7177439594e-02 -7.5796154915e-02 -3.5955227118e-01 4.3336616523e-02 1.1357855495e-01 6.7284551765e-02 8.1399557670e-03 -1.1632638792e-02 2.0203131565e-01 1.0152669174e-01 -1.0715598635e-01 8.7348921904e-02 -4.4653552600e-01 -7.9755817633e-02 8.2447375402e-02 -1.0379905735e-01 8.5353312902e-02 -2.7149861550e-02 1.1306622090e-01 4.7940758136e-02 3.5215198246e-02 1.0982778322e-01 -1.2270690145e-01 -1.4257575887e-01 2.7845693348e-01 -1.5892537508e-01 2.5090191342e-01 -1.8128985357e-01 -2.8609854711e-02 -4.6518857190e-02 1.5861511957e-01 2.2695908358e-02 1.3946916954e-01 -1.6800582998e-01 1.6959804787e-01 9.2984415746e-02 4.1072668020e-02 -4.1576032677e-02 2.8558884285e-03 -1.8464449266e-01 -5.2302163381e-02 -1.4515299701e-01 -9.3904612933e-02 1.5720770984e-01 -1.8115429530e-01 -2.3339502136e-01 -1.0569751580e-01 2.9354843394e-02 5.7327780655e-02 6.5232180762e-02 1.8344104170e-01 -1.8976024474e-01 -1.9415924768e-02 1.0812077251e-01 3.3574001770e-02 -8.5815193046e-02 6.1665229454e-02 7.2966482056e-02 -5.4118125430e-02 -9.1979387429e-02 7.8991180104e-02 -7.5925332035e-02 -2.5026341525e-01 -5.8195189664e-02 1.1026865576e-01 -2.5935165205e-01 1.5837757713e-01 -2.7051062069e-02 -2.4366635857e-01 -2.0744628987e-02 2.6164769259e-02 3.8057637376e-02 5.5947949364e-02 -2.1512905542e-01 2.3775678130e-01 1.5866653968e-01 2.5570015078e-03
-9.4159651126e-03 3.4893459082e-02 -2.9049107034e-02 5.6480985461e-02 -3.1782590485e-02 -4.7429204816e-03 5.5024802744e-02 -4.9150185913e-02 1.0625375124e-02 9.9148643709e-02 2.6981172996e-02 -1.2707397445e-01 -9.0809060383e-02 3.9183901479e-02 9.6498782987e-03 -2.8359477457e-02 -4.1497368101e-02 9.8370108344e-03 4.3783419824e-02 -4.8060009631e-02 -2.5762888622e-02 -5.6120393199e-02 4.8284334683e-03 -5.5304254233e-05 -2.1249341720e-02 1.0206643045e-02 1.2174834293e-01 -3.2800577672e-02 6.3441160958e-02 -5.8249070135e-03 3.2378664919e-03 -2.6205895158e-02 7.9669928172e-02 -1.2512481824e-02 -2.0550438704e-02 9.6609801950e-03 -8.3548074139e-03 -4.7566068644e-02 -1.1936246105e-03 8.2363427910e-02 -6.6533051391e-02 -1.1273298499e-01 2.7543551863e-03 5.2759573428e-02 6.3312356158e-02 5.6291165905e-02 3.6772468257e-02 -7.7806631377e-02 7.4088688719e-02 3.5888336764e-02 4.8198113221e-02 -8.3796448056e-02 -1.2287025606e-02 1.6866820393e-01 -2.6170017340e-02 2.5127717174e-02 9.7252818476e-02 9.4378694230e-02 8.5578542720e-03 -2.7223824992e-03 -5.4992318593e-02 6.3382303091e-02 6.1906255664e-02 -8.7562730394e-02 1.1921380098e-03 -1.0599132885e-01 3.8097625245e-05 7.6812017931e-02 3.0685663199e-02 5.0663697420e-02 1.8587874490e-03 -5.7711721408e-02 2.9841073758e-03 -1.5737603169e-02 6.9012146735e-02 -1.4916127230e-05 1.0088666735e-02
-4.0575366237e-02 -1.0655033927e-02 -8.4709051714e-02 -5.0956816986e-02 -3.1998608098e-01 -2.5217463728e-01 5.6147614130e-03 -1.6732327426e-02 -3.8022881356e-02 -2.5701546502e-01 9.4914559019e-02 -1.2663116655e-01 -4.3901434821e-02 6.2814828599e-02 2.7384579101e-02 -1.3342338075e-02 4.5482184755e-02 1.9461092439e-01 3.6113413314e-03 7.2254347563e-03 4.6454947686e-02 6.5868656029e-02 9.2883943307e-03 1.6377861441e-01 -2.6877149661e-01 1.8522056684e-01 -1.4209179259e-01 9.2622820575e-02 -7.2131883253e-02 -3.8381537401e-02 1.4000859355e-01 -1.7590921235e-02 7.3357426666e-02 4.4329284165e-02 2.8548494877e-05 -1.4462088718e-01 1.0125514023e-01 -2.8916454510e-02 4.1505072323e-02 3.8179309683e-01 5.7038730372e-02 1.7296188976e-01 -1.4475148684e-01 -2.1340736314e-01 2.6544521202e-01 8.7672508331e-02 -2.7265872245e-02 -7.4020897210e-03 -6.6011774911e-02 -1.2784329846e-01 2.3971119999e-02 2.4500399715e-01 -4.5763673163e-02 -2.8954858176e-02 -6.1916437186e-03 1.3223630819e-02 5.1801784396e-02 -8.7387497699e-02 2.2917516527e-01 1.5480795953e-01 -9.2153615003e-02 -1.0202131318e-01 2.2580204774e-01 -7.0416933685e-02 -1.8281357294e-02 1.7098350431e-01 9.7772234864e-03 -4.7074565234e-02 3.7025789404e-01 -1.8663599228e-03 -3.3830863971e-02 -1.3122417271e-01 -1.4221086932e-02 2.9102491295e-02 1.7572805653e-01 -1.1807556066e-01 6.4530282404e-02
-4.3366727955e-02 1.1748440091e-01 1.2776599190e-01 -9.7759733579e-02 -1.0253864500e-01 3.3588765383e-02 -2.4482696088e-03 5.0699780363e-02 2.3233858599e-02 -1.6193054074e-01 -6.5149978451e-02 -5.2528816426e-02 -1.6065637882e-03 7.4927106114e-02 -6.6268567210e-02 -4.2718608163e-02 -7.9140081096e-02 -2.3595466004e-02 3.9886772679e-03 1.0438021372e-02 3.1946404226e-02 -7.3015708269e-03 -2.6998733437e-02 7.1883060113e-02 -9.9552413818e-02 1.2132074735e-01 -1.0548949981e-01 1.7836194043e-02 -7.4698344983e-03 -1.0945560956e-01 -1.5519368241e-02 4.6743286900e-02 -6.9408709464e-02 -5.9089666597e-03 -9.3471717051e-03 -1.2689745466e-01 -3.2517157459e-02 -1.0733498939e-02 4.3580614468e-02 1.4567131994e-01 -4.4810805937e-02 1.3508629133e-01 3.8996877279e-02 -7.5908129628e-03 2.9772108432e-02 -6.9465388130e-02 5.2203671619e-02 -5.5384434792e-02 -1.0975177324e-01 -1.4069649485e-02 6.1747409172e-03 5.5243496911e-02 -6.4638170047e-03 -9.5896704322e-02 -5.4399559465e-02 -1.4367242226e-01 -1.7883075855e-02 -1.1754749568e-01 5.5273519118e-02 -3.5628348146e-02 1.0043065010e-01 6.3456629519e-02 -6.3138686529e-02 -2.8390388010e-02 -1.1735422605e-02 9.3106603239e-02 -9.7684860126e-02 -5.4861009898e-02 8.2303582504e-02 -1.1263864756e-02 -4.9729541012e-02 -4.0118227806e-02 1.1369832573e-01 -2.0218418882e-02 -2.2551196749e-02 -7.7477789309e-02 1.1183565703e-01
-5.7761863440e-02 -4.7710419530e-04 3.2423638416e-02 6.1348525310e-02 -1.7932406707e-02 7.2366205263e-02 -8.7576222585e-03 5.1901349762e-03 3.5861274410e-02 -5.7007778990e-02 -6.2712885786e-04 -2.9922539580e-02 9.0023802407e-02 1.0409359515e-01 5.7117905937e-03 9.9935748124e-02 6.3881402411e-02 1.0214411872e-01 -1.0444441885e-01 -9.5239944313e-02 -5.8679371519e-03 -5.2747188385e-02 -5.6295084693e-02 4.8369575773e-02 9.4776335407e-02 1.3989204910e-02 -8.2560510143e-02 -8.9925092008e-03 -1.0778636330e-01 1.0706309939e-02 -4.6490077897e-02 1.8411021991e-02 -1.5854696610e-01 4.2585733316e-02 -3.4728142071e-02 -4.0832348271e-02 1.1129808501e-01 2.0458658428e-02 -7.7272121735e-03 -1.0406570081e-02 -1.0614379667e-01 1.2888292119e-01 -1.1069027186e-01 6.3581120720e-02 -1.0878077142e-01 -2.7981097003e-02 -2.0379033665e-02 -7.0252924314e-03 1.1330155170e-01 -8.8601301423e-02 2.6917271016e-02 2.0429412789e-01 -1.0294698067e-01 -5.8305219678e-02 8.6447772738e-02 1.0072293305e-02 7.3887357510e-03 -6.5587100199e-02 -8.2809074298e-03 -5.9782571817e-02 3.3160109738e-02 5.1315463635e-02 -6.6866533574e-02 2.1965820937e-02 1.1687017742e-01 -2.7919239771e-03 -1.2780819540e-01 -5.7492679353e-03 9.7663216454e-03 -4.3615589723e-02 -1.0865440004e-01 -1.7037256519e-01 -1.1243450517e-02 1.9818116289e-02 -9.0470732100e-02 -5.7586596436e-02 9.4965765994e-02
-1.2728421480e-01 6.5212079384e-02 1.8642087380e-01 -5.1059404161e-02 -3.1072617017e-02 2.0125653258e-02 1.4810271020e-01 -3.1340781289e-02 -1.0141007932e-01 6.9933548943e-02 1.4792208327e-01 3.7683299650e-02 -5.5199906727e-02 -4.2061497886e-02 -9.6215176730e-02 7.3932852485e-02 -1.5384430140e-01 -6.8832659384e-02 -6.2065238283e-02 3.2069966967e-02 2.0227291231e-02 -7.9657165272e-02 2.9474082480e-02 -2.4774785373e-02 2.0016604861e-01 -1.1835377276e-01 1.0001262910e-02 1.4308910285e-01 -1.9898882597e-02 -6.5980170617e-02 -5.2279041114e-02 -2.8196406728e-02 1.9233440480e-02 -1.8265166967e-02 8.4401892952e-02 -2.3489621087e-02 -1.1873946337e-01 1.2764999442e-01 1.7920432570e-02 -3.3689514381e-02 3.4547227791e-02 -1.1034913378e-01 6.7414058742e-02 -7.3486774975e-02 -2.8572705369e-02 2.2697283391e-01 2.6598338620e-02 4.2742206725e-02 -1.9640624227e-02 -6.1308122073e-02 4.6631042598e-03 -1.8666209247e-01 -2.1195170810e-02 -4.5908244661e-02 2.9195719715e-02 1.1557003429e-01 -4.9302580134e-02 1.2153054342e-01 -1.5653980072e-01 1.0470480311e-01 -1.2560772832e-01 -4.6810780142e-02 -1.6322644428e-01 -1.7970428243e-02 3.5192874444e-02 -5.4008519913e-02 -9.5279340281e-02 -1.2767882673e-02 8.7559136828e-03 8.7212963574e-02 -3.3826591877e-03 3.5648786263e-02 4.3269576487e-03 1.6595243524e-01 -4.1537044459e-02 -3.3223009002e-03 -1.6818500423e-01
1.0478960253e-01 -2.9296239635e-02 -1.1775983731e-01 -1.3581718324e-01 -1.3415289874e-01 1.0177174458e-01 -9.5755686397e-02 1.1417126636e-02 1.5794560921e-01 -1.2089310134e-01 -9.3507378241e-02 -7.2682118509e-02 -3.3798927773e-01 -4.8188141068e-02 -5.6616617134e-02 -5.6817095926e-02 9.7958582047e-02 4.5416754890e-02 -1.0506502841e-02 5.9199916540e-02 -9.7687160851e-02 1.2327155455e-01 3.2866037762e-02 9.3886905163e-02 -1.4524363986e-01 1.1017782341e-01 4.6064840197e-02 -9.0188432603e-02 -8.0198623014e-02 -1.6172069898e-01 6.8543200820e-02 9.8391818065e-02 1.4307296309e-01 -1.1299516455e-01 -2.4083208761e-02 -1.6734343312e-01 -8.5658785590e-03 1.0011772534e-01 -1.2317196371e-01 2.6159708093e-02 -4.8897692047e-02 2.9000230091e-01 -2.8851690859e-02 -2.2213123497e-02 9.4142616341e-02 -2.0676619040e-02 -1.2122026781e-01 3.4980376192e-02 -3.7371903259e-02 8.8163724035e-02 -1.0869470193e-02 1.0110523267e-01 -1.6164572140e-01 1.0139128051e-01 5.4824817301e-02 1.3045254568e-01 6.9498467211e-02 1.5613019678e-02 -3.8817995223e-02 -3.3768232575e-02 -3.5397738199e-02 -1.6362659594e-01 4.3392645657e-02 -3.7723878776e-02 1.6154084155e-01 6.0146321829e-02 1.9888391361e-02 -1.7020202433e-01 1.4451705911e-01 9.1875453505e-03 -1.1697676953e-01 -1.6583555985e-01 2.0043953478e-01 -3.6664469847e-02 1.3288673812e-01 -6.8099258623e-02 2.5563487108e-01
7.9958872176e-03 -1.1693324772e-01 9.3558279428e-02 -5.2724239255e-02 -9.3173443702e-02 1.5808479957e-01 -1.0062432712e-01 1.4513631274e-01 1.7484883609e-01 -2.1889540767e-02 -7.9218043145e-02 1.7141123515e-02 -6.1296717742e-02 -1.3047219010e-02 6.0934711609e-02 7.7261201495e-02 7.4378536689e-02 -8.1969182160e-03 -1.4052824847e-01 1.0180193592e-02 -1.4951562126e-01 9.2542378400e-02 7.2787681683e-02 9.6368445464e-02 -7.3381540253e-02 7.5737702811e-02 1.0072860974e-01 -1.3577255721e-01 4.9540601910e-02 6.5098542720e-02 -2.0148445111e-01 2.6475878479e-01 -9.9198624941e-02 -5.2098397415e-03 -3.2929134975e-02 -3.8882055090e-02 5.9339699464e-02 -4.8719309487e-03 -3.2463922132e-02 -9.1830527084e-02 -7.6476847631e-02 1.1725090792e-02 1.1148251605e-01 2.3326259102e-01 2.5264787327e-02 -6.5968058874e-02 7.7426008125e-02 -4.2692919453e-02 -2.3737161138e-02 6.4404630714e-02 8.6611736566e-02 5.8659088588e-02 1.5967667813e-01 -1.2888193961e-02 2.2601986892e-02 -4.7573687361e-02 9.3034354442e-02 4.4564663821e-02 1.9445059297e-02 -8.0348031770e-03 1.7425144598e-01 3.5788040592e-03 5.2872194256e-02 8.1699579845e-02 -2.2161945256e-02 8.6897610316e-02 -6.5465313371e-02 2.7785173796e-03 -4.7556356261e-02 -1.7603454932e-02 -1.7735103815e-03 -1.2128683455e-01 8.5109943685e-02 -4.1686796801e-02 -7.9959941800e-02 -2.1679924747e-02 9.9798714482e-02
-4.4950563773e-02 -4.2001643224e-02 -6.6865214636e-02 7.7953637679e-02 -4.9602644297e-02 -6.2754035046e-02 -4.7476201631e-02 2.7812227139e-03 5.4744200452e-02 2.3584962852e-02 -5.8737800335e-02 -4.2744069005e-02 -2.4304641958e-01 -3.6194027658e-02 7.5738072676e-02 -1.0988430876e-01 5.8426253133e-02 -1.9728106920e-02 5.9812068078e-02 1.6965015606e-01 -6.2065658878e-03 3.7174395894e-02 -1.4883337734e-01 5.0097137978e-02 3.5066177170e-02 -1.0448618915e-01 3.7203582961e-02 6.2632703310e-02 -7.2548070808e-02 -2.5399494454e-02 3.4222500758e-02 -2.0392831107e-02 2.2306836697e-01 5.1917290326e-02 1.4230482039e-01 3.3839650947e-02 2.2311947147e-03 -2.7739332560e-02 -7.7958979538e-02 -9.2665176947e-03 8.9413896097e-02 5.6767298578e-02 -4.9014156505e-02 -5.3605488575e-03 -8.0553437459e-02 -3.7553094518e-02 8.6652439738e-02 -1.0779114753e-02 5.5435078191e-02 3.2215438112e-02 1.3447655142e-02 -1.6323740360e-02 -1.2269858330e-01 4.3599389706e-02 -9.0369054515e-02 1.2300712671e-02 3.0858026906e-02 2.3559035101e-02 -3.1208548247e-02 -4.2066469409e-02 -1.2312105172e-01 9.1282384315e-02 2.1239175546e-02 1.2052653982e-02 1.0235763021e-02 -4.2719265598e-02 -1.9836605895e-02 -1.4470021303e-01 5.8740674806e-02 -1.2569429285e-02 -1.6947235473e-01 1.1359044120e-01 8.9550899856e-03 1.5456092476e-03 4.0481462176e-02 4.1904222900e-02 9.2414709075e-02
-1.1072596985e-01 -5.8254511987e-02 -3.0184126297e-02 2.0906377945e-01 1.3857465111e-01 -5.7784058109e-03 9.6584040094e-02 -2.0818385512e-01 2.2614665249e-02 1.7492571208e-01 7.7516735186e-02 7.1228376368e-02 -2.9897410683e-01 -1.4119620851e-01 4.8654557247e-03 8.0869991959e-02 -5.6406904941e-02 -6.7208195415e-02 -1.8282480395e-02 -7.0108148897e-02 -1.2316747549e-02 2.8081889682e-01 3.8329678517e-02 -3.2540414191e-02 1.5249027575e-01 -8.5546915169e-02 1.2215367565e-01 5.8332187119e-02 -2.1507460611e-02 7.4971128024e-02 3.8232343480e-02 4.6101443782e-02 1.4928631555e-01 -8.9797517837e-03 6.3373381139e-02 8.0885074550e-03 6.4625234097e-02 1.7378620869e-01 -3.3844311866e-02 -1.0799286554e-01 4.4076713377e-02 -1.2557700425e-01 4.2954302282e-02 5.5255535892e-02 1.6351147546e-01 1.4225698787e-01 -6.3222606125e-02 4.1955859296e-02 6.6808549632e-02 2.7457680895e-01 -1.1122973663e-01 -1.4232062783e-01 -1.9950940472e-01 1.3107283069e-01 1.9547794396e-01 3.0439479334e-01 7.6681422087e-02 1.5593961309e-01 -1.5075914800e-01 1.9287507364e-01 -2.4935033926e-01 -2.5369887549e-01 -7.0484359549e-02 -1.6161297690e-01 1.7371373366e-01 -1.7063605768e-01 5.0871396712e-02 -2.8769482867e-02 -1.2033794187e-01 1.3415347930e-01 3.1891511955e-02 1.4441847655e-01 -2.5498850139e-01 -7.2772495950e-02 -1.1118360297e-01 2.3940418614e-01 -1.3417146330e-01
-2.8573221043e-02 -7.7454395320e-02 -5.7452053281e-02 -1.1357444452e-01 -4.4138472229e-02 -7.2974375555e-02 -2.6796548373e-02 4.3442516954e-02 -9.7791720308e-02 -1.0248426665e-01 -1.1410450008e-01 2.6098212337e-02 -6.9932633700e-02 6.6434109739e-02 -1.1340043239e-01 -4.6280498231e-02 -6.7094717927e-02 -5.9393504543e-02 -8.3011341532e-02 -9.3146231748e-02 6.8040809034e-02 -2.8881911106e-02 1.5541859111e-02 -5.4195294493e-03 1.9352830280e-02 1.8616905837e-02 -4.6981404279e-02 -3.8858834927e-03 -4.9708590193e-02 3.4110598609e-02 4.1391429535e-03 -9.1715019058e-02 -3.9737377295e-02 3.4816839797e-03 1.1300430921e-01 3.3265200182e-02 1.0236137067e-02 8.5400864045e-02 1.7447248124e-02 3.1331644641e-02 -1.0564218226e-01 1.1473715325e-01 -2.6744720950e-02 -8.8707857776e-03 1.7040422689e-01 6.7043199247e-03 -8.1746454742e-02 8.2006378832e-02 -5.5339124496e-02 -6.5188961697e-02 -1.0602848997e-01 4.5502630888e-02 -7.4063305584e-02 -5.1813550802e-02 -6.4878473840e-02 6.8324953103e-02 -4.8282201786e-02 2.7423146239e-02 -8.0759114532e-02 9.4390915107e-02 1.6295697981e-02 -6.6268275988e-02 -2.6070489804e-03 3.4321253507e-02 1.5466305381e-01 1.0387971358e-01 2.3692514447e-03 1.2300749559e-02 -4.4064802206e-02 -1.0883312744e-03 4.2939587111e-02 -1.9947984248e-02 1.3155743472e-01 -5.2104422272e-02 -3.3224803646e-02 6.3319931150e-02 -1.1758011901e-02
-4.3881648235e-02 -6.7480758979e-02 8.2044922173e-02 1.3591720686e-01 3.1239817586e-01 1.6128078914e-01 2.6895074685e-02 3.1035775069e-03 -1.4082633185e-01 3.0745883568e-01 -1.5685222999e-02 5.5810057476e-02 3.2835246658e-01 6.1904924103e-03 -5.1592607504e-02 5.4838817877e-03 -1.9439622178e-02 -1.4798810640e-01 6.3734465871e-02 7.6686000527e-03 1.0230025517e-01 -1.2729025603e-01 -1.5491494362e-01 -1.2265135485e-01 2.1310712241e-01 -4.0631361370e-02 5.4712745189e-03 -1.3612319331e-02 3.7725972312e-02 1.3099225291e-02 -2.0529280776e-02 -5.6885556070e-02 -1.1997550213e-01 -1.0964899859e-01 3.5710931905e-02 2.2894258600e-01 -1.2495934692e-01 8.4137221552e-02 8.8230459838e-02 -2.2240133950e-01 -1.1698988208e-02 -2.2263995411e-01 1.6457709807e-01 2.1833655418e-01 -1.6088331395e-01 2.7531873346e-02 1.9418369155e-01 8.5824855784e-02 1.3923385200e-02 1.1792542583e-01 9.1960755067e-02 -2.6441141300e-01 9.6682021070e-02 1.4955659458e-03 1.4716779012e-01 -2.2894990561e-02 -1.0067444689e-01 7.5981408476e-02 -2.6081294262e-01 -2.0999498095e-02 4.1349848334e-02 1.1578750246e-01 -1.7753843488e-01 4.2158253178e-02 -1.8116619247e-03 -1.4765769729e-01 -9.3155932770e-02 3.3801847948e-02 -2.9325105871e-01 2.3215845238e-02 2.0753509475e-01 1.3999606284e-01 -4.1510366393e-02 -7.4824482673e-02 -8.7133769155e-02 1.9816572205e-01 -1.1027669755e-01
9.2908505547e-02 -8.6615291185e-02 -1.6954705614e-02 1.1384097932e-01 -3.5237671663e-03 1.9668861132e-02 9.6303857893e-03 -4.4942162914e-02 5.9192014990e-02 3.0423399276e-03 2.1284620629e-02 -1.9885802880e-01 -1.9717421761e-01 1.2302398985e-02 -2.4007303423e-02 1.0371164229e-01 9.1051866463e-02 7.5368104451e-02 -5.2046525994e-02 -9.1045720003e-02 -9.7749340766e-02 7.3597841236e-02 -1.0872271172e-01 -2.4343535260e-02 -8.1927861824e-02 -6.9608896719e-04 -8.4740441820e-02 -1.9276629631e-02 6.7599421030e-02 5.0127107336e-02 -9.4845300611e-03 -5.5338261193e-02 -3.0943201143e-03 6.0313299771e-02 7.5623396438e-04 7.6995288658e-03 9.7087665886e-02 -1.4487703521e-01 -1.2914964489e-01 2.0260568867e-02 -6.4787609595e-03 -2.9581013820e-02 9.5392634496e-02 6.7534749368e-02 5.2579369991e-02 9.7010911600e-02 3.3707468041e-02 -3.1102092042e-02 1.9125667472e-02 1.3651711376e-02 -3.0599173632e-02 3.3571547520e-02 -4.1174815958e-02 2.4979020228e-02 1.0142195404e-01 4.7556820216e-02 -5.5491921954e-02 6.4791989509e-02 7.6810031907e-02 -7.9992667621e-02 6.6192646232e-02 1.9068797908e-01 1.1448467831e-01 -4.0462550862e-02 -6.3583209513e-02 -3.3251810684e-03 -3.3430948936e-02 -1.0710852704e-02 5.6644172799e-02 -1.1503935923e-02 -3.7054440156e-02 1.6766366455e-01 -1.4026207510e-01 -1.1128113456e-02 4.0528751782e-03 -1.3442004782e-03 8.9283630571e-02
6.9498292803e-02 5.7689547114e-02 6.2252328286e-01 -7.6011868427e-02 1.0340406825e-01 2.8594095611e-01 -4.2351922665e-02 8.0753672772e-02 1.0244218912e-01 7.2049091393e-03 -3.9898481069e-02 -2.6835377814e-02 9.2045639613e-02 -3.7860060358e-02 -2.2278542123e-02 -3.0586696498e-02 -1.2185028990e-01 1.1476664454e-01 -1.0855144316e-02 2.4699922536e-02 -1.0583726583e-01 -2.2537245426e-01 -1.2403471507e-01 -1.7084681065e-01 7.0612993455e-02 1.7676473764e-04 6.0783893338e-02 1.0626924391e-01 -5.3198559333e-02 -8.3128838521e-02 1.1893540336e-01 -2.2247118771e-02 1.2166968854e-01 -1.3888749151e-01 8.4528006810e-02 -5.6239412783e-02 -3.0173244303e-03 3.7113205670e-02 7.7517928739e-02 -1.5235458754e-01 -9.7738270195e-02 1.6979151868e-01 -2.3672453936e-02 5.8984233413e-03 2.2317706635e-02 -4.3936153379e-02 9.1614296977e-02 2.9545675058e-01 -2.3920473329e-02 3.1397410961e-02 1.0784564433e-01 -8.5790798905e-02 -7.3827096528e-02 1.7979079158e-02 5.5871940922e-02 3.6059979893e-02 1.3698492467e-01 1.6403595214e-01 -1.2054772422e-01 -3.7486359942e-02 -4.9500770269e-02 -2.0905710169e-01 -1.3617621318e-01 -2.1273992049e-02 7.8460339727e-02 7.0864787820e-03 -2.1108645048e-01 -3.1823969959e-03 7.5997553029e-02 7.5170992018e-02 6.6945981761e-02 -5.8562820767e-02 5.7243518682e-02 1.1057556837e-01 -3.3487202326e-02 2.8371749980e-02 2.1601214074e-01
1.2936381381e-01 -2.5927978490e-01 3.8403819963e-02 4.5393194363e-02 -6.8432679635e-02 3.6251443305e-01 -1.8643070939e-01 5.8116847934e-02 2.9260936668e-01 -3.2479232807e-02 -1.6739024949e-01 -7.6446737105e-02 -6.2241051381e-01 -2.1219391841e-03 6.0641214923e-02 7.2965232914e-02 2.1896409516e-01 -1.2528511716e-01 -3.4018763353e-01 1.0333221904e-01 -3.2386727714e-01 2.3646538261e-01 1.3325530387e-02 1.4184457301e-01 -2.3970701164e-01 2.9143164124e-02 2.0700832196e-03 -2.9410320788e-01 6.0260849558e-02 -5.3796035645e-02 -2.6849677365e-01 3.1813120683e-01 -1.8964403231e-01 3.0251727552e-02 3.5822057916e-02 -1.3201933612e-01 1.6329774326e-01 7.4398672761e-04 -2.5706397050e-01 -8.2888833070e-02 -2.0476888138e-01 2.5020270527e-01 -6.9840770607e-02 2.0711572788e-01 -1.0250808631e-01 -1.1152936005e-01 1.8816155976e-02 1.7405071206e-02 -6.9314302471e-03 -8.1239479762e-02 -4.8119260657e-02 3.1542002658e-01 6.6031523708e-02 8.8351736681e-03 -7.8518802914e-02 2.6499378611e-01 2.4214679747e-01 -6.7649704524e-02 3.1101176033e-02 -6.0297227939e-02 9.6415483476e-02 5.0050140967e-02 1.5371233740e-01 -9.0139844913e-02 9.0805186210e-02 2.6470128991e-01 -8.9816594575e-02 2.8796916940e-02 9.4046416309e-02 -4.9070586900e-02 -2.2454360305e-01 -2.0410547265e-01 1.7899046794e-01 -4.8228295327e-02 -2.9071700329e-01 -2.6755639172e-03 3.0263133724e-01
-2.1173545909e-03 4.3699615811e-02 -8.2261874849e-02 6.6232920955e-02 1.1468803437e-01 -3.1595953299e-02 2.2771913834e-02 -6.2337802358e-02 1.1263502014e-02 7.5619412185e-02 -2.9221935709e-02 -1.1266428977e-01 8.3506264210e-03 -1.7188143719e-02 -5.9935611856e-02 1.3527417765e-01 -1.1322373313e-01 4.2768220694e-02 2.1790640109e-02 -1.8565462313e-01 3.7991167798e-02 -2.4489352365e-02 -1.2203417862e-01 -4.3263517258e-02 5.3004170340e-02 2.0947638495e-02 -1.1310805630e-02 -3.3794969543e-02 1.0507803155e-01 -3.4087109363e-02 5.0013233503e-02 5.7774207472e-02 1.0127870814e-01 8.5954033545e-02 -9.4397888416e-02 1.0586319674e-01 9.7493837754e-02 1.3931404591e-03 2.1543564210e-02 1.0820121319e-01 1.2550089383e-01 -1.1026131244e-01 6.3692425850e-02 6.7975967163e-02 -6.7576411666e-02 -7.6107289863e-02 6.9467226890e-02 -1.4490901143e-02 9.4628839871e-03 -2.3813894564e-03 -2.3296085671e-02 -1.3522635723e-02 -7.6760818194e-02 -2.1387692232e-02 7.4888794381e-02 -9.4608484875e-03 -2.5531609040e-02 3.4069006059e-02 -1.8980709233e-02 8.9553221392e-02 1.6180948485e-02 -4.5857573931e-03 9.2915926554e-02 -7.3445386311e-02 2.4112932632e-03 -7.0153792703e-02 -2.1512196830e-02 -9.5186473954e-02 -5.4282169998e-02 -4.3164239864e-02 -1.1687311310e-01 9.0011899676e-02 -4.3132871907e-02 -5.1122318213e-02 1.0728883899e-01 2.6478382325e-03 -3.4007366298e-02
-5.3999006296e-02 -9.0124772356e-03 2.5310607933e-03 7.7996319036e-02 -1.1667465089e-01 -1.1835493026e-01 -1.2648598974e-01 3.9200056072e-04 8.4341562323e-02 -1.0683939110e-01 -1.0511385054e-02 3.4701743158e-02 2.1123234589e-01 -9.1111620243e-03 4.0503201603e-02 -8.1409497664e-02 -8.1566495399e-03 2.1924151816e-03 5.8767912718e-02 -5.6020354662e-02 8.2929656344e-02 -3.1349719083e-02 -2.7043008011e-02 3.7605687671e-02 3.0601523133e-02 5.5702044643e-02 6.4186411643e-02 9.0354430350e-02 8.4793592705e-02 -6.0840828557e-02 3.6160424600e-02 5.9174902695e-02 -6.2955070390e-02 6.5488329199e-02 -2.8077658580e-02 -1.4684657808e-01 -2.0944685741e-02 2.0055915405e-02 4.7042918746e-02 4.7121749836e-02 1.0452112405e-03 -1.3420389694e-02 -1.7290616777e-01 -3.1220704583e-02 8.1151344928e-02 6.5414693374e-03 -9.0086913012e-02 8.0389544350e-02 -1.5790507889e-01 -1.5243300980e-01 1.2775894971e-03 1.3225638935e-01 -5.1374160696e-02 -5.4370635422e-02 4.1625089619e-02 -1.9080925288e-01 -1.2745367421e-02 -7.0834555229e-02 6.3650805345e-02 -4.9185926903e-02 -5.5458126348e-02 -2.2774248520e-02 -3.9043393644e-02 6.8460529061e-02 -4.8266623164e-03 -1.9242712525e-02 9.0484397105e-04 -6.0128303141e-02 1.1038406705e-01 -6.7055667591e-02 -2.9982344831e-02 -6.5501121221e-02 1.2368536669e-01 2.2902957678e-02 3.0235357313e-02 -1.2174684041e-01 -4.0323935501e-02
-1.8362460081e-02 -3.7885582013e-02 -3.7972341006e-02 3.0676821447e-02 -9.4648066725e-02 7.5715710160e-02 4.2032332854e-02 3.6967157740e-02 4.6159620851e-02 2.1504742753e-02 -5.1123042173e-02 3.6962442184e-02 1.3017395052e-01 7.6332359802e-03 -1.7425948894e-02 6.2224783957e-03 9.3611490487e-02 1.8173432749e-01 -3.1716831031e-02 1.2074617688e-03 4.3161229033e-02 -6.7672299886e-03 3.1466818163e-02 -2.9882332209e-02 4.0193005334e-02 7.0529419541e-03 -3.0955049750e-02 3.2371854865e-03 9.2968733771e-03 -8.7205142256e-02 -4.9113167178e-02 4.0345334176e-02 -1.0599770434e-01 2.9049128473e-02 -1.3471974820e-02 -8.5309991159e-02 2.2909495511e-02 6.1601619964e-02 1.2701842760e-01 6.1997979086e-02 -1.1236080962e-01 1.1377972482e-01 1.3758866530e-02 -6.4707713558e-02 2.2552456451e-02 -2.2565987949e-02 -1.3975308895e-01 2.3404186314e-02 -2.3438758812e-02 -4.3957837264e-02 4.6402502897e-02 6.4932817464e-03 -1.0479608982e-02 -2.3744345542e-02 1.3897766251e-02 -1.9010036493e-02 -4.6188207126e-02 -1.6927099707e-03 1.0574219352e-01 -1.0287260905e-02 3.9885878964e-02 4.6925382026e-02 -7.6160725668e-02 -1.0156714318e-01 -5.0165349302e-03 4.2156279050e-02 5.5099351914e-02 -9.4986469863e-02 -5.7177815355e-02 -7.2798780776e-02 9.2239507896e-03 -6.9250172507e-02 1.6696499825e-01 -6.6167686015e-02 -4.9036972166e-02 -1.3057188899e-02 2.2241417623e-02
6.6991921398e-03 -2.1516633612e-02 -1.4566359084e-01 7.3241819612e-02 -1.3092038526e-01 -1.1544313133e-02 -2.0270969910e-02 -1.6284014847e-01 -3.7115637909e-02 -1.5918368593e-01 1.4078485058e-01 -1.0147484150e-01 1.0506724349e-01 2.7735171522e-02 9.3750267202e-02 3.9115982568e-02 5.7662287633e-02 1.0835826558e-01 -2.2722209588e-02 -3.0310933553e-02 -5.5095508292e-02 1.0678512727e-01 -1.7913757926e-01 -5.3052513561e-02 -1.2674144626e-01 7.0950899759e-02 8.8728152729e-03 6.9922595848e-02 -1.2094509315e-01 1.1239922059e-02 3.2239218483e-02 -1.7003209210e-01 -7.6571179405e-02 -1.4006092220e-02 -3.4096515959e-02 7.2135051286e-03 2.2460055259e-02 1.3485619364e-02 3.4030151167e-02 -8.0947805502e-03 9.3663689766e-02 9.9130482819e-02 1.8703957674e-02 -4.0045309981e-02 1.0652291688e-02 5.7340844272e-02 6.0407002606e-02 -1.1530975226e-01 -1.1182233861e-02 -6.0300568280e-03 -1.2729435957e-01 1.5700576172e-01 2.7400405300e-02 -3.2730119914e-02 -9.1370606098e-02 7.6055992360e-02 4.4343565863e-02 -5.7320632321e-02 1.0162191387e-01 -7.9310489160e-02 -4.7698392779e-02 5.5927899034e-02 6.7809393396e-02 -5.0080120907e-02 7.5109208912e-02 -3.3584917979e-02 5.7396231477e-02 -3.0940800657e-02 -5.4175881229e-03 -6.9580907413e-02 -1.4657155872e-01 -2.9909110483e-02 -5.5760967908e-02 6.8246823536e-02 -6.3634762436e-02 -2.1841345605e-02 2.1056104198e-01
-1.1030454088e-01 1.0768084390e-01 4.0047637302e-01 -2.9410574583e-02 9.0149945959e-02 7.4195844677e-02 4.6064084059e-02 1.8239523892e-01 1.2471739711e-01 6.6095052953e-03 -7.4198227973e-03 -8.1974491528e-02 7.0886345178e-02 8.2781406164e-02 -4.3522674442e-02 2.1750579314e-02 -7.6571273503e-02 9.1708486602e-02 -9.5435980463e-02 2.7589739942e-02 -1.1291454533e-01 -8.2542030182e-02 -2.4481656971e-02 -9.7716064281e-02 4.4147573416e-02 -1.1947114879e-02 2.4530911088e-02 3.2999203960e-02 8.8973137362e-03 -1.9221027254e-01 1.9553065455e-02 -3.7197935159e-02 -1.8627507795e-01 -8.8618101326e-02 -2.9173633141e-02 -1.1446588217e-01 -6.7057137334e-02 7.8414521251e-03 -1.7462761865e-02 -1.7716186044e-01 -5.8574034236e-02 -3.8446928281e-02 1.6038835655e-01 -4.5095929159e-03 -1.0686181468e-02 3.5344195451e-02 -4.9064876088e-02 1.3932246466e-01 -5.3845839063e-02 6.8056264756e-02 -9.3319068060e-02 -4.9704201268e-02 -9.1584698898e-02 -1.1451033976e-01 1.0078522515e-01 4.1284804189e-02 1.3832042013e-01 1.8614354552e-02 -4.4901985743e-02 -5.2091661677e-02 -2.5970947098e-02 -6.0984376218e-02 -1.2152857056e-01 2.5619879446e-02 4.4138898330e-02 1.6334049449e-02 -1.9409911961e-01 -5.4851085304e-02 7.6824360537e-02 2.5795493186e-02 -6.0755057255e-02 8.9391552579e-02 7.4930085310e-02 6.0692689416e-02 -5.0688966604e-02 8.3630999277e-02 6.3082417969e-02
4.4356214381e-02 1.0802322843e-01 -4.1199905668e-02 8.8406727772e-02 -2.8477652557e-02 -2.9653710599e-02 2.1785219263e-02 -1.3618943358e-01 -1.0530499572e-01 1.1736077564e-03 5.9349851412e-02 1.2977144208e-02 -6.6147219456e-02 7.9621274262e-02 -1.0292462431e-02 -1.2240361468e-02 -5.5550570211e-02 7.0815160547e-03 -4.5349473890e-02 -1.0069406499e-01 -3.5382652210e-02 -3.3678718434e-02 -7.3116560988e-02 7.6141738918e-02 -4.2822055651e-02 6.7769768439e-02 -6.6221874068e-02 1.9403374100e-02 2.9320846757e-02 -7.4818006355e-02 -1.4932957332e-01 -7.6330143894e-02 5.1508365480e-02 -1.9477533320e-02 -2.0697609339e-02 1.3310598488e-02 6.7653800233e-02 -1.8967148501e-01 -1.2145520519e-02 3.9164545502e-02 1.5718933586e-01 -5.5648610781e-02 1.0006813063e-02 5.6787899654e-02 5.6057214034e-02 7.8042911698e-02 4.3253896300e-02 -7.4336368605e-02 6.8918210981e-02 -5.4549899612e-02 3.3572909112e-02 5.6633184784e-02 8.8019005490e-02 -8.0941858066e-03 -7.0826689072e-02 9.1963097775e-03 -7.4728570611e-02 -9.5099864308e-02 6.3586122204e-02 -9.2516939572e-02 -1.0011495826e-01 3.5536307922e-02 1.7108655616e-01 -2.6913577967e-02 -8.4816166897e-03 -2.7642970450e-02 1.0059082607e-01 5.6967417781e-02 -4.6984693711e-02 -1.0756433265e-01 -1.9684789176e-02 3.3430409408e-02 -3.4951182060e-02 -3.7466377712e-02 4.4815461995e-02 4.5196435079e-02 2.8955968198e-02
-2.5745609291e-01 -6.2033502580e-02 3.2233076724e-01 3.1211045208e-02 2.0672327750e-02 1.9602130566e-01 -3.0567572980e-02 -3.2745157136e-01 4.6131995884e-01 6.2403648075e-02 -4.3857445691e-02 1.0114383136e-01 -6.1343340774e-01 -1.0111656384e-01 -1.8574153567e-01 -5.9345453937e-02 9.7586746872e-02 -6.4530803088e-02 -4.0188011652e-01 1.6359694592e-01 -4.5028837855e-01 3.6678651825e-01 9.4656356911e-02 -1.1344091137e-01 -8.6298504143e-02 -8.7546961176e-02 8.4915857049e-02 1.3323519484e-01 -3.7582490165e-01 -2.1301635726e-01 -7.4428799059e-02 -1.3089272100e-02 2.5159602549e-01 -8.9415366120e-02 9.8659916326e-02 1.7117045352e-02 1.3343642013e-01 2.2290249006e-01 -9.1439454515e-02 -2.6963390593e-01 8.1668492398e-03 1.6514837906e-01 -1.1422002124e-01 -4.4846581244e-02 1.8928655552e-01 1.5033038819e-01 5.0987301932e-02 -8.2315911652e-02 1.8626205990e-01 1.0803759417e-01 -4.4527266576e-01 -1.6433855111e-01 -4.5202486141e-01 1.3769197472e-01 9.6656987547e-02 4.6741849824e-01 3.5436176011e-01 1.6852741257e-02 1.6122597183e-02 1.5515231089e-01 -3.8687467132e-01 -3.9020810440e-01 -1.4400378868e-01 -2.9505328622e-01 2.6833792475e-01 -8.1386956510e-02 -1.8448071333e-01 -3.2774445379e-01 3.9551066230e-02 1.9289917163e-01 -3.6563971686e-01 1.6254805000e-01 -4.3765697734e-02 1.1693906536e-01 -2.6843224701e-01 1.0384800977e-01 2.8675337321e-01
8.1913934962e-02 1.8156605613e-01 8.3859686453e-01 -2.1897131250e-01 -1.5058578107e-01 1.6514125092e-01 2.0358040309e-01 1.0129362293e-01 -1.0483051920e-01 -8.5365313748e-02 -2.0661711648e-01 -1.5283223156e-01 4.4157802676e-01 3.0636296210e-01 -7.8562635881e-02 -1.1499853819e-01 -2.8432957135e-01 8.3424277222e-02 -1.3450053212e-02 -1.4296343367e-02 -1.7672992159e-01 -1.1414552885e-01 -1.4464566175e-01 -1.8810565956e-01 -2.3828661420e-01 1.3159325962e-02 8.0677192372e-02 1.7073508864e-01 -1.0792834946e-01 -4.2210712950e-01 1.9222870818e-01 -1.2841670839e-01 -1.9456138599e-01 8.7557785737e-02 -1.7715674721e-01 -1.2685163896e-01 -1.3128764001e-01 1.1471968847e-02 1.4586225937e-01 -1.1498932154e-01 -7.4560461308e-02 3.0197596662e-01 1.4598191644e-01 -1.9213368537e-01 -8.3348539423e-02 6.8597996642e-02 1.6451820890e-01 8.3778083279e-02 -1.3174835865e-01 -8.5274905502e-02 4.2881538128e-04 -8.5453816966e-02 -1.5379994730e-01 -9.2313546306e-02 1.0294846726e-01 1.1026527232e-02 -8.6136622782e-03 3.3191619460e-02 -1.3487581621e-02 -6.9633761263e-02 1.6737014569e-03 -9.0331301343e-02 5.1674723935e-02 1.1471453439e-01 -3.7272489915e-02 -2.8007686922e-02 -2.7092742995e-01 -3.7223308656e-01 1.9541436343e-01 1.2107086011e-01 -3.8048963302e-01 -1.2684684047e-01 1.8858724280e-01 3.2270125182e-01 -1.2177531009e-02 2.6402259988e-02 5.5192537747e-01
-3.0326469290e-02 1.4357856193e-02 1.2157600931e-01 -1.4204407201e-01 5.2562746005e-03 2.0980437879e-01 -2.3832366805e-02 7.5416695534e-02 2.0466122209e-01 1.7302584434e-01 -1.9780711659e-01 -8.4098603308e-03 -1.5708695275e-01 -5.2453721505e-02 -1.0011333280e-01 -1.3750813964e-01 -2.8916003275e-02 -3.8727430507e-02 -1.1026812380e-01 3.3217381754e-02 -1.2889317027e-01 -1.1822198800e-02 3.5805392858e-02 -2.4308184758e-01 1.8865337759e-01 -1.0621203026e-01 1.5751354507e-01 2.0302516667e-03 -8.8016968931e-02 -8.4150967159e-02 -4.9897697416e-02 1.7885862523e-01 6.6354171046e-02 -2.2550033648e-01 7.9203123994e-02 3.3443349071e-02 1.9756231326e-02 1.6836424400e-01 3.1329643058e-02 -1.5009415484e-01 -3.5075906497e-02 7.6386085868e-02 -7.7417567912e-02 2.2011363743e-02 -2.0866423491e-01 -1.6173310763e-01 -4.3561916014e-02 4.6930758693e-02 7.1309306725e-02 5.0341622024e-02 4.0532432638e-03 -1.8397444670e-01 -2.6624974431e-01 8.6703954694e-02 9.9111437321e-02 2.9567433841e-02 1.0432079802e-01 1.3249021884e-01 -1.2992132265e-01 -1.0678047889e-02 6.2865615977e-02 -1.5566189712e-01 -1.2526945149e-01 -1.1517057969e-01 -1.1699752675e-02 -6.4147176546e-02 -1.5528743875e-01 -1.3112357908e-01 -3.1020064986e-02 4.0920041141e-02 -3.4539188413e-02 -7.2875286330e-03 4.6852625145e-02 -1.7952935378e-01 1.3206920267e-01 -1.0916743535e-02 1.5268714483e-01
-9.9208277543e-03 -1.8455897991e-01 8.8169001697e-02 8.9837599028e-02 2.3349792934e-01 3.6182321965e-01 1.6698429428e-01 -5.2593317546e-02 5.6080621509e-02 1.1826494164e-01 -1.5524690530e-01 -1.5100333227e-02 -1.8700013818e-01 -4.8105195368e-02 -1.3099687693e-02 8.7820261300e-02 -4.7047571535e-02 -1.6372056948e-01 -1.5693513701e-01 -3.7454741838e-03 -1.0920840570e-01 -7.8991346385e-02 -2.5009912018e-02 -1.8375425195e-01 2.5614188582e-01 -1.3606503216e-01 5.3203423625e-02 -1.9807061560e-02 3.0167470039e-02 -7.8057679313e-02 -1.7403813409e-01 1.1546796446e-01 5.0504227880e-02 -2.3980567459e-01 -9.6936030442e-03 1.0199137083e-01 -1.4374327543e-01 1.1943375954e-01 2.5944585443e-02 -3.2842616226e-01 -7.1655361561e-02 -4.8423786437e-02 8.0758585860e-02 2.0501184920e-01 -2.8435248525e-01 -1.3249124835e-01 5.3810481122e-02 2.1076072479e-01 3.6549023638e-02 1.8091719797e-02 6.7173521918e-02 -3.3502812468e-01 1.9392746279e-02 1.8742722425e-02 8.4545310795e-02 1.0080979585e-01 7.0332129810e-02 2.1253914839e-02 -2.2366624471e-01 5.6663602963e-02 4.4106040865e-02 -7.7236510799e-02 -2.0504485637e-01 -5.9827502277e-02 -3.4078921953e-02 -1.0190611126e-02 -1.2408088388e-01 5.6777521345e-02 -2.1350445737e-01 4.0018674235e-03 -2.1086259079e-02 1.0798894447e-01 1.4467102307e-02 3.3959930637e-02 -1.1287209486e-01 6.5766095910e-02 4.9918886666e-02
6.7411813568e-02 -2.2050319730e-02 -4.3911388011e-02 9.5611420858e-02 3.4992873787e-01 2.0915495109e-01 -2.8306742520e-02 -1.4886890162e-01 -1.1268517028e-01 7.3410541126e-02 2.9219124384e-02 7.7179372151e-02 -2.4749828087e-01 -5.2996374581e-02 -4.5143495828e-02 1.5992978228e-01 2.0020222755e-02 -1.1705440562e-01 3.2898016658e-02 6.5840133538e-02 -7.4505386494e-02 3.3834835418e-02 7.7939878275e-02 1.2696729113e-02 2.7535071919e-01 -2.2400840454e-01 2.5182381576e-03 -1.6329484549e-01 3.3327133136e-02 1.4958364883e-01 -7.2989428688e-02 1.0484384483e-01 2.3677238912e-02 -4.2892818265e-02 7.0132627184e-02 1.3063186907e-01 3.4189888036e-02 8.6817757497e-03 -2.0162171297e-02 -2.3095786519e-01 -1.2710431836e-01 -2.4972246042e-01 1.8524000276e-01 1.2209883129e-01 3.1529926906e-02 -1.1069569037e-01 -2.6379030920e-02 7.8488461259e-02 6.7165048366e-02 6.1131652592e-02 7.2847590663e-02 -1.4879244818e-01 1.3220322756e-01 7.1088419773e-02 4.0202923665e-02 -1.3635800740e-02 2.2175445210e-02 1.1145139817e-01 -1.7772318850e-01 8.5787955880e-02 5.7404358373e-02 -1.5160110087e-02 -9.0579852940e-02 -1.6376160263e-02 5.3769380565e-02 -8.7131719195e-02 2.8547301629e-02 8.9261934199e-02 -1.9947736582e-01 4.5493700474e-02 6.2976536863e-02 1.2614835579e-01 -8.1013760426e-02 -1.6271557833e-01 -1.8315111155e-01 1.3606724004e-01 -1.7847808428e-01
-5.4793376906e-02 -3.3749203501e-02 2.2108643482e-01 1.7921451546e-01 -1.2567728194e-01 -1.9802292845e-01 2.4705251338e-01 -2.3025682863e-02 -1.7956240465e-01 8.2297843592e-03 4.7665285672e-02 -2.2033942788e-02 3.0681229326e-01 5.1113684847e-02 1.5874611778e-01 8.8217537637e-02 -2.2686691646e-01 1.0405597943e-01 7.6332071511e-02 -2.0789034233e-01 2.9425657382e-03 -2.0488399635e-01 -1.5223035684e-01 1.1605212324e-02 -1.1723168877e-01 1.0799505349e-01 -4.9292032737e-02 2.0280221740e-01 1.4228108680e-01 1.7236642265e-02 -8.1618140642e-03 -2.3982974340e-01 -7.3613528784e-02 4.3854350722e-03 -1.2149316288e-01 -5.2678492612e-02 -1.3386111329e-01 -1.4217287221e-01 2.1492055791e-01 5.4255322058e-02 2.8412435914e-02 -1.4726064740e-03 2.2213409821e-02 6.2057876729e-03 3.6058532962e-02 2.1139346238e-01 1.1523923209e-01 -1.3165362457e-02 -7.9397718012e-02 6.8216952795e-03 5.4929426563e-02 1.2221708293e-02 -2.4611227182e-02 -4.9906472497e-02 7.3027169175e-02 5.6812849940e-02 -1.0591895090e-01 4.1769898129e-02 2.2882136068e-02 4.0088125213e-02 -1.5161333500e-01 -1.7236907849e-02 1.9603123066e-01 9.9725183585e-02 -5.3658743614e-02 -9.9950853559e-02 3.4081017075e-02 1.2294903165e-01 -1.1040378142e-02 -1.2804041894e-01 -9.9760781331e-03 -1.7892634290e-03 -1.1088337114e-01 7.1287628803e-02 -1.8497698078e-01 -3.9850478105e-02 2.7956839216e-02
1.2241643305e-01 -7.8887880034e-02 1.1945259682e-01 -1.0618285597e-01 -5.9684570846e-02 8.1616340768e-02 -1.8278295345e-02 2.5676397931e-02 2.6645984459e-01 -1.6568882398e-01 -9.1696890244e-02 -2.4179007682e-01 -1.2852717967e-01 1.8975899064e-01 2.8785787228e-02 -6.4428703410e-02 5.9423424918e-02 -1.3870624650e-02 8.6132802147e-02 1.3765809588e-01 -2.5817449212e-01 1.1319178766e-01 -8.0191961147e-02 4.9786122126e-02 -2.1898785068e-01 -8.5467192903e-02 5.6682897818e-02 -1.3869641987e-01 6.8791317322e-02 -8.3079701477e-02 -8.2247411022e-03 6.8841602772e-02 -4.6039573044e-02 2.3396154809e-02 -1.1066550014e-01 -1.0133846753e-02 1.0678138330e-01 -4.3256905971e-02 -4.0895953135e-02 -3.6210720432e-03 -1.9056580463e-01 1.5729376656e-01 -1.2630916372e-01 7.0770959329e-02 -1.1992560702e-01 -1.1475471873e-01 2.2378885394e-02 -1.5240173387e-02 -1.3934247296e-01 -6.8198166859e-02 1.2980062693e-02 1.4867181396e-01 -2.8079230884e-02 -7.5584300792e-03 1.9453957301e-02 4.7264088093e-02 6.5779294212e-02 2.0364896587e-02 1.1842730933e-01 -1.1895164691e-01 1.0287731083e-01 -5.6312371633e-02 1.6740058198e-01 -5.7731686029e-02 -1.1914635335e-03 4.1043284390e-02 -9.3960624522e-02 -9.9249321749e-03 1.2215544257e-01 4.3845062595e-02 -1.9656037833e-01 -1.1395008728e-01 3.1021626755e-02 9.6991317982e-02 -1.0525179973e-01 6.1622314999e-03 3.5781130820e-01
-7.5855609343e-02 -1.1402020932e-01 1.6137021612e-01 1.0227911896e-01 3.7341850871e-01 6.7738048707e-02 1.3425258790e-01 -4.5273188269e-02 -5.9784891148e-02 1.5798430890e-01 7.4759447156e-02 6.6100885723e-02 2.1459462208e-02 -8.3925849022e-02 -1.8808478491e-01 -2.1401757429e-02 -1.0957753793e-01 -1.1567179233e-01 8.4757554960e-02 -1.1649596991e-02 4.8844790490e-02 9.6182239876e-02 -1.5991666612e-01 -1.9183588245e-01 3.2371960699e-01 -8.9328370922e-02 2.6334053147e-01 -3.3026723700e-03 3.7882470825e-02 -2.2778893769e-02 -6.6629233490e-02 -5.5657890428e-02 -1.1420151193e-01 -6.0280324446e-02 9.0201024543e-02 1.7003341525e-01 -1.4331219907e-01 1.4258244847e-01 8.8645191336e-02 -1.4279636803e-01 -6.6524264400e-02 -3.7558912494e-01 2.5988390403e-01 1.3249214199e-01 -1.1392861850e-01 -3.8570300986e-02 4.5546504603e-02 1.0558983288e-01 1.1372249289e-01 1.7865436568e-01 -2.1743978621e-02 -3.6509868286e-01 -6.0287461803e-02 1.0100925824e-01 1.2788323720e-01 1.1753228236e-01 3.5394780763e-02 2.0617915702e-01 -2.0373218630e-01 8.2975494660e-02 -1.8332250887e-01 -8.9424335581e-02 -7.8849378953e-02 -1.0975960064e-01 6.3693367879e-02 -7.7421587507e-02 -1.6072042839e-01 7.4120256385e-02 -2.8345816906e-01 1.3123203100e-02 7.6562220672e-03 1.2989927877e-01 -1.8620797008e-01 -1.1741095693e-01 -3.5865722755e-02 2.3019003243e-01 -1.2708966484e-01
1.0958882022e-01 -6.1452375232e-02 -2.1169966368e-01 6.6237999725e-02 -1.3257089218e-01 -1.0629094146e-01 4.0305514092e-02 -3.1040283307e-02 2.7679256296e-02 1.9109803556e-02 -1.2665867542e-01 6.4145514500e-02 -2.1428918654e-01 5.4867488306e-02 8.2870286915e-02 -3.9715664286e-02 8.2042892687e-02 5.2759744112e-02 7.6674091832e-02 1.3572734438e-01 2.5922434980e-02 1.4368170664e-01 -5.0925467261e-02 4.3662308076e-02 -2.7270731139e-02 -1.1386220567e-01 3.6423910883e-02 -8.2262845712e-03 -1.0091846338e-01 -1.5736887191e-01 3.0269517562e-01 -5.2099146497e-03 1.7802125637e-01 -3.0546885050e-02 2.0902514390e-02 -8.1832419135e-03 -6.6426536154e-02 6.7742963986e-02 5.4745235949e-02 6.5385777936e-02 1.4696327079e-01 -2.4740507029e-02 -2.2118745830e-01 -2.6486945862e-01 1.0680619452e-01 -5.4544875586e-02 -5.6209321573e-02 -2.3058785341e-02 9.8844682699e-02 7.9161522695e-03 7.2134099784e-02 6.5458824388e-02 -2.3028637575e-01 6.2098264998e-02 -5.1835553261e-02 4.3030814555e-02 1.8084798829e-01 8.4085541181e-02 1.6418630896e-01 -3.2717578846e-02 -5.1823115601e-02 1.4474883967e-03 7.9441810525e-02 -5.7009328316e-02 1.5809389954e-01 1.8090854875e-03 2.7023589314e-02 -9.9184416799e-02 1.2676349517e-02 1.0159491585e-01 -1.1254166024e-01 7.0081838116e-02 -7.1027002765e-02 2.6244179417e-02 8.7311212839e-02 2.6942950841e-02 1.6848098814e-01
-1.0362451440e-01 -5.9454219079e-02 7.4035462705e-03 -7.7461938085e-02 1.0144858285e-01 1.8552483851e-01 8.6243294094e-02 1.5192159295e-01 -7.7715564701e-02 1.2669360800e-01 6.2343060006e-02 8.8410184321e-02 1.7456011601e-01 4.3591114182e-02 1.3990704745e-02 -1.7109723134e-02 1.4798429433e-01 -4.0252353192e-02 1.5418156932e-01 -4.7651876642e-02 2.0252864290e-02 -1.2005555151e-01 -2.5235084784e-02 -1.0003093594e-01 1.8597060760e-01 -4.0349821579e-02 1.0805634182e-01 -4.4450179896e-03 4.3987646775e-02 2.7589980313e-02 9.7599177874e-02 4.6277768842e-02 5.8548072778e-02 -6.4002487570e-02 -2.4580855693e-02 -3.3253613352e-02 -1.7184837759e-01 6.2936933119e-02 -2.6132218320e-02 -2.4016897636e-02 2.7023552898e-02 -4.4834341967e-02 -3.7029390998e-02 -3.0351507889e-02 -1.3220858203e-02 -6.6430768090e-02 -1.2072798669e-01 2.9875856572e-02 -4.0960751702e-02 -1.2027964303e-01 -9.5003928469e-03 -5.8861530603e-02 -3.0553085532e-02 -7.3744322435e-03 9.2522661064e-02 -4.4423987650e-02 -2.2798373879e-02 2.4307752202e-02 -1.2270206883e-01 4.8304415944e-02 1.7771125409e-02 5.7596908969e-02 -5.2637371583e-02 1.4050864946e-02 6.1096931703e-02 -4.1030251477e-02 -1.6351312902e-02 2.3096320174e-02 -6.3916802820e-02 -2.4448030573e-02 1.6393441738e-01 -1.6197630607e-02 1.0863813758e-01 -1.5091174690e-02 -7.3291834525e-02 3.0565191479e-03 -2.8975023332e-01
3.3008912833e-01 9.5747281463e-02 1.6080644816e-01 5.5955853981e-04 2.1465886763e-02 5.2200071744e-01 -1.7003125736e-03 1.0528347303e-01 2.7543359913e-01 8.4045498728e-02 -2.6947450481e-01 -1.3179025685e-01 -3.8605124229e-01 3.7959952003e-03 -3.8835839547e-02 -1.2175692368e-01 -9.2757848376e-02 -6.3032189379e-02 4.4141396613e-03 8.3435365822e-02 -1.4734462002e-01 -1.2889191201e-01 -1.0027866512e-01 -2.9833977770e-01 5.6129138181e-02 -2.9859085791e-01 2.2679112012e-01 -3.7403379478e-03 5.6175509629e-02 -2.8448369751e-01 1.0538622509e-01 1.1439879743e-01 1.9647953733e-02 -3.9768163708e-01 6.3240186173e-02 -1.7054101709e-02 -1.6849819159e-02 -8.1347443630e-03 -3.3834763774e-03 -2.1670852603e-01 -2.7000349472e-01 2.1846425934e-01 -9.9392271155e-02 8.7765265424e-02 -3.7705880759e-01 -2.1892129561e-01 4.2078941499e-02 2.2132429971e-01 6.1032644001e-02 9.9366926583e-02 1.7512461182e-01 -2.6321925670e-01 -3.2549370061e-01 -1.5171009406e-02 1.9778334052e-02 6.5354727250e-02 2.2569241987e-01 2.4679438164e-01 -1.7528788387e-01 -1.5602037801e-01 7.8998715380e-02 -8.0150530018e-02 -2.4876157793e-01 -8.3506878125e-02 6.8705892484e-02 -1.8930886343e-01 -1.4468697080e-01 -3.6554077500e-02 6.4433458162e-02 3.6303622310e-02 -2.0671024907e-01 -2.6636924772e-02 1.2843507893e-01 1.2295481708e-01 1.2732509042e-01 1.1430034868e-01 5.6539565351e-01
-1.8567741040e-01 -7.5912085924e-02 2.9141046596e-01 -8.0307464633e-02 6.4710889688e-02 1.5412307649e-01 2.0535113822e-01 6.0101079138e-03 -1.3911075074e-01 1.1405251321e-01 1.1264215425e-01 1.5139900578e-02 2.2853817203e-01 -1.8921444932e-02 -9.1053890921e-02 1.6813551274e-01 -1.2715288687e-02 -4.7409731328e-02 -1.8844898338e-01 -6.7784867726e-02 -5.7929711555e-02 -2.1745624118e-01 -2.0622444355e-02 -8.2362013080e-02 6.2546773295e-02 2.2863974712e-02 4.5045158620e-02 9.5979980581e-02 1.4819889299e-01 2.6993529212e-02 -1.1052140853e-01 8.9193411822e-02 -2.3123919040e-02 1.3612793113e-02 1.1058891673e-02 1.1837218151e-01 -1.9707366880e-01 -7.6770800065e-02 2.5586459973e-02 -5.8202979527e-02 5.6547875073e-04 -1.9323971607e-01 1.4247195872e-01 1.1299410387e-01 -3.8594454302e-02 1.0244704623e-01 -2.1282339994e-02 1.3448923235e-01 8.0531326110e-02 9.2585145316e-02 -4.3151129183e-03 -1.0568846967e-01 -9.9992266946e-03 -7.1270520146e-02 -7.6084282534e-02 -2.2854752043e-02 -3.9419729010e-02 3.8549085650e-02 -6.7722820377e-02 8.9455734991e-02 1.1257188024e-01 6.0205009447e-02 -3.9521703024e-02 4.2279551711e-03 -2.4022812230e-02 -1.0550511106e-01 -2.4626405518e-02 7.1305325245e-02 -4.8372278603e-03 -3.2113695729e-02 1.8938516785e-01 9.2121891105e-03 1.5295501499e-01 -6.5634130879e-02 -1.5942528560e-01 2.1048473382e-03 -2.8877741654e-01
-4.6202283551e-02 1.2868638517e-01 1.9940069697e-01 -1.5493153571e-01 4.1556601890e-02 1.2911096669e-01 2.7756113715e-02 1.0422609327e-01 2.5547321913e-02 2.6457456030e-02 -1.1549270642e-02 9.8848864403e-02 9.4318237155e-02 8.8354420819e-03 8.6668965492e-03 -1.7111398880e-01 -3.7423444651e-02 7.2748401563e-02 -9.1979814091e-03 2.2325982284e-03 -1.6116881411e-02 -1.3980896169e-01 4.4751178427e-02 -7.5874683699e-02 3.1975274699e-02 -1.6019854464e-02 2.5520534067e-02 1.9270286743e-02 6.8275426836e-02 -5.1219870762e-02 3.8837140949e-02 5.5300093232e-02 -4.1172913031e-02 3.5917112452e-02 -5.3672871511e-02 2.9021028217e-02 -1.6088462719e-01 -1.0336881280e-01 7.3304297241e-02 -7.3389397790e-03 -7.3479460414e-02 1.4232004622e-02 -2.6048330790e-02 1.5211014601e-02 1.3048684929e-02 -7.6340034547e-02 -7.1893987423e-02 3.2251434957e-03 -1.1440234769e-01 5.7421744353e-02 6.5194471643e-02 -7.4519850351e-02 -3.7552983169e-02 1.6923473562e-02 2.8396254284e-02 -1.3301882406e-02 -3.8744645484e-02 1.1432187434e-02 -7.6846611772e-02 2.4197914428e-02 3.6461278640e-02 1.8095053476e-02 -1.1289695020e-01 -8.5970177229e-03 2.8280535022e-03 -2.6061371191e-02 -3.5410336654e-02 9.1443004035e-03 -2.1526810822e-02 4.3168255384e-02 2.8690357157e-02 5.0663873853e-02 4.2119863354e-02 3.1501488954e-02 -3.3667110446e-03 2.8264936318e-02 -6.1090688985e-03
1.7193729236e-01 2.8098654458e-02 -2.8802969975e-01 -3.1666753629e-02 -3.0789976783e-01 -3.4451475234e-03 -5.0811995865e-01 1.1529102124e-01 2.0204264209e-01 -2.3014552624e-01 -9.0603865616e-02 -6.2567081011e-03 -6.5479599699e-01 -5.2212179269e-02 1.7992370554e-01 5.5446684760e-02 1.9715858208e-01 9.5228467008e-02 -4.9092744188e-02 9.8522702615e-02 -4.4705113553e-02 1.6782508148e-01 -4.3381259215e-02 2.5497029756e-01 -2.8075040732e-01 1.5802866822e-01 -1.5931770091e-01 -2.0603542668e-01 1.2451671790e-01 5.3771711005e-03 -7.6583646702e-02 2.5540047493e-01 1.5876500168e-01 6.2668878564e-03 -3.9808198100e-03 -1.4705424959e-01 1.8696492971e-01 1.4120134528e-02 -2.6873314780e-01 1.4994042596e-01 -1.6551626553e-01 2.7112592816e-01 -1.7060213042e-01 5.7978485736e-02 5.8847804120e-02 -8.3044471466e-02 -3.1001859395e-02 -1.8041679457e-01 -1.0466975504e-01 -6.2871705647e-02 7.7464228362e-02 2.8378771245e-01 -6.7730289302e-02 -5.3820323033e-02 -1.0233187211e-01 -3.5291385615e-02 3.1294254775e-02 -2.1442941494e-01 1.9347171622e-01 6.3037938003e-04 2.9584997984e-01 1.5880412256e-01 2.0937970185e-01 -7.0451258311e-02 1.3602947890e-02 8.9473335491e-02 7.2649746749e-02 -2.6227761074e-02 1.7025836077e-01 7.1017222682e-03 -1.3477292373e-01 -2.0575038891e-01 2.4944966755e-01 -9.3232864006e-02 -2.0361101234e-02 -7.5605901012e-02 2.5683897197e-01
2.8842120042e-02 4.7303811647e-02 -2.0752492845e-01 4.3706847205e-02 9.5919966242e-02 -6.8876096781e-02 1.8615819591e-02 -4.4157800262e-02 6.9108523665e-02 3.8683294826e-02 -6.8030220879e-03 -6.0437913473e-02 -3.6352936716e-01 -6.8383045820e-03 -3.1881945175e-02 -8.5836241408e-02 8.5660640899e-03 4.0846394780e-02 1.5918454057e-01 -1.4102346348e-02 1.0863034739e-01 -1.0195534463e-01 9.5258928304e-02 -2.2776488615e-02 2.0934293910e-01 -1.1777851190e-01 1.8499516920e-01 -4.7070495568e-02 -5.4960719824e-02 -7.3645692089e-02 1.3325245911e-01 1.0545445415e-02 1.7432124250e-01 4.8894579880e-02 1.4162251106e-02 1.3712808708e-01 -1.6409688996e-02 -4.0802084660e-02 -8.7781312426e-03 4.7206333173e-02 1.2032382965e-01 -8.0701013265e-02 4.1227221350e-02 -8.9613102084e-02 3.1605085704e-02 -2.5218873277e-02 4.2768280402e-02 -1.2484643093e-01 3.4362874413e-02 -4.6754296057e-05 1.0719555887e-01 -8.8699155346e-02 -1.4648127177e-02 4.4521457861e-02 -1.1828248115e-02 -7.4211133751e-02 7.2849322974e-03 -8.5630374560e-02 -1.8814294958e-01 -1.3564748336e-01 -1.3271761930e-01 5.1601111885e-02 -8.1245128101e-02 -1.3432346268e-01 1.3431267779e-01 -1.1442830170e-01 1.5851184198e-01 -1.2410647411e-01 -2.0734155140e-02 9.5741479378e-02 8.2127593711e-02 7.7654220051e-02 -4.6444779875e-02 3.1754718691e-02 1.4827052422e-01 1.0143038283e-01 -6.7728966312e-02
-1.0108075305e-01 -1.3045234726e-01 -1.0710616049e-01 -3.6389282676e-02 4.2313243966e-02 8.9550545228e-02 -1.1674129956e-01 9.8133034861e-02 1.0377317111e-01 -4.7371396230e-02 1.4187097857e-01 2.5912430074e-02 -1.1582337130e-01 -2.7366276720e-02 -1.1179624159e-01 1.4606097052e-01 1.5693012871e-01 -3.5837483208e-02 -1.0840173737e-02 7.1829762096e-02 8.7137692263e-02 2.0329829010e-01 2.3088422948e-02 -4.5701593143e-02 1.0312081754e-01 -1.3686745354e-01 -7.9661612759e-03 -1.1459439690e-01 1.6649132515e-02 1.4001337368e-01 -1.7075362295e-02 2.8351127710e-02 -4.6544741263e-02 -2.3997846665e-02 7.4046436175e-02 -8.3926944699e-02 1.0390978551e-01 1.2613681180e-01 -3.5496458654e-02 -2.2248945067e-03 -3.0496745131e-03 6.1316811915e-05 -1.6586092297e-02 -1.0812768818e-01 6.0302575292e-02 7.4863681269e-02 -2.0835626758e-01 -1.7056632253e-01 6.2340987859e-02 3.3596751747e-02 2.2119022811e-03 7.5468180220e-03 4.6664970844e-02 1.1421765608e-01 3.4545918553e-02 9.9381532002e-02 2.6519934168e-02 5.9232442576e-02 -1.8645936904e-02 5.4602239587e-02 6.5353545324e-02 -1.1511496802e-01 1.9780565264e-02 -7.6252263738e-02 2.1026225952e-02 2.8349199572e-02 6.7117317451e-02 -1.9648719153e-03 -4.7811262740e-02 7.2519664526e-02 1.3540031201e-01 -2.9511735494e-03 7.9806445418e-02 -6.9301806608e-02 -8.8085010447e-02 -4.7897421183e-02 -1.6517452969e-01
-7.2728946915e-02 -1.8608960557e-03 -5.6771798987e-02 1.0156860372e-01 7.6162309728e-02 1.0713251863e-02 5.8870906524e-02 -2.4445799151e-02 -1.8456564009e-01 3.7688468901e-02 1.3775871895e-01 2.1213014487e-01 1.3535949148e-01 -3.0560718346e-03 -7.0227620489e-02 1.3945134766e-02 -3.4450483893e-02 -9.6306442370e-02 3.6573686764e-02 9.6185644102e-02 1.5925822689e-03 -1.2677170987e-01 3.7252467415e-02 -1.4785637406e-01 1.7118476687e-01 -1.2364244565e-01 -1.1534083402e-01 4.7446005387e-04 4.9525558332e-02 5.9501320898e-02 -1.2517375123e-01 6.0421949378e-02 -3.2626879533e-03 1.3337466632e-01 -6.7785833820e-02 1.1797878921e-01 -1.0497470196e-01 1.4305768362e-02 3.0731490746e-02 -8.7082667327e-02 -5.7958686009e-03 -5.1611222333e-02 5.9758930664e-02 1.7367612099e-01 6.4823670254e-02 1.6531760063e-03 -9.7793833427e-02 1.6548368908e-02 -7.8833336914e-02 -4.1570133509e-02 -3.5566340960e-02 -1.2908592445e-01 1.5544703428e-01 -1.0528057980e-01 3.7243971263e-02 -5.0639330506e-02 -4.2328981045e-02 4.1534074627e-02 -9.4303063857e-02 7.0457243983e-02 -4.9046815545e-02 1.3426118018e-01 -1.3994856480e-01 -2.7178468165e-02 6.2458031415e-02 5.6034048196e-02 5.7724249551e-02 6.2643152418e-02 -1.6979353089e-01 -5.6515992773e-03 1.3677026280e-01 1.1457203116e-01 1.2399163416e-01 5.9026733543e-02 -7.7481149511e-03 7.0384471622e-02 -3.6186904944e-01
-2.9294344429e-01 -2.0948046812e-01 -1.6690060935e-04 2.6211280025e-01 1.0128096562e-01 -3.1880744781e-02 8.4430803277e-02 -1.8511734181e-01 -2.3816290947e-02 9.2790789487e-02 2.7641231275e-01 1.3682596043e-01 -3.4761096912e-02 -1.3696348439e-01 -1.8388119296e-01 2.5657198653e-01 1.2315303810e-01 -8.6147608666e-02 -1.3273934592e-01 -1.3505915147e-02 8.5786125379e-02 1.5852213543e-01 9.3918265395e-02 1.3379849469e-01 2.3523324447e-01 -3.8590675385e-02 -2.9521949391e-02 3.0241464750e-02 -6.4208224567e-02 1.7811929171e-01 -3.1449310736e-01 -3.9592409530e-02 1.0562348094e-01 -4.0757451225e-03 3.6986819954e-02 4.1973255491e-02 6.4852998425e-02 1.5816254134e-01 -1.0768492521e-01 -1.4287883086e-01 5.0316070714e-02 -9.3102640311e-02 6.1879354095e-02 6.5109982226e-02 2.7321670660e-01 1.7806283252e-01 -3.4170069083e-02 -9.7144898308e-03 1.9858504607e-01 4.9171502295e-02 -3.0621313850e-01 -1.1666124592e-01 4.6882198774e-02 3.4938288229e-02 6.2167284699e-02 1.9856056676e-01 -6.2348963521e-03 4.4213314866e-02 -1.0147959013e-01 2.9359492557e-01 -1.2078507278e-01 -1.2944068485e-01 3.2697577184e-03 -4.9011028096e-02 8.4699600898e-02 3.3745519930e-02 -1.7699390376e-02 -2.1042340299e-02 -1.4442390289e-01 1.7442805156e-02 4.4774568173e-02 1.1867993199e-01 -8.9278185051e-02 -5.5814897248e-02 -3.1535401105e-01 6.6927166780e-02 -3.9273859357e-01
-4.3550759060e-02 -1.5147841610e-01 -3.3202268208e-02 7.7063756303e-02 2.2154738699e-01 2.1020124241e-01 5.2712309641e-02 -3.3999711402e-02 -1.0204361832e-01 2.1029177433e-01 -1.4683471341e-01 -1.0267398273e-01 2.4040712435e-02 -3.5852469853e-02 -1.3668053875e-01 -7.0364139441e-02 -2.0520222789e-02 -1.1074506264e-01 1.4114099211e-01 1.1667606074e-01 -2.2809511537e-02 -9.0743881922e-02 -5.8603800550e-02 -9.2907006280e-02 3.4535783284e-01 -1.8144278681e-01 1.5620427754e-01 -6.6298976843e-02 9.1800027874e-02 9.9920449214e-03 1.3736978055e-01 -4.7521597188e-03 -1.0147769212e-01 -5.0551983667e-02 8.9766611400e-02 2.0722060309e-01 -1.4792753313e-01 7.0259102079e-02 6.9122872455e-02 -1.2251356087e-01 -8.7793545133e-02 -2.2166804548e-01 1.2349533116e-01 1.6347674093e-01 -1.4191648899e-01 -1.6034253611e-01 -1.6255916657e-01 1.4686743818e-01 1.2472822049e-01 7.6308928252e-02 1.8149204680e-01 -3.3077588414e-01 -9.8225926759e-02 1.3769887958e-01 1.6381278278e-01 1.7271768256e-02 2.1474571215e-02 2.1348557449e-01 -2.0206127114e-01 1.9302259703e-02 -4.9931462962e-02 7.9995852637e-02 -2.9127691271e-01 -9.7227058951e-02 -3.0747515238e-02 -8.0890440275e-02 -4.8193708911e-02 5.6207081751e-02 -7.7734214966e-02 2.8993797459e-04 7.7825021418e-02 1.3108124959e-01 -2.7421640771e-02 -1.2085458201e-01 1.8541190565e-02 1.0614097127e-01 -2.0953487816e-01
-1.6142107303e-02 -1.1598935615e-01 2.2907782680e-01 1.3562274786e-01 1.7819204844e-01 2.2204706596e-01 1.8929679052e-01 5.1120540842e-02 -1.5724247072e-02 9.9947178202e-02 1.8419263063e-02 -9.5417325629e-02 1.9781918686e-01 -7.3541708797e-02 -8.3297600370e-02 7.7610416289e-02 -1.4420336051e-01 -3.5081005826e-02 -2.4213607221e-02 -1.8220866166e-01 -5.0779564872e-03 -1.7732392029e-01 -5.5166094921e-02 -3.3226695469e-02 5.0277780606e-02 -1.2363562850e-01 4.7146688923e-02 7.3226040206e-02 1.0606161312e-01 -9.3117792458e-02 -6.7286707436e-02 8.6848034320e-04 -2.3527107841e-01 -9.8581913819e-02 -1.3704589030e-01 1.2153931628e-01 -7.1438633057e-02 -9.2794445969e-02 1.4330374399e-02 -2.5449600130e-01 9.8642509045e-04 -1.5407722767e-01 1.6618268633e-01 1.4741555637e-01 -2.0165566460e-01 -1.5632183335e-02 1.7819695890e-01 9.4847725599e-02 4.7473109155e-02 2.8377162117e-02 5.5088406159e-02 -2.1986913808e-01 1.4148384689e-01 -2.7534201112e-02 1.0597745441e-02 -6.8461350963e-02 -8.9098508389e-02 8.9018160233e-02 -2.4960502083e-01 -1.0579950847e-02 6.5645335250e-02 1.1711775045e-01 -2.4415975383e-01 6.0484930513e-02 -1.5066222191e-02 -1.2528994341e-01 -1.4984851429e-01 2.1825063792e-01 -1.7015379171e-01 -7.7850094533e-02 5.8172900982e-02 9.9945703767e-02 -7.0645999707e-03 -4.5265018410e-02 -1.2077001763e-01 1.5684586573e-01 -1.1728169845e-02
7.3400553977e-02 -4.8374426515e-02 2.0649961931e-01 -1.4409126022e-01 -1.1422916878e-01 1.4538990312e-01 -5.4569823330e-02 1.2561977491e-01 2.2015460460e-01 -1.1557136219e-01 -6.9968653324e-02 -1.0563920811e-01 -2.1172640974e-01 4.8096656182e-03 6.7646628821e-03 4.7458579806e-02 5.9333021723e-02 7.0329324293e-02 -9.2232310015e-02 7.0486752895e-02 -1.1871163932e-01 -2.0719467660e-02 -1.2301719455e-01 1.0308319935e-01 -2.2750726959e-01 -1.6177499662e-02 -5.2586751659e-02 -6.0148575072e-02 -8.3462307182e-03 -5.4436923525e-02 -2.4408029480e-01 1.3742460819e-01 -1.2815849290e-01 -4.1896856402e-02 -7.5043422310e-02 -2.2507330139e-01 8.8186728897e-03 -7.2391201470e-02 9.8614446143e-03 6.8976035699e-04 -1.6522585276e-01 2.0720409254e-01 4.3344765039e-03 4.2287434273e-02 -1.1538732840e-01 -6.5341388288e-02 6.8478414521e-02 -7.5631732453e-02 -6.1808127993e-02 -1.9137667083e-01 1.7843186575e-02 1.5520498592e-01 -5.3039236234e-02 -1.0181017267e-01 -5.3101100681e-02 7.7078150925e-03 1.7750642638e-02 -1.1678631339e-03 4.2926599232e-02 1.0522204463e-02 1.9340841400e-01 2.2881998309e-02 -2.6780449575e-02 -1.0994903787e-03 4.2462220014e-02 5.5974321334e-02 -8.3915971924e-02 -4.5693876766e-02 1.6325950204e-01 -1.0134098423e-01 -9.1788065033e-02 -1.0063051354e-01 1.9577433410e-01 -1.6294169290e-02 -1.5477684995e-01 -1.2193154738e-01 2.2029037375e-01
-1.5798031135e-01 -8.3001270677e-02 9.2186028389e-02 -1.6997735840e-01 9.1037019323e-03 7.1324660603e-03 1.3335478423e-02 -9.0400299825e-02 4.3455586470e-02 -1.5216819652e-03 1.4799594871e-03 2.9865811827e-02 1.3457763821e-01 -1.4608126298e-02 -1.5859904102e-01 -6.9064751121e-02 4.5451883611e-03 -4.9757457695e-02 -6.5018402294e-02 1.5353436403e-03 3.3426274763e-02 1.4909830890e-01 7.3662161623e-02 -7.3850865134e-02 -4.6075632877e-03 -2.0015242215e-02 -4.7282885945e-02 4.6486823174e-02 -4.3659570695e-02 3.2654662788e-03 2.0935367741e-04 1.2560299230e-01 -9.7025532842e-02 -3.1217802481e-02 -2.5608026495e-02 3.1495903127e-02 -1.7469999336e-03 2.3723389402e-02 -3.3929572197e-02 -5.3773910680e-02 -5.6256810592e-02 5.0245734699e-02 7.0122503425e-03 2.1427324134e-02 -6.5447684184e-02 -2.4958527643e-02 7.4505557549e-03 -2.4085248655e-06 1.0460555158e-01 2.5883927163e-02 -1.7200608226e-02 -5.2386706737e-02 1.7341485483e-01 9.0529868310e-02 5.9756508718e-02 8.2929509931e-02 -9.0998770207e-03 -2.4508779480e-02 -1.2835136253e-01 1.3221978955e-01 7.7813279919e-02 -5.3425566945e-03 -9.2952522903e-02 -3.8119343135e-02 -1.1151604724e-01 -6.2208320603e-02 3.2308501106e-02 1.9934996436e-02 8.2593885557e-02 3.7618952170e-03 3.1383946011e-02 -1.3896290231e-02 1.5534502807e-02 1.1372946735e-01 -5.7086315492e-02 -1.5495451858e-02 -1.1088415433e-01
-1.7043817594e-01 1.3306254456e-01 -1.2116279142e-01 8.5051051993e-03 -2.9730019292e-01 -4.4388549557e-01 -9.8388066582e-02 5.9427006829e-02 -1.9472133842e-01 -1.3046121930e-01 2.2342464727e-01 -6.4378838621e-02 2.1593962613e-01 4.6195649019e-02 1.5571388328e-01 -2.3019015696e-02 5.6182876681e-02 1.7243662305e-01 -5.3063335961e-02 1.5208942799e-03 9.2396088937e-02 3.3897740710e-02 2.2217085911e-01 1.5018735440e-01 -3.1129188849e-01 2.6609791925e-01 -3.6984288226e-01 8.9253724824e-02 -5.6830369886e-02 -9.9454107981e-02 1.5461250277e-01 -3.3225872653e-01 1.0440416912e-01 2.0856566210e-01 6.4703826175e-02 -1.5095323375e-01 2.6046776581e-02 -1.3080110134e-02 2.1913578012e-02 2.3621688439e-01 3.4450973189e-01 2.2517638783e-01 5.7198129728e-02 -1.9568542690e-01 5.6590532832e-01 1.8588775972e-01 -1.2227678660e-02 -1.3709590131e-01 -2.0482080195e-02 -1.7273497452e-01 -1.3551521141e-01 4.3218136275e-01 -1.2706871951e-01 -6.8276880753e-02 -2.0038654881e-01 6.9944566257e-03 -7.7267299049e-02 -1.0268555064e-01 2.8450289763e-01 5.5764055438e-03 -9.6033838827e-02 -1.0263147428e-01 2.8231256466e-01 -1.6050145578e-02 -1.1619244634e-02 1.4780987522e-01 1.7354322525e-01 -7.6378071928e-02 1.7964635770e-01 1.8333820042e-02 -9.3058075348e-02 -7.6626432101e-02 -5.9381493646e-02 1.9713520850e-01 -2.3539727076e-02 -2.2029137539e-01 4.7698331092e-02
8.8194734562e-03 -1.2595387440e-02 5.9088360075e-01 -4.7333020906e-02 8.9556071837e-02 4.3208165646e-01 2.6041858363e-01 9.4714283638e-02 1.1656838370e-01 1.3966062191e-01 -1.5810688683e-01 -6.9903986704e-02 -2.2367531849e-03 -8.2028209451e-02 -2.2348951601e-01 -1.9754567170e-02 -2.0902133522e-01 -6.6454058912e-02 -8.4107319553e-02 -6.9241906545e-02 -2.2934111101e-01 -1.9844405408e-01 -2.4227501304e-01 -2.8791078514e-01 -1.2699301009e-02 -1.5100681844e-01 2.3600409585e-01 1.1846598120e-01 1.5220503212e-01 -1.3961013543e-01 -1.0590785912e-01 7.0430913824e-02 -2.2939511149e-01 -2.9877022616e-01 6.6029236853e-02 1.1713027226e-01 -1.1823894320e-01 5.1716164536e-02 9.9544877759e-02 -2.5309525686e-01 -9.2259290831e-02 7.4431697443e-02 2.2599919874e-01 1.1551015311e-01 -4.3520227935e-01 -4.2946926286e-02 2.2879392798e-01 2.1920698906e-01 -5.1410933395e-02 -5.0799430211e-03 7.0944219920e-02 -3.4461402233e-01 -1.4028590654e-01 -2.1259469076e-02 9.8343144343e-03 1.6179656225e-01 1.7652566400e-01 2.1592027853e-01 -2.3301248331e-01 -1.1758621292e-01 3.4652183188e-02 -1.1134539323e-01 -2.4035920579e-01 1.1331769723e-02 -7.7960744139e-02 -1.0918747283e-01 -3.1839696576e-01 5.0243443004e-02 -3.0340117134e-02 -4.0015559376e-02 -2.4912280110e-01 1.0623521233e-01 -5.6669290273e-02 1.8663775576e-01 -2.1289438146e-01 1.2771895705e-01 5.4463022569e-01
-1.5812693022e-01 3.3096768448e-03 -1.8717618939e-02 3.6798974729e-02 8.3384765469e-02 6.2589646568e-02 1.2102076066e-01 -1.4327786522e-01 -8.7623905191e-02 1.1003047376e-01 1.4028966699e-02 6.2190886804e-02 1.5149151637e-01 -1.5946651507e-02 -1.1767349174e-01 1.4314001447e-02 -1.4270949422e-03 6.2673969545e-02 -4.9229382970e-02 5.9458665437e-02 6.4463232271e-03 -5.1153624822e-02 5.6784368241e-02 -2.7428286732e-03 1.2970376514e-01 -3.3751585458e-02 3.3991154994e-02 1.1643819534e-01 1.1292089321e-02 1.3921610820e-01 -1.5182999381e-01 -2.0487398153e-02 -5.2274424226e-02 -1.6850841455e-02 4.6439982929e-02 -2.0185525241e-02 -2.1338463289e-02 -3.6044108256e-02 -1.1325875008e-02 -6.9792083855e-02 4.7474128440e-02 -5.4576108010e-02 5.2003154560e-02 -7.9582781623e-02 1.6020537544e-01 1.7605690605e-01 -1.1968262642e-01 8.4946934432e-03 1.7188885211e-02 3.2772436611e-02 -9.9722693594e-02 -5.0428778902e-02 1.5782425092e-02 8.3148813551e-03 2.2633015434e-02 1.3186158867e-01 1.6917920863e-02 8.3738796975e-02 -9.8156768280e-02 1.4481774024e-01 -4.4286447365e-02 6.5303915303e-02 -7.8679969047e-02 -7.3703789865e-02 2.1157551182e-02 1.2961049638e-02 1.0515063434e-01 3.8931395174e-02 -2.7230285747e-03 -2.8750284959e-02 1.0891838940e-01 1.3600133143e-01 4.2516060937e-02 6.6759330708e-02 -1.7494259066e-02 4.1645262157e-02 -2.9829272844e-01
