-7.5692863861e-02 7.5554402398e-02 -8.5183948923e-02 -7.0701415181e-02 -5.7588617846e-02 6.9320365911e-03 5.0295741716e-03 -3.2110599981e-02 6.0995896787e-02 5.1489610433e-02 -2.0259304450e-02 -6.1712579649e-02 -3.6805233832e-03
-7.3043986969e-02 -1.0905377807e-02 -4.1272635765e-02 1.2703129823e-01 -1.3226847225e-02 -2.1619100104e-02 -3.0702909314e-02 5.4951666958e-02 3.8679159167e-02 -6.9691811143e-02 6.3925619475e-02 8.6384183471e-02 -1.3033519642e-02
-6.2036756740e-02 3.0652937849e-02 -4.4555305280e-02 -3.6120654050e-02 -2.8238457556e-02 -9.7319403655e-03 4.5078663262e-02 5.0542598365e-02 7.6664006761e-03 2.3343145869e-02 -3.2861909317e-02 5.6105449734e-02 5.3755216087e-02
7.0933612264e-02 5.5971673153e-02 7.6527728447e-02 -3.0795396825e-02 -1.1358897603e-02 6.7592054384e-02 -3.4452129941e-02 8.7844340730e-03 -1.3692245415e-02 -2.0816092980e-02 6.9687518396e-02 -6.9101255192e-02 -4.9343388138e-02
-1.3047909115e-02 1.8955182092e-02 1.5140427298e-02 6.6052723306e-02 -2.3692798065e-02 -5.1344565344e-02 3.2135300140e-02 6.1350903265e-02 1.0172869944e-02 1.6538813697e-02 -4.0249705991e-02 4.1951610086e-02 -8.6920801387e-02
-7.0207696448e-03 -1.5960160687e-02 -6.3129664658e-02 -9.0305682737e-03 -6.1849533972e-02 -4.2505406592e-02 -6.1111346123e-02 7.6092033818e-02 3.2368253506e-02 -8.3182040061e-03 1.8892915945e-02 -2.1514074724e-02 -1.8955343981e-02
-1.4134133498e-03 -3.3447622170e-03 -9.6715820728e-02 5.4202653307e-02 -4.3411485339e-02 -2.0392411872e-02 -1.0361960072e-01 2.1268998221e-03 1.3368517872e-01 3.4232420226e-02 2.6963917529e-03 -2.7577834122e-02 8.8502899243e-05
1.3386421214e-02 3.6088007548e-03 -5.7928440005e-02 2.6852708011e-02 1.0029145132e-01 -3.4484114888e-02 -3.8957483001e-02 6.1850075973e-02 4.8669894435e-02 9.5004799197e-03 8.2880072324e-02 3.7103288799e-02 -2.5252830902e-02
8.9409629858e-03 -8.0384868349e-03 4.3677904396e-02 -8.7316966010e-02 -3.1444928084e-02 6.9068169842e-02 4.1495764361e-02 -2.3132385495e-02 -5.6251747252e-02 -1.1726056970e-04 -6.1306163315e-02 3.8964620127e-02 6.5009468412e-02
-1.6439282902e-02 -6.4697051880e-02 -5.4900631001e-02 -3.1294573415e-02 3.1530279877e-02 5.9888120888e-02 -4.5658911269e-02 1.1871484113e-02 5.7162096268e-02 -1.0121375667e-02 5.9225528495e-02 2.5186917509e-02 -6.7857868740e-02
3.1905299857e-02 3.3280796463e-02 4.6411036421e-02 -2.2789108203e-02 9.7330559541e-02 -5.2529746331e-02 8.6530172493e-02 4.9494856189e-02 -4.4351559981e-02 1.5641678751e-02 -2.1428061032e-02 2.9600899251e-02 6.9877459762e-02
7.5450793681e-02 1.0089210511e-02 1.2323264720e-02 -3.5749149191e-02 2.1362420711e-02 3.3957235029e-02 1.0569973195e-01 -9.4692394510e-04 -5.1221644227e-02 -8.8032520471e-02 -1.7328459808e-02 2.1257541628e-02 2.8858541862e-02
9.1610904249e-02 -3.8688001991e-02 8.6742277064e-02 -2.4430879126e-02 5.9488976399e-02 -3.8504534644e-03 6.0873078617e-02 -2.8889450780e-03 8.3468137203e-03 -1.1368337631e-01 2.6271449717e-02 8.9568677372e-02 -1.3989880805e-02
4.1026625263e-02 -3.0604131895e-02 7.1408764085e-02 -1.0928652126e-01 -9.5010284669e-02 1.0263119793e-02 -1.2322292832e-02 -1.5660619096e-02 6.3976136333e-03 -1.3926591379e-01 5.0922882987e-04 8.4487443997e-02 -3.2176363746e-02
-1.1615384535e-02 1.4104505958e-01 4.2616746026e-02 -1.3359962995e-01 -1.3394724883e-02 1.6975725745e-01 6.8365963172e-02 5.1019422098e-02 4.4459696012e-02 -9.7566185126e-02 -6.7387935285e-03 7.8867434350e-02 8.9639811797e-02
-7.3479293901e-02 -2.5806676991e-02 -1.2399070832e-01 9.6381391037e-02 1.0288118665e-02 -2.9077531968e-02 -1.9686380757e-02 -2.7709510429e-02 4.0247205077e-02 -7.2405055725e-02 5.5425743627e-03 8.8381346535e-02 -2.1858178720e-02
7.1015777796e-02 -1.7691082441e-02 1.2197348075e-01 -3.9056952907e-02 -8.0555565796e-03 8.5129445268e-02 3.7956493771e-03 5.2920059230e-02 -3.8075220776e-03 -1.0082560212e-02 -1.5095511363e-03 -1.7013677355e-02 2.3407223611e-02
-6.9811382604e-02 -1.3124987284e-02 -1.7052986632e-01 1.0988513084e-01 -2.5136136320e-03 2.3206276195e-02 -6.0712315895e-02 -4.5203712026e-02 3.7208683519e-02 -3.9843020170e-02 -1.0147662930e-02 -4.5267673842e-02 -7.1163638824e-03
-1.3910072896e-02 -1.7625831664e-02 -1.2580598758e-02 -3.8217767887e-03 -1.3466604024e-02 2.2639102017e-02 -6.3868606163e-03 9.1640312982e-02 4.5143842470e-02 -9.4375217043e-02 9.2182073028e-02 8.3303230460e-02 -1.3854821810e-03
-1.1257878940e-01 8.8301140493e-02 3.3677112194e-03 1.7486984548e-01 1.5250990070e-01 1.4595299404e-01 1.1371705784e-01 8.0675076043e-02 -3.4586632552e-02 -3.4940882042e-02 -4.6450637077e-02 9.1651175985e-02 1.1778955671e-01
-1.1586034289e-02 3.7215663099e-02 -3.8390612830e-02 -2.0205124473e-02 5.9956794076e-03 3.5290733655e-02 -1.3505909006e-02 5.8926785093e-02 3.0804040591e-02 4.4059411726e-02 -8.4826041819e-02 -7.9726926961e-02 -2.7056616732e-02
7.4997989117e-02 -9.7431752117e-03 6.8770106311e-02 -5.5629373594e-02 -1.9750257506e-02 -5.8745900784e-03 -5.1001605391e-02 -3.8581958562e-02 6.6892589365e-02 -3.3115203988e-02 8.0950058345e-02 1.5978444170e-02 2.4396617937e-02
1.6002990714e-01 -4.4004426543e-02 1.9325652901e-01 -3.3321649071e-02 2.1219918307e-01 1.4885330349e-02 9.1849463346e-02 -5.8466214111e-03 -4.1227359231e-02 -1.7664329385e-02 9.5815707691e-02 3.1623373150e-02 8.2860223433e-02
8.4418615787e-02 -8.3885094924e-02 1.5275165701e-02 1.8942237158e-02 -6.2400553110e-02 -4.5269080306e-02 -9.9294356190e-02 9.3960761660e-03 4.8615790550e-02 -8.2970458907e-03 8.4072602505e-03 -3.5326011257e-02 -6.6154389840e-03
9.6799024659e-03 -4.6210660330e-02 -5.8948440442e-02 -4.0737462462e-02 7.1350867115e-03 -1.1365517961e-01 -5.5032153880e-02 -7.6040847048e-02 -3.2052396856e-03 -6.9109576395e-03 7.8439828839e-02 1.6999745983e-02 7.8778821977e-02
-2.4984609262e-02 -3.3615968317e-02 8.7781565560e-02 1.8672263933e-02 -3.8833908563e-02 -6.8046044455e-02 -3.1064972650e-02 -7.0479923553e-02 3.2491030608e-02 -6.4599832879e-02 4.6887610213e-02 -9.6922308220e-03 -4.6507916808e-02
1.3050074581e-01 -3.3948553524e-02 1.1467087475e-01 6.3972803914e-02 -4.5893100024e-02 -8.3952852339e-02 2.3097172598e-02 -7.5611334092e-02 -3.4603829156e-02 2.0977509963e-02 -1.0933646037e-01 1.7179709686e-03 6.6958607985e-02
-5.4976806981e-03 -7.7628429818e-02 6.4143758096e-02 -9.2979698507e-03 5.0570166051e-03 1.2086801384e-01 9.7296244777e-02 5.4924915936e-02 -2.3846642206e-02 -4.6008841391e-02 -2.3798449991e-02 7.5861467280e-02 1.6629167556e-02
2.8889867668e-02 2.9376748137e-02 -6.6585293326e-02 7.0469488223e-02 5.1933363202e-02 5.6916580284e-02 -3.0567323339e-02 6.4006297596e-02 6.2073954331e-03 -5.1294252209e-02 2.6164221350e-02 2.4193169579e-02 -8.1026581389e-02
-9.3133116493e-02 3.2570355327e-02 -4.7590655745e-03 -7.8000774444e-02 -9.4132783206e-02 -4.6406012839e-02 2.2522212704e-02 -7.9711653485e-04 -4.6036747491e-03 1.2563759967e-02 -4.6100957674e-02 8.1050822740e-02 2.7258631041e-02
-5.1147842245e-02 -1.5853633711e-02 4.3613977877e-02 -1.8382934250e-02 1.5850838008e-02 -1.9572631388e-02 6.3689054953e-02 2.0152594575e-03 -1.5164182306e-01 3.3833204601e-02 -1.1267093791e-01 -9.4498706736e-02 6.5298207421e-02
6.5184849733e-02 -1.2792644727e-02 5.1956016507e-02 1.6224940676e-02 4.2061810961e-02 4.4609203774e-02 -4.7880229653e-02 -8.2214500341e-04 -7.6554123540e-02 -8.3747818421e-02 5.0607059191e-02 7.6189827862e-02 1.2118620607e-02
5.0925017343e-03 7.4255288471e-02 3.9833890367e-02 -3.0075752128e-02 1.7743692400e-02 -1.6325738925e-02 1.2904035012e-02 1.4732293194e-02 -2.0796764064e-02 7.4456266444e-02 -2.8026651517e-02 -6.4782128861e-02 -7.1614321583e-03
-9.0308742409e-02 2.8007716125e-02 -1.8271547927e-02 -7.9438096204e-03 -4.8369969516e-02 1.4386463786e-02 -1.8135087910e-02 3.8029323597e-02 1.0426393591e-02 -4.5749021109e-02 1.0647414465e-02 9.1252137405e-02 -3.6401673638e-02
-9.4932122601e-02 2.6130130060e-02 -1.0104591586e-01 -3.0865621099e-03 3.8823500178e-03 -3.9908435865e-02 4.2747156036e-02 4.1760643689e-02 -4.6811831506e-03 -1.0153931330e-03 -1.4090134521e-02 5.8407964004e-02 3.6468656651e-02
4.4689768152e-02 -7.3445060824e-02 8.8626554462e-02 -6.1980447394e-02 9.1988242156e-03 -4.6596950406e-02 -7.2756458095e-03 -8.2261101189e-02 -1.8919730109e-02 -1.0628955297e-01 -5.8617801533e-02 8.3481451116e-02 3.5436853229e-02
-7.8443562995e-02 7.3629518627e-03 -1.2049348066e-02 -6.6448212562e-02 -3.6463552235e-02 2.3182591676e-02 2.1846399955e-02 4.2841027236e-02 2.9959872143e-02 -4.6400694434e-02 -1.5593500284e-02 9.0178057609e-03 2.9239114345e-02
3.4080785288e-02 1.8868049995e-02 -5.5301812646e-02 4.5013603916e-02 2.5338143909e-02 -4.0895992603e-03 -1.1544228983e-01 7.1997371863e-02 8.5738207075e-02 4.8380609981e-03 3.9374296348e-02 -6.9910086274e-02 -5.9265409487e-02
-1.2096204510e-01 -8.3064553175e-03 -1.1023476209e-01 -1.9580568770e-02 -2.2265868106e-02 4.6328586489e-03 -5.0207031698e-02 4.5968446372e-02 5.9607157308e-02 -1.4758964361e-02 -9.2849310329e-03 -4.0341263563e-02 3.8924649164e-03
-7.7088703084e-02 6.0830990645e-02 -1.0645047348e-01 -3.1948842290e-02 -1.4385182939e-01 2.6931058801e-02 1.4435082383e-02 6.2191321840e-02 3.3690101622e-02 -7.8877846005e-02 3.3665972184e-03 6.9415264792e-02 2.8487738541e-02
6.5306390743e-02 -5.6368622631e-02 5.2323573969e-02 6.2365413296e-02 6.8833976320e-03 3.4377014042e-02 -4.0655510914e-02 -5.7328526410e-02 1.0369812701e-01 -6.6950226495e-03 -2.9977015439e-02 6.4232047230e-02 -6.8025116600e-03
-6.2851390435e-02 -3.5544909191e-02 -1.5024706649e-02 -2.5559094185e-02 -7.6671002253e-02 6.9997887591e-02 -3.9791229815e-02 7.1267777539e-02 6.3925011552e-02 -1.0110809082e-01 -4.6200929972e-03 7.6136384407e-02 2.5653719299e-02
9.8680823611e-03 5.5758866889e-02 -7.1110257501e-02 1.0987821307e-01 -1.7041847777e-01 -4.0783884787e-02 -1.0081853058e-01 -6.7530016329e-02 -4.1397676233e-02 -1.8897174669e-02 -9.9288126662e-02 3.8470959556e-02 3.1610942175e-02
-3.3908391432e-02 -1.7566611303e-02 4.7418774555e-02 -7.7405997950e-02 -1.0909574538e-01 -7.4110936470e-02 1.1792240938e-02 -6.4088713511e-02 -6.3840782005e-04 1.1358173300e-02 -1.1293504714e-01 -3.5361555697e-02 7.6566690473e-02
3.1963399516e-02 -4.3925040128e-02 -2.0817250280e-02 3.4760830643e-02 6.8143877356e-02 -2.8252045638e-02 -4.6322305432e-02 -2.7187823390e-02 1.6230880413e-02 2.8849783185e-02 -1.3940111663e-02 -1.9716131114e-02 -5.3987691127e-02
1.5359646261e-01 -2.1229813247e-02 7.6760489387e-02 -1.6631563858e-01 7.3609762941e-02 -2.9926318166e-02 8.8114349274e-02 -9.9262696475e-02 -1.0752574855e-01 9.8261238218e-02 -4.8475520748e-02 -9.3159521411e-02 -7.5033886988e-03
-5.3911421189e-02 -3.1056114590e-03 1.6664618467e-02 -2.8335620546e-03 -1.7477542278e-02 -2.9967266792e-02 7.7130544294e-02 -2.0707377031e-02 -7.8530372688e-02 -1.1651948671e-01 -4.5351341852e-02 9.4527387564e-02 2.7026209359e-02
-8.6359784660e-03 7.0883431871e-04 -5.5569893911e-02 2.8922384288e-02 -3.2132857857e-02 -9.2190268869e-02 -8.1012347637e-02 4.4379009290e-02 1.5658234271e-02 7.3532041383e-03 6.8151479678e-03 -2.8335178189e-02 -1.6104055900e-02
-5.7979905890e-02 -4.2611587065e-02 8.4018366754e-03 6.0115552007e-02 -6.5165091071e-02 2.7022281818e-02 -2.8589992287e-02 -4.2703801198e-02 8.4432010322e-03 -4.9947799032e-02 -4.6253969389e-02 1.7255445665e-02 2.3743144095e-02
5.5895432311e-03 4.9672040660e-03 3.9605837933e-03 4.4005970856e-02 4.9676518321e-02 8.8134846132e-02 5.3357065620e-02 -2.1429589359e-02 2.5524906294e-02 -1.7732310195e-02 9.6410324423e-02 1.8306100361e-02 5.4587347264e-02
1.6824204213e-02 -6.8965132457e-02 -7.8920403749e-02 -2.1887248781e-02 -4.5457431581e-02 -3.9156630488e-02 -2.8349661191e-02 1.9353533191e-02 -5.4898349298e-02 -1.7177718267e-02 -5.0510063055e-02 -2.2793205424e-02 -3.0413997877e-02
-3.8527202561e-02 -4.5448459478e-03 -7.5481188030e-02 3.0806065752e-02 4.1932141700e-03 3.5367435221e-02 -6.0258434390e-02 9.5758405969e-03 4.6388105477e-02 6.2768175628e-02 -2.2083943894e-02 -7.6128931390e-02 -2.6814985510e-02
-5.4776440458e-02 1.1479037325e-01 1.1418526880e-01 1.4350732031e-01 2.4013015398e-01 3.1628462195e-01 1.8983501706e-01 5.8772334117e-02 -1.9245910410e-01 -2.4242653660e-02 1.0748328938e-02 1.9436666649e-03 -1.9959852392e-02
2.4775269246e-02 -3.5805145568e-02 -2.6843787248e-02 2.9908033820e-02 6.2779299751e-02 -1.0891293666e-01 -1.0584462036e-01 3.3297958915e-03 1.8834200585e-02 1.6812826204e-02 1.2392137665e-01 -7.5255608977e-02 -4.0115718288e-02
-9.5672362132e-02 -9.3031329935e-03 -1.5895866123e-02 4.9573501567e-05 -5.0301964003e-02 -6.3388757086e-02 -1.6490434963e-03 7.0227489364e-02 -5.1588821609e-03 -1.5259456400e-01 -4.0167144001e-03 1.5627697769e-02 6.1601092673e-03
7.0330020890e-02 4.3498634490e-03 4.7608218115e-02 1.0193412220e-01 -4.0482052292e-02 8.0821762649e-02 -1.2813104812e-01 -9.5074936569e-02 9.1977816025e-02 6.7460721048e-02 1.4687564873e-02 -4.3350649669e-02 3.2463654281e-02
-5.0134765264e-02 3.5641295682e-02 -6.4193060848e-02 4.7472667515e-02 -4.6417986045e-02 -6.5517368734e-02 -3.2701873521e-02 -8.2382970749e-03 8.2553828005e-03 2.5175776924e-02 -2.3877121906e-02 -4.8152717812e-02 -6.3533412437e-02
-1.6736406184e-02 -4.3727137178e-02 4.3678831255e-02 -7.2550314338e-03 8.2357284016e-02 -2.3316295357e-02 -1.2021191680e-02 2.3502795614e-02 1.4813804601e-02 -5.3595755983e-02 -4.7220580268e-02 -4.6585643214e-02 1.3077705459e-02
2.1098647476e-02 -5.1236573030e-02 6.7148514773e-02 -6.0089800057e-02 2.0106175490e-02 -4.8990577037e-02 7.5491451378e-02 8.2342624363e-02 -3.7833625844e-02 -1.4422543837e-04 -2.7774651207e-02 -4.4062014850e-03 -1.1533868055e-02
-1.7781875408e-03 -4.7255155330e-03 1.3539353645e-02 -6.8136284066e-02 -7.8016332988e-02 -9.4766893555e-02 4.0436739924e-02 -3.6150506838e-02 -3.0183878007e-02 -8.3637943215e-02 3.4629870487e-02 4.8220826644e-02 1.9632436561e-02
8.6613029164e-02 -1.2489651728e-02 2.7636296041e-02 8.0161444985e-03 -6.4739327272e-02 -6.0503507616e-02 -4.8350736229e-02 4.2474049756e-03 7.8938561630e-02 8.2889192083e-03 8.6297445441e-03 8.1894463227e-02 -1.5718106231e-02
1.9728754824e-02 -5.3071498005e-03 1.6392662547e-02 1.6428620335e-02 2.8493777845e-03 -1.5926784887e-02 -1.8888767213e-02 -2.0628101015e-02 -2.5644505339e-02 -1.1100695129e-01 4.8606883169e-02 9.2302019296e-02 4.9259253368e-02
-1.2918166286e-01 1.3214953554e-02 -6.9815477949e-02 3.2946455292e-02 -7.4458675594e-02 5.3804707803e-02 -6.0402931099e-02 5.5709724857e-02 1.1153536482e-01 -5.1312155411e-02 -2.0103193394e-02 1.9893852375e-02 2.2761016050e-02
-3.4969832069e-03 3.6867218158e-02 -1.1863678137e-01 -6.4530370054e-02 2.0402993830e-02 -4.7656910579e-02 -1.4688415267e-02 1.9092378896e-02 -6.2951089938e-02 5.4180705341e-03 -1.5250951938e-02 -4.3315744187e-02 -6.4518306884e-03
1.9926832046e-02 -4.3112966213e-02 -1.8276073141e-02 -3.7039695154e-02 -1.4094299828e-02 -2.1777096358e-02 -5.5161080947e-02 6.2738886645e-02 4.0515002457e-02 6.0553863155e-02 -3.0929474188e-02 -2.7401260438e-02 -1.5762366594e-02
-4.9437048008e-02 -1.5921614717e-02 -4.9797964646e-03 1.0373503890e-02 -4.4490282610e-02 -8.2652820036e-02 6.4286200416e-02 -2.4882586308e-02 -7.4763495504e-02 -5.4723036136e-02 -1.9615213071e-03 -1.1025883803e-02 2.9262992841e-02
-2.5996338622e-02 -3.8755947737e-02 -3.4650430342e-02 4.5920143587e-02 8.8356451577e-02 1.2111573454e-01 -1.4741083544e-02 -2.8243922262e-02 1.7355801273e-02 3.8539999365e-02 -8.8923955101e-02 -9.2656837539e-02 9.1670551923e-02
-1.0354985411e-01 3.6438924099e-02 -6.3689042197e-02 7.8964667250e-02 2.7009733153e-02 2.6195566869e-02 -2.7523636841e-02 4.9293192562e-02 1.5959537632e-01 5.7638013513e-02 4.3445945723e-02 2.8201950230e-02 -5.8989694182e-02
8.1108994905e-02 5.0890362348e-05 -1.2368303705e-02 7.4226798612e-02 -3.0392418089e-02 -1.6125460109e-02 -3.7357950583e-02 -1.3140703837e-02 1.9425558977e-02 -8.0022786846e-02 -4.4194653017e-02 1.0975337361e-02 2.1344374540e-02
1.9304982165e-02 2.3168212220e-02 -2.6085437925e-02 3.5334208563e-02 5.0972768782e-02 -8.4725434311e-02 -2.4588726746e-02 3.5113722744e-02 2.4190418212e-02 -7.1918168039e-03 3.4198849125e-02 1.4130873401e-04 -2.3931163434e-02
-1.0339037415e-01 2.5185760493e-04 -2.2415996516e-02 1.0618189652e-02 8.4015293855e-03 -6.6132317217e-02 3.4499568285e-02 7.1726969233e-02 1.6409131660e-02 3.3256547117e-02 -3.9658790475e-03 -3.3246151318e-02 -9.3928231141e-02
-3.9120544525e-02 -4.4048426212e-02 -2.8807788399e-02 2.9808479671e-02 3.0145809274e-02 -6.7507683447e-03 5.9360453006e-04 2.9704480599e-02 -1.0049575479e-02 -6.8423106588e-02 3.7728162647e-03 6.3738723431e-02 3.1222456873e-02
5.4595731710e-02 -7.4892499520e-03 -4.0435733505e-02 -8.8624185192e-02 1.0689361511e-01 8.5398475164e-02 -3.2854088642e-02 7.1639086611e-02 3.1706968813e-02 4.0990381031e-02 -1.7595921182e-02 -4.0225130041e-02 6.1277134236e-02
-3.6529423664e-02 2.8637697301e-02 6.8532694619e-02 -1.9193298214e-02 4.5465357403e-02 -1.1151246088e-01 9.2800600654e-03 -1.8694696068e-02 -9.3636565019e-02 -5.4940871755e-03 6.8923245478e-02 -7.7204357265e-02 -1.0768636857e-01
2.9432200054e-02 -1.3036751779e-02 6.0532846423e-02 -2.7582253154e-02 7.9634344124e-03 1.6432566522e-02 5.4938384041e-02 -3.4681986746e-02 -2.6321323027e-02 -9.0263274143e-04 -1.1983375996e-01 -3.1222237917e-02 -6.7284448846e-02
-4.3567081209e-02 -3.3776887441e-02 -2.4298086542e-02 -5.9463307911e-02 2.9389500299e-02 1.7206270888e-02 2.8946745008e-02 -1.4663419480e-02 -4.6336354630e-02 -5.8064023055e-02 -3.6797476597e-02 3.1475987140e-02 -1.2188854508e-02
-2.4336617665e-02 1.8721628033e-02 2.6206805886e-02 -9.1206185771e-02 4.8343475899e-02 -4.1812759095e-02 5.9336163758e-02 -6.9980415158e-03 -3.9604884905e-02 -1.8086497793e-03 9.4807247552e-03 7.3297933258e-03 -3.8940605203e-02
7.3166727520e-03 1.0729386578e-01 5.0547161821e-02 -3.3679318803e-03 4.6226805805e-02 1.6834613171e-02 2.5947196298e-02 3.1648309449e-02 -4.6136639979e-02 9.1399107306e-03 -5.2260066160e-02 -3.0254177319e-02 1.5569839286e-02
2.7553743667e-02 -1.3866859129e-02 9.1333391098e-02 1.9268345625e-02 3.8328376315e-02 -1.5043098667e-02 6.0730866079e-02 7.4340599293e-03 1.9124387357e-02 4.7887549353e-02 -6.5333780992e-02 -8.5689190969e-02 8.1329985895e-03
3.5986285753e-02 -7.6214916658e-02 -1.7782169219e-03 -7.2421414248e-02 -2.0278051692e-02 5.2308307920e-02 1.0352155350e-02 1.0455564006e-02 8.4529504935e-02 -7.4686495511e-02 5.2649230279e-02 -2.8170852754e-02 1.1087333917e-01
1.1010371929e-01 -2.4494834695e-02 3.8202103415e-02 -2.2604290083e-02 -6.3793342624e-02 7.5056089025e-02 -2.1089892277e-02 -2.7709997259e-02 -5.1433662829e-03 2.3151851200e-02 -4.4876888195e-02 -2.9702875198e-02 7.4599159972e-02
-1.3510065261e-02 1.1774050364e-01 1.0314419592e-02 -4.5406660536e-02 3.1724177352e-02 -5.2189106608e-02 -2.1566126303e-02 3.9969784304e-02 2.3799197631e-03 -9.8325430216e-04 1.3400506696e-01 5.1864802565e-02 -1.5764632604e-02
-2.5768740535e-02 -1.1390378799e-02 1.0683703582e-01 -7.4184132192e-02 1.0191447290e-02 1.0484934005e-02 1.0342944534e-01 -2.8554760660e-02 -1.5637014834e-01 -1.0616887335e-01 -5.5136196381e-02 1.1280456740e-01 2.6226351365e-02
1.8904531184e-02 4.0629679978e-02 2.7270634561e-02 -5.2124136960e-02 3.6406474826e-02 -7.9892740502e-02 6.9916411641e-02 -8.6668505498e-03 -1.4478355634e-02 6.7789214254e-02 9.6045609047e-02 -6.7754347423e-02 8.2334647849e-03
-5.5952466806e-02 -2.5368036372e-03 1.6703192210e-02 -9.1548592874e-02 -1.6216679522e-02 -3.4213371928e-02 3.6513276009e-02 3.7621801196e-02 -9.1018336157e-02 5.5517467859e-02 -6.4964099314e-02 -5.9261277802e-02 -3.2280262063e-02
-3.3909595159e-03 2.6440515863e-02 5.8404125691e-02 -6.6890105777e-02 -3.1489736098e-02 -1.0816713109e-01 -9.3095017952e-03 -2.9727058467e-02 -5.8343593169e-02 7.9336934839e-02 -4.5595003869e-02 -7.9995975480e-02 -2.0833545485e-01
2.7329763875e-02 -7.0403969118e-02 2.8302266505e-02 -5.8691391347e-02 -5.8265661369e-03 1.5859535655e-02 8.1349794587e-02 4.8097936933e-02 -1.1232374954e-02 -2.5331119707e-02 -9.1494821606e-02 1.1378503508e-02 -2.6533226313e-02
4.8617559028e-03 7.8660773232e-02 3.5531870332e-02 1.2363738629e-02 1.5548344855e-02 -1.8216827372e-02 -3.8371977772e-03 5.0523302381e-02 -2.8222691030e-02 7.6560627769e-02 -6.9067050707e-02 -1.4911486439e-01 -1.0400414866e-02
-2.5737784202e-02 -4.1538584567e-02 -2.4283582935e-02 -2.7983532033e-02 2.6497397883e-02 -8.8031678482e-02 -2.5606069680e-02 6.4371505537e-03 1.7961525058e-02 4.2769554137e-02 1.6564524901e-02 -2.0993843611e-03 -7.4254489012e-02
-2.7362852991e-02 -1.2966717018e-02 -4.0069345747e-02 -1.5730262923e-02 -1.4146064402e-02 -4.0468193157e-02 5.7801205627e-02 5.1598208416e-03 5.6075322281e-03 -2.1996491984e-02 -5.2483024084e-02 7.5752189492e-02 2.4979155026e-02
-1.2946463714e-02 5.8191428399e-02 -5.6034767774e-02 9.5148536092e-02 -1.1652978414e-01 -6.7152517596e-02 -8.3723213408e-02 -1.1378131194e-01 1.3421813879e-02 -1.8175992493e-01 -1.4116405480e-02 1.2509900049e-01 2.2008914068e-02
5.6153507484e-02 1.3652595393e-02 6.0840188746e-02 4.4698359727e-02 -3.2630003740e-02 1.3836887786e-02 4.9588970878e-02 -3.4599482789e-02 -1.0688692536e-01 4.6315432372e-04 -1.0749946997e-01 4.8146719311e-02 -1.6316651393e-03
3.0043938227e-02 4.4946475243e-02 -4.2006241830e-02 6.3345533333e-02 -8.7568931560e-04 4.7103360150e-02 -2.7943759894e-02 4.3242376972e-02 -2.0261520284e-02 -1.0445047001e-01 5.5462998451e-02 7.4758558961e-02 -2.0211147512e-02
2.8668396585e-02 -2.7733967768e-02 -7.1865823810e-02 -1.0171421320e-02 4.7738615493e-02 -5.4329105210e-03 -1.9454339509e-02 1.0809891850e-02 3.9254951649e-02 9.0138702829e-03 -6.9456845969e-02 -1.6040642112e-02 -5.7019342837e-02
8.2951767831e-02 8.2890476175e-02 1.0412035458e-01 -5.9769424828e-02 2.5045500147e-02 -7.8091457169e-02 -1.1804279513e-01 1.8034324904e-02 1.9839150427e-02 1.0204599847e-01 9.5800201732e-02 -1.4062645921e-01 -9.6038639380e-02
-3.8598529488e-03 -1.2905929062e-02 9.5071934746e-03 -6.6045220134e-03 -4.1912777676e-02 -2.7576679881e-02 1.0713411401e-02 3.5646559158e-02 1.0966833967e-01 4.1867718366e-02 -1.0367096206e-02 -1.0143189428e-01 -5.4221602846e-02
4.5837220160e-02 -8.0701906837e-02 1.6413279595e-02 -1.4883335227e-02 -2.4832014228e-02 -7.5026413786e-02 -5.2940338730e-02 9.2581821459e-03 -1.0814051573e-02 -1.6650422732e-02 -4.2588331310e-02 -2.4474077995e-02 -1.0185386805e-02
1.9716317018e-02 -7.5597854937e-02 -8.1766440113e-02 3.3414973822e-02 -2.9367862845e-03 -4.0547762158e-02 -1.8944563490e-03 -4.7451627447e-02 1.0947421497e-02 -2.7724427341e-03 -1.0996646472e-01 -2.7992699971e-02 1.7960532403e-02
-3.6199373952e-02 -2.3600568472e-02 -3.6725356505e-02 3.8052128738e-02 9.6909054177e-02 2.5973907711e-02 3.4762587680e-02 4.1316139945e-02 4.3938955075e-02 -6.0197960418e-02 1.3008363083e-01 3.8769545470e-02 5.9322180099e-02
-2.4078653911e-02 1.1246800787e-02 -4.1539911364e-02 9.5396683764e-02 -5.1687685421e-02 -4.5443075253e-03 -2.1009655232e-02 7.3426757857e-02 5.4895908665e-02 3.7135162169e-02 -3.7681446611e-02 -3.6453585668e-03 1.5954912110e-02
3.9660539679e-02 -8.5810749066e-02 1.4117728609e-02 -4.4845284868e-02 -5.3307598332e-02 -6.3872074763e-02 -5.7333243047e-02 4.7965819546e-03 -3.8321940882e-02 -5.5659556050e-02 6.3037584755e-02 7.9071804266e-02 -1.1863732566e-02
1.0462805134e-02 5.0925892191e-02 -4.7661899634e-02 -4.7651492567e-02 -6.2559671572e-03 -5.1437067266e-02 1.2612673958e-01 1.1783505790e-02 -7.0677410289e-02 -6.8298808189e-02 1.3618671633e-02 -1.2307581388e-02 1.3854419951e-02
1.9621498915e-01 7.1216585484e-02 1.6429600768e-01 1.8819208277e-03 1.8955495995e-01 8.1161514875e-02 1.8211390837e-02 -9.7677271809e-03 -6.2417376605e-02 -3.9695789468e-03 6.2268962601e-02 -4.0975001520e-02 -5.4669778103e-02
2.9683385227e-02 -8.0540890516e-02 -1.1694575379e-01 7.8719042202e-02 1.4568358759e-01 2.0346709401e-02 -1.2639040289e-02 1.2205243245e-02 2.8724765230e-02 -3.5342149204e-03 1.6243790742e-03 -2.3364335738e-02 6.4287071855e-02
-1.6741162575e-03 -1.0776166438e-02 -2.9067085731e-02 -2.4271747534e-02 -9.4825673949e-02 1.5454798287e-02 -4.0634109102e-03 3.6144606752e-02 2.5487494409e-02 -3.3205377141e-03 5.9551470234e-02 8.3783106114e-02 3.7677237735e-02
1.5826396877e-01 3.7315532096e-02 1.7913064753e-01 -4.5367782361e-02 -6.2061150911e-03 -5.5909296344e-02 3.7728120964e-03 -1.7707274759e-02 -7.2154904062e-02 2.4088862827e-02 1.3507105893e-01 3.2794669014e-02 -1.0934064726e-01
-2.2760393446e-02 -3.1240119340e-02 -5.0307798688e-02 -1.6734663003e-02 1.0898725621e-02 2.4751754428e-02 3.4909238167e-02 7.0162782945e-03 3.6572499717e-02 5.6240893449e-02 -5.2549595605e-02 -1.1781516625e-02 2.0009913542e-03
-1.0647333451e-01 6.9611611167e-02 -3.1160295850e-02 5.3966607970e-03 -2.0507785811e-02 6.2896994780e-02 -2.6140564579e-02 5.0384323738e-02 4.4469774796e-02 6.9294487206e-02 -7.9732354492e-02 -1.9455645218e-02 -3.5877284271e-02
5.9267298875e-02 1.6669430081e-02 7.3746243955e-02 -3.0406613766e-02 4.3398763949e-02 9.2030857894e-02 8.7021854355e-02 -1.5560961007e-02 -6.0712078952e-02 -1.4034894181e-02 -9.0044610777e-03 6.7978150259e-02 1.2193280997e-02
-3.2805412468e-02 1.0170286024e-02 3.5756738181e-02 -4.6393712023e-02 1.1050406275e-02 -6.1810940233e-02 9.0508530275e-02 5.7831715055e-02 -5.1912467846e-02 -2.3152607220e-02 1.2399719785e-02 1.1027591962e-01 -5.0615873838e-03
-1.0692642311e-01 3.1635759168e-02 4.6844600847e-02 -4.6293543546e-03 -2.0214701811e-02 4.2098770642e-02 -3.6928664741e-02 3.2753329021e-02 3.3992208963e-02 4.3254524419e-02 -2.7601785715e-02 -8.4396526868e-02 -1.5607811937e-02
-5.1911815228e-02 2.4976333341e-02 -1.6817609246e-01 -5.2802557831e-03 8.6647691378e-03 -2.3532291776e-02 -3.3811677904e-03 -1.0160648379e-01 3.6510109658e-02 -3.6998422524e-02 -9.0296844772e-02 5.3238688392e-02 3.3133328592e-02
3.8514717849e-02 -3.2288780416e-02 4.1051111251e-02 4.2988685522e-02 1.4844833524e-02 -6.0808184693e-02 5.0824346618e-02 -1.9208671921e-02 5.0908054975e-02 -1.2349062532e-01 1.9182563348e-02 4.9905558562e-02 -3.7195370972e-02
8.2367914099e-02 -6.0349130234e-02 4.5322180805e-02 -1.0347992311e-01 -5.7722155067e-02 -3.6726006150e-02 -4.9458211470e-02 3.1741795124e-03 9.1032778391e-03 2.2803498267e-02 -5.2369106737e-02 -3.1519586604e-02 -3.7663745453e-03
5.9535180461e-03 -8.3360199221e-02 -3.9570665589e-02 3.4044351343e-03 4.7585312473e-02 5.3742084612e-02 -1.0919948118e-02 9.1088018167e-04 9.9678537499e-02 -6.3119939587e-02 5.0578907855e-02 -3.6423045240e-02 5.3805634997e-02
-8.1151167558e-02 -6.0756220560e-02 -2.3258319455e-02 -1.0719301233e-02 1.4331405460e-02 -4.1239605315e-02 -3.5472610848e-02 -5.1474701915e-03 1.8012011429e-02 1.3266497039e-02 -7.1888206284e-02 -2.7613215754e-02 2.9769840114e-02
-4.4093542080e-02 -6.9108702179e-02 3.9049056634e-02 4.3928069150e-02 -6.6419513341e-02 -7.9065907375e-04 -5.0661517485e-02 1.0274059294e-02 -8.7233816058e-03 -4.3245202501e-02 1.1024204514e-01 9.3881109703e-02 -7.2373265789e-03
-1.6362547192e-02 -4.7760713808e-02 -7.3156026242e-02 5.7815495030e-02 3.8390843959e-02 -5.5183583015e-02 -3.1430656716e-02 -1.0062228126e-01 3.7702107000e-02 2.0867373326e-02 -7.0967772413e-03 9.5640239818e-03 1.5227036897e-02
5.3060489266e-02 -6.8072218749e-02 -2.6111033389e-02 2.5744312778e-02 3.4341482640e-02 4.9476461678e-02 -1.0850747435e-01 -4.4836067341e-02 1.4795469326e-01 -6.9089502221e-02 9.9676915245e-03 4.8286959505e-02 -6.9737577859e-03
-8.8441226847e-02 2.6349572003e-02 8.1926236843e-02 -1.0237800009e-02 1.4034535304e-02 4.7492389408e-02 7.2550147803e-02 4.7185348076e-02 -1.8403897717e-02 3.3885981456e-03 -9.8078744813e-03 -1.6295310812e-03 2.5359374950e-02
3.7728724026e-02 -8.2582911828e-02 -8.0857615523e-03 2.6225586874e-02 9.8002531574e-02 -6.1552674513e-02 -4.1463697563e-02 2.4986342211e-02 3.5835365447e-02 5.3681835089e-02 -3.2031564204e-02 -8.3450360808e-02 -3.0814800910e-02
8.7560525980e-02 1.3105691982e-01 1.3152549255e-01 1.4145882081e-02 1.5000669511e-01 5.0781853076e-02 6.0037480073e-02 1.2584740206e-02 -4.3035826957e-02 4.7351887136e-02 -1.8933359037e-02 1.2140589552e-02 -8.9919664826e-02
4.1377994968e-02 3.1822235113e-02 -2.4512626727e-02 -2.6186754448e-02 6.5597044854e-03 -1.1197249727e-01 -7.5298776522e-04 -1.0082462175e-02 -8.7213278705e-02 -5.8295237321e-03 -1.1285930303e-01 1.5875096569e-02 -5.4551835166e-02
-5.0804589183e-02 2.1990279835e-02 1.7348091887e-03 -4.2731786806e-02 -4.2956546665e-02 -4.9245336328e-02 4.1126810638e-02 -3.3151852449e-02 -1.9004337733e-02 2.6714095577e-02 -4.0178823985e-02 -7.3499583869e-02 -4.7101089157e-02
4.5310878080e-04 -1.9550011130e-02 6.0182196683e-02 -6.0042621391e-02 7.4690799705e-02 -5.4279850182e-02 3.7502804036e-02 6.4239121938e-03 -4.0414545200e-02 3.3545717580e-02 -7.9945214806e-02 -1.0101420271e-01 -3.4995012057e-02
5.4175322030e-02 -4.6710827650e-02 1.6124964236e-02 -1.1979654903e-01 2.0516793363e-02 -9.2997525586e-02 2.8079605895e-03 8.1436157908e-03 -7.6012419467e-02 8.5453261535e-02 5.4103620767e-02 -3.7208929148e-02 -1.3942525257e-01
-5.5324715947e-02 -2.7140308145e-02 -2.1198267895e-02 -1.2605226380e-02 3.1856419495e-02 1.4914936042e-01 -2.9894916066e-03 3.4945482040e-02 4.9595707918e-02 7.8090797315e-03 -1.6828865177e-02 -2.6134132545e-03 3.8835960958e-02
4.8445897576e-03 6.4818596135e-02 7.7454096023e-02 -4.7359461173e-02 1.3536794215e-03 -4.3011999578e-02 5.9076591360e-02 7.1599490402e-02 -3.4646256047e-04 4.2529228725e-03 -3.4449498332e-02 -3.9837428599e-02 -9.9868163008e-02
-7.8706713485e-02 3.6961247151e-02 -7.0934084673e-02 8.2601384785e-02 -9.8913212088e-03 -3.4550078676e-02 -1.8074425723e-02 -8.8278863750e-03 7.5316775253e-02 -1.9698030919e-02 1.0262432137e-01 -3.1009390860e-02 -3.0691821969e-02
4.9644633415e-02 -2.4720748484e-02 1.0881273603e-02 8.3029824876e-04 7.9164978683e-03 1.1442894885e-01 -3.3051676590e-02 -4.3574737740e-02 -4.1291669048e-02 -3.9253697582e-02 -5.4812174497e-02 2.5061829571e-02 2.7403865401e-02
6.1023834532e-02 -1.6245884237e-03 7.9341022507e-02 -4.0711115893e-02 -1.1340820286e-02 -6.4856127660e-02 2.0870122782e-01 -7.2691124084e-02 -1.6678159737e-01 4.9010278979e-02 -6.9997267147e-02 -7.7658097450e-02 -6.1884568095e-03
5.9074821471e-02 -1.4419782968e-02 3.8229346975e-02 1.2161017447e-01 -5.4075313954e-03 1.1908121140e-01 -3.7033162030e-02 -4.7573874255e-02 -1.7148036696e-02 -5.6017971146e-02 8.3653978065e-02 4.4442359931e-02 -4.7556375445e-04
3.1771993402e-02 1.6261946463e-02 6.2973989266e-02 -6.3028066046e-02 -5.2267839254e-03 -6.5274260071e-02 1.2331824285e-02 -2.3768487251e-02 -1.1792172626e-01 -1.3843939656e-01 7.4359694489e-02 4.9760072061e-02 -1.5780385458e-03
-1.0821193209e-02 -8.8002438472e-02 -3.2547070912e-02 7.8575026617e-03 -4.4932112071e-02 -1.9327882462e-02 -5.1781540385e-02 -2.4907334826e-02 4.4409519493e-02 -1.6539278438e-03 -7.8069200103e-02 3.3670548742e-02 -2.6452378978e-02
4.0338204845e-02 -5.8948441581e-02 1.8048131947e-02 1.2206812961e-02 -4.5204749179e-03 -2.1129066324e-02 5.4923784341e-02 7.1430550381e-03 -8.6306104636e-02 1.9614454940e-02 -4.1992816471e-02 -4.5492258994e-02 -3.4552303724e-03
1.1366229630e-02 3.2850630601e-02 2.6984200458e-02 2.1912047725e-02 4.7246660601e-02 -3.6157199668e-02 8.0076114820e-02 1.5277624426e-03 -2.3370309180e-02 7.6350123368e-02 -1.1774357657e-01 -2.9871280628e-02 2.1453874204e-02
2.5558055802e-01 -1.4296555269e-02 3.2259786832e-01 -4.4745349666e-02 2.2111778551e-01 8.1682634793e-02 2.1210767452e-01 -6.1343829251e-02 -1.6787790096e-01 -4.6623224261e-02 -9.7023799636e-02 5.2765830406e-02 2.6336042635e-02
-7.8451895220e-03 -2.2803494229e-02 -3.2192848798e-02 1.1822500913e-02 3.1730514396e-02 6.4184345626e-02 5.7794063900e-03 -2.5799726980e-02 6.3402314480e-02 -6.3504734823e-02 5.3292211205e-02 3.1378180548e-02 9.4318704861e-02
7.4807586625e-03 -4.1836807082e-02 -7.3293021930e-02 1.2394824561e-01 7.6920938976e-03 8.7250636104e-02 6.8434299152e-03 1.4095889001e-02 -2.6228969703e-02 5.9309251011e-02 -2.6107107272e-02 -1.0160342815e-02 -2.1138021853e-02
5.0726780275e-02 3.1963374300e-04 -2.6546784144e-02 8.5434468384e-03 2.1449115203e-02 2.7235270140e-02 -8.9669294040e-02 4.2320601760e-02 1.0553923859e-01 5.5357994251e-02 1.1778752440e-01 -2.4392857571e-03 -8.0719857244e-04
4.3988479737e-02 6.7549522866e-03 -6.6664199193e-03 -6.3792488768e-02 3.0476965964e-02 -5.7873506109e-02 8.1042038913e-02 -3.0443709386e-02 -1.1983519526e-02 -1.5793290247e-02 2.2292137276e-02 9.5230306405e-02 1.6777621950e-02
5.4443700519e-02 -3.0532459316e-02 4.8013021461e-02 -1.6884712056e-02 1.0151616275e-01 -7.5941836221e-02 -2.9924128025e-02 -4.3728647107e-02 -1.1951462611e-01 -7.4765982248e-03 1.3381395768e-01 8.9133233975e-03 3.7404071792e-02
-4.4014014943e-02 -1.0875182739e-02 -4.7558746306e-02 -7.2966266831e-02 3.1466239917e-02 1.8069089298e-02 3.6698855053e-02 3.7325694270e-03 -7.3973161328e-02 1.0285364611e-02 -1.6276176021e-02 3.3002496660e-02 -6.3964454048e-02
2.1826652107e-02 -4.1226423017e-02 -6.4728461154e-02 -2.6864304010e-02 -2.7240198946e-02 -1.8400423515e-02 3.5665709540e-02 -3.8048986694e-02 2.1773784198e-02 7.5839546357e-02 -4.3586755881e-02 -3.4865605187e-02 -8.4436330569e-02
9.5745153785e-02 2.5163356566e-02 -1.9961789604e-02 4.3953324113e-03 -2.2197709746e-02 -1.3774100546e-01 -5.2830753186e-02 -1.5930997893e-01 5.6488960542e-02 -1.1571167402e-02 -6.6329233687e-02 1.5271458716e-02 2.5069164813e-02
-8.8593091268e-02 4.7901235852e-02 4.5704939079e-02 5.9867364153e-03 6.1620246069e-02 7.7748589595e-03 -4.6298138128e-02 2.0204844036e-03 8.2037494235e-02 -3.6903639078e-02 9.0759845063e-02 9.1516733089e-03 4.3628440039e-04
-4.6227351447e-02 -6.3936655259e-02 -1.7763326644e-02 -2.6426934536e-03 1.0917496632e-01 -2.7914307430e-02 7.7455298452e-03 -3.9026627779e-02 3.6430054685e-02 2.8903744315e-02 4.4445646105e-02 -2.2134537073e-02 -5.1919694307e-02
-5.3721990726e-02 -1.7596204005e-02 2.9206378254e-02 -5.6788723153e-02 -8.8467044906e-02 4.1298667115e-02 -2.7313432281e-02 -1.5102918109e-02 6.5669685132e-02 -6.1204539868e-02 1.2002094094e-02 -3.0782580623e-02 1.6630914298e-02
4.2800734727e-02 1.7445306742e-02 9.2649080215e-02 -1.0130259410e-01 -1.1840045585e-01 5.3613773619e-02 5.2575156005e-02 3.9650130510e-02 -3.6922009346e-02 -2.8136033480e-02 -1.0033052034e-01 7.0047609815e-02 4.0852118534e-02
5.9675309781e-02 9.5294188717e-03 5.1202035800e-02 2.6527729061e-02 6.0462096302e-02 3.2102407637e-02 -1.1943987403e-02 -3.8966041315e-02 -1.3859680956e-02 -1.0069210737e-01 8.5789645412e-03 6.2792823330e-02 6.6978928071e-03
9.2534568463e-03 2.9182102293e-02 -5.7880204033e-03 9.5636872779e-02 2.5660382445e-03 7.7348283055e-02 -4.3024768550e-02 1.9079827154e-02 7.8108294585e-02 8.0352732474e-03 -8.6750448821e-02 -1.1109150138e-02 7.2793089445e-02
7.6799128405e-02 1.8711640684e-02 1.7300353021e-01 -2.8757720480e-02 8.6655628410e-02 9.2804730395e-03 8.4242603166e-02 -2.1559595985e-02 -1.4870417221e-01 -1.0203698784e-02 1.8961245019e-04 7.9060993909e-03 -2.6766821923e-02
4.4385694038e-02 1.6837003898e-01 1.9889098591e-01 1.1365801633e-01 6.2456227272e-02 6.4712368515e-02 3.6336020901e-02 6.8104520322e-02 -2.0386524974e-02 4.3716012935e-02 -4.4110102614e-03 -5.6758050259e-03 -2.9007010066e-02
-2.6959427948e-02 4.2250126360e-02 5.2397971905e-02 2.8740905186e-03 8.2387702117e-02 2.9071757276e-02 -1.2548870279e-02 2.7320566874e-02 -3.7153486681e-02 -2.2891829973e-02 -3.4205367324e-02 -4.2363471434e-02 -1.5054366352e-02
