5.3942856388e-02
-7.8727135333e-01
-1.9146785812e+00
-5.2868121050e-01
3.4226590194e-01
2.0847237597e+00
3.6982107352e-01
-3.8978496266e-01
9.4845433516e-01
3.6962737988e-01
9.4687114759e-01
1.1223715927e+00
7.9157185313e-01
5.2314348499e-01
8.0064704602e-01
-4.2991855045e-01
-2.4663391872e-01
-8.5171455379e-01
-5.6061963375e-01
4.2724312931e-01
9.8772187580e-01
-2.5912296994e-01
-2.0874968309e-02
5.7544362152e-01
2.0988492462e+00
9.4539080865e-01
-1.0945580230e+00
-3.0917993908e-01
-1.2760566684e+00
-3.3309802961e-01
4.9487853814e-01
-1.5182635220e-01
-1.0744873913e+00
2.1402009975e-01
-1.1269661693e+00
5.9775889083e-01
-7.1209949514e-01
-5.3431492964e-02
1.3572541641e+00
-1.7063613055e+00
-2.8314086779e-01
1.3760970489e+00
9.5344835607e-01
9.6803389278e-02
2.4396379466e+00
8.1721271893e-02
4.7458940543e-01
-1.4024980255e-01
-8.7948259283e-01
