1.0444211765e+00
2.8930399971e-02
7.9627702771e-01
1.3282194956e+00
1.4026407256e-01
-1.7497720945e-01
4.9443575436e-01
7.2829458549e-01
-1.0286786894e+00
-7.8046205338e-01
-2.7966622975e+00
-3.4490597847e-01
-1.4101496388e+00
-1.4385762543e+00
1.1435444084e+00
-1.0055041424e+00
-3.7019255091e-01
-2.6483389646e-01
-8.2975533203e-01
1.9973162605e-02
-4.5988783800e-01
-3.8339568447e-01
-2.6760386266e-01
4.5935537089e-01
-1.1690920019e+00
4.9754856271e-01
-3.8084213280e-02
1.6960058766e+00
5.1011609452e-01
4.7758677548e-01
-2.9409508266e-01
1.4011231070e+00
1.0364222110e+00
-9.2333125747e-01
4.0606071023e-01
5.9814852332e-01
6.9126400345e-01
9.5429527881e-01
-2.7968593598e-01
-8.6998245262e-01
-2.4378291142e-01
-7.6145650269e-01
-1.9858840459e-01
5.5350023731e-01
-5.0749983547e-01
-6.3480676852e-01
1.6994917460e+00
-1.3751442241e+00
-7.7665895519e-01
6.7680436582e-01
-1.5927806893e+00
1.6007062037e-01
2.2125783921e-01
5.7799895097e-01
6.8447979385e-01
2.3806844469e+00
9.9047988269e-01
1.1477311081e+00
8.7372580770e-01
4.5253867843e-01
1.7235011573e+00
-9.8000868397e-01
-7.4873884692e-01
-2.1930048984e+00
-3.0018333831e-01
2.2883014042e-01
5.2479418689e-01
1.0278999696e+00
-4.7852459244e-02
-4.8953878884e-01
