-6.1628750426e-02 -1.0767545410e-01 1.1497263528e-01 2.5408453184e-02 4.4327276462e-02 1.5253496832e-01 -1.9025934343e-01 -1.9551882929e-01 2.3585396874e-01 -2.6095430759e-02 -1.9954319971e-01 2.7662474691e-01 4.5177254646e-01 -3.1660547152e-01 -2.3993782340e-01 -1.2714848487e-01 -8.5936275287e-02 -2.1089855880e-02 -1.1472161901e-01 -3.3534119903e-01 2.8051571879e-02 -2.3824705736e-03 -2.0834407680e-02 2.4315324559e-01 4.7245893780e-01 4.0272089080e-01 1.6612098215e-01 1.0660607115e-01 -4.1376201906e-01 -3.9818580287e-01 5.1157323018e-01 -1.2441872115e-01 1.7694951865e-01 1.7408457281e-01 1.2913322561e-01 5.9946529946e-02 -2.1696674744e-01 -1.1321036389e-01 2.9428114733e-02 -1.6542453380e-01 -2.0810770274e-01 -7.8636487575e-02 6.8963248116e-03 -2.7479515580e-02 1.9403276021e-02 1.4128056841e-01 -5.4403293491e-02 -5.0423286563e-02 2.0500642448e-03 2.4014723734e-01 1.7686771008e-01 -1.9276348778e-01 -1.1033386792e-01 9.1463297266e-02 -5.1528146151e-01
1.9869572858e-02 6.9415036430e-03 6.8566504357e-03 -2.7357801856e-01 2.9627413438e-01 8.5073518220e-02 -6.3506792036e-04 -3.4789786315e-01 -1.4022343749e-01 -7.5531312691e-03 5.7713701466e-02 -2.4707483450e-01 -5.5084551006e-02 3.4931267309e-01 1.4162167116e-01 2.2519055044e-02 4.8853575355e-02 -8.4855450987e-04 -1.7099774064e-01 2.4439866487e-01 2.8521462110e-02 -3.3304900718e-01 2.6848144467e-01 2.2722604298e-01 -5.5207990605e-02 -9.7941619042e-02 2.3917665737e-01 1.4431286604e-01 1.3165774939e-01 -1.5968683335e-02 3.0765727529e-01 2.1098984067e-02 -2.6578824391e-01 -4.3351104337e-03 6.1926378744e-02 -6.6410955370e-02 -1.3299927826e-01 1.7426030362e-02 7.9921695825e-03 8.4590469761e-02 1.7622376322e-01 7.0214746388e-03 4.8455578385e-02 -1.0328403955e-01 3.0164365375e-01 1.4989910944e-01 1.0643803142e-01 1.4493512809e-02 3.4475288198e-01 1.0088104782e-01 4.7304957155e-02 -2.6575122918e-01 6.6099884154e-02 -1.0570534579e-01 -1.9323766133e-01
-1.1276419025e-01 -2.0703108349e-01 9.3710348837e-02 -1.9610768017e-01 -3.5777668463e-01 6.8109068914e-02 -2.3428313613e-01 3.1682258052e-01 1.8917461539e-03 5.3236371249e-01 -1.9663976467e-01 -9.3953721665e-02 -4.6970960396e-02 5.3848286573e-03 -1.4940829850e-01 3.6332588150e-01 -3.0646268036e-01 -1.8260957313e-02 -3.5726812309e-01 1.1672601228e-01 -1.1764380539e-02 -1.3470000533e-01 3.3473173849e-01 5.4122330670e-02 9.6638783840e-02 -6.7028280951e-02 6.8683251972e-02 1.8307312843e-01 7.4218235585e-02 -1.8863218788e-02 2.9475167528e-02 -2.7112014070e-02 -1.3625537864e-02 2.3570052004e-01 1.2283378903e-01 -3.6209702425e-01 5.4075754125e-02 1.5941081709e-01 3.8242115297e-01 9.9563472898e-02 -3.1399228162e-01 3.9834205068e-01 -3.7569406652e-01 1.8812380088e-01 -4.8654500132e-02 -4.5322974530e-02 -1.0807589438e-01 -7.4453816041e-02 -1.7706438302e-01 -5.2459569608e-02 -1.1646688318e-01 -8.9715500454e-02 -1.7079478784e-01 6.1023546515e-02 -1.6530982982e-02
-1.7164427149e-02 2.5621806036e-04 1.9520842975e-01 -1.0961239899e-01 -2.2846708384e-01 -1.3148669289e-02 -3.7080980055e-01 -5.0988230203e-01 7.8659870576e-02 -2.5133901397e-02 -9.9781494287e-02 5.3955102011e-01 6.0309262852e-02 3.2477237657e-01 -7.6865453690e-02 -2.4921765864e-01 2.6129154517e-01 5.5475387298e-01 -2.1781655150e-01 -1.5891429726e-01 1.4986459339e-01 -2.4609099092e-01 2.8906406729e-01 1.1614771636e-01 6.7218615907e-02 3.1215184141e-01 -2.7122992163e-02 -1.9039438424e-01 3.5379668378e-02 -1.2535837999e-01 8.2437094587e-02 2.4988435751e-01 -8.8341464956e-02 5.4590396374e-01 -6.9073255248e-02 1.3571631911e-01 -2.9712580976e-01 3.1150064807e-01 -3.6130807635e-01 3.1950055960e-01 1.5741472855e-01 3.8346971122e-02 6.8476005511e-01 6.7779851899e-02 -3.9910246230e-02 -3.7946947316e-02 -1.2832684581e-01 5.4717695534e-03 2.0606319156e-01 -1.4448164523e-01 -2.0024132731e-01 2.1034370376e-01 -3.6677656059e-01 2.8012952166e-01 -2.5859573671e-01
3.0612021165e-01 3.5640436790e-02 -3.1056978625e-01 2.5170717520e-01 -5.5279136606e-02 1.2529218709e-01 -9.1322749590e-02 -4.2255526855e-01 -9.8247469903e-02 -1.6323899531e-01 -2.9535409317e-01 3.8168184714e-02 -8.0390075041e-02 1.8487575509e-01 2.2281635510e-02 -2.4055117096e-02 -2.9824588919e-02 1.2764919178e-01 -1.1907845289e-01 3.3580857819e-02 2.0543665012e-01 -1.6776212909e-01 1.6885265913e-02 -1.7428077441e-01 -1.5163925757e-01 -1.4391183121e-01 9.1480462544e-02 -4.9680999975e-01 7.9022193148e-02 -1.6609176536e-01 -1.0860395938e-01 -2.9872818552e-01 3.4831796318e-02 2.0141109519e-01 8.7847223081e-03 1.1222484437e-01 2.3358452607e-01 9.3266538346e-02 5.2234069246e-02 1.9356156705e-01 1.9451763289e-01 -3.3249818929e-02 1.3639732943e-02 2.7819691739e-02 1.4268593008e-01 -7.3214303350e-02 2.6292197092e-01 2.7776325214e-01 8.8958935344e-02 -3.3391864112e-01 -6.2610616036e-02 -9.1821483574e-02 -6.6214459147e-03 6.8800413761e-02 -1.7313943260e-02
3.4429878259e-01 -3.2510666305e-01 5.7463013459e-02 -1.2065197786e-01 1.5875210909e-02 -8.8503536753e-02 3.3171868731e-02 2.3391185018e-01 1.9960895130e-01 2.6040236998e-01 3.0612344406e-01 2.5551997871e-01 -9.3379015465e-02 -1.5813243204e-01 -3.3792421762e-01 -1.6403144683e-01 5.2757366443e-02 8.1225104035e-02 3.1073310435e-01 1.0521664514e-01 -1.1599449650e-01 1.9600631316e-01 1.2375013977e-01 2.6883937727e-01 2.2018334113e-01 4.5938211837e-02 3.9397970353e-01 -1.3800433890e-01 1.4472437219e-01 1.7096876427e-02 4.8674894727e-02 -1.3249371419e-01 -1.0710128904e-01 -5.1319125517e-02 -8.6047952744e-02 2.1731515236e-01 1.6885854955e-01 -6.2865147548e-02 -3.5695171244e-01 -8.8425742751e-02 2.6952040618e-01 -2.3878774797e-01 3.3447336411e-02 -6.4942482060e-02 -3.3276318874e-02 -2.4563058872e-01 -2.1894516244e-01 -6.2179990664e-02 2.3090913121e-02 2.3683097309e-01 -7.8202085537e-02 9.5782148648e-02 3.2192768742e-01 1.3124866912e-01 1.1974102061e-01
6.9661456652e-02 3.2406891278e-01 -1.4763657310e-01 8.3160248557e-02 -5.7939599573e-02 -1.4310762440e-01 -1.4831826912e-01 -4.6406086869e-02 -2.4406870297e-01 -1.4354809301e-01 -1.4522159540e-01 3.9554784761e-02 3.2022362222e-01 8.5720668845e-03 1.0862466604e-01 9.2866768510e-02 1.2470912445e-01 5.2473072031e-01 8.6137620654e-02 -2.1058472514e-01 -6.8015638419e-02 -7.3681089187e-02 -3.3494963222e-01 -1.8074698535e-01 -2.6295688776e-01 6.6431541631e-02 -1.1291923481e-01 7.7878135649e-02 -1.4885211911e-02 -2.1849037306e-01 -2.8572984354e-01 -3.3265338390e-01 -3.6079173962e-01 -4.5611329866e-02 4.7961573042e-02 2.1286683008e-01 1.7532199330e-01 3.6080305370e-01 -1.9282140780e-01 -3.0756842801e-01 7.0371073116e-02 5.4756227701e-01 -1.3476474854e-01 -5.5649269186e-02 2.4375426252e-01 -3.3531495727e-03 -1.1040186813e-01 1.4607436442e-01 -6.1556309175e-01 3.6203750150e-01 1.2938704978e-01 1.7708348519e-01 -1.9441119005e-02 -1.1414676865e-01 -1.0424410017e-01
1.1142786668e-01 -3.9843385045e-04 -5.1861190966e-02 -4.3061452692e-02 3.1312292716e-01 -2.5903903401e-01 -4.5807914197e-04 4.4614942833e-03 1.2052915747e-01 1.4947858596e-02 1.2187941687e-01 -3.5243604936e-01 -3.2488149560e-02 2.7329404455e-01 7.0030223965e-02 1.0612049453e-01 1.7790670701e-01 -1.2165008640e-01 -1.6181964235e-02 -1.2846535106e-01 1.3836604147e-01 -2.0405181047e-01 6.3249150526e-02 8.2194277544e-02 1.2608487350e-01 2.4127467279e-01 2.3338022337e-01 -1.3535075481e-01 1.6969320651e-01 2.2348251114e-01 -1.7024498249e-01 2.4036425186e-01 -1.4939755660e-01 -3.1595295962e-01 1.1516193673e-01 2.1754259797e-01 -1.9290502539e-02 5.3670331659e-02 -1.0182000834e-01 -1.5650476940e-01 -2.6172945523e-02 1.0475247923e-01 7.6416728351e-02 2.1244425056e-01 -5.2881484957e-02 -1.3324911883e-01 3.6222613053e-01 -2.6041186137e-02 2.9063986319e-01 1.0770227482e-01 7.2439045229e-02 -6.5659487651e-03 1.1053892336e-01 -9.8348082125e-02 1.8184754950e-01
2.5435105299e-01 2.7033191832e-01 -9.6265287761e-02 -2.0450613113e-02 -2.7775490856e-01 -2.7337358780e-02 -8.2410754991e-02 -2.1812501860e-01 -1.4637395512e-02 -1.2929724872e-01 -1.8674976728e-01 -2.3504742413e-01 4.4698507823e-02 -1.4870839201e-01 -9.4110292236e-02 -1.1141174981e-01 5.5905184191e-02 1.1712886999e-01 4.3959073657e-02 4.8889574178e-02 -1.2102296849e-01 8.3256413766e-02 1.5753615537e-01 7.3468812672e-02 -3.1153643653e-01 1.1648171747e-01 -1.7311010832e-01 1.0859343660e-01 -2.3547875527e-02 9.7391647293e-02 6.8698654559e-02 2.4123992077e-01 -3.0262343026e-01 4.0956761392e-02 1.8889748012e-01 1.1822280957e-02 -9.6348864724e-02 9.4331504310e-02 -9.0922999027e-02 4.0997269175e-02 4.1543577442e-01 -3.7096977207e-02 1.5857769924e-01 1.4547621563e-01 -5.9715221626e-01 -6.0447947173e-02 -1.8388535171e-02 2.7705555898e-01 -8.3001243617e-02 -3.1509257937e-01 1.8041893491e-02 -5.2457242496e-01 1.3159080397e-01 -3.5980763150e-02 -1.5809450766e-01
-3.8708153272e-03 -2.9827426808e-02 -2.9811386587e-01 -2.5139491857e-01 -1.8292419246e-01 6.5182736278e-02 1.4206483741e-01 1.6827580337e-02 5.7565315431e-02 5.4983039880e-01 -1.3232947321e-01 -3.3538760017e-02 3.3543603070e-02 -6.9064502826e-02 -2.3847200161e-01 7.4578849029e-02 -5.1635242388e-02 6.3905880896e-04 3.9016703793e-01 2.2882512222e-01 -2.0061552296e-01 2.3489447988e-01 -1.3392212408e-01 -6.8147270262e-02 -2.1040477314e-01 -3.1209058801e-01 -1.5170758961e-01 -2.5098787797e-01 4.5309445956e-01 -1.9299234851e-01 -5.9364073758e-02 -1.5737910482e-01 -1.3855884665e-01 7.7036835516e-02 -2.5934517456e-01 3.3340303962e-01 -3.1523750856e-01 -7.9068968346e-02 3.3291288116e-01 -1.7445042325e-01 6.0935871948e-02 -3.3968665814e-01 -2.0303534638e-02 -7.5404105462e-02 5.1001439498e-02 2.1963713873e-01 -1.2950034171e-01 -1.2277331784e-03 -1.0629452079e-01 4.4803102733e-01 1.0201056768e-01 2.4137694643e-01 3.4916166053e-01 -1.0167888219e-01 7.8430457302e-02
2.5710588786e-01 3.7539258832e-01 3.8076039974e-02 1.2371021640e-01 -1.7148494717e-01 -1.1758944606e-01 -2.4204808897e-01 -3.3625702404e-05 6.6019315244e-02 -5.6343046190e-02 2.3469996297e-01 -6.3711032325e-02 4.0923881174e-01 1.1004331920e-01 1.7999995436e-01 -3.3048148609e-01 8.2049678595e-02 -3.4144906848e-01 -9.2397705761e-02 2.7413636847e-02 -1.5184882091e-01 -8.7834036494e-02 1.5911318513e-01 -1.1614157397e-01 -5.4590165659e-02 -2.1856825760e-02 -2.3102927015e-01 4.5585139441e-01 1.9533803662e-01 -1.8490562134e-01 -2.0415593982e-01 4.1153464655e-01 1.8288895671e-01 -3.4383451618e-01 1.9167288688e-01 1.7907912163e-01 -2.7247256193e-01 7.5984033786e-02 4.5298154381e-01 2.0688620416e-01 2.4843895835e-01 1.4519824236e-01 1.6648641849e-01 1.5428924858e-01 1.0938171240e-01 1.0737441619e-01 7.0652624194e-03 1.7232374825e-01 -4.8235026954e-02 -3.9741373091e-02 5.5853705479e-02 -1.4044556965e-01 -1.7736491157e-01 5.2146603050e-02 1.4836866972e-01
-7.4214352310e-02 -2.4153051687e-01 2.2924872443e-01 2.3999292135e-02 3.9077000321e-03 -2.4051860516e-01 -4.1009761514e-02 -1.7057976055e-01 2.9016515703e-02 3.2132717057e-02 -9.2536352597e-02 1.5909839242e-01 6.0188394773e-04 4.6556262684e-02 -2.3366996521e-01 -9.3866254463e-02 -9.2974255746e-02 1.3953727469e-01 -2.9770475095e-01 -3.3694056339e-01 -1.5938277081e-01 1.6091819655e-01 5.2345417858e-02 -2.1681004667e-02 -1.4940669430e-01 9.4939990951e-02 -1.4539590950e-01 -3.7445953099e-02 -3.1530028375e-01 -1.8627737537e-01 -9.8869696254e-02 -9.9771744373e-02 2.8482351732e-02 -1.9708245201e-01 -1.8942964374e-01 -9.7054338427e-02 1.9741943755e-01 -1.1638724395e-01 7.3540191033e-02 4.2857896192e-02 8.1119902146e-02 -2.5716268100e-01 3.3173101947e-02 9.4822530615e-02 1.3720941725e-01 -7.4999187507e-02 1.6246202380e-01 1.0559544785e-02 1.8400603008e-01 -3.0075126826e-01 -1.0526411132e-01 -7.6327956579e-02 -2.1101913743e-01 -2.8892803944e-01 -2.7145698028e-01
-4.4436363798e-02 -1.5272205335e-01 -5.2851795528e-03 5.8728689796e-02 -4.3584086315e-02 1.3544466209e-01 1.1394796057e-01 1.8755017646e-01 2.6545668800e-01 5.2148141921e-02 -6.2450242305e-02 1.4902256488e-01 1.0739852418e-01 -2.5016397113e-01 8.2954754550e-02 8.1952705623e-03 1.2382953341e-01 7.2961587435e-02 1.9230479119e-01 1.6539690736e-01 2.3998455605e-01 8.5569261010e-02 1.2087456026e-01 1.0350332898e-01 -3.5996883684e-02 2.2544945483e-01 -1.4184459339e-01 -1.0957198950e-01 9.6603862074e-02 -3.2188582935e-01 7.0984456879e-02 4.2360556744e-02 -1.3444659815e-01 -3.1383146083e-02 1.1845673253e-01 1.4278553353e-01 2.7937333491e-01 1.7002869310e-01 1.8741890535e-01 3.4630784044e-01 -1.3650465567e-01 8.8178034662e-02 1.1783409552e-01 -1.4557953256e-01 -4.1367761752e-02 -1.9944717335e-01 7.3997335433e-02 2.5808161528e-01 1.6370563715e-01 -6.3583268423e-03 -1.0198074877e-01 -9.4291725591e-02 2.4541344277e-01 -8.8164586770e-02 2.7028287448e-01
-1.2437810533e-01 1.0096054303e-01 -3.0733341851e-01 -4.2514817681e-02 -7.7908915920e-02 4.5144649097e-01 1.7557495167e-02 1.4434912929e-01 -9.0443982985e-02 3.8184042517e-02 -2.4227681579e-01 -6.6109478446e-02 -2.0871361077e-01 1.5631011278e-01 7.2292235644e-02 1.4308203889e-01 -2.1459363413e-01 2.0191114402e-01 -3.1964873589e-01 4.9358496191e-01 -2.2812153214e-02 -1.1635796290e-01 1.6780017206e-01 -1.2451278944e-01 1.9636833058e-01 -1.6700711895e-01 -1.2337992151e-01 3.3216494265e-02 1.4303103148e-01 -2.7939004375e-01 -1.2446564527e-01 7.6457346043e-02 -2.0926336441e-01 3.5607942799e-02 -2.0155703453e-02 -3.4749876044e-01 5.3348432684e-02 1.9292766574e-01 5.9048740756e-01 3.9244882613e-02 -8.7001904677e-02 -2.1590494135e-01 -1.7140814130e-01 4.4559868835e-02 -3.3874714600e-01 -1.9108692062e-01 -1.3804511453e-01 -3.9893349434e-01 2.5318717782e-02 -5.3353838564e-02 -4.7969342950e-02 -1.2406781673e-01 -4.7415411829e-02 -3.2635767957e-03 6.0676392423e-03
3.1803091443e-01 1.4264125306e-01 -1.3671671471e-01 1.5385282534e-01 -2.0351451008e-01 3.0780881927e-03 -4.5626443101e-01 -6.3344001781e-02 -2.3832112784e-01 -2.2777103198e-01 -1.9788773907e-01 9.3093488738e-02 -2.5398195351e-01 1.1575080127e-01 4.4589638600e-01 1.1872141366e-01 -7.9854628915e-02 3.5138158534e-01 -2.6626293912e-01 -4.5641767567e-02 2.9227632080e-01 4.1215377648e-02 -7.4187099818e-02 -2.5088216817e-01 2.6512628025e-02 2.1442550167e-01 4.2038874261e-02 -1.0776867708e-01 -5.4508217389e-01 8.7550909577e-02 4.7552350930e-02 -5.8459105272e-02 2.1723234137e-02 1.3931153085e-01 -9.1032005426e-02 3.1732382443e-01 2.0568824051e-01 7.5885272585e-02 -1.6636719254e-02 -2.5480376102e-02 8.7439189230e-03 3.3423288978e-01 3.0284247687e-01 1.4092602537e-01 2.1936739321e-03 -1.3790514141e-01 4.5821343028e-02 2.2235905798e-01 -3.0764496925e-01 -9.4352124150e-02 -1.3669529420e-03 8.5931381049e-02 -1.6460818934e-01 1.7020816091e-01 -2.3810756885e-02
-2.6648747560e-01 -3.5225583971e-02 2.3939940639e-01 1.2739266865e-01 9.8192966806e-02 -1.8735517657e-01 5.1324421079e-01 1.2006537642e-01 8.7628944929e-02 -1.0638576531e-01 1.0320921395e-01 7.6884443185e-02 6.7768058968e-02 -2.3519620860e-02 2.9370064658e-03 -2.3828477008e-01 -2.7884534322e-01 -1.3296777888e-01 6.7616033216e-02 1.2939969668e-01 -1.2554418842e-01 -1.3053417814e-01 -1.4764357555e-01 1.7113116744e-01 1.6075814038e-01 1.4023196564e-01 -1.1017740499e-01 5.2938227569e-01 1.8723352646e-01 -1.8094741101e-01 9.2785914402e-03 8.3375502213e-02 1.9292171985e-01 1.4699627227e-01 6.6461716165e-02 1.3833311336e-01 9.4163796988e-02 -1.0007057767e-01 -7.6443521811e-02 -3.2836651197e-01 3.5123512753e-02 -4.9192852026e-02 -2.9197097787e-01 -1.0414647837e-01 1.9236122840e-01 8.7845673376e-02 -8.8787717567e-02 1.6442229806e-01 7.5007410360e-02 1.4848007746e-01 1.0718868519e-01 3.2355876262e-01 1.7929464659e-02 -7.4041433743e-02 -1.0611540394e-01
-3.5818727626e-02 -2.4008601506e-01 1.2036759449e-01 -3.0030558759e-02 5.0310681190e-03 8.1603101952e-02 9.7305415476e-03 -2.3221061289e-01 -1.9531849020e-01 7.2792202702e-02 -3.4527399473e-01 -6.7063475970e-02 -2.5196821325e-01 -1.4292375607e-01 1.2365465099e-01 2.5774601909e-01 -4.2720653647e-01 3.6808063207e-01 -9.6752750460e-02 1.6518375210e-01 -1.8721939992e-02 3.0219223901e-02 8.8224030110e-02 1.1947385964e-01 2.9536352812e-01 -4.0493823944e-01 8.5039677189e-02 -6.5768077865e-02 -1.2889666059e-01 -2.4328236745e-01 -1.3105451238e-02 -8.3755454216e-02 1.9362783633e-01 2.1328702574e-01 -2.3066146045e-01 -7.6084795559e-02 -8.4779329963e-02 2.5695962212e-02 1.2635488683e-01 1.5997654328e-02 -4.2339040186e-01 -2.8668216425e-01 3.2374022946e-02 6.3055306801e-02 3.5511337666e-02 2.7175560505e-01 -2.3606289559e-01 -7.8317777619e-02 3.5095146225e-02 2.1495007346e-01 -2.1147642492e-01 -1.8389594298e-01 -4.5217498299e-02 9.6931322321e-02 2.6034798558e-01
5.8323740274e-01 -5.7696256421e-02 5.9209043782e-02 -1.8621073110e-01 -9.1811770236e-02 -2.4037405533e-02 7.4664842776e-02 -4.9889017290e-01 1.5220340008e-02 -4.0084111422e-02 1.9670816228e-02 -1.9295924195e-01 -1.1643396825e-01 1.1777562099e-01 1.2601897626e-02 -4.1419205103e-01 3.7198906840e-04 8.6139724253e-02 -6.9133717549e-03 -7.1845198409e-02 2.0634458609e-01 2.7392099516e-01 2.0800583950e-01 -4.2417004841e-02 -2.6000104560e-01 -1.4334033656e-02 1.5296792768e-01 -2.3139410123e-01 -9.2873076892e-03 -3.7973334271e-01 -3.4750481394e-01 9.2699365029e-02 -2.5638720223e-03 1.7837026899e-01 1.4341010426e-01 3.3677868321e-02 1.3027641395e-01 -2.2255747724e-01 -3.3678280265e-01 -3.1301277620e-01 1.1821315136e-01 -1.0280634299e-01 1.7662765286e-01 5.3060485308e-02 3.6734206018e-01 6.2931988142e-02 1.5762149740e-01 -1.3855381770e-03 -3.0490971118e-01 -1.1788345519e-02 3.2306216894e-02 -9.3600251901e-02 1.3905047995e-01 -6.5261417963e-02 -1.2804300552e-01
1.0839664972e-01 -7.1903033544e-02 7.2416210108e-02 3.2476298763e-01 2.7170408258e-01 -1.8439057532e-01 3.1906684578e-02 -1.6212628991e-01 -3.2524689785e-02 -4.6818638717e-01 -9.5008272049e-02 5.7207966543e-03 1.5835086193e-02 4.1542308248e-02 2.2268388447e-01 8.5606105199e-02 1.2018046177e-01 8.7420478694e-02 -5.9669204594e-02 -1.6988756855e-02 2.8476654800e-01 -3.3759061195e-01 -1.4614982109e-01 -1.3867735217e-01 4.4332611434e-02 2.6222474589e-01 1.0828407108e-01 -1.6395932577e-01 -2.0183404750e-01 2.9393502583e-01 -5.5605941300e-03 1.4404936890e-01 -4.0791193274e-01 -1.0343872257e-01 1.8437615394e-01 2.0175200763e-01 1.6516566249e-02 -9.5140884077e-02 1.3464880630e-01 3.1779871045e-01 -8.6978076233e-02 -8.6536962990e-02 1.1132163563e-01 2.5135299021e-02 -7.8916253656e-03 -3.0706236277e-01 -1.1214822396e-01 1.4770121894e-01 -1.6274126643e-01 3.0326983521e-01 9.6204590887e-02 -5.9858419575e-02 2.9926074397e-01 -7.5974607895e-02 7.0159315219e-02
-6.1069525625e-02 -3.6354081050e-01 1.3233556748e-01 -1.8560330360e-01 7.5743348904e-02 -3.2804113414e-01 8.2875485936e-02 1.8528118529e-01 1.4666533998e-01 -7.6237730997e-02 1.2208553941e-01 -1.4965193727e-01 -3.6076619556e-01 4.7353254726e-02 -2.2775380388e-01 -3.5606459640e-01 -9.5457031263e-03 -7.0407322098e-02 1.6477134875e-02 -1.4973306384e-01 -9.3661845026e-02 -4.0614837023e-02 7.9420098359e-02 2.0215119082e-01 -3.4247122707e-02 -8.3269266256e-02 2.4610138252e-01 1.1289960582e-02 1.5381599554e-01 8.1183415094e-02 1.2038989932e-01 3.4868478990e-02 4.0265780938e-02 -3.3413216463e-02 -1.3668033936e-02 -9.7169522501e-02 1.6708894645e-01 1.5328151066e-01 8.9481709260e-02 -1.6896600916e-01 -3.4224940219e-01 -1.4208679493e-01 -2.7666035206e-02 -1.0896672261e-01 9.9816215248e-02 1.5273146279e-01 1.5804737254e-01 -2.3513024491e-01 -1.3516583750e-01 1.0406215471e-01 2.3948427034e-01 1.7725825364e-02 6.5119347020e-02 1.1401965974e-01 2.3394460563e-01
1.1460731415e-01 7.3230529684e-02 6.4684746376e-02 -4.5040470403e-02 1.3905080895e-01 6.0346294312e-02 -3.3443233267e-02 1.2073742171e-02 1.3409790491e-02 2.1570420599e-01 5.1624605692e-02 2.8354390250e-02 5.3305972356e-02 4.2598022384e-02 5.9104302746e-02 -1.4004529150e-01 4.2453177971e-01 -7.3103593326e-02 1.3542447440e-01 6.4875371333e-02 3.9784225529e-01 2.5666620051e-01 2.8713834300e-01 3.4708314032e-02 6.2067354955e-02 2.6177732951e-01 2.3128066170e-01 -2.7101277801e-01 -2.6738174421e-01 6.9696020422e-02 1.4466638751e-01 1.9392924189e-01 1.0924815137e-01 1.2830317856e-01 -5.2499383375e-02 -2.6040011790e-02 -6.4634745485e-02 6.6087521187e-02 -4.0616794147e-01 1.6550702127e-01 7.1397191977e-02 1.8432451156e-01 4.7383883780e-01 -2.0380884860e-01 9.7370882871e-02 9.2014249981e-02 4.5860161074e-02 -4.6069239506e-02 -1.0817068093e-01 -7.8569622962e-02 -3.1229150819e-01 -3.1931580427e-01 2.0033095045e-01 8.2324416295e-02 -4.9673820934e-01
-2.7708649369e-02 -3.3744437374e-01 -1.1057745515e-01 -2.1884788634e-01 -1.4167786028e-01 4.1573636506e-01 3.2270943474e-01 9.6089243283e-02 -5.7121469205e-02 4.8179681284e-01 -2.0348923677e-01 1.2839460875e-02 -2.4358368370e-01 -2.0142227465e-01 1.3783028416e-01 2.4177455281e-01 -2.6507653171e-01 7.8625659763e-02 1.9417182272e-01 1.0159196987e-01 -1.0548378523e-01 -1.1473114305e-01 1.8084645819e-01 -1.2148681004e-01 2.4691560905e-01 -1.5822448762e-01 2.4680419834e-01 -2.5578608579e-01 3.1400336389e-01 5.9570716555e-02 -6.4489385966e-02 -2.6787795015e-01 8.3976380550e-02 3.5417079394e-01 1.9317992273e-01 1.1610316063e-01 -7.2884410056e-02 -2.2411065204e-01 8.5538194987e-03 -3.2041081281e-01 -4.4327179260e-01 -7.4845817077e-02 -2.2100192876e-01 -9.9435707476e-02 2.9382787960e-01 1.2122674309e-01 -3.1407971373e-02 -1.7600415735e-01 9.0253664740e-02 1.0733616191e-01 -4.8368553874e-01 1.9051824866e-01 5.7371096818e-01 -1.7763397651e-01 5.9749602117e-01
-2.6553116102e-02 -4.9640244674e-02 -9.9887416944e-02 -1.4705463266e-01 -1.4621067823e-01 -2.0210159594e-01 -1.3654802907e-01 -9.4950470748e-02 -1.5611121979e-01 -1.0946328975e-01 2.8681497623e-02 -1.7532246865e-01 9.3169455855e-02 -3.1682337648e-01 -1.2718312673e-01 -1.8156445523e-01 -2.1868694334e-01 2.6856021009e-03 1.5159390491e-01 3.0895533801e-02 -5.3533640494e-02 -1.1900672702e-01 -2.6119370608e-01 4.0465627372e-02 9.1124184217e-02 1.7069829433e-01 2.4312608468e-02 -2.5800270486e-01 -2.5153738950e-01 -2.4025167298e-01 -1.8376724367e-02 -6.9049472080e-02 -3.7536410982e-02 -1.3058802030e-01 -7.4050674774e-02 -1.1844556960e-01 5.2694049073e-02 -1.1892240236e-01 -1.1936214478e-01 -5.7740270031e-01 -2.2415870671e-01 -2.7115739690e-01 -3.0910132045e-02 -2.3557557149e-01 -3.7978520875e-02 -8.1381845724e-02 4.9834663568e-02 8.7933443366e-02 -1.0497845341e-01 7.5364358986e-02 2.0909142688e-02 1.5958859326e-02 -6.7826324019e-02 1.6764063520e-01 -7.6865919517e-02
-1.3396454245e-01 -1.1242311933e-01 -2.0177262993e-01 -1.7298915812e-01 -1.1221514701e-02 -1.8023498414e-01 3.6787699832e-02 1.5161816641e-01 -3.1426956351e-04 -9.5353190945e-02 -3.4891480958e-02 -8.5468242887e-02 1.4512488772e-01 4.4002582658e-01 1.1325953806e-01 -2.1887030255e-01 -4.0245148901e-01 -9.6580646335e-02 -8.5639776122e-02 -8.4338063031e-02 1.4768872509e-01 1.0300140844e-01 -4.8904405516e-02 -2.1095317726e-01 -1.9124637204e-01 -1.8969700946e-02 -1.0394538986e-01 -3.0711615713e-01 -2.0105794128e-01 7.8668760694e-03 3.7493565649e-01 -7.4980907665e-02 1.8915300057e-01 -3.2726917902e-02 -6.3032007047e-03 -1.2084162246e-01 2.1289622945e-01 -2.7322025030e-01 -5.0147931012e-02 -1.0457212063e-02 -6.0588151141e-02 1.4754227979e-01 -1.6107379715e-01 2.2058971734e-01 1.0099871894e-02 -6.2974622121e-02 9.3801085073e-02 2.8104836001e-01 -6.2212789028e-02 -3.7548049266e-01 1.9153197915e-01 1.4641439031e-02 9.9060133845e-02 -6.1648889079e-02 -3.0159310424e-02
-9.2371312363e-02 2.5237780312e-01 5.9425358322e-02 2.8809126515e-01 7.0772013664e-02 -7.9912593901e-02 1.8991587293e-01 3.7236587154e-02 5.6785844669e-02 2.3952725714e-02 -6.5779385023e-02 -5.2463403972e-02 -2.0760221871e-01 -1.8635126810e-02 2.3829676424e-02 1.0895316301e-01 5.7244344469e-02 1.3718143174e-01 2.7490747461e-01 -1.5933886820e-02 1.6461003291e-02 1.0185964608e-01 -2.6956930384e-02 3.2909947068e-02 -1.4812209627e-01 -2.2846491224e-01 2.0892539233e-01 5.8697615675e-02 -2.2380814706e-02 5.0891405265e-02 1.5183985573e-01 8.3729090959e-02 -9.9184174906e-02 -5.5282445417e-03 -9.7111801696e-03 -3.3894827011e-02 7.3864865440e-02 1.0478832195e-01 8.7952577462e-03 -1.5386630364e-01 -1.8537916570e-01 5.3077521878e-02 -8.8019584242e-02 -1.1216990075e-01 2.3964005176e-01 9.3606330536e-02 6.5878473391e-03 -5.8564903612e-03 1.7207836745e-01 2.1496537465e-01 -1.9513454142e-02 -8.5177111452e-02 4.8601451382e-02 3.3465879178e-01 3.4460296921e-01
-5.8417163769e-03 -9.4755087511e-02 -1.6975780186e-01 1.5517983570e-01 1.2189776782e-01 -3.1717639216e-02 1.5498324787e-01 -2.6001050726e-01 -3.7333214929e-01 -3.2689279877e-01 1.3078817163e-01 -1.3327682963e-01 -7.9115955539e-02 1.5223882687e-01 6.7053856438e-03 -3.2782064490e-03 -2.4161894715e-02 7.4331777130e-02 -3.6361481228e-02 2.6820110800e-02 1.2100342534e-01 5.9663109778e-02 -3.5921773394e-01 2.5426495074e-02 -3.7370573244e-01 1.5791779410e-01 8.9683173196e-02 6.3220065027e-02 9.3363610853e-02 1.4269456692e-01 6.0177523533e-02 -2.1250392771e-01 -1.6691097683e-01 -2.8643102106e-01 -1.2423337892e-01 -7.3884959917e-02 1.3523879283e-01 2.4936024155e-01 1.6051906657e-01 -5.2763092867e-02 3.1158933284e-01 2.4338176966e-01 1.8464667052e-01 -1.5518204352e-01 -7.4655351853e-02 1.6364418838e-01 2.8610889402e-01 1.7038190318e-02 6.1423061607e-02 -1.0682462463e-01 -1.4146518935e-01 -7.8255510684e-02 -5.4428559656e-02 -7.8452022545e-02 -1.9600242401e-01
-4.2446942474e-01 -2.6698153331e-01 2.4237620356e-01 1.5595749475e-01 -4.6116294007e-02 -2.0872663747e-01 1.0811885582e-01 1.6822718933e-01 2.0717397145e-01 5.8260497152e-02 -5.9389033105e-02 5.9070564527e-01 1.2923866223e-01 -2.1734475308e-01 -6.9381776489e-02 3.3664442833e-01 -7.3881349598e-02 2.8449547917e-01 2.7818948113e-01 3.5466034820e-01 -1.1421341285e-01 -2.0366648180e-01 3.3599637104e-02 -1.3748605829e-02 3.4877339201e-02 -1.2838021280e-01 7.0416415519e-04 -1.1026819236e-01 4.0643933258e-01 9.6538783409e-02 3.6577486658e-01 -1.1651686004e-01 -2.5513189299e-01 3.3806050307e-01 -7.8634425272e-02 -1.2150163744e-01 -1.0436335977e-01 5.2208455006e-02 2.8321834521e-01 -3.0979147138e-01 -3.3234339245e-01 -1.1209981213e-02 -1.3305643686e-01 -4.7049843754e-01 -1.6827013537e-01 3.6825789420e-02 -6.3263432949e-03 -3.5194735496e-01 4.0412097877e-02 3.0558619615e-01 -3.0004671606e-01 -2.1447694890e-01 1.8992833575e-01 1.3134075656e-01 -5.9437110842e-02
-6.4700232384e-02 2.9865837106e-01 -2.8960160534e-01 -7.4791466404e-02 -9.9459090480e-02 -2.5813938287e-01 -8.1488297030e-02 -3.9150259595e-01 -6.9134081457e-02 -2.7032433293e-01 -4.5342307603e-02 -2.7239500938e-02 1.7737198512e-02 -1.1287065339e-01 1.8908514596e-01 -1.2315682071e-01 -2.1352705859e-02 -5.2011631235e-02 -1.0766640779e-01 2.2919793539e-01 -1.0164310939e-01 -3.4285475194e-01 -3.4169892876e-02 -3.1299738254e-01 -4.2502887611e-01 -2.2670893603e-01 -1.4012875414e-01 -9.2280925382e-02 -6.3475535571e-02 3.3895775574e-02 -4.8236643099e-01 -1.2995820304e-01 -3.2252849323e-01 -2.3206963581e-01 6.6806691467e-02 -1.0932863928e-01 2.3210351158e-01 2.2307642256e-01 5.5154949868e-04 2.7297724059e-02 6.5691796035e-02 6.4913767443e-02 -2.4137422598e-01 -1.0129658936e-01 1.6495818480e-01 5.7468567490e-02 3.1533391443e-02 -6.4918451995e-02 7.1658360531e-02 -3.7593648402e-01 -3.4025563866e-01 -6.2006718974e-02 4.5261282412e-02 -3.4098037284e-02 -1.0261600797e-01
-4.6135951404e-02 2.1811577933e-01 8.0752960074e-02 1.6707677115e-02 -7.4804020269e-02 -8.8839194659e-02 -8.1660879393e-02 -3.3284670948e-01 -1.7782641765e-01 -2.0431158123e-01 -1.0555545795e-01 -2.8327887046e-01 3.6568973894e-02 -4.2652922182e-01 -2.5611631883e-01 -4.9212298156e-02 -5.2928860082e-03 3.3305647243e-02 4.9727025844e-02 -4.6353965977e-01 4.6794942912e-03 1.2209751615e-01 -3.1509228995e-01 -3.6887148984e-01 2.5083454310e-01 -9.4020025297e-02 -1.4075523165e-01 -2.7153522299e-01 -9.4281432410e-02 -1.9486238030e-01 -8.6104706634e-02 -2.2410708508e-01 1.3382792100e-01 -3.0791800602e-01 -1.7544626270e-01 2.0675740569e-01 -2.8782931326e-01 1.1421894419e-01 1.6855751038e-01 -7.9934661190e-02 2.1519506898e-01 -4.9036066140e-01 -7.7013846863e-02 -5.7159723628e-02 2.0059575125e-01 6.6147683478e-02 -3.8066098432e-01 1.7707649789e-01 -4.3302400289e-01 -2.3476523852e-01 2.2503274066e-02 -2.2456063698e-01 9.3768957004e-02 2.1488223824e-02 -3.8237039710e-01
3.1681053021e-01 1.5367832313e-01 6.4496556591e-02 1.8511259754e-02 -3.2575813764e-01 -2.8163887713e-01 1.2420151508e-01 -2.2704801984e-01 -9.6211719818e-02 2.3766104816e-01 -2.5497443953e-01 3.9308749145e-04 2.9793691391e-01 -2.2689558788e-01 9.9449853408e-02 -2.5703918133e-01 4.3827365415e-01 1.3093838758e-01 -1.4134437402e-01 1.3849203619e-02 -8.2088386451e-02 -1.1527958601e-01 -2.3355306612e-01 -1.1904084399e-01 -6.4718217120e-02 4.0728572710e-02 -2.7242210699e-01 4.6166198155e-02 3.0592165074e-02 1.3157215380e-02 2.3109449515e-01 2.2603978360e-01 -1.5349145570e-02 -1.4974733144e-01 -5.2152528002e-02 2.4800974132e-01 1.5106885239e-02 3.1541748387e-02 8.7814801480e-03 2.4549887759e-02 2.8865488946e-01 2.5363712026e-01 3.8355814025e-01 9.1075891514e-02 4.8864465621e-02 -8.2894121091e-02 -9.2103169396e-02 3.8199881200e-01 -1.3694725724e-01 -9.6769639720e-02 7.8276892355e-03 -9.9059291766e-02 -2.5044535544e-01 4.2825907922e-01 -3.9797786713e-01
-5.0237061238e-02 8.7613476130e-02 -7.3716248987e-02 3.0462814501e-01 7.5177139291e-02 -2.0311212803e-01 -1.6071796812e-01 -2.9257256013e-01 -2.1918880906e-01 -5.7154065572e-01 -1.4424002347e-01 3.5774151179e-01 2.0543759030e-01 -3.0513692399e-01 1.8672679069e-01 3.9624143815e-02 3.0252188228e-01 1.1442272581e-01 -1.1828635663e-01 -1.5692997768e-01 2.9530919604e-01 -1.4483800013e-01 -3.5106505725e-01 1.8116769747e-01 -1.2908148640e-03 1.0447670446e-01 8.2350329087e-02 1.6742996093e-01 2.2086687990e-02 1.8355493187e-01 -7.5536018861e-02 -1.4012326367e-01 2.6279658264e-01 -4.1524142257e-01 5.1477021094e-03 2.9559792967e-01 2.3211991737e-01 2.2804331461e-01 -2.6273780573e-01 -9.2085939736e-02 -5.6267948646e-02 2.2491448182e-01 3.4560437042e-01 5.6859214474e-02 1.3341442836e-01 -2.0608674552e-01 -2.1318578533e-01 9.2333022693e-02 -1.5000392931e-02 1.6142315964e-01 3.7323999578e-02 -3.4154519448e-01 4.5014201056e-02 1.4211258969e-01 -2.3845552456e-01
2.8561112597e-01 3.0353145171e-01 -1.0513196764e-01 -1.9340474593e-01 -1.5034875455e-02 3.8520477850e-01 1.0421191958e-01 2.3546213255e-01 5.5801242971e-03 5.3928396329e-01 -1.8649499770e-02 -5.3656351947e-03 1.8811542006e-01 2.6795222801e-01 -2.0010461407e-01 -4.6508723796e-01 1.2430234867e-01 5.4134374076e-02 -7.2066388304e-02 -7.1633791778e-02 5.2170394928e-02 1.9230692051e-01 4.5679518990e-01 -2.7618513563e-02 -2.2641030967e-01 -9.7201151379e-03 3.5450551916e-01 -7.3388320323e-02 5.1131784424e-02 -1.4408931720e-01 -3.6573391992e-01 3.1801178219e-03 -2.1783546470e-01 2.9173578292e-01 3.1779571362e-01 -1.4351288002e-02 4.8822691122e-02 -2.5801968020e-01 7.9054591284e-02 -1.3953309290e-02 -1.5801459674e-01 8.9364414374e-03 1.2360443868e-02 -7.4794995838e-02 1.7263387406e-01 5.5930480306e-01 1.6144693600e-01 1.5578426070e-01 2.4734345124e-01 -8.0357282569e-02 7.5427003588e-02 5.0892821241e-02 -5.8728310942e-02 1.8531779644e-01 3.0299567339e-02
3.8114777845e-01 -1.8890164641e-02 -3.1740640404e-01 7.3400266021e-02 3.2372994860e-02 -8.2570492758e-02 1.3867417863e-01 -3.8972033329e-01 -6.2258730064e-02 -2.8296255115e-01 5.7542047839e-03 -2.3056313487e-01 2.1023534395e-02 3.3058354882e-02 3.8206391221e-01 -1.9526462999e-01 1.7041587451e-01 -7.4826495370e-02 -4.6257402198e-01 -3.0709562176e-01 2.2311530120e-01 4.4901694596e-02 5.9372974683e-02 3.1520163432e-01 -2.3208262077e-01 1.1707035588e-02 3.2954600364e-01 -3.1453493886e-01 -1.1818387303e-01 -2.7265200967e-01 -9.5683729673e-02 -1.2301154479e-03 3.7498070479e-02 5.3150737501e-02 1.6426645111e-01 -2.6686146619e-01 7.3878135543e-02 -3.3113947494e-01 -6.3422153229e-01 1.4053359143e-01 4.8206193511e-02 1.0013059343e-02 -1.8694563279e-01 -1.6747445758e-02 4.0616499033e-01 4.0701094006e-02 2.5811919762e-01 1.0524311724e-01 3.3049340717e-02 -7.5913113436e-02 9.1962133001e-02 -4.4185500922e-01 6.6069468511e-02 -1.1079662429e-01 -3.1502709342e-01
