2.7017485850e-01 2.0779930971e-01 -4.4201009103e-02 1.0600767619e-01 7.0568176275e-02 1.5866745712e-01 -2.1634823083e-01 6.9481761738e-02 2.9114482721e-01 2.4086944479e-01 9.9178673995e-02 1.3933217874e-01 -2.5908551717e-01 1.0589026646e-02 -1.5216299636e-01 -1.0749385424e-01 2.5646929069e-01 4.4213193370e-02 -1.1362114845e-01 -3.5260144916e-02 -4.0742002032e-02 -3.7926072472e-02 1.7486101653e-01 -1.0552690514e-01 -8.3473922987e-02 2.5594284190e-01 1.4547735306e-01 1.7045787086e-01 -6.9829175441e-02 -8.4846986129e-02 2.2921079956e-01 -1.1130471157e-01 2.6664001133e-01 1.5806953876e-02 7.4689857623e-02 -8.1811859442e-02 2.5651965574e-01 -1.0522736720e-01 7.9156003466e-02 3.4693133341e-02 2.2853996432e-02 -9.6451935029e-03 1.9680218536e-01 -1.6301201398e-01 8.4991240285e-02 -8.6519784081e-02 1.2166446035e-01 8.1719086848e-02 1.3926724767e-01 2.1796718425e-01 1.8031896707e-01 5.7458483803e-02 3.9758436416e-02 -1.2108981941e-01 2.4579957827e-01 7.5115763815e-02 3.7888790387e-02 1.1451687371e-01 7.7266337623e-02 1.0435054354e-01
-9.4461230814e-02 -8.8754371236e-02 -1.3750865242e-01 9.0455743227e-02 7.8825587650e-02 -5.5100854216e-02 -5.3033603379e-02 -5.9237746346e-02 -1.5479008749e-01 -3.3539763743e-01 -1.5429897774e-01 6.4763305052e-02 5.0344281555e-02 9.3541817499e-02 -2.5733511911e-02 2.8397109520e-03 2.4983846309e-01 -7.0301729310e-03 7.3369329320e-02 9.3372162132e-02 -1.4541442880e-01 2.7458438114e-01 2.8397655210e-01 1.0756815365e-02 -1.3067183800e-01 -3.1148153540e-02 7.6746278411e-02 4.6925292159e-01 -2.5563442008e-02 -1.5918438766e-01 1.7633777973e-02 -9.1883747695e-02 2.6721152655e-02 -1.5667083655e-01 4.4103150232e-02 -1.9392470747e-01 -1.4817662091e-02 -2.8617753342e-02 2.0124029564e-02 -1.9354295027e-01 2.2688502553e-02 -1.3896111692e-01 1.3577361377e-01 -1.0185063367e-01 -2.3563693388e-01 -2.5134756667e-01 -1.5631422912e-01 -2.3666356180e-01 -8.3098928777e-03 2.6672743068e-02 -3.0840322034e-01 6.4334822942e-02 4.5629887924e-02 -2.0885107696e-01 -4.8796709633e-02 4.2235808680e-01 -3.0101530199e-02 -1.5203582842e-01 -1.6675717013e-02 1.2323360347e-01
-4.1388199587e-02 -3.0011034361e-01 9.9799187637e-02 1.7575002210e-01 -2.6062770519e-01 1.0338782922e-01 4.2969714782e-03 -3.2411463485e-01 -7.9394481472e-02 -4.8358311511e-01 -2.6262625520e-01 -1.5614177402e-01 1.8473519120e-01 -2.5905073464e-01 2.9562385127e-01 1.0001612885e-01 -3.5750851322e-01 1.3212380301e-01 5.0030356223e-02 8.7474405384e-03 1.1972976981e-01 5.5805468377e-01 -1.8843276721e-01 -1.0052629727e-01 -7.4618662712e-02 -2.8562321988e-01 -1.9688909433e-01 -1.6160063543e-01 3.8195376698e-02 3.7374237842e-01 1.1672509979e-01 5.7659578875e-01 1.4586459802e-02 3.7668558819e-01 -3.4304246190e-01 4.6390702557e-02 7.7831562002e-02 3.3976893608e-01 -1.9640362148e-01 1.5192409095e-01 3.7828796377e-02 -1.2046037388e-02 1.8425909290e-02 2.0724143537e-01 2.3118096419e-01 2.0646907045e-01 -1.5443846305e-01 -2.0637798054e-01 1.7863691107e-01 -2.2506576870e-02 2.7317177267e-01 -1.5237058171e-01 2.6372105100e-01 2.1019404724e-01 3.5236488190e-01 -2.4379842969e-01 2.8074397134e-01 -1.0984128353e-01 -2.4132043974e-01 7.1691540313e-02
-1.1798943986e-01 -3.8242919170e-01 7.7269400082e-02 -2.1210026135e-02 7.8192512198e-02 1.5959892584e-01 -9.8636635768e-02 -2.1703957687e-01 5.4237420399e-02 -2.2163850113e-01 -9.8423853103e-03 2.0936149040e-01 -2.7767443257e-02 5.2262971118e-02 -4.7524955601e-02 -1.2378755488e-01 1.2626773721e-01 3.2229965757e-01 -2.4934270096e-01 -5.8182955517e-02 -1.1731802636e-01 -1.2461281871e-02 1.0560072431e-01 5.4353132676e-02 -1.9319489844e-02 4.2719556714e-02 -2.3974026809e-02 1.9491067956e-01 -2.2408165863e-01 -1.7580467290e-01 2.1419758244e-01 3.4523168498e-02 4.2233306927e-02 2.3780819495e-02 -6.8567863497e-02 -2.4906546335e-01 2.6290903474e-01 -9.2656007985e-02 2.7658113342e-01 -4.1286872453e-02 -1.3916143395e-01 2.5619349381e-02 -5.7794840909e-02 5.9763518980e-02 -8.7456667014e-02 -1.0830281755e-01 6.9385983143e-02 1.2651192720e-02 -1.2012817464e-01 -8.8597212920e-02 1.2052828228e-01 -3.1518862205e-01 -5.2380636899e-02 -1.1779542222e-01 1.9826845463e-01 -2.2650584708e-02 4.4574649649e-02 1.1800161125e-01 2.5907605562e-02 5.2976860639e-03
9.7111913087e-02 1.1117801126e-01 -3.0352645658e-02 2.0177946610e-01 -4.9358840306e-02 8.5470317506e-02 -2.6164954365e-01 -2.0600366242e-01 1.1421996811e-01 -9.2055225379e-02 -1.4048350007e-02 -1.1352200065e-01 -1.4705465454e-01 -1.3852065009e-02 2.5963984901e-01 -1.6504635349e-01 2.5527659182e-02 4.8046637624e-02 -2.4033979923e-02 1.1814394134e-01 8.9312079605e-03 -2.7831053369e-02 2.5266295292e-01 -2.3847329286e-01 -2.2273869160e-01 -3.6954404287e-01 4.6329386568e-02 2.7732348242e-01 7.0150822237e-02 -6.2394813372e-03 -1.1415352576e-01 3.3321046473e-01 2.7936425940e-01 -7.2562190317e-02 3.3628991413e-02 7.5424340303e-02 4.3263673451e-02 9.9834497571e-02 -1.6449697063e-01 -1.0698618561e-01 4.3862578563e-01 2.2772452966e-02 3.7659786118e-01 -1.6249634298e-04 -4.8039344877e-02 1.1223848488e-03 -5.7903284089e-02 -2.9194585180e-01 1.2175799480e-01 1.0557283957e-01 -5.9113502958e-02 1.2119172747e-01 3.6524678841e-02 -5.9435237152e-02 -5.3539360280e-02 -1.9062781293e-01 2.1582603480e-01 -8.5551701834e-02 -4.0663058516e-01 1.2254364799e-01
1.9497556888e-01 2.0375898523e-01 6.1893079919e-02 1.2614565113e-01 -2.2304765783e-01 -6.8368362842e-02 1.8821861947e-01 -2.3346864397e-01 1.0826987727e-01 -1.8066165226e-01 1.6923827549e-01 -1.7212182854e-01 3.6558178460e-02 -1.7994675237e-01 2.0753504262e-01 2.9249761351e-01 1.8470475347e-02 -1.4139034895e-01 2.1200579113e-01 4.4926539912e-01 1.9875207584e-01 3.5558224253e-01 1.6973093939e-01 -1.8986678211e-01 -3.7293685616e-01 -3.6726771891e-01 -1.3288969540e-01 7.7197411094e-02 2.5585279577e-01 2.5621872406e-01 -3.7760739442e-01 3.8095735130e-01 2.4532912117e-03 5.0502245933e-02 3.0421501633e-01 2.8709213304e-01 -2.0437122686e-01 1.9997316203e-01 -4.2328790609e-01 -5.3862598102e-02 2.1574775158e-01 -2.3708210094e-01 4.9453799499e-01 2.1809702668e-01 -9.8977970915e-02 2.0388104638e-01 9.6425145939e-02 -5.9163616814e-01 -1.4219484287e-01 7.3632043828e-02 -2.4264945923e-01 3.4804028987e-01 1.3391781037e-01 7.1402104823e-02 -2.0332709024e-01 -3.9370470188e-01 -1.1026597746e-01 -3.8544415995e-01 -3.4165978272e-01 3.1117448902e-01
-1.2299530364e-01 -2.4259103817e-01 1.8305958797e-01 2.8070459327e-01 -1.5974879033e-01 -1.2507612692e-01 6.6424538528e-02 -3.5323685571e-04 -7.2934632836e-02 -2.0819309376e-01 -4.3087197160e-01 3.0407314345e-02 1.4306733518e-01 -3.5352947538e-03 -1.8071348671e-02 -5.1992633545e-03 -1.1052796701e-01 -1.0056213358e-01 -1.1362689983e-01 3.7520223090e-02 3.6920591820e-02 6.5376645650e-01 -2.0214582774e-01 -6.9514030007e-02 1.5519403408e-01 5.5352127726e-02 -2.2463482995e-01 -1.6604530624e-01 -2.7390916310e-01 3.8285426731e-02 5.6136780694e-01 -5.9273927545e-02 1.0770502499e-01 9.5030743703e-03 -1.6936427978e-02 1.2322381503e-01 -5.6472946514e-02 1.0522867479e-01 -1.9918521000e-01 1.0347169394e-01 -4.3943800677e-02 -2.0781268447e-02 -6.0569668709e-01 -1.5482117004e-01 2.7530880082e-01 2.4198367934e-01 4.9865253786e-02 2.3534471041e-01 -2.4575045587e-01 3.8293288236e-02 -1.3815152537e-01 8.9379523797e-02 8.4872310130e-04 2.7031420794e-01 4.3089149633e-02 3.5160498986e-01 -1.2801609427e-01 -1.4196184148e-01 -1.8200069841e-01 4.6515383277e-02
-4.3863012582e-02 -5.9846341030e-02 2.7797257084e-02 -1.0201203438e-01 5.4234860322e-01 4.5653548233e-02 -1.0075278886e-01 -4.7616073420e-02 -4.4560235819e-02 -1.2690293246e-02 -8.9457408483e-04 1.6679788544e-01 -3.4162985665e-02 6.5760288147e-02 -9.2112997887e-02 -8.8560017609e-02 2.0724202989e-01 1.3774458772e-01 -2.1664564331e-01 -1.1000035658e-01 -1.3226889349e-01 -3.7749668627e-01 3.0086752410e-01 4.9858035433e-02 1.1743262924e-01 3.4593181861e-01 2.8378234784e-01 3.4362597839e-01 -1.2202363278e-01 -3.0108206449e-01 2.9710447193e-01 -6.8688769031e-02 -1.9955428687e-02 -6.4332590063e-02 -2.3623088154e-01 -2.4865980112e-01 3.4846104091e-01 -1.8356057949e-01 3.6816645471e-01 -2.1354073820e-01 -1.7069327860e-02 1.4468363500e-01 1.2605284016e-01 -1.8591327393e-01 -1.6039053070e-01 -8.2872469700e-02 2.4754894540e-02 -2.4770852632e-02 1.3251154430e-01 4.8862984313e-02 -1.4988820363e-01 -1.8591916844e-01 -1.6897986272e-01 -3.4084604193e-01 -3.0492843499e-02 2.7405978601e-01 3.3689727941e-01 3.6772399309e-01 2.5356450273e-01 -1.7060500178e-01
-3.2727557627e-01 -2.2278720242e-01 -2.2294971113e-01 -5.7337031775e-01 3.4311023598e-01 5.9443284938e-02 -1.3423135055e-01 6.2721719217e-02 -2.4561623371e-01 -1.6868897653e-01 -7.4933581704e-02 -1.5352767332e-01 1.0222189920e-01 3.9437877908e-01 1.5397389108e-01 1.5268650436e-01 4.9917854880e-01 -7.0612476473e-02 -3.8746544055e-02 1.2850184715e-01 7.5276560575e-02 -4.5051592318e-01 2.2386335836e-01 1.3583536703e-01 1.9688280970e-01 -1.6962610278e-02 -9.4255469287e-02 -1.3442845441e-01 6.6717518298e-02 -2.6623939361e-01 -3.9797288311e-01 -8.5584075568e-02 -1.1892594354e-01 2.2238219811e-01 -4.8463447398e-01 -3.8995106358e-01 -1.8977016411e-01 -1.7748955205e-01 6.3933042151e-02 1.3941905904e-01 -6.6802260781e-01 -4.9257159765e-01 2.7039099971e-01 1.9409349939e-03 -1.3409623734e-01 2.4215013738e-01 -1.2779845038e-01 1.0226695439e-01 3.8159081165e-01 1.6794699041e-01 -3.7864095342e-01 -5.0638180809e-01 -1.0696500710e-02 1.0048777920e-01 -7.7483362443e-01 5.6186157335e-01 -1.8524455447e-03 6.3027910979e-02 -3.1339675609e-01 -1.5230144180e-01
2.1329373597e-01 1.9282687311e-01 5.1080753240e-02 -8.2438970115e-02 -9.5189793494e-02 7.1838715800e-03 5.5908278595e-02 1.2028001882e-01 8.1204920284e-02 3.5088433157e-02 -5.5244040356e-02 -1.4281314482e-01 1.5603055138e-01 -4.2597520891e-02 1.3651947087e-01 1.9224313837e-01 1.8697036225e-02 -7.5788045155e-02 1.3587707016e-01 1.1328844453e-01 8.9545055733e-02 -1.3379494363e-01 1.2118809345e-01 -5.4564301483e-02 -1.2486230122e-01 -2.4582512064e-01 -6.5128771245e-02 -4.5877480395e-01 2.2669584068e-01 1.9389964790e-01 -1.0939269854e-01 2.0011019071e-01 -2.0126280095e-02 1.0829221832e-01 2.4070112785e-01 1.3037016394e-01 -2.2762634588e-01 -1.2418925893e-03 -1.2537449778e-01 7.3606059887e-02 1.9758209858e-02 -3.3635510961e-02 5.3981864850e-02 9.9339048251e-02 1.8793944328e-01 4.1734003067e-02 1.8032703073e-01 1.9892912472e-01 6.7626630363e-02 -1.3402744429e-01 2.1259745907e-02 -8.5415269030e-02 1.9871061063e-01 9.5996007617e-02 1.9463504113e-01 -3.9245578682e-01 -1.1682243980e-01 -8.3613233486e-02 -1.7239295985e-01 9.0883463933e-02
-2.1855768985e-02 -9.9079288073e-02 7.9593496081e-02 2.3299019989e-01 -2.6288691973e-01 -1.0168751515e-02 -1.9324827938e-01 5.6045765770e-01 1.1343456152e-01 6.7575694622e-02 -5.8694065798e-02 7.3913666922e-02 -1.1468332837e-01 1.7872176517e-01 -2.4135470468e-01 -2.2680507611e-01 1.4558976872e-01 2.3048516788e-01 -2.5530593468e-01 1.5778052741e-01 -2.1876157724e-01 2.9250590776e-01 1.6138736166e-01 -1.3874570208e-01 -5.5828233412e-02 1.1716146652e-01 6.0783420417e-03 -7.2059393547e-03 -1.9295787078e-01 -5.4323492344e-02 3.3878700571e-01 -5.3923058649e-02 1.4834987584e-01 -3.2634964630e-01 1.6674562241e-01 -1.8309745005e-01 6.8743161279e-02 -2.6383906682e-01 1.0994539481e-01 1.0474201781e-02 1.4051361757e-02 2.0716268873e-01 -4.2305424417e-01 -3.7555300278e-01 8.6631134205e-02 -8.8325352758e-02 4.0881065883e-01 1.5770910323e-01 -3.0074335851e-01 2.9421622560e-01 1.0395477011e-01 1.9527447275e-01 -3.5658000242e-01 -9.8823413669e-02 1.8562440268e-01 2.3836843332e-01 -5.2731565422e-02 -1.0519617836e-01 1.2870173616e-01 8.5357614789e-02
-3.9152188681e-02 -1.3399471474e-01 1.0532427743e-01 -4.4426402830e-02 -2.8620040431e-01 5.7869737315e-02 -6.8904751035e-02 2.8438649013e-01 1.1635963709e-01 -1.5849655960e-01 -2.7970594297e-01 -2.6368563817e-01 7.3861381556e-02 -1.4418970968e-01 2.2284655682e-02 9.0109651885e-02 1.9953874098e-01 -2.0982298582e-02 -2.1887250449e-02 2.4435704628e-01 2.7979319980e-02 1.2080501422e-01 2.0464431314e-01 -5.3013738820e-03 2.7253890035e-02 1.0718078817e-01 -1.7609572635e-01 -4.8504438628e-01 2.3783896212e-01 3.5513740211e-02 2.5399780165e-01 1.1375626377e-01 4.8248957105e-02 1.5642322784e-01 2.5679545279e-02 5.5739886887e-02 -3.0409277010e-01 4.8620347116e-02 9.2048018538e-03 1.2170533269e-01 -4.4566159368e-02 7.9184842203e-02 -4.6276049724e-01 -7.9835990246e-02 1.0618545104e-01 2.0770242357e-01 2.7279261250e-01 1.9056456677e-01 1.1419203809e-01 1.6822370124e-01 -2.2648145764e-01 1.4944408970e-01 -2.2946326510e-02 1.3718431627e-01 3.9044175344e-02 4.2642025489e-01 -2.9545191626e-01 -1.5099202839e-01 1.8082515700e-01 1.2639298633e-03
-2.4349281496e-01 -1.4738480426e-01 4.1697402001e-01 -1.6569522927e-01 2.8018746589e-02 -1.0389597871e-01 4.4168826289e-01 -5.5541924976e-02 -1.9692104928e-01 -6.8856442053e-02 -4.6490236748e-01 -2.6184742427e-01 1.9988518651e-01 -3.4971904859e-01 -1.5039310604e-01 -4.2558453446e-02 -3.3074513101e-01 -9.3181570133e-02 8.6819966361e-02 -1.9404398349e-01 5.4474118175e-02 4.4641605704e-02 -3.7819134439e-01 1.6112026577e-01 3.1584329399e-01 -1.4874514550e-01 -4.2810850015e-02 -1.8125255582e-01 2.9088580419e-02 2.6663761997e-01 -1.0541628350e-01 9.0118770066e-02 -1.5094876195e-01 2.5370335292e-01 -1.3878306487e-01 1.0311353221e-01 -1.5582053144e-01 3.1852849535e-01 1.5223178074e-01 3.5332789574e-01 -2.5777172018e-01 -1.3099051376e-01 -4.2166652663e-01 9.3550330759e-02 9.1385660888e-02 1.9238138003e-01 -5.1216120822e-03 6.4525446346e-01 1.9482853689e-01 -3.6166273233e-01 3.1311282807e-01 -2.3772664382e-01 1.0130100473e-01 3.7206936290e-01 1.8758609775e-01 -1.4269952519e-01 1.4731524901e-02 1.3401405021e-01 2.3656280286e-02 -1.6632933145e-01
-6.6750549692e-02 -1.3583270592e-01 -1.7969704186e-01 1.4178594803e-01 -3.0947070630e-01 2.0184214522e-01 -1.1536756069e-01 2.5975576360e-01 7.3905219820e-03 -6.1759202084e-01 -1.8288700362e-01 1.8062841406e-01 -1.1686506399e-01 1.3749149133e-01 2.8815477282e-01 -3.3228518380e-03 -1.9498480101e-02 2.6470745826e-01 -1.2495116235e-01 3.6961714198e-02 4.9613492014e-02 3.0726051207e-01 7.1252903567e-02 -1.8864833868e-01 -1.4745413874e-01 -4.2439117789e-01 7.7793476711e-02 -6.6262161025e-02 1.6552888758e-01 -9.9898751485e-02 9.3653652594e-02 2.7210343668e-01 5.6146909741e-02 9.4129696385e-02 -3.0535161298e-01 -2.5088214248e-01 -1.7407477119e-01 1.4075103803e-02 -7.7738422451e-03 3.1300440684e-02 -5.0777306976e-02 -2.3649138348e-01 -4.4114768981e-02 1.1880517090e-01 2.4471921871e-01 2.5917241172e-02 7.5569070809e-02 -3.3706777940e-01 2.0101091859e-01 5.7503747767e-02 2.5373741745e-01 -2.6764483148e-01 1.3672647176e-01 -1.2637448204e-01 1.1163069434e-02 -3.0539517439e-01 2.2439753020e-01 -1.7363152044e-01 -2.4608254729e-01 1.6619848954e-01
8.2175096204e-02 3.6399994634e-01 -1.4677583004e-01 2.9521758238e-01 1.6569595783e-01 -5.6119602765e-02 -2.1391997994e-02 -5.2106002098e-02 3.2973544136e-02 1.8619655541e-01 1.4985527743e-01 1.3681897752e-02 -3.4207277434e-02 -1.0351906888e-01 -6.4407788783e-02 1.0805001458e-02 -2.8125873471e-02 -1.6581401092e-01 2.4751226600e-02 -6.7970760574e-02 5.0639109894e-02 -1.9953954549e-03 -1.5540616919e-02 -1.1114332060e-01 -6.2970499364e-02 1.8238292868e-01 3.3819553801e-02 6.2540959406e-01 -7.5712534095e-02 9.4228050263e-02 3.2337475613e-02 -1.0182473801e-01 2.4597629029e-02 -2.0655909372e-01 2.2822056405e-01 7.8739923242e-02 2.8111454115e-02 -2.6701318261e-01 -1.8401704633e-01 -2.2900472409e-01 3.8956581901e-01 1.9255372059e-01 2.4044053045e-01 -2.2291634743e-02 -2.5203706170e-01 -2.1620544181e-01 -7.1905634906e-02 -2.8671292584e-01 -2.6666863871e-01 9.0583166424e-02 -2.4544925777e-01 6.0290818911e-01 -7.6883200541e-02 -1.1942579612e-01 -7.1884319473e-02 -6.3927862329e-02 -1.2305707566e-01 -4.6308369728e-02 -1.4477525463e-01 1.7814981213e-01
2.2154190853e-01 -1.3697158441e-02 -1.6412231328e-01 2.6215315045e-02 2.2478473340e-01 4.6050545065e-01 -3.8027404256e-01 3.5408657762e-01 3.1524209568e-01 6.5389443530e-02 1.9757107328e-01 3.5360470739e-01 -5.3138434286e-01 3.7114320558e-01 9.3196708168e-02 -2.5397582360e-01 1.7469147044e-01 2.8159380318e-01 -4.6645048617e-01 -8.1747917996e-03 -3.5798763690e-01 -1.4656643513e-01 2.7338681135e-01 2.8430950268e-02 -1.6960550497e-01 1.8010055386e-02 1.1139662379e-01 2.9009525581e-01 -3.8397983906e-01 -3.2194438238e-01 2.2643894876e-01 -1.7010772215e-01 2.4203295035e-01 -7.9389761068e-03 -2.1649333028e-01 -2.7350117065e-01 3.2014141907e-01 -2.5307377672e-01 2.7569083498e-01 -2.8847067790e-01 -5.6668775896e-03 2.7412735114e-01 6.0815307141e-02 -3.6976324799e-01 1.9816337625e-01 -3.1188677888e-01 1.0853481375e-01 -1.3387722753e-01 4.9114735059e-02 2.9969423671e-01 4.1183147384e-01 -7.1554877281e-02 -3.2171035504e-01 -3.2659463076e-01 4.3739023239e-01 9.2430193474e-02 5.2386003323e-01 8.1201554580e-02 -2.8528382301e-02 3.8574886694e-01
7.5982457518e-02 -2.9772908104e-01 -4.6307685184e-02 9.2147995131e-03 9.5531015033e-02 -4.6771416455e-02 -2.9916551144e-01 1.9342961622e-01 1.9654019886e-01 4.5775268862e-03 1.6139204388e-01 -7.2855303493e-03 -1.9375256503e-02 3.1945869392e-01 2.3795561778e-02 -6.7379644555e-02 3.9513406602e-01 -1.4063694670e-02 -1.3571675556e-01 5.9803743809e-02 -1.7147824305e-01 -2.3731012771e-01 2.1337157424e-01 1.8503194353e-01 -1.1557245946e-01 2.2485576959e-01 7.8944641098e-02 3.2024454611e-01 -1.0272351463e-01 -2.5520046798e-01 1.7899554999e-02 -1.7075614747e-01 9.8117228266e-03 3.0409181377e-02 -3.1387193001e-03 -6.3629302193e-02 9.8351961492e-02 -1.1277395682e-01 1.2176507385e-01 -7.6945026253e-02 9.9666263981e-02 -1.0857297332e-01 3.0186303692e-01 4.6398648409e-02 7.1364506175e-02 -2.1640635751e-01 -4.4055710643e-03 -7.3047333193e-02 -1.6522143789e-01 2.2884305427e-01 -2.5590687857e-01 1.5597168094e-01 -2.8087900316e-02 -1.4606945931e-01 -3.8540398580e-01 1.6761608484e-01 -7.4186220136e-02 -2.5498110134e-01 2.6798271183e-02 1.2544229467e-01
2.6944390364e-02 3.4185174114e-02 -1.9256299014e-01 2.5752976438e-01 -1.5703817978e-01 -8.6698655957e-02 -2.4643057273e-02 -1.7368407784e-01 -9.6581511396e-02 -2.2859150678e-02 -1.1334833519e-01 -5.3872948063e-02 4.6475483277e-02 1.4435686389e-02 2.3690717999e-01 1.2558127255e-01 4.5119892954e-02 -1.3294150459e-01 -9.2195171621e-02 1.1516017088e-01 1.4125039469e-01 1.4369331145e-01 1.8603096819e-01 -7.9267139072e-02 -1.0721312471e-01 -1.9698578074e-01 3.4241675819e-02 1.1768821643e-01 7.8557627219e-03 -1.1031275329e-01 -3.2848542247e-01 1.7657023426e-01 -1.0833346931e-01 7.1499840941e-02 -2.1329490971e-01 -1.2453773027e-01 8.7979297208e-02 1.8690306336e-01 -2.6417696259e-01 5.0433444255e-03 4.8991906647e-02 -1.0311765543e-01 6.1005084684e-01 1.5190264690e-02 -7.0774895566e-02 2.3007735421e-02 -2.0171345387e-01 -2.1288760295e-01 -5.2456953182e-02 -1.0597097226e-01 -2.5075264133e-02 -2.9798229783e-02 1.4208342137e-01 3.6826286123e-02 -1.1796143715e-01 -7.2166203471e-02 9.9671811399e-02 -1.3377962364e-01 -2.8783082494e-01 2.1709452329e-02
-5.7135640848e-03 -8.0153163074e-02 6.4505741377e-02 3.0637808267e-03 -1.1609538824e-01 -6.0090118020e-02 2.8142224358e-02 1.7645906843e-01 1.1978532496e-01 -9.2177144796e-02 1.8660245227e-02 1.8060340575e-02 -9.2589341326e-02 1.3339539552e-01 1.6217698098e-01 1.7612627799e-01 4.8582588169e-02 1.5194123036e-01 5.4287265953e-02 1.4012320314e-01 1.9830405846e-02 1.6498595858e-01 2.7701082080e-01 -1.8946665061e-01 -4.3482574226e-03 -1.9574869948e-01 -5.8922754387e-02 3.8440691495e-02 1.9996487215e-01 9.8210603207e-02 2.8350268533e-02 2.8722391627e-01 1.6171919587e-01 4.1055382387e-02 -4.8001657242e-02 1.7019340436e-01 -7.2696050684e-02 9.2376980088e-02 4.6627631549e-02 1.0761273577e-01 6.4469046391e-02 -2.4146641289e-02 2.2119743992e-01 1.6875707972e-02 6.0442181500e-02 5.8835117813e-02 1.1038846704e-01 1.4438105545e-01 1.1444585136e-01 -5.1131103734e-04 8.4225610784e-02 4.8074786347e-02 2.3613675894e-01 7.2468527759e-02 9.6378935072e-02 3.4876486872e-02 -9.5682097677e-02 -2.0952045856e-02 -1.2763956865e-01 4.0861371977e-02
1.0471496512e-01 2.6518766402e-01 1.5732012885e-01 -2.7288831550e-01 1.0544802243e-01 5.2743067640e-02 7.9779723091e-02 2.8945616478e-01 3.6986937364e-02 1.3753386014e-01 8.5230184288e-02 -1.0564025504e-01 3.3617292404e-02 -9.4094803460e-02 2.2915550247e-01 3.7193370997e-02 1.5097483560e-01 5.9663330595e-02 1.1250933110e-01 -6.4359497943e-02 7.8697704937e-02 -4.5067620942e-02 3.4896095494e-02 1.4890846440e-01 -7.3209625803e-02 -1.8331775017e-01 -6.7684066895e-02 -6.6142343240e-01 1.6571051767e-02 4.2282988249e-02 -3.4759351839e-01 2.6180241252e-02 -1.0726481615e-01 1.5483819494e-01 1.2055777342e-01 2.0871893077e-01 -3.8958407952e-01 3.7131493682e-02 -3.2605513498e-02 1.1864569147e-01 -2.1882333062e-01 -1.0794994297e-01 2.1863594307e-02 1.6960073252e-01 6.8864256192e-02 1.4190121878e-01 6.3209206182e-03 2.8583699053e-01 1.0253352919e-01 -7.0221987322e-02 1.6045413189e-01 5.6547436072e-02 2.6925839437e-01 1.0934538028e-01 -4.7599062576e-02 -1.6719123813e-01 -2.8274113435e-01 6.6842180862e-02 -4.2092582833e-02 -9.7576700696e-02
-1.0005995949e-01 -1.5949463190e-02 -1.2041729802e-01 -2.3589138216e-01 -2.7296931184e-02 -6.0087709080e-02 1.7776406828e-01 -1.2679350063e-01 -1.0422107233e-01 -2.4904166121e-01 -1.9144401123e-01 -1.9703383938e-01 1.7047384682e-01 -5.4324909773e-02 1.1351538134e-01 -6.0940246066e-03 -5.1145485362e-02 -1.0068060363e-01 9.9520385342e-03 7.1469052405e-03 1.4800639107e-02 -1.9185844712e-01 -2.6532934070e-01 1.8880567349e-01 1.2879983158e-01 -1.4690852681e-01 -2.0830483939e-01 -3.2443478498e-02 -2.0978002596e-01 -1.5551993688e-01 -2.5840752180e-01 1.3373889332e-01 -1.8047267579e-01 4.7167787924e-01 -2.8857921179e-01 -2.7582032920e-01 -7.7274961442e-03 1.0600411927e-01 -5.9651626489e-02 1.8719413655e-01 -1.8692670536e-01 -2.0504155827e-01 -7.3091475803e-02 5.8709309734e-02 4.0060299997e-03 1.2411082039e-01 -1.9293881537e-01 -2.2165908023e-02 1.2070841779e-01 -4.4703731595e-02 -1.4166942938e-01 -1.5367014904e-01 8.8994518760e-02 2.1523668630e-01 -2.9456044799e-01 1.0002188802e-01 -1.5758332771e-01 -1.2001806273e-01 -1.5549825836e-01 -8.7473307152e-02
-7.3720375209e-02 1.6674519260e-01 -3.5413898148e-01 -3.1938795749e-01 5.7203119392e-02 -1.9529435188e-01 3.3761525959e-02 -1.4548394692e-01 -6.0104801012e-02 8.9375695911e-02 3.4186577243e-01 -1.3502898705e-01 1.9320976942e-01 1.0763884622e-01 2.1868989524e-01 4.4626540371e-01 1.9970579199e-01 -2.9062607930e-01 2.0238197539e-01 1.0875724862e-01 2.4700538649e-01 -2.9694375891e-01 8.4273799722e-02 2.7998251083e-01 -4.4501402614e-02 -2.0074591196e-01 -1.9594359895e-01 -1.4229305920e-01 3.5816722036e-01 1.0947407816e-01 -7.9390466116e-01 1.6882935179e-01 -3.1911625806e-01 5.5842071715e-02 4.5834807229e-02 3.3343488775e-02 -2.7392245805e-01 2.1115047154e-01 -3.3962786677e-01 2.5832462933e-01 -1.7896136816e-01 -4.7948765281e-01 4.4000951826e-01 2.0886720952e-01 -2.3935136741e-01 3.9148336452e-01 -1.0477936861e-01 -6.5964930375e-02 4.8267844900e-02 1.9877659566e-01 -5.9620132166e-01 3.3752228041e-02 1.4514901632e-01 1.1400789265e-01 -7.3853554326e-01 3.0783219161e-01 -9.9560193693e-02 -3.8713700310e-01 -3.0697228903e-01 -1.7926375695e-01
-1.6733647368e-01 6.8048873613e-03 -4.6668886668e-02 -1.6636579265e-01 -9.4919350748e-02 -2.7955011088e-01 7.5829400306e-02 -1.9048295236e-01 -2.7180331215e-01 -1.5370323129e-01 -5.7592459262e-02 -4.5352261870e-02 1.7397474474e-01 -1.8278028293e-01 -1.7549845313e-01 1.2950890615e-02 -1.2074409715e-01 -1.4541842944e-01 2.1766924226e-01 -2.3818828866e-01 1.0867434505e-01 -9.0982904311e-02 -3.0374946758e-01 1.7480328473e-01 1.1407145051e-01 -2.8713669241e-01 -2.0229094670e-01 -2.0398919201e-01 1.0942346635e-01 -3.9221191015e-02 -1.4864671517e-01 -2.4300176986e-02 -2.4207672319e-01 4.9183624651e-02 -2.5454916357e-01 2.7749563304e-02 -2.6561178652e-01 1.4711789081e-02 -1.4255017295e-01 1.2424257939e-01 -4.4873903090e-02 -1.4254809906e-01 -1.5357866844e-01 1.8119013149e-01 -2.1956328023e-02 6.9340611190e-02 -1.5198573517e-01 4.5663969915e-02 4.4169710014e-02 -4.7087655607e-02 -9.0193012633e-02 -5.2540044546e-02 1.5249175016e-01 -1.3310060562e-01 -6.1492492974e-02 -1.2601029323e-01 -2.3680513522e-01 1.9669593906e-02 2.7947824262e-02 -1.9237408777e-01
1.1813349405e-01 -5.4300935507e-02 1.7087564615e-01 -3.5229032896e-01 4.4482120246e-01 5.1500439758e-02 2.5151494770e-01 -1.1699202883e-01 3.0072946608e-02 5.8843450667e-02 1.5426965395e-01 6.9501208786e-02 -9.9407893390e-02 1.4228825621e-01 3.4011428526e-01 1.0661497143e-01 6.4566656199e-02 1.6985525164e-01 2.0655204552e-01 -4.5934781521e-01 1.9743252064e-01 -1.9266582633e-01 9.0084542097e-02 5.1282678837e-02 9.0685482604e-02 -3.9124959760e-01 -1.6106177737e-01 -1.3732800005e-01 9.8289058094e-02 1.9143559689e-01 -4.7394694533e-01 1.5924535532e-03 1.2413216361e-02 3.1603898924e-01 -1.5543991678e-01 -9.8140957597e-02 1.8227303699e-02 -2.9622479955e-02 1.7128379282e-01 1.2151808717e-01 -2.4644413641e-01 -2.8028004894e-02 2.9793613058e-01 3.5917919603e-01 -2.6161935310e-01 1.0315693909e-01 -1.8753955922e-01 2.7694260584e-02 4.0439110103e-01 -2.8820538588e-01 5.6828096029e-01 -6.5082996056e-01 1.3224691063e-01 2.1533030663e-02 9.3981452423e-02 -3.1292165993e-01 4.0108273869e-01 1.6688163421e-01 -1.0022139315e-01 -1.9061601907e-01
