2.8175764976e+00
8.4172533493e-01
1.7225320394e+00
4.1274089920e-01
-1.3534000567e+00
5.9304270211e-01
-8.5681324668e-01
-3.3500782537e-01
-9.2755147791e-02
-5.7592566161e-01
-1.9955127929e-01
-3.6445051194e-01
1.5609439574e-01
-4.2857408547e-01
1.7032468919e-01
2.2799826065e-01
-9.0339154348e-01
-6.1417006784e-01
-6.2008325142e-01
-1.0115735321e-01
6.1526553357e-01
2.0127322450e-01
-6.7845560816e-01
-2.9134031178e-02
-1.0654426376e+00
2.9022198249e-01
1.5163609303e+00
-2.0408840562e+00
1.2588213791e+00
4.0253439562e-01
1.6361222734e-01
-6.6810606738e-03
-1.3920381876e+00
1.4241815555e-01
8.7865742990e-02
2.0223008646e-01
2.0178223110e+00
-1.4859702350e+00
5.4849250397e-01
-2.3108424170e-01
6.9883483829e-01
-6.9573892145e-01
-4.8236414333e-01
1.5734532036e+00
-4.7874647670e-01
6.4941766802e-01
1.7873727869e+00
1.3909582613e-01
2.5573030139e-01
3.7165586272e-01
-1.6180310153e-01
-2.6471351219e-01
4.3343786090e-02
1.0959526977e+00
7.1655742421e-01
-4.1299856888e-01
-1.7229576871e+00
2.4484065429e-01
1.1506010614e-01
-4.6581863305e-01
8.5395169622e-01
-7.3495634834e-01
1.3433909075e-02
-8.6040261445e-03
-3.8290426490e-01
3.1646372217e-01
1.8379956558e+00
-1.0526850340e+00
6.5125553952e-01
-7.0323598270e-02
3.8707265874e-02
7.5635514284e-02
5.3991860699e-03
3.1189691511e-02
-7.4330412819e-01
-1.5453251691e+00
1.7764639399e+00
-5.2319263588e-02
1.4426607984e+00
1.6495099952e-01
-8.9398414836e-01
7.4458843452e-02
6.3776846662e-01
-1.1745747780e-01
-6.1570984145e-01
-4.1848736074e-01
2.5907050178e+00
