-1.9513824498e-01 -6.8438295721e-02 9.2197417091e-02 1.9907990518e-01 -1.8023126302e-02 -4.6760058564e-02 1.9727856305e-01 6.9808101609e-02 -1.0008954532e-01 5.0725787495e-02 5.9743496358e-02 1.7539891831e-01 1.2879770207e-02 -1.2040015936e-01 -8.9026057301e-02 -1.1119292031e-02 -1.2830195788e-03 5.2868033470e-02 3.0968199566e-02 -1.0290131487e-02 -2.6769992331e-02 1.6704925179e-02 -1.1413304600e-02 1.5629178360e-01 -1.0376296433e-01 -1.2709412284e-01 1.6448898102e-01 -1.1311080159e-01 -2.6088496594e-02 -1.2233359523e-01 1.5702974248e-01 -1.2632863424e-01 -6.5633097052e-02 4.9663229172e-02 4.8720082336e-02 1.2084162851e-02 -7.3245775047e-02 -5.3477214570e-02 7.5367470100e-02 1.7192351260e-01 2.3510027961e-01 7.1522473334e-02 -1.1346698406e-01 6.0464879979e-02 -1.5039050115e-01
1.3828339161e-01 -2.8072878290e-03 8.8403814241e-02 7.9612495956e-02 4.4227291510e-02 -1.2916106146e-01 3.2355872202e-02 7.1396684684e-02 9.2094145100e-02 2.2170785680e-01 -1.3373032948e-01 1.3480597377e-01 1.0560920016e-01 9.3998922636e-02 -1.4018856673e-01 1.5440397054e-01 -1.0690033060e-01 -5.5269253802e-02 6.3785232291e-02 4.6649923619e-02 4.1991651226e-02 6.9075887903e-02 8.2852452689e-02 2.9494785563e-01 7.5844798194e-02 -3.1898402876e-02 -4.6711025824e-02 4.6678150748e-02 1.9343242864e-01 -9.9828876021e-02 2.4803084238e-01 6.9268235922e-02 2.4626776162e-01 1.3475006563e-01 5.5414058492e-02 -7.6181976033e-03 -8.8572888448e-02 -1.9795212699e-01 -4.9751173366e-02 -3.5444676278e-01 3.5081294766e-02 -3.1319006940e-02 -1.6294748755e-01 3.0259686604e-02 -2.0308948791e-01
-1.8702645005e-01 -2.0766294581e-02 1.7919527408e-01 -5.2701626428e-02 2.3319404865e-02 -1.6675209750e-01 9.3302684721e-02 -1.6050753742e-03 -1.5283372540e-01 1.6421883696e-01 -2.4340364381e-02 1.0898866958e-01 3.7267128039e-02 2.4871335081e-01 -6.4911909508e-02 -3.4280699269e-01 1.4324146170e-01 3.0500223913e-02 -6.6051919535e-02 1.5028500573e-01 8.3362455390e-02 3.3312447755e-01 -5.9977604155e-02 2.8862644974e-01 2.7074775748e-01 -1.8740332126e-01 -2.3053193621e-01 2.3074701056e-01 -1.4655835359e-01 3.3598331630e-02 2.9299792203e-01 -1.3778135703e-01 2.4313262380e-01 1.1052051965e-01 3.9653092650e-02 1.0261409897e-01 2.6806500968e-01 -1.1044403234e-01 3.1856640227e-01 1.6343995475e-01 1.6383283925e-01 -3.2954683220e-01 5.5674776973e-02 -2.6042030032e-01 -2.1029787279e-01
6.6135522199e-02 9.4698621361e-02 1.5647388035e-02 8.9960389279e-02 -7.0850607103e-02 -1.4222146656e-01 -2.0557545564e-01 4.2223755897e-01 -3.0221965670e-01 -4.5720344702e-02 -1.9662190283e-01 -2.2676974424e-01 2.8277592894e-01 1.9105892917e-01 -1.2038983435e-01 7.0560239596e-02 -1.2846618597e-02 -1.5783282210e-01 1.0279633494e-01 1.2819341191e-01 -2.3198360617e-01 -1.7662787222e-01 1.5314117369e-01 -4.8449882445e-02 2.0507875715e-03 4.8401519258e-02 -1.0800641774e-01 2.2620327926e-01 8.7186220173e-02 -1.7359759368e-01 -1.4705496430e-01 5.8436292268e-02 5.9932356574e-02 -1.4645215252e-01 -1.9135878706e-01 -7.7169296780e-04 -2.7501994415e-02 -2.2420270684e-02 -2.9778000301e-01 9.9842186333e-02 4.7605598243e-02 -2.8589703661e-01 -1.3928523653e-02 -1.3030395007e-02 -7.8793163743e-02
-3.3581730968e-01 -1.1049697532e-02 -2.7758751002e-01 -3.7969403506e-02 -1.8046116312e-01 4.2121893962e-01 -2.2786426208e-02 1.9134471103e-01 -1.1052725699e-01 -1.9569899507e-01 -1.3996884712e-01 -2.2912040231e-02 3.1088869401e-01 -1.9550110818e-01 1.5634883458e-01 1.4688555615e-01 -1.4436329025e-01 -1.8960695213e-01 5.4210019325e-02 9.7501142206e-02 -4.2999448464e-02 -1.1079392071e-01 -1.3383173748e-01 -3.5657913053e-01 -7.7380212985e-02 1.3821607100e-01 1.6431896763e-01 -1.3060075039e-01 8.4480077090e-02 -2.3410853603e-02 -1.6122439261e-01 4.5569976435e-02 1.9559585623e-01 -7.7002980545e-02 -7.7154093852e-02 -4.4915303871e-02 1.8715626305e-01 1.0290034934e-01 -1.0698164022e-01 -1.9153140233e-01 9.8179386270e-02 2.5993953137e-01 2.5574662408e-01 1.3587006837e-01 1.3610780752e-01
-1.4009573772e-01 2.2071881256e-01 -3.6587382421e-02 1.3950513275e-01 4.5216877000e-02 -5.6555682909e-02 3.1392545838e-02 -1.0733465774e-01 -6.5011447846e-02 -2.0850062839e-01 -1.5768128914e-01 1.5909596642e-01 -2.3359211056e-01 1.8379074813e-01 -8.8975745448e-02 7.9975714266e-02 -4.6135838121e-02 -3.5259025855e-01 8.1601402427e-02 1.1009977494e-02 -9.5905686253e-02 8.5727308291e-02 2.2957825204e-01 2.0586254803e-02 1.2397196559e-01 -1.3862122412e-03 -1.3902064394e-01 4.1456945217e-01 3.8235912080e-03 -5.1261589556e-02 -1.8317162839e-01 -1.4212867664e-01 -5.6896492984e-02 -2.4168090235e-01 -1.4094778283e-01 -9.2406932451e-03 2.1996782073e-01 1.7774599108e-02 1.6072267761e-01 2.7249396546e-01 2.6813920588e-01 3.7709081248e-02 1.2864014836e-01 -1.6440793222e-01 2.0773866899e-01
9.2946854504e-02 1.1831176799e-01 3.6642371396e-01 -4.0111501729e-02 -4.0579094946e-02 -2.4097457714e-01 -1.0512426095e-01 -1.9704584273e-01 1.9856676687e-01 5.5931210310e-02 1.6833394273e-01 -1.4694325465e-02 -1.6519737562e-01 -1.2249757599e-02 -4.8554008597e-02 -2.2016163621e-01 7.0204177853e-02 -1.4226333678e-01 -1.2901564306e-01 -3.1084239136e-01 2.4255312838e-02 1.7243437607e-02 1.0498986945e-01 1.1380867456e-01 1.4520166082e-01 2.2321312299e-01 -2.7171181750e-01 -1.6409610656e-01 -2.3215402444e-01 3.5199311734e-02 -2.5455707890e-02 -2.1234910846e-01 -1.2410918098e-01 -1.0846573249e-02 5.3460161897e-03 -6.0869605006e-02 2.8833862598e-01 6.4048467855e-03 2.3658244424e-01 3.9540706841e-02 -5.9459413543e-02 7.7334876589e-02 -3.0280003716e-01 -2.0237056002e-02 7.3275698035e-02
-1.9977635426e-02 7.5744167109e-02 -1.7740858247e-02 -3.7214471511e-02 6.1886356502e-02 3.1566636480e-01 1.3316682883e-01 -8.8107435022e-02 -1.3489919242e-01 1.5481691758e-01 8.7489684232e-02 6.4248040024e-02 -1.8482659931e-02 1.4950613865e-01 1.1060702510e-01 -9.7228482415e-02 1.3933170282e-01 3.1847260756e-02 8.4357248141e-03 1.4346781354e-01 2.8035265983e-01 1.5119111384e-01 -1.6741789455e-01 1.6172856242e-01 2.3193197440e-01 -3.0766335153e-02 7.3952413063e-02 -3.5950949499e-02 1.5895780047e-01 3.0333327189e-02 1.0393009295e-01 -2.4585819350e-02 1.2660870942e-01 1.8252166498e-01 -1.0970907752e-02 1.6100778219e-01 9.5901497461e-02 -1.9748061785e-01 1.3999406127e-01 -9.6655492564e-02 6.9498970559e-02 -8.2773025810e-02 -2.3320554096e-02 -5.1497235131e-03 1.8638729965e-01
1.2122033863e-01 1.4061721033e-01 -5.2321635609e-02 3.7607305751e-01 9.2108894287e-02 4.6653815739e-02 -4.7455058624e-03 9.3440712931e-02 3.2693120047e-01 2.2505503803e-02 -7.9278841427e-02 1.2519275873e-01 2.0172219819e-02 -1.6743057718e-01 -2.2574246422e-01 -2.3929661188e-01 -1.4949128174e-01 -8.6277513478e-02 1.0250917869e-02 7.5026212684e-02 -1.3820566559e-01 1.4230913481e-01 8.2381016879e-03 -1.7074813014e-02 -1.3349120292e-01 -1.5780022128e-01 1.0313545512e-01 1.9287305174e-01 6.2353221538e-02 -4.4723636896e-02 -1.4838118652e-01 -1.4721445186e-01 2.2209516592e-02 6.1151457627e-02 -2.5226216373e-01 -1.9878053908e-01 -1.2135381813e-01 1.1081859713e-01 -2.0284124976e-01 9.9620727394e-02 1.8532828638e-02 -9.5171559357e-02 2.1676316062e-01 1.6088602654e-01 -1.2793672330e-01
1.9868627868e-01 4.2919137981e-02 3.6342326872e-02 8.6373563649e-02 -5.6362160444e-02 5.3332718225e-02 8.9499207048e-02 -5.6807578773e-02 3.4888536763e-02 3.9080470889e-01 -8.5267093514e-02 2.8745347335e-01 1.1662659020e-01 1.2811131708e-02 1.9608201889e-01 -1.1178405915e-01 1.0217744213e-01 1.7104519111e-01 -1.4341001485e-01 -4.4870540008e-02 4.1934815393e-03 7.3683955661e-02 -1.8787909088e-01 1.5662662002e-01 -6.0974984176e-02 1.9321361634e-01 -1.2088956330e-01 -5.7592237525e-02 1.2775472309e-01 3.2569680964e-01 9.3383872163e-02 7.6086814142e-04 3.3594810427e-02 -1.4770493024e-01 1.1517573671e-01 5.9127931238e-02 -1.8336199413e-02 1.4859859464e-01 1.9281067171e-01 1.3277793166e-01 1.6349668816e-02 -9.3228955875e-02 -6.2814169462e-02 5.4598758071e-02 1.1937056963e-01
5.9745268433e-02 -9.1142378676e-02 1.2241586134e-02 1.9375564849e-01 1.4585935299e-01 4.3010350613e-02 -2.0700707121e-02 -2.5695097103e-02 7.9406593164e-02 2.4609201617e-01 -5.1989977084e-03 3.7116969749e-01 5.3525494726e-02 -5.9093144053e-02 -9.6013360563e-03 -6.7787757115e-02 3.5418749039e-02 -1.5672337891e-01 -2.4050892214e-01 9.0107284376e-02 -1.9948581534e-01 -1.1093913343e-01 1.6123705027e-01 -2.2206110569e-02 1.8894888973e-01 -7.2345923589e-02 -7.0999942479e-02 2.2583242169e-01 8.1791539061e-02 4.1605874864e-01 8.8835897144e-02 -9.2685916174e-02 2.5210441830e-01 -2.0635725538e-01 -1.1312764431e-01 -4.4063054060e-02 2.6993857952e-01 -2.7727286453e-02 -9.4830787940e-02 -2.9334279841e-01 1.6280602489e-01 -4.0182238430e-01 -2.1073054247e-01 2.8929821250e-01 3.4122781389e-01
-1.0495995531e-01 -7.8381379521e-02 6.2763782791e-02 2.9107330605e-01 9.5992335984e-02 2.8438011976e-01 -1.4241906219e-01 2.9860815402e-01 -2.8474346622e-01 -1.9112364160e-01 7.7351003923e-02 -1.6410399469e-01 -1.2231899374e-01 -4.3907473143e-01 9.8383164420e-03 -2.1019034086e-01 -2.1798896268e-01 -2.6543412748e-01 -3.5475492646e-01 1.9578628385e-01 -1.7012470401e-01 -6.9930103262e-02 2.8351013159e-02 -4.8438255398e-02 -3.7292193081e-03 -1.6548695022e-01 1.4595341005e-01 -1.4997017368e-01 -2.7156265919e-02 -7.6447268474e-02 -7.0368867377e-02 -1.2748363284e-01 -1.8183656837e-01 7.6402479120e-02 -3.6361761117e-01 -4.3666575887e-03 2.7418342815e-02 -1.8093873089e-01 5.8145139120e-02 -1.2319883989e-01 2.6730602200e-01 -1.9051565931e-01 -7.4117268885e-03 1.3801355579e-01 3.1236175224e-01
1.1146195955e-01 9.4930315384e-02 1.4703427828e-01 -1.7679885499e-01 5.7771613860e-02 -1.7929719909e-01 6.3210390498e-02 -3.6770814759e-02 -3.6101302934e-01 1.2664848742e-01 1.7470694173e-01 2.3308007825e-01 8.0542508032e-02 2.2544216565e-01 5.0711462125e-02 -1.5023020236e-01 1.4492067345e-01 6.4367468152e-02 7.2003943669e-02 -2.3527949649e-03 -4.3083981359e-02 2.2517215943e-01 1.7569642126e-02 2.2392379510e-01 -8.4509905453e-02 -1.6258027665e-01 3.7339330045e-02 9.8334943151e-02 -1.7474776969e-01 -1.5124332717e-03 1.5861656922e-01 -1.7379762376e-01 8.5684943975e-02 -2.9571090803e-01 2.0710366229e-01 6.3185981320e-02 4.6807454916e-01 -1.7242130427e-01 -2.3031489719e-02 -2.2334143217e-01 2.7981076907e-03 -3.4254330947e-01 -2.1989084577e-01 -1.4721691861e-01 -8.2608974823e-02
2.6627503830e-01 2.2505458608e-01 1.1947822755e-03 5.7639137446e-02 -6.7885504046e-02 8.7465590573e-02 -8.3777079463e-02 1.1681698917e-01 2.2310507618e-01 -9.1342266384e-02 -8.3393633468e-02 4.3431683778e-02 1.9976628591e-01 9.1583792056e-02 -1.1959035569e-01 -5.5323122657e-02 2.4448623021e-01 4.4752063758e-01 -1.3626770947e-03 1.2958425698e-01 1.6266951846e-01 8.6654914541e-02 -2.0814496433e-01 3.0456039727e-01 -6.2457655665e-02 -6.3404435073e-02 2.8322982586e-02 7.3232014818e-02 -3.0483588190e-01 2.0787381306e-01 -6.0920773280e-02 -8.6449475618e-02 -2.3131803792e-03 -1.1940473123e-02 -1.2138839132e-01 5.7774023979e-02 2.1215181063e-02 -1.8341370308e-01 1.2378987346e-01 -2.5781083996e-02 5.4173244286e-02 1.3216353620e-01 -3.4239232698e-02 -8.4657995494e-02 -5.9298800172e-02
9.1206875290e-02 -8.1002337808e-02 6.7639322603e-02 -1.8423568074e-01 -6.4943009786e-02 -6.3953403452e-02 -3.6325483373e-01 -2.0537388628e-01 6.6823941939e-02 1.8704587581e-02 1.5092234616e-01 2.7087878294e-01 2.4708520560e-01 6.3593475556e-02 -4.4587225195e-01 -1.3835036514e-03 3.9140255434e-04 5.6782040784e-03 -1.4135854001e-02 2.3510809011e-02 4.8931193752e-02 -1.2299419499e-01 9.7832557421e-02 -4.0902849390e-01 -7.2323245372e-02 1.3728413169e-01 5.1299860419e-03 6.5625241079e-02 5.5934128087e-02 8.5270352979e-02 -1.4130107668e-01 -2.6619600583e-02 6.6095938970e-01 4.1392324195e-02 -1.1066291543e-02 1.6042598276e-02 -1.1877394627e-01 4.7082832127e-02 -4.3131344309e-02 4.7627967187e-02 -1.3841880331e-01 -3.9698432207e-01 -1.6103719920e-03 -1.2229331589e-01 2.7521661651e-01
2.3135730084e-01 -6.8667641821e-02 5.3856593660e-03 1.9947882068e-03 -1.7713840550e-01 -1.5958211709e-01 1.2351715270e-01 -1.5735003290e-01 -1.3205536701e-01 -2.7789030188e-01 8.3885564352e-02 1.2238817923e-01 -8.3836733492e-02 -2.2616848036e-01 1.2375044487e-01 -8.6722829882e-03 -2.4674731674e-02 -1.8125896997e-02 -7.2176379176e-02 -7.0572236301e-02 -2.9266408848e-02 -2.4815306075e-01 6.9102293702e-02 -3.5011053293e-01 -1.1692223252e-01 1.8566025506e-01 1.5920060935e-01 1.3109733699e-01 5.7513728812e-02 -2.1479693720e-01 -1.0958235591e-01 -5.1203336214e-02 1.6472190184e-01 -3.6820040989e-02 1.5171491765e-02 1.4452625308e-02 -9.8643151381e-02 -3.4203178273e-01 -2.9780673291e-02 -1.4740786836e-01 -6.5573605173e-03 1.2814435134e-01 -4.8863856578e-02 -1.9396215756e-02 8.5502633124e-02
-1.6992516862e-01 5.8630464156e-01 9.9305458850e-04 -1.4632409175e-01 5.6951223362e-02 6.0741758032e-02 -1.8435401795e-01 -9.9386385576e-02 1.3788499748e-01 2.5684921281e-01 -7.0888390928e-03 -7.2724784094e-03 -4.1980935133e-01 1.5029012662e-01 3.2828025028e-01 -1.1993463977e-01 -1.3612266783e-01 -2.6387192902e-01 -2.5707984563e-01 -1.0265946623e-01 9.4900887142e-02 8.2477785570e-02 -1.3035400125e-01 3.8142707476e-01 1.8090613226e-01 7.7793816898e-02 -3.0072417516e-01 1.5251823836e-01 -1.0737548256e-01 2.2597305947e-01 7.2821831446e-02 1.2507566894e-01 -8.5053843674e-02 -9.6053229690e-02 1.3926007502e-02 4.7926545605e-02 2.0882406148e-01 1.1974407652e-01 4.4642053625e-01 -1.1572642859e-01 1.1694318562e-01 4.6970856615e-03 7.1669188481e-02 -2.7587828939e-01 8.4366379718e-02
-1.2761601975e-01 1.1087083552e-01 -1.8616475104e-01 -1.0319515212e-01 -2.2723730288e-01 -1.6866976562e-01 -2.8784303607e-01 -1.7339801743e-01 -3.5141260584e-02 2.4107589205e-01 1.4379274594e-01 1.1314115359e-01 -1.1727983476e-01 7.3156751528e-02 2.0380997521e-01 8.1974975702e-02 5.4454050293e-02 3.0437839123e-01 -3.4860125732e-01 -4.3938219409e-01 1.2048408599e-01 6.6984236410e-02 -1.0572895250e-01 -2.1123673303e-02 8.0300838368e-02 2.6925829745e-02 -2.0193850742e-01 -9.0749837134e-02 4.4222546253e-02 1.5244269196e-01 -1.1540748035e-01 2.2101701212e-01 -3.8269408134e-02 1.7803612129e-01 4.4920571964e-02 1.2770777563e-01 -1.0632721129e-02 1.7021539836e-01 -7.5031271748e-02 -1.1825329028e-01 3.7450713779e-02 2.2268562709e-01 2.5256700261e-01 -1.9775192602e-01 2.3792113771e-01
9.3997535154e-02 2.4405002933e-01 -3.9576701884e-01 6.1957554163e-02 -1.7397027651e-01 3.1178715005e-01 -2.5394992757e-01 1.2860119374e-01 -2.6329974803e-01 -1.5879312640e-01 1.8214242856e-01 -3.6040399892e-01 2.7148222083e-01 2.9993279613e-01 -4.5658760759e-02 -6.6359735653e-02 -1.1413532970e-01 1.2696568451e-02 3.4952613843e-02 1.1081651323e-01 1.6080037214e-01 -8.9215237275e-02 -4.0254713086e-02 8.8507198881e-02 7.3126260622e-02 2.7478019469e-01 -2.2519308735e-02 5.8901608303e-02 7.5258964427e-02 -2.8057882932e-01 -5.6916457673e-02 7.6743383050e-02 1.9006451847e-01 -4.3353573469e-02 3.1840184732e-01 -3.2702280766e-01 -1.2467063427e-01 1.4168247592e-01 -9.1568246613e-02 1.4049062293e-01 -3.8853785684e-01 -4.3059245699e-02 3.0804265946e-01 3.9137157355e-01 -1.1587888640e-02
-1.4355515107e-01 2.0879429897e-01 -3.6703427642e-02 -3.9279348987e-02 -1.8061756611e-01 -1.3587045626e-01 -2.9106297199e-01 4.0944219879e-02 -2.0038899245e-01 1.0878975704e-01 -1.7196032898e-01 1.1603954272e-01 1.4428178964e-01 6.8319741117e-02 1.5078436876e-01 -1.8950204343e-01 2.2452205840e-01 -9.7515483947e-02 4.0785844095e-02 -8.3846501285e-03 3.9679328552e-02 3.3942771112e-01 -2.1150818060e-01 -1.3119344686e-01 6.7800278372e-02 1.4810017762e-01 -5.0684726247e-02 1.8216214186e-01 8.7207612349e-02 -3.1296311139e-02 1.0391345822e-01 2.5930722616e-02 -5.3888350527e-02 1.6256735038e-01 8.5387783406e-02 -2.6713414913e-02 2.2293944096e-01 -1.9517671613e-01 2.1672350505e-03 -2.7896442278e-01 2.9296810366e-01 -3.2437929715e-03 -1.4804805838e-01 -1.5264446986e-01 2.5859850683e-01
-2.7671574127e-02 -3.1259145719e-01 -4.6879696671e-02 -4.2294389474e-02 3.3259493705e-01 -1.4084414335e-02 -1.3891847484e-02 -1.1422736464e-01 -2.0851667248e-01 4.4497858835e-01 -1.0042365731e-01 1.9865128952e-02 -3.8054392318e-01 5.9428584431e-02 3.4754007812e-01 -3.6801377215e-01 3.2249523057e-01 -1.0437260253e-01 1.0221370552e-02 -1.9776893401e-01 1.5717745909e-01 3.4560422996e-01 -2.6577584371e-01 3.8853829049e-01 -2.6239849162e-02 -5.9259771190e-02 1.9597152996e-02 -3.9816391391e-02 -4.4708460897e-01 1.5188637698e-02 -3.7051563869e-02 8.9528842724e-02 8.3973847023e-02 1.1073187586e-01 9.3004639354e-02 2.6749375527e-01 4.1307343334e-01 -2.0433616782e-01 -2.8318805891e-02 -2.6397151291e-01 1.9627348666e-01 1.4899106701e-01 -1.0210974521e-01 -3.3266452305e-01 -6.3356696014e-03
-5.8149391359e-02 -2.5179652949e-01 -2.0866959526e-01 2.1417121241e-02 6.8446581606e-02 -5.3769698344e-02 3.5329569712e-02 9.9623263131e-04 1.9720743868e-01 -2.2778895711e-02 -1.7103197621e-02 2.7394907861e-02 6.9552834102e-02 -1.4808292896e-01 -3.0047477438e-01 2.8641086364e-01 3.3259181844e-01 1.8366846472e-01 -6.4523333019e-02 -1.0412243304e-01 -8.0387682425e-02 -1.5330469404e-01 5.8818026793e-02 -2.4155160524e-01 -1.9862373676e-01 -4.9029230073e-02 -1.2002784986e-01 -3.7347028689e-02 2.6873314777e-01 -9.6833605060e-02 -1.7832133649e-01 7.4692654964e-02 3.2391813583e-01 8.8601792346e-02 8.7345570705e-02 -1.6933656487e-01 2.9692154558e-02 -2.0068592394e-02 8.9255587606e-03 -1.7694724342e-01 9.0010700737e-02 1.2366584447e-01 3.4493621740e-02 4.5130901103e-02 1.0343177807e-01
2.4652202255e-01 -2.3362159755e-01 -1.2644515986e-01 -3.3159606235e-01 1.3283052334e-01 -3.6275565676e-01 2.4715939365e-01 -2.9459216545e-01 1.0300890932e-01 -5.5429217838e-02 4.3219772303e-02 3.0144425783e-02 -1.5441961578e-01 -1.7532039562e-02 1.4576438715e-01 8.2483919437e-02 -4.6676397172e-01 -1.2343904959e-01 -2.8475171067e-01 -5.1729127832e-01 -6.3750465317e-02 -1.3762840216e-01 1.6105499950e-01 -9.3984395905e-02 -6.1323018941e-02 -3.0861265583e-01 -1.2754692746e-02 -1.0169984288e-01 7.7207937244e-02 3.0925759235e-01 -1.0934283690e-01 2.1220952526e-01 -2.6623077647e-01 9.1941081036e-02 8.9019279053e-02 -4.9669465573e-02 6.5317592725e-02 1.6015518546e-01 -7.9690710892e-02 2.1545200567e-01 2.4484881547e-01 3.4570567299e-01 1.5091934933e-01 -1.5191284097e-01 2.2958137682e-01
-9.8107706794e-02 2.8699579536e-01 -6.4363747489e-02 3.5043270177e-02 -1.7939118514e-01 7.0836858512e-02 -2.7597246759e-01 -6.4102826367e-02 -3.7116733258e-01 1.3294994916e-01 -2.9093995841e-01 -3.5511664940e-01 -9.7132717429e-02 -8.6728534122e-02 1.3773937542e-01 -2.4409774539e-01 1.4730756441e-01 3.5757614248e-03 -1.9580090792e-01 -1.3757027617e-01 1.3379907527e-01 3.0817903562e-01 -1.1077568944e-01 3.2078508528e-01 2.5687019278e-01 2.2481419413e-01 -4.5808085810e-03 6.6629787145e-02 2.1332871630e-01 3.9063259690e-02 -4.3648513235e-02 -3.8511661098e-02 -3.7936051936e-02 4.6338871136e-01 -1.7602141603e-01 1.6137744570e-01 2.2296918919e-01 3.6114466804e-02 3.8573292346e-01 -2.5689450686e-01 2.4169179783e-01 -7.8344802328e-02 1.9140695573e-02 -6.6427235819e-02 3.3805458250e-01
1.8137954100e-01 1.0898551698e-01 -8.6475858887e-02 -5.0289762763e-02 -5.3329564403e-02 1.7940316559e-01 -9.7203179894e-02 -5.1355357701e-02 -5.7488902705e-02 5.1094900263e-02 -1.7477223594e-01 -1.8204988230e-03 6.6442178211e-02 1.4996952553e-01 -9.1383917207e-02 -4.6253654521e-02 2.3550147751e-02 2.7431564574e-01 -6.9432775627e-02 -2.5707101196e-01 2.9772400316e-02 -1.6244563632e-01 -2.1435121913e-02 5.3620096803e-02 6.8099751253e-02 2.3519220531e-03 1.1670076046e-01 -2.6112436142e-01 -1.7041456385e-01 2.2768153288e-01 7.1181628806e-02 -1.5326155892e-01 8.9814576378e-02 9.5464561598e-02 1.6937328588e-01 2.5839910442e-01 1.4321396672e-01 1.7164334465e-02 6.1134187158e-03 1.4230225828e-01 -8.9992766915e-02 1.8777208583e-02 -6.8517249099e-02 9.8214450355e-02 -6.1809717271e-02
2.1111301932e-01 -8.8208531652e-02 1.3113609831e-01 -1.2330118416e-01 4.0367546674e-02 1.3281788843e-01 -1.6520665823e-01 1.8925781494e-02 3.4511870854e-01 -1.1016513435e-02 6.7777532658e-02 2.7888339824e-01 -1.2704623253e-02 -8.7497746661e-02 1.3161185767e-01 -2.9183204677e-01 8.3178403774e-02 1.5294936189e-01 -4.9940887398e-02 8.5552657884e-02 -6.1071723814e-02 -7.5850918254e-02 -6.2608316245e-02 1.0277043262e-01 1.7362831098e-01 -3.0500634875e-01 -1.2813799035e-01 8.1883192933e-02 2.2525411148e-01 -1.6547029330e-02 7.2515050046e-02 1.9364223963e-01 -7.2928073881e-02 -1.5134186942e-01 -8.4596674269e-02 -9.7834478349e-02 -2.2722512911e-01 7.0581970651e-02 3.8473792038e-02 4.8271216609e-01 4.3139972318e-02 1.8545574141e-01 2.2965861950e-01 -9.1764638349e-02 -1.8972743613e-01
2.3183694878e-01 4.1722476341e-02 -1.4760844378e-02 6.1111708083e-02 -9.7647679829e-03 -4.3363939091e-02 -5.3381353309e-02 4.3337054551e-02 -2.1852943165e-01 1.4521216347e-01 -1.1420571743e-01 -2.5346376107e-02 -2.6917761204e-01 1.2358146117e-01 1.9863599762e-01 -8.5297210688e-02 1.4745585687e-01 -8.2966820124e-02 4.3700806636e-02 -1.1026252103e-01 1.4684121756e-01 1.2089786150e-01 -3.3587041553e-02 -1.5344815465e-01 1.1396267152e-01 1.8089408613e-01 -2.6424242436e-01 1.7016944939e-01 -1.0983485655e-01 9.0353967866e-02 -5.4841150431e-02 -4.4962016722e-02 -2.4326542763e-01 -3.8333446401e-02 1.0322429794e-01 -1.5546347265e-01 -2.7268362880e-02 -1.6120132314e-01 6.3075839277e-02 -6.8176174506e-02 1.3259273667e-01 -9.5932266956e-02 5.9802816533e-02 -2.4283391025e-01 -2.1648389610e-01
2.5463056848e-01 1.1329990282e-01 4.6697812475e-02 -1.4802129839e-01 5.6664356152e-02 1.2489458812e-01 1.4294006304e-02 -3.7266437498e-02 -2.8650951344e-01 -6.6024935849e-02 1.1636918432e-02 1.0967414511e-01 -1.9803261189e-01 -1.3491829271e-01 -1.3890418778e-01 2.3771990015e-01 -4.3425060552e-02 -2.1839621098e-01 1.7743853014e-01 -3.4138676898e-02 -6.8276097557e-02 5.9889113922e-02 5.0926048843e-02 4.6297617485e-02 2.6678400567e-02 -1.3838168791e-01 9.4475323739e-03 -5.3249503548e-02 1.3229452320e-01 2.4457860623e-02 -2.8551878641e-02 3.4405822978e-01 1.2135853650e-01 3.6900982746e-02 -1.2768233408e-01 9.2924338417e-02 1.5273599591e-01 -3.4755457969e-02 -9.8814189683e-02 2.2157824344e-03 2.0468581931e-01 -1.5125405921e-01 -1.2123358196e-01 -2.0315779994e-01 2.7798743967e-01
