6.7553518055e-02 -1.5939938598e-01 -5.1515172190e-03 -1.1636273209e-01 -6.2301913303e-02 1.5550253433e-01 1.5454088498e-01 2.0887537102e-01 8.4845566289e-02 -1.1524653889e-01 -3.0209799116e-02 -1.5313925512e-01 -7.7601951451e-02 -1.1516365931e-01 3.9998279725e-02 -1.1636800019e-01 -6.6604584996e-02 2.4213075094e-02 1.6411970741e-02 -2.1104101063e-01 -5.7083651407e-04 9.4291828032e-02 6.5162991048e-02 6.7319784900e-02 1.1294816142e-01 1.8947937791e-01 3.6380641016e-02 -2.8159001876e-02 5.7208683870e-02 1.4944296047e-01 9.5737589855e-02 -8.5851533289e-02 2.8927702107e-02 1.0462719578e-01 -8.1855537413e-02 -5.4293108513e-02 7.8019312695e-02 1.1363724717e-01 4.5236895872e-02 1.3745163780e-04 6.2661061414e-02
1.3858124193e-01 4.2109703355e-02 -2.0323931186e-02 -2.3271437617e-01 -1.3432449897e-01 5.0884218593e-02 -1.3513965791e-01 1.1392578560e-01 2.5709814303e-02 -2.2553464063e-02 1.2355619921e-02 1.7232982890e-02 2.5104217138e-01 -6.7056001964e-03 -7.0215016839e-03 -4.4885303704e-02 -8.8494797550e-02 5.4743908588e-02 1.8139047992e-01 -4.4111585311e-02 -2.5865443562e-02 -2.7905806668e-02 1.4796578488e-03 9.2597242892e-02 -1.1878451287e-02 1.1325562227e-01 -1.4915483680e-02 4.5014368687e-02 6.5323327180e-03 1.8207130704e-01 1.7628797149e-01 -9.1121374934e-02 -1.6914400895e-01 5.7936714540e-02 -1.8574639391e-01 -1.3083938502e-01 -1.1840845217e-01 1.9344334643e-01 7.8099858366e-02 -2.7894110898e-02 1.7152345303e-01
-4.6030709635e-02 4.2992595378e-03 -2.0046052776e-03 2.5334738250e-01 1.8173530804e-02 6.1464192401e-02 -1.2257297857e-01 -1.7677566982e-01 -1.2442795102e-01 5.9493059275e-02 -1.1079078705e-01 -2.4512676869e-02 1.2588975735e-01 5.7725498128e-02 -2.4231361864e-02 6.0609080291e-02 1.5725730400e-01 -7.4848923270e-02 7.7242584185e-02 -6.7773760393e-02 -8.8042532215e-02 -1.5305350968e-01 2.8865453934e-02 -9.0332327452e-02 1.7517637530e-02 -1.1634687115e-01 2.1200131756e-02 2.6564037738e-01 4.4893678053e-02 7.2110653990e-02 2.7248831018e-03 -1.4758497560e-01 4.8742435995e-02 -2.3654852042e-01 1.2252519351e-02 9.8738058111e-02 4.0874918755e-02 1.2103969122e-02 2.1524371900e-01 2.9672563672e-01 -1.5374159309e-01
1.1959939161e-02 1.4665333305e-01 1.7153343592e-01 6.1898308397e-02 -6.6927691992e-02 3.8770313998e-03 1.4599721438e-02 3.0841536146e-02 1.5085606812e-01 -2.3258329411e-02 1.3171122133e-01 7.5627111767e-02 -4.2746086960e-02 -8.0045686440e-02 8.3023933446e-02 3.8478788399e-02 -8.2249193307e-02 3.7954938429e-02 2.2646659279e-02 1.0510660857e-01 1.1845977588e-01 7.1396898121e-02 -1.8085998318e-01 7.5531073744e-02 -9.8926405252e-02 2.2027208827e-02 2.1301166192e-01 -3.5953306448e-02 1.4521798516e-02 -5.1185393935e-02 3.3124891886e-02 1.0431314183e-01 1.6787569243e-01 1.5210794873e-01 4.8956199269e-02 1.0222500419e-01 -1.6037433097e-02 3.3215737196e-02 1.1781063798e-01 1.0740544823e-01 1.0094253002e-02
6.7865854346e-02 8.5693255518e-02 -8.2697163183e-02 5.3485621172e-02 -1.8489828908e-01 6.6802666092e-02 1.2815025314e-01 -1.0162377256e-01 -8.9203622029e-02 3.1352212218e-02 4.8972308528e-02 1.8453958864e-03 -3.0540730852e-02 -1.7793867515e-02 2.1547597604e-01 4.9886042147e-02 -1.5033401441e-01 1.4588069422e-01 1.4713410639e-02 -9.5118626373e-02 1.5527111321e-02 -2.0323435650e-02 8.6649580382e-02 2.4341570621e-01 1.4757164911e-01 -7.6402984029e-02 2.5043801507e-01 -1.1427108790e-01 8.8561660454e-02 -1.4839662403e-02 5.7870680526e-02 2.2991689301e-02 -1.1663304275e-01 7.5889379260e-02 6.4518691352e-02 4.1117910044e-02 -4.5843446119e-02 1.8947139664e-01 1.9336507140e-02 -4.6821239157e-02 3.4578747148e-01
3.1710611867e-02 9.4190384085e-03 1.3072446950e-01 1.0544671060e-01 -2.0465404173e-02 -4.2632497769e-03 3.9274751237e-02 1.8844325099e-02 -6.9720750776e-02 -5.1691439877e-02 -2.0806498630e-02 1.7199139823e-01 -6.6046260101e-02 -3.1988227929e-03 2.3304933603e-02 1.8882373426e-01 2.6862833529e-01 4.1781934068e-02 -8.3889279671e-02 1.6844847826e-01 1.3163497363e-01 5.5980335996e-02 -2.4810730593e-01 -1.2334843060e-01 -2.5042328834e-02 -4.1828740672e-02 -1.6900980671e-01 -1.0118461751e-01 1.3738447298e-02 -1.1800626513e-01 -4.7323922577e-03 2.6143011164e-03 4.2083796951e-02 -2.3231046158e-01 -2.4817733634e-02 7.3561045176e-02 9.4822291611e-02 1.1926220168e-01 2.1345397196e-01 5.1318892312e-02 6.1198292086e-02
-5.7001784091e-02 -3.0908560771e-03 1.3462897752e-01 2.6350571815e-01 -1.2065257066e-01 -3.2615275722e-02 1.4694211632e-01 1.0833206962e-01 1.8478802458e-01 -4.2630194583e-02 1.0503617627e-01 1.1917102798e-01 -3.2386984320e-02 4.4347121682e-02 -7.4230206054e-02 9.8911884008e-02 3.5821077253e-02 8.0594125776e-02 -6.5074665070e-02 2.5122394779e-02 2.6213029719e-01 1.4190576010e-01 1.6322919356e-01 -2.8575569474e-02 -1.1246130450e-01 -1.1617284068e-02 1.4415811917e-01 5.0691511764e-02 -8.7901051181e-03 5.5442622123e-02 -1.7731271550e-01 1.2407356017e-02 -9.4094664035e-02 -4.6009354477e-02 -2.2727985967e-01 2.0370518114e-01 -2.2779210753e-03 1.6576584077e-01 2.3612380569e-01 7.1576440979e-02 7.6149695772e-04
1.0425635612e-01 -3.2591594596e-03 2.9383465520e-01 1.0362827802e-01 -2.5797964527e-02 7.2211857632e-02 -7.8766331448e-02 -6.3421524300e-02 -1.9654924122e-02 1.6970038507e-01 5.7705765055e-02 -1.2483441133e-02 -6.1770394799e-02 1.2408034880e-01 -8.3026968319e-02 7.3707518715e-02 1.7092013441e-01 1.6155995530e-02 2.2154237874e-02 -1.6428266902e-02 4.3158449036e-02 -5.3471123583e-02 3.5424240731e-02 -1.2185720197e-01 1.1909627414e-01 -4.2455497563e-02 -4.3838379466e-02 1.2644777202e-01 1.4715918238e-01 3.4812516077e-02 -1.9296269889e-02 -4.0452941889e-02 6.7930199643e-02 1.3739884829e-03 5.6313347046e-02 4.2240611236e-03 -1.7591176035e-01 -7.8475691435e-02 -6.8136097258e-02 1.2332349208e-02 -4.5003847684e-02
-9.4338078075e-03 -5.2450431870e-03 2.0620759632e-01 1.8934538463e-01 7.6534195174e-02 6.0901781367e-02 4.6601908706e-03 1.4790890141e-02 1.6578386152e-01 3.6774129189e-02 1.2236832679e-01 -1.0439234810e-02 7.3306980435e-02 3.9364579523e-02 -8.2212435232e-02 1.0960420069e-01 1.3027758358e-01 5.0275724925e-02 6.3396213178e-02 1.0511016730e-01 1.6959019555e-01 1.1871923543e-01 1.0336582533e-01 -2.4762162866e-02 -1.2292666161e-02 8.8900055048e-02 1.9218036935e-01 -9.2865681931e-02 3.2840566464e-02 -4.5758750075e-02 2.5161494892e-02 6.5064412359e-02 1.3885067048e-02 2.0106296930e-01 -8.9640191024e-02 1.4403325291e-01 2.6304631036e-02 3.6872326717e-02 1.3758101066e-01 1.1663883822e-01 3.2280215140e-02
8.3950447376e-02 1.0144750152e-01 -9.7328345736e-02 9.0185102077e-02 1.1060111173e-01 -1.5383134922e-01 6.6361368140e-02 -5.9244197424e-02 -1.0543464627e-01 -1.2247802726e-01 -1.2421292877e-02 2.0001522036e-01 -1.1914155014e-01 2.3593864657e-01 -2.7185589431e-02 7.6954637332e-02 7.5182753326e-02 2.3685446098e-02 3.6514977195e-02 -8.6849019525e-02 -7.9432143094e-02 1.3060326287e-01 1.8397241294e-01 2.8020223569e-01 -1.0694501690e-01 -5.8047476278e-02 8.6707273872e-02 1.7958882244e-02 -2.1478008255e-02 -5.4436404559e-02 -7.4635674217e-02 -6.9317564921e-02 1.5685086510e-01 -1.5275154371e-01 -1.2394344374e-02 7.0031855070e-02 -3.7815481421e-02 6.3624013317e-02 8.6431580857e-02 1.5643692329e-01 2.4719900954e-02
-1.0024610652e-01 6.3434287656e-02 2.3551742836e-02 2.1136481934e-02 6.1668936428e-02 -1.0647014152e-01 1.0494180112e-01 1.3100909610e-01 1.8112538542e-01 -8.3605937981e-02 -2.3367069316e-02 4.8093500892e-02 -6.8970867849e-02 2.0890497041e-01 2.1892024310e-01 9.9924424878e-02 6.7646646106e-02 -2.2357542039e-01 -1.7558150933e-01 -5.1491725853e-02 6.7918037919e-03 3.5486083807e-02 1.9593469524e-01 -3.9131616256e-02 -1.7099547256e-01 -8.8462893545e-02 1.0467502783e-01 7.9281602658e-02 -8.7240637993e-02 -3.5243014199e-02 -1.4547984449e-01 -7.4284474757e-02 4.5143198180e-02 2.1389093019e-01 -2.1984734276e-01 5.8719032920e-02 9.4111766480e-02 8.8364099895e-03 1.2966500857e-01 -1.2467042021e-02 4.2041725240e-02
5.5871219095e-02 -4.2571550201e-03 5.9756786229e-02 1.3876546902e-01 3.7832852578e-02 4.7637853054e-02 3.5050190232e-02 5.0642576871e-02 9.4686749028e-02 -7.1651059455e-02 6.5791523603e-02 7.5349859479e-02 3.7339452059e-02 1.3982745480e-01 -1.2605662173e-01 -1.1852767232e-01 1.7892385494e-02 4.8678252647e-02 -1.0323752698e-01 2.0957110191e-01 7.6844270955e-02 2.0589963469e-02 3.0271892377e-02 -4.2177663704e-02 1.2682918112e-01 -1.5513926429e-01 9.6636911647e-02 -1.9049997943e-02 2.2850487621e-02 7.6678477985e-02 3.5515799905e-02 -2.2018305226e-01 8.9814973684e-02 1.3306841862e-01 1.4990995153e-01 1.7154850200e-01 -5.4698744362e-02 -4.0203731713e-02 1.6098709518e-01 1.5464533688e-01 6.2884001069e-02
1.4687902956e-01 -7.9080407593e-02 -7.0823491223e-03 5.8394851241e-02 -1.0744974217e-01 9.4004263832e-02 6.8696845076e-03 -8.6047502475e-03 2.2263159015e-01 9.6978215996e-02 1.8501430652e-01 4.1342932360e-02 5.4731523328e-02 -1.0151362334e-01 -2.1188864886e-02 5.8793629760e-02 -1.7903974856e-01 2.1512940433e-01 2.3679319070e-01 -4.9323042492e-02 2.1235732324e-01 -5.0458831863e-02 -1.6551356240e-01 -6.9898114733e-02 1.3813811457e-01 1.0716832982e-01 2.1432884367e-02 4.4829594114e-02 1.3092137541e-01 -4.3244679149e-02 8.5700296273e-02 1.1382504564e-01 -2.2069065368e-03 2.1421851117e-01 -2.3084385961e-02 -4.3749929154e-02 5.7060937592e-02 2.2035061785e-01 9.7082231769e-02 1.6261805143e-01 1.9520116032e-01
-5.5891678936e-02 2.5707042877e-02 1.5726415876e-01 -3.2943044458e-02 -2.7342511689e-01 1.6644012860e-02 -6.5415800666e-03 8.2796691662e-02 2.7068928894e-01 -8.5487638697e-02 2.2925361729e-01 9.9187822357e-02 -1.5334688431e-01 1.7137451386e-01 1.4203359752e-01 -1.0365920372e-02 -1.4563486778e-02 4.3533921561e-02 -3.4260145771e-02 7.4807609927e-02 2.6913811440e-01 1.7472402615e-02 -3.6878295900e-02 -1.5945682808e-01 1.3335093884e-01 -8.5412237205e-02 -3.4361983779e-02 -7.6488160153e-02 8.2110219989e-02 -1.9426742428e-02 -1.6191319693e-01 4.5319272877e-02 4.0967657192e-02 3.0405918160e-02 8.4584060473e-02 1.0764151975e-01 1.1450882616e-01 -1.2507690676e-01 1.6901220608e-01 1.6450281697e-01 2.5234505891e-02
1.5921941779e-01 -4.5664005893e-02 1.0315126127e-01 -5.6179482290e-02 -3.8342272219e-02 8.3421296164e-02 5.4700015242e-02 -8.5935546295e-02 2.1176526103e-02 -3.4420259023e-02 2.8891590628e-02 6.0323100180e-02 3.7962668064e-02 5.6101592934e-02 -7.2034696567e-02 -7.2089088257e-02 -1.0514298628e-01 6.6294494103e-02 -4.7162212060e-03 2.1468964371e-01 1.7620323861e-01 1.0699780205e-01 3.5640715414e-02 -2.5189499781e-01 1.9929125493e-03 -6.2925746262e-02 -5.3264236141e-02 2.3623928685e-01 1.7800335408e-01 1.1990619748e-02 1.7987497747e-01 -1.4426421123e-02 -1.8469698244e-01 7.7530292457e-02 6.2838792038e-02 8.6143219907e-02 -5.8653643564e-02 2.6575919089e-02 7.4511403913e-02 3.8494785312e-02 -7.5769438090e-02
2.7773944331e-02 1.3668803180e-01 7.3607095340e-02 5.9683043440e-02 -1.2954886577e-01 6.1039291003e-02 -2.3718891749e-01 -1.4288904256e-01 5.9254933554e-02 2.1558359693e-02 -5.0597825583e-02 6.3354013537e-02 9.5260243895e-02 1.8732785118e-02 -1.2628698047e-01 5.8722353785e-02 6.5973567248e-03 3.7107616345e-02 3.7171021328e-02 9.0334920995e-02 8.6912558604e-02 -1.4489921000e-03 -4.0652977097e-03 2.1881361947e-01 2.5114725801e-01 -1.3921913413e-01 5.1680133948e-02 -3.5838046047e-02 2.2692386732e-02 -9.0453141079e-03 5.2729472967e-02 -9.3834736410e-02 3.2616997070e-02 7.3807996965e-02 7.4164983706e-02 6.4007320816e-02 2.0372545242e-01 1.7814798194e-02 1.6760079872e-01 5.5751966428e-02 -5.9509252709e-02
6.2229470613e-02 -2.4650353035e-02 1.0420214647e-01 2.1612300714e-03 -1.1926846297e-03 1.2508241694e-01 6.1042250839e-02 4.2092085895e-02 2.0551578371e-01 2.1172242542e-02 5.8045768031e-02 1.7299937438e-03 1.3601151807e-02 -4.9188320021e-02 8.6906604008e-02 8.3659472625e-02 9.3206724178e-02 -4.4121351859e-02 6.4234617087e-02 4.3403038733e-02 1.7154565212e-01 -5.8361068949e-02 5.4101334122e-02 4.2455511046e-02 1.4646849591e-01 2.1933212600e-01 1.2371627684e-01 4.8201227725e-03 5.8762920674e-02 -5.6161315483e-02 1.5339966532e-01 1.1187669169e-01 -8.1321728102e-02 1.0522416345e-01 7.2850842933e-02 -5.1933332425e-02 1.2324274038e-02 1.5300286289e-01 1.8707930672e-01 6.8603391496e-03 -4.5944567329e-02
5.9721014449e-02 1.6704045354e-01 -1.7058886643e-01 1.3063238467e-02 5.3980831676e-02 -1.0990913975e-01 -7.0094425971e-02 -4.1658168605e-02 -1.2321863753e-04 1.6267046252e-02 -4.5818208941e-02 1.8516044734e-01 -1.0407656270e-02 -5.2851145713e-02 -7.2087335208e-02 -1.2430932158e-01 1.7384937164e-01 -1.8582411260e-01 -3.5655076679e-02 1.3792469804e-01 8.3997040870e-02 -1.9712089624e-02 8.2674445249e-02 -3.0704183900e-02 3.5796876360e-02 1.7877417973e-01 2.3833777211e-02 2.9716163314e-01 7.8541619590e-02 -3.6531876587e-02 -9.2748094364e-02 1.0247608382e-01 1.6153246563e-01 2.2202049196e-01 -1.0527500378e-01 1.1142854310e-02 -2.7312802868e-02 -1.4940287933e-02 7.5716659744e-02 5.6063635940e-02 1.2340091382e-02
8.7902845141e-02 4.9559826022e-02 -7.8374669476e-02 1.5176497237e-02 -4.1812668091e-02 6.7431903997e-02 1.1110127477e-01 -6.5104614543e-02 -2.7538417683e-02 1.6023543811e-02 6.2217298556e-02 7.6720828818e-02 -2.3678138991e-01 2.3026525082e-01 4.5575431182e-02 -7.7899809242e-02 -1.6477807922e-02 1.1193390243e-01 -1.1894858396e-01 1.6677566493e-01 2.0221230702e-02 9.3693734027e-02 1.5869313049e-01 5.6392545631e-02 -1.4270179760e-01 1.6719754059e-01 -2.5743674016e-02 -2.1816507632e-01 6.7564398422e-02 -3.0864860419e-02 8.7478811115e-02 2.2841788002e-03 -1.1775857009e-01 -1.6247557141e-01 -1.2509265362e-02 1.4165063432e-01 2.6161448464e-02 -3.6185702040e-02 -1.0342724862e-01 -1.3697683968e-01 1.5712301484e-01
7.9732778298e-02 8.5149579986e-02 -1.2537064678e-01 1.0108279763e-01 -4.4701336376e-02 -8.9230943703e-02 7.3671978816e-02 1.2563214599e-01 7.8459174948e-02 4.2011823468e-02 5.9448657402e-02 7.1292857553e-02 -9.5424550410e-02 -6.4539193782e-02 4.2786297414e-02 -6.6140672483e-02 -3.4979166397e-02 -6.2886699475e-04 -2.1650365537e-02 1.1736849488e-01 2.2915715253e-01 1.1047333355e-01 5.6137055181e-02 1.4619417689e-01 1.0584594501e-01 2.2158797083e-02 -4.7655199489e-02 -4.5198408124e-02 5.8155082585e-02 -1.1527081479e-01 -3.0565981160e-02 3.8610299902e-02 7.3560478593e-02 7.8803928195e-02 -7.8103445771e-02 4.6399508961e-02 1.6323429054e-01 1.7643589572e-02 -2.5685987921e-02 -1.0553031180e-02 1.5291979597e-01
1.7542835188e-01 9.5271163895e-02 -7.4527786862e-02 -9.6149456218e-02 -5.5591655394e-02 2.2853742404e-01 8.5069626075e-02 1.6811237984e-01 6.6872933468e-02 -4.8735487507e-02 1.5622097402e-01 6.2992057336e-02 1.3098177030e-01 1.2877153004e-01 1.0090134137e-02 3.4632658266e-02 -9.6459474051e-02 9.0741677456e-02 8.0572489840e-03 -1.2631208234e-01 -1.3007306441e-01 1.2971184649e-01 1.0193808193e-01 4.1989070329e-02 1.2096909427e-01 1.0338362110e-01 2.2273997729e-01 -6.7552829307e-03 7.1240421950e-02 7.3742011659e-03 1.4158929247e-01 1.2755421797e-01 9.9361755587e-02 1.2092802519e-01 9.6816706700e-02 7.3394162577e-03 -2.0177649104e-02 -2.5683173724e-02 -1.7178671149e-01 -5.9012919003e-02 1.5336244580e-01
-7.0323920205e-02 -1.2563450402e-01 4.0509499081e-01 3.1123952675e-01 -2.0793057924e-02 -3.4724521908e-02 1.7794698460e-02 5.4854306245e-02 1.6592378376e-01 -1.4171669059e-01 -1.4113176560e-01 -6.9552849516e-02 -5.3054607649e-02 3.3819891449e-02 1.1096731903e-01 1.7752155213e-01 1.3421393938e-01 -1.0869007400e-01 -1.0641177995e-01 4.6025280192e-02 1.4905063504e-01 -9.4447870027e-02 -6.3730469303e-03 8.3267841408e-03 -1.1520799189e-01 -5.1664649073e-02 -2.8263442562e-01 -1.2574625701e-01 -2.8920836251e-01 4.0175995902e-03 -8.9328970956e-02 1.5790658133e-01 1.1359468937e-01 -2.0452415102e-01 -1.2122571195e-01 1.4305396567e-01 1.2575167842e-01 -5.2104766142e-02 2.3495140858e-01 5.6525030016e-03 -2.8730589317e-02
-1.7112205861e-01 -5.2120627029e-02 2.4343483342e-02 1.4744222984e-02 -8.2267202860e-02 1.2153268922e-01 7.6924599326e-02 -2.0066994854e-02 9.9737142647e-02 -8.5915632766e-02 1.1542309507e-01 7.5974500634e-02 -7.3863844988e-03 4.0733584752e-02 6.2385498803e-02 -5.7223466038e-02 1.4948809094e-01 -3.7728748885e-02 3.8903030834e-03 9.8849648835e-02 2.2634727423e-01 1.2317650224e-01 -7.6271450038e-02 4.7404039645e-02 4.9135395817e-02 -1.1881095185e-01 -3.8958188110e-02 1.8145581545e-02 3.1870841679e-02 -8.9930880513e-02 2.9942219062e-02 2.2475809664e-02 2.6969926919e-02 7.2282769749e-02 2.7763496443e-01 -7.3447044399e-03 1.3795365477e-02 -3.1972874196e-02 1.2124761826e-01 -1.5550053462e-01 5.8766898471e-02
-3.1495671065e-02 1.8626325732e-01 -2.2682435813e-02 1.4275668388e-01 -1.1434261316e-01 -7.8042740772e-02 1.3119764720e-01 3.4410922920e-02 -9.6213692694e-02 -6.6338615805e-02 -7.9699315008e-02 2.2048176076e-01 5.3609979781e-02 1.7585332000e-01 6.3560910030e-02 -9.7822837830e-02 2.0091465850e-01 -3.8050644834e-02 5.2091304696e-03 1.5265987413e-01 -5.0530901726e-02 -2.9839803228e-02 2.9388716606e-02 -7.4197644830e-02 3.6731904855e-02 9.3838380908e-03 2.6119365595e-02 -1.4934921322e-03 1.0065409063e-01 -1.5029801176e-01 -1.5240706542e-01 4.6988002446e-02 6.6350190783e-02 9.0883583338e-02 4.1090431132e-02 -8.1580955239e-03 5.3315877773e-02 -1.2801416636e-01 -1.5243301513e-01 -1.3268364722e-01 2.8415702601e-02
-1.4760426102e-01 -1.9467545497e-02 -3.5306615598e-02 1.7673268436e-02 8.9149616819e-02 9.1744137485e-02 -2.8623880580e-02 1.3455993434e-01 -3.5407043859e-02 1.8937641629e-02 -6.3055083831e-02 9.1565265691e-02 2.9462779536e-02 7.2342222940e-03 6.8352683819e-02 2.7422780942e-01 3.4547565632e-03 -2.0160994846e-01 5.7014334414e-02 1.9147142993e-01 -1.4153660648e-01 1.2673694980e-01 -1.0336924660e-01 -1.0269786742e-02 -5.0202326220e-02 7.5310633810e-02 -9.1724173709e-03 8.6672211895e-02 -6.9221959171e-02 1.4267421558e-01 5.6122292223e-02 2.0754088919e-01 5.8690123665e-02 -2.7064153269e-01 1.8232966970e-01 -6.9735470544e-02 1.1551467153e-01 6.7307934464e-02 -1.8772650041e-01 -1.3272215386e-01 -1.3774414434e-01
9.2480200136e-02 -1.7732861027e-01 3.7144405567e-01 9.6242776164e-03 -3.8820616138e-02 -6.3917538047e-02 1.3393344106e-01 5.2017778131e-02 1.4751555322e-01 1.0074786093e-01 1.1350323408e-01 3.2610720805e-02 1.8821872508e-01 -7.2711701635e-02 -8.3607884068e-02 4.9989628863e-02 -5.3677775370e-05 2.1789766264e-02 7.5656687429e-02 -5.3128499457e-02 -1.7204732626e-02 -5.8193453820e-02 -3.4482733781e-02 3.9339973750e-02 3.3585220287e-02 -2.7834438446e-02 4.4165399368e-02 -5.5118108346e-02 -1.0638592846e-01 1.1665000525e-01 1.8477730746e-01 -2.2553268967e-01 -4.0050160885e-02 2.1760667251e-01 1.2958784331e-03 1.6158861197e-01 -1.1062842383e-01 1.4588849601e-01 1.9586498314e-01 1.0217612689e-01 -2.5487706709e-03
