-1.2848786946e-01 1.6114747975e-01 2.5270634794e-02 3.2774349020e-02 -1.0500166332e-01 1.9862925741e-03 -7.6360722696e-02 1.9804779625e-01 -6.1157643485e-03 4.8055373545e-02 -1.5150412024e-02 -9.3102222934e-02 -2.4500497040e-01 5.1124485559e-02 -1.3869440204e-01 -3.0167550661e-02 7.3823163539e-02 -1.0825781431e-01 9.9027736996e-03 -1.6948459152e-01 -1.0179277615e-01 -7.8398192062e-02 -2.4091485488e-01 7.4844894724e-02 -3.8755373945e-02 1.3928543108e-01 -8.0943429897e-02 1.3865403014e-02 -1.9682412365e-01 2.0550611816e-01 -6.4899234581e-02 -1.1598096763e-01 -7.2629635529e-02 -2.1166788328e-01 -1.7862544090e-01 -1.2184099973e-01 1.2503961910e-01 1.2614098158e-02 1.9036116900e-01 5.8035049965e-02 4.7173759662e-02 1.0982660169e-02 2.6036505901e-02 1.5408727540e-01 -8.5883523793e-02 -1.9606774851e-01 -1.1050908284e-01 6.7190484639e-02 9.9972712902e-02 -5.4380566848e-02 -1.3428346039e-03 3.5974123851e-01 1.0902551513e-01 -1.8698559945e-01 -8.4619973419e-02 -6.5051781236e-02 -2.8576243762e-02 2.1819442855e-01 -2.0427311688e-01 8.8318436899e-02 1.2141450753e-01 1.8595208714e-01 9.2944768624e-02 1.2645205227e-01 1.7842982621e-01 -2.0930513531e-02 -3.3327037243e-02 8.8256420403e-02 -1.6138513909e-01 -6.7930880441e-03 8.0284167684e-02 -3.8855787266e-02 -4.1964886413e-02 -2.8396510409e-01 -5.5938058434e-02
1.9945110115e-02 2.8106544496e-02 2.8520442211e-02 9.5745924301e-03 1.1599773426e-01 -8.3031135241e-03 1.0177437618e-01 6.6393734524e-02 1.7737274385e-02 -2.0006331578e-01 8.5198504164e-02 1.7874483620e-03 2.2527784486e-01 8.0638248723e-02 7.9945578953e-02 2.5723093340e-01 -8.2532663670e-03 -8.2160446538e-02 -7.7079153955e-02 -3.1319435745e-02 -6.1994938614e-02 4.5468172264e-02 5.7789761580e-02 1.4967974930e-01 -3.4877095736e-02 7.1437149981e-02 2.8002173448e-02 -8.0743587892e-02 1.5254374106e-02 -2.2916099372e-03 5.4394072723e-02 -1.4090284193e-02 4.3752190053e-02 2.0866284466e-01 -2.6919322163e-02 -3.7252443708e-02 2.3957583432e-02 -5.3377168668e-02 -1.0732759140e-01 2.6830653940e-02 4.7517566483e-02 -5.0156202726e-02 -6.0883837474e-02 1.1151781070e-01 -3.4879027743e-02 -1.8959188787e-02 2.1585848694e-01 -5.3219489590e-03 -3.8578399962e-02 -2.3157806188e-01 8.7618566116e-03 -1.3514510549e-02 -1.1205049302e-01 -1.1529055394e-01 -1.7699723716e-01 2.3606692279e-02 -7.3048790527e-02 6.9629048918e-02 2.0807848622e-01 1.7113427725e-01 6.9932362460e-02 1.3917957730e-01 1.2692467207e-01 -1.8237183337e-02 1.8209747084e-02 -4.3192657201e-02 -7.3637454759e-02 -1.3936987048e-01 7.5915337369e-02 -2.1798906376e-02 -6.9528682223e-03 -3.0948840898e-01 2.1835549775e-01 -2.2366156196e-01 4.4625299698e-02
-4.0860275517e-02 3.0424317015e-01 1.7645711065e-03 -4.4928683091e-02 2.4613238510e-03 -1.3496610431e-01 4.8550888160e-02 3.0698642284e-01 -2.8779273192e-02 8.6504665275e-02 7.5411369365e-02 2.0466322660e-03 7.1669721119e-02 -1.3736883701e-02 1.1241788107e-01 1.2544152454e-01 5.4118150021e-02 -7.0829957008e-02 9.9102841873e-02 -3.7869853165e-03 2.6444888273e-01 -8.4072779360e-02 -1.6885590378e-01 -1.7104567639e-01 1.1861057996e-01 7.2400679892e-04 1.7260655497e-01 -1.7119307243e-01 -2.0123236780e-01 -5.3824027452e-02 -9.6754829643e-02 1.2904576282e-01 -4.8205922900e-02 -1.7671978610e-01 -6.5181184419e-02 9.5718418445e-02 -8.2313491441e-03 -1.6372804114e-02 -2.7323694023e-03 1.5131783804e-02 -6.1533583353e-02 -1.1458302159e-01 -7.2409578353e-03 1.7680528768e-01 -5.2980139076e-02 2.3777154694e-02 -4.4861165772e-02 -1.2934271520e-01 1.4267235701e-01 -1.1585791176e-01 -1.8393747194e-02 6.0752279050e-02 -1.0844470666e-01 2.4735830181e-02 -1.2942775914e-01 -1.1062990981e-02 -6.7353024927e-02 1.0430313551e-01 -1.7908736120e-02 -1.0490995687e-04 -1.2554040785e-01 8.0226192126e-02 4.9900286387e-02 -4.4892479216e-02 -5.0151197905e-02 2.4079927572e-01 2.7332156346e-02 -9.6060835127e-03 6.9946369606e-02 5.9344464421e-02 3.1123467326e-01 -8.6559410552e-02 6.2287100350e-02 -2.6889729461e-01 -8.4804742400e-02
-4.6974133678e-02 -3.3153504373e-02 1.3859126574e-01 -1.0362871960e-01 -7.8189908180e-02 5.1937058462e-02 8.6375232821e-03 -8.3476788417e-02 -8.2670563829e-02 -7.7905057435e-02 3.4502590211e-02 -2.9227918703e-02 -5.3543255185e-03 1.8386640776e-02 7.9802868048e-03 -1.3184480175e-01 1.1459541267e-01 5.1744039775e-02 9.8764788036e-03 7.1773305805e-02 1.4255319753e-01 3.3983291613e-01 1.3497155306e-01 6.9989875259e-02 7.6453486131e-02 -6.3697495759e-02 7.2952757972e-04 1.7624732542e-01 -4.7138800078e-02 3.3938030144e-02 -2.4409964338e-03 -7.9070849206e-02 -1.2992005136e-01 -7.5990714405e-03 -5.7378318101e-02 -1.3535178486e-01 -4.6203108121e-02 -1.8888863890e-02 9.6571983510e-02 -7.6365401284e-02 1.2487835459e-01 8.4225490250e-02 1.5374455833e-01 2.1138016034e-01 -1.6764717790e-02 -6.7538069526e-03 3.1565675725e-02 5.9879195599e-02 -1.1492832165e-01 2.1110591945e-01 -1.7689966202e-01 9.0148610918e-02 4.3607456623e-02 4.1362916903e-02 1.5640772894e-01 1.6448959481e-01 8.6101727211e-02 -2.8070936141e-02 -1.0077315001e-01 -2.8926898396e-01 5.4279094730e-03 -8.7599967008e-02 -1.9159171759e-01 1.4548443155e-01 -1.3877165578e-01 -1.2304193320e-01 -1.6446924582e-01 5.3700876184e-02 2.7557062738e-01 -3.9498645886e-02 -3.4987003792e-02 5.3842342065e-02 1.3440099234e-02 1.6243642492e-01 7.5396907014e-02
-1.5696152652e-01 -7.8329836335e-02 2.8597152549e-02 1.5406473702e-02 9.2585523625e-03 4.8612620279e-02 -1.0807457569e-01 -5.6440458230e-02 2.0925387341e-03 -1.0832281720e-01 4.1191617414e-02 1.1971024858e-01 -1.3875680115e-01 -7.1149289122e-02 -2.3295356282e-02 -1.2967232251e-01 2.6577786515e-01 -1.3270893503e-01 9.9612585674e-03 2.2652932277e-02 -4.9113380883e-02 1.0441229982e-01 -1.3139584910e-02 2.1350583956e-01 -3.6629346036e-02 -1.0622735089e-01 -1.0018486972e-01 1.2969723025e-01 -4.0785016990e-02 4.4679855522e-02 1.8280706024e-01 -1.1153032423e-01 -3.8229837076e-02 -1.9804792805e-02 -2.3773813276e-02 -6.5069051209e-02 1.8031833993e-01 -7.6932081021e-02 -2.9722153247e-02 2.2538679475e-02 -5.6663022693e-02 -7.6105920775e-02 9.8938370186e-06 4.6402128835e-02 -1.8927002040e-01 -1.3560440815e-02 -5.4942272617e-03 6.9280254187e-02 1.4723092061e-01 2.7289811041e-01 -5.3581969925e-02 4.6482590371e-02 6.8257768612e-03 1.8636861445e-01 1.8789676915e-01 -1.8681883571e-02 -6.4514837457e-03 -4.5681864076e-02 -1.2491697882e-01 -1.9683771520e-01 1.8266871900e-02 1.5133487676e-01 -8.5290110492e-02 -7.5681094166e-02 4.4458101219e-02 -1.4710327489e-01 -1.3341850420e-01 5.9361747246e-02 8.9680923218e-02 -5.6812091527e-02 -1.3004359497e-01 1.6493481316e-01 3.6741689583e-02 8.8498874716e-02 1.6279171806e-01
5.0471734933e-02 -9.3257624118e-02 -2.3781897583e-02 -3.9883250552e-02 3.2423079521e-02 -1.3832860126e-02 1.9191784155e-01 7.3787423272e-02 5.6621672002e-03 -1.2865594523e-01 5.0955843559e-02 3.8859786281e-02 -1.1385652673e-01 -6.9364139443e-02 -8.4745645006e-02 -6.7362947691e-02 1.1565017801e-01 9.3569804914e-02 -1.7014487056e-01 -1.1321630409e-01 6.5273209558e-02 5.6355055336e-02 -7.8880071350e-02 -7.2116414392e-02 8.4666795665e-02 -1.0341803726e-01 4.0808066141e-02 -1.7247834669e-01 -9.2825273546e-02 -5.5939536435e-02 6.2419193841e-02 4.8889550281e-02 -1.1299824078e-01 2.6037808981e-02 5.7605529343e-02 -6.2618754473e-03 -1.5755942329e-01 -8.2666761393e-02 2.6884301673e-02 1.8265766900e-01 -2.4275019933e-02 8.1704551732e-02 -1.1153886034e-01 1.1618413364e-01 -6.7966326357e-02 1.9727669653e-01 -7.5747121257e-02 -1.6354215956e-01 -1.1808034654e-01 -7.7901992130e-02 1.3555057926e-01 -2.2255566146e-02 -7.7042854924e-02 -3.2844860175e-02 -4.0236767441e-02 -2.4358061618e-02 7.7206671074e-02 -4.8430910803e-02 -1.4805425159e-01 -5.3989158014e-02 8.0092911236e-02 -1.7300554081e-01 -9.6939778155e-02 -2.7077035831e-03 -6.2353752161e-02 7.2498587012e-02 -3.9036069724e-02 4.2143149806e-02 1.2301187495e-01 -1.0274397928e-01 -1.0700359463e-01 1.3952218579e-01 1.3140100663e-01 -2.3954808359e-02 -9.0153572816e-02
-1.4341014052e-01 8.4509116106e-02 2.2567737537e-02 7.4579082899e-03 2.6760669607e-02 -6.4883584750e-02 2.0744145120e-02 8.3269976332e-02 1.2832323502e-01 -3.6940527060e-02 -6.9564790080e-03 -6.1860118485e-02 7.5490313595e-02 8.3579904884e-02 1.0927569376e-01 -4.0144292951e-02 1.4016076578e-01 4.1390244934e-02 -2.7518119240e-02 -2.1684257948e-01 2.5010458931e-03 9.1242609058e-02 -1.1797992338e-02 2.5136064827e-02 -6.1125130608e-02 1.7161677080e-01 -2.0071159675e-01 -2.4708032828e-02 -2.3723140995e-02 1.5367810843e-01 3.9490608247e-02 -9.1647420244e-02 -1.0730020075e-01 1.6433132302e-01 -4.0076429860e-02 -5.1044326155e-02 -4.1158852528e-02 -7.7555323763e-02 6.2703434361e-02 -2.0528119080e-02 -1.9891742292e-02 3.8602002561e-02 -4.3840292874e-03 -1.3468764054e-01 -1.3875100069e-02 -1.1905541897e-01 -1.2592588745e-04 -1.6376893498e-01 -1.2936004191e-01 2.5291933531e-02 -8.5075974200e-02 -1.6160923838e-02 1.0052798352e-01 6.8006087201e-02 1.2765856279e-02 6.7167797349e-02 -8.8858026187e-02 4.2464550899e-03 -4.2239014980e-02 6.8893900796e-02 1.7939529864e-02 -8.3327688109e-02 -1.8982911688e-01 -4.9831421815e-02 -1.8376710409e-02 -4.1601097643e-02 3.8754068866e-02 -5.5129699143e-02 1.3098251224e-01 -1.8182015821e-01 -1.1314057148e-01 5.7570792598e-03 -5.7739407858e-02 9.0277674082e-02 -8.5928961920e-02
-4.8513857828e-02 -5.7273626907e-03 -9.2912315136e-02 -1.7036605074e-02 7.7025210941e-02 7.9213896015e-02 1.0375074379e-03 1.3771721828e-01 -9.9803195823e-02 1.5649514263e-01 -1.6532475525e-01 2.7988352142e-02 -1.0656381734e-01 -1.3586727582e-01 -1.8604433128e-01 -1.3427435638e-01 1.0230177225e-01 1.4207717411e-02 1.1512419765e-03 -1.7319242121e-02 -6.5348240178e-02 -6.4011650264e-03 9.2250093224e-02 6.6296102292e-02 6.1806669865e-02 -2.0633757726e-02 3.8213608247e-02 2.9505551052e-01 -5.2418046529e-02 -3.1942817040e-02 6.7147780021e-02 -2.4500022879e-03 9.0419309941e-02 2.0819223226e-01 -5.3415926456e-02 1.1084721608e-01 1.4925173916e-01 8.5013786993e-02 -2.4839274527e-01 -1.0664412975e-01 -1.1573864223e-03 4.8982340469e-02 -1.0998318980e-01 -2.6603245686e-01 -7.1266035218e-02 -1.1794161193e-01 -1.3065375349e-01 6.4856987640e-02 7.9316076790e-02 4.2145114636e-02 6.8459355863e-02 -2.1525415699e-01 4.5944530168e-02 -1.8898542656e-02 7.4618661882e-02 4.2760237742e-02 -1.5431795927e-01 -7.0210988960e-02 7.4302539643e-02 1.2285512791e-01 1.3591232047e-01 -2.5238406820e-02 9.7469107685e-02 -5.8704119769e-02 1.3743867214e-01 -1.7935974585e-02 6.9950029682e-02 3.3824170699e-02 -6.6795394573e-02 -5.7389919783e-02 6.7112135460e-02 -1.3395141868e-01 -2.1784813049e-01 1.2553563939e-01 -8.2886368470e-02
-1.6052741170e-01 -1.0770843908e-01 7.4022969383e-02 -2.7620341960e-02 -2.7321288804e-01 -4.0365590927e-02 1.4953611067e-02 8.6549785380e-02 4.3422785066e-02 -1.0073522815e-01 -3.0400409704e-01 -5.6204407149e-03 -1.7464647204e-03 -6.1843177976e-02 -8.0834957129e-03 -5.5455514033e-02 -1.9452373966e-03 1.9057120926e-02 1.5527500889e-01 -1.1854699898e-01 -9.8764710428e-02 -1.7597697650e-01 -6.1103957399e-02 1.3714387861e-01 1.5658835893e-02 5.2342874182e-02 -2.3411404829e-01 -1.9768180216e-01 9.9230476647e-02 2.2455724542e-02 1.4369846247e-02 1.6997270730e-01 4.0415546515e-02 9.2842727718e-02 3.2554348186e-02 -1.6203992113e-01 1.5804731864e-01 -5.7558799228e-02 1.3329818612e-02 7.5394171312e-02 6.7575608115e-02 -1.4055977000e-01 -1.8310546121e-02 -1.2244006677e-01 4.9439872721e-02 9.2487931418e-02 -1.1517179733e-01 -1.3007544536e-01 -1.5379058640e-02 -1.9729557427e-02 1.9402243539e-02 -3.0809739145e-02 -3.8802716358e-03 2.7897714066e-01 -1.0479745545e-01 -1.2763661771e-01 -1.8809715218e-01 -3.4217258412e-02 -8.2536278652e-02 1.0781625830e-01 5.8671710103e-02 2.9594268168e-01 8.5350323724e-02 1.7011569494e-03 5.0527408375e-02 1.0564957825e-01 -3.6308134380e-02 7.6727262447e-02 2.5060476128e-01 -9.1342475407e-02 -3.0310281276e-02 3.0595324532e-02 -7.7057002155e-03 1.2646637668e-01 3.0363113494e-01
-1.3724366869e-02 -8.3026931919e-02 2.5863152534e-02 5.4058993612e-02 3.0243265493e-01 7.7284065362e-02 -1.0366060574e-01 4.0596772390e-02 8.2817685033e-02 -9.1140379521e-02 2.7415425912e-01 1.1432515259e-01 2.1740793540e-02 8.7617858863e-03 4.0617549154e-02 -1.1360849284e-01 -4.5776201372e-03 1.5513046747e-02 6.0915856581e-02 2.7920836957e-01 2.1877228544e-01 1.8500509258e-01 4.7302852632e-02 4.5095550364e-02 5.8076608498e-02 -1.5582070165e-03 2.0896979415e-01 1.3072751333e-01 1.2272255217e-04 -4.7635545782e-04 5.4613427352e-02 -1.0335956000e-01 -1.0066958296e-01 8.5925056048e-02 -5.7229750383e-02 -2.5853928749e-02 -1.2139684231e-01 -2.5529720290e-02 7.7469154263e-03 7.4291923327e-02 -1.8995812452e-02 -4.8222454655e-02 3.0656761344e-02 1.3662521721e-01 -6.1671369370e-03 -2.4850795608e-01 1.3851489785e-01 8.6870467935e-02 1.0302677838e-02 -4.1665583336e-02 -1.1622818520e-01 2.6590937845e-02 -5.2577653092e-02 1.9965143326e-03 1.5549012965e-01 -2.7676929303e-03 6.9958594416e-02 8.7076330406e-03 1.1306741574e-01 -1.4608675813e-01 6.5275303638e-02 -2.9653264211e-01 2.2951957735e-02 -5.3178064123e-03 -7.2750759462e-02 1.2430282059e-02 -1.4458536612e-01 -3.2861186089e-02 -2.5934292932e-03 1.0287844607e-01 4.5888636003e-02 3.0103476580e-01 1.6719943336e-01 4.8755754248e-02 -2.8136536241e-01
-6.8325816509e-02 -6.2214795962e-02 3.9583550132e-02 -1.4312588441e-02 -1.4683073957e-01 1.3309936804e-02 -8.1280399315e-02 6.0278163984e-02 -1.5504220716e-01 1.8081010461e-02 -4.3452032749e-02 -7.7059263035e-02 -1.0441507650e-01 8.2789396241e-02 3.5144091104e-02 2.8710846436e-03 -1.3183965967e-01 9.3416913703e-02 -7.2630593981e-02 7.7801449126e-02 -4.1068672111e-03 -8.5990405386e-02 1.8752670187e-02 -1.8591691835e-02 -1.0083079433e-01 3.3148075051e-03 -1.0773052402e-01 -3.5112554896e-02 -2.3051460671e-01 -1.7071997138e-01 -6.9775956837e-02 -1.3604379577e-01 -7.5843928476e-02 -1.6616140995e-01 -3.8398857408e-03 1.1469984522e-01 1.2773833391e-01 3.8209348484e-02 -7.8661841243e-02 -4.4913118095e-02 -9.7311883258e-02 6.0972563682e-02 1.6011000967e-01 4.1499939291e-03 -8.1248110864e-02 -8.6013887345e-02 -1.0163900525e-01 -7.1190136968e-02 1.1279703395e-01 6.4929794510e-02 -4.7912851856e-02 -6.8371121865e-03 2.0867039097e-02 1.5203859293e-02 2.2167405675e-02 -1.8034634668e-01 -4.1457428162e-02 1.1512327846e-02 4.9171577944e-03 1.9566168971e-01 4.3963381221e-02 -1.5057032181e-01 2.7621784872e-02 1.6249046661e-02 2.3695240371e-01 -5.4617959290e-02 1.1336175854e-01 -1.4888660192e-02 -1.0635090359e-01 1.1550292056e-01 4.9312405120e-02 -7.2570094703e-02 3.6966011979e-02 -6.1119540563e-02 -4.1293222062e-02
-2.1378211800e-02 7.5300058578e-02 -4.7774265781e-02 -8.7305427443e-02 -4.9580913748e-03 9.2399730699e-02 -2.3485706212e-02 1.7931195506e-01 3.2048541443e-02 -1.7256234832e-01 -1.2172837745e-01 -1.2415930932e-01 -4.2652037586e-02 -4.0236597140e-03 2.0442445073e-01 1.3134804044e-01 -6.1043520434e-02 -9.4296562079e-02 1.3636582453e-03 -5.3279628503e-02 -1.4895734299e-01 -9.4244466601e-02 -8.6925354263e-02 5.3553066111e-03 -4.0569526924e-03 1.6218139118e-01 1.3777183630e-01 -6.7059270271e-02 1.0442091397e-01 -1.1559308732e-01 7.9501753953e-02 1.8982153598e-03 -1.0727517269e-03 5.4355443873e-02 -1.9722529091e-02 1.6648707481e-01 9.7187665420e-02 6.6027640269e-02 -6.3921413284e-02 -9.0781958699e-02 -7.5630332262e-02 -9.8717893176e-02 3.7099832762e-02 1.5535989527e-02 1.3896673941e-01 6.3715807823e-02 -1.6009284376e-01 -1.8493273198e-01 -7.9623374257e-02 5.0006055644e-03 -6.0900005007e-02 5.5281899115e-02 5.5354469253e-03 -2.0749124621e-01 -7.2088377110e-02 -1.0794421464e-01 -1.6590529140e-01 -9.0229363446e-03 -5.9392065721e-02 2.0039657095e-01 -3.0521316450e-03 -5.4400868312e-02 2.9843526255e-02 3.6300651905e-02 1.0835216683e-01 -3.5727845990e-02 4.1409988603e-02 5.6765546935e-02 4.2917658593e-02 1.3399459566e-01 3.2032045208e-02 -1.9160021421e-02 1.9724147233e-02 -4.3827555705e-02 6.3005159090e-02
5.3622550101e-02 9.9524682660e-02 7.6308821437e-02 -2.2261941716e-02 -5.2316466919e-03 1.0520336198e-01 1.9103628295e-02 2.2226588362e-01 1.3160941355e-01 -3.3976029987e-03 -4.3026305830e-03 -6.4677087862e-03 2.0514866766e-02 -2.7989141739e-02 -4.4148255633e-02 1.1045174418e-01 -6.7182718189e-03 8.4964636428e-02 -1.0523020951e-01 -4.2153878277e-02 1.4378461935e-02 4.3396190728e-02 -1.1683771346e-02 1.1502294366e-01 -1.0109028330e-01 -1.3318519586e-01 9.4345675327e-03 -3.6524309284e-02 6.7436704219e-02 5.4984944867e-02 -1.7370232104e-02 1.3681525753e-01 1.8080752828e-01 -3.0124447843e-02 -1.2160194585e-01 -6.9130516809e-02 -7.4883705612e-03 -6.7914939030e-02 2.9354649423e-02 -9.3249893140e-02 4.0399909538e-02 5.7251912196e-02 -9.4483379288e-02 -4.2268833697e-02 2.6289948217e-02 9.0590193725e-02 -7.1771426897e-02 -6.2790499356e-02 8.9921140605e-03 3.2455331210e-02 2.0576469836e-02 3.9942875031e-02 -2.4483367102e-02 -3.2021661904e-02 -1.5349744577e-02 3.3393462622e-02 -3.9847991212e-02 -9.7853810418e-02 2.0131684327e-01 1.2626083052e-01 1.2327052501e-01 1.3934168023e-03 1.4140987454e-01 -5.9132668191e-02 1.0618215564e-01 1.1423082557e-01 1.4519902933e-01 -5.2670645917e-02 -4.0588023850e-02 -3.1084189371e-02 -6.8204466684e-02 6.1834057037e-02 -3.8570636361e-02 -6.0629658405e-02 8.0642695839e-02
1.2495391963e-01 1.4823835186e-02 -6.3655431929e-02 1.4362474788e-01 1.3662919529e-01 9.6361231172e-02 -3.1002735026e-02 1.6135525951e-01 -6.3407882606e-02 1.0080905537e-01 9.4498350070e-02 -8.8573870868e-02 4.2410917791e-03 -1.6863643478e-01 -4.6306983762e-02 -2.1330153102e-01 -4.6505830538e-03 4.2615868636e-02 4.8503114764e-02 -7.8715643589e-02 -3.9720245496e-02 1.1286281033e-01 8.3448436558e-02 1.0665900752e-01 6.2874250049e-03 1.0863463401e-01 1.0986574369e-01 -1.0330394316e-01 -1.0132387580e-01 1.1638852216e-01 2.2358769071e-02 7.9823038547e-02 4.3764285672e-02 1.6667999768e-02 -1.7111408092e-02 5.4953358195e-02 1.1326326321e-01 -7.2493017926e-02 -8.3839280804e-02 -1.8165474843e-02 1.5086600146e-01 -9.2673923425e-02 -5.5805734168e-02 -2.6195811821e-02 1.9473721702e-02 -6.8928172147e-02 1.0627071966e-01 6.6398844649e-02 -5.4854002512e-02 -2.7252756290e-02 4.0712312742e-02 2.5908240953e-02 -1.5127137436e-01 -6.3158690344e-02 -1.7243393146e-02 1.1595594956e-01 4.9610194825e-02 7.3454211100e-02 -2.7985103508e-02 -4.1945955948e-03 -8.0304695262e-02 -1.6424202159e-03 -7.5854750475e-04 1.7108896342e-02 -8.9469124200e-03 5.9536688333e-02 5.4300643328e-02 1.3196098132e-01 -5.1651546830e-02 1.3029511750e-01 -1.2524509929e-01 -5.3906264977e-02 8.1841015130e-02 -1.5909557320e-02 -7.8077114428e-02
4.6224297888e-02 -5.0291750097e-02 -6.7806332020e-02 -9.8728782084e-02 5.3451469024e-02 7.5243514965e-02 -2.0157987788e-01 -1.1203909887e-01 -6.6387808677e-02 6.1721875803e-02 -3.9622375082e-02 1.5032464524e-02 2.1139375872e-02 9.0388594377e-03 4.3856869224e-02 -2.5876959231e-01 3.0010957466e-01 1.6558281418e-01 1.4812860102e-01 9.4864768888e-02 1.7599656788e-01 2.4212821022e-02 3.0142603162e-02 8.1122737678e-02 6.9680923444e-02 -1.8061598815e-01 -7.1448815606e-02 3.5831077687e-02 1.6058360244e-01 -7.7521891728e-02 1.5953726809e-01 -4.4017533021e-02 -1.3490865288e-01 5.2456379228e-02 1.2381318444e-01 -9.4516489464e-03 8.7360976476e-03 1.3961673786e-01 -4.8510218863e-02 1.1251243813e-01 1.2276275508e-01 7.0950133304e-02 4.1850795081e-02 1.1014095066e-01 7.8820235512e-03 1.9739108438e-03 -7.7598357257e-02 -7.2116157550e-02 1.7775753435e-01 1.4970306559e-01 -5.2198351320e-02 -8.1607581973e-02 5.4478125431e-02 9.4857629054e-02 -1.9163342976e-02 1.7046890739e-01 -1.1815201102e-01 -1.8616422013e-02 -6.8433389785e-02 -8.8069869705e-02 5.9867580399e-02 -1.5628094904e-02 -1.6128474002e-01 2.9014625817e-02 -2.1347770903e-01 -1.7181331841e-01 -8.2039453745e-02 2.4456755160e-02 -9.5501215961e-03 1.0417668236e-01 2.4666952004e-01 6.9130214778e-02 2.9169018656e-02 -9.1900072345e-02 7.0507057644e-02
-1.0276020881e-02 1.3231403645e-01 1.4537168574e-01 -2.0646616766e-02 -6.0598722914e-02 -6.2007704486e-02 -4.7477796526e-02 8.4005576447e-02 -1.8426028659e-02 -2.5798412268e-02 4.9816239404e-02 -1.5349171338e-01 4.7142988200e-02 -1.1987114490e-01 6.1372338429e-02 -9.1482396334e-02 7.3108849806e-02 2.5434059076e-02 -4.0621458745e-02 5.7258460880e-02 1.0621998007e-01 -4.8751229167e-02 -3.2432782757e-02 -5.3216039206e-02 2.5925618125e-02 6.8247231815e-02 -1.2473190286e-01 8.7393412428e-02 -1.2752882554e-01 1.0437904747e-01 1.2745250990e-01 9.7463433994e-03 -9.9683567568e-02 -2.0695484463e-02 -8.3015827799e-02 -2.2293479628e-02 -9.4952212878e-02 -8.5727037477e-02 8.1013053612e-03 -4.1146372360e-02 -5.5083608913e-02 1.3535553659e-02 1.3667000679e-02 -1.6500455638e-01 9.6574117821e-02 -7.1694105667e-02 2.3006802174e-02 -1.3782464841e-01 -2.6865564102e-02 -7.7542796966e-02 -2.0859235817e-01 -1.2334601132e-01 -1.8148224642e-02 -6.9437805597e-02 -3.9253213954e-02 -2.5005711325e-01 1.2491207686e-02 2.1457732165e-02 -8.3439569571e-02 -3.7110551544e-02 -5.4342065592e-02 -6.4779542729e-02 -6.3720796076e-02 -5.1058879156e-02 -7.7271176089e-02 3.2621726353e-02 -2.4769831404e-01 7.1617687217e-02 -1.9757431638e-01 -3.5298003715e-02 6.7479827465e-02 6.9400691133e-02 1.5937578024e-02 8.6041013169e-02 1.3001331107e-02
-9.9245741313e-03 2.0860228160e-01 3.3992978615e-02 8.3820614280e-02 -1.8492316933e-01 3.4673459094e-02 4.8868688659e-02 1.0440614828e-02 -8.5611220683e-02 4.6936657380e-02 -8.3759148568e-02 -8.4911584825e-02 4.6514080495e-03 -9.2606500794e-04 3.8068725685e-02 2.4848361815e-01 4.9542480834e-03 1.3472772441e-01 -2.6547913753e-02 -1.4858308039e-01 -2.1617282857e-01 2.1124514139e-02 -6.8402755893e-02 4.3572904298e-02 -1.0162058021e-01 -1.4641275106e-04 -1.1534222056e-01 -9.2559182321e-02 2.9882300429e-02 -3.5372242440e-03 1.0499232027e-02 -6.7155575339e-02 -1.9337275127e-02 -1.3371511377e-01 -2.1774415458e-03 -6.0614411042e-03 7.3268567799e-02 1.6173235810e-01 8.3582855250e-03 1.3111940709e-02 -2.5257439708e-01 -4.3168363586e-03 -5.9616989018e-02 2.2252391180e-01 8.7149258915e-02 -7.7646854210e-03 1.5896093388e-01 -2.8957609620e-02 3.6729630915e-03 9.1635241948e-02 -2.5316821376e-01 2.0840723444e-01 -6.3935551403e-02 -6.8400325316e-02 -1.3883536063e-01 -8.8918232118e-02 4.5392781469e-03 2.2831320065e-01 -8.5198287214e-02 -8.1093307915e-03 -2.7797155301e-03 2.0938655477e-01 1.0665935741e-01 -2.9032327033e-02 1.3145765318e-01 -1.8524653045e-03 2.8548340593e-02 9.0864651882e-02 4.0429137107e-03 1.4670755472e-01 3.7111698536e-03 -1.4094126461e-01 1.5632713186e-02 -3.6143880440e-01 1.5471728816e-01
-9.0463101096e-02 4.5612697481e-02 -1.8800262377e-03 3.6420681818e-02 1.1097416170e-02 -9.0334331322e-03 3.0597528915e-01 9.6317883817e-02 -3.2480863161e-02 -4.3164430657e-03 -8.9462720804e-03 5.1950662940e-02 8.2348477773e-02 -6.4931247604e-02 5.8494803487e-02 4.1472099400e-02 -1.4551941923e-01 -1.0548101624e-01 3.8315015575e-02 -1.9796618609e-01 -1.5398559713e-01 -1.6394785512e-01 -3.7936313664e-03 -2.6137307784e-02 8.6076540484e-02 1.0470089587e-02 -9.2368155517e-02 2.9386177902e-02 1.4743192242e-01 4.4046121602e-02 -9.2496516594e-02 1.9467682711e-01 -1.4506408996e-01 9.0093117908e-02 1.3227949469e-01 7.2281521457e-02 2.9521106756e-02 4.6454432002e-02 8.4586836562e-02 1.4371574145e-01 -5.9079263083e-02 9.1550239762e-02 1.8739612455e-02 -8.1041594370e-02 1.7118342069e-01 1.2587273961e-01 2.5685746662e-02 -1.7506195881e-01 -1.3369244195e-01 -2.8498264534e-01 1.3517087268e-01 -1.1527970182e-01 -2.2678282939e-02 1.4269059592e-02 -2.2920142910e-01 5.2084417312e-02 -5.4397082629e-03 -1.0228440658e-01 -2.0652890737e-02 6.2348212153e-02 -6.2833746445e-02 9.7310070034e-02 7.8914502055e-02 1.2923645580e-01 -1.9505303135e-02 7.6921108995e-02 -5.0988346816e-02 2.0858470946e-02 6.0034249599e-02 1.4296420022e-01 -6.5518735691e-02 -2.7989643722e-01 8.2482996275e-02 7.3499004653e-02 1.1079792080e-01
-6.8146079665e-02 -8.7305753268e-02 -9.7868563066e-02 8.7413214439e-02 1.4583242973e-01 -1.4554615789e-01 2.5929602631e-01 2.1883106780e-01 6.9067577207e-03 6.8835842248e-02 1.3972818206e-01 -4.3646230727e-02 1.7739861532e-01 -8.5175292744e-02 -1.2853849102e-01 5.5120118907e-02 7.2207752474e-02 -9.5836264552e-02 -8.7971180275e-02 -6.1109806554e-02 -1.1076566025e-01 -1.0176966199e-01 -5.8405647287e-02 -8.4556257937e-02 -8.1838029480e-02 1.4045249506e-01 9.0431076603e-03 7.0740950890e-02 -1.3676343082e-01 -1.2478783200e-01 5.4371494387e-02 -9.9318259917e-02 1.8165377556e-01 -8.9481721858e-02 -1.8979158641e-01 -1.4065433641e-01 1.5648745337e-02 -2.2681722234e-02 1.5718301609e-01 2.5421454956e-02 -7.8301890857e-02 -6.7627187396e-02 -7.3651098758e-02 -1.5689781161e-02 -1.2191378981e-01 4.7728190641e-02 2.8753224504e-02 3.2488418096e-02 -4.8038817369e-03 8.7370424134e-02 -3.2369534304e-02 1.6051299746e-01 -2.8575625220e-02 -1.2607963312e-01 -1.8038172325e-01 1.4110668368e-01 -9.7381446895e-02 -3.8227606977e-03 1.0650222642e-01 6.7674847106e-02 2.1702496456e-02 -8.3416942189e-03 -9.7944587584e-02 -7.0643208645e-02 1.2696460912e-01 -6.8371713156e-02 6.3964879228e-02 -4.7525797677e-02 8.8739957628e-02 6.8808601586e-02 -1.4863495041e-01 -9.3394567065e-02 7.9122186295e-02 -8.0719495900e-02 -5.9993182138e-02
1.4172160394e-01 -6.0710817101e-02 -1.7570260460e-01 1.8355270973e-01 -3.6175597128e-01 6.8772725731e-02 -4.3467580268e-02 -5.4701877735e-02 2.1730832016e-02 -2.8406964690e-02 -1.3195096180e-02 -7.0563518639e-02 -1.0719811661e-01 -1.0632841931e-01 -5.3642381191e-01 -3.2239207328e-02 -8.6691085876e-02 -4.1340744704e-03 2.2897187867e-02 -7.3914335029e-02 -7.7160155935e-03 8.2682172124e-02 1.3389805818e-02 8.9313482965e-02 -1.2407523223e-01 -7.3730813847e-02 -2.0234417648e-02 6.6727338123e-02 -1.2703498020e-01 -6.6419027707e-02 1.9581413911e-02 -3.1161031470e-02 5.0330866308e-02 -2.1207966724e-01 4.8143592709e-02 -4.8139456579e-01 -9.8156892180e-02 -1.3600605541e-01 -3.4394332703e-02 -2.5881389380e-02 -1.7513922436e-01 1.3697873075e-02 -1.6502489191e-01 -2.9887201140e-01 -1.3990205926e-01 -1.4436393941e-01 -9.9310461427e-03 8.3740156748e-02 -2.5994912467e-02 -6.4152812371e-02 6.7113889472e-02 -3.2668767405e-02 -5.9511923269e-03 -3.5248623677e-02 3.1562964239e-01 -1.1031173813e-01 -9.2136679421e-02 1.3768684133e-01 1.3324941173e-01 -8.2489686438e-02 -1.8608369395e-02 -7.0914770197e-02 1.1200699265e-02 4.2670927716e-02 1.3501584584e-01 -4.9904069461e-02 -1.9051975542e-02 -5.4622820946e-02 -1.5653674536e-01 -4.3793333762e-02 -2.6984575576e-01 -1.3593016168e-01 -6.7712483429e-02 5.4947833440e-02 -2.2948566194e-01
-1.1506065506e-01 -2.8469127616e-02 -7.2041818021e-02 8.8405655989e-02 -2.3255941049e-01 -2.7317512856e-02 7.4330024829e-02 2.0366014773e-02 1.2792212921e-01 -2.6916377945e-03 7.7078937345e-02 -8.4914924246e-02 1.8515612795e-01 1.5419901500e-02 -7.8544894123e-02 1.0686984422e-01 -1.4086226393e-01 6.9005248281e-02 -5.5971794993e-02 -9.9239238220e-02 -8.5572754269e-03 -8.1998010218e-02 -5.5066202904e-02 4.1085926471e-02 -7.7354232797e-03 3.6142718569e-02 -4.4863671570e-02 -1.4820507003e-01 5.7710142624e-02 -7.7875340446e-02 3.1158885351e-02 1.5339188080e-01 1.5394629194e-02 2.0441401276e-01 -1.1246339064e-01 7.0375167317e-02 1.5293680909e-01 -6.1028519383e-02 1.1578518259e-01 1.1854726853e-02 5.9969102598e-02 6.0055341576e-02 7.3315392882e-02 -2.4894312499e-02 1.0321630847e-01 4.0064684694e-02 9.4038367896e-02 -1.7792258341e-01 -3.7725905065e-03 9.1167280803e-02 -6.7196625507e-02 4.8923097167e-02 1.1089704334e-03 -4.0773506023e-03 -1.5347900850e-01 6.8675525400e-03 7.7518680927e-02 -6.1135433616e-02 -5.5666720146e-02 2.3143922596e-03 4.1412783143e-02 1.9472917614e-02 5.2783811693e-02 1.8878840876e-01 1.2072781512e-01 7.0427208619e-02 5.8126051059e-02 -1.2879345416e-01 1.2620418546e-02 -6.9734594639e-02 1.9942516997e-01 -8.5153190244e-02 2.6650550268e-01 5.2911557665e-02 1.3104186055e-01
-1.5315026124e-01 4.7041780096e-02 4.7584742977e-02 -3.9037684240e-01 -2.4941895945e-01 1.3014428484e-01 -4.1003483200e-02 7.6851845601e-02 1.6958583768e-01 -8.1363599440e-02 -3.2810470041e-01 -4.0020856655e-02 1.4331146552e-01 3.1765760467e-02 2.0168574216e-02 -1.4604103843e-01 -1.8567476006e-01 -6.4989378255e-02 8.5748020803e-02 -4.0650945268e-01 5.1056433080e-02 -7.9774132072e-02 7.0851121740e-02 -2.8310352712e-01 1.9963469738e-01 7.9481786460e-02 -4.4438759898e-03 -1.0939926295e-01 3.7169770679e-01 -8.7028035085e-02 -5.9258317219e-02 3.3075527678e-01 3.3542440862e-02 2.2914433769e-01 -3.8782024314e-02 8.6937769986e-02 -6.1563518486e-02 -1.4602678284e-01 -2.3297918485e-01 -1.1432017325e-01 -2.1228908227e-03 -5.8545615586e-02 8.4019274838e-02 -2.0663858147e-01 2.9046090862e-01 2.0166836564e-01 -4.0011647694e-01 -2.5679484147e-01 1.6232384282e-01 -1.6184254806e-01 2.7390117013e-02 -2.3241830946e-01 9.5593745295e-03 -1.1795642215e-01 -1.5001210401e-01 -1.9682303522e-01 -7.9966774547e-03 -3.2292390739e-01 1.5734579076e-02 -3.3275448962e-03 2.0301029099e-02 4.6017292581e-02 1.3939466767e-01 -2.2830187424e-02 -1.0754922315e-01 2.3385712545e-01 1.8724139336e-01 -3.9979550453e-02 1.2853405632e-01 -1.0365121067e-01 8.8661328617e-02 -1.3596787226e-01 -8.0301689495e-02 1.2626934741e-02 2.0172809868e-01
1.1235949237e-01 -3.4697712869e-03 -1.3109241688e-01 1.8033875566e-01 -1.6457812304e-01 -9.0680242698e-02 2.2324732397e-01 3.7336640117e-02 4.0646612055e-02 1.5737081053e-01 -2.9097705334e-02 -7.7610265178e-02 -6.3072158025e-02 9.6530321617e-03 -1.8981540301e-01 2.5181407526e-01 2.1344087261e-02 -7.3558090771e-02 -1.5737712477e-02 1.0708203190e-03 -4.9397178597e-02 8.9593801392e-02 -6.0034814335e-02 1.4243565282e-01 7.3762231242e-03 -2.9084659360e-01 -3.0423843610e-03 2.5292880916e-01 -1.3776353001e-01 -5.0899340103e-02 7.7773834275e-02 -1.2312288165e-01 6.4627047189e-02 -5.3410761336e-02 -1.2194452029e-01 -2.8554316251e-01 3.3359532688e-02 -5.8369184321e-02 2.3619159462e-01 -2.8260270624e-02 -2.5424955675e-02 -6.1205599417e-02 1.3328153446e-02 2.7121910770e-02 -1.7372892719e-01 -8.2878100430e-02 2.3513976390e-01 -4.7596769122e-02 5.2099408061e-02 2.4886902976e-02 2.2520653647e-02 9.3952390894e-02 1.1139432601e-01 -3.2879913576e-02 1.0013808805e-01 4.9245482942e-02 4.8452271584e-02 1.0920490578e-01 2.3155676658e-01 -7.8174746602e-02 -9.0551391419e-02 -3.3160635813e-02 -6.5095822147e-02 8.8305465746e-02 -2.2237035204e-01 1.3951961796e-01 1.1899759650e-02 -2.9039634431e-03 -9.3702482211e-02 1.5124118501e-01 -2.0780920244e-01 -9.0657780249e-02 9.1023324113e-02 6.5768265421e-02 -1.3215832066e-01
1.9252346193e-01 8.7589920732e-02 -5.2823724055e-03 -2.0008995702e-02 -7.3552884954e-02 -1.1262482972e-02 -1.3802318096e-01 1.2427641421e-01 -2.0224798041e-02 2.1664044427e-02 -1.0783859595e-01 -4.8408415182e-02 7.4974690215e-02 -4.1307304921e-02 -5.6867685629e-02 1.7799486179e-02 -6.0858328590e-02 -7.8129765122e-03 2.0192652774e-01 1.9003426544e-01 3.2414521001e-02 -2.5256898263e-02 3.7731835165e-02 5.5132286636e-02 -4.0290220447e-02 7.8370488588e-02 1.1383031281e-01 2.8923298109e-02 -1.5054255961e-01 1.6849212112e-01 -3.2395225006e-02 8.9954855846e-02 4.1949504644e-02 -7.6719607661e-02 4.1853902600e-03 7.2681177146e-02 -3.5521113156e-02 -4.7997229329e-02 2.3452749531e-02 -1.2502528476e-02 -2.1938465108e-03 -1.0836160301e-01 -2.4060489363e-02 -6.3135375787e-02 -1.0877623874e-02 1.1029554730e-02 1.3140795804e-01 6.7557127449e-02 -4.9760566151e-02 5.8400637212e-02 -1.3585147722e-01 6.1275479963e-02 -1.3102769387e-01 -6.2687620272e-02 -5.3755528589e-04 1.6171541458e-02 -3.7046405359e-02 -1.0199899747e-01 1.3953666183e-02 1.0119636979e-01 -9.4504191305e-02 3.6916804044e-02 3.6124586344e-02 -6.5163980060e-02 -5.0381428778e-02 -3.1147344177e-02 1.3007428821e-01 -3.3026693671e-02 5.2702698817e-02 7.8243423861e-02 3.5524141061e-02 -1.6337023184e-01 -1.2400980818e-01 -9.4702287711e-02 -3.3756995427e-02
-9.4869730701e-02 -2.9802472100e-02 3.3382172592e-02 -9.4210433111e-02 -7.9570263207e-01 4.0274490343e-02 -1.5155675105e-02 -4.4346272014e-02 1.2365858347e-02 1.4338398992e-01 8.0862292736e-02 -1.3263556455e-02 -3.9021944172e-02 5.9958319146e-02 5.7606308566e-02 8.5039019709e-02 1.4690455134e-02 3.5114455074e-02 1.1211795305e-01 2.1287954367e-02 1.8948101655e-02 1.0589222915e-01 -3.7909379439e-03 -1.0138954028e-01 -6.4687606333e-03 5.3386230005e-02 1.3160785959e-01 7.0747984355e-02 -1.1208274906e-01 -4.9306596002e-02 -1.0978325881e-01 -1.7423234489e-01 2.7416278516e-02 -1.6241204288e-01 -5.6077808714e-02 6.7980235751e-02 8.3199022342e-02 -1.0700417656e-01 -5.1776639886e-03 -1.0955813989e-02 -6.0239057066e-02 3.1464860328e-02 -4.7710016015e-02 -2.7863978995e-03 -7.4809120023e-02 1.4547560291e-01 -7.4927567757e-03 2.9568106011e-02 -3.4778880495e-02 1.8555385771e-01 -9.7455815478e-02 1.1161230220e-01 1.9655727197e-02 1.0801950299e-01 2.9413338064e-01 -4.0300168130e-02 -4.1107679991e-02 4.8528028646e-02 5.7603382595e-02 1.3016271800e-01 -1.5251277226e-01 7.0532459538e-03 8.2719121869e-02 7.4726855769e-02 -5.8536234312e-02 2.6123582454e-02 3.5066255153e-02 -9.6757474710e-02 -2.5242339587e-02 3.5853770672e-02 1.7828288422e-01 1.4179902751e-01 -1.7159005862e-01 -8.0314094073e-03 -4.5481197228e-02
9.3976860552e-03 1.3726371298e-01 -3.6569835399e-02 -8.2532525159e-03 -9.8476153490e-02 -1.4225803274e-01 1.5319180707e-02 -4.3610028521e-02 1.5979174849e-01 -1.6142423121e-01 2.9696768462e-02 8.7829263570e-02 4.4766768794e-02 1.2376798479e-02 6.7397412544e-02 -6.1791075519e-02 -6.4913164040e-02 1.5570255167e-01 8.0054183922e-02 -6.2365608586e-02 -2.6013660203e-02 2.8542158475e-02 -1.1015042095e-01 -7.1536942341e-02 9.5544972816e-02 4.6685524708e-02 -1.3067103884e-01 -3.1960805369e-01 3.1208148478e-02 1.8326991786e-02 -5.4008404989e-02 1.0861238202e-01 -1.3771810748e-01 -7.7132173970e-02 -9.4722471036e-02 -7.1375670989e-02 1.3101076573e-01 -2.0327356221e-01 -3.3522216843e-02 -1.4242396156e-01 1.9948336571e-01 3.8749567330e-02 -1.4161506340e-02 1.7359700412e-01 1.2113708609e-01 1.6093730629e-01 -7.5470158035e-02 -4.3018624460e-02 -3.2775190114e-02 2.1192564114e-02 -1.3027742367e-01 1.3089603187e-01 5.1758700960e-03 8.0933470849e-02 -1.7452965105e-01 1.4326308170e-01 1.4081476691e-01 -1.0319939538e-01 -3.1773844646e-01 -1.0018575709e-01 -6.6827256693e-02 1.3291860385e-01 -1.8406188494e-01 9.0073653022e-02 2.9293780611e-02 -8.1214107046e-02 -9.3875213720e-02 1.4673050712e-01 2.6020860778e-01 -9.6446949731e-02 1.2458392145e-01 -1.4135340710e-01 1.4569499833e-01 1.6498950303e-02 6.1883949796e-02
5.9222389290e-02 5.2682773964e-02 7.4733810304e-02 -4.8073618141e-02 -1.1076498175e-01 -1.0609984611e-01 -1.7811132223e-01 1.0294402834e-01 4.9885123546e-02 -9.5701293281e-03 -1.6032912470e-01 5.4048783132e-02 -1.5662640871e-01 7.2030332669e-02 1.9382619013e-01 4.1939157707e-03 -1.8770623670e-02 -4.4070539073e-02 -1.5557799171e-01 -8.5515988794e-02 -2.3411540189e-01 1.2280318852e-01 1.1695807881e-01 4.7953230680e-02 -1.5562180166e-01 4.6595134749e-02 -1.0833442958e-01 -2.9847478625e-03 1.3303350483e-02 5.8350608374e-02 -4.2007304675e-02 -1.8085443810e-01 -5.4755711306e-02 -1.7715720470e-02 -1.2859500785e-01 3.9442393899e-01 1.0687863421e-01 1.6273185241e-02 -1.4920519497e-01 1.8738918748e-01 -9.8611076453e-02 1.1805615330e-01 -3.5489672505e-03 7.8146819648e-02 6.6244452436e-02 -7.7840992645e-02 8.2654033252e-02 3.8485943096e-02 -9.0001363718e-02 2.3664218964e-01 -1.8225252371e-01 7.5692503767e-02 3.1687709627e-02 -1.6504353023e-01 -1.6310852631e-02 5.8637635750e-02 1.6989034298e-01 7.1307259128e-02 -1.0600655969e-01 2.4165231024e-01 -3.6806079632e-02 -2.5070198003e-02 2.4827356676e-03 -4.1372986884e-02 2.4155937271e-01 -1.6085753770e-01 3.3251900891e-01 3.1322484649e-02 -4.5379678745e-02 2.8463080809e-01 1.2253245906e-01 3.1921848372e-02 1.0606191462e-01 -1.1128973595e-01 -2.0640494441e-02
3.5860328604e-02 -1.0788556272e-01 -6.7768395326e-02 -2.0011710776e-02 -1.5991670459e-01 3.2260724690e-02 2.8879899775e-02 -2.7758968646e-01 1.1892830046e-01 4.0732361058e-02 -2.4010946205e-02 -1.4308426940e-01 -1.2596225728e-02 7.6639637073e-02 5.0885636000e-02 -6.9617253334e-02 1.3083730665e-01 1.0500811445e-02 -3.2467577029e-02 -1.4885392038e-01 5.2488319592e-02 -2.6847249922e-01 -5.7948746634e-02 -2.9588997822e-02 2.4980152180e-01 -1.0313502254e-01 1.0566700486e-01 1.2384867587e-01 1.6406440240e-02 6.4653310011e-02 -1.0543540744e-02 1.2971667867e-02 5.8312693036e-03 1.5706845859e-01 -2.4754493927e-03 -9.9321869879e-02 -3.9498031144e-02 -4.4379675747e-02 -1.2532345950e-01 7.6368790614e-03 -1.3038788609e-01 4.9977230936e-03 4.3691295535e-02 -2.1926963727e-01 -1.0683495413e-01 -1.5198840154e-02 -1.3203890247e-01 -1.1945654133e-01 4.9979373777e-02 6.6572321165e-02 2.7667404026e-01 -1.8596940124e-02 2.9216011264e-02 1.4107713482e-01 7.4145860142e-02 -9.7536035400e-02 1.7013356404e-02 1.4825205432e-02 -2.4840696421e-02 -1.7535208196e-02 9.2540213879e-02 3.5041713841e-02 -1.9446556112e-02 8.4319635065e-02 -5.2021909810e-02 -3.1805932071e-02 -2.2569806954e-01 -1.4810112432e-02 1.0012408344e-01 -6.7958088969e-03 -1.4613387221e-02 1.6249601562e-01 -4.3216675064e-02 1.3488017184e-01 6.8731455553e-02
2.0130841358e-02 1.2703883628e-01 -4.7039956793e-02 -4.6661592464e-02 -6.1295578079e-02 -2.5154264838e-02 1.2407437599e-01 2.4091364004e-02 7.1311062773e-02 -1.4239531689e-02 -7.3555708935e-02 -6.1557080535e-02 7.6674078015e-02 8.0426839980e-02 5.3075951641e-02 8.2901838330e-02 -2.5350722084e-02 -4.2830131329e-02 1.7021321313e-01 6.5355567309e-02 8.7945632757e-02 1.2812096510e-01 1.9409419256e-01 7.5670679262e-02 7.7622778081e-02 9.3760478695e-02 1.0276702794e-01 9.2903891091e-02 -1.6478867217e-02 5.7856273387e-02 1.1400683814e-01 -1.1953324102e-01 -6.4594106763e-02 1.4295632758e-01 5.1642777369e-02 1.0643826495e-01 2.4673586138e-02 1.2556619729e-01 -1.1931165564e-01 1.6586950265e-01 -2.0358267850e-02 2.5903072380e-02 -3.5886206248e-02 1.8825929881e-01 1.7768815116e-01 1.3772593489e-01 -6.9819978974e-02 7.7448253052e-02 -1.7550246887e-01 1.7637694969e-01 -1.8279218916e-01 -1.4484391698e-01 7.9327389460e-02 -4.5685953149e-02 4.6484228457e-02 6.3682877060e-02 2.0598144148e-02 -3.2915123445e-02 4.1136905847e-02 -2.9188884414e-02 3.2822048965e-02 -1.1165054121e-01 2.9851556203e-02 -1.5215079133e-01 7.0146758645e-02 7.7864036273e-04 1.9510873397e-01 4.5172174744e-02 1.3355116426e-01 1.3846422419e-01 1.5470007712e-01 -3.1074143398e-02 -3.1448106627e-02 -1.0448260787e-01 -6.0775733357e-02
6.1681122049e-02 -2.1520257289e-03 9.8864751777e-02 -1.0312447309e-01 -8.5855834284e-02 3.8611362628e-02 -3.0006366684e-04 1.7704819559e-01 -1.7136023467e-02 1.2357015421e-01 -1.8400658645e-01 1.1323617499e-01 -9.6885519510e-02 -1.5813142229e-03 8.6477294886e-02 2.5864564710e-01 -2.1992478248e-01 1.9380218445e-03 -9.7508450412e-02 -4.1588162467e-02 -1.5348091958e-01 -6.3485388951e-02 7.8457647016e-02 1.9932782477e-01 -6.7356186407e-02 -1.6027406107e-01 2.6189444563e-02 1.7042320390e-02 1.1538905407e-01 2.1233152398e-02 3.9711579630e-02 7.8564886158e-02 9.1902885621e-02 1.4965404720e-01 1.0927764710e-01 1.1472915435e-01 3.0108945233e-02 -7.3291151008e-02 -1.7641921164e-01 -1.0455364901e-01 -6.0496801334e-02 -1.9581862975e-01 -7.0398246170e-02 -9.7443964367e-02 5.2700608757e-02 -7.5233415874e-02 2.7430559715e-02 1.9012441262e-02 -2.8710177767e-02 -1.7914468708e-02 6.7838360343e-02 -4.7676258349e-01 -2.6744746746e-02 -1.1888142899e-02 -2.7611904638e-02 -2.1942816513e-01 -1.0950920891e-01 -2.6223006219e-02 -2.9352320193e-03 5.4869878149e-02 8.7273765403e-02 1.8272566431e-01 -1.4294582589e-02 -1.0040548648e-02 5.8760772830e-02 5.5726027410e-02 3.2969758492e-01 1.0928612847e-02 1.5502418710e-02 -4.8216867939e-02 1.0613850800e-01 -2.0467779942e-02 6.1303656397e-02 9.9872388506e-02 -4.3584980406e-02
1.0232781649e-01 -3.0576423465e-01 1.0246057917e-01 2.7995708060e-02 2.7384601460e-02 6.8360979904e-03 9.6364028357e-02 -2.7759179368e-01 1.9018600731e-02 7.9497229627e-02 -3.0829666134e-04 -5.4326657234e-02 8.3979805767e-02 1.1784050529e-01 2.0783610253e-01 -3.6153820970e-02 -8.9028104670e-02 8.4164725480e-02 6.6274465798e-02 -1.8075118725e-01 -1.0824611243e-01 1.3236816340e-01 -4.4932803182e-02 2.1066877267e-01 1.0249848663e-01 6.2763968711e-02 -6.9545065363e-02 9.4643510478e-02 -1.0610630598e-02 2.7383947602e-02 -2.1696370640e-01 2.1734201007e-01 -9.6574444344e-02 5.6554351439e-02 -8.7283492113e-03 -2.3520895090e-01 -1.9625050164e-02 -4.3541602603e-02 9.6641919330e-02 2.0325096306e-02 5.3315420375e-02 -4.0043278224e-02 -4.0812918509e-02 -1.7079938200e-02 -7.4907978937e-02 8.7238564051e-02 4.6061270412e-02 1.9722582353e-01 -4.1828448363e-02 4.7898099954e-02 3.0629197456e-02 1.3574561995e-01 -1.4067400431e-01 3.1240211081e-02 1.4237278534e-01 2.6392397141e-01 1.7864946383e-02 -8.1283746338e-02 8.4170252157e-02 -1.1611608628e-01 1.2474903477e-01 1.1285649876e-01 -1.6388801799e-01 8.0559224105e-02 -3.8049255444e-01 1.2721261343e-01 -1.9066898899e-01 4.1215603080e-03 4.8778088046e-02 -2.3272390765e-01 -5.9090265978e-02 8.6524832391e-02 -5.4229756130e-02 4.5697901390e-02 -7.6581007023e-02
1.5829436087e-01 8.9546411099e-02 7.4992432625e-02 1.6049651204e-01 1.4299880427e-01 -4.6869392236e-02 -5.1530938144e-02 -9.2167623744e-03 3.8249904012e-02 2.7320703520e-02 3.3646561599e-02 -2.8800787789e-02 -3.3209301547e-02 6.5275253682e-02 5.3004438924e-02 2.0179499336e-01 -9.0891445170e-02 -3.7283649920e-02 5.0673083604e-02 -3.8237639138e-02 1.2930557266e-01 1.5085735935e-01 1.0047466674e-01 1.2323162954e-02 7.6450627957e-02 1.3393008075e-02 1.1137567920e-01 9.6558814831e-03 2.3621871202e-03 -1.8505532420e-02 -3.0814666759e-01 3.4126462076e-02 7.3003471728e-02 1.0350038913e-01 -5.7963102784e-02 -7.0337715449e-02 6.4341360682e-02 6.8978591509e-02 1.8762631811e-03 -4.2533277971e-02 -4.1417932069e-02 -1.6363553160e-01 -6.0212123426e-02 6.9611314817e-02 2.1528840201e-02 -4.5188853138e-02 -3.7703960369e-02 3.4073895930e-02 -5.2616002322e-02 1.9626619375e-02 4.1797065479e-02 2.2296759172e-02 -2.2595457469e-01 6.0850649363e-02 4.1136760454e-02 -2.6036078419e-02 1.0775908198e-01 2.6283957677e-02 8.4949822267e-02 9.0930391573e-02 1.1817568014e-02 -1.2489917243e-01 6.8437535247e-02 3.9630063330e-02 5.9706884481e-02 1.7977196561e-02 -2.8175460006e-02 -1.2025534550e-01 9.3284375934e-02 -6.5952053338e-02 2.3289454813e-02 1.0741794327e-01 -2.2290564196e-02 4.9324124810e-03 5.0120232389e-02
-3.5887102608e-03 -3.0869922489e-02 1.6942802971e-01 -7.9385113239e-02 -6.9404020465e-02 7.5435090414e-02 -1.5438742790e-01 1.9575906833e-01 -1.1180330005e-01 7.4835417621e-02 -7.6509929474e-02 2.8882220864e-02 -1.6256429432e-01 -1.3848445903e-01 2.8144502879e-03 1.0796626837e-02 2.5072711935e-01 -2.3687835915e-02 3.9252879140e-02 8.9243024071e-03 1.6503331763e-01 6.1131760902e-02 1.2827129630e-01 1.1713348903e-01 2.7048883959e-02 1.3109867084e-02 1.3778905272e-01 1.3353318914e-01 1.6071106020e-01 -1.1110779832e-04 -3.1175492339e-02 -1.6122728399e-01 1.1069433358e-01 1.2522804974e-01 7.9919481108e-03 3.0033787478e-02 1.0980515684e-01 6.2498272880e-02 -1.4534426195e-01 3.3829938611e-02 -1.0329970801e-01 -8.4885720753e-04 -5.1974704075e-02 -2.5545098244e-01 2.7865111980e-01 -7.9034808679e-02 -5.2848286282e-02 9.3459308443e-02 -1.4191621420e-01 2.6588936574e-02 -7.8589511736e-02 -3.8390183880e-02 4.2254229269e-02 6.5206922878e-02 2.9436438779e-02 -7.1887941916e-02 2.1329082819e-02 1.5035148412e-01 7.6893461925e-02 -4.9951823248e-02 5.5766981438e-03 -1.6188387998e-02 1.8756225776e-01 -4.8063768080e-02 1.7076004927e-01 -8.2815916929e-02 2.7321511207e-01 7.9617526500e-02 -1.3852130531e-01 2.2856460423e-01 2.3811939751e-01 4.7177807947e-02 3.5736902784e-03 -1.9844095607e-01 1.8308645019e-01
1.7776795558e-01 -3.8143459945e-02 -6.5453168247e-02 -2.9467247832e-02 1.0126124463e-01 2.9210160546e-02 1.3001838099e-02 -7.2972952734e-02 4.8421901806e-02 -1.0315261405e-01 -2.2841221627e-01 3.7548340308e-02 6.8551101262e-04 8.8840753958e-03 -2.8448496313e-02 -1.5690743466e-01 9.1944876283e-02 9.8179090992e-02 -4.6042317890e-02 -7.3292652236e-02 8.2204774094e-02 5.4570866594e-02 1.1070172604e-01 5.8767240318e-02 -2.9252266703e-02 -4.4205092174e-02 -3.8359429615e-02 6.3053329785e-02 1.1349768372e-01 1.1770699641e-01 6.0629402441e-02 -1.5149989621e-01 -7.0039748024e-02 3.6399301798e-02 3.2762271544e-02 -2.9069496707e-02 -2.9523633936e-02 3.3311956561e-02 -1.0715204013e-01 3.9873163940e-04 -1.0339291781e-01 7.9107560135e-02 6.0109384703e-02 -1.0373207371e-02 -1.4281542187e-01 1.5501750335e-01 5.6049321345e-02 -1.2046082191e-01 3.7482392948e-02 7.7932551543e-02 4.7063292002e-02 -2.3451482781e-01 -7.4504622264e-02 2.1105017691e-02 -1.6712912594e-01 -4.8915562768e-02 4.4901998706e-03 -2.1934308489e-02 -7.0823942544e-02 -1.8034819272e-02 -3.2103802998e-02 -4.0432729664e-02 9.2676265422e-03 1.0605267569e-01 -7.0442731226e-02 5.0044516979e-02 9.3772805915e-02 -3.8241048574e-02 -4.7236579380e-02 -1.3246740653e-01 -2.2736891674e-03 -1.6174617654e-01 2.0948845962e-02 5.8614929478e-02 4.1528989016e-03
7.4029314660e-02 -1.7066681441e-01 -3.2327317853e-02 1.4553026563e-01 3.5516902463e-02 -1.7489196671e-01 -2.4594826203e-01 7.8866767556e-02 -7.3439059914e-02 -1.7353409727e-01 1.2866500912e-03 1.8808076606e-02 1.4890069237e-01 -6.2431336034e-02 5.9770652902e-02 -3.6323208453e-02 2.6038248387e-01 -7.4708133262e-03 -2.2583645348e-02 -1.6639001870e-02 -1.6006524008e-01 9.2455674268e-02 -2.6353653654e-02 2.8026994916e-01 -1.1656624894e-01 -3.2294482414e-01 -6.1750132592e-02 5.7369220474e-02 8.5986008377e-02 4.6418054449e-02 -4.5363391082e-02 -2.1361549527e-01 6.5231006903e-02 -1.8634887899e-01 -1.0756691115e-01 -1.4531568620e-01 8.4882122096e-02 -6.3240299280e-02 -1.0479638309e-01 -6.9700215501e-02 -1.3069511925e-01 1.3176370969e-03 1.7769813061e-02 -1.6953568875e-02 -7.9392615012e-02 4.5761237247e-02 7.9573300377e-02 1.0552410616e-01 -3.3596412701e-02 1.9225658985e-01 -2.1801304499e-01 2.0602299636e-01 2.5186572677e-01 7.6742671340e-02 2.1542507310e-01 3.8259413427e-01 3.5788140102e-03 1.1475040504e-01 -4.8558432965e-02 -2.2376825768e-02 2.9763896370e-02 -1.7782332337e-02 -3.6863285466e-02 8.6612430226e-02 2.6242535873e-01 -3.2517842315e-01 -2.0805454150e-02 -3.8431250136e-02 8.7777956848e-02 -9.8596025121e-03 -2.3489087862e-01 1.6999430802e-02 2.8730205083e-03 -5.6180469290e-02 2.7649227576e-01
2.1678649531e-01 1.2367108248e-01 -7.1022010639e-02 -9.8984985967e-02 6.5575455843e-02 1.1920374037e-01 2.5604083080e-01 -6.1653314755e-02 -4.9384622168e-02 9.2267646211e-02 -2.0656788964e-02 -1.3278627057e-02 -9.5548941097e-02 -1.5679316770e-01 2.5158662033e-02 -9.7200470617e-02 -9.4923839522e-02 -7.3228919298e-02 2.6888457565e-02 1.9020037801e-01 2.3085912338e-01 1.7226052609e-01 1.5861050489e-01 -1.5014844399e-02 -6.5874465148e-02 -1.2519188693e-01 5.8021803111e-02 1.8705846057e-02 4.1329222849e-02 2.4544329166e-02 8.5734120827e-03 -2.4693481902e-01 -2.1444220333e-01 -6.0143483158e-03 -2.5879390799e-02 1.7142725307e-01 -7.8280870763e-02 1.2907344844e-01 -7.0509085621e-02 5.8353306821e-02 -4.4793916735e-02 -3.5807931303e-02 -2.7867513949e-02 2.3663929886e-01 1.3100796200e-01 1.1125889547e-01 2.7924332038e-01 -6.6191089941e-02 -1.5144214175e-02 -5.3444032741e-02 -9.7332193682e-02 -9.2006630933e-02 1.0417224153e-02 1.2919491982e-02 -1.8493551521e-01 -2.3712610736e-01 -6.8695560843e-02 -1.2697084022e-01 -4.5642653211e-02 -1.3505912937e-01 -7.6557550668e-02 -1.1377131630e-01 7.3469628746e-02 -2.0366354553e-02 -1.1216591262e-01 2.3542253364e-02 4.1605868114e-02 2.3211657848e-02 5.8714883401e-02 -3.8970793191e-02 7.6227655472e-02 -1.8515363716e-01 3.8979594920e-01 -9.3005590404e-02 -6.9181540407e-03
-6.2347185695e-02 7.9180663244e-04 -6.5094429716e-02 -5.9909503843e-02 3.4289664543e-01 -9.0190430071e-02 6.3853294329e-02 -2.6219632428e-02 1.1008440634e-01 -2.0774971711e-01 1.2260626628e-01 -3.9475213637e-02 -5.2634537315e-02 -8.5606702891e-02 1.2436866364e-01 -1.1341458776e-01 2.7766995999e-01 -4.2061534234e-04 -2.3657521975e-02 1.6914940298e-01 4.5786675426e-02 1.2509624709e-01 -8.9031453779e-02 -8.0229749214e-02 5.9713834951e-02 -4.9722769761e-02 -5.0101125068e-02 -9.4552109436e-02 7.8263098698e-02 2.1947552126e-02 -3.3924967288e-02 4.7998461098e-02 -1.9814790223e-01 2.1351688162e-02 -1.0873879483e-02 -2.9103612094e-02 -1.0043107452e-01 1.5825475317e-01 -7.9405960545e-02 -4.9342402047e-02 1.5096420513e-01 7.1991132891e-02 3.1104244450e-02 1.0567154768e-01 8.7594343108e-02 5.5393863542e-02 3.3182917733e-02 -6.8027066311e-03 -8.1731281902e-02 1.0770335470e-01 1.0399369949e-03 -2.9110141909e-02 -1.6448233221e-02 -7.2826275873e-02 -6.0459706022e-02 -1.8007574209e-01 5.8343253186e-02 -2.6200428437e-02 -2.4085843550e-01 7.8067266368e-02 -8.5559417639e-02 -2.5006072319e-01 -5.2163546675e-02 -6.4747992720e-02 1.4243825411e-02 8.2148996636e-02 -9.4593659781e-02 -2.5157215982e-02 3.3295695869e-03 -1.1064713090e-01 2.0024582857e-01 -1.5459730279e-01 1.2827188545e-01 -2.1842813826e-02 2.7775626324e-02
6.1143100820e-03 3.3154520826e-02 6.5306559474e-02 -4.2110588553e-02 3.1664432911e-02 1.1148735857e-01 -1.3262153219e-01 3.0424590696e-02 1.3272516452e-02 -4.4603600956e-03 -9.5094453850e-02 -5.7624477324e-02 -1.2212907260e-01 2.8312923291e-02 4.3197447109e-01 2.2299724233e-02 2.6644588293e-02 -3.0481316850e-02 1.7857022375e-02 8.9541006953e-02 -4.2130752015e-03 -1.5426428961e-01 -1.9339336456e-01 -1.1233742564e-02 3.8396294758e-02 3.5516457009e-01 -2.3370428796e-01 1.7349986195e-01 -1.1663444976e-01 3.8866631196e-02 -4.1374356363e-02 -9.5480993423e-02 -1.7619690488e-01 5.1277849979e-03 1.3305598269e-01 3.8512358527e-01 -7.7431074529e-02 5.9369500132e-02 2.9768975673e-02 -2.3137702179e-02 -2.9175481997e-02 4.6940769035e-02 -9.5992634727e-02 1.5582886540e-02 -1.5860566100e-02 8.3526135139e-02 -5.8457429328e-03 1.1650403608e-01 3.2078724838e-02 9.3249793236e-02 -1.3444216366e-01 2.1244379374e-01 -1.2103194273e-01 -6.2850230955e-04 5.0932377102e-02 -5.1982488271e-02 -9.6492807432e-02 7.4742124788e-02 -1.0754373422e-01 9.9160643985e-02 -5.8340758535e-02 1.0525948727e-01 -7.2016502882e-02 -2.3501679908e-02 1.6639188368e-01 7.6576708016e-02 1.4794924211e-01 -9.7586175212e-02 7.4002311960e-03 1.1452453265e-01 9.9548654062e-04 1.3473574772e-01 -2.2510971968e-02 -2.9893036839e-01 2.1294216086e-02
3.6468545335e-02 5.5479882175e-02 1.4803714605e-01 5.3194539450e-02 -1.1388900669e-01 -1.8630079892e-01 -2.3045687941e-02 -3.9505371851e-02 -1.1851905879e-01 8.4689068640e-02 5.1729866813e-03 3.3622247482e-03 5.3944700188e-02 1.9839095732e-02 4.0638655054e-02 -9.7231791194e-02 3.5241615586e-02 2.1429322420e-01 9.5051262547e-02 -2.9479350251e-02 3.5517928956e-02 -6.5254988428e-03 1.1399190290e-03 7.3831201207e-03 -3.4224793670e-02 4.6986352781e-03 3.4902868355e-03 1.3757662850e-01 3.8828453472e-02 -7.6419933485e-03 1.7282031553e-02 6.7962115979e-02 1.6725307671e-01 -9.8835576235e-02 -6.5905947109e-04 2.3205327678e-02 -1.1735368802e-01 1.0068227230e-01 -3.0576192105e-02 -7.6914503596e-02 -3.7972118998e-03 5.5222768011e-02 -1.0848382677e-02 -1.3506042094e-01 9.4954748979e-02 -3.4975979514e-02 4.2057598228e-02 1.1964027424e-02 -3.1147948550e-02 8.9252372516e-03 -6.8948065622e-02 3.4977754436e-02 1.6061667770e-01 7.5286603455e-02 1.1437683155e-01 8.7542708822e-02 6.2103683016e-02 8.4338979396e-02 -7.6532714848e-02 -3.3502826859e-02 1.0292851549e-02 -7.0919477020e-02 2.7065943953e-02 -5.8145566638e-02 -2.5372510585e-02 -6.6718421395e-04 -2.7745338880e-02 6.2699921426e-02 1.8194796337e-01 1.7216323048e-02 1.1738982714e-01 2.5819344320e-02 -4.9225256081e-02 -1.0027394359e-01 -4.6493295880e-02
-3.0426996983e-02 -9.0423043271e-02 -3.8602439610e-02 5.8499359820e-02 1.9723136683e-02 -5.7659930213e-02 2.3273743605e-01 -1.4356298790e-01 -5.2075688258e-02 -4.4680250067e-02 -4.7311657548e-02 4.3806239157e-02 1.0348647386e-02 4.1567498758e-02 1.0215060967e-01 1.1767973654e-02 1.4588175999e-02 4.5517484873e-02 -1.0197327855e-01 1.2877666104e-01 -8.1235494795e-02 7.4393018693e-02 -4.4461210042e-03 -1.5201520421e-01 1.4973783806e-01 3.4569782614e-02 -3.7352026612e-02 -2.1221380473e-01 -4.6845647942e-02 -3.7118699313e-02 1.2681728747e-01 9.2258231332e-02 -4.1455558549e-02 -4.2206182746e-02 1.0062522707e-01 -2.9733270479e-01 7.5258690269e-02 -3.4236458796e-02 1.5512036669e-01 5.6362641167e-02 1.6401127736e-01 1.1045474139e-01 -1.9303218933e-01 1.1314056456e-01 6.5837827972e-02 8.8137852521e-02 2.0939573183e-01 -5.2123274336e-02 7.0895368247e-02 -1.8465790633e-01 2.7254014973e-02 -7.1335935997e-02 -4.4231033857e-02 9.3859954384e-02 1.1555235291e-01 2.9992619634e-02 6.6006075178e-02 -5.9982635191e-02 8.0512646929e-02 -1.6749318877e-01 2.4121552432e-02 2.2205590655e-01 -1.1398074741e-01 1.7006969544e-02 -2.8659107926e-01 2.9098738032e-01 -2.7158835957e-01 5.0718960453e-02 1.7987386360e-01 -1.2249014980e-01 -5.0589578567e-02 -1.3586825607e-01 -6.8270253078e-02 3.0516925659e-02 -1.1306569381e-01
1.9144435840e-01 3.7422781008e-02 1.8372614282e-01 3.1360455387e-01 3.6110333535e-01 2.4798305454e-03 7.6522371276e-02 2.2831741552e-02 9.3937182050e-02 1.9792330533e-01 9.5629140211e-02 1.3774387441e-02 -1.7594099616e-02 -4.5723597454e-03 2.2650679040e-01 -1.5587877282e-03 -1.4018447461e-02 -4.0211785350e-02 -1.3079540840e-01 -9.3718293710e-02 -4.3311470518e-02 1.3211706713e-01 2.2465470442e-01 2.6479222323e-01 -1.6901877891e-01 1.6530019022e-01 1.0181480231e-01 1.4764588618e-02 -1.4894240577e-01 -1.0231755356e-01 -4.5752833006e-02 -1.2423046679e-01 5.1233155577e-03 -7.0063090656e-02 -1.1949123781e-01 4.0863066470e-01 1.1021786578e-01 -1.5020339449e-01 1.7270112526e-01 -9.4431861562e-02 1.3990909511e-01 -2.2117546460e-01 6.5310290044e-02 1.8655132015e-01 -1.0765653854e-01 -1.3877775569e-01 2.2627842743e-01 6.3592975893e-02 3.1484258047e-02 1.0884393288e-02 -2.2113529479e-01 1.5142587114e-02 -3.6937095511e-02 2.3380265294e-01 -4.4283674398e-02 1.3696163769e-01 -1.5121943403e-02 1.3341325419e-02 8.8594996596e-02 7.4821025813e-02 9.7539061754e-02 -4.9164732972e-02 2.5470388159e-02 -2.0672460791e-02 3.3209319351e-01 -8.3576311973e-02 2.4191148635e-01 5.1234911412e-02 -3.9069086305e-02 2.6645500799e-01 -1.0241263109e-01 -1.3236230536e-01 1.1406417070e-02 -9.7858763665e-02 9.8070841534e-02
1.1480929936e-01 -1.7142300676e-01 -1.4832789198e-01 3.5668421159e-01 -4.8706298644e-02 2.1771245899e-02 1.1011158972e-01 -9.0499028914e-02 -2.9823813944e-02 9.3581833693e-02 -8.1673505752e-02 1.6456575383e-02 -2.2032213295e-01 -9.4617747736e-02 -2.2886434625e-02 1.8804422166e-02 -5.1028975103e-02 4.5737904994e-02 -1.7084444661e-02 6.2179063200e-02 -2.1861203628e-01 1.2810210707e-02 -4.9428796369e-02 4.6113657634e-02 -4.0220109083e-02 -3.7246123844e-02 -4.7933236333e-02 9.2661449925e-02 -2.1170340528e-01 1.7459355513e-01 1.2140116554e-01 -9.0491631675e-02 -1.0718720581e-01 -1.8043261589e-01 -1.0563422403e-01 -2.7021064408e-02 1.1472940212e-01 -6.8772004960e-02 -2.3232068057e-02 -6.8646575188e-02 -1.4746608508e-01 1.0164058744e-01 7.9518811864e-02 6.8189175634e-02 -2.2848488182e-01 2.0775594651e-02 1.4612260153e-01 7.2602661558e-02 4.6409338715e-03 -1.1237913567e-02 -6.4181461177e-02 3.2218584617e-02 -1.7906262324e-02 -8.2353373669e-02 1.3135113566e-01 -1.9484081332e-01 6.4161481030e-02 6.7145528932e-02 2.3740703476e-02 -1.8302825897e-01 1.3033420458e-02 1.7096549847e-02 -6.1165666252e-03 -9.4627873955e-02 -9.7053907043e-02 -6.0185527448e-02 -6.0538735495e-02 -1.5664962336e-01 -9.7437234818e-02 1.1102705630e-01 -2.0678469976e-01 8.5124648230e-02 -3.1184443068e-02 -1.1971272606e-01 -6.9980391496e-02
-5.5027803814e-03 -6.7504256723e-02 -5.7675980909e-02 4.1066429272e-02 -4.1469541044e-01 3.4037469876e-02 -2.9682981786e-01 -4.3627805231e-02 -1.8246256340e-02 1.3637527521e-01 -1.7175553666e-02 -9.7509504214e-02 -1.7683793581e-01 -8.5333850541e-03 1.5989500021e-02 1.6185397900e-01 6.3053898290e-02 -5.4982808293e-02 2.3290767973e-01 -1.8685700305e-01 -6.4937082969e-02 -4.7743680760e-02 -1.0833419301e-01 -1.1081004691e-01 1.4251456035e-02 1.3848453608e-03 -4.8041625767e-02 -1.2608895590e-01 -1.6045839473e-01 -9.9061438142e-03 1.9354613990e-02 -9.3114502566e-02 1.4109494025e-01 -3.4659222872e-02 -2.0317555342e-01 7.6150158082e-02 9.8453855714e-03 3.7898345190e-02 1.0990974737e-01 1.0298723027e-01 -1.7274603292e-01 -1.0348092993e-02 6.2556102225e-03 3.4564282605e-02 1.3041278360e-01 1.2580884890e-01 -5.8530412723e-02 8.0178812604e-02 -2.4981714286e-02 4.8284713473e-02 -1.3345766650e-01 1.2081599802e-01 3.1208101975e-02 -5.7581540917e-02 7.7695780355e-02 -4.7101821339e-02 5.9418613848e-02 1.0328323781e-01 1.8750008396e-02 1.1560815725e-01 6.2154139465e-02 2.6639313433e-02 1.0526541878e-01 -1.6702365572e-02 1.5420646094e-01 7.1261619877e-02 -3.8128063771e-02 4.3553863446e-02 1.0460888777e-02 7.0476400040e-02 1.8190925285e-02 3.1416107180e-01 -1.1621532215e-01 -2.1297289316e-01 1.6388617660e-01
-1.7378782075e-01 6.8686309668e-02 7.5503144124e-02 -9.2574983177e-02 -1.6171844983e-01 1.3432411040e-01 -8.6376682530e-02 1.0176044209e-01 2.8895073389e-02 -1.5485923812e-01 -1.2286442228e-01 1.1139661706e-02 -1.2887308842e-01 8.3174807876e-02 1.4215378604e-01 -1.6525474363e-01 9.8436785488e-02 -9.4423231523e-02 3.1059771366e-02 -1.8530128453e-01 -8.5209627006e-02 -2.5955016647e-01 -2.1833213453e-01 -3.4146066061e-02 8.7194730244e-02 1.3989052398e-01 5.2372291020e-02 -1.3695107427e-01 -1.0385475640e-01 -4.5801446191e-02 8.1287975350e-02 -3.8134670518e-03 1.4258554971e-01 -6.5438904200e-02 7.5022968826e-02 2.3923106858e-02 1.2882117474e-01 -1.7344249373e-01 1.7560250754e-01 2.4565081408e-03 6.3972346760e-02 3.6952245587e-02 2.9269164850e-02 7.8222731387e-02 -2.1075427463e-01 5.0764197510e-02 3.6017014816e-02 -7.3347931331e-02 -5.5695917947e-02 -4.9253881253e-02 1.3383667929e-01 3.4279227017e-02 -7.0912755261e-02 1.2969654262e-01 -1.7040000754e-01 1.1966529546e-01 -1.5398872138e-03 -1.2516059799e-01 -1.3284793506e-01 8.8587407505e-02 -7.3942794610e-02 2.8035490372e-01 -9.1469178776e-02 -1.1974749835e-02 4.8338321876e-02 -4.9558030200e-02 1.5787809966e-01 5.4668620963e-02 1.7810560324e-01 -8.3272536615e-02 -1.7952806928e-01 -1.6523587294e-02 4.8355638713e-02 -2.4178052534e-02 1.7248289375e-01
1.4115769863e-01 -5.9147227489e-02 4.5599111956e-02 -2.3824090587e-02 -3.7531497964e-01 -2.2516737304e-02 1.0248327185e-01 -3.5031899446e-02 2.7397346439e-02 2.6206307360e-01 -4.3423437800e-02 -2.9338889163e-03 -1.1354633634e-01 -1.6057655854e-01 -7.4378085405e-02 -1.7996924923e-03 -1.9881264585e-01 -4.3371368567e-02 -7.5170993878e-03 -2.4085951097e-01 -3.6215650897e-02 -9.7250093840e-02 4.4132562182e-02 1.5116981729e-01 -8.7641350948e-02 -1.1578227947e-02 -8.9802876725e-02 -2.5277261365e-02 1.3626315192e-01 1.6608296403e-02 8.8956464383e-02 4.0901983453e-02 4.0894300305e-02 9.4908194663e-02 1.1974246995e-01 1.4987246880e-02 2.3094589877e-01 6.5260436414e-02 3.3847028142e-02 1.3490642722e-02 -5.8305764082e-02 3.4272624664e-03 2.4748010371e-02 3.9111988374e-03 1.4302211167e-01 8.7573321482e-02 1.5236428238e-01 -1.8556488174e-01 2.0088235904e-02 6.8860037478e-02 -1.1248134824e-02 -1.3509208907e-03 -1.8578736180e-01 2.0335812500e-02 -1.3728715908e-01 -1.7711088765e-01 -8.7377033833e-02 3.1709438210e-02 7.8732565563e-05 2.4647065721e-03 1.1637295519e-01 7.0220949244e-02 6.4620440190e-03 5.7263976570e-02 4.9774813392e-02 5.1420227520e-02 1.0269986785e-01 -2.2066536190e-03 -3.6981861129e-02 6.4995166637e-02 1.9667426049e-02 -1.3716668040e-01 2.1645208317e-01 -3.2698998045e-02 1.0588067832e-01
-9.5883418562e-02 1.8706114167e-01 -1.0811231307e-01 -3.8223214449e-01 -2.2240790461e-01 6.5673846431e-02 6.3081542295e-02 1.5979956246e-01 5.3060910447e-02 -1.2363886919e-01 1.6423875351e-02 1.8794047888e-02 1.1270759752e-02 -1.0526091037e-01 6.9066015028e-02 -7.9537892025e-02 -1.3231720136e-01 -7.1436545072e-02 2.0692343570e-01 9.1635387554e-02 1.9036968577e-01 1.2424641005e-01 8.5232593498e-02 -3.4830793991e-01 2.1339067358e-01 1.6091199402e-01 6.1592546601e-02 -3.9038898862e-01 1.6925642596e-01 -8.5859632045e-02 -5.4544865324e-02 2.8698137577e-01 -1.1433826985e-01 1.2556457894e-03 -1.2514751421e-01 1.3539182159e-01 -4.3702390006e-01 5.7484586054e-02 1.7670216104e-02 8.1817881212e-02 1.6700480842e-01 1.5908478056e-01 -2.5249633631e-02 2.4577089608e-02 2.4408863359e-01 2.0687453574e-01 -3.7752490395e-01 -1.4311556878e-01 1.1493398325e-02 -1.6583845980e-01 -5.6222484967e-02 1.3325063441e-01 1.5784037662e-01 -1.7668621276e-01 8.3315823058e-02 -2.5557406477e-01 7.2997148765e-02 -1.5491463463e-01 -1.2205831916e-01 1.4303563720e-01 8.0248486476e-02 -2.7361884549e-03 -7.0378314254e-02 1.1867849779e-01 -2.2812603662e-01 -9.8980916500e-03 1.9406645584e-02 3.2490847970e-02 3.3735940324e-02 2.5911384766e-02 2.6348801976e-01 3.5779286350e-02 1.4697085590e-02 -1.0869906062e-01 -1.9583777834e-01
-1.7625058592e-01 1.3726760791e-01 2.6395702040e-02 -2.2665040797e-01 -7.8395339805e-02 -3.3539711380e-02 -1.0977951131e-01 2.5517710684e-01 -1.7152457782e-02 -8.6730835800e-02 -4.2194267760e-02 3.0691996135e-02 6.7397938350e-02 1.3484514373e-01 -1.6141902884e-01 1.0988424595e-01 6.4670165697e-02 8.8446040665e-02 2.4915042239e-01 -2.2336039949e-02 1.6897479026e-01 2.6921685177e-01 -4.6657131150e-02 -1.7100363811e-01 2.1374208036e-01 -1.7390213800e-03 9.2080084916e-02 9.5937123103e-03 9.0209886858e-02 1.0595465458e-01 3.0284771670e-02 5.2444793539e-02 -1.0169712609e-01 8.9618113767e-02 -4.1188317600e-02 -1.8826458959e-03 -1.5439783489e-01 4.8171473916e-02 -9.1184830410e-02 1.5820229005e-02 1.3155809097e-02 2.2439113547e-02 -6.1748330679e-02 4.9434588891e-02 1.8435865778e-01 1.7495302730e-01 -1.6351935228e-01 -1.6812468133e-02 1.7159717938e-02 1.1833387151e-02 -5.3272834009e-03 -8.8211084280e-03 4.9427272764e-03 -3.3168695849e-02 -8.1477054497e-02 -6.8859690007e-03 -1.0459452931e-03 -5.7461705741e-02 -2.1590227659e-01 2.6464100030e-02 1.9304015433e-01 6.4343818224e-02 -5.4362968356e-02 -6.7838661532e-02 2.6822794257e-02 1.1889886049e-03 -6.1948383341e-02 7.0602276593e-02 2.0312921136e-01 -1.1136182733e-01 2.1288126324e-01 -4.2200587056e-03 -1.5978280113e-01 -6.3254352575e-02 -5.5719749933e-02
-3.7171242225e-02 2.8039820111e-02 2.1041544534e-02 -1.5389585112e-02 8.1049454420e-02 9.8206512449e-02 1.1204210509e-01 4.2421325546e-01 1.0755622224e-01 1.2289501295e-01 -7.9171674052e-02 -6.2205552314e-02 -1.2264284918e-01 -1.2731309456e-02 6.7498465507e-02 1.5415259577e-01 -2.6849416366e-03 -1.5129208157e-02 2.3783514406e-02 -1.5026634128e-01 -3.1648461603e-01 -1.0231415899e-01 -1.0049241891e-01 4.2654336267e-02 -1.5933626865e-01 -1.6670096661e-01 1.4365455789e-01 -9.7397799270e-02 1.0149278439e-01 2.0956801050e-02 1.4426815554e-01 1.0886945755e-01 9.3860145127e-02 -7.9030597776e-02 -7.4759708506e-02 -2.6851238927e-02 4.6189049097e-02 -2.5790884471e-01 -3.6492341047e-02 -4.5038116073e-02 1.2115198710e-02 6.1127923116e-03 -8.8191704745e-02 -1.4563639503e-01 7.1866525231e-02 -1.6974553790e-01 -1.3412393829e-01 9.0173406518e-02 9.9961875029e-02 -1.3684656181e-01 -1.5090691123e-01 8.1991747922e-02 7.1631808323e-02 5.7210075734e-02 -7.7285881624e-03 4.6863158673e-02 -6.8690247133e-02 8.3426900586e-02 1.6611287756e-03 -8.6067926440e-04 -3.3823102666e-03 1.0977294674e-01 1.8850333394e-01 6.3825319887e-02 2.0803380636e-01 4.0040595053e-02 6.8884174682e-02 2.9078753058e-04 -2.3369158369e-01 -7.4732316558e-02 -1.1507214371e-02 -3.3347343104e-02 -3.6210232664e-02 2.7234410516e-02 5.1142360494e-02
-2.0952363716e-02 9.3287591477e-02 -1.1352177769e-01 -6.9759491896e-02 1.3253056558e-01 1.2069150447e-01 8.1103009925e-02 -8.2329253800e-02 1.3026514118e-01 -9.6409028257e-02 -6.1193262329e-02 3.0753670159e-02 -2.9638292545e-02 6.6114823416e-02 3.4994031936e-02 -1.0277188385e-01 9.8169256534e-02 -6.0860448053e-02 -1.2215580161e-01 -7.9970836335e-03 -1.5878567477e-01 -1.0436356497e-01 -6.5499491277e-02 3.4481112561e-02 -7.7531739466e-02 -7.2883327589e-02 -9.6528884365e-02 1.5721902756e-02 1.9521138509e-02 5.4018983628e-02 1.3792012590e-01 -7.2712713331e-04 -1.3975514938e-01 6.4489069622e-03 1.0096412503e-01 -4.8903795458e-02 -1.1135344844e-01 -1.8700240277e-01 -9.8023921045e-02 -7.8369524282e-02 -6.8351791943e-02 -3.9607439751e-02 -3.3083516271e-02 6.4007208383e-03 1.9857650461e-02 5.7424757581e-02 -1.0561493259e-01 -3.1605069037e-02 -1.2460248543e-02 -2.1204314601e-01 -4.3889318648e-02 -1.0602111878e-01 1.3857192686e-01 1.0358681484e-01 -2.3582903879e-02 -3.8170866363e-02 1.5296566934e-01 -2.8638383336e-02 -8.7858262596e-02 2.9575906826e-02 9.1281422870e-02 8.3897486186e-02 -3.2824447294e-02 7.0598071382e-02 -1.8848225460e-02 -7.6270307433e-03 4.5458627462e-02 -3.2681064058e-02 2.9217371409e-02 -1.0748474703e-01 -1.3021928500e-01 -4.5430350834e-02 6.3805850700e-02 6.9934632306e-02 4.7378840728e-02
-2.5736493150e-01 -1.4721900759e-01 -9.1077464870e-03 -9.7194445661e-02 -8.8961899419e-03 3.0432867295e-02 1.0241764179e-01 -1.4910326162e-01 1.1853809442e-01 -1.6556234163e-01 -4.1278381588e-01 -4.8439299494e-02 1.4112671152e-01 -1.3483172114e-01 9.1599242165e-02 -1.5270508338e-01 3.4977102599e-01 -1.5659544009e-01 1.1101435080e-01 9.5889217276e-02 1.6595256955e-01 -1.4994893627e-01 1.2543026559e-02 7.9079597115e-02 5.6303031124e-02 -2.1441733078e-01 -2.8234243793e-02 2.7734656317e-02 2.8447519634e-01 -4.5518287066e-02 6.8423048278e-02 7.6040406978e-02 4.8102470563e-02 2.2501508415e-01 -9.4415456417e-02 -4.2960262919e-02 7.0034324979e-02 1.3922524584e-01 -4.1303316585e-01 -7.5802843448e-02 1.2940949123e-01 -2.8105931757e-04 3.2551696821e-02 -3.5704831560e-01 6.7282174822e-02 2.0862822011e-01 -3.2056381006e-02 -1.6830586331e-02 1.2292435882e-01 -1.9558239130e-02 1.6727401701e-01 -5.6523854392e-01 6.1841068935e-02 1.1438528795e-01 -5.5796945767e-02 1.2602372482e-01 1.2425677011e-01 -9.8604124200e-02 -4.1925259988e-02 2.4926211498e-02 -6.7581024363e-02 4.9687055258e-02 9.5708734210e-03 2.4054141911e-02 -1.9897334175e-01 -9.5823705322e-02 1.3962637762e-01 6.1270350661e-02 1.6459540491e-01 1.3006553250e-03 2.4935174345e-01 3.6020907609e-02 -6.1411584288e-02 2.6340941821e-01 3.0245240985e-01
-1.6918059868e-01 -1.4937918537e-01 6.6012262505e-04 1.7980178871e-01 -1.7390535646e-01 6.5794816289e-03 -5.7074055767e-02 2.8712337102e-01 -4.4911289987e-02 -1.9642216702e-01 -1.7071117802e-01 -4.5643869320e-02 -3.2746461274e-02 6.9998970210e-02 6.2881951773e-02 -2.5854707649e-01 3.3446029779e-02 5.9206973730e-02 -1.0606591416e-01 -9.9133452820e-02 -7.5367538915e-02 -2.9115727473e-02 2.4683556311e-02 1.3066229526e-01 9.9397076022e-04 -2.2532493483e-01 -6.8442302926e-02 -2.2718367723e-02 -7.7919414758e-03 1.7362610212e-02 -1.0772485188e-02 1.2046865374e-01 -2.8449331458e-02 3.5953691763e-04 2.7543698537e-02 -3.5613555437e-01 8.8094629487e-02 -1.0530528320e-01 8.4317193782e-02 6.8871350489e-02 -4.9477175747e-02 6.6054171262e-02 -2.8492524950e-02 -2.0086281213e-01 -1.5081064773e-01 -1.3004641597e-02 1.6108627722e-02 -3.4755676496e-02 -5.2807179359e-03 -8.5073419211e-02 1.7761595180e-01 -1.4824950419e-01 -2.2256863709e-02 2.9110410726e-02 -1.7492296093e-01 5.7764375619e-02 -1.4050431712e-01 -3.3330461688e-02 -1.4641078730e-01 -1.4466425479e-01 -9.7861405029e-03 2.4129691137e-01 -1.2240343505e-02 3.0384433834e-03 1.8461273036e-01 1.1958895993e-01 -7.1634179471e-02 -1.8603269852e-01 1.4714113827e-01 -2.2866165752e-01 -1.2012023877e-01 -1.1057750586e-01 -2.3526445234e-02 2.8837521697e-01 6.7322244535e-02
2.9687720949e-01 1.6320102940e-01 -1.2197975683e-01 2.2461434424e-02 1.7664965481e-01 -3.6849075998e-02 -6.1965651741e-02 8.3609166596e-03 -3.4844609121e-02 6.0157890522e-03 1.3605216183e-01 2.9395829787e-02 8.1026572727e-02 -9.0274639194e-04 -4.1090715685e-02 2.0529295586e-01 -9.9864961334e-02 6.6892234777e-02 -1.2059965003e-01 1.5115140808e-01 -9.9201997124e-03 9.3486477000e-02 1.6403083514e-01 -6.6627286867e-02 -4.9776932561e-02 4.9708333013e-02 -3.3737356443e-02 -8.0561951826e-02 1.9986628931e-01 -6.4567260201e-02 1.5696793939e-01 -1.4443325991e-02 -6.1746793889e-02 2.6528460459e-01 3.0623736403e-02 8.2892497353e-02 2.5302876188e-01 1.5989947922e-01 5.0877058069e-02 -1.3056829733e-01 -8.5709794044e-03 -6.3991024683e-02 -3.5652117514e-02 4.6759451040e-03 1.6976736181e-01 3.7646229860e-02 9.3882708417e-02 -1.0046282270e-03 -1.7432662956e-02 -9.9251038397e-03 -1.8670917097e-01 3.9319547813e-02 1.1837508496e-01 -1.6083943174e-01 -1.4230111449e-01 -1.5444569262e-01 4.9256096641e-02 3.4780080355e-02 9.9840748271e-02 5.4677467763e-02 -3.8622169284e-02 2.8657958534e-02 1.1064491775e-01 -4.8516134370e-02 1.2487467165e-01 7.5390921977e-02 2.3680007916e-01 -9.2322955465e-02 1.2186197376e-01 5.6092751655e-02 6.9441351314e-02 -2.4373218031e-01 1.0630953002e-01 -1.2546853899e-01 -3.2099624718e-02
1.8587304238e-01 -7.2000553447e-02 -5.9609062084e-03 -6.4575580515e-02 6.3951173221e-02 -3.2948967276e-02 -6.9556446153e-02 -1.3398157671e-01 7.0701004382e-02 -5.2444706244e-02 -1.2113631084e-02 -1.3260987006e-02 6.7978032382e-02 -5.3810525470e-02 -3.9666753522e-01 -1.0662222738e-01 -2.0806149553e-02 -1.0184188631e-01 4.3970969368e-02 1.6472105262e-01 -5.1371056871e-02 5.4053240017e-03 1.4586417039e-01 1.1618455099e-01 1.0889966035e-01 -1.7201454035e-01 -5.5997042143e-02 -9.3483782412e-02 7.6321488391e-02 -3.2426117983e-02 -1.3356617965e-02 7.5358082687e-02 2.1229734091e-01 7.3616195679e-02 2.2947341886e-01 -4.0535985234e-01 4.0643994888e-02 -1.1972591127e-01 -1.1796357032e-01 -3.9842777852e-02 1.4064035679e-01 -1.2080704800e-02 -3.4561241680e-04 -2.0333837146e-01 -1.3940176240e-01 2.0200344781e-02 3.0937584703e-02 -2.5911854655e-02 3.7656112495e-02 -8.7239937515e-04 1.0060673966e-01 -1.0823039187e-01 5.6367213745e-02 2.5646349886e-02 1.3689145968e-01 1.2095364242e-01 1.6177013369e-01 -4.0318292898e-02 -2.2240311017e-02 -2.4175165712e-01 -1.0132327522e-02 1.3974285439e-01 4.1054246662e-02 6.6954832927e-02 -2.4592601232e-01 -1.7115310183e-01 -1.6158924597e-01 -2.2657847911e-02 -2.5209748566e-02 -5.9201387305e-02 1.6409772912e-01 1.3275378039e-01 7.2997388924e-02 1.5430423220e-01 7.8937541481e-02
-1.3366230739e-01 9.2030728884e-02 -7.7078465731e-02 -8.7345095883e-03 -1.6764393032e-01 -6.2204853536e-02 2.5238032499e-01 1.3697246413e-01 -3.0069769705e-02 1.1041098838e-01 7.9982881837e-02 1.2306136263e-04 1.0561897495e-01 1.3111069803e-01 5.8835366248e-02 1.6606518346e-01 8.4147611822e-02 1.2195037381e-01 -4.2698614879e-02 -2.6640180179e-01 -1.3897493812e-01 -1.7337962950e-01 -3.1534510761e-02 3.1341126178e-02 -2.9997334911e-02 9.1115009579e-03 -2.1136516994e-02 -2.5123589626e-01 8.4682853766e-03 7.0011850256e-02 1.1896249601e-01 1.7441791261e-01 -8.1716302953e-02 1.4552318538e-01 7.3431139285e-03 1.1444028341e-01 -7.0164175239e-02 -1.8796936704e-01 2.3531271786e-01 -3.3572933889e-02 1.0679833914e-01 -3.3119426276e-03 -2.1285316049e-03 1.9774641983e-01 1.4931953506e-01 1.4665485697e-01 1.7967652565e-01 -1.4423281731e-01 -2.7523487986e-02 -1.2862999081e-01 1.2262021288e-01 -5.9516576186e-03 -1.5674936668e-02 1.4414713462e-02 -1.9560456776e-01 1.0726465228e-03 6.5223631959e-02 4.0156568758e-02 -2.8645003968e-02 7.9101585766e-02 -3.0110838950e-02 5.0178123812e-02 8.0353032003e-02 -1.7516772313e-02 4.7525084447e-02 6.7041448855e-02 3.8297479849e-02 2.9274641230e-02 6.4032751934e-02 1.6477732620e-02 8.3394059009e-02 -1.1112936745e-01 1.2450390059e-01 3.6262216123e-02 -3.9266488121e-02
7.5389154830e-02 5.1980563173e-02 3.1633213194e-02 -1.2891439583e-02 -2.6431662633e-02 -1.3899131636e-01 -4.7131152139e-02 1.3197506370e-01 3.0256111522e-03 -9.1049910609e-02 -1.1247661087e-01 -1.2816780206e-02 -1.4466237728e-01 -1.9039356682e-01 -2.3980134292e-02 -4.1333239652e-02 1.5905566878e-02 -2.2024060676e-02 -1.0909065338e-01 1.3160492711e-02 -1.1819969353e-01 -1.1086095705e-01 -1.0559504473e-01 2.2551308846e-02 1.1011968556e-02 1.0691629632e-02 4.9519148704e-02 1.3749958891e-01 -2.1511043467e-03 -3.7531710933e-02 -6.9980120735e-02 -5.0189813961e-02 1.7435685906e-02 4.2748845800e-02 -4.3538801815e-02 2.3415085696e-01 3.5199878015e-02 4.0565165488e-03 -6.7590623851e-02 7.3479962064e-02 1.2943800823e-02 -1.8519396080e-02 8.3158003020e-02 -1.9603595237e-01 4.8836640838e-02 -2.2793886630e-01 4.2095584248e-02 -5.4445520036e-02 -1.5185669824e-02 2.5691376308e-03 1.6841162956e-02 -2.0987834460e-03 1.6315007305e-02 -1.2629679729e-01 -6.7224269097e-02 7.0734458589e-02 -7.5001785551e-02 5.9534408107e-02 -9.2382353070e-02 -8.2458174460e-03 -5.7310479027e-02 -1.8551009616e-02 3.8514722589e-02 -3.7832033440e-02 2.8591041926e-02 -1.7479421188e-01 1.3919057754e-01 -5.1465533774e-02 4.7176253502e-02 2.8974791181e-02 -6.0300206726e-03 2.6962681984e-02 1.5183022273e-01 -8.4703444880e-02 4.4610535801e-02
-4.7772829605e-02 1.1572849587e-01 3.4640937120e-02 -1.0440815245e-01 -2.3965455499e-02 -1.2888853426e-03 1.2629802171e-01 -1.2632447969e-02 -1.8809626924e-02 1.8421135795e-02 1.7294424605e-01 7.0885150042e-03 -3.3330410976e-02 -9.4762374856e-03 1.0302932604e-01 -8.9103920548e-03 -1.0983541236e-01 7.7339396849e-02 -1.6864166005e-01 -1.5146253226e-01 -1.4775898459e-01 -9.7732567895e-02 6.8501804148e-02 -8.2544918769e-02 -4.7448543654e-02 2.3962992144e-01 8.2267502336e-02 -1.0205011356e-01 -9.0313593920e-02 2.9624634008e-02 -3.4975722575e-02 6.7132565822e-03 -1.5220221324e-01 -1.1179252899e-02 -3.3978508063e-02 -1.2646235608e-01 -1.2863310887e-01 -8.5908833835e-02 2.2867909190e-02 -1.1215085742e-01 -3.7481817099e-03 -6.2249277689e-03 -1.0152881715e-01 2.4487216311e-02 -1.3121389643e-01 -1.1351933731e-01 -2.6361935940e-02 -7.7548571459e-02 -6.5456316452e-02 -1.8273213477e-01 7.9473645080e-02 8.8983726695e-02 5.1601045125e-02 7.3754693166e-02 2.1511010352e-02 -2.3194318803e-02 -5.8904315592e-02 -2.7980756834e-02 -1.0362678178e-01 7.9546383319e-03 5.7777626136e-02 -2.8797787854e-02 -1.6053308275e-02 1.4561731620e-03 5.0828323436e-02 1.1245902021e-01 1.3050285099e-01 3.8837066320e-03 -1.1923258655e-01 -2.8065171443e-02 -1.0629370816e-01 -1.3772977481e-02 -1.1442316506e-01 -5.4508881148e-02 -1.0849211129e-01
4.4139013924e-02 -1.0232795001e-01 -4.6443056583e-03 1.9766398382e-02 7.9435420950e-02 1.0217035205e-02 -1.4000631924e-01 6.6682619791e-02 -8.6028613479e-03 5.7387108291e-02 1.3858934612e-03 1.9550770631e-02 -3.1953574871e-02 -1.4838417881e-01 3.1216032280e-02 -6.8134191725e-04 2.9465610044e-02 1.2372419684e-01 -1.0270863298e-02 -6.2881244099e-02 -8.4791778000e-02 -4.6045858130e-02 -4.2412172612e-02 -1.2558133965e-02 -8.3379931761e-02 -1.7146380353e-02 -2.1833469018e-02 -5.4553799978e-02 1.5559914286e-01 -1.5574361712e-02 1.6479727567e-01 -7.3547641988e-02 -5.8148145961e-02 -4.0395654372e-02 -4.9602846205e-02 2.2188156788e-02 -2.4401366987e-02 -1.0943634688e-02 -2.3584995191e-02 -2.4266469189e-02 -1.0413672103e-01 -5.9983262921e-02 1.1855823064e-01 -4.2174546202e-02 3.8485075443e-02 -1.4470747302e-01 -5.8719964582e-02 -6.0429372127e-02 -1.9447589236e-02 7.7705095611e-02 -6.4431774824e-02 -9.9423183225e-02 -2.9498290882e-02 -5.6024884827e-02 -1.8656054671e-01 -5.9198688385e-02 -6.7233098681e-02 -5.4611778285e-02 -7.2548518553e-02 1.8252585279e-03 2.1131554016e-02 -7.5413317536e-02 -1.0079069731e-01 -4.4399286929e-02 -1.3249307306e-01 -2.5783630212e-02 -2.6257466742e-01 1.2531870069e-02 -1.1529199299e-01 -7.4339098191e-03 2.9128320167e-02 -1.0593846794e-01 1.6446239595e-02 -8.4215189649e-02 1.0483338041e-02
1.3615534927e-01 -9.4893150979e-02 9.8084361868e-02 1.5750993632e-01 -2.9373447593e-01 -3.5621649131e-02 7.3614077849e-02 2.5849184711e-02 5.3660229903e-02 1.6489435223e-01 -1.1063974068e-01 9.7712984157e-02 -1.5740796340e-01 2.8534589467e-02 1.5055766196e-02 1.8665720917e-01 -1.4130720106e-01 -3.3262486891e-02 4.4961407911e-02 -3.1456882045e-01 -1.8648727374e-01 -9.0495712014e-02 -1.3059538293e-01 9.6521925434e-02 -1.2687391595e-01 8.5796140976e-02 -2.5596377074e-01 9.9428134345e-02 -1.6367403749e-02 5.8277823260e-02 4.1971018466e-02 2.7046835310e-02 1.7465855741e-01 8.0289035110e-02 -7.4368350697e-02 -2.9989913844e-02 4.1031209324e-01 -7.4323318164e-02 4.5564517129e-02 -1.9301840386e-03 -2.9995466856e-01 3.0123429669e-02 -4.1342405885e-02 2.1565991108e-02 2.3170950628e-01 7.2696925150e-02 1.2943308204e-01 -2.8413713068e-01 -7.6054325371e-02 6.7543686177e-02 -4.8375951699e-02 9.0180542592e-02 -8.1300999414e-02 1.7078305761e-01 1.0856494988e-01 -1.2141094492e-01 4.5265106817e-02 4.2071605758e-02 -1.0344364884e-02 1.1431474419e-01 1.1953516508e-02 2.1055229810e-01 4.5965111956e-02 -7.1481914589e-02 -1.6786869260e-02 -1.8078045886e-01 1.1458863611e-01 9.6198440687e-02 -8.8548815883e-02 8.3517744898e-02 4.0261052156e-04 5.7971517646e-02 -7.7517108531e-02 5.5388739492e-02 1.3076928565e-01
-2.2356395013e-02 8.1094582375e-02 -2.4066504954e-02 -7.3188515997e-02 2.3469082548e-02 -7.3125537594e-02 2.3464176404e-01 3.1924113588e-02 1.3824565480e-01 -7.4602261334e-03 4.7335964839e-02 1.0083017102e-01 -6.2001595148e-02 -9.1125935082e-02 2.4203071489e-01 3.7346632087e-03 1.5064388547e-01 -1.1271375090e-01 -7.2478021484e-02 4.5417078417e-02 8.3918335477e-02 -5.7999455639e-02 -8.1655691403e-02 -2.0737252088e-01 3.2725934308e-02 9.7348376937e-02 -4.1341985916e-02 8.5560511826e-02 -9.9286828544e-02 1.3222136049e-03 -1.4671829807e-01 -2.1522191267e-02 -7.9338849140e-02 1.7671975510e-01 -7.4775543890e-02 9.9568402258e-02 1.1363528954e-02 2.7057531598e-02 -3.8149830420e-02 5.7759875365e-02 -1.2207845676e-01 -6.3568690482e-02 -2.3383846133e-02 1.8532822478e-01 2.0973181678e-01 3.6608355969e-02 -5.6212132622e-02 -4.2041700156e-02 -4.5625018610e-02 -5.1216912302e-02 1.3494210702e-01 -5.5967250660e-02 -9.6395608598e-02 1.0615174576e-02 -8.8409867685e-02 -1.8607791533e-02 -1.6896582177e-02 -8.6019530726e-02 -7.1249314733e-02 6.1267520209e-02 -3.5475508914e-02 9.3237383816e-02 -6.0823685236e-02 4.8387635275e-02 -2.0635067694e-02 1.1446501266e-01 -1.1903954626e-01 5.6750857963e-03 -1.5472572213e-01 -3.1956410059e-02 -4.6733293033e-02 1.4552027352e-01 1.4296505723e-01 -8.8248947686e-02 1.2601885620e-03
-1.0023914218e-01 2.4314577992e-02 2.2659819328e-02 5.9957291771e-02 1.7191751029e-02 9.3542998114e-03 -1.2562759534e-01 -1.8117496612e-02 8.3653732692e-02 -1.8926643441e-02 5.7712539123e-02 1.1347337319e-01 -2.1986523440e-02 -4.6806128854e-02 1.2649401803e-01 -6.1196956203e-02 -8.0414472814e-02 3.5503583724e-02 -8.6097804319e-02 -6.2249680862e-02 5.0545654244e-02 -3.9137134746e-02 3.2456038931e-02 -1.0208877465e-01 5.5141179704e-02 -8.5270477202e-02 -2.2247416766e-01 9.7309136286e-03 -4.3348111054e-02 -1.9196474419e-02 7.6280030762e-02 -5.9245783692e-02 -1.5007375786e-01 -8.8391500495e-02 9.1156210850e-02 -1.1214093764e-01 -7.2487924892e-02 -7.0842082526e-02 2.2523283622e-02 -1.2113195005e-01 -1.5097174060e-01 7.6256011348e-02 -6.3905097858e-02 5.3871064590e-02 1.7511982583e-02 -3.1617484813e-02 -8.9961461708e-03 -1.2971703064e-01 7.8709342147e-02 2.6766353585e-02 -4.1218533376e-02 -1.1743173841e-01 -1.9346488960e-02 3.1219113061e-03 -1.2580986575e-01 -6.6514134723e-02 3.6631294527e-02 -6.1400080952e-03 -8.6073727845e-02 -7.1799124083e-02 -3.4120120184e-02 3.9969031175e-02 -5.7592356049e-02 -2.9469218575e-02 1.2848392508e-03 3.4474873306e-02 -8.8156462568e-02 5.7675038441e-02 4.8042622945e-02 8.7059989609e-02 -3.9603987124e-02 6.0965699386e-02 6.5092951223e-02 6.8733161496e-02 -1.5577608602e-01
9.8628734914e-02 1.3827466399e-01 -1.3372317773e-02 -4.9652314911e-02 -2.9775804055e-01 8.3612592846e-02 -2.5359556535e-01 1.6206765717e-02 -2.7268462760e-03 1.1486004880e-01 -1.5149137251e-01 5.7015143321e-02 -1.4528119695e-01 1.9430905196e-02 3.8153282941e-02 -1.1384944099e-01 1.6971716282e-01 3.1462107223e-02 -8.1274585005e-02 -2.4747731124e-01 -1.3587801583e-01 3.5980462953e-02 -3.8226946605e-02 2.7007548030e-01 -1.0067774381e-01 -6.5699128792e-02 -2.3679295332e-02 5.3685447999e-02 -3.2061959030e-03 1.1621980531e-02 5.9805966584e-02 -1.0731963228e-01 6.1907021933e-02 -2.0111461055e-01 1.7674313909e-02 3.5758598682e-03 1.8964109202e-01 -5.5320601181e-02 -1.0214704148e-01 1.7697708160e-02 -1.0577986154e-01 -1.5437683390e-01 9.4771159503e-02 3.6518411849e-01 1.1782996231e-02 5.9306423952e-02 8.9394697021e-02 8.9062425204e-02 -4.6081324443e-02 1.6218997347e-01 -7.6424200713e-02 6.6081351404e-02 -2.1587979464e-02 2.4102662875e-01 -1.2800907081e-01 1.5151139647e-01 -7.9616079416e-02 1.7082367295e-01 -4.1791987315e-02 -8.7980514908e-02 -1.2472114459e-01 -8.3953107316e-02 7.5710129615e-02 1.2580423501e-01 1.1542737329e-01 -2.4486200856e-01 1.9678925236e-01 7.6300509953e-02 1.1762024964e-03 -1.2495516982e-02 -3.6881361311e-02 3.7744149164e-02 -1.6708546065e-01 -2.3021412063e-01 3.4210411685e-01
1.3501078495e-01 1.9526143084e-02 -9.4431231555e-02 3.9305013323e-02 1.1394724873e-01 -2.7665004836e-02 -1.2159504327e-01 7.7722869105e-02 -5.0396906125e-02 -9.1972717447e-02 -9.0586437619e-02 -4.7717914091e-02 9.6212487062e-02 -6.7918947376e-02 1.4958796894e-01 8.4305073763e-02 9.5254085998e-03 1.8317922740e-02 1.4463728678e-01 1.2548712357e-01 4.0394116711e-02 6.9608854516e-03 -2.5811454239e-02 3.2341732285e-02 2.2140025221e-02 -1.6420236169e-01 1.1001138118e-01 1.6585598093e-01 8.5812964431e-02 5.6320230950e-02 -6.7824974643e-03 -2.6374804946e-02 1.2474727547e-01 3.8869663256e-02 -1.1994277603e-01 1.0254595497e-01 1.6664455855e-01 3.0892290483e-02 -4.7483040553e-03 2.9028925319e-02 3.2590742683e-02 -6.2467886779e-02 9.6870798976e-03 -1.0080910947e-01 1.4566157282e-02 2.3509594254e-02 4.1767921687e-02 2.1858836656e-02 -7.6869236204e-02 1.6604549336e-01 8.3615282306e-02 -7.0749237807e-02 -1.1243525652e-02 1.3345238200e-01 5.9680085097e-02 1.0694849554e-02 6.3955872818e-02 1.1278920675e-02 9.2551105079e-02 2.9438822473e-02 1.5073773132e-02 4.0048471679e-02 -7.5382336175e-02 -6.3370428238e-03 -1.0536509323e-02 4.5042862109e-02 2.0055822558e-02 -1.9023147315e-01 -1.2386537698e-03 1.2719876406e-01 -1.5532901586e-01 -7.8450074223e-02 1.1707098300e-01 1.1202644170e-01 -6.6252625656e-02
3.9285525202e-02 1.2342990648e-01 -4.2665141545e-02 1.5562267323e-01 -1.2084105144e-02 -2.0294814878e-04 1.5466039229e-02 5.8871886732e-03 -6.3257548056e-02 2.4365341138e-02 -7.1110775041e-02 5.5536347300e-02 -3.5120017051e-02 1.0440968471e-01 1.7367700880e-01 2.9202149341e-01 -9.1163154693e-02 8.5692585954e-02 -1.6012465176e-01 -9.7980217429e-03 -7.1641185763e-02 -2.5278000380e-01 -6.6243640663e-02 8.0753879750e-02 -3.8186647483e-02 -2.3967686878e-01 -3.2792036385e-02 -9.1607230520e-02 -3.9675529541e-02 2.2871071241e-02 1.9037249108e-02 -3.7174754247e-02 1.8309966446e-02 -4.2221663336e-02 -1.4352996152e-01 2.2164805765e-01 1.5321390488e-01 5.9685707016e-02 8.4230212309e-02 1.0125259834e-01 5.3576865360e-02 -4.1438934711e-04 -1.0753593479e-02 1.0756253223e-01 -1.2846349198e-01 -6.2046246821e-02 1.0637364352e-01 -3.0505071339e-02 1.2325332148e-01 -2.1104976124e-01 1.1919082572e-01 7.7356675931e-02 -1.6168081793e-01 1.5164121895e-01 -1.9063814936e-01 4.6533656385e-02 4.0116553408e-02 9.8692052739e-02 -1.9288177007e-01 1.3096994387e-01 -9.1034556960e-02 1.0578821455e-01 1.1184884253e-02 1.1546518628e-02 3.2685307927e-02 7.3806967652e-02 3.0413353678e-01 9.2950559206e-02 -9.7746484620e-04 1.4883299360e-01 -8.9393988201e-02 -1.5431542219e-01 9.2406850835e-02 1.1854845320e-01 1.5823953193e-01
-4.4459661015e-02 -1.9305140970e-02 4.9230550610e-02 -5.6096051473e-02 -1.9512792703e-01 -7.7802472500e-02 -4.2456735353e-02 2.0938030744e-02 -5.0621468205e-03 -2.0907885006e-01 -2.9533522549e-01 1.5001648700e-01 -2.3654548979e-01 2.8770400831e-02 1.9927276597e-01 -1.3072279966e-01 2.4110151274e-01 2.5257713209e-02 -7.4028659569e-02 -9.3370477215e-02 -8.5195446712e-02 1.8486333175e-02 -1.4256979764e-01 3.0225901476e-02 2.1538870035e-01 1.5644820039e-01 -1.6904710474e-01 -5.0685022931e-02 3.3234067255e-02 2.1116995373e-02 -1.3452652604e-01 -9.9810863008e-02 2.8155613053e-02 -8.0687645815e-02 -1.4834398456e-01 3.0943114319e-03 1.2777936498e-01 1.7545910986e-01 -1.9293569162e-01 -2.4768013938e-02 3.5015495109e-02 -8.3109392259e-02 -6.8268587337e-02 5.8342950049e-02 -4.8092899675e-02 8.4402057655e-02 -1.7868081634e-01 -1.3320177137e-01 -5.5716592708e-02 3.5144010834e-01 -1.1974111181e-01 2.0985456844e-01 -4.8035030402e-02 -1.1685362282e-02 -7.0899080277e-02 4.6840047389e-02 -8.4641728102e-02 8.7261547322e-02 -2.6215546080e-01 -2.2077915966e-01 1.3233189186e-03 1.4421069302e-01 -4.7453422729e-02 -2.5574439107e-02 1.1562412604e-01 -2.1998851759e-01 1.7560920710e-02 -1.2236258554e-01 1.9565998036e-01 -1.7398511442e-01 4.2176693261e-02 -5.9572830096e-02 1.3021110661e-01 -8.1957084312e-03 3.1515910919e-01
-4.1134464474e-02 -9.2642374289e-02 7.7018127618e-03 2.9895365765e-02 1.5117298707e-02 -3.2264759207e-02 1.5092588905e-01 -1.3696233367e-01 5.1773661586e-02 -4.4045948645e-02 3.6598978177e-02 7.2515846920e-02 2.0094994949e-02 -2.4354780653e-03 4.9689872455e-02 4.2319873587e-03 -5.0515802133e-02 -1.1661701590e-01 9.7517218619e-02 2.8574931970e-01 8.0644186627e-02 1.1054204015e-01 -5.6264867006e-03 1.5931869332e-01 1.0330201625e-01 2.0638712078e-01 -8.6923330443e-03 -2.7934211553e-02 -4.0086648799e-02 -7.5250096384e-02 -3.2998958741e-02 -8.2279059667e-02 5.6695572166e-03 -1.5600946139e-02 1.0346037283e-01 -1.8938176670e-01 3.6125071160e-02 -6.1230905883e-02 1.1210995612e-01 -1.4945880123e-01 1.0354233362e-01 -1.2124064828e-02 5.3385630760e-03 1.5850424228e-01 -1.2820646180e-01 2.4614053201e-01 2.7336355287e-02 1.0942575612e-01 2.7778696420e-02 1.4994748710e-01 1.2292011386e-01 -1.0579671546e-01 3.6041322852e-02 1.2227411263e-01 3.0492229474e-02 1.0895294991e-01 -3.6657676555e-02 -2.5405312335e-01 -1.7528354140e-02 -3.2199988815e-01 -7.6147083048e-02 1.3243291663e-01 -6.3830960453e-02 -5.8305752885e-02 -3.6941079965e-01 1.3441890761e-01 -2.7812364146e-01 1.2337422720e-03 -5.7866027144e-02 1.3480867939e-02 4.0304699503e-02 1.7798125179e-01 1.7919764231e-01 -1.5890361138e-01 8.4006003520e-02
8.2799733308e-02 9.4674356747e-02 9.4537774152e-03 1.5719419771e-01 -5.0863417339e-02 1.4917810366e-01 9.5502486952e-02 3.1979788719e-01 -7.9885567431e-02 1.6649524868e-01 -1.3322581726e-01 1.2384392423e-01 9.3585725140e-03 -1.2856243660e-03 -2.6391235852e-01 7.0349881368e-02 -4.4178726629e-02 -9.0792072984e-02 -1.8086085097e-02 -8.4877449402e-02 4.4345298716e-02 1.7014562612e-02 4.0580925927e-02 -2.8896998783e-02 -2.5607633312e-01 -4.6554023704e-02 -2.7341019671e-02 4.4795238932e-03 -1.3976017404e-01 7.4036509336e-02 7.3208419159e-02 -1.0002975001e-02 1.5799551547e-01 -2.2360238633e-02 -1.2959128326e-01 -1.0870049838e-01 -6.0690999903e-02 -7.8857520666e-02 -9.0857752888e-02 2.6793731355e-03 -1.9266867737e-01 1.3609290560e-02 1.4329387727e-01 -1.6467241302e-01 1.1518880230e-01 -1.9471132470e-01 -1.4133383525e-02 -6.5963692287e-02 1.0559220722e-01 -1.4723513684e-01 -5.5131029695e-02 -2.1188473246e-02 3.8380454590e-02 -1.9813311621e-02 9.2104635655e-02 -2.1587607387e-01 1.1135960262e-01 -5.1899850125e-02 3.7688623437e-02 2.2940918103e-01 -8.4349968658e-02 1.2008441926e-01 9.9398081682e-02 -6.7743571112e-03 1.4101119176e-01 -1.1456404753e-01 -9.5667035776e-02 -1.3773596113e-01 -2.0362794834e-01 1.1293939035e-01 -2.1254706293e-02 7.9521246291e-02 -2.1398967444e-01 2.2618642143e-02 -2.7572502398e-01
