-2.0648356462e-02 -4.8579294802e-02 -1.9031708399e-01 -8.4748534163e-04 3.2544704454e-01 5.0597499404e-02 4.3101989417e-01 -2.2947451470e-01 -2.5340916197e-01 5.2970223978e-03 -3.6730496754e-02 1.7155513763e-01 -3.1201063769e-02 -2.1267456582e-01 4.8093816686e-03 2.1268390570e-01 4.8118952329e-01 2.1877101009e-02 4.3591182008e-02 -1.2804518748e-01 -1.3545372313e-01 2.3445966494e-01 -4.5905042077e-01 -3.4552662823e-02 1.4768240780e-01 2.1602721461e-01
1.7920379397e-01 -1.3182458467e-01 -1.6278676844e-01 1.2470184823e-01 3.3779960335e-01 2.9869093281e-02 1.1749455448e-01 -9.0862704169e-02 4.2346781471e-01 1.1363412885e-01 2.0896059081e-01 2.4338928404e-01 -2.0000885307e-01 1.9549364124e-01 -8.2884240714e-02 1.0941184755e-01 2.8428459921e-01 1.2672760868e-01 -3.2004862970e-01 -3.1616320950e-01 -1.0931755004e-01 2.4991225913e-01 3.5106409868e-01 5.3918583494e-02 3.6388675863e-02 -2.2413479848e-01
-2.2990817736e-01 2.3897148777e-01 1.7184556746e-01 3.1261445259e-02 -5.7598746035e-02 -1.0641166694e-01 1.0317934706e-02 -1.1138017973e-01 1.7327726062e-01 -4.2315887339e-01 1.8216506412e-01 -1.0224933607e-01 2.6350540831e-01 -1.1456884051e-01 -1.3522046493e-01 3.2328679485e-01 1.1631906329e-03 -1.9935409298e-01 1.4469521243e-01 1.3375076725e-01 -2.1320940626e-02 -9.9464207726e-03 -7.2527763142e-02 7.7314926104e-02 1.9057822020e-02 -8.9726837094e-02
4.8791000147e-01 6.8227762612e-02 1.2309562288e-01 1.2706351618e-01 -3.9329533508e-02 -2.1933150150e-01 -8.8438260392e-02 2.0948669692e-01 -1.1322105519e-01 2.8412533844e-01 -2.4792252435e-01 -5.5814298867e-01 2.1334618363e-02 5.2912497481e-02 -2.4267138862e-01 5.0338669576e-02 -1.5070135738e-01 1.4143877268e-01 -8.8254058263e-02 1.6909052275e-01 -3.1628087966e-02 3.1425175468e-01 2.3971351297e-01 -2.7735599776e-01 5.3719733526e-01 -7.2789291616e-02
3.3878426553e-02 5.2411278165e-02 1.6266545095e-01 -1.1370368243e-02 7.9246221734e-02 -9.6655942319e-02 -1.4274682209e-01 9.5168632370e-02 1.6268944496e-01 -5.4253238003e-02 -7.5760751030e-02 -3.7043099295e-01 7.4053030021e-02 -1.5153324822e-01 1.5154695674e-01 1.6424129401e-03 1.8167390991e-01 9.4159521638e-02 1.5138785096e-01 -6.1001397739e-02 1.1434834863e-01 -1.4269109513e-01 4.0434758722e-02 -2.3893879671e-01 1.4403467924e-01 -3.0051997611e-01
-4.5723715982e-02 -1.1600039101e-01 2.0540994704e-01 1.4068363080e-01 1.1542333763e-01 2.2546996196e-01 2.3378051454e-01 -2.9022416396e-01 -1.2928956164e-02 -7.7648414164e-02 -1.9985391921e-01 -2.3223401644e-01 -3.2988372723e-01 2.1323274537e-02 -1.0463804779e-02 2.3419106168e-02 -2.7075051879e-01 -4.2573124683e-02 8.9067970483e-02 -2.1230344383e-01 -2.8250026423e-02 -1.8821282664e-01 -1.1250364382e-01 5.9084299585e-02 -4.3745097961e-01 2.7901995006e-02
-8.6093602527e-02 -4.0086716042e-01 -1.8747086597e-01 2.0602590308e-01 -1.7862148421e-01 8.1917598958e-02 -1.0184005393e-01 7.2793092025e-02 -1.0534716749e-01 3.7497045186e-02 1.5230749350e-01 -4.3800597701e-02 -2.7431358310e-01 2.1020502604e-01 -8.1624595898e-02 1.2932292709e-02 1.1186856659e-01 -1.9089511843e-01 2.4848114597e-02 2.9256353416e-01 8.2840869815e-02 1.6751887413e-01 -2.1903853240e-01 -1.4874507705e-01 -8.1462855294e-02 -6.1185695006e-02
3.0990557671e-01 -2.0663854333e-01 -1.1626820382e-01 -1.6766968716e-01 -3.4352617841e-01 -2.4109662096e-01 1.5704270708e-01 5.1089745629e-02 -7.8819614193e-02 3.7447495159e-02 7.5973133236e-02 4.7961572817e-02 3.8836557081e-01 -8.7859431672e-02 -2.2466595291e-01 -2.6247030110e-02 1.6553295730e-01 -9.4766422632e-02 1.0759725462e-01 1.8899778578e-02 6.6242285363e-02 -1.5348266767e-01 1.5352604863e-01 1.9000172470e-01 -1.4248250790e-01 -1.2951551129e-01
-1.1602199992e-01 -2.1323585390e-01 -7.4886190249e-03 -1.1374003393e-03 4.7644293833e-02 -2.5873176348e-01 -2.0853917734e-01 -1.0654209782e-01 1.5699490821e-01 5.1802972867e-01 -9.7939460970e-02 4.0247658874e-01 4.0217011250e-02 -1.3104773237e-01 7.9121320523e-02 -2.3713400241e-01 -8.7576114316e-02 1.8595642526e-01 1.6638971142e-01 -4.2776406714e-02 -1.6878089335e-01 -3.4800561782e-01 -8.0228650558e-02 1.4468034007e-01 1.9097886181e-01 2.8227149612e-01
-1.6630459129e-01 2.5145871450e-03 6.9993873055e-02 -2.0841537358e-01 1.6672755195e-01 2.5246754590e-01 1.8187508327e-01 3.2690507952e-01 -3.7496363878e-01 2.7992868144e-01 1.3493324100e-01 4.7436055968e-02 -2.9435325933e-01 -2.5521002006e-01 -3.2655907875e-01 -2.3110855895e-01 -1.1434192843e-01 -2.2156647420e-01 -1.6782186944e-02 3.0861112566e-02 -3.6539323303e-02 -9.6470628522e-02 3.2402365108e-01 -2.5939871846e-01 -1.5936643337e-02 -8.5682241910e-02
1.9151571826e-02 3.5318738563e-02 1.2274284088e-01 1.4930912359e-01 -6.1926392278e-02 -2.5911610713e-01 -1.3951610656e-02 5.8770903009e-02 -1.9599200368e-01 2.7802699126e-01 -4.2683060278e-01 1.4425347566e-01 5.9075477771e-02 9.7434990382e-02 2.5622617784e-01 -3.6404568032e-01 1.9234216322e-01 -3.5114026491e-01 -3.7349289167e-02 -2.3672830059e-01 1.6658143223e-01 1.0367556237e-01 3.0008838806e-01 3.1238042899e-01 6.6485448876e-02 2.5955533353e-02
4.9918332373e-02 -1.3419550663e-01 2.5491692466e-02 -2.2400593237e-01 6.7999124226e-02 -4.3619220212e-02 2.3240719438e-02 2.3062180555e-01 2.0715263000e-01 4.1186880572e-02 4.2974554535e-01 -2.8666741854e-02 -2.9902403686e-01 2.4559827631e-02 -3.4259100505e-01 1.2785013306e-01 -3.0271616655e-02 1.5005054910e-01 -1.3360120988e-01 3.8189137885e-02 1.1527036308e-02 1.3368454558e-01 4.1824876960e-01 1.5316979245e-02 -6.1638533246e-02 -3.8412306262e-01
-1.4668754287e-01 1.4668670267e-01 2.0622138092e-02 -1.3692649445e-01 2.0510006849e-01 1.9886473832e-01 -6.4530671728e-02 2.2551862645e-01 -3.2712367744e-02 2.0232812259e-02 1.1936652367e-01 -7.8681459981e-02 1.4674083877e-01 -2.6073655653e-01 -5.0753975191e-02 2.3287594746e-01 -3.3677891955e-02 -4.0980524846e-02 2.2174830451e-01 2.6743353339e-02 -4.7295272041e-02 1.6789984831e-01 -2.9244915336e-02 -1.1336819807e-01 1.1375585628e-01 -2.4237856582e-01
7.0233229924e-02 -2.1671064069e-01 3.1673722437e-01 3.2141952063e-01 5.5551210027e-02 1.3656931072e-01 1.1367286175e-01 1.7487959917e-01 -4.9143783387e-03 -2.1474359571e-01 -6.2469841143e-02 -5.2455873403e-02 -2.9090424061e-01 4.2452730712e-02 -2.8877623741e-01 -5.6694275592e-02 2.3994482642e-01 -5.7746274035e-02 5.5624828346e-02 3.6831916000e-02 -6.0983981231e-03 3.1448128280e-01 2.9645912007e-01 -3.6471691401e-02 -2.4081327897e-01 -4.9343631043e-01
