3.6040282869e-01 2.1011958900e-02 1.6737443397e-01 -3.0371376734e-01 -7.1771042181e-02 -2.9648679750e-01 3.5071528486e-02 1.5117704207e-01 -1.4546424261e-03 -1.7185138738e-01 6.8486759422e-02 1.0660113123e-01 1.9448904283e-01 -8.4931024619e-02 1.1419003344e-01 9.8969768121e-02 1.0990552234e-01 3.6827737402e-02 -8.7084233648e-02 1.3572057263e-01 -5.9194762862e-02 1.0039075450e-01 7.4727588318e-02 1.3350638470e-01 -5.5860595925e-02 -1.7512225528e-01 -2.3093788931e-01 1.0364575260e-01 1.3254155107e-01 -3.8540679272e-03 1.5142981906e-01 -1.8600273571e-01 1.7911356674e-01 -1.3308726008e-01 1.0050232256e-01 2.6135435472e-01 -4.7795920557e-01 3.1483749839e-02 7.9285787579e-02 7.5582431397e-03 -1.6377781787e-01 5.0258302443e-02 2.7281164413e-01 -1.3262187697e-01 -1.1859905859e-01 1.7115270102e-02 3.7172942767e-02 -5.6001969326e-02 -7.0657370160e-02 3.9526798528e-02 6.1636263489e-02 1.2793832269e-01 -2.1466211493e-01 -1.0468993224e-01 3.8305597805e-02 1.0082608260e-01 -7.0174685904e-02 2.9376794774e-02 6.5219052542e-02 3.6397344431e-01 -8.7556349765e-02 8.5163654842e-02 -3.2196494083e-01 1.4746457803e-01 -2.1307035440e-01 -3.1943690748e-02 8.9614393538e-03 1.6403583886e-02 2.1660803489e-01 -3.9958331784e-02 -6.5008407947e-02 1.5821058455e-01 6.3521572270e-03 5.8018692696e-02 -1.4922204597e-01 -1.6923204179e-02 2.1339620442e-01 8.0352762398e-02 1.8521487840e-01 2.7589759042e-01 5.8260070117e-02 -7.6027410508e-02 -1.0122273484e-01 -1.8319116549e-01 8.4154330431e-03 9.1002589993e-02
-2.6697410351e-01 5.6992481971e-02 -3.4852951364e-01 1.1034075681e-02 1.7221481070e-01 2.7383450296e-01 -8.4023695452e-02 -2.3894402979e-03 8.1481898837e-02 -1.3060651305e-01 -2.3942024034e-01 -3.7097169167e-02 -1.8314693880e-01 -1.0645577227e-01 6.3547470781e-02 7.7564781983e-02 1.5160274726e-01 2.2473321379e-01 6.3546459860e-02 8.3039596742e-02 -7.6695744594e-02 1.2071556496e-01 8.7244533937e-02 -1.2575095676e-01 2.4362259723e-02 2.0690445939e-01 -2.0626866372e-01 -4.7504601907e-02 -3.8398750150e-03 1.2082923532e-01 -2.5838512858e-02 1.4761897468e-01 1.4384852217e-01 2.0494289858e-02 1.4394872237e-02 2.7134658992e-01 8.2338079566e-02 2.6600238191e-01 -3.3604637053e-02 1.3094736987e-01 9.1288333760e-02 -3.0423665932e-02 -1.4690243311e-01 -1.7082816057e-01 8.7366781426e-02 -2.3543103595e-02 1.6241146648e-01 -2.0371996048e-02 3.4434132663e-01 -6.5899434609e-02 3.6971455834e-01 -4.1717260448e-02 -7.0179205635e-02 1.0304303825e-01 3.0583762481e-02 -2.1335593165e-02 7.4210164465e-02 3.4690528633e-01 1.7331395436e-02 1.6669341483e-01 -4.0867478339e-02 -3.0696111902e-01 1.6490925719e-01 3.3139383602e-02 1.5811258656e-03 -1.1133705908e-01 5.3628556358e-02 -2.2458591060e-02 9.6329660241e-02 -1.4062928271e-02 1.9580294449e-02 1.2070178789e-01 1.0338514397e-01 2.6155894975e-01 -2.4310123167e-01 3.9257315484e-02 1.3242234420e-01 4.4481279044e-02 -4.6594894177e-02 -2.7511437391e-01 8.6372497595e-03 -1.1326643708e-01 1.3639213799e-01 1.0400254025e-01 9.4390538309e-02 -1.2925643522e-03
2.3770006632e-01 -1.0370782440e-01 -2.0532648578e-01 5.6876179925e-02 -2.1858872486e-01 1.9208240863e-01 -5.7594488260e-02 1.0245211686e-01 1.5802195412e-01 6.6291390865e-03 1.7052975231e-01 1.2305121291e-01 -4.3353867399e-02 2.5681101842e-01 -1.5520552345e-01 1.5947391290e-01 -5.9600228682e-02 -3.2331356240e-01 -1.7839378714e-02 5.6473514325e-02 -2.3869051961e-01 2.4704542452e-01 4.3267794083e-02 2.1213225887e-01 -9.6931020468e-02 -1.3223224870e-01 -2.0110249385e-03 -6.3754498774e-02 -1.1885405871e-01 2.5653618146e-01 -7.8941487567e-02 -7.1825162458e-02 -1.4489643708e-01 2.1739444463e-01 -3.8169324048e-02 1.0091915361e-02 -3.9451129818e-02 -1.3444116988e-01 1.6132643883e-02 1.1833706824e-01 3.9017864154e-01 2.3067346577e-02 -2.4260220016e-01 1.2411268686e-01 2.0454702351e-01 1.1497463320e-01 1.2083238988e-01 2.5791654685e-02 5.7822739641e-02 1.2596519419e-01 -5.8634544387e-02 -5.9447839080e-02 -1.3357899020e-01 -2.2817065227e-01 -1.5679813636e-01 3.0070525139e-01 1.1372914116e-01 -1.9971778743e-01 -9.8929557553e-02 -2.3705172935e-02 -1.3534108610e-02 2.0174055661e-02 1.6515591118e-02 -1.3076766913e-01 1.0756452895e-01 1.3841021823e-01 3.5156282662e-01 -1.0596884336e-02 1.1455196848e-01 2.1714972513e-01 2.5508932634e-01 2.1093658525e-01 -6.4097969998e-02 7.4953168396e-02 -1.8513210154e-01 4.2923082219e-01 3.0096648310e-02 2.5270174341e-01 1.5010427135e-01 -7.8518684487e-02 1.3296235908e-01 5.0251989676e-02 -6.8944523315e-03 -1.0793035610e-01 -1.0218892033e-01 -3.1996206651e-02
2.3275925985e-01 -4.7198850894e-02 3.1995940537e-01 -6.9674569490e-03 1.2360319062e-02 -5.2033124493e-02 9.4608191671e-02 -1.7854103875e-02 1.3427854148e-01 1.6072288312e-01 -5.5495974057e-02 -6.9911903381e-02 2.0723501553e-01 8.4049131044e-02 -5.1192864562e-02 3.8478400921e-01 -7.8471759377e-02 1.6677500395e-01 -1.6590843861e-01 3.8773520560e-01 -2.1822944914e-01 -3.1891350995e-01 -1.0563414010e-01 -3.1449430786e-02 -1.6009816996e-02 3.7285296756e-01 -5.1950536903e-02 -4.2330835292e-03 8.1370181463e-02 7.1131048000e-02 -2.5611027762e-01 -2.2873003469e-01 -1.5709531955e-01 -8.9794722050e-02 -2.0020508859e-01 -4.4848535287e-02 1.9466209061e-02 2.2341341074e-01 -1.9936420557e-01 2.6701360452e-02 -2.3364370542e-01 3.0304229613e-01 1.4123644241e-01 4.4675473131e-02 1.2028218674e-01 2.6480730901e-01 4.8639976113e-02 -9.3432235948e-02 7.9098670778e-02 -3.1463661582e-02 -4.2337179055e-02 -9.3170295618e-02 -3.0267449540e-01 1.5049411419e-01 -1.6166205325e-01 -1.3027023197e-03 -4.2639813648e-02 3.5493625502e-01 1.4485567000e-01 -1.3724727593e-01 2.6939773843e-01 -1.0332672955e-01 -4.5579448309e-02 1.0624431408e-01 1.2229017492e-02 -1.5726444758e-01 5.8943264875e-02 -2.5668105273e-01 3.7318673114e-01 1.1050926242e-01 -1.6624448949e-01 1.2559026069e-01 1.2436796133e-01 8.7391714765e-02 -2.9275211299e-01 1.7913922379e-01 1.3072543025e-01 2.6992234579e-01 -7.8169355744e-02 4.1057253622e-02 -1.6948802039e-01 -3.0076674458e-03 6.3820679556e-02 -9.8404537134e-02 4.6629667333e-02 1.1436299915e-01
-4.9854487391e-03 -5.6296407983e-02 5.8459612865e-02 -1.1146450728e-01 -1.4470384229e-02 -3.7092107504e-02 -1.4524127094e-01 -2.7111847190e-01 9.1004413744e-02 1.8797507941e-01 1.6527460583e-02 -1.7734237808e-02 6.6198092777e-02 -2.4133555447e-03 -1.5889893496e-01 -1.9901864469e-02 1.2738674597e-01 -2.4287756410e-01 2.4016253539e-02 2.0760808956e-01 -1.3497980370e-01 1.1722427117e-01 -1.9454359036e-01 1.6106837511e-01 1.9772802608e-01 -5.4860183578e-02 -2.3842798583e-02 -1.8239576130e-01 -3.2940691842e-02 -1.2794444871e-01 6.4496643666e-03 6.4937063188e-02 1.8272660983e-01 -7.4595229984e-02 1.4735238111e-01 -4.7616817694e-02 -5.6703187777e-02 3.8825706696e-02 -3.3717260148e-01 1.3935081440e-02 -1.0190689352e-01 -1.3168086149e-01 1.6270084015e-01 1.0303513104e-02 9.2155741463e-02 1.3682902657e-01 -4.3956366379e-02 -4.6813288786e-02 -1.2238938160e-01 5.2309303558e-02 1.4201716932e-01 2.2172793612e-01 6.5363778026e-02 8.1506299245e-03 3.4171445510e-02 1.7775599627e-01 -2.0043606090e-02 -7.7103021918e-02 1.5039628470e-01 8.9882915570e-02 1.5129098921e-01 2.1132445376e-01 4.3632489870e-02 -1.7171576428e-01 9.8421523359e-02 -6.0474296667e-02 -3.2780625153e-01 1.5835272036e-01 -9.6663901133e-02 1.0036789576e-02 1.6265272941e-02 -2.5546503547e-02 4.4139235986e-02 1.1281272782e-02 -3.6916119190e-02 -1.0857239055e-01 2.4416519315e-01 -1.3217535057e-01 3.6410875732e-01 -2.2956723852e-01 1.3630766662e-01 2.9501273907e-02 1.1987583466e-01 -1.2104211255e-02 -2.2337653379e-02 5.2542095689e-02
-1.2137687537e-01 5.0365804994e-02 5.0550560366e-02 1.8336080194e-01 -4.4035281103e-02 -1.1083339741e-01 1.6771103867e-01 9.1260727434e-02 1.0624107381e-01 2.0037051050e-02 -4.7075344607e-02 7.3576590903e-02 -8.7432127727e-02 1.9985003749e-02 -6.7460042491e-02 -2.1501699841e-01 1.8121245676e-01 -3.9370241820e-02 -1.1673350314e-01 4.1089684493e-02 3.7100026486e-01 -4.3216039558e-02 2.6161003719e-01 1.0251624353e-01 -1.1062422725e-01 -1.9118522587e-02 -7.6587425086e-02 5.2111490119e-02 -1.8054039275e-01 1.9113760484e-01 3.0280110248e-01 4.2085421763e-02 -5.9245278797e-02 -7.9640202070e-02 1.5010204766e-02 -1.0843892368e-01 -3.6950105700e-02 3.1520401045e-01 1.1109103659e-01 1.4385630694e-01 1.2594416633e-01 -1.7136123693e-01 -3.3340090432e-02 -1.3738240696e-02 6.8320209123e-02 2.5245218511e-01 5.6814437130e-02 -1.9097828081e-01 -1.0024270335e-02 6.7298298000e-02 1.5375333507e-01 1.0402527886e-01 -2.5774620761e-01 2.1155170757e-01 -1.8747927354e-01 1.4770493303e-01 2.6465747322e-03 6.2292613826e-03 2.5256983160e-01 -2.0039910731e-01 1.8401710366e-01 -2.2550971318e-01 1.0017579314e-01 -8.3165334953e-02 2.0804904087e-02 4.5025506768e-02 -1.1630573685e-02 2.5221824749e-01 -2.3881139473e-01 3.0305486251e-01 -1.2306963697e-01 -1.9065707966e-01 2.4972971739e-01 2.3209978453e-01 -1.0501062119e-01 -4.0528030712e-02 2.4005379802e-01 -1.5514320239e-01 -8.4696470434e-02 -5.8006095257e-02 -2.4547280374e-01 1.0320903458e-01 9.1215370320e-02 -5.9127626314e-02 5.1384586341e-02 2.0894937155e-01
-2.0057858912e-01 1.2376281312e-01 3.3321303250e-01 1.2916418721e-02 6.6561464798e-02 1.1101617998e-01 8.2806960570e-02 -3.6901798494e-01 8.6546131820e-02 2.7412291056e-02 -4.9622616984e-02 -5.8667089278e-02 3.7988001298e-02 -4.8107009058e-02 2.2328547211e-01 -6.8752716289e-02 2.7738035740e-01 -1.3443072102e-02 -2.0941183338e-01 -2.0337622043e-01 -3.4739385150e-02 1.7981242401e-01 1.6233828778e-02 -3.6424162903e-02 2.2088141869e-01 -3.1263820574e-01 -2.0975606097e-02 -7.1382523679e-02 -2.7443730701e-01 -8.5488125874e-02 -1.8209934897e-01 1.5848631907e-01 2.2510337117e-02 1.8297804679e-01 2.6058919586e-02 8.4300452919e-02 -3.1377259555e-01 1.8700242463e-01 -2.6893010307e-01 1.3505844489e-01 -3.6678393608e-01 1.8414982743e-02 -1.6788359445e-01 -3.1942158576e-02 6.8080494675e-02 3.3036547666e-02 -2.8667511341e-01 1.0577571705e-01 -1.0735786776e-01 -1.5334892579e-01 2.2337829199e-01 5.0293977268e-02 2.6299441099e-01 -1.2765049551e-01 -2.7583591024e-01 3.7304323203e-02 -9.6271262173e-02 5.4137205350e-02 4.5358745727e-02 -2.4828106384e-02 1.5067521018e-01 -1.1452174896e-02 -8.2506424250e-02 1.7667786420e-01 -3.0216076378e-02 1.2453897543e-01 -7.1563086220e-02 3.3496264393e-02 -5.7392902411e-02 -8.3555513162e-02 2.2284441218e-01 1.6760771636e-01 1.0964405949e-01 5.8299655862e-02 1.3054907231e-01 3.3069178616e-01 -1.0358627407e-01 -1.9007065183e-02 5.3559699672e-02 -9.2027590028e-02 -3.6563889640e-01 1.7210353029e-01 -1.0957272819e-01 -4.4280686631e-02 -1.9119873636e-01 -2.9842918096e-01
8.2841853400e-02 1.7675782741e-01 3.7715897883e-02 -4.6059261134e-02 -7.7011533985e-02 -1.8451074185e-01 -1.0531643421e-01 -1.7895454043e-01 -2.7764452876e-01 -3.5551233860e-02 -3.9823263914e-01 9.9768888619e-02 -3.7165981944e-02 4.3640139516e-01 3.9017388452e-01 1.4245141258e-01 -1.0634450608e-01 2.6142670819e-01 3.5490291955e-01 3.9978940298e-01 -5.1388370977e-02 -1.2840769864e-02 -1.0371247007e-02 -2.5412077147e-01 1.2061785130e-02 -1.7441506142e-01 8.3848090632e-03 -3.1410834291e-01 1.1096796822e-01 7.3608416598e-02 1.2816833326e-01 1.1571797815e-01 1.8543322368e-01 -2.9270032746e-02 -3.8771913393e-02 -7.2387865200e-02 -4.9038909932e-02 7.2189708373e-04 -2.1181003203e-01 3.2269972809e-01 -5.1916505676e-02 1.0861122161e-01 3.7871041216e-02 -1.7699799934e-01 6.1324284129e-02 -3.5151364325e-01 7.2019833269e-02 -3.0007151292e-01 -7.2332041686e-02 -3.4140606554e-01 -1.1303767228e-01 1.5957471846e-01 -1.5097470004e-01 1.5508365165e-01 3.5908464289e-02 2.1160197461e-01 -2.6317352581e-01 -1.9767370349e-01 -5.1024047726e-02 7.0205339738e-02 -2.5385499701e-01 -1.6760107190e-01 2.6723538697e-01 -1.8050035718e-01 -3.6006943515e-02 -2.3210932524e-01 4.8021159852e-01 -4.2037866006e-02 3.9857813351e-01 -1.5514466756e-01 3.0235646403e-02 2.1763080080e-01 -3.9997622490e-02 2.7039244435e-01 -1.5162813969e-01 -2.4474609265e-01 -1.4060084040e-02 3.8821729560e-02 3.2142585483e-01 -2.7173692149e-01 -1.2858839646e-01 -4.9823372958e-03 -2.0289583493e-01 -3.6826258032e-01 -8.9279699203e-02 4.2731250813e-01
1.2194874059e-01 9.1489244929e-02 2.0471609732e-01 -7.3981588666e-02 1.4634801334e-02 4.1536575706e-01 1.0771935985e-01 1.7213885902e-01 2.0770533024e-02 1.3338145372e-01 2.7195483776e-01 -1.2894249621e-01 2.0734050299e-01 4.6367574803e-02 -1.5095303618e-01 3.6641681572e-01 1.9215084070e-02 1.9789465605e-01 1.1965655984e-01 6.0734386251e-02 -3.5664474861e-01 8.3785373932e-02 -1.7836431868e-01 -1.0712668434e-01 1.2976712753e-01 -8.8875883095e-02 2.0586038590e-02 -3.6865106668e-03 -2.9979623668e-01 1.0044124624e-01 1.8577325959e-01 -1.4141410969e-01 2.0796454890e-02 -8.7190516630e-02 2.1500004221e-02 8.4487407899e-02 4.5532627137e-01 -3.6655953111e-02 -1.1502596702e-01 -1.4068667667e-02 2.5063459777e-02 5.6721218247e-02 -1.0001343357e-01 -1.3297351203e-01 -2.1494269385e-01 1.9167223320e-01 3.1368261863e-01 2.9773618602e-01 -2.2330908224e-01 -3.2782453111e-02 1.0573618882e-01 1.3085937719e-01 5.5485161661e-02 9.2927290895e-02 1.4095634298e-01 -6.9740385418e-02 -2.8663054419e-01 -2.6828745096e-01 3.8542664068e-02 2.5773570955e-02 -2.7168194169e-03 3.4179327075e-01 7.1601954846e-02 2.6883370348e-01 6.2992995735e-02 -1.2776502886e-01 -1.7111569858e-01 -1.6276719348e-01 -1.5763399236e-01 -1.7332481776e-02 7.8375625651e-02 -4.8404255880e-02 -1.5604054573e-01 8.7459599223e-02 -6.6181550035e-02 8.6020291494e-02 -1.6244464876e-01 1.3888697389e-01 1.9009707156e-01 -1.4761844567e-01 9.9300146036e-02 2.2003454516e-01 -1.8590731439e-02 -1.1203539503e-01 -1.9867336210e-01 -7.4947674578e-02
-3.7467445005e-01 1.1101550806e-01 1.1562379639e-01 4.5579623644e-01 -3.9790005750e-02 2.1334544148e-01 3.4546895733e-01 1.8488874449e-01 -1.5285571662e-01 2.3216859140e-01 -1.3989788190e-01 1.0260608790e-01 -1.7507296398e-01 -2.5238662004e-01 5.1631843387e-02 -3.7568821445e-02 2.9510812290e-02 1.4668860052e-01 6.1288781752e-02 -1.4789646344e-02 -2.2043130211e-01 -3.6531397766e-01 -2.3291461063e-01 1.9815062436e-01 -8.9789556214e-02 1.4186485135e-01 3.5940441750e-02 2.9702569051e-01 -1.0772998346e-01 -3.2779664977e-01 -3.9968621832e-02 2.8358028484e-01 -4.1416742317e-01 1.6331504794e-01 -2.9749281671e-01 -1.1287561563e-01 1.5754397357e-01 -1.4202732755e-01 8.7054716267e-02 -1.5638480133e-03 -8.4553687028e-02 -1.3658210753e-01 -2.4829327620e-03 -1.4246967199e-01 -4.4226223998e-01 3.7123511894e-02 -1.5850916289e-01 1.4850111497e-02 1.3097737956e-01 -2.3289016831e-01 4.1670373604e-01 -3.5243415741e-01 -1.6575225471e-01 1.6019781142e-01 3.5169592836e-02 -8.6358843470e-02 1.1833507539e-01 1.5951761812e-01 -2.2693891084e-01 -3.4704882905e-01 -2.0202416409e-01 -8.4877340826e-03 1.1707823692e-01 1.0800939849e-03 -1.0335346023e-01 1.6850429111e-01 -6.4388612746e-02 7.6819917217e-02 2.0742692037e-01 1.4398631885e-01 -4.7614545649e-02 -1.2815103335e-01 -2.4129647546e-01 -1.9463631340e-01 1.0809431322e-03 -4.0204009275e-02 1.1426107980e-01 4.7317245785e-02 1.7061725588e-01 1.5372177213e-01 -1.4255450690e-01 -1.6085713993e-01 5.8990107479e-02 1.4027935363e-01 2.0779310400e-01 1.7234924349e-01
6.5028984368e-03 1.4768857787e-02 -1.7377521223e-01 -2.4785897915e-02 2.5013094254e-01 7.8113836367e-02 -3.4974117388e-01 1.7568947805e-01 -1.2975034507e-01 -2.5869265195e-01 -1.5154138472e-01 -1.0666563175e-01 -4.9524883727e-02 -9.1664905090e-02 1.7549988884e-03 -7.8623149153e-03 -1.9603257480e-02 7.6677396730e-02 3.7029121310e-01 -1.0027447218e-01 -2.2972039566e-01 8.2042544926e-02 7.5580226163e-02 9.8317757054e-02 1.0797640578e-01 1.2390275773e-01 6.0765122981e-02 -6.7305626034e-02 1.1725532228e-02 2.1225919889e-01 1.2427578529e-01 -1.0946168479e-02 1.9177154797e-01 -1.5040366372e-01 6.0021813730e-02 -2.3513798052e-02 1.2685858819e-01 -1.3997063337e-01 1.7863000490e-01 -2.6423663360e-01 3.5015811017e-01 -1.8197700887e-01 -1.3021560390e-01 7.6963726630e-02 -1.8520253412e-02 -4.5997733848e-02 8.2547973760e-03 -3.5818927121e-01 6.8412189999e-02 -9.6737494328e-02 2.9686506494e-01 2.6263573073e-01 -2.3395064794e-01 -1.3846551961e-01 1.1328938345e-01 1.5755704540e-01 3.2806176821e-01 -4.2209103769e-02 3.3133820867e-02 -1.2689418880e-01 -2.6080274643e-02 1.3898301086e-01 -2.9443585228e-01 -1.5130479898e-01 2.7983217710e-01 -2.6375981389e-01 -8.9832049176e-02 -4.1194984717e-01 1.6291478473e-01 1.3804463395e-01 2.2683155223e-01 -2.6503710564e-01 1.1122298503e-01 6.8133299775e-02 -8.8756821932e-03 -1.0671952420e-01 5.2794735505e-02 1.6666866731e-01 2.8349377152e-01 -1.5864197643e-01 -9.8556718121e-03 1.6004683516e-01 -1.4585628911e-01 6.3646364509e-02 2.7194285298e-01 1.3463856983e-01
5.2156539228e-02 8.9118219929e-03 1.6826041287e-01 -1.6275670377e-02 -5.7557135022e-03 4.9153252602e-02 -2.0634742392e-01 -1.0666977145e-01 9.6566382398e-02 9.8234923328e-02 -4.3871404423e-02 4.1093639513e-02 1.7241160419e-01 1.6341279641e-01 1.7045636971e-01 -1.1497834653e-01 9.4621107269e-02 3.6335255029e-01 -9.1137573119e-02 -8.4999713894e-02 -1.4992474724e-01 2.2831508199e-01 -2.4429806675e-02 1.6222598694e-01 2.8413752316e-01 -1.1832296493e-01 1.7064484416e-02 3.2873137537e-01 -2.0788957796e-01 -1.7630422077e-02 1.0225216093e-01 -7.7560057955e-02 -4.4963686482e-02 1.1347897398e-01 9.9998097535e-02 2.0027456106e-01 9.6265760336e-02 5.5039473719e-02 -1.0616904503e-01 2.2615213437e-01 1.3498910924e-01 9.4493028398e-02 -8.8510360244e-02 -1.2588306280e-01 8.8356133974e-02 9.6987433213e-02 -2.1260178272e-01 -3.8341293554e-02 -2.4187594592e-01 4.3176809816e-02 -3.5053869454e-01 -1.3952193497e-01 1.4424725942e-01 -1.4382557503e-01 -4.5367377723e-02 2.1860871968e-02 9.3139728258e-03 2.7959904316e-01 -1.2825522261e-01 9.6804580041e-02 4.5333050572e-01 -2.3156925432e-02 1.5346853961e-01 1.7791501029e-01 -8.3677125889e-02 -2.5951316143e-01 -6.7924450547e-02 7.8598811980e-02 2.1383760016e-01 4.4184670297e-02 -2.0166193972e-01 1.3154333734e-01 1.6511406020e-01 -9.6097862094e-02 -4.9159058665e-02 -9.5251012170e-02 3.2112941553e-02 -8.5261885395e-02 4.1192354105e-02 -1.9357533994e-01 1.4920343398e-01 1.9731396886e-03 1.5530177437e-01 8.1851836850e-02 -7.6673695701e-02 5.7862141251e-02
2.3210176623e-01 -7.2205065551e-02 -5.8776897362e-02 1.4080013355e-01 1.2749442032e-01 1.3402796845e-01 1.6860015206e-01 1.7379027820e-02 -1.7477220510e-01 1.0576769398e-01 -2.9960242274e-01 -5.6722148111e-02 9.4634700162e-02 5.2455403214e-02 4.7098543356e-03 1.3063125309e-01 -1.9051787342e-01 -2.5199576008e-01 2.6897562695e-01 2.1380019614e-01 1.3637565781e-01 -1.3591995324e-01 -8.1334247621e-02 1.1183404093e-01 -9.2437082738e-02 7.9576833609e-02 -6.5346521026e-02 -1.6864281881e-01 1.7655135052e-01 -1.0557797292e-01 -1.1240541722e-02 1.1437900253e-01 7.0601040319e-02 -2.4038063115e-01 -4.1801771483e-02 -5.5134509332e-02 -9.8764685699e-02 4.7425157102e-02 7.1494795287e-02 1.0964562053e-02 1.7966665477e-01 1.6682285684e-01 -1.4967338500e-01 2.0055806834e-01 -2.4098668171e-01 -2.1794875691e-01 -1.7161207831e-01 1.5899274637e-01 1.8251830587e-01 9.4715718149e-02 3.1083112245e-02 -1.5713003672e-01 2.8991478877e-02 7.5100725767e-02 -5.9110789781e-03 -1.9169084190e-01 1.4583318245e-01 6.1863370667e-02 -8.5245013859e-02 -1.3160749091e-01 5.5156006315e-03 7.6447170471e-02 2.7399137048e-02 3.8539194339e-02 -1.3097688019e-01 5.3089003768e-02 -7.1670347964e-03 -1.8487473606e-02 2.8616108308e-01 2.3735906975e-01 -2.5767477512e-05 2.6487140073e-01 -1.6741603023e-01 3.0749437422e-01 9.4788014978e-02 5.1531403059e-02 -8.8912253881e-03 -1.1802582412e-01 2.2901404137e-02 1.6034060591e-02 9.1282474991e-02 -7.6133665893e-02 1.8721938011e-01 3.1846944290e-01 5.7763674775e-02 9.7538386994e-02
1.2012734831e-01 1.7858309769e-01 8.4635707026e-03 -8.0631039879e-02 2.7373204174e-01 -2.5158406739e-01 -1.4226381092e-01 -1.2053467391e-01 -7.6596231234e-02 4.0170336651e-02 1.2803795160e-01 -1.7420548987e-01 7.0984130217e-02 3.3544554871e-01 1.4486598681e-01 3.1639683811e-01 -1.2318027094e-02 2.9747101190e-01 2.1517863595e-01 8.9899055180e-02 5.7637788136e-02 5.8845858720e-02 1.6687446680e-01 -2.4453099874e-01 1.7954034804e-01 7.3048539222e-02 -1.0304726396e-01 5.5548216384e-02 2.4926599568e-01 2.7821732169e-02 3.1611256825e-01 -9.5473273998e-02 9.4885206194e-02 -7.3705755814e-02 3.9516531394e-01 2.3365932313e-01 -2.9351812812e-02 5.9321827038e-02 -2.5241681870e-01 -1.2721298191e-01 -2.1762448288e-01 -3.7635422947e-01 2.4039441686e-03 -1.4506517240e-01 6.4678530962e-02 -2.5833723575e-02 2.0149064864e-01 -3.9576176797e-01 1.8129865896e-01 3.3819172564e-02 2.9157583720e-01 -7.7058798643e-02 -5.6151812474e-02 7.1445664245e-02 2.2763033907e-01 2.5547266222e-01 -2.5812199487e-02 1.2308770542e-01 2.0258509076e-01 2.4083341931e-01 -1.5531957982e-01 -1.7219119813e-01 -1.9912239324e-01 9.5331018749e-02 -1.3485941980e-01 -7.2269668915e-02 5.0067010826e-02 -2.1746968174e-01 1.6212068194e-01 -4.5553345933e-02 -5.3635429504e-02 -1.9656389984e-02 8.0751238434e-02 -1.6200471028e-01 -6.8983732142e-02 -4.2312373621e-01 3.8175778608e-02 1.7750442003e-01 1.3565224804e-01 -1.9898358733e-01 -5.0521136737e-02 1.3021504711e-01 2.0167293596e-01 -2.3454595692e-01 -6.9613879292e-02 1.6478455359e-01
-2.1219941930e-02 5.8151024100e-02 6.2971458782e-02 1.6544756639e-01 -2.1286978368e-03 -1.6415584983e-02 1.2136812998e-01 8.4363799626e-02 4.4646601252e-02 -3.7766359777e-03 6.3772717895e-02 4.0947529172e-02 4.6958968032e-03 2.3049448239e-01 -1.7306615137e-01 5.6613337086e-02 -1.2261762702e-01 1.5887106959e-01 -8.4067611912e-02 -5.9214449760e-02 -6.8828323021e-02 7.8047227317e-02 -2.5562030675e-01 9.1350297748e-02 -1.1141736243e-01 -1.2634855465e-01 3.0035939666e-01 2.0538953502e-01 7.8004934718e-02 1.0143282341e-01 -1.1241266904e-01 5.2633598268e-02 -1.1501547997e-01 2.3410918493e-01 1.0493846272e-01 5.7127020671e-02 -1.9662646013e-01 -4.3366858273e-02 -1.7616131355e-01 2.4745224527e-02 -2.2502009194e-01 3.2727411962e-01 -1.0896689915e-01 -5.2745203077e-03 7.9235413345e-02 3.7715120004e-01 4.6146084864e-02 2.3151700174e-01 6.3938163514e-02 1.5145230420e-01 -1.7248055605e-01 -6.1253741750e-02 3.9485397546e-02 -3.4546203217e-02 1.6476350293e-01 2.1427673125e-01 1.5675464901e-01 -1.7366199220e-02 8.1720323547e-02 8.9205560505e-04 -1.4005230784e-01 -1.7573632336e-01 6.1594698242e-02 2.4253463245e-01 2.6554379982e-01 1.7413968683e-01 -8.3101664598e-02 8.9837313062e-02 1.1115188118e-01 -1.0806066182e-01 2.2718385346e-01 1.7424040586e-03 -1.2733235818e-01 2.3158481627e-01 2.3739457870e-02 1.7871714761e-01 -1.5124939505e-01 1.6893773807e-01 -1.8746808721e-01 9.3332859047e-02 -1.1923892200e-01 -3.1179305518e-01 1.3163285249e-01 2.3440884201e-01 5.9031707772e-02 -8.6554589316e-02
1.0213142142e-01 -3.0942040560e-02 -1.7089266275e-01 -1.1368516953e-01 -1.1449494760e-01 3.4777483550e-01 1.6884336112e-01 -8.2258884295e-02 -8.0262892724e-02 -4.8390903098e-02 -3.9355141916e-02 -2.0349042595e-02 2.3601865079e-01 -3.7796428166e-02 -4.8084220839e-01 7.3569334652e-02 2.0915838674e-01 1.3729574821e-01 1.8497293181e-01 -1.1075542692e-01 -2.6150541963e-01 -3.3889434316e-03 1.0314401388e-01 -3.8685792951e-03 5.4588621746e-02 2.1694530871e-01 -3.4161208245e-02 -9.1224250408e-02 -3.6631547377e-02 1.8350060731e-01 -2.3974745317e-01 -9.6230993011e-02 -2.7680624782e-02 2.8019593211e-02 2.3467621142e-01 -4.4085256070e-02 -6.6773795969e-02 -1.6833845297e-01 -3.0430805320e-02 3.1174294585e-01 1.0019721789e-01 1.2990850673e-01 3.1105874462e-01 2.0905741863e-01 3.1808641179e-02 4.4175649407e-02 -5.8160005363e-02 2.1764969290e-01 -9.3885140726e-02 -6.5220946518e-02 -2.0763919474e-01 8.8587265069e-02 7.4241744526e-02 -2.5429557156e-03 -1.5450732487e-01 2.8494757780e-01 -1.4947181474e-02 -2.2771373142e-02 1.9949389420e-01 2.1538996271e-01 -6.8122510746e-02 1.6196015992e-01 1.3930876393e-01 9.1518270566e-02 1.1194670036e-02 2.9704652606e-01 7.1112219775e-02 1.9089991984e-01 1.3318092797e-01 -1.3837641080e-01 -2.1353500195e-01 8.4035037450e-02 -1.6135513522e-01 -1.3708326078e-01 9.6428713190e-02 2.6982611169e-01 -4.5872545407e-02 -8.2430462682e-02 2.3667287398e-01 -3.4270812318e-03 9.1419355019e-02 2.8965593687e-02 5.7274421491e-02 -1.0695292981e-01 8.7276606416e-02 -7.0701164718e-02
5.9067274439e-02 -2.7377707016e-01 1.7856838088e-01 2.2675292067e-02 2.9520242104e-02 3.7718856010e-02 1.0989313030e-01 -1.5244292402e-01 1.8681216794e-01 7.9628927653e-02 2.6872224547e-01 5.9346310778e-02 1.9915980813e-02 1.8578691349e-01 6.7665397860e-02 6.9047234922e-03 -3.6013800188e-02 -1.5914211559e-01 -1.8788132817e-01 -9.1446178531e-02 -5.5603035745e-02 -1.8677276901e-01 1.7123464977e-01 1.7359879414e-01 4.3142695105e-01 -2.2081030811e-01 4.3148806194e-02 1.6471288780e-04 2.0408370025e-01 -5.7519407760e-02 4.7750575906e-02 1.2777623563e-01 -1.0008651182e-01 1.1715205081e-02 3.1092712842e-02 -1.8530279492e-01 3.0302535588e-02 -1.1919143926e-01 -2.0559876044e-01 -9.7991147409e-02 -2.8413477939e-02 7.0834272140e-02 -2.9873539462e-02 -1.8455988875e-01 -8.4877776361e-02 -8.7149200920e-04 4.4187644576e-02 -1.6707680813e-02 -2.0296916198e-01 1.9019591626e-01 8.4694085059e-02 -4.6998001642e-02 -3.9069155615e-02 -2.1234206497e-01 -2.2683183709e-01 1.5439836694e-01 -3.8111951255e-02 -3.4078599331e-01 2.8244116968e-02 6.1841397793e-02 4.2830489708e-02 9.8064341052e-02 -5.5415743155e-02 2.6743094180e-01 2.4835013268e-01 2.1017230421e-01 -1.4771857092e-01 -6.6051579863e-03 -1.3560409735e-01 -7.1502502547e-02 -2.0241038417e-01 1.6809768714e-01 4.7556650022e-02 -1.0558579704e-01 -1.0154610428e-01 2.4920773983e-01 -3.3073550009e-02 -8.5513445228e-02 -9.7699905786e-04 1.7242050554e-01 9.5291049375e-02 -8.0863994197e-02 2.8728194239e-01 -7.9227297990e-02 -1.0875191520e-01 1.1157197175e-01
-3.0841289649e-01 -6.5785543620e-02 1.1359957922e-01 1.0102854656e-01 -2.6820173194e-02 9.0151748690e-02 -2.0088830776e-01 -1.0748348447e-01 -2.9460121336e-01 -6.7258760856e-02 6.8265612928e-03 1.2706617343e-01 -3.8892674770e-01 2.7664000927e-02 2.2718348808e-02 2.0142128209e-02 1.5100057661e-01 2.1726408437e-01 1.4472386596e-01 4.1157737389e-02 -8.5285000229e-02 -3.6968724553e-02 -5.0970746467e-02 -5.9213928630e-01 -6.2681365238e-02 1.4164703342e-01 -2.0448462504e-01 2.7207497394e-01 1.5777815350e-01 3.1409396795e-02 8.6240241490e-02 -3.2197011406e-02 4.8572132917e-02 -8.5476868119e-02 1.0699883568e-01 3.3853412331e-02 7.1566169715e-02 -8.3366038867e-02 2.5773945662e-01 -1.3526583296e-01 2.3714228287e-02 4.0940415079e-02 6.0260209945e-03 1.5397302231e-02 -7.1375046196e-02 -2.5084825560e-02 -3.8772720876e-02 -1.0559799216e-01 -3.9967398319e-02 1.5754846186e-01 2.1461593797e-01 1.8137210006e-01 -2.2306657704e-02 8.4689121279e-02 7.8791855169e-02 2.4696416030e-01 1.5318833967e-01 -6.3070696725e-02 4.0432587786e-01 6.6750349838e-02 4.9897476665e-02 1.0830929238e-01 2.2353776030e-01 -3.0002990658e-02 1.9546334691e-01 -2.9078449107e-01 -6.0721310022e-02 -5.1197608328e-02 1.0252340436e-01 7.8761791871e-02 1.2323172722e-01 1.7386133438e-01 5.6170786611e-02 1.7273142950e-02 2.5541056672e-02 8.2759556382e-02 1.8006856935e-01 3.1120568665e-01 -2.1493703197e-02 -3.0450366993e-01 -1.0295108804e-01 1.5767101974e-01 -1.8756491220e-01 4.2282123840e-02 -6.7497851414e-02 7.0915738711e-02
1.2541072468e-01 -9.5694356338e-02 4.3002648828e-02 -2.3752318217e-01 -1.2684975720e-01 -7.3779246562e-02 2.7640171754e-01 1.9005753027e-01 -3.2072797689e-01 1.3839168190e-01 1.2038677491e-01 -3.6833265029e-02 -1.0769120509e-01 -9.8592921791e-02 -3.2448268050e-01 1.5115316303e-01 1.9423244409e-01 1.1515332464e-01 1.2184397596e-01 -2.8425904413e-02 -5.8311647836e-02 4.9914639915e-03 8.7628017785e-02 1.0356301989e-01 2.4907786880e-01 2.5222683349e-02 -6.5312411140e-02 -1.0964859360e-01 1.9458520423e-01 -3.9603992550e-02 1.1809392157e-01 3.2995829086e-02 1.4977219975e-01 1.4743151076e-01 4.7985356486e-02 -1.0177523919e-01 2.7413850047e-01 -1.1324583343e-01 9.7978552877e-02 -1.1865296624e-01 -1.5748452482e-01 -1.2876300257e-02 4.6114943256e-02 -5.5085132499e-02 1.9614608187e-01 1.3755779988e-01 3.4179196815e-02 -7.5672470050e-02 3.8333514039e-02 -2.5663065385e-01 1.0221006268e-01 -7.8009732036e-02 1.1583904212e-01 -4.0742905044e-01 2.1969466801e-01 -1.2553983749e-01 1.6872446642e-01 -9.9624715639e-02 -2.0243660818e-01 1.8526866891e-02 6.6894568444e-02 -1.2497627734e-01 -1.8014683535e-01 -4.6074641568e-02 2.9738354279e-02 7.8644999966e-02 -2.4761375770e-02 -2.9694129246e-01 4.6486335066e-02 7.8323089212e-02 1.3105369955e-01 -1.7531747544e-01 -2.2137326044e-01 -5.4329052433e-02 -1.0418193805e-01 -8.2770135711e-02 2.4262181909e-01 5.6953915908e-02 4.4501410510e-02 -5.3256165044e-02 9.4028309199e-02 6.5083212071e-02 -9.5973147108e-02 6.1820059767e-02 -1.7558459749e-04 7.3641575628e-04
1.5360577692e-01 -9.5212844371e-02 1.8034261451e-01 -6.9472140719e-02 3.1503141912e-02 5.4960045600e-02 1.3209215545e-01 2.7327428878e-02 -2.8172417749e-02 -2.1294167399e-01 -1.8102409175e-01 -2.6321411976e-01 -1.0934286662e-01 1.3217053170e-01 -3.7780273442e-02 3.5937554508e-01 -1.2984366940e-01 -1.7129074751e-01 1.4866473753e-01 1.1078214296e-01 1.3933479436e-01 4.9190725777e-02 -4.8129241096e-02 -1.1708550189e-02 2.5069256461e-02 6.0143895497e-02 7.3675246043e-04 -3.1286774653e-01 -2.8253928492e-02 1.1675031334e-01 1.8378878445e-02 -2.2587543245e-01 2.3046317378e-01 -1.8083142230e-01 2.1415003385e-01 6.3728090256e-02 -4.0807679842e-02 5.9645301886e-02 -3.7761389017e-02 5.5799635361e-02 -1.4045538710e-01 -1.0582906696e-01 -8.8517490089e-03 1.4898339258e-01 -7.6994404082e-02 -1.0128958471e-01 1.0186449940e-01 -3.5329572656e-02 -7.8057925313e-02 -1.3985587026e-01 1.4610754156e-01 -3.4334915020e-02 -3.2645408682e-01 -1.2919500843e-01 5.6016639599e-02 9.3265953607e-02 -3.1827755900e-02 6.8530959163e-03 1.4230034748e-01 2.1707988368e-01 7.0209129419e-02 -1.9032561360e-01 -2.3736992702e-02 -1.2933384651e-01 1.5976248082e-01 -4.9454670116e-02 -2.6125929554e-01 2.4558384443e-01 -1.2009725423e-02 -1.8277305483e-01 1.4623516429e-01 8.5114366917e-02 1.1346651377e-01 2.0103010236e-01 -1.4283746562e-02 6.3554096664e-02 -1.2429313932e-01 1.4575310002e-01 4.0382227048e-02 -9.1242898206e-03 8.1374110113e-02 1.3834760208e-01 -2.7809464668e-01 -1.7374274319e-01 1.9376522821e-01 5.0451389043e-02
1.7139060706e-01 1.7999345753e-01 -1.1703938180e-01 -1.5833239056e-01 1.2279366997e-01 2.2823262501e-02 9.3431791827e-02 -1.2956080376e-02 -6.1507272808e-02 -3.9795248741e-02 -2.6481509800e-01 -1.8205336618e-01 1.0534286494e-01 -2.9197426161e-02 -8.1001896034e-03 4.2839376630e-01 -1.1606413353e-01 7.0680574392e-02 7.3421797289e-02 5.2076689727e-02 1.2505463406e-01 -3.4258331534e-02 2.3880870051e-01 -9.6531238689e-03 -3.9264384079e-01 1.4016645682e-01 7.0398849876e-02 -1.4845466730e-01 9.5140315889e-02 -2.6743138015e-02 -1.6998863044e-01 2.5385709919e-01 1.1442198525e-01 2.7799259440e-01 4.3711275913e-02 -7.1850415816e-02 7.3773385841e-02 -1.0949272373e-01 -2.6264019517e-01 -3.0253791938e-01 -1.9528019970e-01 7.5263327076e-02 9.4960122114e-02 2.4026746524e-01 9.6499882380e-02 1.5394526622e-01 1.1092787733e-01 3.4652482910e-02 1.1273550583e-01 6.6482740997e-02 1.6311158212e-01 -2.1939080091e-01 -2.0898181474e-01 8.6634627874e-02 1.3687757353e-01 9.3881829036e-02 -1.6537268780e-01 2.7063028556e-02 -7.7687952397e-02 1.2959260353e-01 -6.4963319074e-02 2.3840694453e-01 2.3859558971e-01 -2.1122242209e-01 2.3692389319e-02 4.6750736715e-03 -2.1940663542e-01 -1.0427544657e-01 8.9212510576e-03 1.3129629047e-02 -3.5093071527e-01 -2.1081038141e-01 1.5623806658e-01 -6.5928084642e-02 1.6467436674e-01 -3.7598542641e-02 1.6114732341e-01 9.4021076368e-03 2.3518384848e-01 2.2577110035e-01 2.2083487901e-01 1.3574501101e-01 -6.8955200820e-02 1.6197112904e-01 -1.2823653274e-02 1.9179118099e-01
-1.8631335892e-01 1.4966228716e-01 -1.0542385393e-01 -1.9466259697e-01 7.5859144109e-02 -9.9789495191e-02 8.6128210999e-02 -2.5092934967e-01 -2.1909587961e-01 -7.2301347902e-02 -2.7916727576e-01 -2.1770013006e-02 1.6602605301e-01 8.7924413253e-06 1.8547749540e-01 -1.1125671755e-01 -1.3085205680e-01 8.6230508033e-03 -8.6925468322e-02 2.6578412672e-03 -2.7464040971e-01 -7.2529536060e-02 1.8249786889e-01 2.9691325692e-01 1.7152422927e-02 -5.4107321403e-02 -3.6142161659e-03 -2.7394162392e-01 -1.6671398363e-02 -5.2269953772e-02 1.9999438260e-01 2.3891024159e-02 1.5339314686e-01 -5.4107978333e-02 -1.9202990740e-02 -2.2791923605e-01 1.7660835649e-01 -1.1846094287e-01 -3.4663580569e-02 9.8100187309e-02 -1.6928355361e-01 -7.3247957835e-02 -8.6602943322e-02 1.7267949378e-01 -1.2016613272e-02 -1.4369524242e-01 -1.8057218474e-01 1.2483960715e-02 -3.3799801715e-02 -2.8773427970e-02 -2.5875700986e-01 6.1663266147e-02 -9.5824441473e-03 1.7893689405e-01 -1.8677897419e-01 -2.0180438157e-02 -1.4813820538e-01 -5.8355593201e-02 -5.5694136974e-02 -1.1061477053e-02 -2.2870074926e-01 1.7322272254e-01 1.6643998683e-02 2.4286433459e-01 2.3726451828e-01 7.9989584810e-02 8.4137861180e-02 -9.8638751033e-02 -1.3882182502e-01 -8.6094869019e-02 4.5800054527e-02 -1.0750201593e-01 7.7153606818e-02 -4.4692182296e-02 -1.0407261241e-01 -1.6787012596e-01 -9.2600134400e-03 7.1766230106e-02 -1.1115141218e-01 2.0145894424e-01 1.4162117267e-01 -1.0912343530e-01 -9.6759671432e-02 -8.4307853442e-02 -1.3189785362e-01 -2.4336293426e-01
-1.0791598392e-01 2.5753402045e-01 -1.0909644783e-01 -1.5951091475e-01 1.5906925451e-01 -1.2320157552e-02 -1.4701630559e-02 -1.4307264911e-01 7.8579664744e-02 1.1576023805e-02 1.0739366617e-01 -2.5508179562e-01 1.6691746934e-01 -2.9663658824e-01 -2.2710961786e-01 3.7254213845e-02 -3.0221895698e-02 -5.8211759345e-02 1.7780236929e-01 8.6063044277e-02 1.1197557010e-01 -4.0087794790e-02 1.9518605769e-01 -7.0154812006e-03 1.9206349395e-01 3.4362552201e-02 3.2107801800e-01 -8.8248063910e-03 -9.3258082763e-02 1.2572791624e-01 -7.3322451129e-02 1.2888333708e-01 5.4374315642e-02 4.5895050133e-02 -4.7652562499e-03 -1.5684000333e-01 -1.1073656221e-01 1.7433165781e-02 -3.4153286369e-02 -9.3671396206e-02 -2.1056503065e-01 2.1501505907e-01 -9.0325495606e-02 -1.0459027213e-01 1.6837596772e-01 2.1307209106e-01 2.3962329462e-02 -1.2885566707e-01 2.5291522570e-01 -9.9570957986e-02 3.8412052050e-02 1.1738666384e-01 3.3158250682e-02 -2.1815177883e-01 -2.7104981602e-01 2.4602332139e-01 1.2155892640e-01 -7.1626738420e-02 1.5363397948e-01 4.3064628311e-02 3.4094206423e-04 -6.2294318611e-02 1.0988636321e-01 -4.2592618192e-02 -8.5088174455e-02 -1.0583092800e-01 -2.2390650547e-01 2.9071352345e-01 6.1502333159e-02 -1.4577147939e-01 2.5215052404e-01 -1.3687357541e-01 -3.3773405828e-02 -1.2355956993e-01 -3.8643282518e-02 5.0288107155e-02 4.4594211061e-02 4.6490700897e-02 1.3135076025e-01 9.7661268006e-02 7.0469677737e-02 -1.5894499391e-01 2.4267118257e-02 1.5530774194e-01 -1.4307138922e-01 8.4540509202e-02
-1.0463230768e-01 1.6091653278e-01 -5.3877645980e-02 6.6385308518e-02 -1.0865241903e-01 -9.3662476291e-02 -2.3250384859e-01 -2.4486340877e-01 -3.1324840448e-01 -8.8854719284e-03 1.6605332931e-01 -3.6511961802e-01 2.0410111035e-01 -3.2029682089e-02 -2.2303914172e-01 2.1280836997e-02 1.0238883570e-01 3.9635347950e-02 1.9666017250e-01 4.1630026382e-02 -5.2914366265e-02 -8.6335148548e-02 2.1872174215e-03 -3.6135544836e-02 -1.7823756012e-02 1.3344303093e-01 1.3359781451e-01 7.2405490597e-04 3.5698842823e-01 -6.5432210404e-02 9.6964398557e-02 3.9739112069e-02 1.7852536117e-01 1.3996527919e-01 -1.2906693795e-01 7.8365592980e-02 -2.9035748613e-02 -2.0412637507e-01 -2.2297324202e-03 -2.6232224922e-02 3.3473206680e-01 -1.7192223106e-01 2.0083686864e-01 1.5601533713e-01 1.3484599969e-01 -7.0847692333e-02 3.2439718889e-01 -2.6558434226e-01 7.0594034454e-02 -2.6684242839e-02 1.3717433074e-01 3.2810519767e-01 8.5145902905e-02 -1.0449468736e-02 4.3698771108e-01 5.7395731510e-02 -1.4022931492e-01 1.2740255221e-02 1.3064808606e-01 6.2980098335e-02 -1.6507759062e-01 1.3830660460e-01 -6.1341063055e-02 2.6032532513e-01 -9.9735642657e-02 -1.0586833672e-01 -2.6699943320e-01 4.1960220189e-03 1.7233546517e-01 -6.3907420635e-02 -2.2557166232e-01 -2.2292404802e-02 7.0944798060e-02 1.5101499529e-02 3.3857375742e-01 -3.4369845531e-02 1.3881868723e-01 -1.0792846199e-02 2.4787559359e-01 9.4844509399e-02 1.0898983646e-01 -7.9804994219e-03 6.1247485799e-02 -6.5433867053e-02 -4.2492556469e-02 2.8757959596e-03
3.8547065973e-01 2.0801825759e-01 4.6226700519e-02 3.2101472989e-01 -1.0112727249e-02 -1.0529299191e-01 2.0897713833e-01 -4.5917466124e-03 -7.8255984697e-02 -3.2410380345e-02 6.0105509541e-02 -1.8046281893e-02 -2.5603869188e-01 -2.1655967007e-01 -7.9798657709e-02 1.7442103384e-01 -6.3802446448e-02 -4.9548059829e-02 -5.3355370909e-02 -1.3040849454e-01 -5.9703014125e-02 -2.4981910334e-01 1.4519771318e-01 1.2647272305e-02 -7.2107664747e-02 6.4182620165e-02 6.8748662749e-02 8.5707919528e-02 9.0914834881e-02 -1.4256456618e-01 5.6275987248e-02 9.0495785184e-02 6.0974791728e-02 -1.3778650538e-01 4.9229113847e-03 2.3903765920e-01 -7.8801306432e-02 -4.2695715965e-01 -1.9755703326e-01 -9.6312640461e-02 1.7310295233e-01 8.8893040965e-02 -1.2582903966e-02 1.7529138152e-01 -5.8243875956e-02 -5.5219869026e-02 2.6817304845e-01 7.2851619598e-02 1.5199574234e-01 2.1859408420e-01 1.1836136173e-01 -2.6229099371e-01 -1.6891540607e-01 2.6172214251e-01 -8.6442243851e-02 -2.4996503326e-01 9.6621173267e-02 7.7936374751e-03 -5.3741760317e-02 -2.5725471665e-01 -1.4067873118e-01 3.9633326744e-02 -6.0960521135e-02 -9.8816409720e-02 1.2193409356e-01 1.2398277396e-01 -3.0110546567e-01 2.5492066893e-01 3.2497495085e-01 1.0196361198e-01 2.9078392804e-01 -1.4785267142e-01 -9.1258717104e-03 1.7664207230e-02 -8.0644978046e-02 -1.0788606867e-01 -1.0290445985e-01 2.9409467588e-01 1.1758373001e-01 -6.9118068674e-02 -2.9116640864e-02 1.5558607780e-01 -7.5573237883e-02 3.0754800528e-01 8.7425466236e-02 8.7193579888e-02
-6.6049182723e-02 8.5366726731e-02 -1.0127823419e-01 5.3270730280e-02 -6.0162939761e-02 -2.2119407692e-02 7.7977295453e-02 1.2072174287e-01 -1.0374792148e-01 4.4112865669e-02 8.9343461265e-02 6.4180193392e-02 8.4322179655e-04 -7.6704755214e-02 2.0558643687e-01 -1.0984780337e-01 1.3418228443e-01 -1.1625971098e-01 -2.3961121139e-02 1.6635321866e-01 -1.1395921641e-01 7.2958714122e-02 1.9196962755e-02 -1.5454902290e-01 1.3539999066e-01 -1.4977447338e-01 -1.5102876740e-01 -1.6261288672e-02 -5.9104870843e-02 6.1431990060e-02 1.4760105120e-01 2.0581130420e-01 -1.4708139344e-02 -3.8694624415e-01 -2.7219351180e-01 2.4718339610e-01 -7.4012247142e-02 1.5275384667e-01 -4.2850330837e-02 -6.2143354923e-02 8.4369521049e-03 8.8817718297e-02 6.2478076673e-02 1.9028001406e-01 -2.0689442213e-02 7.0710232863e-02 -3.0171002594e-02 -1.0543301463e-01 -1.9777188096e-01 6.7354295353e-02 1.1080817451e-01 -2.2182061407e-01 -6.3139854337e-02 4.1071760572e-02 -1.1629442459e-01 -8.8537754313e-03 1.0612241392e-01 -1.2933196776e-01 2.6306714219e-01 1.6396786829e-01 1.5676065178e-01 -2.3894126690e-02 -1.1996222434e-01 2.5956253012e-01 -1.3591638984e-02 7.6424812377e-02 4.9775811969e-02 -1.9756224084e-01 7.1838943554e-02 2.8315580536e-02 -3.4292952971e-01 -1.6060074380e-01 1.1902150386e-01 6.1234919416e-02 -5.3680116322e-02 -1.4355778665e-01 1.1646666728e-01 6.0092095171e-02 -1.1938803206e-01 1.3222096878e-01 1.6730513426e-01 1.3796034722e-01 1.0618981405e-01 2.1257768710e-01 -5.1544849540e-02 6.2238299279e-02
-1.4201775859e-01 2.1167268198e-02 5.1662025116e-02 -7.0142269907e-02 -8.4151730808e-02 -3.2821379387e-02 1.4829065529e-01 -1.4227959718e-03 -3.0140465662e-02 -1.8763018416e-01 -3.6693136422e-01 -7.7671992099e-02 1.1622132158e-01 2.0363058354e-01 7.9657944281e-02 2.4771441984e-02 4.3713333154e-02 -1.0317191487e-01 1.7475560597e-01 2.8553791256e-01 1.5970880781e-01 -1.8682736208e-01 1.5181687775e-01 1.7413740790e-01 1.1555400678e-03 7.8250936342e-02 -1.8470476833e-01 1.7645486793e-01 5.0617672931e-01 5.9656834023e-04 -5.8066746712e-02 -3.9282130728e-02 -1.5407972431e-01 -8.5433214776e-02 -1.2141061425e-01 3.6765512307e-02 1.6246204969e-01 -1.6262025573e-01 4.2393954021e-02 2.7575676911e-02 1.2947002058e-01 -1.6875823990e-01 -1.1425805612e-01 1.9889605455e-01 1.1410203835e-01 -1.9449993332e-01 2.5687975410e-01 -1.6865857234e-01 6.0388237749e-02 -3.0204410397e-01 2.9746008277e-01 4.2459677153e-01 -2.8817612386e-02 3.3902063725e-02 2.2199429196e-02 1.3037977513e-01 8.3190082064e-03 8.3760622955e-03 -3.3633438256e-01 -5.9771295271e-02 1.6314084561e-01 -2.3994722784e-02 1.4458078140e-01 -3.2089677177e-02 4.6170174669e-02 -2.6768858991e-01 2.2951169500e-01 -1.4373258947e-01 5.2635384423e-02 5.0641612297e-02 1.6157976207e-01 -4.7033685670e-02 5.6381154774e-02 -4.8114771210e-02 -1.8724870826e-01 -3.1082667851e-01 -1.6550774063e-02 2.0064531040e-01 -9.4559428144e-02 1.5619957577e-02 -1.9174203543e-01 -1.3157602510e-01 3.9135571315e-01 7.3699646976e-02 -2.3663960962e-02 6.5632794543e-02
-1.8636065302e-01 8.8516614289e-02 -2.9170881718e-01 -1.1575959591e-01 -1.2207847351e-01 3.0232684875e-02 6.2879007803e-02 -1.4811146664e-01 -3.5590882617e-02 1.0635040967e-01 -1.4683307402e-02 -2.4303472749e-01 9.3604823475e-03 2.2405892792e-02 -3.0655263085e-01 7.5628896579e-02 -2.9126721397e-01 -1.2629009600e-01 -4.9005887276e-01 1.9768426536e-01 4.4470560181e-02 -6.2064657379e-02 2.9356920994e-01 2.4923717390e-01 2.7606506976e-01 3.5354624857e-02 2.7636326438e-01 7.6124954236e-02 -3.4712738991e-01 -2.5069096900e-02 4.9569982489e-02 4.6055615790e-03 -1.2449924638e-01 -8.7906910212e-02 8.6802943873e-02 -3.8415383403e-02 3.7729866465e-01 1.5476412277e-01 -1.6371337399e-01 1.3019649537e-01 -5.0674330273e-01 -8.2656768697e-02 3.9287663556e-01 -1.8928317162e-01 -2.5323729260e-01 -1.4346172638e-02 -2.9114284083e-01 2.1039770258e-02 -4.4796516087e-02 -1.2061323212e-01 -3.6966850920e-01 3.7756059629e-02 4.5120052105e-02 1.0070899541e-01 1.8886568400e-01 2.6168160551e-01 1.0179136580e-01 -1.8202447183e-01 -1.2973107121e-01 3.1087015513e-01 -1.5444431344e-01 3.0021059799e-01 -6.6217817550e-02 6.0051845556e-02 1.8721872382e-01 1.7329519098e-01 1.0585396117e-01 1.0622983013e-01 1.3564527194e-01 3.1935801453e-01 8.2176065905e-02 1.4128482288e-01 -3.0132165210e-01 9.1408105306e-02 -6.2932370723e-02 -6.4657748506e-02 -1.6686899736e-01 -8.8213993661e-02 -6.7793235897e-02 -1.3830317923e-01 -1.8959043618e-01 1.8659887575e-01 1.4776464104e-01 -1.0972550802e-01 -1.6351401884e-01 -2.0264660613e-01
-1.2129324450e-01 6.5075025289e-02 -3.7585423136e-01 -1.4835539169e-01 -1.6715359234e-02 2.0348269736e-01 -2.9308591228e-02 -4.2401871767e-02 1.1243411328e-01 1.6547376896e-02 -1.9971754368e-02 1.8176417936e-01 -1.1633447558e-01 -3.1508537142e-01 9.4197921006e-03 -6.6990250735e-02 1.5314870915e-01 -4.7167483066e-02 1.4276906216e-02 -1.1804420264e-01 3.0266258519e-01 1.4599392822e-01 -2.2851541667e-01 1.2016527417e-01 -4.5382449486e-03 -8.1788894124e-02 -3.4685728506e-01 8.4074485268e-02 2.4044720441e-01 -3.6903659531e-02 -2.7998459865e-01 5.6365993299e-02 -2.0264764574e-01 -1.9408844715e-01 -1.1732799401e-01 -1.3697573486e-01 -4.1214961559e-03 2.2157100164e-01 -1.9122348930e-01 2.3862938787e-01 -1.2727365726e-01 3.0740248853e-01 -8.7979361271e-03 -3.2781424714e-01 -1.0307418857e-01 1.5317154990e-01 -2.1840530770e-01 1.4685456182e-01 -1.8320800516e-01 -1.5018077645e-02 -2.7727535100e-02 8.8349647289e-02 1.8759882716e-01 -2.4679103604e-02 -2.6533872188e-02 -1.0669060018e-01 1.2594615180e-01 -9.0821186120e-02 1.0729879464e-01 7.2830554579e-02 1.6367862987e-01 3.5494817745e-01 2.5365089367e-02 1.7234774352e-03 3.4977574628e-02 1.9130942624e-01 1.7743359255e-01 3.1366546143e-02 -3.0249684858e-01 -5.6662052682e-02 -1.3789525547e-01 2.9421244683e-01 -6.8663377471e-02 1.1183293563e-01 -1.0007872480e-01 5.8085826242e-02 1.4843478904e-01 -2.7549353229e-02 -1.6190636976e-01 -2.2061445444e-01 1.0957748557e-01 1.2993438409e-02 8.4219599491e-02 -6.9584555645e-02 1.1727876058e-01 -1.4018572026e-01
-4.5122090400e-02 1.3796200161e-01 -1.5336214170e-01 -9.7703025187e-02 4.1323666545e-03 -1.3134320771e-01 2.5789959051e-01 -1.2661865366e-02 1.0841659903e-01 -1.4896173016e-01 1.5252995715e-02 -8.9756093336e-02 9.1772762199e-03 4.5431249474e-02 -8.5370432252e-02 -3.0585776671e-01 -8.6535710056e-02 2.3800124924e-03 -1.2895561253e-01 -1.4164848849e-01 -4.9246105510e-04 -2.6534238313e-01 3.4047144274e-02 9.6137916890e-02 3.5579959223e-03 -1.9737085651e-01 2.6584558214e-01 7.1060040511e-02 2.9238840345e-01 1.3939038432e-01 -1.3807032489e-01 -5.7211008404e-03 -2.7706337674e-01 3.5975738394e-01 -1.8538412101e-01 3.0352133796e-01 -1.8773240579e-01 7.4130809702e-03 1.7997247618e-01 -6.8609462802e-02 1.1072740298e-01 1.1390866233e-01 6.7396586240e-02 -9.3783937382e-02 2.1351269696e-01 1.1134637097e-01 -4.0440305172e-02 7.5049758961e-02 -2.8799425636e-02 -2.4915519144e-02 -1.2687954447e-01 -8.8762342903e-02 -5.1058776502e-02 -2.2607464264e-01 -3.3423070507e-01 3.9970881385e-02 -3.3420183170e-01 1.7668528778e-01 -1.7175402040e-01 5.5952440887e-02 2.1385083647e-01 8.3838163228e-02 2.2071097230e-01 2.9819150716e-01 -1.6497896777e-01 2.2634561870e-02 3.0611812080e-01 9.4154690401e-02 1.6390211485e-01 1.0194708093e-01 -2.6439659924e-03 3.8119553648e-01 -8.5759750132e-02 -4.7084070484e-02 5.1555357385e-02 3.1177266152e-02 8.4845873776e-02 1.6445120946e-01 1.4626398863e-01 -6.5348566029e-02 4.5940489804e-02 -3.7826115289e-02 -8.9984921704e-02 -1.7544383397e-01 -1.4353416077e-01 -1.9736285917e-01
-2.4927215439e-01 8.4028397413e-02 8.5135422195e-02 6.0273192793e-02 1.3513964666e-01 -2.3466773150e-02 1.9678603458e-01 1.5270142819e-01 2.3083389858e-02 -2.0296430568e-01 1.6227962984e-02 5.3142140603e-02 -4.0367261289e-02 -1.9026362051e-02 -1.5278266760e-01 -9.7625297944e-02 -8.4415132724e-03 7.5152829323e-02 -1.6905503578e-01 -3.6715633825e-02 1.1433053650e-01 -2.9998963279e-01 -1.3753148289e-01 2.2480246010e-01 1.6828247418e-01 2.3911221821e-01 1.1710850866e-01 2.1660420990e-01 1.7276192364e-01 -2.2442511739e-01 1.2984765705e-01 2.8264151497e-02 -5.9161617539e-02 2.6836404135e-01 -7.5620248224e-02 1.9753159180e-01 -1.9442222827e-01 -2.7959834771e-01 1.8686100694e-01 1.3865446592e-01 5.6833239608e-02 -1.6599214950e-01 -1.6662543682e-01 5.5093535964e-03 -1.1127711411e-01 -1.0773834329e-01 -2.0246302622e-01 1.5350845596e-01 -6.1182608863e-02 1.7652467811e-01 -1.5220657273e-01 -9.8394696123e-03 6.7837926572e-03 -6.3348076201e-02 -8.2982539802e-02 -9.6693581589e-02 3.1731110708e-01 -1.1095725544e-01 -8.2959504942e-02 -1.3739163654e-02 1.6994040078e-02 4.3925247800e-03 1.4723141669e-01 8.9111545365e-03 1.8526217683e-01 -5.1009534396e-02 -7.4081886226e-03 3.3462589166e-02 -9.5180303813e-03 8.1046003622e-02 -5.1137389143e-02 5.8970890944e-02 -1.3112638418e-01 -2.6694578938e-01 -2.1398266153e-01 6.3516946743e-02 -3.1069541693e-02 1.3651834565e-01 -1.2236221319e-02 -7.1014283350e-02 -1.1527156482e-01 1.9430665863e-01 -1.0441871392e-01 3.3663481145e-01 -4.7864984781e-02 6.1868021918e-02
-1.6586799436e-01 -2.7900282234e-01 1.1640793367e-01 1.3720989498e-01 1.5020863108e-01 1.4645498036e-01 1.7455439118e-01 6.1300440745e-02 1.6775844398e-01 -3.3617721436e-02 -5.7772978987e-02 -2.4763591204e-01 1.0931121035e-01 -1.2941575559e-01 -3.6413000918e-02 -2.6950472732e-01 -1.5711403048e-01 -6.2540720368e-03 -1.1308431936e-01 9.5482389851e-02 1.8808360915e-01 7.1411153416e-02 -3.7479946782e-02 -1.2173812040e-01 6.0085453830e-03 2.9214049733e-01 -2.0732124693e-02 1.1896186126e-01 7.8787009539e-02 -2.3328315453e-01 -2.2715175758e-01 -1.8355345331e-01 3.1549301458e-02 -1.2318038508e-01 -1.7457593539e-01 -4.1667665843e-02 -2.0286075114e-01 4.2608818726e-01 -2.4616188957e-02 -1.8845934845e-01 -9.1534962119e-02 1.2850347116e-01 -7.6750581543e-02 -7.3942337648e-02 -1.4995946181e-01 -5.5187366910e-03 -2.3600656116e-01 -3.8425019810e-02 4.8653443976e-02 -3.1488489457e-02 -8.4116208513e-02 9.3498127188e-02 2.4959546960e-02 -1.0039826215e-01 1.1159529069e-01 -5.0754467506e-02 3.5531524098e-01 5.8013768328e-02 -1.0626772699e-01 1.7278705336e-01 -8.4369407184e-02 -4.6282874309e-02 -1.6137778879e-01 -8.3697558676e-02 3.6819548512e-02 1.4412926736e-01 -2.8695025081e-02 1.2375981164e-01 1.7566358450e-01 6.3711895202e-02 3.1617730802e-01 2.7271067994e-01 -8.1866393950e-02 2.0039962886e-01 -7.5433837197e-02 6.8024623009e-02 1.0293969322e-01 -2.1009508847e-01 1.3595166218e-01 1.5482862800e-02 2.7838594320e-02 -2.0379660024e-01 -1.2597162045e-01 3.7214891342e-01 -4.5362821603e-02 3.2478837622e-03
8.9350349363e-02 1.0385539778e-01 3.1333821380e-03 -1.7195742523e-01 2.1950370384e-01 5.3264980782e-02 -1.2346909847e-01 3.8203941843e-02 -1.6999700067e-01 -2.9235706770e-01 -9.7977872716e-03 2.0152989060e-01 -2.0398835543e-01 2.0697111909e-02 -2.4150588063e-01 1.2142951441e-01 -1.2324698525e-01 -1.9226953208e-01 1.5778022639e-01 2.4445640845e-01 -1.3973690073e-01 6.2116994108e-02 2.0400580956e-01 7.0695362055e-03 -5.0310957467e-02 -8.4345486664e-02 4.7030490288e-02 7.0325661015e-02 8.4046448749e-02 1.7677487716e-01 1.3232756869e-01 -5.6593467876e-02 8.3422187465e-02 1.8378047812e-01 -2.8924084341e-02 -1.1823962593e-01 -2.0470275334e-02 -3.2385817951e-02 -9.2167896902e-02 -3.1133723266e-02 -7.3547103060e-02 -1.3119259512e-01 1.6845175763e-01 4.0385715303e-02 -4.5065332488e-02 -1.8995806037e-01 8.6509214823e-02 -3.0561589105e-01 -2.0358020815e-01 2.1308428656e-01 8.9982286990e-02 1.0973727680e-01 -2.4729998582e-01 -3.2907644304e-02 2.9749564154e-01 -3.4027407679e-01 7.7758201373e-02 -1.5016729813e-01 7.8085163583e-02 -4.5150089040e-01 -8.2007319410e-02 1.6826735954e-01 1.1049021557e-01 -2.2986949097e-01 1.9135957588e-01 -2.0276572000e-02 -2.0675746144e-01 7.2026354429e-03 3.5482113372e-02 -1.8627534787e-01 1.3591321432e-01 -3.2774222695e-02 1.0313128393e-01 2.1014729724e-01 -2.9799557455e-02 -1.3240591976e-01 1.0210188654e-01 1.6452337169e-02 1.0979007855e-01 1.2391199799e-01 1.8722398051e-01 4.2068404443e-02 -6.3260199796e-02 -3.7064104253e-03 1.2936906644e-02 2.8519291430e-01
1.1302014181e-01 -1.3615963848e-01 -9.9154681632e-02 -4.0773740556e-02 -1.3365687246e-02 1.8880106967e-02 -2.8722132577e-01 8.0747028883e-02 5.5287839156e-02 8.4192840614e-02 5.9224325124e-02 1.6122089283e-01 -1.5373976423e-01 -9.5669072263e-02 1.9398988440e-01 1.0799632512e-01 2.6048640154e-01 8.3197892890e-02 1.3180803100e-01 -9.1623109149e-02 6.0066716966e-02 2.7502625247e-01 1.8630893635e-01 -3.3193425095e-01 -3.5343042875e-02 6.9460303658e-02 1.0098927744e-01 3.8611325829e-03 -2.0114921576e-02 2.7244351054e-01 -2.9554754899e-01 3.3144153775e-02 -4.7084154071e-03 1.5792999455e-01 6.0023292433e-02 6.8349170852e-02 2.8027515795e-01 4.0900603036e-01 2.0268960417e-01 -1.7120592829e-01 1.0838120364e-01 -3.7452563405e-01 -9.7255489285e-02 1.9550892978e-02 8.3093694849e-02 4.9740602389e-02 2.0339885246e-01 -1.0501535975e-01 3.6462060389e-01 2.3290655104e-01 3.1323252879e-02 2.2582262347e-01 -1.4040353486e-01 6.6631792088e-02 2.5132631612e-02 1.4479339336e-01 6.8579283024e-02 -2.9075324188e-01 -1.6145118528e-01 -1.2420571006e-01 -1.2192256627e-02 -7.0796594014e-02 1.5830683557e-01 1.1316843752e-01 2.3767994112e-02 1.2170208431e-01 1.6818779052e-01 -6.5666531386e-02 2.6711771657e-02 2.4735075688e-01 -2.7875165168e-01 1.4036556236e-01 1.1006018863e-01 4.2939782600e-02 4.3039840539e-02 2.8093341733e-02 1.0123033954e-01 7.7915149341e-02 -2.3860447430e-01 8.3768663293e-02 -3.0265320438e-01 1.7457269389e-01 -2.4945621787e-01 1.2282179845e-01 1.7241806134e-02 2.8723913936e-02
-1.7598889432e-01 -3.6073448364e-01 -8.0420765383e-02 -1.1967889019e-03 1.6363170604e-01 8.8615232885e-03 1.8170053186e-01 -2.5299139804e-01 -9.9555678220e-02 1.9018321422e-01 1.0180388131e-01 1.2672451645e-01 3.4663567814e-02 -5.2659226963e-02 -2.0982755915e-01 -2.0603797286e-01 -2.3201114987e-01 6.3215035278e-02 5.1375216947e-02 -1.3745508265e-01 7.6648910293e-03 1.8138056014e-01 -3.4368311470e-02 -3.2745267117e-02 1.4779805811e-01 -2.5755702030e-01 -8.3790503720e-02 -2.8342982145e-01 1.9644680448e-02 -1.5847302001e-02 8.2001126748e-02 -6.2245166275e-02 -5.8759294555e-02 -8.2816563292e-02 1.1241314655e-01 1.6782017963e-01 5.8299069789e-02 5.3715819519e-02 1.9538161671e-01 -2.8376213802e-01 1.5679183482e-02 1.6398611636e-01 2.5726908980e-01 -2.1058877482e-01 -2.4189295263e-03 4.1655256707e-01 -1.3727584806e-01 1.4673186670e-01 1.4905419340e-01 1.8380791474e-01 1.2808902701e-02 3.2701299419e-01 2.2241809711e-01 -9.7659533458e-03 1.6684744107e-01 -1.9051525687e-01 -8.2784318590e-02 1.7096387645e-01 -1.8028254284e-02 -5.8737095703e-02 2.6316142340e-01 7.1432159096e-02 1.2387462967e-02 4.1729407878e-03 4.1532058817e-02 -1.8718833012e-02 -3.9712831580e-02 3.9702778453e-02 2.7188910650e-02 5.8691932042e-02 1.0105440803e-01 -6.0237243233e-02 -1.4401035300e-01 -8.9276832346e-02 1.3933782798e-01 -2.1514221987e-01 2.1713600337e-01 9.8559034612e-03 -6.2077403038e-02 1.3260087637e-01 1.7071215714e-01 -1.3454463803e-01 1.9579702990e-01 -1.5929369950e-01 7.7393395587e-02 -1.4499290626e-01
-1.7188556101e-01 -1.4564974217e-01 -3.2479886381e-02 -2.3125754914e-03 7.3342829315e-02 7.3114086590e-02 -1.2579964554e-01 -1.5868172612e-01 -3.7671226993e-02 1.2110606128e-01 -7.5163477735e-02 8.4908455717e-02 1.4597974414e-02 -2.3642674011e-01 -3.1615375084e-02 1.4557419139e-01 5.6298238770e-02 4.1147246628e-03 1.4910877611e-02 1.7367235473e-01 4.9507485029e-02 3.1537168453e-01 2.3420401449e-02 2.8109248802e-01 -1.0057760040e-01 -3.5130354298e-01 -1.0775652677e-01 -4.6710385987e-04 -9.6913487235e-02 3.1464913106e-02 -2.1998144986e-02 8.3335501490e-02 -8.8229285133e-02 -2.7173308541e-01 -2.2847894380e-01 2.5052127139e-01 1.1306806236e-01 -4.2645587230e-02 -1.4496901576e-01 8.0092269052e-02 7.8737096654e-02 2.7888334147e-01 -7.9132154298e-02 -9.1808766679e-02 -1.7105910379e-01 -1.0723516450e-03 7.9352962222e-02 7.7475712319e-02 3.7314521889e-02 1.7443044074e-01 -2.1041099623e-01 1.7641524999e-01 -8.6020344327e-02 -5.0624285090e-02 -1.6657022664e-01 1.2011943981e-01 -9.5422340330e-02 -1.8336619526e-01 -1.3759676151e-01 -3.7554084370e-02 -2.6070512339e-02 2.7709346498e-01 1.9046367590e-01 -1.4505928675e-01 1.5366651909e-01 -1.1320547268e-01 1.3036880009e-01 2.7276368501e-01 -2.6221430146e-02 -1.2652842923e-01 1.6463285819e-01 2.7636063137e-02 1.0687856302e-02 5.2644696687e-02 7.5154615315e-02 -3.5723890696e-02 1.6655603074e-01 1.0240205195e-01 7.1601131585e-02 -1.0805008657e-01 -1.4237159140e-02 -1.2351184448e-01 -1.3833066862e-01 -9.8804802363e-02 8.0371969356e-02 5.0731284744e-02
4.1073519999e-01 1.9954186183e-02 2.2873673170e-01 4.2519646544e-02 -1.6125948032e-01 6.9166913566e-02 3.4620521110e-01 -2.5407550019e-01 2.7225602668e-01 8.5655245750e-02 5.5425709128e-02 3.2776571385e-01 5.5239002840e-02 2.9222220108e-01 1.9387770199e-01 -1.7820080699e-01 8.9208279238e-02 -1.6786243734e-01 -2.1457868195e-01 -2.4439596481e-01 -9.3100004321e-02 -1.9596517802e-01 -2.8754193376e-01 2.9329106099e-01 2.1318817078e-01 3.2604970401e-02 1.0094646914e-01 4.8487902230e-01 -1.0577804304e-01 -1.7101484337e-01 -1.3195363867e-01 4.8069665901e-02 6.9273783902e-03 1.9540975085e-01 -4.9169220284e-02 1.6716596065e-02 -4.9491809449e-02 -9.8121405773e-02 1.0668595062e-01 -1.5796201188e-01 -7.0895420065e-04 2.7718617824e-01 1.2005691954e-01 -2.4971484770e-01 1.2412622843e-01 -2.3941755182e-01 -3.6181779355e-02 1.4515613192e-01 1.8073352783e-01 3.3708940517e-02 -2.6506773869e-01 -1.6844983086e-01 2.1040291582e-01 -7.6944001272e-02 8.6383283362e-02 -2.1524288182e-01 1.7980062024e-01 2.6704948692e-02 -2.0408157914e-01 -4.3902047882e-01 1.0015587270e-01 2.2844136985e-01 -1.6743952643e-01 -9.5138794441e-02 -2.4127940335e-01 1.1139190548e-02 2.0485821789e-01 1.6103158975e-01 -2.5643765842e-01 -2.1920786313e-02 1.3243152749e-02 -2.2645759239e-01 1.7943946780e-01 -3.3124436211e-01 5.6756130570e-02 1.3796151110e-01 9.3974383528e-04 -5.7805944124e-01 6.2474450423e-02 2.4505726114e-02 1.1010712911e-02 -5.8614603368e-02 1.4524154293e-02 -3.5272126275e-02 1.3550621240e-02 -1.5046738242e-01
1.6524132457e-01 -1.5797619490e-01 -5.9498274206e-02 1.6364652329e-01 1.7055237990e-02 -2.0540161748e-01 -9.1478865362e-02 7.9828715912e-02 7.1219299547e-02 1.6746178490e-02 -3.5550963242e-02 -6.3194351876e-02 -2.5675908466e-01 5.7096246711e-02 -2.3602225892e-01 -1.9665155449e-01 -4.1324333104e-02 -2.8708437096e-01 -1.6691215617e-01 1.7724422503e-01 3.2757879542e-01 -1.4387589224e-01 -2.2049281782e-01 -2.1039499459e-01 -1.7043948044e-01 -3.7027936061e-02 -1.0409096812e-01 -6.6800753957e-02 -1.0770097841e-01 -2.7186270985e-02 -2.3265545393e-01 1.2342229999e-01 -2.0519824052e-01 2.0918765003e-01 -8.7683216619e-02 -7.8976807598e-02 -3.2858798101e-02 2.4335446799e-01 2.1071727292e-01 -1.7269855806e-01 -1.1661678345e-01 1.9540903741e-01 2.4317386821e-01 1.0983585922e-02 -2.2872875062e-01 3.3874993351e-01 -1.2163640337e-01 5.1382494499e-02 -2.0398634905e-02 1.1995807454e-01 -6.2313907604e-02 -3.2568673977e-04 2.0577175085e-01 1.7386481113e-01 -5.6994590066e-02 -6.2365162003e-02 -4.6186359233e-02 -1.6395656623e-01 4.7565846914e-01 9.7739290921e-02 1.6707341019e-01 5.7908742741e-02 1.4383176163e-01 -5.0356498372e-02 1.3172956252e-01 -1.2782663970e-01 -2.0864672897e-01 -2.1662780030e-01 1.1402251495e-02 -1.5833115381e-01 -7.5243828695e-02 5.0488970455e-02 2.1702410758e-01 2.4771537122e-01 -2.1439567730e-01 -1.5587786547e-01 -2.5702396710e-02 -2.2284661861e-01 2.6632449611e-01 1.9674721412e-01 1.0823378008e-01 -1.3796054977e-01 8.1231460987e-02 1.1178406439e-01 5.9274054736e-02 -1.3662453473e-01
7.4247183438e-03 2.8795900927e-02 4.1035506572e-01 -1.4851359790e-01 2.9805662825e-02 -1.2310725815e-01 1.4010776891e-01 4.0269868314e-02 1.0135438854e-01 8.4586919090e-02 1.7803812470e-01 -5.8567462622e-02 7.0967151871e-02 -2.6889844756e-02 -1.5292505848e-01 1.9177697918e-01 1.0416204763e-01 1.6860827664e-01 4.8776734660e-02 -5.2105966059e-02 -1.1465836686e-01 4.1663048197e-02 1.5630594320e-01 2.4854233721e-01 -1.1713394060e-01 -1.4602890509e-01 -1.5880047802e-03 5.5021187845e-02 9.4001232521e-02 3.4858341344e-01 -4.2333631712e-02 4.7402643486e-02 -2.1178444440e-02 -1.1536934474e-01 -9.9337094301e-03 7.1016020254e-02 -2.6676768674e-01 -2.0825811994e-01 1.1444652876e-01 2.5268814746e-02 1.6784731282e-01 9.8549655442e-02 -3.9622125188e-01 4.8870473347e-02 1.5929611317e-01 1.6195655394e-01 2.3159902506e-01 9.1530933187e-02 -6.6010220853e-02 -7.7194778193e-02 5.0603836866e-02 1.5893410982e-01 -6.5799124429e-02 -2.4371751624e-01 -1.8738760898e-01 -1.5270962900e-01 -1.7372153737e-01 2.8287255767e-01 6.1229591879e-02 8.2137288216e-02 3.3258816238e-01 -7.6374434501e-02 -1.5767617664e-01 -2.4126810608e-01 -2.4387874109e-01 -4.3111890378e-02 5.2483827838e-02 -2.4517287261e-01 -7.6171157328e-02 -5.9767106994e-02 -1.6622131717e-01 2.1741236844e-02 -2.1178963582e-01 -2.3443647766e-01 7.4927527195e-03 1.7232710110e-01 9.9395012481e-02 2.8217963022e-02 1.6870193833e-01 -6.4639072019e-02 1.0649978751e-02 -7.9217796724e-02 1.5131534700e-01 -1.3684066760e-01 -1.1468178101e-01 -9.5848576080e-02
2.5907298243e-03 -5.0963510126e-02 1.1026189570e-01 -5.3930003091e-02 2.0351065098e-02 -3.1170468861e-02 -2.2003310442e-01 6.9010590094e-02 -1.0976131450e-01 5.7699069282e-02 4.0727093556e-02 -8.0940732522e-02 2.6330859697e-01 7.7226022876e-02 1.7971768649e-01 2.3338924293e-01 2.1679040115e-01 -5.0039709848e-02 2.9532346859e-01 2.5773838804e-01 3.4165101751e-02 1.5373908367e-01 -5.0099744810e-02 -4.1638137690e-02 -6.9494433955e-02 -8.7528395429e-03 1.1877155844e-01 -1.1231729422e-01 -5.9898862938e-02 -1.0675113370e-01 1.3998337005e-01 8.3009662635e-02 2.2125235777e-01 3.0855029727e-01 1.4607444443e-01 1.4724788730e-01 3.5119846750e-01 -5.6953277541e-02 -7.7044501679e-02 -1.9548487727e-01 -3.7925181868e-02 -1.9195902532e-01 1.7917495924e-01 1.0477543081e-01 -7.6876209604e-02 -6.1768496896e-02 -5.5583836864e-02 -2.8951599704e-02 -3.0679981414e-02 1.1520944658e-02 2.9984584021e-01 -9.3706460570e-02 1.7424790286e-01 1.4294301590e-03 -2.9855710842e-02 -4.3694026207e-02 -3.2035948113e-03 -6.9054625658e-02 6.4565753703e-02 -1.0540346986e-01 2.5915696589e-02 2.6044825919e-01 1.9352344133e-01 1.2596471315e-01 -7.0688650789e-02 2.0311143087e-01 7.7952209406e-02 -3.0017092079e-01 -1.0928401361e-01 -4.0511790812e-02 -6.3198753903e-02 -1.8668268442e-01 2.2470939189e-01 3.4169260415e-01 -3.9592729539e-02 -1.2585453052e-01 -1.0700069664e-01 5.7640204571e-02 4.7402607826e-02 -3.6761927891e-02 5.4418039895e-02 1.1840576806e-01 2.8790262335e-01 -1.9712434484e-03 4.1633419124e-02 -7.8839443586e-02
8.5361894833e-03 -2.8723149656e-02 4.6511305258e-02 1.0287580402e-01 5.1478372457e-02 -1.1177824681e-01 -1.2953239263e-02 -2.9081671478e-01 3.9954450597e-01 3.7385163819e-01 1.0398202981e-01 9.5953836819e-02 1.0657704645e-01 1.1826500402e-01 1.5211712324e-01 4.3124521195e-02 1.2600370465e-01 1.1898698099e-01 -9.9100389507e-03 1.5662387060e-01 -4.1666085729e-03 -9.5837841935e-02 1.3595200749e-01 -1.3458165104e-01 3.8697464652e-03 -8.2129480075e-04 -1.2041921202e-01 1.7751026710e-01 1.2394919300e-01 -1.5181838082e-01 9.3249313777e-03 3.2779326301e-02 1.9607485412e-01 -5.3833439402e-02 1.9250447381e-01 -8.7534085427e-02 1.9881965141e-01 -2.6331382117e-02 -9.9281302029e-02 -1.6300328552e-02 -9.1138132450e-03 4.0962785695e-02 -1.9977701780e-01 -1.1040494935e-01 -1.7078303085e-01 -2.7133269149e-01 5.3036181182e-02 1.0322863723e-01 -7.8308147364e-02 -2.2407988121e-01 9.1275907927e-02 2.7492292901e-01 1.1607752404e-02 -1.0104348433e-01 7.3008333138e-02 9.4680365610e-02 3.4573927944e-02 1.0194202055e-01 9.0292522204e-02 -5.5301440527e-02 7.6529511716e-02 -1.5961733822e-02 -1.0853669916e-01 -5.6695367403e-02 -1.0827676671e-01 3.9485849116e-03 -1.7541620236e-01 -1.0676739255e-01 -2.4384099536e-02 -2.1424667569e-01 -3.7003926009e-02 -1.0388208891e-01 1.0379171419e-01 9.8261293622e-02 -2.7687407210e-01 -6.8928091637e-02 -1.3200597674e-01 1.2727326877e-01 -1.4510678511e-01 2.7290431285e-02 -7.8329144311e-02 1.1935008327e-01 2.3110159506e-01 -1.2221140063e-01 1.2000553712e-01 -7.5680258561e-02
-1.0986441734e-01 -1.5625645662e-01 1.3524102062e-01 1.6502181534e-01 7.6202591927e-02 -2.0647674593e-01 -3.2052501411e-01 5.9552138284e-02 -2.5756509281e-01 -3.3589885810e-02 -2.7336421126e-01 1.1353650714e-01 2.5896812686e-01 -3.0121464782e-01 2.6691642252e-03 -5.8353953837e-03 1.5671520216e-01 2.5408919526e-02 1.9698502631e-01 -1.9527571265e-01 -1.0377809882e-01 -1.9739091324e-01 -2.3340805527e-02 8.7444323459e-02 3.6130437354e-01 1.5605267676e-01 2.9962514821e-01 2.6022635689e-01 2.1767410737e-01 -3.5614984057e-01 2.8512176816e-01 -1.2389131853e-03 -1.2055224602e-01 -2.8365044291e-01 -5.3286254890e-01 -7.3804436062e-03 3.2563750132e-01 4.5026672998e-02 -1.0265724403e-01 -1.6173453240e-01 3.4933436001e-01 -9.3007725665e-02 -1.4572526521e-01 1.2278238072e-01 2.5487860115e-01 2.7409869504e-01 -2.7756706546e-01 -1.7104992897e-01 4.8750547073e-01 -8.8934409604e-02 7.4928966826e-02 -2.8413611930e-01 -3.5426708856e-01 1.0762211214e-01 9.0915810635e-02 -1.1038770156e-02 3.5539459654e-02 1.2940688817e-02 -1.8489959989e-01 -5.4361978006e-01 6.2033616673e-02 7.7413919290e-02 -1.4945910744e-01 8.0027264089e-02 -5.0006652231e-02 -2.6000006171e-01 5.2879645277e-02 -9.4152132095e-02 1.9713465686e-01 1.2102849371e-01 4.7340917172e-02 -2.1143037390e-01 -2.5545309429e-01 -1.1388623044e-01 8.3439423329e-02 2.9928931256e-02 8.0354522865e-04 -2.6248711024e-02 -2.3928268635e-01 -1.5637484459e-01 2.1696130983e-02 -6.9870632486e-01 -2.2424848046e-01 2.2850551829e-01 2.4385829813e-01 1.9321074948e-01
-1.2705836827e-01 -1.5765035893e-01 5.9003797489e-02 -1.1321949924e-01 -1.7032300599e-01 -4.0861456565e-02 -1.6225847440e-01 6.9671561038e-02 2.7478409381e-01 -9.4171022911e-02 -1.3786465081e-02 -1.9674524161e-01 1.2802221520e-02 -3.5128996284e-02 -6.9109811162e-02 -3.2697275744e-01 2.7366134050e-01 8.6640703386e-02 -1.8529678659e-01 -1.0101792460e-01 -1.2325066556e-01 -2.5175384159e-01 -2.5892835870e-01 1.3296960444e-01 -1.3993459233e-02 4.0230904256e-01 -1.4210704475e-01 1.7768004784e-01 -1.7308130785e-01 2.2093042601e-01 1.0989152230e-01 -4.9595574542e-02 -3.0224858129e-01 1.5458316405e-01 -2.3725168555e-01 -1.6560221577e-01 -4.2255575483e-02 1.5964655590e-01 -1.7607825259e-01 -1.5061902525e-01 -1.4970308621e-01 1.4823034694e-01 1.5169319306e-01 -1.1236568104e-01 -1.4334949184e-01 5.0181557832e-02 5.9452622018e-03 3.6561197682e-01 -9.8384825841e-02 -8.9181456877e-02 -2.7383442316e-01 2.8361003154e-02 2.4731164610e-01 2.7623355210e-01 3.6312749009e-01 -5.4206088954e-02 1.3152480896e-01 3.5476556970e-01 -1.9481419950e-02 -2.1368722158e-01 -6.3335123464e-02 4.3140705144e-02 1.0516546946e-01 3.4351470638e-02 3.6228975584e-02 1.5940832471e-01 -9.1334858461e-02 2.3343604916e-01 3.1358537702e-01 1.1166158025e-01 3.3942299840e-01 2.8491980799e-01 1.6404183191e-02 -1.3528552282e-01 -6.7809775064e-02 -1.6718556826e-01 2.0660049252e-02 5.9929420322e-02 2.4473544651e-01 -2.2691800520e-02 2.1632251301e-01 -2.7749259991e-01 3.8040421151e-02 1.3863304864e-01 -9.3797706588e-02 -1.2492831216e-01
-2.8100265079e-02 -1.6619926154e-01 7.7358585454e-02 2.5901861863e-03 -1.7729878517e-01 4.4715059879e-02 -2.4779803536e-01 -5.0303693934e-03 -4.7014099657e-02 1.0305505447e-01 9.8166282396e-02 1.2942132077e-01 3.2791322327e-03 -1.6724320581e-02 -1.8058956773e-01 -3.4355948086e-03 2.5941426544e-02 4.9085959167e-03 -2.2037067253e-02 -1.6635979943e-03 1.4924105138e-01 9.7460049560e-02 4.0590914891e-03 -1.2139949962e-01 2.1618498540e-01 2.4529998180e-02 -5.6317316724e-02 4.9668181428e-02 -2.7186171732e-02 1.9500392029e-01 6.2716555044e-02 1.5523171731e-01 1.0814544260e-01 -1.1127206247e-01 -1.8878663437e-01 1.0559565384e-01 -7.3467188574e-02 9.5532947352e-02 2.0606925363e-02 -3.0414874962e-02 -3.5840652132e-02 -6.2188743917e-02 -5.1470213912e-02 -8.9327163402e-03 3.6822517164e-02 -1.1390110514e-01 2.2247869873e-01 -2.6172338774e-03 4.1652877048e-02 1.4934237943e-01 -1.9117703523e-01 -1.4359503538e-01 2.0230224797e-01 5.5715495353e-02 1.1516482301e-01 -1.0886836667e-01 -1.4574385037e-01 1.6652041807e-01 1.8615319937e-02 1.4623510421e-01 -5.2680865943e-05 2.8217950749e-01 -1.7582901382e-02 -7.0939368554e-02 -3.6146171352e-01 3.9015231077e-02 -9.1808729930e-02 8.1191602035e-02 -1.0498827348e-01 1.2617993280e-01 1.9324095927e-02 -6.5621568813e-02 -5.3006219111e-02 1.4959162925e-01 -2.2682826334e-01 4.8900452010e-02 -8.3272951459e-02 -3.9744516844e-03 -2.1557520510e-01 -2.0186682192e-01 2.3034191840e-01 5.9392163008e-02 -5.3535371331e-02 1.1599937849e-01 -2.9388731091e-01 -9.7725945648e-02
8.9014853084e-03 -4.8581480522e-02 1.2140195439e-02 -7.0345009585e-02 4.9082956856e-02 -1.0127676204e-01 7.2907360554e-03 9.4805062916e-02 2.5509458055e-01 -1.3599966965e-01 -3.0737712327e-01 -6.2290855874e-02 1.5128344577e-01 -1.1249645014e-01 3.0976583913e-01 2.0919411422e-01 5.2457963478e-03 1.4842643677e-01 1.6923194259e-01 9.8786505888e-02 1.8974897318e-02 2.4887632691e-01 2.1896127177e-03 1.0175152296e-01 -1.1398162347e-01 -1.6660815210e-01 1.7893658831e-01 -1.6740332187e-01 -5.9853903445e-02 1.4411252927e-01 -3.2209295947e-03 -4.3428885348e-02 1.1374919420e-02 -4.2127915254e-02 1.0577991819e-01 -2.5748087433e-02 1.8344496291e-02 5.3126209202e-02 -1.3209605253e-01 -4.4092333050e-02 2.2904596896e-01 4.1139786662e-02 1.0664654268e-01 1.3659926958e-01 4.0941646484e-01 -6.9110870114e-02 4.7685634468e-02 5.2068421869e-02 -2.9718046311e-02 -2.0365635340e-01 1.5188830787e-01 -1.6289317300e-01 2.0714157002e-01 2.3294150875e-01 -1.0705489038e-01 -9.6029454805e-03 -2.7464443721e-01 1.0341514725e-02 2.3379674993e-01 2.6338591039e-01 -1.1273568351e-01 2.7104968966e-01 -8.4810586096e-02 -2.8730910156e-01 1.7387156001e-01 -2.8791365794e-01 2.0244942144e-01 -1.5478084075e-01 -2.0749697047e-01 -9.7338240202e-02 9.6427686350e-03 1.1966449205e-01 1.0004198361e-01 4.4285930205e-01 -5.7863561448e-02 -6.3764105461e-02 3.4102556158e-02 7.1172512812e-02 1.7891177627e-01 -2.4821697999e-01 -9.8620746500e-02 2.3433376332e-02 -6.4569019187e-02 -1.3721161056e-01 1.1854719884e-01 1.3324621537e-02
4.1212913026e-02 3.9039291782e-01 -1.5928619241e-01 -1.8713487517e-01 -3.4939895867e-02 1.5294535858e-01 -5.7994426486e-03 7.6745735393e-02 5.5988055831e-02 6.9007352768e-02 5.5467167596e-02 2.9888438992e-01 3.8276360218e-02 -7.8833206307e-02 -2.2037140261e-01 -2.6809838411e-01 -2.9931308569e-01 1.8335501547e-02 -8.7096938669e-02 -3.0102244751e-01 1.0179022602e-01 2.2388232823e-01 -1.1407303066e-01 -2.8992943587e-02 1.8035788497e-01 -7.5120293128e-02 1.7485404761e-02 4.0942670407e-02 -2.1534029885e-01 -3.4107410205e-02 -6.0509297903e-02 -5.3593385301e-02 -3.6074138624e-02 3.0169783190e-02 -1.2530067128e-01 6.1526680388e-02 -9.8461867672e-02 6.0187855181e-02 -1.3354580625e-01 3.3923976897e-01 -1.2202886877e-01 2.0741841149e-01 1.5650009660e-01 1.5474543530e-01 2.6340319657e-01 6.6174501177e-02 -1.4291658775e-01 -4.7627707517e-02 1.6139436971e-01 1.6312675553e-01 -3.2285881834e-02 7.4274865452e-02 5.2775367389e-02 1.0441766967e-04 8.0938729556e-02 -6.0964506444e-02 -1.5397341338e-01 -8.3429970277e-02 -8.4392295983e-03 -1.8491006880e-01 2.4523408538e-02 3.0971068022e-02 1.2653297629e-01 5.2514636823e-02 -5.3883726076e-02 -9.6663622907e-02 2.2907082143e-01 2.0627130742e-01 -1.2105284386e-01 6.4941126679e-02 3.8255277821e-01 -1.4296231516e-01 -9.8933978356e-03 -1.7884288749e-01 2.2788664966e-02 1.5394653341e-01 -3.2691926665e-01 -1.6323489157e-01 -1.8082083967e-02 8.9569062112e-02 -1.5271715398e-01 1.0888733992e-02 1.9009204532e-01 1.0852354203e-01 -1.4098794269e-01 -6.5208914115e-02
1.0370679391e-01 1.3145345484e-01 1.5949153756e-01 5.6582055353e-02 9.3505798612e-02 1.2972571156e-01 -1.0598084070e-02 1.5809498889e-01 -2.7134669813e-01 -2.9263041359e-02 3.7389510445e-01 1.8943041979e-01 6.9090716250e-02 -2.4902762891e-02 8.8093472383e-02 -4.7335386594e-02 -2.8450488954e-02 -6.9660887247e-02 -4.4520123525e-02 3.0290881750e-02 -5.5486199177e-02 2.5905038425e-01 -1.4207748346e-01 -2.9478908638e-01 6.4017040707e-02 -1.2635382244e-01 3.9427830986e-01 1.7535851290e-01 -1.2793840160e-01 9.0668806551e-02 -2.7247538360e-01 -1.3740040141e-01 -9.7153098630e-02 1.3195723752e-01 -9.7444167535e-02 2.7523381132e-02 1.2109690967e-01 2.0467950596e-01 1.8027586785e-01 -3.1725481384e-02 5.6224055633e-02 1.8004990398e-01 2.8565007331e-02 -3.3440973535e-02 -1.8116800952e-02 1.5307432135e-03 -1.1802777823e-01 -4.4144385744e-02 1.3501255359e-01 -1.0840727140e-01 1.8914413586e-01 8.3347864805e-02 2.0736724777e-01 -5.9489586738e-02 -1.1563105355e-01 -1.5956362305e-01 1.0031790414e-01 -1.1583040328e-01 -1.9075052582e-01 1.8002751328e-01 3.7322469741e-02 6.4368239831e-02 8.3290424109e-02 -1.2682452936e-01 4.4928110592e-02 2.4139428629e-01 -2.6970776113e-01 1.5365676444e-01 -3.0638906568e-02 -9.2421985566e-02 -9.1974014661e-02 1.1834818137e-01 -6.8596906992e-02 -1.5288388659e-01 4.5689344930e-02 5.0227644459e-02 -1.9238277165e-01 -2.6733654546e-01 1.5859153306e-01 2.4777928717e-01 -7.7974322993e-02 1.3290520474e-01 -1.8563803276e-01 1.3821799820e-01 4.0830497735e-02 1.0453615128e-01
