-4.4962674235e-02 1.1337781043e-01 -7.1516544897e-02 1.3794535395e-01 6.2483015053e-02 6.8081678063e-03 2.3871143972e-02 2.0685190828e-01 -1.9487479060e-02 -5.7849366200e-02 1.6976465538e-01 5.0587335663e-02 -8.6940566627e-02
1.7532712155e-01 5.7798031386e-02 7.5934409686e-02 -5.7325792621e-02 4.3688489761e-02 1.5351655144e-02 1.7128752736e-01 -1.1532480625e-01 -5.0001460401e-02 7.9539117873e-03 -1.6250749689e-01 4.3668269215e-02 1.0774341435e-01
-4.5106889958e-02 4.0592773833e-02 1.5186002331e-01 -9.3663980700e-02 1.0086587836e-01 6.7911780400e-02 1.3150153456e-01 -9.7366457958e-02 9.6817212869e-02 2.5997664503e-01 5.9428192592e-05 2.5918273993e-02 -8.3822347868e-02
7.9137176003e-02 1.3927869876e-01 -1.1735427778e-01 1.0889235173e-01 2.1789057962e-01 1.3788803465e-01 -1.3945552834e-01 6.0164044961e-02 -7.3045958327e-04 -3.1346829569e-02 8.5528491644e-02 -1.6754530203e-02 6.7444249062e-02
1.1612797251e-02 3.0673655360e-03 2.4473981233e-02 -1.1465100377e-01 -3.7980490931e-02 -4.8322466668e-02 -9.3078319187e-02 1.0095310644e-01 7.1740170501e-02 -1.1069611840e-01 4.2442765307e-02 2.1047590586e-01 4.6424733616e-02
2.9420496972e-03 -2.1048282528e-02 -1.1138382481e-01 -1.2436817529e-01 6.9693996922e-02 5.0659122493e-02 2.2801711958e-01 4.6001609656e-03 -2.8407087473e-02 -7.2692226252e-02 -1.2647134299e-01 2.5563617504e-02 2.7827130212e-02
7.7018649234e-02 -2.7844678102e-03 -8.5563797668e-02 -2.1190787375e-01 -1.6768717024e-01 1.8317301444e-01 -1.3040878111e-01 6.8078371025e-02 5.7175199245e-02 5.6328164421e-03 1.0000342190e-01 5.7322077642e-02 -6.0023914049e-02
2.4816850973e-01 6.6138963964e-02 2.1786494002e-01 -3.1227380163e-02 2.2904809032e-01 2.6360711350e-01 5.8209548212e-02 -7.4510775522e-02 -1.3696156671e-02 -5.7337079630e-02 6.7837784225e-02 1.1772511564e-01 1.8757523785e-02
8.9340570117e-02 -7.5111032069e-02 -1.0806982075e-01 1.0929345298e-01 -8.0513169304e-03 -1.2406543476e-01 -6.2223337341e-02 -6.2259062978e-02 3.4343495853e-03 -6.0694984521e-03 -8.9533551462e-02 -5.7549669329e-02 -1.8831377897e-01
3.2456115088e-02 -2.1272182754e-02 -6.2565845070e-02 1.7522279517e-01 -8.6256390075e-03 3.9171412233e-02 -4.2280446151e-02 -4.6615637213e-02 1.2724997636e-01 8.0320896284e-02 -1.7525989499e-01 -7.2670226651e-02 1.0443774385e-01
1.4348578952e-01 -1.1750963167e-02 1.6165009872e-01 -1.5342985550e-02 -9.3647475277e-02 1.1119061029e-01 3.2119148832e-02 4.6724265187e-02 5.2012359218e-02 -1.7794562392e-01 4.5456942333e-02 2.3898908950e-02 -8.3721486117e-02
-7.1417764886e-02 -3.7594691418e-03 -1.4693265937e-02 -8.7453811874e-02 -7.1330372479e-03 -1.0163157608e-01 -5.3757706058e-02 -3.1003964723e-02 -4.2886106750e-02 6.4093453352e-02 -2.3868118857e-01 -3.3823669259e-02 2.3896882680e-01
1.1160457813e-01 -2.2078871941e-01 1.4022014946e-02 2.6508567266e-02 -1.5072070607e-02 1.2560111550e-02 4.6228851270e-02 2.1091693243e-02 -6.1322274340e-02 1.0042074037e-01 -4.8222852429e-02 1.3541821910e-01 5.4862756262e-02
1.7876237682e-02 -1.4467497047e-01 -1.0760748582e-01 1.3118418689e-01 1.1533462350e-02 7.9409507834e-02 -1.0109428403e-01 1.1699365007e-01 1.0909831243e-01 7.5122243175e-02 -1.4917579215e-01 -1.0118529475e-01 -5.6540054145e-02
6.4981537451e-02 -1.1629130479e-01 3.3353163934e-02 -5.3836929501e-02 5.8072000106e-03 5.9395792344e-02 -8.8811589528e-02 5.4301650197e-03 3.5780935295e-01 -2.0176460005e-02 2.6431588010e-02 4.9260604287e-02 8.4039584512e-03
3.8693226269e-02 4.5731603950e-02 8.7429850015e-02 -6.8556762369e-02 -5.0006295833e-03 -1.1443325233e-01 -8.4754547401e-02 -6.3113669860e-02 -9.7235042655e-02 1.4120323811e-01 3.4990755526e-02 -8.5473821723e-02 -1.6754395909e-01
1.8675576846e-01 -8.4471004977e-03 2.7015877664e-01 -1.6940570081e-01 -4.7894118247e-02 -4.9307155218e-02 3.5206044067e-02 -7.0935112939e-02 -2.0614977557e-02 5.0497934431e-02 7.6210368890e-02 -1.3050967804e-02 -1.2056644976e-01
-9.1721105061e-02 6.2068968421e-02 -1.4122066296e-01 1.5757642521e-01 1.4222849519e-01 2.7472767043e-01 -5.3231996902e-02 -9.8506767112e-02 9.4324698688e-02 9.2241412908e-03 -2.6948176304e-02 -2.8873128746e-02 6.2692485388e-02
-4.6231790751e-02 4.1881833054e-03 5.7127134922e-02 -3.5054942816e-02 -3.5702112963e-02 -2.1700545392e-01 -6.7634134081e-02 -1.1230780226e-02 -1.0639080023e-02 1.1196793015e-01 4.2560595484e-03 -1.0570584036e-01 -8.6700830761e-02
-9.2080901691e-02 -7.9941482396e-02 -8.1492122911e-02 6.0973085752e-03 -1.4222813444e-01 -1.0088969046e-02 -2.5771047212e-01 5.6942008241e-02 9.4962115013e-02 -4.4154298067e-02 4.1795713843e-02 1.7326875002e-02 -3.9202085585e-02
2.6369051532e-02 -2.7581317672e-02 -1.2116745110e-01 1.4132236736e-01 1.6210406566e-01 5.1217295422e-02 1.3414521600e-02 6.5159925846e-03 5.6709811054e-02 -7.8091354848e-02 -3.8361443156e-02 1.5328446878e-01 4.7226128261e-02
1.8514750265e-01 -7.3133393203e-02 1.0629305719e-03 1.3177993871e-02 6.5278134216e-03 1.4459160143e-01 -1.8993760306e-01 -1.8209522312e-01 2.2861252294e-01 -8.2218348612e-02 1.2055930558e-01 -5.9641430042e-02 -4.2007689816e-02
-1.7831620551e-02 -1.0126760392e-01 1.6089164741e-03 -6.6492053447e-02 4.9128186805e-02 -2.1473071521e-01 2.3026676866e-02 -3.7986590146e-02 9.2331380521e-03 -1.5134329674e-01 -1.5993909729e-01 7.0845856263e-02 -6.4698125076e-02
1.0531037123e-01 -3.7751235527e-02 8.1280880677e-02 -1.6115856560e-02 1.0695026029e-01 5.0544520811e-02 1.5904753897e-01 9.2190877322e-02 -1.6020465819e-01 -2.3852314749e-02 -9.4333434221e-02 -8.1181853863e-02 -6.6542325496e-02
-3.2312232507e-02 -4.9948093211e-02 2.1831745482e-02 -5.9192589236e-02 -1.4468899415e-02 -1.6700099743e-02 1.9752740187e-01 -4.2027367202e-02 -2.0455120874e-01 -2.6296266089e-02 -1.1815212386e-01 3.5129203595e-02 -6.1161710488e-02
1.0968899314e-02 -8.5688734742e-02 -1.7638303107e-01 -5.1998545031e-02 -6.9296431871e-02 3.1452605897e-02 -6.2464514709e-02 1.2557471902e-01 1.6371018067e-01 -1.1604900687e-01 -1.6599350233e-02 3.4371618480e-02 1.3469383855e-01
-6.7739123233e-04 9.4379496070e-03 2.0897044459e-02 4.3954268690e-02 -1.0833552204e-02 3.4544608553e-02 7.0307107789e-02 2.3864499148e-02 5.9204692246e-02 8.7321661459e-02 -1.1223554571e-01 -2.0013636035e-02 4.8593839360e-02
1.3319596385e-01 7.2554619042e-02 2.3205279476e-01 5.1615816772e-02 1.9603588821e-01 -2.4985840940e-03 1.5980114842e-01 -6.3772431350e-02 -1.5447102109e-01 -2.4625814174e-02 -1.4204492626e-01 -3.3853023114e-02 -5.1735707059e-02
9.1275433490e-02 5.2043192560e-02 -4.7534589910e-02 -1.6868004088e-01 5.2766835251e-02 5.4039274999e-02 1.3096690689e-01 -3.0189522166e-02 -1.3860354831e-01 -8.0918474850e-02 1.1590108555e-02 2.1039828726e-01 7.8390860090e-02
-1.2952774867e-01 -9.4214742591e-02 -1.3883581976e-02 4.9033825653e-02 1.0200475189e-01 1.2092716986e-01 2.0351018275e-02 3.8148574082e-02 5.5831753752e-02 1.8776652590e-02 1.6825438014e-01 1.3260893312e-01 4.7744037193e-03
-1.2912760750e-01 7.8203987196e-03 -1.6770065016e-01 1.2263257274e-01 -1.0925736129e-01 -9.8850728716e-02 -3.3046011418e-02 5.1639520556e-02 6.2680141301e-02 7.4952220844e-02 1.0670892782e-01 1.1496909707e-02 -6.2578304966e-02
9.0592046937e-02 -3.7633986457e-02 2.9363933286e-02 1.5946362709e-01 8.4325599610e-02 2.3010535771e-01 -4.4176221423e-02 -3.9355355482e-02 -1.2835912030e-01 -7.9424772155e-02 5.9515448680e-03 -8.3240566233e-02 4.1880939996e-03
8.4665719602e-02 -5.2070139737e-02 3.7893738905e-02 4.3568251549e-02 1.6118134968e-01 1.3184377646e-02 -3.7494389574e-02 -4.2822630742e-02 -9.4137454296e-02 -2.2434604154e-02 -1.4834727920e-01 6.3617497376e-02 -1.5636096811e-02
-1.5793619411e-01 1.3438186131e-01 2.9100406564e-02 3.3758535542e-02 6.9044377694e-02 5.9794992883e-02 2.2062967271e-01 -5.7507621946e-03 -2.1482178679e-01 1.0823167557e-01 -1.2167814413e-02 -8.9948769035e-02 4.8225957124e-02
1.5558703414e-01 1.8925509656e-02 3.3692404358e-02 -5.3957986727e-02 2.1646819446e-01 -1.1823310916e-02 -2.9677150773e-02 -1.1860111673e-02 -4.3443171664e-02 1.0731005799e-01 1.4562563080e-01 -1.9165572048e-01 -2.0059513381e-01
3.7300006821e-02 5.3150929858e-02 1.4755488583e-02 1.0864852957e-01 -1.0602913569e-01 9.8176398664e-03 6.4789197564e-02 -1.2170375740e-01 -9.1486689541e-02 -8.7794794988e-02 -1.1229546795e-01 1.4680811859e-01 -3.3478175936e-02
1.6981988936e-01 -1.7370584093e-02 2.5263994361e-01 2.1209415663e-02 8.1356988111e-04 1.5852627554e-01 5.0624066343e-02 1.5869666563e-01 -2.5737255557e-02 -7.9568945415e-02 -1.7217342987e-01 6.2541611829e-02 1.5573362886e-01
-9.5471798074e-02 1.4339768571e-01 -5.5660746823e-02 1.5998214745e-01 8.5464446899e-02 1.8354962371e-01 2.7850407144e-02 2.5721208690e-02 1.4256555828e-01 -7.6511191995e-02 -9.6598960539e-02 -1.5522499252e-02 7.4919626140e-02
5.2709606742e-03 1.4675139874e-01 -8.2053548239e-02 -9.3407572055e-02 9.5534556537e-02 -3.2889699811e-02 2.6508070753e-03 1.2608100485e-01 -6.8280389685e-02 7.9873773485e-02 -1.4578721687e-01 1.6514593909e-02 -9.3941817248e-02
1.0543265698e-01 -1.9531668212e-01 2.9690324581e-01 -2.1913477675e-02 1.9377351191e-01 -8.5096466300e-02 -4.5317944865e-02 -5.2358204273e-02 -1.1593834985e-01 3.8091572272e-02 3.2884596342e-02 8.8292523958e-02 -6.0029399769e-02
-1.4677345993e-01 -3.4903992732e-02 -6.9870264516e-02 -3.9100220304e-02 -1.7164508638e-01 1.8161431985e-01 -3.4078318368e-02 -4.2225450952e-02 2.1327223074e-03 1.3362525560e-02 6.0975686374e-03 -1.3452274548e-01 1.7320407348e-02
9.4225721426e-02 6.9150115593e-02 1.5043042171e-01 -9.2188188453e-02 -2.2854300682e-02 -1.7888771243e-01 4.2410712858e-02 -1.0304872956e-01 -1.9850940594e-01 7.6866407129e-02 -9.8508393259e-02 -1.8341589132e-01 -1.4499709017e-01
1.1225529153e-02 -5.8445405349e-02 2.0147860666e-01 7.8358040207e-03 5.6578711641e-02 -9.7932385415e-02 4.4828968726e-02 1.2431555926e-01 -4.2764346620e-02 5.9796643216e-02 2.3834927732e-02 3.0908130463e-03 5.4325751284e-02
-7.6054716405e-02 1.2707097766e-02 3.2233016870e-02 2.7987344185e-02 -6.9571395212e-02 -1.1203620033e-01 -1.1557066526e-01 -9.5059884085e-03 3.0461014596e-02 -1.4965196605e-02 6.5984808110e-02 5.8216154172e-02 -1.7358271814e-02
1.2976932841e-01 1.5222602576e-02 1.5956160965e-01 -1.1613872775e-01 1.3801898849e-01 3.2706334617e-02 1.2370202746e-01 1.6565193037e-02 -4.5905996357e-02 -2.5860687751e-02 -9.1783733031e-02 -7.0484308445e-02 1.9582436303e-01
1.0191010832e-01 -6.4247368504e-02 -1.4304830183e-02 -1.0782057078e-01 2.5653017275e-02 -2.3699357650e-02 -2.1342606682e-01 -1.0736237927e-01 2.8053095809e-02 1.6294495654e-01 4.0141841191e-02 -6.8342662002e-02 3.8611049789e-02
-3.2824434396e-02 -2.7344884677e-02 1.4509754974e-01 -7.7252827371e-02 -1.0100014960e-01 7.8400394571e-02 -6.9761626801e-02 9.3128242539e-02 -2.3357494460e-02 -5.9493326069e-02 -1.5662989856e-01 -2.7785059482e-02 7.0471703372e-02
4.6352557751e-02 -9.8716916162e-02 -4.7917293721e-02 1.2875613245e-01 -2.9850156913e-02 -7.1587618559e-02 -4.9879678654e-02 2.3999743181e-02 -2.9659599744e-02 -1.8512795776e-01 1.6630684900e-01 2.2387245655e-01 6.4246654439e-02
-1.4115809635e-01 -2.1704467192e-02 -8.7871858706e-02 1.6414186401e-01 -4.9277786355e-02 4.2375890072e-02 -1.4018623975e-02 8.0056914189e-02 -1.0049631642e-01 3.6287402956e-02 -1.7754958950e-01 -6.0146579131e-02 -4.9623932432e-02
1.0004882928e-01 -8.0886486605e-02 -2.7653861115e-02 8.4098260076e-02 5.5194478586e-02 6.2109662104e-02 -5.1860002960e-02 4.6813423900e-02 2.2863127498e-02 6.5440737788e-02 -1.4615029451e-01 -4.9146150867e-02 8.8330452310e-02
1.8455927253e-02 1.9509450299e-03 -4.3358883086e-02 -8.6627106848e-02 2.0021714860e-01 1.1056319253e-01 3.0438701503e-02 -2.3055988560e-02 2.5345427629e-03 -7.2809186557e-02 8.0412189966e-02 6.7684177852e-02 1.1668410186e-01
-1.3379648241e-01 6.0731423488e-02 8.3371183950e-02 -1.9325040275e-03 -1.4907021980e-01 1.0213830536e-01 -3.5533524513e-02 1.3553812019e-01 8.3259529321e-02 -4.9029485162e-02 4.7958774398e-03 1.7504795784e-01 -1.2400307290e-01
-5.1336032444e-02 -1.2418939330e-03 -1.2446576697e-01 1.1234388955e-01 -1.2656271535e-01 9.0224215638e-03 -1.3566031588e-01 2.3877817489e-02 1.7280828849e-02 1.5152730114e-01 -3.4574110485e-02 1.5825618553e-01 -6.1938461620e-02
-1.1135845233e-01 -4.7486409408e-04 5.0867379420e-02 -7.5687725178e-02 -8.0803789952e-03 -4.0182812504e-02 3.3816239359e-02 -6.9955396981e-02 -1.0981348856e-01 -1.8743193090e-01 -1.7147707677e-01 1.3783678748e-01 6.6737321544e-02
-1.6266039835e-01 7.4380368889e-02 9.1085304252e-02 1.2280128437e-01 1.2159553402e-02 1.4667273011e-01 -1.2119734462e-02 -9.9156256704e-03 -8.9973608532e-02 -1.1706995150e-01 -9.3410187325e-02 6.2987925897e-02 6.7133504054e-02
2.2778089245e-01 -1.1713350795e-01 -3.9464483886e-03 4.4781283390e-02 -6.0660595725e-03 -6.5058972399e-02 -1.2631382263e-02 -1.3103035977e-01 2.6546049801e-02 -4.4945154022e-02 -7.4820159244e-02 1.4853303414e-02 9.5765457300e-03
1.0857813431e-01 9.7607607078e-02 1.0707669776e-01 -5.7208203036e-02 1.1007784856e-01 -3.8195366860e-03 2.1322933290e-01 -1.8134785969e-05 -2.5485687843e-01 1.0502829757e-01 -1.1037639804e-01 -2.6813837594e-01 -1.6333769469e-01
1.4933271671e-01 1.7330127471e-02 -1.1471368163e-01 -3.9466754694e-02 1.3014939266e-01 -1.0209246879e-01 -1.1814703175e-02 2.9491403528e-02 -4.6653637037e-02 1.4738216446e-01 -4.0181221158e-02 -1.0539886467e-01 -1.0139494988e-01
1.7917966682e-02 1.6185041713e-01 4.7734974027e-02 3.8588700445e-02 8.5127978174e-02 -7.1780483293e-02 -1.3958149547e-01 1.4216238539e-01 7.1149568561e-02 8.1673968658e-02 1.3505849506e-01 -5.3697628758e-02 -3.7665696420e-02
2.0605792467e-02 -2.4477154472e-02 1.2696482344e-01 4.6217869822e-02 2.0918707084e-01 4.8080324090e-02 1.3607450838e-02 9.1325632376e-02 3.0546667264e-02 7.5721643988e-02 1.3872422273e-02 -2.2013726639e-01 -6.5923002840e-02
5.2965441146e-03 -3.6793358362e-02 4.6285767505e-02 -1.3872263739e-01 -2.7873945302e-02 -9.8944229614e-02 1.1257374523e-01 -1.7473601157e-01 -1.7131682344e-01 -1.0756683013e-01 2.1388408790e-01 1.0392765296e-01 1.7574724993e-02
-1.9542314363e-01 -6.0047815400e-02 -1.0001399213e-01 -7.0110140953e-02 -3.3302513658e-02 6.3772248516e-02 1.5683932497e-01 6.8109442509e-02 6.0565574069e-02 -1.3935429107e-01 -4.2057241276e-02 -6.9688284954e-02 -3.2079553711e-02
7.1684428242e-02 -5.7559671482e-02 2.1237517404e-01 5.9258029495e-02 1.6888871603e-01 -5.8073738404e-02 1.8381640321e-01 1.8861051049e-02 -2.4657167249e-01 -7.2559820658e-03 -5.1797599619e-02 2.3405871110e-02 -7.2642059993e-02
-1.8046562449e-01 -1.1642020676e-01 -6.4642438970e-02 5.2745391828e-02 8.2677555892e-02 1.8451446952e-01 -1.2837754540e-02 9.1505054458e-02 1.4608682655e-01 1.6290259988e-01 -3.4494042186e-02 -1.5786511332e-01 5.8450922359e-02
1.7159100033e-01 1.7334295802e-01 2.0610223240e-01 -1.2119670285e-01 1.0828508919e-01 2.8687932765e-02 8.6394641449e-02 1.0724517388e-01 -3.9371306065e-02 -1.5498281925e-01 1.2127573646e-01 7.9782731074e-02 -2.4691633931e-02
2.0221186037e-03 6.5580965396e-02 2.2331303742e-01 9.7763795963e-02 2.1656153156e-01 1.9822975635e-01 -2.0410102558e-03 6.2468925375e-02 -2.8498419323e-02 3.2105574667e-02 1.3796552406e-01 -6.1617140275e-02 6.0927630766e-02
-9.1421862729e-02 -4.0754900562e-02 -3.2267043110e-02 -1.0969534889e-01 -1.6134866790e-01 3.7558236736e-02 1.2182795296e-01 3.0458530183e-02 -8.2944747787e-03 2.3410509869e-02 -3.0269585611e-02 6.5304059815e-02 5.9577539642e-02
8.2055054046e-02 -4.0518959931e-02 5.8180504829e-02 1.9980381916e-01 7.7637370231e-02 1.8957689551e-01 6.7413644258e-02 3.4411792723e-03 -3.5920631724e-02 7.3852061870e-02 -3.7119064661e-03 8.1577731436e-02 1.1016878377e-01
-5.7669224158e-03 -5.5200286864e-02 -1.1744481272e-01 2.9923455554e-02 1.9492798906e-01 -1.8658304350e-02 -2.4740247066e-03 -1.7321230366e-02 -2.9329340274e-02 -1.0537600353e-01 -3.3654702670e-02 -4.3961948562e-02 -1.1017058659e-02
7.4862392951e-02 6.9625417013e-02 1.6515394280e-01 8.0487096781e-03 6.3656780713e-02 -1.2113697210e-01 3.1980978178e-02 -9.9914863974e-02 -9.8212676515e-02 9.6971068845e-02 8.7086193521e-02 3.2232438588e-02 -9.5406371533e-02
1.0142209046e-02 1.2498663347e-01 1.9371102898e-01 -1.9983794287e-01 -3.1652402429e-03 8.0689570758e-02 3.0159936181e-02 8.0993823862e-03 -5.1353669912e-02 1.3110066487e-01 -1.4953867074e-01 -5.9883093751e-02 1.2044823139e-01
-1.9049233655e-02 -9.3614283561e-02 1.2798852451e-02 2.8674467863e-02 1.8280664060e-02 -5.9803445625e-02 -5.0985986926e-02 3.9271556717e-02 4.6596357180e-02 1.2454508969e-02 1.8387524656e-01 -5.2418569366e-02 -1.5387127450e-01
9.0997486626e-02 -3.5413467356e-02 5.2189452914e-02 1.4369377648e-01 1.4716813420e-01 4.7688462531e-02 -1.0172224592e-02 -7.2687456060e-02 -4.0147390499e-02 1.5284102373e-01 1.2950996385e-01 5.2599732508e-02 2.7895979118e-02
1.2008163491e-02 -1.6465343388e-02 -1.1707917470e-01 6.2155457131e-02 -9.9997892623e-02 -1.7794170673e-01 -5.5107825712e-02 6.2081512186e-04 -9.3841989068e-03 -1.1882607256e-01 6.1610042290e-03 -2.1204474059e-02 1.3958796246e-01
-4.8024809351e-02 1.3610558695e-01 -7.9636852280e-02 -1.0444381850e-01 -8.4739979485e-02 5.2581491045e-03 3.8069100996e-02 4.0049193069e-02 7.6599873565e-02 -1.1069291341e-02 3.8851834830e-02 -7.9224603959e-02 3.9507018447e-02
2.6668786069e-01 -1.0265256774e-01 1.3388194328e-01 3.2899786284e-02 -1.6717043956e-01 -3.4728903893e-02 -1.8833412012e-01 -2.0811249122e-01 -1.0082611492e-01 2.1093912631e-02 -8.2799862877e-02 7.7847272046e-02 1.3572276811e-01
9.4401567889e-02 5.0739778720e-02 8.4258968737e-02 -1.2508346835e-01 4.5673598463e-02 -1.6516017274e-01 1.7084074039e-02 1.2542259938e-01 -1.4529953272e-01 -6.6904931560e-02 3.4232457401e-02 6.9172296981e-03 -3.0299316726e-02
9.6703928340e-02 2.0129009678e-01 6.6333655105e-02 2.2062821018e-01 -2.1849722950e-02 -1.8443141494e-02 -8.5961896915e-02 -1.9420072390e-01 -1.0591984629e-01 -1.1189855952e-01 -6.6024884941e-02 1.2912523829e-01 1.3284463540e-01
7.6388276356e-03 9.8643095958e-02 1.0493403888e-02 8.4559744321e-02 9.7460769587e-02 -1.6213700035e-02 -5.5768755292e-02 2.8279374720e-02 8.3804790416e-02 -1.3809482220e-01 4.9029040469e-02 6.6227283662e-02 -4.3296903014e-02
-4.5031250143e-02 -1.4957987577e-02 -7.2563167683e-02 -5.2840923456e-02 -1.1929216886e-01 -3.9017135306e-02 3.9901331819e-02 -1.6348025287e-01 3.0306940416e-02 1.4253350837e-01 -1.7726732523e-01 -1.5859974088e-01 -1.3642318769e-01
-3.2703003850e-03 6.7095373910e-02 -7.0612824053e-02 -1.3886641779e-01 2.4340007036e-02 -1.2982405550e-01 4.5398116037e-02 1.2711663479e-01 -3.1251548123e-02 2.5652937031e-02 -1.4693204044e-01 -6.5697775978e-02 -1.2789909960e-01
-1.5187385137e-01 -4.5084766526e-03 1.0177593133e-03 -3.2326507449e-02 -1.9106367778e-02 -3.7692916587e-02 -3.1299863702e-02 4.4501517424e-02 6.9855811374e-02 -2.1931942685e-02 -4.6119428196e-02 -1.0427866210e-01 -8.4624056961e-02
-9.9116623304e-02 2.1476312322e-01 -1.0114020492e-01 -2.8011768354e-03 3.2967988616e-02 7.5256098600e-02 -4.6712403219e-02 4.7875221395e-02 -7.2688710596e-03 -2.2745531183e-02 -3.4424927833e-02 1.1866190599e-01 2.5480127644e-02
1.4293029809e-02 -7.7223860538e-02 4.6574385141e-02 -2.8482631318e-02 -3.9883529662e-02 -4.6910645641e-02 -1.1696750657e-01 -1.3207700580e-02 1.4134005887e-01 -6.2005531824e-02 1.1293767103e-01 7.2568959551e-02 5.3411089636e-02
-2.1463879528e-01 1.2478975904e-01 -1.2415070593e-01 -4.9512660449e-02 -2.1710061510e-02 -4.1465039122e-02 -2.3868530520e-02 -5.3693805271e-02 1.0143627875e-01 2.0113233324e-01 -5.3278869015e-02 -9.0420929689e-02 -3.3918233654e-02
1.3731450364e-02 -6.8246597737e-02 -1.5274455806e-01 -1.2170649054e-01 1.4030272477e-01 -5.6419712474e-03 7.6357457413e-02 -8.0502217324e-02 6.0393260867e-02 8.9682769660e-02 -6.3809059542e-02 3.2888406552e-02 1.9414326642e-01
-8.8129527514e-02 6.9486012274e-02 -1.7354991218e-02 4.0643367231e-02 8.8160216314e-02 -9.0376192382e-02 -4.2898265689e-03 4.6045773901e-02 -5.6083575432e-02 1.0183228100e-01 1.1302850614e-01 6.6400597576e-03 -8.6725515069e-02
