7.9656437044e-01
-2.5864284804e+00
1.0126530431e+00
-1.3079753892e+00
4.7615751272e-01
1.5629103572e+00
1.6310920799e+00
2.4970598356e-01
2.6929952342e+00
6.4106910196e-01
8.1968478144e-02
-6.1957642285e-01
-1.6500337603e+00
6.6079302988e-01
8.9631885670e-01
1.1785420890e+00
-1.1474765815e+00
1.0400410181e+00
-1.0376469981e+00
1.6033527280e+00
-7.7429237602e-02
-1.8428916292e+00
-9.8967142171e-02
1.5982455397e+00
9.5487786496e-01
2.6428646718e-01
-9.5509614191e-02
-8.0130787081e-01
-2.4059816945e+00
-3.3000040017e-01
-1.5698709293e+00
1.2732449559e+00
-2.3086788894e-01
-1.6174114384e+00
-1.3403204948e+00
4.2118564491e-01
-1.9084564632e-01
6.0815138066e-01
6.3407273324e-01
4.9798452302e-01
3.1529408580e-02
-5.4548368946e-01
9.0628878253e-01
-1.8324522183e+00
2.0317169116e+00
-1.7026983042e+00
-1.4482293403e+00
-1.4098344185e+00
-8.3076524649e-01
6.2689528905e-01
-1.9556868312e-01
5.7785036802e-01
-6.2343429499e-01
6.8350376547e-01
7.4111795862e-01
-6.5178727939e-01
6.5079276407e-01
1.3973008460e+00
-2.1831816445e+00
7.6777101000e-01
1.6063521870e+00
8.2329712098e-01
7.7513883414e-02
5.7945205903e-01
-2.9243992576e-01
-1.9719741238e-02
-4.5305018989e-01
-1.3706422458e+00
3.2908857562e-01
-3.4062812082e-01
2.8402727446e-02
1.8344688083e+00
-1.1461891412e-01
9.9931309041e-01
-1.5441015621e+00
-7.4028396632e-02
-4.2313977694e-02
3.0335825540e-01
7.2467116661e-01
4.0199571068e-01
-8.6298392526e-01
1.9326804826e+00
-6.7527179225e-01
1.0093198645e+00
-7.1052877828e-01
-1.4276952501e+00
1.9577015165e-01
-1.7013622454e+00
7.2930091448e-01
-1.8354457233e+00
-2.4206926412e+00
1.0235949611e+00
-1.1774478109e+00
3.8725477526e-01
-1.4615908338e+00
-1.8789668411e+00
1.4160621233e-01
1.4298950792e+00
-9.6869449667e-01
-3.3511790932e-01
-1.2951584037e+00
-2.4068078349e-01
1.1623226521e-01
9.8641336481e-01
7.5457363504e-01
4.3328759327e-01
8.6249326099e-02
1.3653463622e+00
8.8057764891e-01
-9.1879819316e-01
-4.1031071056e-01
-1.2019402053e+00
-1.4657126891e+00
-5.0636893638e-01
-1.9878642633e+00
1.3999041013e-01
-1.2907654072e+00
-2.2479286118e+00
1.3981327452e+00
5.1213166180e-01
1.0382750896e+00
7.5779324953e-01
-1.7165861096e+00
2.8363394609e-01
5.4553394170e-01
1.0123266603e+00
1.2060856051e+00
8.5355816617e-01
-1.3928944703e+00
-1.4983820246e+00
-4.5371596636e-01
1.0080765211e-01
1.1478938414e+00
-1.8423787941e-01
