2.73624779e-09 1.01467140e-09 2.71774690e-09 5.27763092e-11 2.15954929e-09 1.13295428e-09 7.14413233e-10 -3.52362737e-10 -1.00428511e-09 2.31765341e-10 3.60008014e-09 2.09678840e-10 -3.51880960e-11
1.01467140e-09 1.25214210e-09 1.52229869e-09 3.73898491e-10 1.42148167e-09 1.02666135e-09 4.61264698e-10 2.67983073e-10 -6.13319939e-10 -1.86868189e-10 -5.84109554e-10 1.09571320e-10 9.09063390e-12
2.71774690e-09 1.52229869e-09 3.02582801e-09 2.63457073e-10 2.52190177e-09 1.49282377e-09 8.35376822e-10 -9.48435942e-11 -1.14833134e-09 1.35953251e-10 2.27934073e-09 2.23706452e-10 -3.56270490e-11
5.27763092e-11 3.73898491e-10 2.63457073e-10 1.61600590e-10 3.07022325e-10 2.86021637e-10 9.35506454e-11 1.57637254e-10 -1.16923477e-10 -1.08684382e-10 -3.60291058e-10 8.61510791e-11 4.50043214e-11
2.15954929e-09 1.42148167e-09 2.52190177e-09 3.07022325e-10 2.21641651e-09 1.37469669e-09 7.29644486e-10 3.41164040e-11 -9.79520071e-10 2.18190723e-10 1.58103909e-09 2.54753432e-10 1.13136480e-10
1.13295428e-09 1.02666135e-09 1.49282377e-09 2.86021637e-10 1.37469669e-09 9.59176527e-10 4.48042720e-10 1.56657398e-10 -5.93289291e-10 1.94246571e-11 1.64767684e-09 1.78445942e-10 8.39281569e-11
7.14413233e-10 4.61264698e-10 8.35376822e-10 9.35506454e-11 7.29644486e-10 4.48042720e-10 2.47347362e-10 1.20607752e-11 -3.28607795e-10 3.25753350e-11 -2.27265792e-10 5.85018671e-11 2.18298665e-11
-3.52362737e-10 2.67983073e-10 -9.48435942e-11 1.57637254e-10 3.41164040e-11 1.56657398e-10 1.20607752e-11 2.63962264e-10 9.99932393e-12 5.89891419e-11 3.47181430e-11 -1.48426776e-13 3.20762429e-11
-1.00428511e-09 -6.13319939e-10 -1.14833134e-09 -1.16923477e-10 -9.79520071e-10 -5.93289291e-10 -3.28607795e-10 9.99932393e-12 4.46773224e-10 -2.69342141e-11 -3.46458424e-11 -7.53906270e-11 2.77215442e-12
2.31765341e-10 -1.86868189e-10 1.35953251e-10 -1.08684382e-10 2.18190723e-10 1.94246571e-11 3.25753350e-11 5.89891419e-11 -2.69342141e-11 3.08725236e-08 3.70407341e-08 3.36750553e-09 2.94817183e-10
3.60008014e-09 -5.84109554e-10 2.27934073e-09 -3.60291058e-10 1.58103909e-09 1.64767684e-09 -2.27265792e-10 3.47181430e-11 -3.46458424e-11 3.70407341e-08 1.19598161e-06 1.46661377e-08 -1.13949292e-08
2.09678840e-10 1.09571320e-10 2.23706452e-10 8.61510791e-11 2.54753432e-10 1.78445942e-10 5.85018671e-11 -1.48426776e-13 -7.53906270e-11 3.36750553e-09 1.46661377e-08 3.91032018e-09 4.17549479e-10
-3.51880960e-11 9.09063390e-12 -3.56270490e-11 4.50043214e-11 1.13136480e-10 8.39281569e-11 2.18298665e-11 3.20762429e-11 2.77215442e-12 2.94817183e-10 -1.13949292e-08 4.17549479e-10 2.47132133e-09
