-1.4875974683e+00
-1.9358747400e-01
-8.6661390596e-01
-4.4179571866e-01
-7.8458841989e-01
3.8967551217e-01
-4.2023111501e-01
4.9550360931e-03
-1.8937488989e-01
-6.9818614792e-01
1.4322521175e+00
-1.3007789272e+00
-1.5416074719e+00
-4.4709764319e-01
-1.9879459976e+00
-8.6170116955e-01
-1.8000514848e-03
2.0181926214e+00
6.5213387280e-01
-2.5429344345e-01
4.9859523886e-01
-4.7433957826e-01
-5.4397957219e-01
1.1340291848e+00
-3.6013919096e-02
8.6856309417e-01
-1.0810239971e-01
-9.7593488348e-01
7.4475150905e-01
4.7196464195e-01
-1.3289288518e+00
1.5308452479e-01
3.1047868614e-02
-2.4156824317e-01
-3.4991462681e-01
-1.6964669133e+00
8.3361778186e-01
7.2607530134e-01
9.0816900610e-01
3.6882937134e-01
-1.7592000588e+00
-8.7685453608e-01
-1.3286081984e+00
8.4389819663e-01
