-3.5176182095e-01 5.3270410156e-02 2.1829782992e-02 -1.7163581817e-01 -5.1884758384e-02 -5.1344241949e-01 1.6926655212e-02 -2.0767255377e-02 -6.3698689422e-03 4.5215694271e-02 -3.2231652112e-02 6.8326494309e-02 4.9999837133e-01 -4.2398313569e-02 -1.7055873487e-01 5.8993680087e-02 -2.7544118342e-02 1.3379284849e-03 -2.7571921076e-01 1.2687514875e-02 6.3423205094e-02 -6.3288738646e-03 2.0783795446e-01 5.7936864386e-02 2.8170683498e-02
2.6939818984e-01 -1.0163244425e-01 1.9715711365e-02 -4.8920528070e-02 5.1198274656e-01 3.2210383307e-01 -5.5264090455e-02 7.1978758827e-02 -2.3551277274e-01 -7.8635689239e-02 -2.6191752103e-03 6.1227471664e-02 -3.6968060868e-01 1.1255464239e-01 -4.6472766764e-02 -1.2279422761e-01 -1.4138940973e-01 4.6005293297e-02 2.2353915243e-01 -1.3173463466e-02 1.1082887337e-02 8.2871816142e-02 -2.8525602941e-01 -8.1085408877e-02 -6.6524716696e-02
-4.0106657097e-02 -3.7272883992e-02 -1.1725151307e-01 -4.9493121406e-02 1.4865517271e-01 1.7349883175e-01 -2.6814667661e-01 1.4847758811e-01 -4.3805811129e-02 -8.7633440081e-02 -1.7653074522e-01 3.7708750583e-01 -2.6993390994e-01 1.3461227884e-01 -1.5281473899e-01 -1.5674388075e-01 3.6393828060e-01 2.7797679887e-02 7.0339801492e-02 7.3402414889e-02 4.7183267877e-02 -8.4004649367e-02 -3.6729601058e-02 5.2725840031e-03 -1.6200399355e-01
6.9775582005e-02 -1.9468877669e-01 -4.0810712631e-01 -5.1509952725e-02 2.3532023044e-01 -8.7904237094e-02 1.5133741672e-01 2.1290427329e-01 7.2722340318e-02 -2.1674126047e-01 1.9223435657e-01 2.0215877885e-01 1.4499320104e-02 -1.7185115941e-01 -3.3442667380e-01 -2.5585484969e-01 -1.1810904090e-01 1.1871528197e-01 4.8458373892e-02 1.2319186556e-01 4.4611087230e-01 -1.8853445079e-01 -9.2007235467e-02 -3.2019907702e-01 1.3053444010e-01
2.3802893483e-01 2.9348278340e-02 -6.1547051594e-02 4.0080101686e-01 -2.1254636035e-01 3.2365923973e-02 1.7823180376e-01 1.9120168122e-01 1.6380114644e-02 1.9888280945e-01 5.4874012670e-02 1.6116568088e-01 -1.2317885613e-01 2.4713114948e-01 2.2097262160e-01 1.0702059730e-01 -7.9265064475e-02 -2.1623725403e-01 1.0104957884e-01 1.0777727027e-02 -1.5683283154e-01 3.9821086906e-01 -1.3906761230e-02 6.8978585000e-02 -1.0749928576e-01
3.2083005596e-02 1.4496161386e-01 -1.3061944776e-01 5.7778243526e-01 2.8081386004e-02 5.0456575037e-02 -4.4908908318e-03 -5.7791744096e-03 2.0197571465e-01 -1.8996440120e-02 9.9289435119e-02 6.6025117831e-02 -3.5619111730e-02 -2.3547311270e-02 8.1768803187e-02 -2.6471118036e-01 -1.6819402747e-01 1.3459176892e-01 -9.7717848520e-02 -2.6648496135e-02 9.8417504573e-02 1.3854069150e-01 -8.6915205251e-02 -8.6438446476e-02 -1.8912227712e-01
3.8319533880e-01 1.5546444377e-01 5.9096197545e-02 2.7141154671e-01 6.0255629483e-01 3.1076401502e-01 1.4366507814e-01 -1.0664039525e-02 3.1602382448e-02 4.1783621873e-03 -1.8918096595e-01 4.7205765501e-02 -2.5874222981e-01 -6.7200442302e-02 4.7145771932e-02 2.5190258529e-01 2.0950160913e-01 -1.2233814436e-01 1.4770063889e-01 -1.2486515549e-01 -1.4306130672e-01 3.7886425484e-02 -4.9780445284e-01 3.6634830342e-02 -2.3996613707e-01
1.0758300019e-01 4.8278442089e-02 6.4672865194e-02 7.5682344825e-01 -2.7140290595e-01 8.0894213552e-02 1.2074310163e-01 -3.8325681577e-02 1.7225729846e-01 1.0387242224e-01 -9.6392491039e-02 1.9090030209e-01 9.7443606165e-02 1.7633039346e-01 -7.3424833096e-02 1.2272128730e-01 8.2883091828e-02 -1.4106363332e-01 -2.0198760367e-01 -6.0298086109e-02 -2.0655334339e-01 1.0360721194e-01 -3.9131482487e-01 2.2008790371e-01 -1.0278965867e-02
-1.0348830685e-01 9.7067456487e-02 -9.5172208876e-02 3.5329300503e-01 -1.4599971436e-01 -1.3228336074e-01 1.3692493441e-01 -1.1515283546e-01 -1.1349396915e-02 9.7155899125e-02 -3.2499234806e-02 2.7884832408e-01 -4.2914312399e-03 1.6489685431e-01 2.6133844617e-02 2.3505584956e-01 -6.0326204550e-03 6.3911311116e-02 2.1872018975e-02 -1.0808906989e-01 -2.9790464372e-01 2.2452906505e-01 2.3487242012e-02 1.4046194128e-01 8.2375210096e-02
3.9810115628e-02 -2.3860621902e-01 -1.8470757138e-01 4.8508926285e-01 2.0784592454e-01 4.9723949313e-02 1.2487896321e-01 -1.3058923668e-01 6.4377382107e-02 -1.1329086244e-01 4.6134116071e-02 -2.4106419697e-01 1.0439419302e-01 1.3327191306e-01 5.8557376926e-02 9.3988644721e-02 -7.0046838731e-01 4.4691293502e-02 -2.1794182294e-01 -4.1397829703e-01 -5.5264425573e-02 9.7276619494e-02 9.8496028897e-02 -5.7098307673e-02 3.9039245291e-01
1.0281611653e-01 -1.5516314598e-02 7.7376343369e-02 -2.2061237100e-02 5.5074039860e-02 -3.7625882155e-03 -2.9673759949e-01 -1.3322322066e-02 -2.6201814837e-02 -5.2554813382e-02 7.1555212924e-02 3.0460762025e-02 7.8169669450e-02 1.0931411869e-01 2.8239496285e-02 2.0243633591e-02 1.3122874485e-01 4.1446464522e-02 2.1988013929e-02 1.1508931512e-01 1.3532772621e-01 -5.3684555850e-02 -7.8813565246e-02 1.2043404545e-01 -5.8268421665e-02
-6.1943647416e-02 5.3532479482e-02 3.2526324762e-02 -2.8907089608e-01 -5.6313983498e-02 -1.6969020665e-01 -3.8111946319e-02 -1.6842849181e-01 -1.8886133550e-01 -1.2043805813e-01 2.1882489386e-02 2.0559286390e-01 2.8479827641e-02 -1.7555599028e-01 6.1417589432e-03 -1.8945345611e-01 1.0522620778e-01 -8.1270468466e-02 -9.9656410921e-02 1.5591988960e-01 -1.6521093003e-02 -4.4645567508e-02 3.2420402512e-01 -4.1911243451e-02 -1.9606039665e-01
4.8792588747e-02 -1.1865143470e-01 -2.2408811273e-01 1.9327957666e-01 -7.2185796176e-02 1.0147577038e-01 2.5173250236e-01 -5.6740523659e-03 2.6136916859e-01 -1.8257553220e-02 8.1766167268e-03 2.8906175891e-01 -1.1284755520e-01 1.5350876820e-01 -6.0315642868e-02 2.0281342180e-01 -9.5526992655e-02 -1.3979624632e-01 3.3387933195e-02 -6.9122975180e-02 -6.6547079478e-02 9.9941976185e-02 3.5651116747e-02 -2.9429455887e-01 1.3730993583e-01
1.3930783239e-01 3.8081674262e-02 1.6787504052e-01 -1.6633527670e-01 -4.8020475547e-03 1.2916931926e-02 -1.4245020169e-01 -1.9864955273e-01 -1.9869912423e-01 -9.1994823866e-02 4.9900475347e-02 1.5167158143e-02 -1.0384194907e-01 -8.2845881982e-02 3.5388471988e-02 -7.9516175107e-03 -8.7304462076e-02 -7.4995447583e-02 -1.8407211805e-03 -1.0837273964e-01 1.7497826736e-02 -1.8404781907e-01 -1.7546037077e-01 1.5388864768e-01 -9.1992447908e-02
1.9402370834e-01 -2.9682849877e-01 -2.6148394597e-01 3.1315090062e-01 8.5018700070e-01 1.8950985520e-01 -3.6818405759e-01 -2.9053456556e-01 -2.1894809413e-01 -2.9938434975e-02 2.3228626972e-01 3.0856471426e-03 -2.4700016962e-01 6.8191686327e-02 2.7394503516e-01 -1.9917000505e-02 -3.5591664695e-01 1.7106972984e-01 -1.8932072196e-02 1.9998333098e-02 4.1796309165e-02 7.4768947631e-02 -3.8244720186e-01 -1.2716192189e-02 4.0678305710e-01
1.6605424551e-01 -1.1845887781e-01 1.1174539920e-01 2.5621938314e-01 -5.1787832811e-02 1.7934441261e-01 2.5485703449e-02 -2.5062256887e-01 4.3405877785e-02 6.0209852153e-02 1.5530691853e-01 1.5071828335e-01 -3.2695990787e-01 -1.1666829941e-02 -1.3731815683e-01 1.5410840790e-01 -4.3101782257e-01 -3.1261026341e-02 1.7436628319e-01 -9.1638106873e-02 6.5509852986e-03 2.7529145019e-02 -1.5010397102e-01 -5.9881148653e-02 1.7102893837e-01
9.5615976264e-02 4.0233156274e-01 -1.4885359569e-02 2.1825101447e-01 2.7941253701e-01 -2.5701858405e-01 3.1168065514e-02 1.3996922370e-01 -2.1536196773e-02 2.2708032823e-01 -6.0458932378e-02 4.3422065818e-02 1.0918341602e-01 1.9651029263e-01 1.1183180967e-01 -2.4977175187e-01 2.1332922703e-01 4.8812209173e-02 -3.2323197892e-02 2.6029741642e-01 8.9591739396e-02 6.3241241153e-03 9.8471986044e-02 2.7056712234e-02 -1.2989488105e-01
-1.3630706310e-01 2.7460012304e-01 -1.5595078320e-01 4.4243502233e-02 2.0219603560e-01 2.0016560703e-03 -1.1948075822e-01 4.1934427019e-02 -1.8767907109e-01 3.3362699069e-02 1.8492873740e-01 -6.6030862638e-02 3.1750668333e-02 -5.5975289499e-02 -2.5939832226e-01 -1.5084554859e-01 -2.2447669603e-01 7.6038244878e-02 1.2793307167e-02 -1.8308931315e-01 3.4946778643e-02 -1.0351165701e-01 -1.9512854540e-01 8.6732210482e-02 1.5225876977e-01
-3.4603502343e-02 7.0774214534e-02 -4.8724674096e-02 8.5154831240e-02 1.8431655409e-01 -1.2860941729e-01 -6.7293983921e-02 -1.9376911267e-02 -1.6747148643e-01 6.8950836108e-02 2.6517348510e-02 7.0696771518e-02 -6.9790780794e-02 1.7700864868e-01 -2.2293168251e-01 -1.8361356480e-01 -4.0062751574e-02 1.9824042755e-01 8.7564875678e-02 -2.0268782807e-02 1.2647486822e-01 1.5279684882e-01 8.1950907611e-02 -1.4648799691e-01 -2.3786320577e-01
-1.7031180644e-01 7.5721980626e-02 1.1635038508e-02 8.2949219589e-02 -1.8844686156e-01 -3.0403588310e-01 2.5159778978e-01 4.6660761391e-02 2.2733352263e-01 4.6730305369e-02 -2.8848702901e-01 -5.2417763855e-02 1.1578479568e-01 -5.4342962358e-02 -1.2447786546e-01 5.4419353547e-02 1.0616726408e-01 -1.3149907063e-01 -7.7747265638e-02 5.9665986795e-02 9.3474580067e-02 1.1934495457e-01 1.2961160761e-01 5.7494969394e-02 -1.6371384172e-01
-1.0708603405e-01 -6.3143105091e-02 -1.2460464976e-01 6.2743669472e-02 2.6418868210e-01 -7.9813174235e-02 -9.3732918518e-03 -6.4028436870e-02 -4.9579052472e-02 -1.8475899466e-01 2.8363265701e-02 -3.0312091614e-02 6.7204538881e-02 8.7222860807e-02 3.7253234999e-02 -1.4511938958e-01 -2.0831947617e-01 1.0664445138e-01 -1.8202972145e-01 8.0102425339e-02 1.9701332905e-02 -3.4075439482e-02 1.4134479252e-02 -2.4052020253e-01 6.9671097832e-02
1.4864236943e-01 2.8798346209e-02 1.6712373397e-01 -4.1996482833e-02 1.5690762675e-01 4.6470450308e-01 -9.6008058143e-02 3.5611182206e-02 -1.8809524068e-01 7.1639825734e-02 -1.7884777521e-01 1.2145399300e-01 -6.7105760598e-02 -1.1821984285e-01 1.6056800708e-02 -6.0178677691e-02 9.7684841918e-02 -2.0382008278e-01 1.3105407538e-01 3.5256339246e-01 8.9100224001e-02 1.3391994107e-01 -3.1621700870e-01 -8.4982337873e-02 -2.2988916082e-01
-2.5725281385e-01 -1.6956711409e-01 -2.0128713195e-01 1.6293592402e-01 -2.2997715686e-02 -1.9503830615e-01 3.4494586447e-01 1.9012957319e-02 1.6675208629e-01 1.6475317534e-01 -7.8818824268e-03 -1.2850900008e-02 5.7585270014e-02 1.0779619265e-01 -8.1329722606e-02 2.2638036551e-01 1.3765882451e-01 -2.2273401916e-01 1.0153138795e-01 1.8213425098e-01 -1.3940229383e-01 2.6834676864e-01 -1.8790432605e-02 -1.1602223640e-01 -1.7347293712e-01
-1.6339324551e-01 9.0907395546e-02 -1.4569009582e-01 9.9593575393e-02 4.2317073973e-01 4.7246444722e-02 -1.7354386388e-01 6.9638073203e-02 -3.6185846146e-02 4.5872428338e-02 6.3647608909e-02 -1.3567977340e-01 5.8092543272e-02 1.9852385691e-01 1.2027344827e-01 -8.3114480989e-02 2.9652053472e-02 2.5912368300e-01 -9.1828123607e-03 1.6339881358e-01 -1.7979610837e-01 1.2733708534e-01 -1.6859198069e-01 2.0262328661e-02 -5.0792021119e-02
1.4640212977e-02 -3.6715543547e-01 1.3193910969e-01 5.1983837682e-01 1.0677211206e-01 1.8326943723e-01 -1.3787929509e-01 -1.1605856419e-01 -6.1089696360e-03 -4.2065657262e-01 -1.2790199528e-02 -5.1690170961e-02 5.8638548125e-03 -4.5471045312e-01 2.6699367753e-02 3.8478657876e-01 7.8003859202e-02 -1.7249136630e-01 -1.4893420356e-01 -6.9472357673e-02 1.0814383736e-01 -2.4856564623e-01 -1.4700434134e-02 -1.5993414600e-02 8.2695191529e-02
-1.9649492907e-01 1.9030214619e-01 -1.2990242732e-01 2.6846157976e-01 5.3865625619e-01 -1.5774044739e-01 1.7930965401e-02 -3.3338368959e-02 -3.6117380385e-02 4.7219158633e-03 -1.9665748096e-02 -1.1008934214e-01 -3.2292805262e-01 1.8019860457e-01 -1.6651657428e-01 -6.9761686873e-02 2.1401403110e-01 9.2467173270e-02 -1.1953531460e-01 1.2545611704e-02 -6.3810236660e-02 9.4281905563e-03 1.3664021451e-01 8.7621927060e-02 2.6101676573e-02
-1.9971331064e-01 6.5027450011e-02 -2.1679933605e-01 4.7912548751e-01 -2.5240687008e-01 -3.2962669736e-01 2.3825228551e-01 -1.0347757886e-01 1.5916747309e-01 -2.5759912241e-01 1.6708316823e-02 -2.0166388618e-02 1.8841662455e-01 1.4345425814e-01 -1.1544939633e-01 2.0133314236e-01 1.3125973791e-01 -1.4882148111e-01 -4.0441943922e-03 1.7398465272e-01 -9.5636890624e-02 -1.9977324756e-01 -1.0038832820e-01 1.0681650008e-01 -1.6421603077e-01
-1.0363389862e-01 6.0541497168e-03 -1.3276327557e-01 -1.8041448128e-02 7.6178442265e-02 1.1279064194e-01 7.0754515857e-02 -1.8122297027e-01 1.2172345245e-01 -1.1520508205e-01 3.8780272873e-01 4.3174130757e-02 -2.0702471241e-01 7.0718910108e-02 -4.2714926876e-02 1.6462996928e-03 -2.8345021393e-01 1.4538452457e-02 8.5977570671e-02 1.2634513694e-01 1.0304308454e-01 1.0783057516e-02 -1.0704598130e-01 1.3537877125e-02 -2.4490697161e-02
-8.2055019340e-02 1.9393206310e-01 2.9340213110e-02 -8.0601866834e-04 9.9073488210e-02 -2.7625432790e-02 -8.8462218990e-02 -8.2019443458e-02 -1.3621688119e-02 -5.5141556995e-02 3.3982202293e-02 3.0781453084e-01 -7.7497149455e-02 -1.1229543964e-02 -1.1166060994e-01 2.0514721478e-02 -1.2839962230e-02 7.3788411466e-02 2.5646427826e-03 -8.2844898519e-04 -8.3440749816e-02 -1.6277407290e-01 -1.5380476700e-01 6.7900422135e-02 3.2097117014e-03
-2.1411482055e-02 -2.1407043365e-02 -3.2220415614e-01 8.0966111473e-02 -2.8857180118e-01 9.2580256565e-02 -8.5553915579e-02 -1.5002706254e-01 5.9935074664e-02 -1.2599298175e-01 1.9713046454e-01 -6.1062108538e-02 -1.4226666245e-02 1.9286528276e-01 6.5239698586e-02 -4.9114855905e-02 -1.6348764063e-01 -1.0013981969e-01 3.4255041553e-02 -3.4873440412e-02 -6.0912884689e-02 -6.6052001985e-02 -4.4858686401e-02 2.8921190845e-01 2.4328410046e-01
5.2272935390e-02 -1.5014475621e-01 1.7377428194e-02 1.2243440571e-01 1.0471746088e-01 -2.6218849013e-01 1.8628476449e-01 8.6083939581e-02 9.7718183220e-02 -4.4021489299e-02 2.6838161473e-02 2.0400267345e-01 -8.3193825548e-03 1.7658541112e-01 -4.7911249983e-02 -4.6458028665e-02 -7.2765039705e-02 -1.8741310495e-01 -3.1536564066e-02 1.1306517677e-03 -3.6945210183e-02 -6.3673696180e-03 -2.5468147062e-02 -4.9451572577e-02 -1.5917371869e-01
-4.9187070569e-01 1.7045844709e-01 -3.6242563689e-01 5.7465992771e-01 3.2175274315e-01 -4.3417493457e-01 -2.9434294313e-01 -1.5752140508e-02 -2.5222030020e-01 1.8043425117e-01 2.8762718819e-01 1.2324181913e-01 5.5767831274e-01 4.4862776851e-02 1.0729007154e-01 -6.9000967030e-01 3.0800879239e-01 2.8053051034e-01 -1.9890944331e-01 -3.2336518374e-02 3.5363110492e-01 5.2273891128e-02 3.8932012092e-01 -2.5107060745e-01 3.7807353307e-01
4.4194340096e-02 2.4299895207e-01 4.5691584815e-01 -4.3091971241e-01 9.9522651022e-01 3.2043276037e-01 -2.1527139139e-01 8.0170397223e-02 -2.7086894002e-01 7.5408855220e-02 1.2139479046e-01 -6.0982283039e-01 -2.7852304665e-01 8.3766270592e-02 3.2498026378e-01 -2.0225608818e-02 -1.5614350912e-01 1.2965297729e-01 5.6365979480e-03 4.4754852335e-02 -1.3517709382e-01 -9.0435518522e-02 1.1186827079e-01 8.4669670311e-02 1.9292831481e-01
1.7717297925e-01 -2.6469741591e-01 2.2900090337e-01 -5.4781228835e-02 -5.1723195465e-02 9.1993026636e-02 -2.6028726046e-01 -2.9998711026e-02 -1.5099707306e-01 -1.1174437727e-01 -1.4746281240e-01 -1.2135016170e-01 -1.9902935966e-01 -2.7436781328e-01 -9.5074308516e-02 6.2321572984e-02 2.2436915765e-01 1.9232656280e-02 -1.4196031522e-01 3.3231791138e-01 -1.8637008276e-01 -7.9610764395e-03 -1.9587525321e-01 2.2954897647e-01 8.0482819992e-02
-1.5887246403e-01 -1.0426546238e-01 2.3599614748e-01 1.2773103976e-01 4.9169916218e-02 -3.4178501083e-01 -2.4580366530e-02 -1.2062843461e-01 -6.8667235679e-02 8.6106002065e-02 9.7185041305e-02 -9.0139656722e-02 -6.9633287155e-03 4.6379797894e-02 2.3376477800e-01 -6.2613742592e-02 -1.4967498303e-01 -2.0106595870e-02 2.5324124363e-02 -1.6822398614e-02 -9.5528893464e-02 6.1043885957e-02 2.4247289210e-01 -1.4582402144e-02 -1.2497008405e-01
-2.5340703827e-01 -1.3745179366e-02 -7.0456831238e-02 2.5143179452e-01 6.9343440096e-03 -1.7481219382e-01 9.6723645655e-02 -2.0353214540e-01 6.8947587005e-02 2.5314415125e-02 -3.7879428834e-02 8.4688417893e-02 8.3656620216e-02 1.5308337408e-01 8.7915644490e-02 5.2391279863e-02 -2.8777774932e-02 -2.7779225241e-01 -9.8694374736e-02 1.8920539586e-02 -1.0425531183e-01 1.0676540103e-02 9.8674721969e-02 1.1869094772e-01 4.1232505552e-02
1.6908561348e-01 2.1546037314e-02 1.5915187490e-01 2.0059357167e-03 2.4509992481e-02 -4.1173079935e-02 -2.3250807722e-02 5.6539071352e-02 -2.7531496408e-01 -1.6403792223e-01 -1.4667176665e-02 -8.8302841800e-03 -1.4987779527e-01 3.1377393835e-02 1.2371620623e-02 8.5191110393e-02 2.2670197390e-01 -9.0530508688e-02 -7.0164425365e-02 4.5166387420e-02 7.6019364699e-02 -4.2950455027e-02 1.2648397716e-02 3.8917094768e-02 -1.4853273791e-01
-6.3970006333e-02 8.9777821879e-02 5.4896733466e-02 -1.4105171910e-01 1.6354025317e-02 -8.6457391485e-02 1.0169569805e-01 1.7672702758e-01 1.1274905135e-01 -7.1345685829e-02 -1.0763303209e-01 -1.6290230719e-01 2.8781705182e-01 -9.5613560377e-02 2.2464098734e-01 7.7920763782e-03 1.7186439933e-02 1.2872897960e-01 6.2929266183e-02 -8.1731698736e-02 6.8202068910e-02 -6.2788032622e-02 2.3197387312e-01 1.0436797242e-01 6.7975559006e-02
4.5662525917e-01 -2.4698005982e-02 -3.3436345076e-01 7.6062700554e-01 1.1914694188e-01 3.8442712257e-01 2.2344135154e-01 1.0190056617e-01 6.4413028489e-03 7.5387033019e-02 -1.1575175941e-03 6.9062753326e-02 -2.5626610075e-01 1.3992513633e-01 -3.3049660457e-02 9.4994627816e-02 4.3147377329e-02 6.2227131270e-02 3.1521048076e-01 -9.4018645883e-02 -1.3839056259e-01 1.7744775917e-01 -3.2700432124e-01 -1.8249595085e-01 2.1992647203e-02
