-3.6974791760e-02 1.2638605143e-02 8.3391933661e-02 4.1194907951e-01 1.9782232117e-02
-8.7531685959e-02 -7.6268556301e-02 9.9905571715e-02 3.8051967188e-01 3.9129227225e-02
9.1868378557e-02 -5.8641583370e-04 -4.1858047112e-03 -3.3850232106e-01 1.0521208094e-01
-3.2962659259e-03 3.2286173005e-01 -1.4573688312e-01 -2.3230551069e-01 -1.6253097796e-01
-5.3917539670e-02 1.1841526784e-02 1.0516897689e-01 2.4748018100e-01 -1.9596358528e-03
-8.0778704345e-02 -6.2455195135e-02 1.6708301707e-01 -2.2713053459e-01 1.4266097591e-01
9.7510245123e-03 3.4551443729e-02 -1.6252593182e-01 -3.4540896104e-01 3.7174763058e-02
2.8177006463e-01 -1.3715182324e-01 -3.0545652168e-03 -8.3248009669e-02 7.8935897506e-02
1.4714834704e-01 -4.5108901871e-02 7.5200990040e-02 -2.9257085978e-01 -1.1053587904e-01
-2.5658456435e-02 -1.4266540925e-01 -1.5882829908e-01 -2.5502704399e-01 -1.6677493978e-01
-3.6403779173e-02 9.2065777788e-02 -1.4699138202e-01 9.2330297599e-02 -9.0379008941e-02
1.3811522491e-02 2.1289367725e-02 1.3317988502e-01 1.7361836150e-01 3.6975428686e-01
6.5400929210e-02 -1.2951544437e-01 3.2978795328e-01 4.8464865736e-02 3.7527738886e-02
6.0373476047e-02 -4.2711616960e-02 1.1446323581e-02 -3.5328892676e-01 1.5748822231e-01
-7.2796489047e-02 -1.1783186569e-01 -2.5105048660e-01 -2.7147702900e-01 2.0639118916e-02
-2.6486061958e-02 -2.5669171040e-01 1.9497137468e-01 5.8522127408e-02 4.1756454861e-01
4.3744530752e-02 2.4447021893e-02 1.3170061591e-01 1.2642170767e-01 2.0511002911e-01
-1.9121636934e-01 2.9679071014e-01 1.1409950343e-01 -1.1241946311e-01 -2.5513562888e-01
4.2314358063e-02 7.0081702788e-02 -8.3946616464e-02 -3.7507612950e-02 -2.3326760497e-01
-5.9948925156e-02 -1.1370510299e-02 -1.6228618702e-01 8.3040907091e-02 7.7502572729e-02
-1.0943238385e-02 9.3926903919e-02 2.3242003222e-03 -3.3087733617e-01 -1.9113810676e-01
1.3654369677e-01 -7.7343889924e-02 7.1723675387e-02 -1.3661954992e-01 -1.3245519204e-01
-7.4730843797e-02 1.5588346158e-01 -1.8860252904e-01 2.0681251826e-01 5.4642630685e-02
-1.0527687124e-01 -9.6007505072e-03 -1.3622164890e-01 -1.0320799326e-01 -6.8839697852e-02
3.0929294933e-02 -9.7248252697e-02 1.2622606891e-02 -2.5376525926e-01 -7.4156764406e-02
-2.6278246604e-02 2.1042267477e-01 -3.6210588992e-02 -2.3988990834e-01 -1.0833365373e-01
8.5763370703e-02 -1.3661629982e-01 9.9989212452e-02 3.8954165828e-01 2.3431985549e-02
1.1586848889e-01 6.2075876913e-02 -7.7854911142e-02 2.3704641624e-01 -1.4743735527e-01
1.5997856090e-01 8.7774069733e-02 1.3777642630e-01 -4.9354350683e-02 1.5414616251e-03
-9.7068009383e-02 -1.0402196405e-01 1.0182063719e-01 5.5464616797e-01 -1.2988149044e-01
-1.4756550689e-02 7.2686386924e-02 -4.2790277630e-02 -8.3061004666e-02 2.6158510900e-01
-9.1029398298e-02 1.8877646521e-01 3.0743714977e-02 3.8383072656e-02 -1.2236458356e-01
-6.9500679621e-02 7.6797159568e-02 1.4705618280e-01 -6.8971332855e-02 -2.3906042059e-02
-2.8314292912e-02 9.5406278423e-02 -1.3765920220e-01 1.0466881605e-01 2.3008196178e-02
2.3479333176e-01 -2.4496524093e-01 -1.4562781336e-01 1.4233508630e-01 3.5983398913e-01
1.7408449978e-01 -1.6592089351e-01 -2.3872391152e-01 -5.3583582803e-02 -1.8713697507e-01
-9.5330318405e-02 1.4663802249e-01 1.9381915011e-01 1.1746431461e-01 -8.2769334428e-03
-3.2433479030e-01 1.9438164391e-02 -5.1039174064e-02 -1.2069909741e-01 7.9339304298e-02
-6.6042681036e-02 -6.8038725244e-02 -1.0939469238e-02 1.4393243398e-01 -2.6506759194e-01
3.3309831640e-02 2.1500683596e-01 8.4323885808e-04 1.6978033196e-01 2.4099925403e-02
5.9687482108e-02 -3.4728451180e-03 4.8586335981e-02 3.4908574114e-01 4.3878552238e-04
8.6482411941e-02 -1.1142590610e-01 -4.1163018586e-03 1.5936292836e-01 2.2110582428e-01
-4.7155488690e-02 -2.1547761453e-01 9.0625396097e-04 3.5151212947e-01 7.8454588933e-02
4.6922168323e-02 1.7063058790e-01 -5.1503400072e-02 -3.1301733217e-01 2.4440678069e-02
