-7.3267001088e-01
7.5175933958e-01
-7.5780970711e-01
-7.4477045857e-01
-6.0560160647e-01
-1.0707130748e+00
6.2124597695e-01
-4.3058507380e-01
-1.2177049017e+00
7.9885742696e-02
1.2538857523e-01
-8.4469523145e-01
-7.2587176416e-01
-6.2394638747e-01
-3.3679682097e-01
-1.7710974423e+00
6.8173839613e-02
-7.2062653179e-01
-2.0836228446e+00
-1.7935599293e+00
-7.5037656732e-02
9.8169573992e-01
2.1470530171e-01
-2.3265921552e-01
-9.6668942385e-03
5.2667152882e-01
1.2692146974e+00
6.0758643944e-01
8.8564004332e-01
9.7826454988e-01
-1.2811156653e+00
-8.0739762509e-01
