-9.6580561515e-02
-4.4540373262e-01
1.0079488830e-01
7.0355498092e-01
-7.1631750731e-01
8.7911428151e-01
4.9321972615e-02
-1.6833590601e-01
3.6587646237e-01
4.8302251342e-01
-2.8190158321e-01
6.3040019785e-01
-6.9158584282e-01
-5.9687574630e-01
1.9351807927e-02
1.7498128569e-01
8.6345492665e-01
1.3268469371e+00
-2.5387424498e+00
1.8800269132e-01
-5.5243627978e-02
-1.6224074387e-01
8.2041052688e-01
-2.1776997682e-01
4.5053011702e-01
-1.3554525335e+00
-1.6650876453e+00
-7.5614143902e-01
-1.5790551575e+00
-9.9403307270e-01
3.3371264804e-01
7.6888759342e-02
1.6743303905e+00
-4.5459239655e-01
3.2318545703e-01
1.6417321689e+00
-4.5928465883e-01
-1.8672464058e-01
-1.2623730968e-01
5.5824282416e-01
8.7764141977e-01
-1.0399824109e+00
-1.6720019558e+00
-4.9976901709e-01
2.0058638272e+00
7.7401232583e-01
-1.0009731973e+00
1.6939838378e-01
1.8224256624e+00
1.6937947231e+00
-1.5408148896e+00
1.1141646011e+00
7.6308838092e-02
-1.9391749317e-01
4.0516544330e-01
-1.3384244344e+00
-1.1511837201e+00
-7.8816138248e-01
3.6639974307e-01
-1.2623276690e+00
1.2390136877e+00
-7.5627217123e-01
-5.3361659937e-02
-1.5247212191e+00
1.5260487512e+00
-1.1735543956e+00
2.4803888903e-01
9.9118699431e-01
-4.2668799803e-01
3.6973383645e-01
1.2154982765e+00
8.8328021709e-01
9.0425751787e-01
-9.6368406982e-01
1.0377537072e+00
-3.4912821763e-01
1.8562131628e-01
3.4070118644e-01
-5.8269322771e-01
-1.9496015947e+00
8.3561000529e-01
-2.0900968243e+00
-4.3175549411e-01
-3.0063891423e-01
-1.1278015267e-01
9.5462478232e-02
1.5957362864e-01
2.5364564621e-01
1.4296444823e+00
-8.8848554134e-02
-1.2419292483e+00
4.9239994446e-01
1.1667784851e+00
-5.2103207887e-01
-5.4038057198e-01
1.3104629995e+00
8.2828422227e-01
1.1057714207e-01
-1.0507796912e-01
-2.0647993620e+00
-1.4928765314e+00
-2.1093847426e-01
1.2943850351e+00
6.6045703658e-01
-8.3884982951e-01
9.8471505954e-01
5.1454853435e-01
-4.0082172738e-01
-2.4252807236e-01
1.8378294255e+00
9.3415885114e-02
-1.2732630363e+00
3.1027748796e-01
-4.6504172441e-01
9.1332198076e-02
7.8114139229e-01
1.3523114451e+00
3.2971633662e-01
-6.9551770227e-01
-4.1782212739e-01
-5.6129586885e-01
1.3048449312e+00
-1.3295745551e+00
1.1247572399e+00
2.1689688827e-01
