2.0369912720e-02 -1.8619835989e-01 -1.5754863256e-01 -1.0858953895e-02 1.2765923896e-02 -2.0280422101e-01 7.5095276480e-02 4.3390162409e-02 1.5209140715e-01 9.0168086378e-03 4.2677947019e-03 -1.8280571451e-01 -3.8693276827e-02 -1.5413741463e-01 -7.8182366109e-02 1.7244601040e-01 -1.3851745792e-03 6.7342667971e-02 1.6678153115e-01 1.0991314762e-01 -1.0784111657e-01 -6.4541062186e-02 6.5656439068e-02 -4.8146226561e-02 2.6809467820e-02 -3.8064932456e-02 -2.0645605989e-01 8.1482954667e-02 -7.9082226825e-02 -5.6329266730e-02 2.3739817408e-03 -6.8144388760e-02 6.3414604813e-02 1.1263809395e-01 1.5395294458e-02 -5.4705902075e-02 1.2447416339e-01 -9.0538849777e-02 1.4635626414e-01 -2.5616878227e-01 -5.9204943584e-02 -7.3819394617e-02 -1.1595491430e-01 2.8810851608e-02 7.2582924667e-02 -3.9476693003e-01 -2.2452840832e-01 -1.1922159439e-01 3.0514540654e-02 1.6509317847e-01 1.4932921315e-01 -1.7491938364e-02 1.4226172081e-01 -7.9578640708e-02 1.9646225117e-01 1.3898281684e-01 -1.5613777969e-02 2.9100556328e-01 1.1717237749e-01 4.7277542946e-02 -1.7536882597e-01 2.8104649605e-02 -5.0969115801e-02 4.7635187385e-02 -2.2782055850e-01 8.3871626806e-02 -1.0015576582e-01 -5.9874245905e-02 -3.6333572752e-02 -1.7343106024e-02 -1.8212782950e-02 2.3649651519e-03 -5.8915204485e-02 -3.7246617623e-02 1.8335680193e-02 -1.1620274635e-01 8.1145583242e-02 1.3340753070e-01 8.8252830366e-02 1.0423962067e-02 1.4492530933e-01 7.3879147337e-02 -1.9049326994e-01 9.4846456249e-02 -6.4555312767e-02 1.9820774438e-01 6.9006139255e-03 -1.2677719938e-01 1.5746575224e-01 -1.4700054423e-01 -1.5380010927e-03 -1.2341194996e-01 -8.4330499165e-03 -6.0662363724e-02 -2.5948356210e-02 8.9594563430e-02 8.5221981486e-02 3.4344222356e-02 1.7415891837e-01 -1.9849446771e-01 -1.4751349417e-01 -4.4047605237e-03 -1.1539431632e-02 4.1294808500e-02 5.0649726832e-02 -2.0716560029e-01 -2.8139275465e-02 -5.7484939444e-02 8.2994636499e-02 -8.6190184781e-02
1.9162300399e-01 -2.4883881879e-01 2.3509624634e-01 -1.2551611622e-01 -5.5864129449e-02 8.6431683220e-02 -5.7289592970e-03 -9.1688755561e-02 2.7302757780e-01 -7.4945378889e-02 -6.9584767025e-03 -1.5680042301e-01 2.3227058451e-01 -1.5711055616e-01 -1.8167787103e-02 -1.5176647925e-01 -1.5942524444e-01 1.5122492866e-01 -3.5928879614e-02 7.9747822343e-02 2.8856392758e-02 -1.1937100114e-01 1.2439474317e-01 4.0576350233e-02 2.1260967185e-01 7.3530484054e-02 8.8881986061e-02 2.4005142908e-01 2.1904323335e-01 -1.5236080818e-02 2.2263790530e-01 -8.6232023414e-02 1.3106946957e-02 1.8528534501e-01 7.0367811085e-02 -1.3483613446e-01 8.1048626818e-03 2.5012532935e-01 -1.7272166737e-01 2.7309111969e-01 1.2662608261e-01 8.9623887071e-03 -2.1045111664e-01 1.3392503133e-02 4.9453566987e-02 9.9267252456e-02 -2.6324753284e-02 -1.0398142034e-01 -1.9821599294e-01 1.5594246575e-01 6.1451617272e-03 7.7688982613e-04 -2.6105592769e-01 -3.6302271791e-03 2.7880695971e-01 -2.8954948476e-01 3.7685111987e-02 -2.1473631517e-01 1.0044188764e-01 6.9912400296e-02 8.8741764736e-02 -5.5747814109e-02 -6.1196688001e-02 -1.4366548242e-02 1.3794527330e-02 1.3117441843e-01 -8.9865540149e-02 3.0294804881e-01 -9.8018628361e-02 8.7921461574e-02 2.2079136276e-02 4.7218926820e-02 -4.6571250359e-02 1.0775817509e-01 -3.7919402899e-02 1.8699123381e-01 1.0882164198e-01 4.5775164836e-02 3.0024666418e-01 -2.0167486154e-02 -2.0365839247e-01 2.9926518191e-01 1.2807899678e-01 1.7782095438e-01 1.8326838902e-02 -1.5418237355e-01 -1.0407297357e-01 5.6599394458e-02 5.0365098610e-02 -1.1604943758e-01 4.9677198763e-02 1.6498077405e-01 -7.3827039564e-02 1.7267700308e-02 3.9948909008e-02 -3.4935334251e-02 -9.4857156591e-02 -4.3093801457e-02 7.9824623958e-02 -6.0709818626e-02 2.6995689576e-01 -2.9448088747e-01 -3.1700156096e-02 7.8038705016e-02 7.6747018737e-02 3.7931913811e-01 -2.7783680974e-01 -9.9074938385e-02 4.5953637950e-02 -5.1829293166e-01
2.6247032999e-01 6.8303022744e-02 1.5095534169e-01 5.7787049913e-02 -2.6290066853e-02 -2.3650473280e-01 2.7930216160e-01 1.7893096289e-01 5.3201132930e-02 2.5788215044e-01 -1.2907311793e-01 -6.2858380767e-02 -4.3789923056e-02 7.6465672284e-02 1.0752312593e-01 2.2895038878e-02 -8.4787678302e-02 7.5904551044e-02 -9.4082394114e-02 9.7989369069e-02 2.0460773854e-03 -2.7696299181e-01 3.3416592006e-01 -1.0535938169e-01 -1.2010173695e-01 -1.2824190682e-01 1.7997368477e-02 -3.2392951347e-03 3.8854947004e-02 -1.8154798280e-01 1.2736495518e-01 8.1208117946e-02 6.6973235382e-02 6.4867766202e-02 3.3040382219e-02 1.1540264909e-01 4.3198877081e-02 -5.2068307849e-02 -1.0842341137e-01 -7.0493377327e-02 1.0999716874e-01 1.1381304679e-01 2.1864314030e-02 -2.7684336929e-01 1.3363918598e-01 5.2244805607e-02 2.6724444280e-01 -3.0211602873e-02 1.0645045817e-01 1.1983427453e-01 8.0398949241e-02 1.6993885919e-01 9.2491163315e-02 2.4418038434e-02 -4.6166894456e-02 -1.8831393191e-01 -3.3898868108e-02 1.3211586980e-01 -2.8584312595e-02 1.5389473258e-01 2.5523979161e-01 2.2890449437e-03 -3.4697497157e-01 5.0123761724e-01 -2.2743924373e-01 1.3705084761e-01 -4.5589624270e-02 -2.1734568135e-01 -2.7942347365e-01 4.0302473716e-02 -1.1937409495e-01 -4.5464615160e-01 2.2913758730e-01 -2.4320954525e-02 -9.7556448234e-02 -2.2635962738e-03 1.9143027490e-01 1.5357881007e-01 -3.2198721807e-02 -7.7079184495e-02 -3.9498467959e-03 9.6748340107e-02 2.9522950645e-01 -2.1815557192e-01 -3.2270237231e-01 -1.7165284924e-01 -1.4888359108e-01 2.6479241814e-02 1.3417628758e-01 1.4049076108e-01 -3.1433539831e-01 -1.1389738449e-02 -6.3914470232e-02 -3.5104466950e-01 -2.8287004675e-01 -1.4112097927e-01 -1.3820908988e-01 -1.8406834409e-01 -1.0546498412e-01 1.6058788212e-01 1.0626776716e-01 -1.2811342635e-01 1.3885146239e-01 -2.0797805605e-01 -1.2661096966e-01 -9.6004866568e-03 1.3928167938e-01 -1.5684435304e-01 5.1401673011e-02 -2.1632703168e-02
-3.1705254120e-01 3.5804333316e-01 4.2435689243e-02 -2.4440598594e-01 -3.2227864782e-03 -5.9014735360e-02 4.0136397749e-02 2.4270994735e-01 -4.9890779866e-02 -9.2277542355e-02 -1.9236981849e-01 -1.4865048938e-01 -2.5379350099e-01 -4.5917923830e-02 2.2924517193e-01 2.3962005445e-01 1.5780932226e-01 1.6077697701e-01 -4.2835788957e-02 4.4335369193e-02 -1.0601025339e-01 1.9437416057e-03 8.5788111027e-03 8.6935677556e-02 -2.1349064025e-01 -2.4669816279e-02 1.3370329889e-01 -7.9764157171e-02 2.0401430010e-02 -2.3065287531e-01 1.2386582737e-02 1.3111049784e-01 4.5197480589e-03 -3.4548975494e-01 1.6739932640e-02 1.4519772968e-01 -3.7322919750e-01 4.5074424198e-02 2.0477086117e-01 2.6739263584e-03 -1.3056919451e-01 -1.6165357839e-01 -1.7475175421e-01 -2.4128211768e-01 1.8772622906e-01 2.6022148746e-02 1.1631614102e-01 4.0941303468e-01 -8.3046170586e-02 -2.3079943170e-01 8.5517696419e-02 -6.6947165306e-02 -8.0092023114e-02 -2.8578475053e-01 -2.9468295124e-01 -1.8889760555e-02 -1.5651059556e-02 5.1041813467e-02 1.7946262090e-01 2.3666082483e-01 1.1286525710e-01 8.4116088509e-02 -5.8059624288e-02 1.1134478814e-01 2.4762568282e-01 1.0525254856e-01 1.4159331449e-01 2.0682141506e-01 -1.0793119689e-02 3.8144609241e-01 3.9701756133e-01 -7.6763415208e-02 1.3321308787e-01 6.8451030325e-02 1.4125869965e-01 1.2723409902e-02 2.4611780664e-01 2.1007041017e-01 1.6132209701e-01 -4.2635823657e-03 1.2395187659e-01 -2.0699302123e-01 2.0553414687e-02 -6.9481124291e-02 -5.8135270781e-03 -1.8190171481e-01 -2.2272053182e-01 2.4654433943e-01 -3.3126737771e-01 9.4128073269e-03 -9.7644693857e-02 2.9499217189e-01 7.1208490071e-02 8.2384543395e-02 3.1649477375e-02 -1.2501224258e-01 1.1403266423e-01 -2.2468385703e-01 -8.8388825919e-03 -3.2464959465e-02 -3.2821127289e-01 3.8208356174e-01 -5.9912524148e-02 -1.3192584819e-01 1.5827500010e-01 1.4870996910e-02 2.9020961835e-01 -4.6395802970e-02 6.8204398977e-02 1.1338900489e-01
2.9667084720e-01 5.1150966403e-02 4.2109584023e-02 -1.4851154187e-01 1.8644673720e-01 2.7671290604e-01 -2.6295673293e-01 -3.6951179492e-02 2.0301134153e-01 -1.0994627802e-02 1.2777669660e-01 1.5947689044e-01 1.3198105136e-01 -1.9276657228e-01 -1.4410121844e-01 1.0332131249e-02 1.0727625676e-01 -1.7367585074e-01 1.7112002904e-01 7.1574518635e-02 -1.0996585110e-01 1.0443516981e-01 -6.4862364854e-02 2.1417632058e-01 7.9558385471e-02 -1.6634326248e-01 6.0240776085e-05 -3.3598059122e-01 1.6998496305e-02 1.4683452766e-01 -3.0372371825e-01 -1.8948366786e-01 8.0284053234e-02 1.5239511374e-01 1.0156948835e-01 4.5253216785e-03 -8.3370400592e-03 -6.4048868696e-02 -1.4676741974e-01 4.9053053814e-01 -1.7823903971e-01 -1.7762297797e-01 1.9243961113e-01 7.2258363129e-02 -2.4198901149e-01 1.5215719399e-01 -3.4306278317e-01 6.5032622344e-02 1.0717407518e-01 1.3937362527e-01 -6.3412208263e-02 -2.7166490615e-01 1.5059953038e-01 2.1463646600e-01 2.6887824016e-01 -1.2489896284e-02 -1.8066227425e-01 1.6810322824e-01 -1.3548009555e-01 -1.2443383517e-01 -1.2056585297e-01 2.5226402137e-01 -1.3613755544e-01 -1.8778916431e-01 2.0238690642e-01 -1.8070222973e-01 -1.3076029292e-01 3.0658435393e-01 2.2315812300e-01 -3.9357586582e-01 -1.2125052664e-01 2.0570099760e-02 -1.3811552179e-01 -2.2310667220e-02 2.1282485589e-01 -5.7924057671e-03 -1.6761695796e-01 -1.5831958224e-01 1.1855301035e-02 -1.0231176631e-01 -2.3465941647e-01 -3.4691452732e-01 8.8027382815e-02 4.8833637790e-02 -4.8006238859e-02 3.2114076506e-03 1.5599069038e-02 -1.1059645365e-01 -1.8164593740e-01 -8.1798819287e-02 2.3191484620e-01 -2.5143489833e-02 6.9937903855e-02 2.8733673230e-01 1.2359437490e-01 4.5827585419e-02 1.3042848807e-01 2.3570611674e-01 1.4756511094e-01 9.0517408711e-02 2.0317163573e-01 2.4489345886e-02 -5.3126939194e-02 1.7517580334e-01 -2.4259712447e-01 1.7822503396e-01 -1.7968544210e-01 1.9673637286e-01 9.7161282302e-04 -1.4399974140e-01
-7.7718476231e-02 -2.2312053819e-01 -4.2850074171e-02 -3.5789408889e-02 -3.3206299864e-02 1.3184124808e-01 1.3237603010e-01 -1.7680836212e-02 1.2417112222e-01 2.9378601770e-02 -1.4360804218e-02 -1.3561142474e-01 3.0673911854e-02 3.5199919057e-01 -2.9159898586e-01 -1.6755564027e-01 -2.8777748548e-02 4.1288159232e-02 3.9814461855e-03 -1.2690296374e-01 1.5967587489e-02 -1.4047848468e-01 1.6551144466e-01 -1.3693259247e-01 -7.8026416560e-02 -6.7673886915e-03 -2.3298336800e-01 1.8028390401e-01 -1.7908785859e-02 -2.1527031687e-02 1.0463640584e-01 6.9382849921e-02 6.0282376355e-02 6.3516020537e-02 7.7159837101e-02 -1.2453453834e-01 2.9591635467e-01 -6.4901378588e-02 1.7023369345e-01 -6.7271757233e-02 -5.3928108685e-03 5.6886488800e-02 -2.0411988421e-01 1.2058100770e-01 -1.1303817377e-01 -2.1329158078e-01 4.6422523186e-02 4.5315270527e-02 3.8765744568e-02 7.7406781537e-02 -1.5015769819e-02 -1.0444950953e-01 8.8915609626e-02 4.5294576497e-03 -6.0718477042e-02 -2.6443043636e-01 1.9063104503e-01 6.9664200362e-03 -1.8990638023e-03 -1.9701953920e-01 -8.5966760952e-02 5.4161606608e-03 -1.2347237739e-01 -3.4151043976e-02 -2.4110366643e-02 3.1467444436e-02 1.7142418142e-01 -4.4004643059e-02 -1.5839800862e-01 1.7846680778e-01 -7.5721676828e-02 -1.5008855098e-01 4.2291229687e-02 -7.8941026840e-02 -9.8691633609e-02 -6.7469824367e-02 -7.4803556802e-02 1.3544856203e-01 -1.0647956141e-01 -4.1354856916e-03 1.2037615451e-01 2.3821764681e-01 -2.3826062603e-01 3.8476689366e-03 -3.8472418654e-01 2.8705849506e-01 2.6167747189e-01 -8.2496185309e-02 1.2566334967e-02 1.5428827886e-02 1.1921500499e-01 -7.4999470838e-02 -5.7193676976e-02 -1.5355415965e-01 1.3125840357e-01 7.2640253881e-02 -6.8098398517e-02 -1.2583553034e-01 4.9267478813e-02 6.9164308192e-02 1.3166860665e-01 1.5739643971e-01 -2.6664076821e-02 -1.8979007747e-01 -7.1452237303e-03 -7.2842742989e-02 -4.3296176997e-02 5.7836185988e-04 -8.0446081170e-02 -1.3590420307e-01
1.0094902312e-01 -1.1672396654e-02 2.6144605615e-01 8.4573060691e-02 -1.1280634719e-01 -7.7954013250e-02 -1.6860303666e-01 3.5872388690e-01 2.3276729538e-02 7.3395951938e-02 -6.4142095313e-02 1.2520701616e-01 -2.2738878711e-01 5.7548251450e-02 1.5132227865e-01 1.6538139320e-01 -6.8204201773e-02 -3.4823077518e-02 -7.0589479776e-02 -1.7517992187e-01 4.8171358457e-02 -4.1919645963e-02 -8.7258318453e-02 -7.3721894922e-02 3.1621571689e-01 1.1426773760e-01 1.6566124499e-01 5.4179583266e-02 -3.2623685913e-01 4.4224613424e-02 1.5856147769e-01 1.8513697421e-01 -2.3052824387e-02 1.7350661605e-01 -1.7829158956e-01 1.4971959296e-01 -2.3245152166e-02 2.1481639354e-01 1.2071725246e-01 1.2074176073e-01 3.7302518304e-01 1.4803043905e-01 -8.9504552811e-02 -1.3447178495e-01 5.5613718430e-02 -4.2656778856e-02 2.8901161093e-01 -1.8501364453e-01 -2.1415439706e-01 -2.7248655390e-01 -2.8792808140e-02 2.0523622117e-01 -1.3708418501e-01 -1.0756090509e-01 1.7236710646e-01 -2.4058568534e-02 5.2423421208e-02 -1.1044664157e-03 2.2669500114e-02 8.8958204172e-03 8.9008766428e-02 -3.6533902331e-02 3.9213096257e-01 -2.3747668453e-01 -5.0823678799e-02 6.3361256060e-02 -2.3740068146e-01 -1.0828726900e-01 3.3342565706e-03 1.3408472005e-01 1.8307137345e-01 -6.2448736235e-02 1.3220450694e-01 1.0009825732e-02 -2.0239795674e-01 2.8822422098e-02 3.5870111345e-02 -4.6373710499e-02 1.3018110605e-01 1.4599568946e-01 -2.4621229578e-02 2.2412163605e-02 1.0417885408e-01 4.6026172591e-02 -2.7991855720e-01 9.3842780517e-02 -4.1880777696e-02 -1.6574750018e-01 1.9974284184e-02 4.3292088852e-03 4.8405814445e-02 1.1521767239e-01 -2.4686721273e-01 -7.5861182726e-02 2.8753110096e-01 -4.9708311929e-02 1.3122972724e-01 -5.0902807005e-02 3.3236484366e-03 1.3664852082e-03 -4.4126498736e-02 -6.0775766058e-02 1.8481082431e-02 -2.3849332487e-01 -1.4851569641e-01 2.9650733130e-01 -1.0239921067e-01 -1.2142022599e-01 6.8061072590e-02 5.4968233491e-02
1.0379040348e-01 -3.8539219896e-01 -1.4416152198e-01 3.3756461026e-01 7.5542356579e-02 -4.6687396674e-01 -1.1253758235e-01 1.2177943558e-01 -9.9526777438e-02 1.5845322397e-01 1.0089443082e-02 -4.7265567978e-02 7.7726635099e-02 -2.1023175928e-01 -1.0382107653e-01 -3.3547818180e-02 4.7231118748e-01 2.6268591511e-02 9.4329958080e-02 2.2175961911e-01 -1.3179773694e-01 -2.8888429161e-02 -2.3964985676e-01 2.9289750359e-01 -1.6416254039e-01 -1.9823700242e-01 5.2069442277e-02 -1.6495044779e-02 7.8305735558e-02 1.0576517640e-01 -3.4662499792e-02 1.0758778903e-01 1.8812910441e-01 9.1284019353e-02 7.9819307596e-02 -1.0950047772e-01 3.2737962144e-01 -1.7852916247e-01 6.4861416075e-03 -8.4328094553e-02 -1.2052101444e-01 -1.8153543181e-01 1.2359996480e-01 -1.0613380955e-02 2.3223605518e-02 4.9224877834e-02 1.8084685340e-01 -3.6422158602e-01 2.8017787496e-01 5.4348743900e-02 -6.3345351005e-02 -1.2330770115e-01 2.2950775418e-01 6.7125630832e-02 7.3468622921e-02 7.7375010119e-02 -5.8965973601e-02 -4.2486876059e-01 -1.2582333792e-01 -1.2975087692e-01 -4.5394326168e-02 3.0840935031e-01 -3.0189787601e-02 1.8943390986e-01 -3.3335964248e-01 -4.9814187049e-02 -1.7822490631e-01 -3.6935538843e-01 -5.9135532607e-02 2.0971848941e-01 -2.2171395980e-01 -3.7209890085e-02 -1.4356885883e-01 -1.3759984188e-01 3.1573840570e-01 -3.5191390595e-01 3.1936751494e-02 -4.0222115851e-02 2.0857192183e-01 2.0936079176e-01 -4.4482655541e-02 -8.2455362418e-02 -1.8358075144e-01 1.9165147607e-01 1.4575726340e-01 1.6175103724e-01 1.4082399544e-01 -9.0204899593e-02 4.5583133385e-02 1.3492565214e-01 -2.4288373993e-01 -1.9560812563e-01 1.7973517332e-01 -2.4449851258e-01 -1.2881340851e-02 -6.8843610875e-02 1.3399105184e-01 -1.3950443225e-03 1.2267010828e-01 1.3356677645e-01 1.4095981424e-01 -1.2677108800e-01 1.5171538908e-01 2.1094008490e-01 -8.3930824863e-02 9.2576565103e-02 -2.7291835983e-02 -7.2030323736e-02 -9.1220465233e-02 1.0992501996e-02
3.2025530662e-01 -3.0446790715e-01 1.7030660284e-01 1.2951128090e-01 2.3972174749e-02 -3.1978162903e-01 1.5740346453e-01 6.4248708280e-02 8.1828850132e-02 3.2164546973e-01 -1.0135558018e-01 -1.0473730294e-01 5.0432745904e-02 -7.0130431603e-02 -1.4313001432e-01 8.8105106049e-02 6.6609697138e-02 1.6155194562e-01 1.5325413883e-01 2.6923420214e-01 1.9172653163e-02 -4.1631325229e-01 -7.6075996169e-02 -2.3499191678e-01 -1.7217624848e-01 -1.4311038109e-01 -1.1310109960e-01 1.4625556812e-01 -2.1434275256e-02 -2.3090916642e-01 2.7089372314e-01 -1.3956904313e-01 1.2236676782e-01 1.3769720900e-01 9.1255677266e-02 1.1767906383e-01 1.0774419018e-01 -1.1870417976e-01 -2.4329951044e-01 1.3300154480e-01 9.7414237302e-02 1.0836621536e-01 -2.9646752501e-02 -2.3301566055e-01 -8.2601977149e-02 -1.5103709351e-01 -1.1518071062e-01 -4.1121665075e-01 4.6734787661e-02 2.0439403312e-01 1.3825880532e-01 1.2470224757e-01 -5.0227780633e-02 -8.2160214190e-02 3.5622183378e-02 -2.1929789348e-01 -2.1673094827e-01 -1.8702767596e-01 -1.1117004375e-01 -2.5331866979e-02 -2.3942689511e-02 -3.4732081265e-01 -9.9190551449e-02 2.6818636761e-01 -1.0842663534e-01 1.7934891681e-01 -3.7711643337e-01 -8.4518642932e-03 -1.0040425449e-01 -1.1974244727e-02 -2.2083850805e-01 1.2945715037e-01 1.6691781926e-01 7.5772442165e-03 -1.1057619285e-01 -2.1084121456e-01 -1.5021747231e-01 2.9729663239e-02 1.4876944061e-01 -2.2883561108e-01 -1.9062145033e-01 -6.7124576177e-02 4.7815628324e-03 -8.3141492449e-02 2.6427940228e-01 -1.7887500939e-02 -1.8601849129e-02 -4.4303041500e-01 9.0843168546e-02 4.2373779637e-01 -1.5015033844e-02 -4.6998789814e-02 -3.3015875975e-01 -2.0010183997e-01 -7.3343233222e-02 1.0758015089e-01 -1.4167553288e-01 7.5824662437e-03 2.9776157165e-01 -3.5082794435e-01 1.5657526013e-01 -1.3943819595e-02 6.9406863161e-02 -1.8128717153e-01 2.0076021391e-01 1.2236041774e-01 -4.7424730947e-02 -4.0543351950e-02 7.6999495251e-02 -7.0436196930e-02
1.3410484130e-02 -3.3296387296e-03 1.8370334410e-01 -2.3172858770e-01 -1.7505451328e-01 -1.1128588769e-01 6.7067578482e-02 1.1422180100e-01 3.2024102905e-02 8.8386414879e-02 3.6378289555e-01 1.2800129392e-01 -2.0302453870e-01 1.8182948709e-01 -7.4183724787e-02 -2.6752323631e-02 -2.3924069579e-01 1.8604555320e-01 1.1001556515e-01 -2.0068142121e-01 1.8811616019e-01 -5.9222797557e-02 1.6393201535e-01 -3.1858501774e-02 1.5817097047e-01 1.2401606563e-02 3.8498390970e-02 2.2669063584e-01 7.9016304000e-02 -8.6354705027e-02 -2.8990720091e-02 -4.5582796338e-02 -2.7181793378e-01 9.5491686143e-02 1.2822228776e-01 -9.7138093194e-02 1.3940784501e-01 5.9311832958e-02 -6.7528125587e-04 -1.2402210839e-01 -1.1907520794e-01 -3.4358697931e-02 -1.1071953572e-01 2.9215525197e-02 3.3499850728e-01 1.1544801565e-01 -1.8976498665e-02 -4.1593887283e-03 -2.4326021962e-02 -9.7535959689e-03 9.2706127994e-02 -1.3242367334e-03 -2.3955188187e-03 -9.8731340140e-02 5.6498621904e-02 4.0560017423e-02 -2.2859615445e-02 1.1602970256e-01 -9.9786601425e-03 6.1789316853e-02 6.7965932030e-02 5.7907860696e-02 2.0773967851e-01 1.2256394471e-01 5.9846723526e-02 -1.3198216001e-01 -1.6595473199e-02 -4.7128263143e-03 3.7045286092e-02 6.9247487605e-02 -1.7667127560e-01 -3.0039793385e-02 3.8245821779e-02 1.6885733536e-01 1.9229814936e-01 1.3251645545e-01 7.9022017669e-02 -4.2157747285e-02 -7.5352492003e-02 1.5428637688e-01 2.7469291133e-02 -6.1540070718e-02 4.4239469286e-02 -2.1435469671e-01 -1.4229587244e-01 -4.9858434443e-02 2.5899599403e-02 -1.1006308799e-03 7.9706296614e-02 1.9751284849e-02 -1.0617261184e-01 -1.1864669382e-01 -8.6981385253e-02 -1.8389701586e-02 4.1196214554e-01 2.6900237047e-02 1.3237255902e-01 -1.0339130033e-01 -7.2617761529e-02 2.1950595271e-01 -1.5925236371e-02 -2.1457942431e-02 -7.7481206633e-02 1.4542453538e-02 -3.2907912267e-02 -4.9081361495e-02 6.0249761590e-02 -3.4932368851e-01 7.9037401618e-02 1.0763432375e-03
9.0279351193e-02 -3.7750533181e-02 7.2957567344e-03 -4.8310435538e-02 -2.5740818710e-01 -1.4121362526e-01 1.9998728039e-01 -1.1941838475e-01 2.0683665249e-01 -2.8233460833e-01 -2.9279260904e-01 -1.6094614856e-01 -5.3673183699e-02 8.7566186553e-03 -2.5546960836e-01 2.7750758741e-01 -1.5357173543e-01 -1.9676085737e-01 6.3193734002e-02 -1.4513380631e-01 3.6364919125e-01 1.6533089492e-01 2.4187799201e-01 3.2025937657e-01 3.6447690668e-01 4.0068590497e-01 1.4212639012e-01 -1.5110844903e-01 -3.9656642375e-01 3.0768830992e-01 -1.3075638254e-01 2.4537529644e-01 -1.1117188215e-01 1.6947159574e-02 -2.0833103696e-01 1.5439427720e-01 -6.3739634273e-02 1.1080573050e-01 1.3733501189e-01 1.8360686778e-01 -3.1853318977e-01 1.2991841777e-01 3.6889736659e-01 -5.1611188590e-02 -1.0666202293e-02 3.5615823051e-01 4.5325708710e-02 -4.0739667464e-02 4.0909983172e-02 -6.1665334605e-02 -5.6948396022e-02 2.6636612527e-01 -3.7195333517e-01 1.1750948400e-01 7.6149561442e-02 -2.3617769427e-02 1.0925287149e-01 -1.8093804280e-01 1.6729077248e-01 1.7139489925e-01 6.1111144882e-02 -1.9279587278e-01 1.4383649248e-01 2.3561334438e-02 -3.8998218034e-02 -5.6672520587e-02 2.2552439539e-01 1.1540939991e-01 -1.9172366436e-01 -8.6223556232e-02 -1.5305675062e-02 9.9038322148e-03 1.3550150175e-01 2.2028559523e-01 -2.2584440932e-01 6.7460204485e-02 -2.5079881900e-02 -2.1903251059e-01 6.7685221217e-02 3.1426515774e-01 -1.0431089845e-01 1.4873496050e-01 -1.8070240832e-02 1.2287097572e-02 1.5049778595e-02 -1.3255934692e-01 -2.0693100554e-01 5.2636839281e-02 1.3780385771e-01 -3.7025129028e-01 -2.4868663418e-01 2.2247142645e-02 1.0420075315e-01 -2.8911439569e-01 -3.0942367938e-01 -1.1072012101e-01 -4.3439763810e-01 -3.2613119710e-02 -2.3540851007e-01 2.2460628560e-01 2.7794156637e-03 1.6180950261e-01 -3.2089809094e-01 -4.7483690963e-02 -3.7172558006e-01 -1.8282185159e-01 2.1527992150e-01 -4.9042177435e-02 1.2859751100e-01 2.0340975909e-01
-1.9163202520e-01 1.3277658061e-01 -5.5447288406e-02 3.7240422283e-01 1.8863493237e-01 2.4126791829e-01 -4.3039044054e-02 -2.0435793434e-01 -3.5085076061e-03 3.5175710141e-02 -8.0744333700e-03 1.3210761369e-01 1.1243225166e-01 -4.1351495321e-01 4.0458064158e-02 5.0276739121e-02 1.2265229571e-01 -2.7937200419e-01 -1.3087949143e-01 -2.7886650927e-02 7.8867317575e-02 3.0349127544e-02 -1.1470529541e-01 1.5389300294e-01 -4.4725825042e-02 6.6514759384e-02 1.2364847146e-01 -1.1010152530e-01 -2.8928355515e-01 -4.8660020048e-02 -2.5415511983e-02 -7.4702597486e-02 3.1571254743e-02 6.5662001056e-02 -3.9898216584e-02 -5.2500611166e-03 3.9503906819e-02 -2.4122975493e-01 -2.1237071346e-01 2.7201539055e-02 4.1612151632e-01 1.2436040239e-01 -9.3550441045e-02 -1.0595807707e-01 8.8666530985e-02 -1.8252247987e-01 -8.5444487985e-03 8.1398329084e-02 -1.9496438885e-01 8.6830962932e-03 2.6478580671e-01 5.4842232110e-02 2.2251365872e-01 1.0934796235e-01 2.3926985760e-02 3.1417826570e-01 -9.5809786646e-02 -1.6035908682e-01 -3.5963299090e-01 -1.1716783319e-01 -1.5359863254e-01 -1.0901991702e-01 -2.6997935262e-01 2.6786872499e-01 -1.8240283723e-02 -9.9472745814e-02 -3.4292700133e-02 -9.5344150952e-03 -6.1947598345e-02 -1.6555517011e-01 1.8801653963e-01 -1.9415782527e-01 -2.3114068766e-01 -3.0606633487e-01 1.9344360740e-01 -1.0329791335e-01 1.1912949806e-02 8.1571839922e-03 -1.4257302397e-01 -1.7553884415e-01 -3.9692611061e-02 1.5117099019e-01 2.5771624074e-01 2.7517564616e-01 -1.2644126258e-01 2.6813128274e-02 9.7875621782e-02 1.2005039243e-01 6.6247938870e-02 4.0595166279e-02 2.0536878031e-01 1.3588854505e-01 1.8558435654e-01 1.5855723680e-01 3.1209990081e-02 1.8387908906e-01 4.3513793357e-03 7.9375272313e-02 1.3911741485e-01 -3.0385572858e-03 8.6702039552e-02 5.8574010148e-02 1.3950225422e-01 -8.3959899221e-02 1.2639033283e-01 1.8981781746e-01 -2.1300965210e-01 -1.1154696576e-01 -1.9717462060e-01 -4.4732598929e-02
3.4861565536e-02 -1.4652658090e-01 1.1573754820e-01 1.0115828037e-01 -2.4305561460e-01 -1.1546284333e-01 -3.2578516887e-01 -1.9771032034e-01 9.8114337266e-02 -8.1528731307e-02 1.7054282648e-01 3.8973415471e-02 -5.3588123496e-02 -4.1300428116e-02 -1.6694798628e-01 3.7279091915e-02 -5.5296616765e-02 1.8653292279e-02 1.3148763059e-01 1.0299028956e-01 -1.0763246516e-01 9.3943498310e-02 -9.7044568584e-02 -1.8570146688e-02 -1.2157832996e-01 7.8286001557e-02 1.3835145053e-01 1.3249437777e-01 2.6299330747e-02 -2.5965248612e-01 -1.6051385202e-01 1.2693906169e-01 3.3541615821e-02 -1.1893186159e-01 -9.1798254462e-02 -2.1550409018e-01 -1.3483187714e-01 1.1742089708e-01 1.3306410889e-01 -5.1533736241e-02 -1.5604367120e-01 1.4554155511e-01 3.4800455987e-01 -1.3699487630e-01 2.5476229266e-01 1.8515086196e-01 -5.0658384509e-02 -1.5530651990e-01 -7.2626508474e-02 -6.9358581241e-02 -1.2801210638e-01 1.7254588819e-02 -9.9465431225e-02 -7.3486707529e-02 -2.9843933650e-01 -8.1265122136e-02 3.9392345390e-01 -4.3550145254e-02 2.6153595398e-02 -4.1235488854e-04 -1.2575417889e-02 2.1474077426e-01 2.5042446521e-02 2.1068003853e-01 2.5551277830e-02 -6.6540645516e-02 2.7128623118e-02 6.7917568424e-02 -3.1559615036e-02 1.3062161862e-01 3.3898933499e-01 2.1729027661e-01 1.1849511698e-01 9.9807925294e-02 -5.6094023526e-03 -3.7874641712e-02 2.4986688337e-01 1.7566797696e-01 1.6731826654e-01 6.6122898353e-03 2.0578436696e-01 2.4111538493e-01 2.2065872613e-01 2.7375274311e-02 -1.0090175225e-02 4.3780935651e-02 -3.1080883641e-01 1.3280700620e-01 2.5773861125e-01 -3.1817458329e-02 -2.4022286038e-01 -2.4857111982e-01 -1.7090377116e-01 -1.6853325717e-01 1.5971618272e-02 -1.0455029381e-01 -1.4389684837e-01 -6.0541172406e-02 -1.6416193589e-02 -2.3296046771e-01 4.7580312476e-02 7.3286616600e-02 4.9800355698e-02 1.5034740443e-01 1.4601678212e-02 4.4016872000e-02 1.8104804546e-02 5.1493168159e-02 1.0899212530e-01 5.7312282916e-02
