-1.6286347227e+00
-2.5573302706e-02
-4.1919210428e-01
9.9776720902e-01
1.6882695266e+00
-1.4885830172e+00
3.8812598290e-01
5.6406786783e-01
-1.1007059828e+00
1.0317542926e+00
-8.5224664167e-01
-5.3092231927e-01
-1.4601797022e+00
1.1054966607e+00
-1.6355054308e+00
-3.3448756883e-01
-4.8153838159e-01
9.9561761180e-01
7.6199906328e-01
-9.8434888831e-01
-5.2579293823e-01
2.0161177610e-01
-7.9362184562e-01
8.9578659001e-01
4.3072197951e-01
1.2439352695e+00
1.4101580500e+00
-6.7162050008e-01
-2.9922712357e-01
4.1256911865e-01
-7.9865258112e-01
-1.3776705443e-01
-8.0734015725e-01
-1.2340165157e+00
1.9991481784e-01
-1.2724313701e-01
-5.3805977417e-01
9.5174994796e-01
6.5653172199e-02
2.4226029001e-01
-2.4795117044e-01
-1.5612953438e+00
1.0853478209e+00
-2.8799662652e-01
4.4199998461e-01
9.5254644398e-01
1.7861687335e+00
1.3078218289e-01
-1.1081767315e+00
-4.4988232566e-01
-3.6525337121e-01
1.6014102941e+00
1.0352841561e-01
9.7344903416e-01
2.0406075617e-01
2.0704307826e+00
1.1333605160e+00
-1.0314258714e+00
-1.0512893861e-01
-3.6627892973e-01
3.6933059894e-01
-3.4400061246e-01
-2.5492893674e-01
1.4021618565e-01
1.6644855972e+00
-1.8717472633e-01
-6.0570857648e-02
1.6169148543e+00
9.0926254023e-01
-2.4938395641e-01
-4.7951620769e-01
-1.7107199157e-01
5.1455438576e-02
-3.7910306625e-01
6.8206781425e-01
2.1495236401e-01
-5.5014169969e-02
4.2182641948e-01
5.4306602023e-02
-5.5613852205e-01
1.1010503118e+00
7.7912076219e-01
1.5551236483e+00
-3.6377791208e-01
-1.1081480372e+00
1.7781957528e-01
-3.6358251387e-01
-7.4741386054e-01
6.2694643457e-01
-7.3812891487e-01
-5.1327102159e-01
-1.3910009805e+00
1.8368171710e-01
-6.6615757120e-01
1.7433936018e+00
-6.3484329395e-01
-5.5821968430e-01
-9.6055815991e-01
-1.1682327208e+00
-6.9666401719e-01
-1.0910787265e+00
-8.1597396502e-01
-2.6355427855e+00
4.2059942471e-01
3.1274456054e-02
9.7381075267e-01
7.3068104350e-01
8.2373427119e-01
1.8763195059e-01
-6.2872990440e-01
5.3785785590e-01
4.2584637266e-01
1.0632132559e-01
7.2580502085e-02
-3.3316155480e-01
5.7281207060e-02
1.0523151247e+00
1.3237025072e+00
-1.8566873299e+00
1.0535766772e+00
4.2757255953e-02
4.1774858168e-01
1.7095685721e+00
-1.5030015509e-01
2.4521941547e-02
-1.1438241844e-01
1.4531760827e-01
5.7846176882e-01
-8.4151723820e-01
-4.1580707186e-01
6.1360376121e-01
2.1135239725e-01
5.2207868409e-01
1.3467182202e+00
-5.3395786855e-02
1.6057690351e-01
-1.5853466400e+00
-3.6567656152e-01
-1.0268443957e+00
-8.5930104402e-01
1.4194613088e+00
1.0083554043e+00
3.9359249228e-01
-3.0932236257e-01
-7.7340627030e-01
1.3317339190e+00
-5.3364104282e-01
3.8217073873e-01
3.1250815942e-01
1.1671921209e+00
-1.7982795969e-01
-8.1073879447e-01
1.2379234889e-01
-1.4181660236e+00
6.8628459158e-01
6.1217851333e-01
-5.4623394073e-01
2.5563792427e-01
-3.5103129659e-01
2.6778671156e-01
-4.5618618915e-01
1.5738871099e+00
-7.8530685537e-01
6.1161592034e-01
2.3923794946e+00
-6.9203273472e-01
8.7387623572e-01
3.1770848135e-01
-2.2215099957e+00
-1.2475088845e+00
-6.0891926043e-01
-9.8135888196e-01
1.5949526960e-01
2.4280889549e-01
-2.6635488187e-01
-2.8771661012e-01
-8.9424044799e-01
-1.0074460108e+00
-5.5265695066e-01
-1.7308090783e+00
5.1292089957e-01
1.2069265352e-01
-1.1913148408e+00
1.0646922258e+00
