1.6548276679e+00
7.9180146090e-01
5.3924305044e-01
1.6950005337e+00
-2.8718931010e+00
3.8773976342e-02
-4.7069333017e-01
-3.8154776595e+00
1.1547987808e+00
-4.2295504579e-02
-1.8940502227e+00
-6.4077545550e-01
6.4313552479e-01
6.4379381646e-01
1.2523657153e-01
2.1702835038e+00
-5.1684431219e-01
-6.7787297993e-01
-1.4595650275e+00
1.0899589245e+00
3.1734225409e-01
-1.7260110229e-01
2.3271563178e-01
-7.4136601208e-01
-1.6922242408e+00
4.8447257288e-01
-4.0155981083e-02
4.8937421179e-01
1.3848767308e-01
7.9505378699e-01
-1.2723344207e+00
2.2253061930e-01
-7.7785391648e-01
-2.7906219267e-01
-4.9315637172e-01
-9.3890681009e-01
-4.3896116645e-01
8.3471708656e-01
-7.8177412348e-01
-8.2170422456e-01
1.8587146929e+00
-1.2446565034e-01
8.3986411558e-01
8.1317863707e-02
-5.3713380957e-01
1.5345922142e+00
-3.2429885953e-01
5.1360295271e-01
-1.7572881521e+00
5.2891870961e-01
-2.0858575176e-01
-9.6267818731e-01
1.3703464886e+00
6.4261716386e-01
4.7055598147e-01
-6.5154984278e-01
2.7780327362e-01
4.6668681413e-01
2.3454403402e-02
4.8064707445e-03
-5.6975251666e-01
8.3898163159e-01
1.9120446084e-01
-7.8635022327e-01
-1.9900080715e+00
1.6205709982e-01
1.1609811560e+00
-1.7173505944e+00
-8.1364509542e-01
1.4914426983e+00
7.3832844762e-01
2.2096803054e+00
4.9091611127e-02
-6.8913078380e-02
-1.8948330333e+00
-7.7836854011e-01
3.2936688395e-01
-1.7557852565e+00
-3.6133329210e-01
6.2676976806e-01
3.4287032266e-03
-1.5133171568e+00
-3.3173124592e-01
1.1725234064e+00
-2.3150565770e-01
-3.3299936592e-01
-1.4882984376e-01
4.5927937737e-01
5.7466317365e-01
2.1337536654e+00
-6.0133176791e-01
1.2855771412e+00
-8.5454917740e-01
-1.6743349662e-01
-8.2407309933e-01
3.8793210477e-01
6.9595868202e-02
-3.6788228894e-01
2.9677349894e-01
-2.5996178831e+00
-4.3043753059e-01
-2.9356247734e-01
-1.8294545441e-01
-4.9542154794e-01
5.2997807684e-01
1.2384566319e+00
-1.9262119220e+00
-1.0834854511e-01
-3.5255443786e-01
1.0035774628e+00
