7.3688766356e-02 -2.7525246105e-02 -3.6178806307e-02 5.8802165946e-02 7.0040604833e-02 1.6885302519e-01 -1.3156717292e-02 -1.2723431016e-01 6.3727212822e-02 2.9721700957e-04 -9.9986507645e-02 -2.1437912670e-02 6.6742992326e-02 -6.5543416167e-02 6.5438685953e-02 -8.5439436812e-02 -2.2836080552e-01 -9.9172024859e-02 -5.2723311687e-02 9.4741221042e-03 8.5843682434e-02 -2.5135526853e-02 -6.0879972130e-02 -1.2508747590e-01 1.2996768103e-01 -9.5474356885e-02 1.6221706570e-01 -6.8918429414e-03 -7.8199776609e-02 -4.6376435822e-02 1.0015345342e-01 -5.1591712627e-02 9.2143103436e-02 -5.9751974348e-02 1.1080957702e-01 1.4266655698e-01 -6.1564237837e-02 -1.8020768231e-01 1.0285816957e-01 5.4491484072e-02 -1.0592230925e-01 1.7419784997e-02 -2.3742899646e-01 8.4410778171e-02 1.2526627305e-01 -1.4882034135e-01 -7.6519156210e-02 -5.9592053118e-02 -9.9510459841e-02 -9.1129485760e-02 1.0586303660e-01 -3.6841764690e-03 1.3382503801e-01 4.6349419007e-03 8.0836847037e-02 4.5458533827e-02 2.2162726960e-02 9.5675115205e-02 -1.2459875100e-01 -2.9797239076e-02 8.1864035711e-02 1.1028802024e-01 -1.4709981491e-02 3.2415481560e-03 2.8223424672e-01 -1.0725443490e-02 7.9586097514e-02 -6.8933720836e-02 -3.3432255511e-02 -1.1678058394e-01 -2.3205225096e-02 -3.5776236447e-02 1.3607647899e-01 -1.5290989678e-02 -9.3201230027e-02 -4.0979306732e-02 1.8436182317e-01
1.6313508795e-03 1.4384936824e-01 -4.8544002506e-02 1.4365360120e-01 -1.9334479965e-01 1.0446085441e-01 -6.6351124695e-02 -3.9090413929e-02 -1.0263454791e-01 1.5467537672e-01 9.1971930220e-02 -7.7816045983e-02 -1.1724277437e-01 1.3026232326e-01 -2.3012756027e-02 2.1328087801e-02 -2.4100117585e-01 -2.0420892648e-02 -1.0733781204e-01 -3.2412956562e-02 7.1366992780e-03 1.7751885903e-01 9.6497921568e-02 -6.1546755607e-02 1.2244130430e-01 -5.6618087893e-02 -1.2507006037e-01 2.1318908049e-02 2.0687668562e-01 -5.3276231612e-02 -1.3806825117e-01 -5.0476951204e-02 3.1634727212e-02 6.9206224774e-02 -1.3247838327e-01 -2.0078894886e-02 6.2737279817e-02 1.1935975142e-01 -1.0984933398e-01 -8.3074247022e-02 9.9565826599e-02 1.8657832665e-01 -4.2054468534e-02 2.1717647219e-02 -2.2507877784e-02 -2.9467110235e-01 6.6964292805e-03 -9.0875705934e-03 1.0178886653e-01 6.7967943611e-03 -1.5428045133e-02 2.1805275327e-02 2.4024012136e-02 1.1215703695e-02 -2.0230916595e-02 -7.8413904436e-02 9.5396989360e-02 -6.9815120915e-02 -9.2159735157e-02 1.6566104098e-01 -4.7194082927e-02 3.5641428469e-02 -1.6308301733e-01 1.9459888710e-01 -2.3479852910e-02 3.0012343839e-02 1.1462982832e-01 -8.9814299626e-02 8.1005513416e-02 -5.2999564613e-02 -2.7035134570e-02 7.7227025521e-02 7.5932493563e-02 4.4322530424e-02 2.0048867977e-02 1.1022900299e-01 -1.4442050917e-01
-6.4309993936e-02 5.2628863535e-02 1.2754910304e-02 -1.8364102643e-01 1.2640142071e-01 -1.0799048357e-01 -7.7395469545e-03 9.7412377227e-02 5.4033223055e-02 4.1178700259e-02 9.4160612622e-02 3.7008561685e-02 -7.3182733663e-02 1.2130668545e-04 1.6591720463e-01 -8.0282842345e-02 7.7194016253e-03 -4.7130488420e-02 2.5856284866e-01 -7.3339913519e-02 -1.2054819540e-02 -7.8222116365e-03 3.2864633626e-02 1.1612211065e-01 -1.3178181193e-01 3.9019325128e-02 -3.3735669568e-01 2.0452632115e-01 4.7430305427e-02 8.3502459129e-02 2.2190566791e-01 7.8258620283e-02 -1.2435723243e-01 -3.2328533351e-02 -1.1922379799e-01 -7.7625460182e-03 -7.6718878263e-02 8.6267420870e-02 -7.3599953716e-02 -5.0273568315e-03 3.7622159796e-02 -1.4055983551e-01 -7.5891683816e-02 -2.5681387017e-02 -9.5148012238e-02 2.9448616276e-02 5.7388835162e-02 -1.1454606219e-01 -1.1217057247e-02 2.4734643681e-01 7.0644080041e-02 1.7237664978e-01 2.1401686855e-01 5.5926800558e-02 -7.7751930369e-02 6.9237665602e-02 -1.0989774076e-01 7.4648740792e-02 1.0249614593e-01 -2.6328303791e-02 -1.4417361605e-02 -1.3759221616e-01 -2.4083980396e-02 1.1953708100e-01 -1.0851712671e-02 -9.7551842414e-02 5.7625777329e-02 1.2660195463e-02 1.2561386922e-01 1.0678316733e-01 -6.5495833281e-02 -1.1166725013e-01 9.3351081992e-02 7.4378844015e-02 -1.0975827803e-01 9.2291813002e-03 2.2063622390e-01
7.6857667264e-02 4.1635341121e-02 -1.0779391548e-01 -1.0960441981e-01 -4.0509518148e-03 -1.1314187988e-02 8.3791087874e-02 -1.4585323518e-01 2.7453040147e-01 -3.7153666779e-02 2.7446233505e-03 -8.7628061935e-02 -3.0840701296e-02 1.8929895490e-02 2.1985053769e-02 2.9720662853e-02 4.3038426135e-02 1.0807349473e-01 -9.3460111951e-02 -1.6297125998e-02 -2.7079638599e-03 3.6669055832e-02 -3.9591608009e-02 7.9803207044e-02 2.2387086813e-02 -1.9626475384e-02 3.2733987636e-02 -2.0356521177e-02 1.6428602777e-01 5.7603577155e-02 -7.0600533692e-02 7.2501636623e-02 1.0951096479e-01 -9.1298235095e-02 1.6394253271e-01 -1.2358368098e-01 -4.6090162769e-02 8.7169427992e-02 1.0706442897e-02 5.9421750524e-02 -1.2211941691e-02 1.9410527909e-01 -7.3868612161e-02 1.6608813241e-01 -2.0715682469e-02 8.7026936580e-02 -7.0595184941e-02 -1.6684067502e-01 -3.3298146172e-02 6.3711852180e-02 6.4049269597e-02 1.1634319249e-01 -7.6749769254e-02 3.0897285879e-02 1.1885073273e-01 -7.8934644275e-02 -5.2815400574e-02 -2.4139704583e-02 9.9594913017e-03 -4.1029544805e-02 -6.3157008573e-02 -4.3306248188e-02 4.7232015073e-02 2.6454756526e-02 1.1573638615e-01 1.8605567418e-01 3.4180330687e-03 3.9890749692e-02 1.4927755587e-01 5.3272048111e-02 4.1067557257e-02 3.6824733613e-02 -7.3108952711e-02 -1.6221961159e-01 6.0990274169e-02 3.9746834986e-02 8.6543461094e-02
-1.4321530035e-01 1.4784672502e-01 3.7675689856e-02 1.5328978660e-01 -4.4932159005e-02 1.7283351977e-01 2.4560134608e-01 -1.3033669065e-01 -1.6433723378e-01 1.6522292606e-01 -5.1152778437e-02 1.0193245526e-01 1.8159788054e-02 -2.2068985479e-02 4.7518105536e-02 -1.4503688493e-01 -4.1879026956e-02 -1.5832785976e-01 -7.7403181936e-02 -1.9203997249e-01 -1.2361734132e-01 1.8037827673e-01 -1.3932829908e-02 -4.1151413000e-03 6.6632884274e-02 5.4245733541e-02 -2.2367511388e-01 3.1146600614e-02 -1.1720867923e-01 2.1667786896e-03 -7.6817221222e-02 3.7268804269e-02 5.9448146421e-02 -1.6647826574e-01 6.9061015110e-02 1.0062565326e-01 6.5968540410e-03 -1.0316190821e-01 4.5370498975e-02 -3.0469763840e-03 -2.3058852522e-02 3.8910479851e-02 -5.1565886895e-02 -7.9249111999e-02 -1.2842734694e-02 8.6467794694e-02 2.7181307317e-03 1.2686721046e-01 2.9368383366e-02 1.0487889581e-01 -5.5545471978e-03 2.7469427949e-03 -6.1425428967e-02 -5.4299948698e-02 -1.3105071170e-02 -8.6838455639e-02 2.0350544631e-02 1.0489546875e-01 -2.4705256056e-01 7.2147640024e-02 -1.0667896420e-01 1.3110236419e-01 7.0742202562e-02 2.2154614472e-01 9.5306516928e-02 3.3496363709e-02 -1.4641075348e-01 8.4248626477e-02 5.5198918443e-02 2.4917837372e-01 -9.5203503705e-02 -2.4622078033e-02 -2.2232922071e-01 -7.2156100938e-02 7.3143249800e-02 -2.5422134627e-02 1.5645171085e-01
5.3919205201e-02 1.7347941352e-01 5.0896072272e-02 -2.6355729961e-01 2.1605553032e-01 3.5442570723e-02 6.0496864149e-03 3.2562197711e-02 1.6365970571e-01 -7.1174081868e-03 -1.1678487816e-02 -2.9448148368e-02 5.3543114471e-02 8.3592793252e-02 3.7694999044e-02 9.7620373264e-02 3.0286494302e-02 -1.1814339511e-02 1.6001812506e-01 -6.6183901882e-02 5.1331582528e-02 1.1144178537e-01 1.7479494023e-01 -6.1740409291e-02 1.7492701169e-01 1.1006961352e-01 -7.7560837159e-03 -3.0700545482e-02 1.1989302657e-01 1.4399190391e-02 -1.2911389990e-01 -3.6382637180e-02 5.3035701137e-02 1.8642386917e-01 -1.7956193336e-01 6.3352689484e-02 -1.8460188949e-01 -1.3419040848e-01 -9.2211504967e-02 -7.1515963401e-02 1.7097289920e-01 1.0220704063e-01 1.5043978730e-02 8.3013428808e-02 9.5337824674e-02 -1.1153109628e-01 1.8049974220e-01 2.5827266514e-02 1.4471732651e-02 5.2500802128e-03 1.3952189825e-02 -1.4823987437e-01 -9.5072835054e-02 8.1258895001e-02 2.3248716463e-02 -6.3499499776e-02 5.9641127956e-02 3.0995865035e-02 1.5262438309e-01 -3.9699525061e-02 -2.0159861064e-01 5.0096351359e-02 -1.7556830686e-01 2.2394647815e-02 -1.4540723632e-01 4.0623424073e-02 1.0998571805e-01 -2.1332035339e-02 -1.6022082992e-01 -1.6337379487e-01 -6.2773792692e-02 -6.0349526804e-02 1.0635334921e-01 -2.8717799556e-02 4.0598290442e-02 1.7760348144e-01 -2.3930902926e-02
-6.8722959876e-02 -1.9174662527e-01 2.5159419744e-02 -4.5320330738e-02 9.4956046493e-02 -6.9651435390e-02 -8.2400337060e-02 -6.2614014922e-02 8.4063309834e-02 1.3244563389e-01 4.6136526501e-02 6.7830840464e-02 -2.0596376945e-03 4.4714462796e-02 1.5186917990e-01 8.7021346858e-02 -9.1718856918e-02 1.0280147126e-01 1.0332699280e-01 2.9810419887e-01 -1.1512117709e-01 2.0489228526e-01 -1.8493208450e-03 -1.4612354804e-01 1.9377475804e-01 -1.4097771941e-01 -7.6578622322e-02 4.1897683344e-03 1.2092363009e-02 1.1197663778e-01 -2.4994685886e-02 -1.2542680562e-01 1.5573862199e-01 -1.1445053953e-01 5.7394655222e-02 -1.9165157407e-01 -6.0556461761e-02 8.5848610619e-02 6.6367059635e-02 2.6388416763e-02 -3.1699546513e-02 1.5092782291e-01 9.6020431871e-02 -5.5201931102e-02 1.9338798293e-01 2.2776979453e-02 -2.1428503499e-01 1.6518550601e-01 2.6868532174e-02 1.1989029017e-01 -1.8842571648e-01 2.8440045806e-03 8.7238092631e-02 -1.1843175833e-01 -5.2080155464e-02 -9.6250457870e-02 2.0196718658e-02 -1.4552260940e-01 5.9218020426e-02 -1.0491232137e-01 1.8373386012e-01 1.2805498931e-01 -1.1769069953e-01 -1.0595819979e-01 2.2264731721e-01 -2.7077963719e-02 -1.5617620826e-01 1.5689092086e-01 -9.7905562734e-02 -1.0361215228e-01 1.5568225855e-01 2.2923543143e-01 -2.7531423597e-02 1.1021122413e-01 -2.1602032016e-02 1.6681613634e-01 7.4902754255e-03
-9.1352888013e-03 -4.3756032090e-02 -6.9527941663e-02 -3.3221338018e-03 -4.0893452491e-02 1.9998982399e-02 -1.3926259026e-02 1.1045169834e-01 2.4830732471e-01 -2.7215129260e-02 6.3076668108e-03 4.2961962434e-02 5.8258654787e-02 -3.8027149413e-03 -2.5576116891e-02 -7.8525255634e-02 2.5567504211e-02 1.1112679844e-01 -1.1487675080e-01 1.3693259491e-01 8.7507891919e-02 -1.8871595199e-02 1.5174182796e-03 -7.3206021858e-03 -9.3265827099e-02 7.1241015424e-03 -1.5739765321e-01 1.0121038715e-02 -1.0395909245e-03 8.3777667075e-02 1.4999164789e-01 -5.5375853169e-03 -5.1017086874e-02 4.9485376052e-02 -8.9257657118e-02 -7.9420214761e-02 1.2056251320e-01 -8.4037863079e-02 -9.3920625142e-02 -3.3038752007e-02 2.4818175783e-02 2.0140466323e-02 7.9319854981e-02 9.9890209483e-02 -2.2199814554e-02 -2.2229318443e-01 7.4498553244e-03 9.2848449053e-02 3.0907158097e-02 1.7292084863e-01 -1.1679950840e-01 -7.2663905619e-02 2.6863987095e-01 1.0407631583e-01 -3.9776791456e-02 -1.3426794659e-01 -9.4229504928e-02 1.4738530060e-01 2.4313243287e-02 5.1795130723e-02 -3.2279543353e-01 -1.0989236441e-01 6.1626311098e-02 -1.7355775571e-01 4.2865645659e-02 1.3680579430e-01 -7.0351676440e-02 -3.1785452518e-02 3.4339298842e-02 -7.7124536748e-02 8.7279719211e-02 9.7881190199e-02 7.9757536548e-02 3.1472291790e-02 1.1255015966e-02 1.1773686389e-01 -2.2667061289e-02
-1.1799027442e-01 -5.5965309879e-02 -2.3424756281e-03 8.8450090120e-02 -1.0689675175e-01 1.5530607489e-01 -1.0562401952e-01 -4.8797693296e-02 9.2196540134e-02 9.1817029012e-02 1.0422638730e-01 -1.4134280958e-01 8.0782839659e-02 -7.0981800485e-02 -2.3113950699e-02 -6.0328961060e-02 1.3861618750e-02 -1.7252640395e-02 -2.5678256962e-02 3.1152854687e-03 -9.6578449118e-03 1.0107106104e-02 7.1806977484e-02 2.2105440097e-01 9.2256344362e-03 -7.1248537979e-02 4.4187543904e-02 2.4320291344e-02 2.1635903558e-02 -3.9713376981e-02 -6.0105069104e-02 -2.2937048987e-02 -9.5480054430e-02 -1.0093354317e-01 4.9663217257e-02 -7.2541101435e-02 -8.7328948017e-02 -1.0747514321e-01 3.2882872628e-02 2.1515386004e-02 -1.2644703365e-02 1.8088937761e-01 2.7229454441e-01 -4.8113769767e-02 -6.1193467710e-02 -9.8022401441e-02 -1.5533862970e-01 -7.2203618462e-02 1.0351456392e-01 -2.7780893341e-02 5.9743045329e-02 2.4486860955e-02 5.3133364690e-02 -1.5799792041e-02 8.1142342554e-02 -1.5525473057e-01 9.9084497109e-02 -3.7523721334e-02 -4.2334354090e-02 4.5562445826e-02 -3.2385762628e-02 3.5117110576e-02 1.0027175711e-01 9.5769677420e-02 -4.1411048013e-02 -5.8825680700e-02 1.5440957115e-03 1.0704084439e-01 1.5266087489e-01 5.3021743257e-02 2.1656112785e-02 6.1952315922e-03 -8.5992537996e-02 7.1533158775e-02 4.4725808193e-02 -9.1850799471e-02 4.0604759366e-02
-8.5762333389e-02 -8.7297798612e-02 -2.2639186157e-02 -5.5147150935e-02 1.8018511651e-02 7.0929695857e-02 4.0374262313e-02 7.3681032704e-03 -3.3632056866e-02 1.4664552706e-02 -2.4434353478e-02 -2.4060807605e-02 -2.5689919701e-03 1.3820540759e-02 -1.2126997818e-01 3.9225582903e-02 -1.0163149521e-01 -1.7170073704e-01 1.1961015139e-01 6.6228719775e-02 -1.9802424450e-02 -1.5004750375e-01 5.3909223729e-02 -2.0376476010e-01 1.0047142560e-01 -1.2914197153e-01 -5.3223341053e-03 -1.0904353814e-01 3.3512581977e-02 -1.3387517918e-01 -8.1901076223e-02 -2.1491253612e-02 -3.9002892837e-02 -9.5625733740e-02 3.3363826957e-02 9.1555990149e-02 4.3490092014e-02 -7.4824967338e-03 9.1075725074e-03 -9.0104188746e-02 -1.8905415850e-01 8.8994344604e-02 6.7954751797e-02 6.2349314891e-03 -5.8279492441e-02 1.5574440357e-01 1.3930528375e-01 -1.6063455925e-02 1.2399020003e-01 -9.4490493505e-02 -5.5221475657e-02 6.2836597998e-02 5.0094484359e-02 -7.0180972666e-02 -3.1195457529e-02 -1.1375230084e-01 5.1629628683e-02 -4.2665273344e-02 2.8916594546e-03 -5.0579963004e-02 1.1418855644e-01 7.2785324507e-02 2.6067510906e-02 -3.3826496197e-02 2.4019066275e-01 -1.4085007057e-01 -1.4038715507e-03 3.3250500589e-02 5.6002883287e-02 -1.1276160259e-01 9.8590617073e-02 1.7187251669e-02 -3.4977881862e-02 -6.4786363487e-02 -1.7844294039e-02 -4.9388752717e-02 -1.1008911298e-01
1.3830563437e-01 -6.4251371584e-02 1.1526163021e-01 -1.5210558114e-01 1.7660016600e-01 4.2218789637e-02 6.7319640192e-02 1.8401703440e-03 1.3710011204e-01 -3.3102720893e-02 1.3421386127e-01 -1.3521607364e-01 -7.5144499276e-02 -2.3007516260e-02 -1.4146087070e-02 9.1107508295e-03 1.0025744714e-01 1.6614625471e-01 6.2452155183e-02 -3.1006999348e-02 6.6093977881e-02 -3.6086868730e-02 -1.1309965216e-01 4.7020982372e-02 -1.4487765438e-02 1.4319828762e-02 1.1981641019e-01 1.1124773515e-01 1.3997178115e-01 1.0406264741e-01 2.1605324910e-02 -5.3254998343e-03 -7.8677177132e-02 1.0978843331e-01 -7.0871092136e-02 -1.1149708353e-01 -1.3806725182e-01 -8.0550329735e-02 7.7812355873e-02 9.4087892911e-02 9.8896226543e-02 7.7062792487e-02 -1.1600399578e-01 -9.6780750707e-02 1.3726464774e-01 -8.3859285368e-02 3.5259678777e-02 4.8360748264e-03 2.5018617843e-01 -6.0928503101e-02 -3.1747523077e-02 6.0285155471e-03 6.7063421347e-02 -1.7204987192e-02 1.7333311486e-01 -3.1407204848e-02 1.7027961196e-01 6.6905667607e-02 -1.9935225142e-01 -2.2976704748e-02 -4.7857762873e-02 -1.4968999498e-03 -9.1068624307e-02 1.5454355773e-02 4.7826199855e-03 -1.1672620421e-02 -1.6128958311e-01 -1.4845512488e-01 4.2260363778e-03 7.8014140191e-02 3.5682425737e-02 -6.5532828547e-02 -1.0505761553e-01 -8.0709809465e-02 -4.6926249314e-02 -1.3363780752e-01 5.5588820504e-02
-5.2735669130e-02 1.3629670042e-02 -6.4756504383e-02 -4.8382259247e-02 6.0725981661e-02 1.8312579070e-01 5.4078665374e-02 -8.3279225124e-03 -1.1311611065e-01 -1.1187357563e-01 4.9273807042e-02 -3.8335693971e-02 1.5487969715e-01 -7.5700860825e-02 4.8981030546e-02 -2.0460918423e-01 8.2048983607e-02 -1.1210180127e-01 4.6118585742e-02 3.0724107024e-02 1.1265864727e-03 -3.2289173116e-05 3.4387371380e-02 1.2945135195e-01 -6.9625644451e-02 1.4707619987e-02 2.1823148828e-01 1.5073331645e-01 -6.2995168011e-02 4.8873586786e-04 -2.9644286396e-02 4.7896254077e-02 -9.2190187904e-02 7.0192940672e-02 8.7361471861e-02 8.0065263735e-02 4.8875853121e-02 7.2284113036e-02 1.8642516010e-01 1.1390426188e-01 -9.6737289014e-03 -1.8909722680e-01 2.8389237541e-01 -5.5365478393e-02 -3.0435101015e-02 3.2094752108e-02 -3.3650320629e-02 -4.4023451500e-02 6.4159644880e-02 3.2935151836e-02 1.5790972052e-01 2.0018381841e-01 6.1503279134e-02 4.8649057766e-02 1.9938766829e-01 -7.6810142999e-02 9.4901551904e-02 1.0301968806e-01 -7.6391081524e-02 7.6108853353e-02 -6.7465670288e-03 -6.2523009010e-02 3.3413471374e-02 -1.3458721951e-01 1.0869261934e-01 -2.9969808288e-02 1.3698974597e-01 -1.3209008149e-02 1.1870411003e-01 8.5741423031e-02 -1.0034635471e-01 1.5961402076e-02 8.9635937147e-02 9.0689283674e-04 1.7939200403e-02 -9.4564266109e-02 -2.2557095055e-02
1.7452949585e-01 -2.2617903635e-02 -4.9388664015e-02 -2.0175959523e-02 -1.9339133675e-01 5.6862153775e-03 2.9476774614e-02 -1.2974770861e-01 -2.9318579036e-02 1.8260345812e-01 1.9832959015e-02 -2.0117467414e-01 -6.5064701474e-02 3.0971320396e-02 4.1558026678e-03 5.1389303476e-03 9.4190792986e-02 1.5167674673e-02 -1.1241294667e-02 3.3133361124e-02 -6.1310355448e-02 -7.9118866000e-02 5.4254789157e-02 4.1983990775e-02 5.0365648675e-03 3.2959552719e-02 9.8431986877e-02 -1.2516294663e-01 -5.6819744427e-03 3.8238028451e-03 -7.9144748415e-02 2.1576774255e-01 1.2313840076e-01 -5.3221212926e-02 1.3325025829e-02 2.3653151860e-01 1.7886810672e-02 3.4831030693e-02 -1.3589700020e-01 -1.1617724099e-01 -1.3088859653e-01 -6.9142401685e-03 1.2141867694e-01 1.6009035656e-02 -1.0127728000e-02 -2.8444074276e-02 2.3377786874e-02 -1.3039821168e-01 1.6417427216e-01 6.0433880502e-02 7.2907882875e-02 2.8733698180e-02 -6.8890524331e-02 -5.6348118155e-02 3.1210102799e-02 1.1720821412e-02 1.6968855735e-01 2.0300993199e-02 -1.6807831419e-01 1.4958315802e-01 1.6228922730e-01 6.9772140278e-02 9.3263933217e-02 6.0579474853e-03 -1.1772840805e-01 8.5193067758e-02 -1.8160864795e-01 3.3868567850e-02 2.7309516350e-02 2.5434824798e-01 -1.3866307654e-02 5.0954036244e-03 5.5067778435e-02 1.3388935001e-01 -4.3609016894e-02 -4.2502185649e-02 8.5026265623e-02
-1.7095994268e-01 1.3153422353e-01 -1.3105634719e-01 -6.0862009561e-02 1.2398639610e-02 -1.7864418499e-01 -1.4785748516e-02 1.4751293653e-02 1.6261532980e-01 1.1089900679e-01 -9.0432546604e-02 1.3791744548e-01 -6.8078186526e-03 7.2572456633e-02 -1.6643421801e-03 -1.0328106345e-01 1.7348020797e-01 1.3275618668e-01 3.2926659394e-02 8.9285304747e-02 8.1208719033e-02 -2.6228941601e-01 -1.1494737674e-01 1.9080344880e-01 1.9473011302e-02 2.7191406018e-02 8.2560195863e-02 -8.8145587787e-02 4.3591929001e-02 -5.8737300586e-02 1.3168376534e-01 -1.0604820726e-01 -4.0735836331e-02 4.5053699781e-02 -9.2197015805e-02 9.5937186248e-03 8.5796809063e-02 -1.7586638854e-01 7.6360147506e-02 -2.1123142209e-02 -5.0867250410e-02 4.7084767354e-02 5.9786595754e-03 -1.8204216795e-01 -5.4993095691e-02 -6.0726184751e-02 -1.5775611129e-02 -2.0835199563e-02 -8.8759298776e-02 5.0511843955e-02 -1.2901079999e-01 1.6711348660e-02 -9.2637730855e-02 5.5358789506e-02 -1.9626145401e-02 -9.0603739249e-04 8.9977268002e-02 8.5117792428e-02 -7.7240452808e-02 1.8040125891e-01 1.7082676896e-01 -7.4617143637e-02 -6.4469151997e-02 -8.6329911437e-02 -2.8702806740e-03 3.5456747203e-02 1.7171839431e-01 -1.1722853663e-01 -6.0044044274e-02 -1.1391630990e-01 -9.1975913380e-02 1.4728564200e-01 -1.4105338761e-01 1.9230867010e-01 -1.7970614620e-01 -1.0841560697e-01 2.7353730213e-02
1.0290283224e-03 -1.5472794079e-02 -8.2576881421e-02 2.2757476986e-02 -4.9737782662e-02 1.2026037612e-01 -2.4127254843e-02 -7.5338303374e-02 -1.2779461506e-01 1.7254824411e-02 3.0265368620e-02 4.7598431998e-02 -9.9253811144e-02 5.8469763849e-03 -1.2135478747e-01 -3.0146584655e-02 -4.5668479969e-02 1.5297001453e-01 -4.8017936673e-03 -1.4246223240e-01 2.4493815655e-02 -5.9625894997e-02 1.4183935416e-01 1.4920119987e-02 1.0583637835e-01 -1.6795089047e-02 8.0383055458e-02 1.0283152020e-02 3.7583880179e-02 -7.5612392700e-02 -2.3284168284e-02 4.0600922425e-02 -1.2536230173e-02 3.8286442951e-02 8.3105033850e-04 1.8729673632e-01 -6.1836675876e-03 -6.3865601968e-02 -1.0781059891e-01 6.4818284731e-03 -1.2145639804e-01 -3.7029444445e-02 -6.6794200462e-02 -1.1509149733e-02 -1.1672417368e-01 -4.4200679144e-03 4.7413424208e-02 1.2583875726e-02 -4.5663406317e-02 -8.9829933961e-02 -6.3670277280e-02 -2.3129061959e-02 -8.9030470700e-02 -8.9577689143e-04 1.4444505144e-01 -2.8490438800e-02 -5.9030137588e-03 4.1252842368e-02 4.3503915569e-02 9.1583447514e-03 4.0904773737e-02 -5.5454821365e-04 1.6444659715e-01 1.7772809625e-01 5.6120339528e-02 1.4489370473e-01 -6.8151442358e-02 4.8360818261e-02 -1.1043206696e-01 -8.8518585462e-02 6.7303648865e-02 5.4519530004e-02 1.5541873374e-01 -8.8878014073e-02 -1.1801484220e-01 -9.6073104041e-02 1.2833169749e-02
-8.2001306734e-02 -2.1101346368e-01 -2.1587704211e-01 1.2355517710e-01 3.1911173649e-02 3.2794740532e-01 3.8926095257e-02 -1.8528091179e-01 -7.2441295399e-02 -3.2139396012e-02 -1.0167009605e-01 -5.2101417461e-02 -4.9850276325e-03 -1.1823326631e-01 8.2841456168e-02 -5.1234682451e-02 5.2576316660e-02 2.6361586897e-02 -6.3841106070e-02 9.1499564607e-02 -1.1753531413e-01 -4.5749994640e-02 -1.3396616544e-02 -5.2522059008e-02 -9.6828949675e-02 1.1226376066e-01 -2.9836699962e-01 1.0228364942e-01 3.6024149301e-02 1.7660159894e-01 9.0040398127e-02 4.0775242249e-02 -2.6248507193e-02 5.0980109191e-03 9.1770488720e-03 2.0552923272e-01 1.1083788792e-01 1.0309926091e-01 5.7326968877e-02 -2.1808027987e-02 -1.6253719382e-01 6.8105312935e-02 -4.9433496828e-02 -7.0562517924e-03 -6.6608954127e-02 5.1294019646e-02 -2.2893562765e-01 -3.6484475688e-02 -1.0743712005e-01 2.4193539059e-02 2.1965835848e-02 4.2147513732e-02 1.2913936337e-01 1.0507092822e-01 5.2688406881e-02 3.7209023717e-02 1.0730655722e-01 7.5279831688e-02 -2.5598688483e-02 -4.2021454209e-02 1.2647496855e-01 -4.8860323063e-02 -1.5046200014e-01 1.9596431715e-01 1.7742372467e-01 -1.7224866365e-01 1.6274983504e-01 1.4415058261e-01 3.0014735943e-01 1.2898092111e-01 2.4087544916e-01 1.1844914620e-01 1.6155862373e-02 1.4801396183e-02 5.8051053356e-02 1.0495429323e-01 7.6968042434e-02
9.2773942663e-02 -1.7869523237e-01 9.6544663475e-03 -3.9249827232e-02 3.1817471853e-02 1.2152061193e-01 3.6160041703e-02 -1.4169580831e-01 -1.6677981343e-01 -7.7989871469e-02 -3.4123531856e-02 -7.2239508851e-02 6.1003454747e-02 -2.6943824731e-02 -1.0973247064e-01 4.3197993776e-02 -1.0253375225e-01 -1.0348390251e-01 5.7819428669e-02 1.9537415655e-02 6.7122815383e-02 -3.4380953894e-02 -8.9297470893e-02 1.4581196117e-01 1.7136108013e-02 2.7698846372e-01 2.0042672798e-01 2.9191549880e-02 -4.5810382321e-02 -2.1232955492e-01 5.7633355218e-02 -6.3969237742e-02 -8.4850936829e-02 1.4379980308e-01 -4.9148777506e-02 -6.6815141387e-02 1.5474226907e-01 2.3171868564e-01 1.9516679085e-01 2.2379974476e-02 -1.4770744152e-02 1.7272217762e-01 -5.1470445628e-02 -9.3733853100e-02 -5.9388049905e-03 3.2843902129e-02 -9.6233227994e-02 -9.1313373989e-02 -1.9958909705e-01 1.4017427511e-01 -8.3797979405e-03 4.8020578166e-02 1.1936354426e-01 3.0966627668e-01 -1.4035423218e-01 -8.6672653912e-02 1.2189252690e-01 -8.8180547940e-03 1.9736844130e-02 8.9931119216e-02 2.1151697106e-01 1.2211233628e-01 2.1860383402e-01 1.2704390942e-01 3.9495241552e-02 -1.4617424613e-01 -8.8024477051e-02 6.0762833682e-02 7.6777371679e-03 1.4362173786e-01 6.6686040416e-02 5.9517095837e-02 5.3088274725e-02 -9.7005517349e-02 4.0583983003e-02 -5.8333112066e-03 7.0447673008e-03
-7.7401105272e-02 5.9250305951e-02 1.4107538243e-01 2.5077452239e-02 1.2600645491e-01 3.7049687915e-02 -9.3562925875e-02 -4.2903142727e-02 8.5267801534e-02 9.4061230416e-02 -7.5564036695e-02 2.0779691387e-01 1.1391971380e-01 4.0857616757e-02 -8.8295164360e-04 -1.7585705469e-02 3.1392902001e-02 -9.3454760513e-02 -4.3641451437e-02 -5.2557730025e-02 -1.1397530216e-01 1.1962652507e-01 -5.7772869937e-02 8.3501681572e-02 1.4011744798e-01 -1.5659048872e-02 -1.4215225300e-01 -3.2292791000e-02 -1.4952608395e-01 2.8019294361e-02 1.8164410556e-02 8.0829763097e-03 -1.4970296619e-02 -5.9010123633e-02 3.7811196187e-02 -6.3651295130e-02 -1.6374293775e-02 6.5901752254e-02 -1.4556321129e-01 6.5843054520e-02 -1.2070267898e-01 -6.7823682002e-02 -3.4113043747e-03 -9.3729873223e-02 -1.3829374927e-04 -5.4196705422e-02 9.8597759578e-02 2.5619332094e-01 1.6648717844e-01 -4.9997403799e-02 1.2839308552e-01 -1.1963297481e-01 -4.3475440815e-02 -7.3148164786e-02 7.8704859321e-02 -4.9409358972e-02 -4.7508286630e-02 -6.9127697970e-02 -7.4746012706e-03 5.3863287966e-02 4.6211472579e-02 7.1567230465e-02 -1.5831866149e-02 -1.1777478487e-01 -5.8714175902e-02 6.7788545010e-02 -6.3683950415e-02 8.0040392577e-02 -2.0266949633e-01 7.2741846381e-02 -3.6235769966e-02 -3.7771632841e-03 -5.5768657073e-02 1.3133646282e-01 -1.3176238540e-01 4.9027359484e-02 -1.3671914359e-01
-5.3488268922e-02 4.5353026453e-02 1.3608890048e-01 1.6821410918e-02 -2.3894856483e-02 5.7958712317e-02 1.2150881236e-01 -5.3873060639e-02 -6.8400811227e-02 7.5428545312e-02 2.5380474002e-01 -2.2901046620e-01 1.2337217421e-01 3.1061917890e-02 4.3981613366e-02 8.4525234698e-02 1.7305011705e-02 6.2079262182e-02 2.4364877776e-02 -5.5412826026e-02 -2.5608672940e-03 2.3540334914e-01 -5.9227784493e-02 4.7668652716e-02 1.6691530895e-01 -6.1616841341e-02 4.6569080023e-02 2.0306409597e-02 1.1555651792e-02 -1.4655082886e-01 -8.9133765399e-02 1.1464854577e-01 -3.9125921904e-02 -1.2559886868e-01 -2.5719476338e-02 4.2740899699e-02 1.2735163483e-01 5.1897931092e-02 -4.2420332328e-02 -8.3796928902e-03 1.9059796245e-01 7.9456180753e-02 -3.1610239925e-02 -2.9890712532e-02 1.3842026661e-01 6.4324722826e-02 4.5764353359e-02 2.4535990404e-01 4.2053521260e-02 1.2476197446e-01 -4.7934039599e-03 1.2559397351e-01 1.6239515444e-01 9.6790823421e-02 7.4061866090e-02 6.2799747425e-02 2.3188066646e-02 -5.5128295835e-02 1.6803751755e-02 4.8170481084e-02 1.4881778363e-01 1.2381871100e-01 -1.1686771492e-01 -1.8687727380e-02 2.7660494799e-02 -2.7243857032e-02 1.8029162029e-01 2.4027116091e-02 4.9324384943e-02 -1.1461264250e-01 9.5226856079e-02 -2.7723636267e-02 -1.2183647232e-01 1.5733271223e-01 1.2225587868e-02 6.6156274429e-02 1.2794851094e-01
-2.3739555274e-02 -4.9560463990e-02 -5.6662289593e-03 -1.0749502241e-01 1.2195593040e-01 6.0526651437e-02 1.0465523125e-01 5.4100262819e-02 9.5377061643e-02 1.9051002531e-01 5.7364385078e-02 -5.0563209639e-02 -4.9458430293e-02 1.4660315065e-01 5.7495745470e-02 6.6380248512e-02 9.8266119819e-02 1.3480249759e-01 -3.9073163068e-03 -3.7663693696e-02 1.0478109492e-01 -6.3002307522e-03 -5.9857701331e-02 -6.7960340301e-02 6.6068012280e-02 1.1757288361e-01 1.5247744175e-01 6.6687371806e-02 2.2938908013e-01 6.7297929132e-02 -1.0367937780e-01 -1.1061906401e-01 2.3064564431e-02 -1.7432670943e-01 -1.4582961574e-01 -1.3086103803e-01 -1.3277531166e-01 4.8422758655e-02 2.3989516141e-02 -7.5022242832e-02 -1.5128996865e-03 2.0646365467e-02 -1.2261716210e-01 -8.4277363050e-03 -1.0401175900e-01 1.0798425588e-01 4.4705813839e-02 -2.0759009787e-01 3.4645096561e-02 -7.4972211993e-02 -1.5620683500e-01 -1.1282454722e-01 3.0200721211e-02 -1.8054724294e-02 1.7143971130e-01 -1.0467361641e-01 1.0143630394e-01 -1.2772227226e-01 1.4329805867e-01 7.0198914479e-02 -2.1914029619e-01 2.0988400696e-02 2.3396322824e-02 8.7927377589e-02 -3.7013232735e-02 4.2267601730e-02 1.1103714183e-01 -3.8359218073e-02 1.0989223203e-01 8.2519142586e-02 -8.4905979658e-02 -1.1580118623e-01 -4.0673581526e-02 9.9235494296e-02 1.4095244346e-01 7.3496851553e-02 1.4180754988e-01
1.6105039597e-01 1.1773487017e-01 9.9828288208e-04 1.3396969092e-01 -1.2637212404e-01 -5.4001814203e-02 -5.9893837560e-02 1.0971011177e-01 6.3054717325e-03 8.7191895165e-02 6.3677433610e-03 -4.2401302708e-02 6.3662056803e-02 2.7093897060e-02 -5.1093726743e-02 -9.8481408060e-02 -1.4114218384e-02 -9.7364070344e-02 -4.6284309606e-02 -1.0693281496e-01 -1.7462176399e-01 2.5764711776e-02 1.2905856344e-01 6.9913788132e-02 4.3459408930e-03 1.0908461816e-01 -4.4146427632e-04 1.5293170513e-01 7.2555153089e-02 -8.4244908627e-02 -3.3759398657e-02 7.4983946211e-02 1.3213679560e-01 3.0776692573e-01 -1.8096197052e-01 1.1614042884e-01 6.0177033721e-03 -5.9865214311e-02 -1.8823217056e-01 -1.5428516712e-02 -3.4001026482e-02 -1.4319211946e-02 -2.2098125157e-02 3.9260536467e-02 2.2980920113e-01 -7.7850869089e-02 -3.8771253378e-02 4.2924648653e-02 9.8538609047e-02 -1.6823611302e-02 -9.1117899523e-02 -1.8889564203e-02 -1.5386451152e-02 1.4824233747e-01 7.9194060332e-02 -2.2205541423e-01 -1.5481542041e-01 -1.2639873197e-02 -2.9047486649e-02 2.0513918651e-01 -7.4477186220e-02 1.2954792273e-01 1.6301769390e-01 2.2589764741e-01 -2.6418775961e-02 1.6204573117e-01 6.6456753756e-02 1.6480719422e-01 -6.2405524183e-02 -5.8571021658e-02 -1.1956802199e-01 -3.7303920702e-02 2.3451601726e-03 5.4276479987e-02 -2.3787218319e-02 6.9891314765e-02 4.7743674995e-02
-3.4495880921e-02 5.8198708685e-02 9.0791493206e-02 7.2941310974e-02 -3.0702757102e-02 4.6154066241e-02 1.6822257053e-01 4.0019856534e-03 8.2526284865e-03 1.3185477060e-02 1.1080947849e-02 -1.6057136020e-01 8.0273090342e-02 -1.8832272663e-02 1.1982137290e-01 -4.1518138704e-02 -1.0289333621e-01 -1.0242115418e-01 -1.8182810448e-02 8.8590412567e-02 4.0511911743e-02 7.4381784183e-02 4.4908908015e-03 6.9642817147e-02 -5.7859080931e-02 -6.9367223053e-02 5.6800959445e-02 1.2933160890e-01 8.6371980644e-03 1.0396438443e-01 1.9411554211e-01 -6.9866191521e-02 -1.4283087286e-01 -1.9137362812e-01 1.9703041666e-01 5.8266904292e-02 -1.0525026941e-01 -2.5635670695e-02 -9.1627983785e-03 -4.7728490998e-02 -1.4344566893e-02 2.3429656904e-01 -3.3849115165e-02 -7.1202448648e-02 -1.8527378442e-01 -7.7731923349e-02 -6.0220963439e-02 9.8759417619e-02 7.1496344828e-02 2.2007213193e-01 7.8168939418e-02 6.0702342094e-02 3.2446570352e-01 3.3169316048e-02 -6.4868644455e-02 -1.5973558363e-01 -3.9450514797e-02 -7.8958265325e-02 9.5763496853e-02 -6.4654920670e-02 1.0331110431e-01 -3.9904119305e-02 -4.5915471339e-02 -1.1776025562e-02 1.4494457796e-01 4.2361885733e-02 -3.8405701609e-02 -3.9393529621e-02 -1.0082216863e-01 -9.8533885602e-03 7.7130053517e-02 -8.2954952808e-03 -4.7722433350e-02 4.2268526887e-03 1.1242813378e-02 7.4183563095e-02 -9.4544120004e-02
-8.6885521841e-02 -1.5301161319e-01 -6.1540367481e-02 -1.4100435790e-02 -4.3341715342e-02 2.0343039576e-01 -1.2233730798e-01 1.6012983922e-01 -4.1392006253e-02 6.1152836157e-02 -1.3768874307e-01 2.2676459062e-02 2.7225350453e-03 -2.5453769046e-02 -1.7104258592e-01 -8.2998718036e-02 5.2626087008e-02 2.0150893030e-01 -1.0966057991e-01 4.8573131033e-02 3.5139148837e-02 5.7177490641e-02 3.2857896153e-02 2.9010207743e-02 1.0131734243e-01 4.7371289807e-02 9.9809722999e-02 8.2526040572e-02 5.0655406806e-02 3.5322952632e-02 2.0535098078e-02 -1.0601504136e-01 8.2471317487e-02 5.9970082615e-02 1.2502486371e-01 6.4650478929e-03 4.5739117459e-02 1.6035684052e-01 4.7205069486e-02 -1.4114983359e-01 -1.0259382279e-01 8.2864271162e-02 1.1504985324e-01 -2.0829094376e-02 1.5792311734e-01 1.0327777718e-01 1.8379052285e-02 4.8637600839e-02 -4.9543036528e-02 -6.6420057015e-02 1.0401543828e-01 -9.6342633813e-03 -2.9997452125e-02 2.1618823443e-01 -4.8205623911e-02 6.2728888421e-02 -1.3394258776e-01 -1.2552471914e-01 2.0295807024e-01 -3.7226213250e-02 3.3080356647e-01 1.2315593850e-01 -4.3335552155e-02 7.9061255042e-02 2.1238754605e-01 -1.1845984513e-01 -3.4157146237e-02 2.1193717440e-01 5.3846388385e-02 2.1405100724e-01 3.4776879874e-02 1.2724424534e-01 1.7308665876e-02 -1.6470598322e-01 7.3401401520e-02 -4.7704799395e-02 -5.6808529293e-02
5.0442494084e-02 3.7037157013e-02 2.2371810335e-02 -1.8095345195e-03 3.0021441646e-02 -3.8959640974e-02 5.6639190996e-02 4.5536019720e-02 1.7351982464e-01 -2.9953783986e-02 1.7733405446e-02 9.5698999369e-02 -7.0826699608e-03 1.8296165165e-01 -1.7875621259e-01 1.8573393752e-02 1.4590486354e-02 6.1305270972e-02 -6.3422284939e-02 6.2439285274e-02 -2.8458787050e-02 -1.4191173767e-01 2.0359307654e-01 4.0545365849e-02 1.5064936123e-01 -5.8903413238e-02 -1.4729659063e-01 -3.2547332719e-02 9.6560257714e-02 -7.2502416677e-02 1.3181017111e-01 9.3703158177e-02 7.5059647554e-02 -8.2076344136e-02 -2.2516815429e-01 1.3453904142e-01 2.5529423810e-02 -1.7921584213e-01 -9.6978526955e-03 -6.3282513182e-02 1.2815226532e-01 6.2733369826e-02 -6.7712674457e-02 1.7921573516e-01 1.9275850138e-04 -1.3878939119e-01 8.6117451228e-02 7.8799196632e-02 -9.7802229721e-02 3.9160625839e-02 -1.6080467546e-01 1.3131499327e-01 -1.7447821207e-01 -6.0892969317e-02 7.0015555354e-02 2.0002750133e-01 7.6794600093e-02 -1.9393117486e-01 6.3977457153e-02 -9.3288665216e-02 4.1976308752e-02 -1.5007420429e-02 -1.5026275549e-01 -3.4251731069e-02 -3.0396271443e-02 1.8148197342e-01 2.0555320036e-01 -1.6436102987e-02 8.1850271361e-02 -2.8459690081e-01 1.0194215583e-01 7.2324181916e-02 -1.1736400270e-02 -6.1234429671e-02 -2.0739268669e-01 1.3648485432e-01 1.6928623250e-01
7.5582974395e-02 -1.6114935496e-01 -1.0007495526e-01 7.4340852621e-02 4.2724399357e-02 5.6193217101e-02 3.6090655084e-03 2.0077091420e-01 2.6814940791e-02 -9.5554517713e-02 -3.4698584465e-02 -8.9067120440e-02 -8.8744619996e-02 -1.0981983764e-01 2.2488413524e-02 1.1604423045e-03 -8.7025104549e-02 9.9104684894e-02 9.3606052086e-02 7.1437906508e-02 1.1073969186e-01 -9.6323565104e-03 2.3811317129e-02 7.2727485971e-02 3.9911009098e-02 -6.0735845481e-02 -1.5204469605e-02 -1.6446983301e-01 -3.2543668648e-02 -3.2425835062e-02 6.4535564122e-02 -4.6781067512e-02 1.7993453334e-01 -1.1295939086e-01 7.2399371853e-02 -1.4003791040e-01 6.8751715417e-02 1.1713304468e-02 1.2082750423e-01 -1.4463544690e-02 6.1417936887e-02 1.7839968789e-01 -3.3092916024e-02 1.5995576249e-01 -1.0943926967e-01 -1.8668552228e-01 1.0115491212e-01 8.1430207926e-02 1.3492735498e-01 -1.5803187774e-01 -9.8218945672e-04 3.4013079625e-02 -5.7047002406e-02 2.0245532007e-02 9.9056950829e-02 -7.8501871134e-03 -2.5238254085e-01 -1.0791161197e-01 -9.5070248190e-02 1.1268538125e-01 -2.0916418339e-03 1.3660648489e-03 4.5628471614e-02 4.9624210453e-02 6.7068165169e-02 -1.7789054191e-02 1.6507328441e-01 1.5955556719e-02 -1.3768846586e-01 -6.5659209202e-02 6.3497369895e-02 -1.1307031276e-02 -4.2230094652e-03 -3.2147825256e-02 -1.3744604620e-02 -1.2404356795e-01 -6.5243059298e-02
4.4166179790e-02 6.4462080437e-04 4.5848877801e-02 -2.1148740856e-02 7.8966183216e-02 5.1407148514e-02 -4.3369576358e-02 -2.8785754914e-02 -1.0132392087e-03 -1.0204518940e-01 5.1227162194e-02 2.7037838192e-02 -2.4811203042e-01 2.1441990481e-01 -1.5319143469e-02 -6.6153957492e-02 9.5321212578e-02 -1.5695701142e-01 -6.3813801582e-02 6.1915954678e-03 4.0004097715e-02 -5.2021545737e-02 1.7190469162e-01 5.3760176790e-02 -7.1916389296e-03 -7.5113831932e-02 1.0099293171e-01 6.7847905722e-02 9.6196343775e-02 1.8050483221e-01 1.2112157272e-01 9.3375909924e-02 -7.6695525740e-03 1.7145649825e-02 1.2167654934e-01 3.1628238822e-01 -6.3318595445e-02 -6.4099761211e-02 4.7302425644e-02 1.0933377246e-01 -2.1257220917e-02 1.1783470782e-02 -6.3141752224e-02 -2.5983091135e-02 -7.2484231535e-02 -4.9529825303e-02 -5.0808976414e-02 -7.6279772074e-02 -5.1199300343e-02 -9.4446019605e-02 -2.6476487103e-02 -1.6917912727e-01 7.5176405210e-02 1.4538469587e-02 -4.3807358713e-02 -1.2865863051e-01 2.2580709388e-01 -9.6523991041e-02 -1.7177920462e-02 -1.1064019114e-01 -5.5254935943e-02 -1.5687165462e-01 -2.2757674832e-02 -2.4081195584e-02 -2.2214105731e-01 5.0258777969e-02 1.1973236846e-01 -2.0059085783e-01 1.6578742768e-01 -7.9702544982e-02 -1.9511105664e-02 -6.0496023696e-02 6.5008742972e-02 1.0941538402e-01 -1.2842502279e-01 1.7004676642e-02 8.0295803457e-02
-1.9794840140e-02 1.9029262648e-02 -1.3408014676e-01 -7.3853941079e-02 3.8344468547e-02 2.1164740426e-02 1.4856051407e-01 5.5365696560e-02 6.7785095381e-02 -1.2072331731e-01 7.4541650146e-03 -1.7676014803e-02 1.6237220367e-01 -1.1086469691e-01 -4.2507279097e-02 -4.7191623162e-02 6.4580406027e-03 2.7281984324e-02 8.3553920423e-02 1.0833900607e-01 -1.5639378531e-01 3.3297233205e-02 -2.2558706766e-01 1.0664993722e-01 -3.0872922624e-02 3.2468616614e-03 7.1990512601e-02 -6.0723473706e-02 -7.5813347277e-02 4.4365262278e-02 3.8219160147e-02 -3.3547933023e-02 -8.1525451984e-02 -1.7130548191e-01 5.4182098160e-02 3.1119789940e-02 2.8503408164e-02 4.6981937515e-02 -7.4542851934e-02 7.4248263714e-02 -6.4312499325e-02 -5.5957936389e-02 -1.8873788964e-02 -6.4214185833e-02 1.0849637077e-01 -7.1537846272e-04 1.0178824457e-01 2.5289249682e-02 -1.3962642774e-03 1.6968151234e-01 9.1525654611e-02 9.6899089446e-02 3.7126092624e-02 6.1999284688e-03 1.6890417783e-01 -2.6419353025e-02 1.0547881354e-01 -1.6440087708e-01 1.1701170317e-01 1.8198490408e-01 2.0792280188e-01 8.0170393285e-02 -4.6003452158e-02 -6.5353050539e-03 1.5388105350e-01 -7.2994914800e-03 -2.3338316126e-02 2.0983145593e-01 7.2394915403e-02 -3.4045831165e-02 1.1421389443e-01 1.0623128077e-01 -6.1518665478e-02 -1.0261146358e-01 1.4192726027e-01 -8.3509396324e-02 1.4664914986e-02
1.0395691561e-01 -4.2850150512e-02 -4.3886551624e-02 3.0418196601e-03 3.3560833953e-02 1.8227490200e-01 9.4390881901e-02 -6.8818608245e-02 -1.4265801503e-01 2.1645307819e-02 8.4128564397e-02 -2.8434661910e-02 7.1127658071e-02 -4.5079866484e-02 1.8619499596e-01 1.6300288928e-01 4.5296791855e-03 1.3811400395e-02 1.5639002018e-01 2.4304804771e-01 -2.3955783716e-01 1.1717594114e-01 1.4737566400e-01 -9.9529552167e-02 1.0183014964e-01 5.5758723129e-02 -1.6782449087e-02 7.2419049789e-02 1.6525454924e-01 -9.6351122720e-02 2.3479778851e-01 -3.8657244235e-02 7.2524294330e-02 -7.5117509508e-02 3.9670873220e-02 2.0737430547e-01 6.1262576567e-02 1.2378088416e-01 9.4275921090e-04 4.8203870042e-03 -3.4592814323e-02 5.6799528497e-02 -1.5348966417e-01 -6.5104690545e-02 -2.0336883533e-01 1.2857261680e-01 -1.7153291265e-01 2.9941079274e-02 -7.7311737300e-02 5.9327295668e-02 1.1249585246e-01 9.7338592116e-02 1.8969109960e-01 1.3659010581e-01 1.3832656289e-01 -4.0266522331e-02 3.4980168944e-01 -2.0569239779e-01 -5.6144644550e-02 -1.3167811510e-01 -4.9927059895e-02 -1.5615880663e-01 6.7872653814e-02 -5.2419992691e-02 -4.3314408101e-02 4.1045436406e-02 2.9155889127e-02 3.5297683372e-02 7.0769857365e-02 -1.7915354873e-01 -1.3419689157e-02 -2.1316662833e-01 8.0231240760e-02 1.6575925141e-01 -3.1622227466e-02 7.3133744368e-02 8.1365928806e-02
2.1766105606e-01 9.2976433128e-02 -6.5538999013e-02 1.6161072504e-01 -4.5742027463e-03 -3.6579691178e-02 4.4245259667e-02 7.6952419270e-03 -1.7748598331e-03 1.0602300657e-01 8.0966126707e-03 5.1541722829e-02 -2.0225637832e-01 1.6285349162e-01 -4.7653576136e-02 -3.4501533523e-02 1.3556124911e-01 2.9188087289e-01 -5.4329775150e-02 1.0055328430e-01 5.9535526397e-02 -1.5616126530e-01 -2.2014802180e-02 -5.0774291990e-02 2.2417815567e-02 -2.3422243642e-02 2.6280173028e-02 -6.6285167420e-02 -7.2190977305e-02 -1.5632988843e-01 -1.9251919428e-03 6.6435011920e-02 4.4775955080e-02 2.7189829506e-01 -1.1794142672e-01 2.1108814009e-01 8.4227060564e-02 -3.3704454369e-02 -1.5508973760e-01 1.2181877317e-01 -1.0630809046e-01 -1.9253489222e-01 8.1677650599e-02 3.7026457807e-02 2.1966937375e-01 9.8719481530e-02 -5.2271295879e-02 3.5432410946e-03 8.2842779672e-02 9.1084258929e-03 1.2753324339e-02 9.7893440395e-02 -5.6731055330e-02 -1.7560313384e-01 -8.3546906393e-02 3.0193989726e-04 4.8285321850e-02 6.3379664754e-02 -1.0654517140e-01 1.0061606236e-01 1.1227389666e-01 3.4934477340e-02 1.5877390641e-01 -3.3217573627e-02 -8.6721770596e-02 1.8818887264e-01 1.0594964853e-01 1.0736805204e-01 1.6073339629e-01 1.4780450519e-01 -6.8613407375e-04 2.0228092656e-01 1.9928329589e-02 -5.8787761042e-02 2.3063628267e-02 -1.3950131843e-02 3.8606593104e-02
-1.3776843062e-01 -5.3688828250e-02 1.0206417961e-01 4.9177806038e-02 4.2432041500e-02 -2.8288350771e-02 -9.3239472156e-02 2.3134703251e-01 3.2213798662e-01 1.2171186789e-01 9.5289536115e-02 -8.8470999366e-02 -1.3901346474e-01 6.6736371851e-02 1.1388068750e-01 1.2015049653e-01 1.5205267309e-01 6.3882303788e-02 1.2270344734e-01 -8.5084821240e-02 2.5434168854e-02 -6.6051834853e-02 -1.9549362334e-01 -1.1256170414e-01 1.4676058938e-01 1.3394727820e-01 2.4812169957e-02 -1.4303075122e-01 3.9284489869e-02 -1.3830676814e-01 -1.1590439834e-01 2.4148680628e-02 1.1941647666e-01 1.3846149261e-01 -6.3284079200e-02 1.1874537041e-01 -2.3558856186e-02 -6.0735100469e-02 -3.3347295352e-02 2.0758733084e-01 5.1606921022e-02 8.3029135973e-02 -4.2922523187e-03 9.5207156191e-02 1.1037511705e-01 2.9522208673e-02 8.3580813384e-02 8.8025131549e-02 1.9544389202e-01 -1.9678894951e-01 -5.7390732888e-02 5.3804324771e-02 -7.4079388384e-02 4.1500569187e-02 6.3663693218e-03 1.4845758022e-01 1.6877209099e-02 4.1946347875e-03 5.6116164909e-02 2.4637390737e-01 -3.0237563703e-02 -9.2459213874e-03 -1.9777670666e-01 6.7323263547e-03 1.4218987815e-01 2.0840917166e-01 -2.1997404095e-01 -3.4285637145e-01 5.8146438088e-02 1.0202711368e-02 3.5300200914e-02 -3.8300593414e-02 -2.5159429534e-02 3.1493633751e-02 3.7851004805e-02 1.3985420948e-01 1.5473098725e-01
-1.4999851080e-01 -1.1887514232e-01 5.8458884221e-02 -8.9381486160e-02 1.1059949290e-01 -1.7704795029e-01 8.1551532208e-02 7.1717786970e-02 5.0525597946e-02 2.0888728632e-01 -5.9681952334e-02 -6.6262681111e-02 -1.4538640406e-02 -7.3728078141e-02 3.3184396237e-02 -1.3823589352e-01 2.6695261094e-02 7.7119357808e-02 -3.4104174589e-04 1.9099874073e-01 -5.7984672419e-02 1.5129394625e-01 1.4545108789e-01 1.1141913132e-01 1.1554495592e-01 2.1642001980e-02 -2.2778794773e-02 -7.4254266418e-02 1.2927702433e-01 1.4094215220e-01 2.1689617923e-02 1.0114701299e-01 -2.6225577653e-02 2.8982915684e-01 -3.6742513993e-02 1.5933488885e-02 1.3587855782e-01 -1.1578990619e-01 -5.5475662134e-02 3.9615775641e-02 2.9448767315e-02 6.3487129053e-02 -7.5370909091e-02 5.3200169093e-02 1.6457472229e-01 -2.5327310313e-03 -7.1746993120e-02 5.1352724446e-02 5.5254377450e-02 7.1134459685e-03 5.3708255415e-03 7.1450655173e-02 3.5359494627e-02 4.5896394650e-02 -3.0521659025e-02 9.9793135680e-02 5.6003766908e-02 1.0094135023e-01 -1.3560854147e-01 -3.4058025968e-02 9.6481123736e-02 -1.9617741983e-01 1.0711718336e-02 4.1818546321e-02 6.6690149422e-02 1.6985086003e-01 -5.3941262428e-02 1.3448261387e-02 -7.5127127146e-02 -2.3379216689e-01 9.4721384226e-02 -8.5633811093e-02 1.3704368715e-01 3.3102081786e-02 -1.7247921093e-02 -8.7158231580e-02 3.4587681365e-02
5.7482058423e-03 -4.9535978045e-02 1.6198466067e-01 -1.5950400682e-01 1.9225465669e-01 9.0710147405e-03 -3.6394450284e-02 2.6048652652e-01 1.4551529557e-01 -1.5239169697e-01 -3.2597183044e-02 -6.4190785377e-02 -1.6109906285e-01 2.2966360486e-01 1.1342968029e-01 -4.8855217458e-02 8.3656524046e-02 -1.0932660162e-01 3.0612433543e-02 1.4259220284e-02 -3.2456165660e-02 -1.4632036990e-01 4.5405349446e-02 -1.2192293219e-02 -5.5439446628e-02 -6.8668176118e-02 2.3907889670e-01 1.8444645043e-01 2.2992651271e-03 9.4264091911e-02 1.1132847485e-01 1.3698958996e-03 1.7438354204e-01 -2.1779087171e-01 2.0426686040e-02 -1.3299093707e-01 -4.2970070925e-02 -1.6582048345e-01 -8.2513988252e-02 4.6044484909e-02 1.0328386321e-01 -7.1271256307e-02 5.0116667701e-02 -6.3738707795e-02 -9.9783728443e-02 -2.1915232768e-02 5.0461660217e-02 -8.0808751328e-02 1.6180991442e-02 1.8086544292e-01 1.7245412510e-03 -1.3172662515e-01 2.5621304729e-01 5.2811658607e-02 1.3886336871e-02 1.5345924892e-02 9.1308248763e-02 -1.3139426277e-01 2.5403930645e-02 6.7527599397e-02 -3.2560995901e-02 -1.2510955787e-01 1.2816426961e-01 3.9264550420e-02 -9.7585664299e-02 -1.0407595427e-01 1.1234837457e-02 -9.8374591754e-02 -3.2991284351e-02 -2.2565486812e-01 -1.0970129508e-01 9.1642008496e-02 2.0402048403e-01 2.5673650350e-01 -8.5659479667e-03 2.8822931138e-01 -3.1057849050e-02
1.3321973902e-01 8.6204530256e-02 -9.5818018180e-02 -7.3926405914e-02 1.3771595793e-02 2.8131666819e-02 -6.0004008610e-02 1.1988464445e-01 5.8785787359e-02 -1.4795163181e-01 -1.9646878361e-02 -5.9966167982e-02 6.0255654689e-02 3.6793726542e-02 6.1332603527e-02 4.6141859848e-02 -1.2985161102e-02 4.3853426578e-02 5.9311778173e-02 -5.4632964082e-02 3.7506192955e-02 -8.3129363409e-02 2.8407199918e-01 8.4174473683e-02 -1.6124352928e-01 1.9642805047e-01 5.4859566850e-02 1.5064438372e-02 6.6172910708e-02 1.3012727050e-01 -8.4994202135e-02 -6.0146850699e-02 3.5971200894e-02 -9.0467542010e-02 7.8870019178e-02 -1.1047495204e-02 -1.9766571924e-01 1.4834644781e-01 -6.1230350300e-03 2.6095348109e-01 8.9210581212e-02 1.1086611158e-01 4.6411670901e-02 -3.6749177030e-02 -1.0711534060e-01 -1.6635764512e-02 -1.6832487056e-01 -4.8755543425e-02 -7.4466445841e-02 1.5121944757e-01 -7.4621424801e-02 -1.3047299973e-01 1.7759627761e-02 -8.1583831955e-02 -2.9763024756e-02 6.8657985719e-03 1.3221287657e-03 -1.0025284115e-01 1.3771257978e-01 -4.2431941976e-02 1.3283964431e-01 -6.5579699436e-02 2.2471002618e-03 -6.8021930349e-02 -2.8808710464e-02 -1.0125436138e-02 -1.4899901699e-01 -4.7233389455e-02 -2.2504014011e-02 -1.0332143225e-01 1.5610497368e-01 3.6427608622e-02 -1.1829072794e-01 1.6627674448e-01 -2.3371436081e-02 -5.8626394016e-02 -6.2686182591e-02
-4.2598555053e-03 1.1257631129e-01 1.8757142623e-01 5.0734310871e-02 -5.8931057021e-02 -1.2202443634e-01 -7.3353373721e-02 -1.0202168606e-01 -1.2093719799e-01 1.4906775841e-01 1.2543348775e-01 7.5505124445e-02 -1.0934365152e-01 2.0442440064e-01 4.5562813444e-02 4.7710176552e-02 -9.9632455167e-02 -1.1056398054e-01 1.0361255532e-02 2.8124031378e-02 9.1156560715e-02 1.0370735477e-01 -1.0195175638e-01 -3.7197683269e-02 2.2457329540e-01 -6.8717168681e-02 6.2183707344e-02 2.8773096454e-02 2.1712069879e-01 -2.2247832642e-02 7.3844798984e-02 -7.0049880983e-02 3.3619021102e-02 -1.0361872092e-01 2.4643418681e-02 -8.8178696950e-03 4.3434306596e-02 -2.3418876503e-02 4.6942985549e-02 5.9934079400e-02 5.0121306611e-02 1.7623057696e-01 -1.7149129523e-03 -5.7387361409e-02 -9.1230054433e-02 -5.8334764683e-02 -1.2765144917e-01 1.5077287338e-01 1.6974743184e-01 8.5246174340e-02 -6.9530017850e-04 -1.8299898969e-01 8.0062595259e-02 3.7387739827e-02 -2.1284329587e-02 3.4376007961e-02 3.0555127915e-02 -1.3675377811e-01 -1.6096950174e-01 1.3609775153e-01 7.5648378945e-02 -5.8925468057e-02 -8.5364644315e-02 -1.3095400793e-02 -9.8050257338e-02 2.1477653129e-01 7.3011659330e-02 -1.4702913820e-01 -3.8946125450e-02 1.5584375678e-01 -1.3535956634e-01 9.7265955847e-03 -3.4478677432e-02 1.7756643100e-01 1.4125663398e-01 1.2936874032e-01 -4.6206003629e-03
-1.5395442176e-01 -1.1337967469e-03 -1.0907589716e-01 -1.0150947665e-01 1.0810599385e-01 -4.9042822833e-02 -1.5156245418e-01 -1.1031371742e-02 -4.1170758370e-02 1.3753030435e-02 9.0546342474e-02 -4.7513608094e-02 -6.9179667499e-02 5.5810977555e-02 -1.9705820275e-02 6.8433942993e-03 1.3413939859e-01 7.3460889898e-02 -7.1501696695e-03 1.1637107968e-01 1.9709930332e-01 1.9855773780e-01 -8.4322698957e-02 -8.3474975887e-03 -1.4537942794e-04 8.7891606176e-02 4.6418953516e-02 2.0905629584e-01 -1.5979185912e-02 1.8805797179e-02 2.0046742031e-01 8.4023113562e-02 -1.8826624178e-01 -1.5579200643e-01 -6.1256683400e-03 -1.0291990609e-01 -8.8225329759e-03 9.6315674188e-02 1.3679046897e-01 -3.9185173077e-02 8.7633317590e-02 -5.1566390223e-02 1.0544415869e-01 1.5911556472e-01 -2.2784425709e-02 1.4146911350e-01 8.0136135617e-02 -3.2573196178e-02 3.4611866516e-02 1.2346792536e-01 1.5430566598e-03 -3.4158654177e-03 1.3175306263e-01 6.0870516934e-02 5.7177221655e-02 6.3457336786e-02 1.6351781765e-02 -4.5011396243e-02 -1.0575070260e-01 -4.9065478227e-02 -9.3262327363e-02 4.8359893229e-03 1.3646630542e-01 -3.8341034792e-02 1.7106384715e-02 -5.6591649456e-02 9.2966620678e-02 -7.9050345773e-02 3.0283484833e-03 4.3037978791e-02 -4.2637890318e-02 2.5639497585e-01 -7.0801276742e-02 1.2942654562e-01 -1.5808129691e-01 -4.6305707438e-02 -7.9743369923e-02
-1.9720100955e-02 -1.1572071103e-01 1.2974981914e-01 -1.7918450030e-02 6.3892764409e-02 -7.9777621009e-02 6.3313933856e-03 -1.5470562399e-02 1.0476288605e-01 -1.9624231116e-01 -4.5154722235e-02 1.4966145935e-02 1.3029711601e-02 1.0737976443e-02 -4.4672552163e-02 5.2395200215e-02 4.6530661899e-02 1.3732297969e-01 3.4748300345e-02 1.1716508927e-02 -3.2716265783e-02 6.7193943714e-02 -1.0675936270e-01 7.3357311223e-02 7.5176003664e-03 4.4071547572e-02 1.1596726604e-01 -2.7358608765e-02 -2.6386583863e-01 -1.6391951703e-01 6.6863613000e-02 -6.4403039335e-02 4.0312456188e-02 6.7072107003e-02 9.2121068114e-02 1.8134321648e-02 9.6604470290e-03 -3.1982588202e-02 2.9836782490e-02 8.9346090322e-02 6.4405162852e-03 -6.8657998619e-02 1.0816631084e-01 5.3815180137e-02 4.4012009775e-02 -5.4669989489e-02 -1.6286718065e-01 -1.5716000993e-01 -7.3519233452e-02 -1.1400170285e-01 4.1054713020e-02 -6.0127006763e-04 1.6087674097e-01 1.3644231063e-01 1.9196631474e-02 -3.6953200745e-02 1.9254306400e-01 -1.1128790732e-01 1.5833681160e-02 2.6965321448e-02 8.8274979443e-03 -6.1946312113e-02 1.5222448185e-01 1.3154678014e-01 5.8591945562e-02 6.4293896345e-02 -6.5724941487e-02 2.6445008942e-02 -2.1740830441e-01 -5.9926577372e-02 1.0979332915e-02 2.8958638421e-02 1.2793463227e-01 7.9051844627e-02 -5.5607839854e-02 1.2389580666e-02 3.8584837864e-02
1.5416005503e-01 1.8996150135e-01 6.1497406157e-02 7.6228283210e-02 1.8308947501e-01 -7.4973928308e-03 1.0478422634e-01 2.3337810854e-01 -6.7862646330e-02 -2.0247405438e-02 -2.3981033985e-02 -2.3017381907e-02 -5.3235231542e-02 1.4542222374e-01 -1.2917581195e-01 -1.3342285352e-01 5.3419378029e-02 8.1007035230e-02 -1.5016804486e-02 -1.7956423277e-01 4.4769863747e-02 -7.5306849541e-02 8.6505970998e-02 4.6218990298e-02 5.7008777007e-02 -6.6215102287e-02 1.1146044138e-01 8.1953827205e-02 -6.8823400205e-02 1.4910196584e-01 -5.2119353555e-04 1.4421945041e-02 9.3067401509e-02 2.3431070786e-01 1.2395347839e-02 -4.2327757404e-02 -1.0421795351e-01 -3.6219763189e-02 1.4480976131e-01 3.1972896411e-02 1.4431666775e-01 -5.5064684649e-03 1.0351428910e-01 1.8912727715e-01 -5.7446056614e-02 1.2749675292e-01 -8.8844946928e-02 3.7140085361e-02 1.1098171524e-01 1.4789837455e-01 -2.6969418950e-01 -2.0984843850e-01 5.8274107383e-02 1.1486292542e-01 -6.8328048013e-02 9.4973944986e-03 2.2526847792e-01 -1.5468777735e-01 -1.8679420479e-01 9.6316040396e-03 8.1252513223e-02 -1.3739949208e-01 9.3538029479e-02 1.2047174074e-02 3.9517464472e-04 8.6705040274e-02 1.8478730684e-01 2.7059949868e-02 1.3438708855e-01 1.1346205923e-01 -1.8509668212e-01 3.1127005378e-02 1.3194085405e-01 5.0065515987e-03 2.7339639361e-02 -6.4136398651e-02 1.4848708828e-01
-5.3168048340e-02 1.3472835303e-01 1.2364551506e-01 9.8796649482e-02 -5.6047398895e-02 9.5625563123e-02 1.1368627339e-01 3.5950158525e-02 -6.7136833433e-02 4.9921641745e-03 -2.3525707608e-01 -7.0526381582e-02 4.0576047047e-02 3.1832626100e-02 -3.3313635614e-02 -1.2658644378e-02 5.4607556987e-02 -1.5418884055e-02 2.7569449143e-02 1.1539310543e-01 8.9187988291e-02 4.5620053985e-02 -7.7082479953e-02 2.0907441187e-01 1.8177657087e-02 2.6089114723e-02 3.1241644545e-02 1.7372919479e-01 -1.6744177692e-01 -1.0056143050e-01 -1.4296371779e-01 -1.7066816842e-01 -8.0615655094e-02 -2.0572623035e-02 -1.9673588469e-03 -6.8004148983e-02 5.8571159707e-02 1.5840365174e-01 -6.1375661226e-02 5.0705511481e-02 9.8551236630e-02 -4.0749335143e-02 1.4746169859e-01 3.6430568199e-02 6.2155534560e-02 -1.1653734126e-02 -8.1739253020e-02 -1.2204489862e-01 1.6990219634e-01 -4.7848540486e-02 1.0706871681e-02 -1.3617301741e-01 3.8979916126e-02 1.4993095349e-01 -4.9349919514e-04 -5.4341155973e-02 -1.0107042887e-02 1.9238845169e-02 1.2477098444e-02 1.2525706890e-01 1.1868077761e-01 6.1218443054e-02 9.7509391996e-02 -1.7359700776e-02 3.6713228369e-03 -6.1090484019e-03 5.1637036317e-02 -1.1628775622e-01 1.5241857658e-01 1.1461263023e-01 -4.3333816644e-02 8.9297994320e-02 -1.2697577651e-01 5.0064750653e-04 8.1773122770e-02 -1.4501797722e-01 -7.0494565745e-02
6.7403049011e-02 -9.4398961109e-02 9.6353349106e-02 -7.3527693985e-03 -1.0933737419e-01 -1.4519336559e-01 -3.4388333859e-02 1.4791119391e-01 -6.8034068616e-02 -6.8666409731e-02 9.1406397135e-04 1.4746207613e-01 2.0340258811e-02 -5.5130329221e-02 9.9894122656e-02 -2.0529614085e-02 -4.4291864479e-02 3.4669614239e-02 1.7839629224e-01 5.6211797695e-02 -1.3255485292e-01 -3.2965632903e-02 -3.7497129869e-02 -7.5497120412e-02 -5.6912517743e-02 -9.4621072683e-02 -6.4701979009e-02 -8.9252098184e-02 -2.1671749857e-02 4.4923921483e-02 2.1013828568e-01 3.9646590423e-02 2.2730578908e-03 -1.5191002248e-01 1.0723745060e-01 2.4397169573e-03 1.4347197271e-01 1.7168951741e-02 -4.3053604300e-02 -6.2920375796e-02 1.0440580592e-01 -8.1414116976e-02 1.0320515373e-02 9.9210223626e-04 4.9419498180e-02 -9.3291658154e-02 -7.4031376851e-02 -9.8367198455e-03 6.7056177045e-02 1.0471098485e-01 1.5527899607e-01 5.6051972112e-02 4.1920942171e-02 2.2179810017e-01 2.0409998700e-02 -6.2163670503e-02 -1.6395654029e-01 -3.4954499811e-02 -8.7650061845e-02 -1.3197085303e-01 3.7856022788e-02 -5.1434354041e-02 6.7590226508e-02 -1.2758606677e-01 6.1273304709e-02 1.5951776997e-01 -2.3589470503e-02 8.0410753323e-02 1.1367349894e-01 -4.1414678490e-03 1.4322450104e-01 6.9581176504e-02 1.6405442969e-02 -6.5444641161e-02 -1.6005664147e-02 4.3731318217e-02 2.5100978700e-02
-5.2181666787e-02 1.2569575366e-01 -1.0460901018e-01 -6.0344149693e-02 7.7201832362e-02 -4.5828799603e-02 -6.7038306594e-03 1.3634857611e-01 -1.0034167676e-01 -1.2758817103e-02 -6.5871097833e-04 -1.2133394940e-01 -6.9415465479e-02 6.1071564506e-02 1.9159935136e-02 2.7377075767e-01 -8.2439501936e-02 8.5260725684e-02 3.4499195902e-02 -8.9461860960e-02 2.1490510418e-02 1.3843382789e-02 6.8229075774e-02 -4.3951116371e-02 8.6024442420e-02 -3.5370159629e-02 4.0111485752e-02 1.2616703955e-01 -9.8608174689e-02 -4.0672467224e-02 -4.1056043327e-02 -1.3053238963e-01 -1.5272336182e-01 1.9015372678e-01 8.5176188482e-02 -1.8874246085e-01 -1.3275135088e-01 -6.0579737998e-02 1.7654606130e-01 -5.7734298613e-04 -6.3946011834e-02 1.8356453247e-01 7.6961750271e-04 2.9286755301e-02 3.3332532602e-02 -6.0099581279e-02 3.3279298171e-02 7.8957985182e-02 9.3194272207e-02 6.8363185491e-02 2.4075224544e-02 1.0761577232e-02 -4.5063898317e-02 -2.1142982823e-02 -7.5831534766e-02 -8.5742872557e-02 1.1802802226e-01 -1.9584452765e-01 3.0979574774e-02 1.2130519601e-01 -3.7092504111e-02 -5.1774596636e-02 5.2833447342e-02 -9.5600134594e-02 8.3699908722e-02 8.0430793866e-02 -7.1325405890e-02 -1.3901237947e-02 -5.0307285534e-02 -4.8819616387e-02 2.5323207521e-01 3.1155146039e-01 4.5268886170e-02 9.4104363073e-02 4.1371705024e-02 5.9116709297e-02 -1.2426506270e-01
