-1.1487482920e-01
1.1255720422e-01
-1.4556791109e+00
7.6507400907e-02
-6.6097747631e-01
1.1068913433e+00
1.0003766859e+00
-1.2370786479e+00
8.2881935242e-01
-7.4935047461e-01
-4.1244378398e-01
8.1082090498e-01
-1.0450743030e+00
-5.7956838878e-02
-4.4432451398e-01
-2.7085960521e-01
1.3716543338e+00
-1.8258376497e+00
5.5511863831e-01
2.1028622030e-01
4.2680097960e-01
1.8782164198e+00
4.8821386376e-01
-9.7119156691e-01
6.5284754254e-01
5.2109799302e-01
5.8552723419e-01
-5.7790806088e-01
1.9848534777e+00
-6.5018667933e-02
-5.8875844325e-01
1.9771935825e+00
5.9886431624e-01
-3.4574375453e-01
1.0617763314e+00
5.3445449929e-01
-2.4848942838e-01
-4.5751118272e-01
-2.9554054491e-01
-1.8692034213e+00
-5.1613349257e-02
1.0225949519e+00
-4.2703908181e-01
-1.2424081006e+00
7.4426969425e-01
-5.1186567393e-01
-1.0250176644e+00
-1.3750624398e+00
1.0329712098e+00
-1.6110722133e+00
-8.2401824099e-01
9.8723553357e-01
6.0822923262e-01
-4.4423231083e-01
4.2152543722e-01
9.8959866031e-01
-3.1705909545e-01
-1.8723053155e+00
-7.6811345488e-01
1.3333074738e-01
6.4813305414e-01
1.4672880078e+00
-7.6745090578e-01
1.7871797154e+00
-5.1973562058e-01
5.0117899533e-01
-1.1162638589e+00
7.6736907868e-01
1.0876840261e-01
3.0075194893e+00
-6.6938856220e-01
8.0394470773e-01
-1.5259207444e+00
2.4788117897e+00
-1.6452735898e+00
-1.4194665178e+00
4.9520687735e-01
-1.8307475813e+00
-8.5621397164e-01
-8.3857265538e-01
-4.4757294241e-01
-7.4684533559e-01
1.1101670026e+00
-2.4865764950e-01
3.9366574273e-01
3.3952482789e-01
4.4907877186e-01
-7.7741644506e-01
5.6229569868e-01
-7.3623791047e-01
1.5087140956e+00
3.5953074147e-01
-2.8353338207e-01
1.2801055087e+00
-1.2624218736e+00
-1.2781454076e+00
1.7032029046e-01
-2.1769223485e-01
1.2207487625e+00
1.0951228797e+00
1.7273936865e+00
2.0776155184e+00
1.4518832510e+00
-5.4398758690e-01
-4.8757265896e-02
-1.3922585989e+00
-2.2857576586e+00
5.5613469710e-02
7.9479388968e-01
1.5303014046e+00
4.3003234548e-01
1.8804308390e-01
-8.5813344487e-01
1.0165731805e+00
1.4164484274e+00
4.5965865891e-01
-1.9407709136e+00
5.7105869297e-01
1.8920367571e+00
1.6440536998e-01
