1.9037237497e-01 1.9513662489e-01 -4.2888994187e-01 -2.1299253564e-01 -2.1388110655e-01 -3.2926018097e-01 -2.3345246519e-01 1.8010938343e-01 3.7574848277e-01 7.6241894189e-03 2.3646396312e-01 -1.2640379948e-01 5.6976579735e-02 -3.6555181975e-03 7.0362974128e-02 2.4972984874e-03 -3.2681038610e-01 8.2003794045e-02 -2.2760738805e-01 -3.2342631122e-02 9.6898618207e-02 -1.0528663128e-01 -2.6363722021e-01 2.7401167101e-01 7.0745647702e-02 -1.1565770202e-01 -4.2825106733e-02 -1.7305203993e-01 4.3002114877e-01
2.3835800785e-01 2.5511905374e-02 -3.1424327452e-01 2.1791356134e-01 1.5080676790e-01 -1.9801473497e-01 -3.5888244985e-01 1.0708302669e-01 4.7345781560e-02 -5.2758966861e-01 -1.2972214533e-01 1.7707271752e-01 3.2977167558e-02 -2.7957814632e-01 2.0832095203e-02 -1.7802029373e-01 -1.8472168438e-01 -2.5912154660e-02 -1.5389752317e-01 8.8126552629e-02 -2.1859997487e-02 1.2242275099e-01 1.3147896966e-01 1.3046152665e-01 2.0517566855e-01 -6.0082197209e-02 1.1584132465e-01 1.7211587862e-01 -1.5088956935e-01
-3.3961998720e-01 1.6974387114e-02 -1.2431538439e-01 2.6385433318e-01 6.8945832762e-02 3.9436232986e-01 7.4272518405e-03 1.9139273673e-01 -1.9042729284e-01 -1.0453270576e-01 -1.2135062661e-01 2.8649104862e-01 -1.3022566179e-01 7.4410936649e-02 7.6302932209e-03 -1.7511929323e-01 -1.0347273397e-01 -2.1330344339e-01 1.7615402269e-01 1.1343839360e-01 1.4330061913e-01 2.8246140406e-01 1.0046265361e-01 -1.9340458624e-01 2.1386510829e-01 2.9050381374e-01 -1.5857371656e-01 5.7266679408e-02 -6.0752530920e-02
-2.1608676097e-01 -6.1452953749e-03 1.4541002359e-01 -4.1543929356e-02 -2.9413723903e-01 1.4720361179e-01 1.9013931721e-01 1.3669710958e-01 2.4703597474e-01 1.9203628886e-01 -1.0745034599e-01 1.7128392672e-01 -3.0400662515e-01 3.2569384330e-01 -1.8128216448e-01 1.2328411376e-01 -3.1561661434e-01 2.4225000524e-01 -8.2489860812e-02 8.2419208316e-02 -4.9652473368e-01 -1.5104966381e-01 6.8713868146e-03 -2.6608747005e-01 -7.1873351773e-02 -2.4739195749e-01 -1.7703833387e-01 6.6580372224e-02 4.7735449615e-02
1.9420859101e-02 1.1051046280e-01 -1.0588151494e-01 -1.4813729432e-01 -3.8776453672e-02 -6.1644009199e-02 1.9465706853e-01 1.1504088803e-03 -2.1993628140e-01 1.9080750088e-02 -6.3653513113e-03 1.3714640880e-01 -4.0820946616e-01 -2.3995809015e-01 -2.7452692344e-01 3.9682411122e-01 2.8954899926e-01 7.2482855474e-02 6.1795646028e-02 -7.7746177740e-02 -5.3248869653e-02 -9.0311766713e-02 1.9637657505e-01 -5.7793480967e-02 -5.1924452098e-03 -1.0263280744e-02 -8.8191149973e-02 2.5481711789e-01 -9.3201255544e-02
-2.1424590670e-01 -3.7689049429e-02 -6.4979777591e-02 -3.8290826055e-01 1.2381073610e-01 -6.2988670533e-02 -2.1236361760e-01 2.9275355632e-01 -1.2550359606e-01 3.7666659889e-02 -3.1448810548e-02 -2.9450694567e-01 2.8139217558e-02 -4.8761527783e-02 -1.3604288748e-02 9.0975486823e-02 6.7413631497e-02 -1.2398847929e-01 -3.2173685577e-01 2.8840936116e-01 4.0836613876e-02 3.2552369105e-02 7.6224404844e-02 1.5500653682e-01 2.3654954190e-01 -2.5993239303e-01 -8.5036552468e-02 1.8303778156e-01 1.4677811709e-01
2.9413993384e-01 -1.0709890625e-01 -1.2620792440e-01 2.6255480074e-01 -1.1961248395e-03 1.8469502152e-01 -1.9878756773e-01 -3.7460968709e-02 1.5207733111e-01 -1.2545063178e-01 1.7828016431e-02 -2.8412637994e-01 -9.7870977298e-02 -7.3478269699e-02 -7.3346746016e-02 1.4162739767e-01 1.4507497177e-01 -1.9019837823e-01 1.9063993533e-01 -2.2542420557e-02 8.2919698863e-02 -1.1697524819e-01 2.5375373953e-01 8.0103071344e-02 1.0123172963e-01 -1.3162397216e-01 3.3104567856e-01 -1.5027214062e-01 -1.5843941769e-01
1.1197827290e-01 1.8537329966e-01 7.9416074714e-02 -1.2803670138e-02 5.8936526806e-02 2.2447415100e-02 1.9782755226e-01 -2.1809811397e-01 -8.4892848662e-02 -3.1791638968e-01 2.3473292654e-01 3.4197382075e-02 -3.1512812976e-02 -1.9179299106e-01 -3.9363870109e-01 1.7145558127e-01 -1.2877594270e-01 9.5912360681e-02 1.5408622659e-01 -1.2612011321e-01 -3.5745025175e-01 2.1059780904e-01 -1.7071480182e-01 -5.7449459644e-02 1.3715696475e-01 1.9294633043e-01 -2.6953602374e-01 -8.1561017851e-02 -2.4166502467e-01
2.8697088804e-01 3.0343738215e-01 -9.9565778699e-02 -2.2588004322e-01 -4.0538481544e-03 -1.1368016417e-01 -1.2083966269e-01 2.0715773499e-02 1.7639441421e-01 4.4688696003e-02 -3.2348097315e-01 1.4801615970e-01 3.5357304425e-01 -2.8074888058e-01 -2.0051497760e-01 -1.9269811004e-03 -3.7726492240e-02 9.5263116986e-02 -2.5808891929e-01 -1.1517998620e-01 9.7436679325e-02 -2.0596868273e-01 3.2922148085e-02 -3.5606356446e-02 -3.4540102658e-02 -7.4180887849e-02 -3.3061564371e-01 -4.3311130175e-02 3.3305446041e-01
-3.1037766933e-01 6.0479115109e-02 -2.7476064664e-01 -1.9124323920e-01 3.4558542658e-01 -3.4616997891e-01 -1.3274601545e-01 -3.2964274278e-01 -4.2248479700e-01 -1.6984738645e-01 -1.5829162060e-01 -4.5645548372e-02 -2.9366113775e-01 -1.3917201290e-01 -3.5492893962e-01 6.0028065316e-01 1.8119560790e-02 -3.8882041561e-01 7.2914503805e-02 -4.5724881739e-01 -3.1596451183e-01 -4.1747072998e-01 2.0335387549e-01 1.4177321055e-01 2.2334619856e-01 2.8977829455e-01 -2.8033838100e-02 1.1918087627e-02 -4.8873337340e-02
-1.2927482168e-01 -2.1716920544e-01 -1.7064575290e-02 -1.7305698714e-01 -1.3144496167e-01 8.3589084974e-03 2.4590738723e-01 -1.0038155170e-01 -1.7042205126e-02 -3.4768974335e-01 -1.3729909779e-01 6.9132294221e-02 -1.0873727411e-01 4.4766780044e-01 5.1341783508e-02 -4.8979451523e-03 -2.1886241080e-01 -1.1227987230e-01 2.1989432481e-01 -1.6563093460e-01 -4.2403377166e-01 2.5285928616e-01 -6.6819916960e-02 5.1169969547e-02 -1.9509454433e-01 1.4646561854e-01 -2.0539323746e-01 -2.5664210962e-01 1.4226771445e-01
-1.4846213764e-01 -5.6340900405e-02 -6.2975442410e-02 4.8684195935e-02 1.4387001876e-01 1.6034167019e-01 -8.0230378074e-02 -1.0772561405e-01 -2.8897088758e-03 2.3710130913e-02 2.3323173597e-01 6.1800562086e-02 -2.0842416974e-01 -2.7083101191e-01 1.2068367408e-01 1.9151340384e-01 -8.7358428475e-02 1.2948916199e-01 -4.1322146258e-01 8.4653257129e-02 6.0922540309e-02 -2.7075801579e-01 1.6128728297e-01 9.8378303167e-02 1.4872400608e-01 1.8505779682e-02 -1.4039105538e-01 2.4439757982e-01 1.1073053613e-01
-1.7764349166e-01 3.3427810546e-01 -1.3776525718e-01 3.0101889615e-01 3.6121479199e-01 1.9532309548e-01 -8.2618812371e-02 4.7711971638e-02 -8.1609659127e-02 -6.9713904392e-02 4.0694283640e-01 -3.4626125582e-01 4.5939617343e-02 -2.3429706383e-01 1.9073863420e-01 1.9118812451e-01 -1.5926276584e-01 -1.2267914775e-01 -1.0922488906e-01 3.2302050706e-01 -2.3536986835e-01 1.1944734857e-01 -5.4925149722e-01 -3.3117407051e-01 -2.2205460633e-03 -2.1958622546e-01 -2.5095463303e-01 1.0579855571e-02 -1.6345276846e-01
-4.5887212052e-03 -1.0008226753e-01 -1.4060012099e-01 2.4947160611e-01 -1.0006265670e-01 5.0865006060e-02 3.1278651701e-02 -2.5748040767e-01 -1.1024528115e-02 2.1962609811e-01 -1.1632116220e-01 -6.0909538735e-02 2.3247173265e-01 1.8474499242e-01 -1.0130656334e-01 -9.2626555781e-02 2.4856729543e-02 -1.8858114530e-01 2.6652907991e-02 6.4474711234e-02 -1.8910582851e-01 6.1589879048e-02 9.2299422292e-02 -1.6609355321e-01 4.0987328644e-01 -8.9193023444e-02 -2.1292710807e-01 1.2367155433e-01 1.7588825320e-01
-1.4878115852e-01 2.8486722854e-01 -7.9543796298e-02 -2.9219113250e-01 5.1248953249e-01 3.5838472680e-01 2.3549350815e-01 2.2469792994e-01 -8.2663037376e-02 -6.7180997477e-02 1.8843622229e-01 -7.3847042814e-02 2.1600266758e-01 1.3900600058e-01 -1.4299427072e-01 4.2635196082e-02 -4.2359948893e-01 -2.2886164913e-01 -1.3948299618e-01 -4.6786071410e-03 2.5931409452e-01 3.1267648925e-02 -5.5764789607e-02 3.5552890925e-02 1.4652045003e-01 3.9911597953e-01 -2.2418986732e-01 1.7661258336e-01 1.3405187667e-01
-1.7614813980e-01 1.1240795941e-01 -3.5743734289e-02 1.3121532797e-01 1.3133426263e-01 -4.5727344468e-02 -1.7612184163e-01 -8.1364580146e-03 7.3982623397e-02 -1.7916923033e-02 1.7474162574e-01 -3.6565699778e-01 -8.9958439922e-02 7.9548739323e-02 1.3600780596e-01 -5.1883497225e-02 -2.2579433052e-01 -9.9438265875e-05 1.0943808610e-01 -3.0786021652e-02 3.1377931418e-01 -6.3282751105e-01 -1.3322198063e-02 -1.0447153004e-01 -2.2223108569e-01 -1.2486936397e-02 -9.2694908159e-02 -1.6154637459e-01 -9.2410184778e-02
-9.5919819266e-02 -7.0064033268e-02 2.0244043265e-01 -1.6139233362e-01 -3.8183649648e-02 -1.8065686343e-01 3.0958866875e-01 -5.0174674390e-02 2.2822409510e-01 3.8303413219e-02 -9.7630798965e-02 -3.1069916519e-02 1.4712236102e-01 -7.4738586718e-02 -1.1253241770e-01 2.1244454355e-01 -3.6199387049e-02 -2.5328300534e-01 1.1639537988e-01 -9.7041743930e-02 -2.8305416780e-01 -2.5926627403e-01 -3.9868168405e-02 -9.0349980247e-02 4.4917387347e-01 6.7767151145e-02 1.4445914087e-01 -2.1632346213e-01 -1.9160513970e-01
-2.8468254496e-02 1.4918895172e-01 -2.7610095534e-01 2.8545331086e-01 1.3411357591e-01 6.7675635073e-02 -2.8191023444e-02 5.8772024614e-02 6.3278075768e-02 -6.1247011232e-02 1.4396944330e-01 -2.4212636119e-01 1.2519877284e-01 -9.0332795255e-02 -2.8494165200e-01 -1.9064027725e-02 -1.0372808554e-01 -2.3135562967e-01 -9.0391968615e-02 -1.3603490458e-01 2.5454424595e-01 1.8007438610e-01 -1.2496073409e-01 -1.6336309522e-02 -2.8560140370e-01 -1.3571945623e-02 -2.0084249459e-01 -1.0429528043e-01 -1.5702245615e-01
-6.8277714652e-01 -1.6457088310e-01 -7.0159035328e-02 -2.5835329705e-01 -1.7670631473e-01 1.8815302442e-01 -1.1169917752e-02 1.5052378150e-01 -2.2750120946e-01 -1.4284202312e-01 1.9182320899e-01 4.1158795444e-02 -2.0414986616e-01 -5.9089001653e-02 -1.1682609179e-01 1.0017306688e-01 1.2916007392e-01 1.5902520240e-01 -1.7542077083e-01 1.0585239990e-01 1.3589426596e-01 -2.2469773053e-02 1.6231124044e-01 1.1924020516e-02 -2.7396385581e-01 -1.9097474162e-01 -2.3773770205e-01 7.3325511677e-02 1.2725432842e-01
3.0641855034e-01 -3.1232016046e-01 -1.2253142753e-01 -1.2984758878e-01 -3.7968637936e-01 -3.6693513645e-02 1.7387100495e-01 -1.0589950203e-01 4.5186031720e-01 1.3340853486e-01 -1.6578006682e-02 -1.6867908079e-01 -9.9978218254e-03 -9.4355580930e-02 -4.3540804275e-01 4.0353524367e-01 2.1516190803e-01 1.9550091628e-01 -6.3815505243e-02 -7.7542672549e-02 1.7578325472e-01 5.4470590749e-02 3.1621027923e-01 -1.6888884985e-01 5.2038045003e-01 1.9283741801e-01 3.1543213335e-01 1.9982627407e-01 6.6791785339e-02
3.6895859353e-01 2.7174320374e-01 -9.1339855999e-02 2.8764286569e-02 -4.2628090350e-01 -1.6513712879e-01 -9.5714974854e-02 -3.5267151466e-01 -1.9930490611e-01 4.2204779866e-01 7.0212482499e-02 1.6623112852e-02 -2.4145682605e-01 7.3105042419e-03 -1.2141930939e-01 2.5371038475e-01 1.2510801765e-01 3.8662679316e-01 -1.7986721621e-01 -4.7795343147e-01 8.3029565999e-02 -2.3679527884e-01 -9.5656440576e-03 -1.4764510554e-01 -2.7307637372e-01 -1.6323707014e-01 -3.7627192338e-01 3.9382414965e-01 -5.7000070590e-02
