-1.5139561153e+00
7.6733066786e-01
-3.1648919285e-01
-8.4268406808e-02
9.4507712024e-01
-3.9553141422e-01
-2.2137433995e+00
1.5517336510e-01
-2.6470544691e-01
6.5889211303e-01
1.8812174637e+00
1.0086472222e+00
5.6680563063e-01
6.3920881246e-01
4.0532667129e-01
-1.0193112675e+00
-2.6601142771e-03
-6.6142778824e-01
-4.5108617600e-01
-2.5649479001e+00
-1.1794538955e-01
-2.5869895249e-01
9.1653858366e-01
-1.1580423995e+00
-8.2843404506e-01
4.8800327217e-01
4.8049991572e-01
5.4709931689e-01
-1.8676704185e+00
5.7662472067e-01
9.7779120749e-02
-6.3127234324e-01
-1.4537316350e+00
9.8460470175e-01
2.1077883934e-01
3.4398752795e-01
-6.6468312095e-01
1.6055629400e+00
-3.7546663844e-01
6.7879145624e-01
-1.0914982475e+00
8.0801010465e-01
-7.3338863217e-01
1.0257054869e-01
-6.3519345980e-01
2.8337106777e-02
-2.3700374996e-02
-4.5139774974e-01
1.5301776567e+00
-4.5923112813e-01
1.3737474008e-01
-2.8170465949e-01
-4.2818231697e-01
4.2566750383e-01
5.0716566939e-01
-8.4023506669e-01
-6.2856125700e-01
1.2425802929e+00
1.6120033311e-01
