1.52878862e-09 6.16225280e-10 1.53481954e-09 4.44916717e-11 1.20740918e-09 6.40541661e-10 3.96361269e-10 -2.00505320e-10 -5.65931318e-10 4.66300562e-10 1.78709440e-09 2.05526180e-10 -4.46854935e-11
6.16225280e-10 7.08557503e-10 8.97927011e-10 1.96362581e-10 8.24758645e-10 5.79970192e-10 2.77807423e-10 1.42852742e-10 -3.70429663e-10 7.79876714e-10 -2.83369184e-09 1.14454847e-10 -3.60735957e-12
1.53481954e-09 8.97927011e-10 1.72076650e-09 1.55618751e-10 1.42194959e-09 8.45033159e-10 4.74191640e-10 -5.69246800e-11 -6.59142870e-10 5.57450054e-10 -8.10350259e-10 1.70536392e-10 -2.28199736e-11
4.44916717e-11 1.96362581e-10 1.55618751e-10 8.15886453e-11 1.73521185e-10 1.56281402e-10 5.51781772e-11 8.66307191e-11 -7.00188726e-11 5.72626079e-11 9.76135843e-10 9.28875482e-11 2.40597960e-11
1.20740918e-09 8.24758645e-10 1.42194959e-09 1.73521185e-10 1.22344880e-09 7.55595553e-10 4.04558506e-10 1.81658937e-11 -5.53244808e-10 5.69592757e-10 -3.31092044e-10 1.03643755e-10 7.11046661e-13
6.40541661e-10 5.79970192e-10 8.45033159e-10 1.56281402e-10 7.55595553e-10 5.22810663e-10 2.48460469e-10 8.69162244e-11 -3.35095259e-10 1.56708081e-11 1.97893252e-09 1.58577104e-10 3.45125662e-11
3.96361269e-10 2.77807423e-10 4.74191640e-10 5.51781772e-11 4.04558506e-10 2.48460469e-10 1.39658725e-10 7.58514269e-12 -1.88269835e-10 2.97284377e-10 -2.26223891e-09 6.72370223e-12 -9.78880975e-13
-2.00505320e-10 1.42852742e-10 -5.69246800e-11 8.66307191e-11 1.81658937e-11 8.69162244e-11 7.58514269e-12 1.53057689e-10 4.43071485e-12 -3.07023738e-10 2.15245071e-10 -1.06773412e-10 3.28860922e-11
-5.65931318e-10 -3.70429663e-10 -6.59142870e-10 -7.00188726e-11 -5.53244808e-10 -3.35095259e-10 -1.88269835e-10 4.43071485e-12 2.58928171e-10 -4.47987398e-10 2.49764252e-09 -4.21164259e-11 8.57916712e-12
4.66300562e-10 7.79876714e-10 5.57450054e-10 5.72626079e-11 5.69592757e-10 1.56708081e-11 2.97284377e-10 -3.07023738e-10 -4.47987398e-10 2.95264024e-07 -4.08451498e-07 3.18322904e-08 1.94662313e-10
1.78709440e-09 -2.83369184e-09 -8.10350259e-10 9.76135843e-10 -3.31092044e-10 1.97893252e-09 -2.26223891e-09 2.15245071e-10 2.49764252e-09 -4.08451498e-07 4.34912953e-06 6.68160068e-08 5.05973017e-09
2.05526180e-10 1.14454847e-10 1.70536392e-10 9.28875482e-11 1.03643755e-10 1.58577104e-10 6.72370223e-12 -1.06773412e-10 -4.21164259e-11 3.18322904e-08 6.68160068e-08 1.66429627e-08 5.94843871e-10
-4.46854935e-11 -3.60735957e-12 -2.28199736e-11 2.40597960e-11 7.11046661e-13 3.45125662e-11 -9.78880975e-13 3.28860922e-11 8.57916712e-12 1.94662313e-10 5.05973017e-09 5.94843871e-10 1.26767296e-09
