2.62461784e-02
2.45817591e-02
2.27767003e-02
2.16268265e-02
2.03874705e-02
1.90866991e-02
1.79706903e-02
1.70004072e-02
1.60508671e-02
1.52677592e-02
1.51034621e-02
1.48166654e-02
1.46319403e-02
1.43247632e-02
1.43282541e-02
1.41673148e-02
1.44349788e-02
1.42241348e-02
1.40995253e-02
1.36536713e-02
1.31266193e-02
1.26507428e-02
1.18851121e-02
1.14075770e-02
1.07040075e-02
9.87443488e-03
9.10587416e-03
8.61347292e-03
8.07157588e-03
7.66609593e-03
-5.11922020e-03
-4.84224001e-03
-3.86419720e-03
-3.50121694e-03
-2.48784039e-03
-3.87305835e-04
-3.27585943e-04
-1.27205583e-04
6.35834640e-06
6.04379629e-04
1.44985120e-03
1.81103712e-03
2.25842724e-03
2.51866799e-03
2.75808481e-03
2.84225651e-03
2.35222651e-03
2.86465625e-03
2.87204558e-03
2.84923664e-03
3.03614405e-03
2.76543285e-03
3.06441164e-03
3.31543256e-03
4.05646760e-03
3.91641117e-03
4.08556138e-03
4.28276321e-03
4.07231583e-03
4.12657228e-03
6.73566699e-03
6.59592149e-03
5.67795890e-03
5.64896962e-03
6.34550754e-03
5.08955249e-03
6.07704595e-03
6.08726020e-03
5.33095567e-03
6.42670286e-03
7.11946385e-03
6.89739892e-03
7.19839526e-03
7.43938992e-03
7.66452703e-03
6.58058186e-03
6.67705496e-03
5.70520672e-03
6.39047919e-03
6.58505339e-03
5.71125107e-03
5.89337233e-03
5.26953493e-03
5.79796911e-03
5.69595776e-03
5.73083107e-03
5.16039810e-03
5.36590635e-03
6.16652585e-03
5.66520067e-03
