-9.8709745555e-02 3.2865027180e-01 -3.6917522815e-01 -6.0009508971e-02 3.9205583584e-03 -2.1806231207e-01 1.5511572549e-02 1.7847280219e-01 1.6056832415e-02 -1.6378775925e-01
-3.8120930213e-02 -2.3861745362e-01 -5.8469511989e-01 -6.5882885409e-02 6.0678930420e-02 2.6990576594e-01 -6.3068141086e-02 -3.3912390139e-02 -4.1126535208e-01 -6.2869345559e-02
-1.7914504837e-01 7.0348061077e-02 -2.9081405006e-01 -2.8526177448e-01 5.6641544049e-02 -8.9380220934e-02 -7.6781302997e-02 1.9503744486e-01 -1.9045309955e-01 -5.4579976249e-02
-9.2137736817e-03 3.1858722891e-01 -2.4597889644e-01 -1.3948027773e-01 -1.4286775282e-01 -7.8622711989e-02 6.5210642513e-02 1.6432051544e-01 2.7753725807e-02 2.0459478542e-02
6.8794375955e-02 2.1184139604e-02 1.3685862685e-01 1.0948850263e-01 -1.1885995707e-01 2.1796511114e-02 1.1871105808e-01 4.4221763613e-02 1.9730454199e-01 4.8427586300e-02
-1.5543918949e-01 2.7356193315e-01 -2.6553577410e-01 -1.5578837036e-01 1.8969817185e-01 -8.1432380154e-02 -8.5416537550e-02 1.5523513695e-01 4.6052414725e-02 1.5837507401e-01
-2.1532195189e-01 -2.0634447261e-01 4.3166579810e-01 1.5945369923e-01 -9.0822126077e-03 -6.6608748421e-02 -1.2873525784e-02 -1.8932114115e-01 2.9471870726e-02 -1.3745901862e-01
3.4327576406e-02 2.1434996478e-01 2.1203365550e-01 -2.9332261649e-02 -1.3359983774e-01 1.5718202809e-01 -4.0536095056e-02 1.6585601471e-01 -8.3558112119e-03 2.5494704399e-01
-4.1775720166e-01 1.4956073863e-01 -3.7729784864e-01 -2.9316020742e-01 -5.2791241244e-02 2.0082236095e-01 -6.1787810177e-02 3.7468747772e-01 -8.6837919785e-02 3.3482872428e-01
-2.2801210248e-02 -2.3254737610e-01 5.2634824581e-01 -2.6112285330e-01 1.2960677182e-01 7.3134421802e-01 -1.2516464498e-01 8.3689959109e-02 7.3591848070e-02 8.7997348128e-01
2.7301011864e-01 -1.0052052644e-02 -6.4805480851e-01 1.1951779677e-01 1.1727201356e-01 -1.3239323912e-01 1.5509898570e-01 1.6798852656e-01 -1.1298335931e-01 -1.5555393981e-01
3.2007609109e-03 6.3045541063e-02 -4.4759197030e-01 1.8050595076e-01 -1.2381358962e-01 -8.0228001586e-01 -1.1852330137e-01 -2.1252300013e-02 5.4749138742e-02 -8.4370466341e-01
2.3025142828e-01 -2.6163671092e-01 2.1566558112e-01 -2.1721988527e-01 2.6421659439e-01 2.5146013455e-01 -1.7636041333e-01 -5.4048262563e-02 -1.4647567951e-01 -5.1051094391e-03
