-1.2047070058e-01 -1.0869097602e-01 4.5217946272e-02 -4.0356373155e-02 -3.1393861418e-02 -2.0548648584e-01
-2.5848242359e-03 -2.4509024110e-01 -9.2715547717e-02 2.4553249390e-02 -1.3467308841e-01 -1.6701367974e-01
6.4809882972e-02 8.7350714892e-02 1.2984035932e-04 5.1783186855e-01 9.0346173358e-02 2.8397193299e-01
-6.8940517193e-02 2.1812029480e-01 9.8467051051e-02 -3.0850827207e-01 3.8188024269e-01 6.5082658258e-02
-1.1255914748e-01 8.1612814039e-02 4.5725979147e-02 -1.3939662177e-01 -1.7577905398e-01 5.6144391625e-02
7.5975764646e-02 8.3676761273e-03 7.4826751686e-02 2.8298165235e-01 -3.5374742458e-03 6.6324874902e-02
1.7416321458e-03 -2.1230857327e-02 -1.8390342677e-02 -2.0798435620e-01 -1.1016632782e-01 -8.8906524836e-03
-1.4976424179e-01 -4.8117755884e-02 7.7766249010e-02 1.1915526626e-01 -5.2598912565e-02 -1.1121397473e-01
-1.3440194951e-01 -1.3798095742e-01 6.9921529131e-03 2.1981090570e-01 -8.3716074588e-02 1.3085364383e-02
1.0465060625e-01 2.5698769709e-01 -9.5572192730e-02 1.8186482646e-02 -1.8570541911e-01 7.8567508463e-02
6.9549693989e-02 1.2058664591e-02 6.7473710584e-02 -1.3450475376e-01 -9.0730843207e-02 -2.2723513231e-01
-9.7472094398e-02 -1.4686522729e-01 3.9047282225e-02 -1.1727833476e-01 -2.5726395961e-01 1.8688721279e-03
3.5973362634e-01 6.2168633314e-02 2.1665356655e-01 7.3657526146e-02 7.1997645500e-03 -3.4336818865e-02
