1.2436179411e-01 -3.2093861374e-01 6.1256015965e-02 2.1432778236e-01 8.3896539074e-02 4.0386587375e-01 -9.2404150297e-01
3.1985379649e-01 -3.6672257064e-01 1.3379891981e-01 -2.4347383904e-01 4.5477524778e-01 5.9066203384e-01 1.0976818414e-01
4.4032613997e-01 2.5836088678e-01 -3.4622671529e-01 4.0925917484e-01 2.6122159534e-01 3.7151272248e-02 1.2271092160e-01
2.3623762100e-01 1.9628826692e-01 1.4319684048e-01 1.1077247807e-01 1.7687392533e-01 2.9938032494e-01 5.5569930894e-01
-1.6856999207e-01 4.7812934966e-01 7.3305481172e-01 3.3183589942e-01 -2.4868916957e-01 -2.9007207891e-01 -2.3908730541e-02
4.7411043500e-01 3.3925253024e-01 1.5188501455e-01 5.3355417619e-01 3.2936933979e-01 1.0394266725e-01 -1.6510208576e-01
-3.1442195185e-01 8.3443230941e-02 4.2435186343e-01 -7.2983267648e-02 -3.9856240597e-01 5.2884185850e-01 6.4147841582e-01
3.3871205702e-01 3.6715151187e-01 -2.6183088840e-02 2.7409347879e-01 2.5224472137e-01 -9.5415357064e-02 4.2523904139e-01
2.7562277586e-01 -9.1837454757e-02 -1.2715174606e-01 6.8277987698e-02 1.9034451645e-01 5.7526208535e-01 2.7294999624e-01
2.5163196087e-01 -1.9253653474e-01 5.2553264804e-01 -3.9650981507e-01 6.5271633113e-01 -2.1015209265e-01 6.6218825614e-02
