-9.5327611887e-02 2.6519883249e-01 -7.3862976038e-02 1.9159587821e-01 -2.4898775079e-01 1.6215373697e-01 -1.8448570846e-01 -3.6987572289e-03
9.6978065117e-02 1.3223171431e-01 -5.5996936235e-01 2.8643812201e-01 1.3093255754e-01 -9.8461303117e-02 -2.5341422553e-01 3.0693428494e-02
5.5495142515e-02 1.7347417130e-01 1.3104576473e-02 5.5857501082e-01 -3.2794334582e-01 3.5731110673e-01 -4.7907340905e-01 2.7433171164e-01
-5.5489227833e-02 -9.5298365980e-01 5.2427425975e-01 7.7930108354e-03 -3.9902389691e-01 3.5267968494e-01 -1.1112630766e-01 9.9201516470e-02
6.5742676202e-02 -1.2840301915e-01 1.2195058961e-01 -7.3520614964e-01 8.9392414791e-02 6.7962257029e-03 3.3911048198e-01 5.8412495093e-02
-1.5410565657e-01 3.2059489622e-01 -1.1137105473e-01 5.4303460393e-01 -2.1426172698e-01 -1.2431213969e-01 -8.2675039692e-03 -3.2279022965e-01
5.8521452873e-02 2.3448812453e-01 -7.9703622938e-02 -6.6737891405e-03 3.4253378220e-01 -2.1509578931e-01 8.6915667253e-03 1.3001243633e-01
-7.2763544362e-02 1.9468277848e-01 2.0375234694e-01 1.4277351123e-01 -3.5518207567e-01 3.3092313537e-01 -3.4614292584e-01 1.6800545273e-01
9.5914540581e-02 5.4821118562e-01 -4.3868730388e-02 3.3161543918e-01 -1.8842681734e-01 4.0109611628e-01 -5.8040612060e-01 2.2851090231e-01
3.6293021145e-01 9.7779243147e-02 -9.9075041793e-02 2.9838621590e-01 7.7352006101e-02 1.2913796193e-01 1.8499704413e-01 -2.6532734922e-02
-2.5816454651e-02 -2.2871625665e-02 -5.9402460678e-01 -7.3799115514e-01 -4.4432423185e-01 3.8459025977e-01 2.2241975707e-01 -3.3390112781e-01
-2.9268282829e-01 -2.2189723620e-01 1.4152726346e-01 -2.0497438011e-01 1.0265896344e-02 -6.2993239729e-02 -1.6203868106e-01 2.3224849830e-01
2.4266113604e-01 6.8624609419e-02 -3.9523205841e-01 1.7078739792e-01 3.7453487195e-01 -1.9786377549e-01 1.8018911455e-01 -5.6895601087e-01
