9.439235876245392898e-03
7.914568421858095629e-03
6.973483779095080923e-03
5.860578649956149633e-03
5.035959492261691053e-03
4.295791625752347700e-03
3.616393124988205414e-03
3.242646191046835106e-03
2.757375610056286147e-03
2.719772719006476828e-03
2.663878160261997849e-03
2.860438551536898487e-03
3.271271263021667888e-03
3.622200849593112341e-03
4.145087665481215697e-03
4.444783085318048527e-03
4.682093779755125071e-03
4.782458651806162711e-03
4.676450313239616068e-03
4.377030070976764900e-03
4.064529691210677122e-03
3.449192366722715793e-03
2.887708562964388329e-03
2.271298634071146003e-03
1.663244082598122273e-03
1.120411283620616118e-03
6.319912058585681891e-04
1.555804937365811585e-04
-1.887955371818394676e-04
-1.986395899022942030e-02
-1.864342686703687399e-02
-1.767719340345463852e-02
-1.634292403966295520e-02
-1.533305526761239573e-02
-1.420643147382329684e-02
-1.342168691799834439e-02
-1.293725450773835529e-02
-1.205590667130079265e-02
-1.126767324457601804e-02
-1.038322938323785020e-02
-9.660542773383755735e-03
-8.903012222927357208e-03
-8.439364380212598798e-03
-7.741724256186006611e-03
-7.401031717932072922e-03
-6.961519571308701082e-03
-6.861186557728000089e-03
-6.562974624640175586e-03
-6.745993029964778530e-03
-6.560018775060532173e-03
-6.384344828466850807e-03
-6.203151114555991927e-03
-6.259400027646378276e-03
-6.159933572938174583e-03
-5.998849127870631293e-03
-5.729991249910309711e-03
-5.757771917725392277e-03
-5.404316660376217406e-03
2.084441544441557621e-03
2.514706610088243179e-03
2.265700759482608580e-03
2.450594529796926331e-03
2.893175394339950017e-03
2.735570904539661157e-03
2.822488065648856310e-03
2.734214236515976944e-03
2.989344348105106922e-03
2.791505260571489414e-03
2.441198917398206339e-03
2.262712574981336038e-03
2.268474315230832247e-03
2.106084583390504129e-03
2.049246582182774872e-03
1.833643316925374651e-03
1.793727196880427928e-03
1.792725290915245457e-03
1.698739606715320236e-03
1.791510211032569305e-03
1.822436254451739171e-03
1.940552568628393839e-03
1.977519480991233886e-03
1.965156972671203151e-03
1.850952364529429971e-03
1.677026652147227794e-03
1.824145788067665702e-03
1.437648965793234587e-03
1.337043729221020806e-03
