# r (Mpc/h_fid) | xi_lin(r) [extrapolated to z=0]
3.000000e+01	3.377901e-02
3.012012e+01	3.342956e-02
3.024024e+01	3.308447e-02
3.036036e+01	3.274368e-02
3.048048e+01	3.240712e-02
3.060060e+01	3.207471e-02
3.072072e+01	3.174638e-02
3.084084e+01	3.142208e-02
3.096096e+01	3.110177e-02
3.108108e+01	3.078538e-02
3.120120e+01	3.047283e-02
3.132132e+01	3.016408e-02
3.144144e+01	2.985907e-02
3.156156e+01	2.955776e-02
3.168168e+01	2.926006e-02
3.180180e+01	2.896595e-02
3.192192e+01	2.867537e-02
3.204204e+01	2.838828e-02
3.216216e+01	2.810460e-02
3.228228e+01	2.782428e-02
3.240240e+01	2.754728e-02
3.252252e+01	2.727359e-02
3.264264e+01	2.700314e-02
3.276276e+01	2.673586e-02
3.288288e+01	2.647170e-02
3.300300e+01	2.621063e-02
3.312312e+01	2.595264e-02
3.324324e+01	2.569768e-02
3.336336e+01	2.544567e-02
3.348348e+01	2.519656e-02
3.360360e+01	2.495032e-02
3.372372e+01	2.470695e-02
3.384384e+01	2.446641e-02
3.396396e+01	2.422863e-02
3.408408e+01	2.399356e-02
3.420420e+01	2.376115e-02
3.432432e+01	2.353141e-02
3.444444e+01	2.330431e-02
3.456456e+01	2.307982e-02
3.468468e+01	2.285785e-02
3.480480e+01	2.263835e-02
3.492492e+01	2.242133e-02
3.504505e+01	2.220679e-02
3.516517e+01	2.199469e-02
3.528529e+01	2.178496e-02
3.540541e+01	2.157754e-02
3.552553e+01	2.137242e-02
3.564565e+01	2.116961e-02
3.576577e+01	2.096909e-02
3.588589e+01	2.077080e-02
3.600601e+01	2.057469e-02
3.612613e+01	2.038070e-02
3.624625e+01	2.018886e-02
3.636637e+01	1.999917e-02
3.648649e+01	1.981158e-02
3.660661e+01	1.962604e-02
3.672673e+01	1.944250e-02
3.684685e+01	1.926093e-02
3.696697e+01	1.908137e-02
3.708709e+01	1.890379e-02
3.720721e+01	1.872815e-02
3.732733e+01	1.855438e-02
3.744745e+01	1.838246e-02
3.756757e+01	1.821238e-02
3.768769e+01	1.804417e-02
3.780781e+01	1.787779e-02
3.792793e+01	1.771319e-02
3.804805e+01	1.755030e-02
3.816817e+01	1.738913e-02
3.828829e+01	1.722970e-02
3.840841e+01	1.707199e-02
3.852853e+01	1.691596e-02
3.864865e+01	1.676155e-02
3.876877e+01	1.660875e-02
3.888889e+01	1.645754e-02
3.900901e+01	1.630795e-02
3.912913e+01	1.615996e-02
3.924925e+01	1.601350e-02
3.936937e+01	1.586853e-02
3.948949e+01	1.572506e-02
3.960961e+01	1.558310e-02
3.972973e+01	1.544263e-02
3.984985e+01	1.530362e-02
3.996997e+01	1.516602e-02
4.009009e+01	1.502981e-02
4.021021e+01	1.489501e-02
4.033033e+01	1.476162e-02
4.045045e+01	1.462960e-02
4.057057e+01	1.449891e-02
4.069069e+01	1.436952e-02
4.081081e+01	1.424144e-02
4.093093e+01	1.411470e-02
4.105105e+01	1.398926e-02
4.117117e+01	1.386507e-02
4.129129e+01	1.374210e-02
4.141141e+01	1.362035e-02
4.153153e+01	1.349985e-02
4.165165e+01	1.338060e-02
4.177177e+01	1.326255e-02
4.189189e+01	1.314564e-02
4.201201e+01	1.302985e-02
4.213213e+01	1.291522e-02
4.225225e+01	1.280178e-02
4.237237e+01	1.268950e-02
4.249249e+01	1.257832e-02
4.261261e+01	1.246818e-02
4.273273e+01	1.235910e-02
4.285285e+01	1.225112e-02
4.297297e+01	1.214427e-02
4.309309e+01	1.203848e-02
4.321321e+01	1.193370e-02
4.333333e+01	1.182988e-02
4.345345e+01	1.172708e-02
4.357357e+01	1.162533e-02
4.369369e+01	1.152462e-02
4.381381e+01	1.142488e-02
4.393393e+01	1.132606e-02
4.405405e+01	1.122817e-02
4.417417e+01	1.113125e-02
4.429429e+01	1.103533e-02
4.441441e+01	1.094035e-02
4.453453e+01	1.084625e-02
4.465465e+01	1.075301e-02
4.477477e+01	1.066068e-02
4.489489e+01	1.056929e-02
4.501502e+01	1.047882e-02
4.513514e+01	1.038918e-02
4.525526e+01	1.030034e-02
4.537538e+01	1.021233e-02
4.549550e+01	1.012522e-02
4.561562e+01	1.003901e-02
4.573574e+01	9.953622e-03
4.585586e+01	9.868976e-03
4.597598e+01	9.785063e-03
4.609610e+01	9.701967e-03
4.621622e+01	9.619744e-03
4.633634e+01	9.538355e-03
4.645646e+01	9.457700e-03
4.657658e+01	9.377714e-03
4.669670e+01	9.298439e-03
4.681682e+01	9.219967e-03
4.693694e+01	9.142324e-03
4.705706e+01	9.065420e-03
4.717718e+01	8.989151e-03
4.729730e+01	8.913516e-03
4.741742e+01	8.838609e-03
4.753754e+01	8.764498e-03
4.765766e+01	8.691131e-03
4.777778e+01	8.618383e-03
4.789790e+01	8.546193e-03
4.801802e+01	8.474635e-03
4.813814e+01	8.403840e-03
4.825826e+01	8.333820e-03
4.837838e+01	8.264436e-03
4.849850e+01	8.195543e-03
4.861862e+01	8.127158e-03
4.873874e+01	8.059449e-03
4.885886e+01	7.992532e-03
4.897898e+01	7.926323e-03
4.909910e+01	7.860614e-03
4.921922e+01	7.795294e-03
4.933934e+01	7.730496e-03
4.945946e+01	7.666451e-03
4.957958e+01	7.603212e-03
4.969970e+01	7.540549e-03
4.981982e+01	7.478187e-03
4.993994e+01	7.416138e-03
5.006006e+01	7.354729e-03
5.018018e+01	7.294252e-03
5.030030e+01	7.234591e-03
5.042042e+01	7.175248e-03
5.054054e+01	7.115837e-03
5.066066e+01	7.056550e-03
5.078078e+01	6.998115e-03
5.090090e+01	6.941176e-03
5.102102e+01	6.885640e-03
5.114114e+01	6.830663e-03
5.126126e+01	6.775324e-03
5.138138e+01	6.719427e-03
5.150150e+01	6.663696e-03
5.162162e+01	6.609150e-03
5.174174e+01	6.556036e-03
5.186186e+01	6.502961e-03
5.198198e+01	6.447631e-03
5.210210e+01	6.391045e-03
5.222222e+01	6.339897e-03
5.234234e+01	6.293223e-03
5.246246e+01	6.237729e-03
5.258258e+01	6.186323e-03
5.270270e+01	6.140789e-03
5.282282e+01	6.084321e-03
5.294294e+01	6.041419e-03
5.306306e+01	5.986095e-03
5.318318e+01	5.941868e-03
5.330330e+01	5.893798e-03
5.342342e+01	5.840977e-03
5.354354e+01	5.798186e-03
5.366366e+01	5.753385e-03
5.378378e+01	5.703335e-03
5.390390e+01	5.654278e-03
5.402402e+01	5.608301e-03
5.414414e+01	5.563879e-03
5.426426e+01	5.519650e-03
5.438438e+01	5.475167e-03
5.450450e+01	5.430371e-03
5.462462e+01	5.385521e-03
5.474474e+01	5.341721e-03
5.486486e+01	5.300715e-03
5.498498e+01	5.261950e-03
5.510511e+01	5.219796e-03
5.522523e+01	5.172480e-03
5.534535e+01	5.132075e-03
5.546547e+01	5.095676e-03
5.558559e+01	5.048025e-03
5.570571e+01	5.012501e-03
5.582583e+01	4.969332e-03
5.594595e+01	4.931611e-03
5.606607e+01	4.889213e-03
5.618619e+01	4.854686e-03
5.630631e+01	4.809150e-03
5.642643e+01	4.776162e-03
5.654655e+01	4.738062e-03
5.666667e+01	4.694769e-03
5.678679e+01	4.658867e-03
5.690691e+01	4.625850e-03
5.702703e+01	4.589580e-03
5.714715e+01	4.550878e-03
5.726727e+01	4.512311e-03
5.738739e+01	4.474908e-03
5.750751e+01	4.438612e-03
5.762763e+01	4.403256e-03
5.774775e+01	4.368932e-03
5.786787e+01	4.335843e-03
5.798799e+01	4.303606e-03
5.810811e+01	4.270335e-03
5.822823e+01	4.233618e-03
5.834835e+01	4.195556e-03
5.846847e+01	4.163743e-03
5.858859e+01	4.135726e-03
5.870871e+01	4.098270e-03
5.882883e+01	4.064141e-03
5.894895e+01	4.037576e-03
5.906907e+01	3.998267e-03
5.918919e+01	3.973146e-03
5.930931e+01	3.935204e-03
5.942943e+01	3.910218e-03
5.954955e+01	3.871975e-03
5.966967e+01	3.848012e-03
5.978979e+01	3.813112e-03
5.990991e+01	3.781364e-03
6.003003e+01	3.757102e-03
6.015015e+01	3.724179e-03
6.027027e+01	3.690285e-03
6.039039e+01	3.663037e-03
6.051051e+01	3.637792e-03
6.063063e+01	3.610034e-03
6.075075e+01	3.580075e-03
6.087087e+01	3.549789e-03
6.099099e+01	3.520261e-03
6.111111e+01	3.491716e-03
6.123123e+01	3.464105e-03
6.135135e+01	3.437424e-03
6.147147e+01	3.411606e-03
6.159159e+01	3.385989e-03
6.171171e+01	3.358947e-03
6.183183e+01	3.329123e-03
6.195195e+01	3.298806e-03
6.207207e+01	3.273819e-03
6.219219e+01	3.252950e-03
6.231231e+01	3.224847e-03
6.243243e+01	3.194318e-03
6.255255e+01	3.175097e-03
6.267267e+01	3.147223e-03
6.279279e+01	3.119880e-03
6.291291e+01	3.100188e-03
6.303303e+01	3.068778e-03
6.315315e+01	3.051282e-03
6.327327e+01	3.020084e-03
6.339339e+01	3.001579e-03
6.351351e+01	2.974549e-03
6.363363e+01	2.949332e-03
6.375375e+01	2.931504e-03
6.387387e+01	2.902111e-03
6.399399e+01	2.878635e-03
6.411411e+01	2.861130e-03
6.423423e+01	2.837006e-03
6.435435e+01	2.809540e-03
6.447447e+01	2.786005e-03
6.459459e+01	2.766284e-03
6.471471e+01	2.746989e-03
6.483483e+01	2.726403e-03
6.495495e+01	2.704732e-03
6.507508e+01	2.682738e-03
6.519520e+01	2.660965e-03
6.531532e+01	2.639616e-03
6.543544e+01	2.618581e-03
6.555556e+01	2.597398e-03
6.567568e+01	2.575307e-03
6.579580e+01	2.551840e-03
6.591592e+01	2.528093e-03
6.603604e+01	2.507198e-03
6.615616e+01	2.490861e-03
6.627628e+01	2.473895e-03
6.639640e+01	2.449746e-03
6.651652e+01	2.426212e-03
6.663664e+01	2.412361e-03
6.675676e+01	2.392051e-03
6.687688e+01	2.367160e-03
6.699700e+01	2.355023e-03
6.711712e+01	2.330085e-03
6.723724e+01	2.313898e-03
6.735736e+01	2.294111e-03
6.747748e+01	2.274936e-03
6.759760e+01	2.256255e-03
6.771772e+01	2.239003e-03
6.783784e+01	2.216641e-03
6.795796e+01	2.204699e-03
6.807808e+01	2.179225e-03
6.819820e+01	2.165068e-03
6.831832e+01	2.149621e-03
6.843844e+01	2.125324e-03
6.855856e+01	2.109323e-03
6.867868e+01	2.096827e-03
6.879880e+01	2.077454e-03
6.891892e+01	2.055351e-03
6.903904e+01	2.037157e-03
6.915916e+01	2.022716e-03
6.927928e+01	2.008719e-03
6.939940e+01	1.993298e-03
6.951952e+01	1.976544e-03
6.963964e+01	1.959259e-03
6.975976e+01	1.942093e-03
6.987988e+01	1.925371e-03
7.000000e+01	1.909176e-03
7.012012e+01	1.893388e-03
7.024024e+01	1.877612e-03
7.036036e+01	1.861131e-03
7.048048e+01	1.843198e-03
7.060060e+01	1.824016e-03
7.072072e+01	1.805804e-03
7.084084e+01	1.791675e-03
7.096096e+01	1.780826e-03
7.108108e+01	1.766306e-03
7.120120e+01	1.745396e-03
7.132132e+01	1.728937e-03
7.144144e+01	1.720111e-03
7.156156e+01	1.702280e-03
7.168168e+01	1.682944e-03
7.180180e+01	1.675299e-03
7.192192e+01	1.654988e-03
7.204204e+01	1.641570e-03
7.216216e+01	1.629280e-03
7.228228e+01	1.609856e-03
7.240240e+01	1.601415e-03
7.252252e+01	1.580609e-03
7.264264e+01	1.572242e-03
7.276276e+01	1.553383e-03
7.288288e+01	1.541228e-03
7.300300e+01	1.529024e-03
7.312312e+01	1.509191e-03
7.324324e+01	1.502654e-03
7.336336e+01	1.484974e-03
7.348348e+01	1.468090e-03
7.360360e+01	1.460996e-03
7.372372e+01	1.446506e-03
7.384384e+01	1.427362e-03
7.396396e+01	1.415248e-03
7.408408e+01	1.406985e-03
7.420420e+01	1.394759e-03
7.432432e+01	1.378281e-03
7.444444e+01	1.361746e-03
7.456456e+01	1.347691e-03
7.468468e+01	1.335845e-03
7.480480e+01	1.324877e-03
7.492492e+01	1.313797e-03
7.504505e+01	1.302233e-03
7.516517e+01	1.290183e-03
7.528529e+01	1.277731e-03
7.540541e+01	1.264890e-03
7.552553e+01	1.251589e-03
7.564565e+01	1.237783e-03
7.576577e+01	1.223705e-03
7.588589e+01	1.210150e-03
7.600601e+01	1.198407e-03
7.612613e+01	1.189257e-03
7.624625e+01	1.181200e-03
7.636637e+01	1.170255e-03
7.648649e+01	1.154385e-03
7.660661e+01	1.138919e-03
7.672673e+01	1.130812e-03
7.684685e+01	1.124093e-03
7.696697e+01	1.108066e-03
7.708709e+01	1.093441e-03
7.720721e+01	1.089160e-03
7.732733e+01	1.075246e-03
7.744745e+01	1.060199e-03
7.756757e+01	1.056773e-03
7.768769e+01	1.038856e-03
7.780781e+01	1.031980e-03
7.792793e+01	1.020688e-03
7.804805e+01	1.007893e-03
7.816817e+01	1.001030e-03
7.828829e+01	9.861786e-04
7.840841e+01	9.798331e-04
7.852853e+01	9.666434e-04
7.864865e+01	9.570118e-04
7.876877e+01	9.494681e-04
7.888889e+01	9.334218e-04
7.900901e+01	9.313281e-04
7.912913e+01	9.153675e-04
7.924925e+01	9.059104e-04
7.936937e+01	9.021700e-04
7.948949e+01	8.863803e-04
7.960961e+01	8.759766e-04
7.972973e+01	8.730357e-04
7.984985e+01	8.625183e-04
7.996997e+01	8.476841e-04
8.009009e+01	8.390936e-04
8.021021e+01	8.351473e-04
8.033033e+01	8.285320e-04
8.045045e+01	8.173733e-04
8.057057e+01	8.049508e-04
8.069069e+01	7.944040e-04
8.081081e+01	7.863708e-04
8.093093e+01	7.798598e-04
8.105105e+01	7.737101e-04
8.117117e+01	7.672690e-04
8.129129e+01	7.603778e-04
8.141141e+01	7.531239e-04
8.153153e+01	7.456291e-04
8.165165e+01	7.379353e-04
8.177177e+01	7.299773e-04
8.189189e+01	7.216340e-04
8.201201e+01	7.128733e-04
8.213213e+01	7.039903e-04
8.225225e+01	6.958100e-04
8.237237e+01	6.895338e-04
8.249249e+01	6.858270e-04
8.261261e+01	6.833899e-04
8.273273e+01	6.787623e-04
8.285285e+01	6.695394e-04
8.297297e+01	6.590726e-04
8.309309e+01	6.543971e-04
8.321321e+01	6.547991e-04
8.333333e+01	6.495121e-04
8.345345e+01	6.379833e-04
8.357357e+01	6.348960e-04
8.369369e+01	6.362020e-04
8.381381e+01	6.257569e-04
8.393393e+01	6.205755e-04
8.405405e+01	6.233287e-04
8.417417e+01	6.120177e-04
8.429429e+01	6.118069e-04
8.441441e+01	6.100618e-04
8.453453e+01	6.010185e-04
8.465465e+01	6.059155e-04
8.477477e+01	5.945026e-04
8.489489e+01	6.003665e-04
8.501502e+01	5.898560e-04
8.513514e+01	5.958053e-04
8.525526e+01	5.856632e-04
8.537538e+01	5.925806e-04
8.549550e+01	5.826401e-04
8.561562e+01	5.889941e-04
8.573574e+01	5.833290e-04
8.585586e+01	5.829181e-04
8.597598e+01	5.874406e-04
8.609610e+01	5.793822e-04
8.621622e+01	5.853991e-04
8.633634e+01	5.867655e-04
8.645646e+01	5.805471e-04
8.657658e+01	5.865225e-04
8.669670e+01	5.910493e-04
8.681682e+01	5.861792e-04
8.693694e+01	5.867840e-04
8.705706e+01	5.948578e-04
8.717718e+01	5.987814e-04
8.729730e+01	5.965481e-04
8.741742e+01	5.960116e-04
8.753754e+01	6.012801e-04
8.765766e+01	6.092064e-04
8.777778e+01	6.153377e-04
8.789790e+01	6.184018e-04
8.801802e+01	6.198996e-04
8.813814e+01	6.218087e-04
8.825826e+01	6.251839e-04
8.837838e+01	6.300789e-04
8.849850e+01	6.360452e-04
8.861862e+01	6.425859e-04
8.873874e+01	6.493577e-04
8.885886e+01	6.561784e-04
8.897898e+01	6.629672e-04
8.909910e+01	6.697086e-04
8.921922e+01	6.764663e-04
8.933934e+01	6.834306e-04
8.945946e+01	6.909541e-04
8.957958e+01	6.995185e-04
8.969970e+01	7.095504e-04
8.981982e+01	7.210254e-04
8.993994e+01	7.330098e-04
9.006006e+01	7.436606e-04
9.018018e+01	7.513783e-04
9.030030e+01	7.569246e-04
9.042042e+01	7.642408e-04
9.054054e+01	7.770180e-04
9.066066e+01	7.928388e-04
9.078078e+01	8.040216e-04
9.090090e+01	8.092329e-04
9.102102e+01	8.187178e-04
9.114114e+01	8.365261e-04
9.126126e+01	8.492405e-04
9.138138e+01	8.540472e-04
9.150150e+01	8.685753e-04
9.162162e+01	8.865657e-04
9.174174e+01	8.918478e-04
9.186186e+01	9.057887e-04
9.198198e+01	9.241956e-04
9.210210e+01	9.288344e-04
9.222222e+01	9.478977e-04
9.234234e+01	9.601569e-04
9.246246e+01	9.695835e-04
9.258258e+01	9.902517e-04
9.270270e+01	9.950926e-04
9.282282e+01	1.017658e-03
9.294294e+01	1.022988e-03
9.306306e+01	1.044724e-03
9.318318e+01	1.050997e-03
9.330330e+01	1.072628e-03
9.342342e+01	1.078468e-03
9.354354e+01	1.101218e-03
9.366366e+01	1.106307e-03
9.378378e+01	1.128661e-03
9.390390e+01	1.136609e-03
9.402402e+01	1.152647e-03
9.414414e+01	1.169824e-03
9.426426e+01	1.176360e-03
9.438438e+01	1.198341e-03
9.450450e+01	1.208701e-03
9.462462e+01	1.218592e-03
9.474474e+01	1.240158e-03
9.486486e+01	1.250069e-03
9.498498e+01	1.258906e-03
9.510511e+01	1.279034e-03
9.522523e+01	1.293420e-03
9.534535e+01	1.299771e-03
9.546547e+01	1.312974e-03
9.558559e+01	1.332097e-03
9.570571e+01	1.345376e-03
9.582583e+01	1.352363e-03
9.594595e+01	1.361767e-03
9.606607e+01	1.377023e-03
9.618619e+01	1.393610e-03
9.630631e+01	1.406494e-03
9.642643e+01	1.415187e-03
9.654655e+01	1.422509e-03
9.666667e+01	1.431183e-03
9.678679e+01	1.442054e-03
9.690691e+01	1.454390e-03
9.702703e+01	1.466981e-03
9.714715e+01	1.478937e-03
9.726727e+01	1.489922e-03
9.738739e+01	1.499991e-03
9.750751e+01	1.509334e-03
9.762763e+01	1.518124e-03
9.774775e+01	1.526487e-03
9.786787e+01	1.534516e-03
9.798799e+01	1.542262e-03
9.810811e+01	1.549669e-03
9.822823e+01	1.556543e-03
9.834835e+01	1.562613e-03
9.846847e+01	1.567657e-03
9.858859e+01	1.571664e-03
9.870871e+01	1.574982e-03
9.882883e+01	1.578384e-03
9.894895e+01	1.582926e-03
9.906907e+01	1.589375e-03
9.918919e+01	1.597271e-03
9.930931e+01	1.604382e-03
9.942943e+01	1.607811e-03
9.954955e+01	1.606952e-03
9.966967e+01	1.605579e-03
9.978979e+01	1.608896e-03
9.990991e+01	1.616414e-03
1.000300e+02	1.620396e-03
1.001502e+02	1.616680e-03
1.002703e+02	1.613684e-03
1.003904e+02	1.619251e-03
1.005105e+02	1.623640e-03
1.006306e+02	1.617419e-03
1.007508e+02	1.614375e-03
1.008709e+02	1.621150e-03
1.009910e+02	1.618217e-03
1.011111e+02	1.610104e-03
1.012312e+02	1.615258e-03
1.013514e+02	1.612220e-03
1.014715e+02	1.603448e-03
1.015916e+02	1.609197e-03
1.017117e+02	1.600910e-03
1.018318e+02	1.595728e-03
1.019520e+02	1.597669e-03
1.020721e+02	1.584370e-03
1.021922e+02	1.588853e-03
1.023123e+02	1.578148e-03
1.024324e+02	1.577192e-03
1.025526e+02	1.570738e-03
1.026727e+02	1.563168e-03
1.027928e+02	1.559303e-03
1.029129e+02	1.548892e-03
1.030330e+02	1.546201e-03
1.031532e+02	1.535901e-03
1.032733e+02	1.531505e-03
1.033934e+02	1.523216e-03
1.035135e+02	1.513971e-03
1.036336e+02	1.509708e-03
1.037538e+02	1.493466e-03
1.038739e+02	1.492822e-03
1.039940e+02	1.475210e-03
1.041141e+02	1.473337e-03
1.042342e+02	1.464415e-03
1.043544e+02	1.448074e-03
1.044745e+02	1.445904e-03
1.045946e+02	1.431502e-03
1.047147e+02	1.420652e-03
1.048348e+02	1.415622e-03
1.049550e+02	1.400067e-03
1.050751e+02	1.388146e-03
1.051952e+02	1.383144e-03
1.053153e+02	1.370894e-03
1.054354e+02	1.351748e-03
1.055556e+02	1.347863e-03
1.056757e+02	1.338575e-03
1.057958e+02	1.322515e-03
1.059159e+02	1.305657e-03
1.060360e+02	1.300518e-03
1.061562e+02	1.290569e-03
1.062763e+02	1.277871e-03
1.063964e+02	1.258213e-03
1.065165e+02	1.245705e-03
1.066366e+02	1.238797e-03
1.067568e+02	1.228062e-03
1.068769e+02	1.216301e-03
1.069970e+02	1.201459e-03
1.071171e+02	1.183129e-03
1.072372e+02	1.167614e-03
1.073574e+02	1.156963e-03
1.074775e+02	1.147467e-03
1.075976e+02	1.136409e-03
1.077177e+02	1.124037e-03
1.078378e+02	1.111304e-03
1.079580e+02	1.098458e-03
1.080781e+02	1.085311e-03
1.081982e+02	1.071768e-03
1.083183e+02	1.057939e-03
1.084384e+02	1.044020e-03
1.085586e+02	1.030188e-03
1.086787e+02	1.016570e-03
1.087988e+02	1.003239e-03
1.089189e+02	9.901759e-04
1.090390e+02	9.772589e-04
1.091592e+02	9.642760e-04
1.092793e+02	9.510089e-04
1.093994e+02	9.373668e-04
1.095195e+02	9.234877e-04
1.096396e+02	9.095961e-04
1.097598e+02	8.954920e-04
1.098799e+02	8.802522e-04
1.100000e+02	8.634212e-04
1.101201e+02	8.472636e-04
1.102402e+02	8.356554e-04
1.103604e+02	8.278411e-04
1.104805e+02	8.176719e-04
1.106006e+02	8.038350e-04
1.107207e+02	7.893515e-04
1.108408e+02	7.714784e-04
1.109610e+02	7.554696e-04
1.110811e+02	7.492692e-04
1.112012e+02	7.395928e-04
1.113213e+02	7.253269e-04
1.114414e+02	7.072675e-04
1.115616e+02	6.923106e-04
1.116817e+02	6.881697e-04
1.118018e+02	6.752693e-04
1.119219e+02	6.581533e-04
1.120420e+02	6.424039e-04
1.121622e+02	6.389364e-04
1.122823e+02	6.252318e-04
1.124024e+02	6.052018e-04
1.125225e+02	5.997855e-04
1.126426e+02	5.896625e-04
1.127628e+02	5.711122e-04
1.128829e+02	5.625564e-04
1.130030e+02	5.542394e-04
1.131231e+02	5.352431e-04
1.132432e+02	5.293856e-04
1.133634e+02	5.189916e-04
1.134835e+02	4.986829e-04
1.136036e+02	4.976425e-04
1.137237e+02	4.823867e-04
1.138438e+02	4.698970e-04
1.139640e+02	4.631552e-04
1.140841e+02	4.430869e-04
1.142042e+02	4.424310e-04
1.143243e+02	4.239866e-04
1.144444e+02	4.207697e-04
1.145646e+02	4.061204e-04
1.146847e+02	3.979125e-04
1.148048e+02	3.869375e-04
1.149249e+02	3.758120e-04
1.150450e+02	3.670172e-04
1.151652e+02	3.554294e-04
1.152853e+02	3.467319e-04
1.154054e+02	3.368425e-04
1.155255e+02	3.258772e-04
1.156456e+02	3.193868e-04
1.157658e+02	3.037684e-04
1.158859e+02	3.012013e-04
1.160060e+02	2.816554e-04
1.161261e+02	2.817171e-04
1.162462e+02	2.658133e-04
1.163664e+02	2.617062e-04
1.164865e+02	2.547232e-04
1.166066e+02	2.373283e-04
1.167267e+02	2.369453e-04
1.168468e+02	2.230294e-04
1.169670e+02	2.156673e-04
1.170871e+02	2.119414e-04
1.172072e+02	1.946597e-04
1.173273e+02	1.919745e-04
1.174474e+02	1.871608e-04
1.175676e+02	1.701425e-04
1.176877e+02	1.668776e-04
1.178078e+02	1.628504e-04
1.179279e+02	1.495353e-04
1.180480e+02	1.397147e-04
1.181682e+02	1.387425e-04
1.182883e+02	1.319165e-04
1.184084e+02	1.151793e-04
1.185285e+02	1.124871e-04
1.186486e+02	1.093989e-04
1.187688e+02	1.024811e-04
1.188889e+02	8.688747e-05
1.190090e+02	8.183942e-05
1.191291e+02	8.051146e-05
1.192492e+02	7.518535e-05
1.193694e+02	6.575684e-05
1.194895e+02	5.188337e-05
1.196096e+02	4.776741e-05
1.197297e+02	4.651448e-05
1.198498e+02	4.161977e-05
1.199700e+02	3.601525e-05
1.200901e+02	2.632000e-05
1.202102e+02	1.438163e-05
1.203303e+02	7.589111e-06
1.204505e+02	5.582269e-06
1.205706e+02	3.048660e-06
1.206907e+02	-1.518576e-06
1.208108e+02	-6.581272e-06
1.209309e+02	-1.172986e-05
1.210511e+02	-1.790145e-05
1.211712e+02	-2.550637e-05
1.212913e+02	-3.383774e-05
1.214114e+02	-4.183501e-05
1.215315e+02	-4.885214e-05
1.216517e+02	-5.481949e-05
1.217718e+02	-6.001118e-05
1.218919e+02	-6.477601e-05
1.220120e+02	-6.939330e-05
1.221321e+02	-7.404035e-05
1.222523e+02	-7.881079e-05
1.223724e+02	-8.373671e-05
1.224925e+02	-8.879947e-05
1.226126e+02	-9.392334e-05
1.227327e+02	-9.895608e-05
1.228529e+02	-1.036481e-04
1.229730e+02	-1.076659e-04
1.230931e+02	-1.107005e-04
1.232132e+02	-1.127039e-04
1.233333e+02	-1.141473e-04
1.234535e+02	-1.160035e-04
1.235736e+02	-1.191641e-04
1.236937e+02	-1.235915e-04
1.238138e+02	-1.283640e-04
1.239339e+02	-1.332586e-04
1.240541e+02	-1.396873e-04
1.241742e+02	-1.478415e-04
1.242943e+02	-1.535069e-04
1.244144e+02	-1.531319e-04
1.245345e+02	-1.514742e-04
1.246547e+02	-1.543479e-04
1.247748e+02	-1.590772e-04
1.248949e+02	-1.654726e-04
1.250150e+02	-1.747372e-04
1.251351e+02	-1.760962e-04
1.252553e+02	-1.723555e-04
1.253754e+02	-1.755168e-04
1.254955e+02	-1.807375e-04
1.256156e+02	-1.906824e-04
1.257357e+02	-1.920277e-04
1.258559e+02	-1.877958e-04
1.259760e+02	-1.919522e-04
1.260961e+02	-1.999573e-04
1.262162e+02	-2.062925e-04
1.263363e+02	-2.000694e-04
1.264565e+02	-2.037315e-04
1.265766e+02	-2.127006e-04
1.266967e+02	-2.154893e-04
1.268168e+02	-2.108729e-04
1.269369e+02	-2.161364e-04
1.270571e+02	-2.268083e-04
1.271772e+02	-2.194451e-04
1.272973e+02	-2.227627e-04
1.274174e+02	-2.338255e-04
1.275375e+02	-2.279498e-04
1.276577e+02	-2.299657e-04
1.277778e+02	-2.411099e-04
1.278979e+02	-2.343770e-04
1.280180e+02	-2.373413e-04
1.281381e+02	-2.484818e-04
1.282583e+02	-2.400141e-04
1.283784e+02	-2.461246e-04
1.284985e+02	-2.511962e-04
1.286186e+02	-2.472343e-04
1.287387e+02	-2.583130e-04
1.288589e+02	-2.506591e-04
1.289790e+02	-2.561196e-04
1.290991e+02	-2.599111e-04
1.292192e+02	-2.574906e-04
1.293393e+02	-2.685031e-04
1.294595e+02	-2.602412e-04
1.295796e+02	-2.712352e-04
1.296997e+02	-2.633507e-04
1.298198e+02	-2.718104e-04
1.299399e+02	-2.674582e-04
1.300601e+02	-2.730932e-04
1.301802e+02	-2.717475e-04
1.303003e+02	-2.753866e-04
1.304204e+02	-2.752867e-04
1.305405e+02	-2.784243e-04
1.306607e+02	-2.777900e-04
1.307808e+02	-2.822185e-04
1.309009e+02	-2.795730e-04
1.310210e+02	-2.870352e-04
1.311411e+02	-2.815697e-04
1.312613e+02	-2.925614e-04
1.313814e+02	-2.845873e-04
1.315015e+02	-2.959708e-04
1.316216e+02	-2.879773e-04
1.317417e+02	-2.936250e-04
1.318619e+02	-2.926959e-04
1.319820e+02	-2.905005e-04
1.321021e+02	-3.010907e-04
1.322222e+02	-2.931987e-04
1.323423e+02	-3.009750e-04
1.324625e+02	-2.980105e-04
1.325826e+02	-2.955639e-04
1.327027e+02	-3.072723e-04
1.328228e+02	-2.989513e-04
1.329429e+02	-3.004133e-04
1.330631e+02	-3.085166e-04
1.331832e+02	-3.012412e-04
1.333033e+02	-3.047236e-04
1.334234e+02	-3.103712e-04
1.335435e+02	-3.037723e-04
1.336637e+02	-3.065235e-04
1.337838e+02	-3.139675e-04
1.339039e+02	-3.065274e-04
1.340240e+02	-3.065581e-04
1.341441e+02	-3.173547e-04
1.342643e+02	-3.103704e-04
1.343844e+02	-3.081556e-04
1.345045e+02	-3.144404e-04
1.346246e+02	-3.183349e-04
1.347447e+02	-3.115550e-04
1.348649e+02	-3.104936e-04
1.349850e+02	-3.185814e-04
1.351051e+02	-3.203651e-04
1.352252e+02	-3.140328e-04
1.353453e+02	-3.128253e-04
1.354655e+02	-3.177305e-04
1.355856e+02	-3.245773e-04
1.357057e+02	-3.186054e-04
1.358258e+02	-3.158428e-04
1.359459e+02	-3.152313e-04
1.360661e+02	-3.211621e-04
1.361862e+02	-3.269403e-04
1.363063e+02	-3.222702e-04
1.364264e+02	-3.185635e-04
1.365465e+02	-3.176916e-04
1.366667e+02	-3.183291e-04
1.367868e+02	-3.243925e-04
1.369069e+02	-3.292300e-04
1.370270e+02	-3.266856e-04
1.371471e+02	-3.223016e-04
1.372673e+02	-3.207143e-04
1.373874e+02	-3.201157e-04
1.375075e+02	-3.199460e-04
1.376276e+02	-3.223483e-04
1.377477e+02	-3.270981e-04
1.378679e+02	-3.309594e-04
1.379880e+02	-3.315585e-04
1.381081e+02	-3.294323e-04
1.382282e+02	-3.266212e-04
1.383483e+02	-3.245999e-04
1.384685e+02	-3.236241e-04
1.385886e+02	-3.232590e-04
1.387087e+02	-3.230583e-04
1.388288e+02	-3.228474e-04
1.389489e+02	-3.226640e-04
1.390691e+02	-3.225989e-04
1.391892e+02	-3.226899e-04
1.393093e+02	-3.229042e-04
1.394294e+02	-3.231708e-04
1.395495e+02	-3.234197e-04
1.396697e+02	-3.236023e-04
1.397898e+02	-3.236928e-04
1.399099e+02	-3.236856e-04
1.400300e+02	-3.236008e-04
1.401502e+02	-3.234920e-04
1.402703e+02	-3.234377e-04
1.403904e+02	-3.235124e-04
1.405105e+02	-3.237452e-04
1.406306e+02	-3.240949e-04
1.407508e+02	-3.244731e-04
1.408709e+02	-3.248386e-04
1.409910e+02	-3.253399e-04
1.411111e+02	-3.263837e-04
1.412312e+02	-3.284166e-04
1.413514e+02	-3.313305e-04
1.414715e+02	-3.338927e-04
1.415916e+02	-3.341242e-04
1.417117e+02	-3.310676e-04
1.418318e+02	-3.264506e-04
1.419520e+02	-3.235322e-04
1.420721e+02	-3.234281e-04
1.421922e+02	-3.242311e-04
1.423123e+02	-3.253881e-04
1.424324e+02	-3.291042e-04
1.425526e+02	-3.334536e-04
1.426727e+02	-3.317201e-04
1.427928e+02	-3.251330e-04
1.429129e+02	-3.224297e-04
1.430330e+02	-3.233735e-04
1.431532e+02	-3.251629e-04
1.432733e+02	-3.309108e-04
1.433934e+02	-3.319283e-04
1.435135e+02	-3.241478e-04
1.436336e+02	-3.216922e-04
1.437538e+02	-3.229715e-04
1.438739e+02	-3.276495e-04
1.439940e+02	-3.318350e-04
1.441141e+02	-3.235396e-04
1.442342e+02	-3.209367e-04
1.443544e+02	-3.226133e-04
1.444745e+02	-3.296100e-04
1.445946e+02	-3.274204e-04
1.447147e+02	-3.198097e-04
1.448348e+02	-3.210943e-04
1.449550e+02	-3.274219e-04
1.450751e+02	-3.271216e-04
1.451952e+02	-3.188759e-04
1.453153e+02	-3.204606e-04
1.454354e+02	-3.282772e-04
1.455556e+02	-3.226106e-04
1.456757e+02	-3.183685e-04
1.457958e+02	-3.219853e-04
1.459159e+02	-3.275110e-04
1.460360e+02	-3.171062e-04
1.461562e+02	-3.188120e-04
1.462763e+02	-3.274747e-04
1.463964e+02	-3.172442e-04
1.465165e+02	-3.174464e-04
1.466366e+02	-3.260950e-04
1.467568e+02	-3.168993e-04
1.468769e+02	-3.165125e-04
1.469970e+02	-3.254503e-04
1.471171e+02	-3.152615e-04
1.472372e+02	-3.160787e-04
1.473574e+02	-3.248476e-04
1.474775e+02	-3.134893e-04
1.475976e+02	-3.170293e-04
1.477177e+02	-3.206944e-04
1.478378e+02	-3.133196e-04
1.479580e+02	-3.213601e-04
1.480781e+02	-3.130751e-04
1.481982e+02	-3.138380e-04
1.483183e+02	-3.206921e-04
1.484384e+02	-3.115377e-04
1.485586e+02	-3.201128e-04
1.486787e+02	-3.106031e-04
1.487988e+02	-3.136304e-04
1.489189e+02	-3.149130e-04
1.490390e+02	-3.106735e-04
1.491592e+02	-3.193208e-04
1.492793e+02	-3.091619e-04
1.493994e+02	-3.187362e-04
1.495195e+02	-3.077598e-04
1.496396e+02	-3.154214e-04
1.497598e+02	-3.074169e-04
1.498799e+02	-3.122887e-04
1.500000e+02	-3.077672e-04
