-1.1919524228e+00
-1.4532399879e+00
-1.1885372601e-01
-5.0619682117e-01
-9.4563787225e-01
2.5000505998e-01
3.1945449728e-01
-1.3789973907e+00
1.2927272277e-01
-4.4661323421e-02
-6.5564088185e-01
-1.0955940947e-01
7.4720800370e-01
1.8045246454e-01
-7.5303095027e-02
-6.3912110447e-01
1.2188513079e+00
9.6287596520e-02
-1.4394955163e+00
-8.4255789126e-02
-2.3837413880e+00
1.3757496152e+00
1.0318111055e-01
1.6228304733e+00
-2.5382525224e+00
-2.5635715509e+00
9.8569486054e-01
-2.1224244249e-01
2.6737039527e-01
-3.7419062562e-01
-4.5205832307e-01
-1.4007037875e+00
-5.2344024427e-01
-1.8097049541e+00
-5.9524630252e-01
2.0151736170e-01
1.3155489197e+00
-2.7580732554e-01
1.3580792608e+00
1.7605143021e+00
2.1391687791e-01
-3.6346794925e-01
3.2964811943e-01
-4.6575622975e-01
7.1350736672e-01
5.6318132273e-01
6.0295501023e-01
6.8233589326e-01
-4.8402223270e-01
1.0412575600e+00
1.3753184356e+00
4.3963593977e-01
-4.9610545612e-01
8.7954204912e-01
3.2078244300e-01
-8.6180362275e-01
1.4725787501e+00
6.5213415226e-01
1.3560503227e+00
-5.6442993343e-01
6.6511329709e-01
3.3911375714e-01
3.9078382527e-01
6.1298945718e-01
-1.9622829655e+00
-3.8761515259e-01
5.0547573293e-01
-6.3339907346e-01
2.9413199236e-01
-6.5231267195e-01
6.5901223946e-01
1.1742809435e+00
1.7308308781e-01
-1.2287615500e+00
8.4221872627e-01
8.8961739605e-01
4.1028041647e-01
-5.7451889364e-01
-2.4953317449e-01
4.5121189298e-01
4.9265943926e-01
2.6927178695e-01
-1.0452371623e+00
-8.6704028700e-03
-1.5217377047e+00
1.7669850388e+00
9.7859703292e-01
-4.0502881413e-02
-5.3695934671e-02
1.7401506936e+00
-1.7857279305e+00
-3.7938369609e-01
-1.0159442794e+00
-7.3252485362e-01
