-1.0050919206e+00
-3.2272917820e-01
6.4134721096e-01
-8.3090446293e-01
4.9828715137e-01
3.2296774311e-01
-2.2127189612e+00
4.5699790356e-01
-6.2043768858e-01
2.8933407412e-01
-2.4825302470e+00
6.8026474620e-01
5.1536486523e-01
8.1665738675e-01
7.6028231791e-01
6.4021572005e-01
-3.2993431968e-01
2.4543262601e-01
-5.0871999173e-01
5.5678765391e-01
-7.0028749565e-01
-4.0015333003e-01
4.7327146385e-01
1.1957139151e+00
-8.0961473777e-01
3.3426772507e-01
-3.9483756785e-01
-1.8294217138e-01
2.3583308678e-01
1.5253939905e-01
1.9681819393e+00
3.6337485572e-01
8.5534669318e-01
7.2746541922e-01
3.1844788708e-01
9.5860481876e-01
-1.8552416995e-01
-8.4936458662e-01
-2.3421143436e-02
6.9108429404e-01
-2.8268973213e-01
4.0125306946e-01
3.5649119672e-01
-1.9086247101e-01
1.8865329462e+00
3.4980200214e-01
1.0557768929e+00
1.2303028716e+00
1.9973017723e-01
5.1644624546e-01
6.7319280919e-01
-7.0539207849e-01
5.3321666619e-01
-2.0600964284e+00
7.4726838862e-01
4.5279394324e-01
-1.4322728567e+00
2.3720896404e-01
-2.7850681074e-01
-1.0052979730e-01
-1.8132708679e+00
-1.7011563635e+00
-9.3036988604e-01
-1.3880494718e-01
6.7540578786e-01
9.3646796491e-02
3.2433497681e-01
1.5389149567e+00
-8.0911517324e-01
4.3618053143e-01
-8.4234436638e-02
-1.2961631469e-01
2.9305431025e-01
1.9208016789e+00
-1.9912013125e-01
6.5919574069e-01
-6.4898580812e-01
1.0318797799e+00
3.4182651412e-01
3.1044358013e-01
1.6663879185e-01
-4.1367548074e-01
4.8746591312e-01
1.0791291648e-01
-6.5771942173e-01
-2.6515725082e-01
8.3884294571e-03
1.8149846576e+00
-1.1406095062e+00
-4.0375286818e-01
-7.9671469103e-01
-2.4138182338e-01
1.2763627505e+00
3.6047585542e-01
2.8681252317e-01
2.3961808807e-01
-4.0298926129e-01
6.6806913852e-01
1.3001873315e+00
1.6097659482e+00
-5.4190922999e-02
-1.5981830925e+00
-2.0300697860e-01
-4.4728913330e-01
2.4486642089e-01
-1.7293882071e+00
6.1200055215e-01
-4.4710766050e-01
-1.6762854932e-01
-1.3325454461e+00
-6.4353604332e-01
4.3303285291e-01
7.4322676349e-01
8.0725710917e-01
-6.6889330167e-01
1.5064507912e+00
-1.0311517419e+00
3.1927566959e-01
1.0047485092e+00
-1.4152081870e+00
-1.1110158445e+00
-1.5487288628e-01
3.3608118263e-01
2.1566951486e-01
-7.2963575152e-01
-1.6908502727e-02
-2.7329681199e-01
-5.5188365522e-01
1.1088500056e-01
-1.1210115368e+00
8.4472523689e-01
-1.9586263709e-04
-1.5163826181e+00
-3.8559099178e-01
-8.7448498370e-01
3.9752827488e-01
-7.7642460058e-01
1.6891045424e+00
-1.4171926916e+00
-1.0121707816e+00
4.2633123994e-01
-1.0708001698e+00
1.8909278901e-01
2.0519187471e+00
-2.3282078399e-01
2.2043999905e-01
-1.6355416003e-02
-1.1881792875e-01
7.5426842862e-01
-4.3592064892e-01
3.2477615441e-01
-1.6844764165e-01
1.8188980063e-01
2.4511431131e-02
-9.8289885137e-02
3.0409985000e-01
-2.0332992861e+00
-1.1176753029e+00
9.3336303715e-01
3.2578051385e-02
-2.9951064754e-01
1.0346807824e+00
-1.0190101789e+00
-1.5265181640e+00
2.9260315154e-01
-3.9439047104e-01
-1.2286023794e+00
-8.5955505779e-01
9.6408773938e-01
-2.2324194051e-01
1.0831205722e+00
2.4853583591e+00
-1.2045475216e+00
-6.9882753645e-01
-8.4660185560e-01
-1.4537612449e-01
6.1490948251e-01
-2.2302075786e-01
1.0611297145e+00
4.9945406044e-01
7.1258634178e-01
-4.9054319377e-01
-3.6207174216e-01
4.8433224029e-01
-3.3663509697e-01
-4.9414514659e-01
1.2136298856e+00
-6.6647526993e-01
3.7839573765e-02
3.5048619604e-02
-7.5027399708e-01
-1.1003421503e+00
-2.5335301282e-01
5.8932286134e-01
-1.2866785139e-01
2.9303041676e-01
-1.6750281423e+00
1.0356056768e+00
1.0083046660e+00
-6.8311355896e-01
1.4333068613e+00
9.2603584145e-01
8.3818791591e-01
-1.2235086098e+00
-1.3369013630e+00
