1.4368635119e+00
-7.7762202055e-01
1.0913191872e+00
1.3628494942e+00
9.4428545141e-01
8.2291354744e-01
-7.9256850464e-03
7.1717941020e-01
-3.2717792675e-01
-1.3280363687e-01
1.3323883347e+00
7.8246886369e-01
-1.0799931740e-01
-7.9897148162e-01
9.5702707039e-01
6.7477761348e-01
-1.5257296961e+00
-1.2271340431e+00
-1.0214323666e+00
1.0994045109e+00
1.1450907756e+00
8.2290795888e-01
-3.9863488245e-01
-1.4373100802e-01
1.1948718606e+00
4.8361091442e-01
1.5993176604e+00
-3.7331387574e-01
4.2993318753e-01
1.0265292719e+00
4.1801162685e-01
-6.7375101878e-03
-3.2114606478e-01
-4.6200138905e-02
-1.2183900801e+00
4.4346076566e-01
9.7750355790e-01
9.8875267560e-01
8.0223789313e-01
-8.9336161465e-01
-1.4892618986e+00
-5.0741762828e-01
-3.1171623919e-02
-1.6586068145e+00
-1.3597130157e+00
1.7710375030e+00
-4.4664386962e-01
1.4257124464e+00
1.9717878817e+00
-1.2250433163e-01
1.0702115377e+00
4.1767424800e-01
-4.2599775654e-01
-5.1960622163e-01
9.8990355841e-01
-1.4801225524e+00
-5.3905845930e-01
-5.2587225779e-01
