8.1545272148e-01
7.5019881058e-01
-4.0631325701e-01
6.6857823385e-01
-1.4888629118e+00
-8.3823473857e-01
-1.2955995714e-01
-4.6308542678e-02
-1.8522999245e-01
2.1197900894e-01
-9.1599886408e-01
-4.4525877689e-01
-5.8543803517e-01
6.1990506135e-02
-1.0974192011e-01
1.3467453490e+00
5.6059416077e-02
5.6247751672e-01
9.4044572401e-01
-1.4839721323e-02
-4.2883845609e-01
3.9300650895e-01
-1.8341481189e-01
2.6706420134e+00
-1.5044212174e+00
2.8697694959e-01
8.8796436414e-01
5.4065545208e-01
4.0243222093e-01
-2.2632310240e+00
-2.8795542204e-01
1.3935570578e-01
-1.3404829228e+00
1.3895864882e+00
3.3169063202e-01
-1.7927701815e-01
1.4759231644e+00
-2.8673114628e-01
-3.5897393381e-01
-3.3970599883e-01
-1.1236292002e-01
-8.0928454333e-01
-6.2262291288e-01
7.3975028601e-02
5.8544378324e-01
1.7640212293e+00
-2.3546494446e-01
3.0953627177e-01
4.6859040223e-01
8.7104058820e-01
4.3060775756e-01
-3.3330636723e-01
-7.2529321923e-02
5.6349951181e-01
1.7170633800e+00
-7.2266497231e-01
5.4940753312e-01
-1.4857867022e+00
1.6882711774e-02
2.8557124031e-01
1.2801474525e-01
2.0289945265e-01
-1.9097729838e-01
-1.6057717177e+00
1.3131240338e+00
-6.1336885568e-01
3.0860848600e-01
2.3149350098e-01
1.5317756516e+00
-7.9543220644e-02
-1.0474392238e-01
-2.3711292611e-01
-1.6630400312e+00
1.0863593486e+00
-5.7058826127e-01
-1.1021672311e+00
-1.1214710588e-01
4.6221303697e-01
-5.5295397120e-01
-4.6082512646e-01
4.8570163460e-01
2.4318540271e+00
5.4268199756e-01
1.2210707948e-01
1.1149409596e+00
-3.4199758378e-01
-4.9977574314e-01
6.8977977417e-01
5.8554559060e-01
8.9305113558e-01
1.7549388216e+00
1.0907107826e+00
