-1.2566120046e+00
8.0222983103e-01
-1.1396227377e+00
5.1438970598e-01
-3.2571779263e-01
1.9144974359e+00
-1.6145339650e-01
-1.0147756063e-01
2.5102754417e-02
1.2434429030e+00
9.5033530254e-01
2.0784109975e-01
-5.9417116855e-01
3.4525669953e+00
3.2381523681e-01
7.4135028101e-01
-5.9732068655e-01
1.5553840294e+00
6.3219485534e-01
-3.5739782298e-02
-1.4483704138e-01
-1.7885528120e+00
-8.3410778539e-01
-1.3945377694e-01
-1.0355211187e+00
3.8155233551e-01
1.8408756949e+00
1.0893491384e+00
-7.3230912937e-01
5.5603436280e-01
8.3077396471e-02
1.6250762407e+00
-1.8577623288e+00
1.4919738067e+00
-9.0117985420e-01
-1.0036265673e-01
-6.3684998284e-01
-9.6655643680e-01
3.1920350328e-01
8.0288781621e-01
1.0946771347e-01
5.5368144524e-02
-3.2910819525e-01
-2.2077990604e-01
1.2131516063e+00
9.5620333687e-01
1.0155621166e+00
5.3529357083e-02
7.8993527490e-01
-4.6526505589e-01
1.3299535206e+00
6.1162417837e-01
7.2273316634e-01
-1.4982533840e+00
8.9489848152e-01
-8.8595712448e-03
8.0775182460e-01
1.1411010765e+00
1.0630560260e+00
-7.7741889669e-02
3.6115264256e-01
1.6999804279e+00
2.4830401333e-01
-1.3000178178e-01
3.7823623931e-02
7.8313353577e-01
-3.9619620036e-01
8.7915264370e-01
1.3300703676e+00
-1.7558858778e-01
-2.1036851836e-01
3.9415193017e-01
-1.3070294425e-01
-6.0967764976e-01
-8.5237043605e-01
1.5471216142e+00
1.6031787737e-01
-7.9822977656e-02
-5.5386442159e-01
-1.4045511260e+00
-1.0413003477e+00
-4.6907764139e-01
2.7647846086e-01
-2.0930545610e+00
-3.9313671608e-01
-5.1466140572e-02
1.3956489943e-02
1.1798368964e-02
-2.9521668788e-01
5.9741494547e-01
3.4255611896e-01
-1.2521354464e-01
-3.1835336420e-02
1.3769434393e+00
1.8340508513e+00
-9.3052228440e-01
-5.8472641810e-01
-3.9099376535e-01
-1.9711192856e-02
-4.0298113208e-01
-2.2177167463e-01
1.3629500310e+00
-1.2303269044e-01
-3.1419273927e-01
-1.6609679392e+00
3.0565734056e-03
-1.9830036051e+00
9.8147777497e-01
-3.5424895580e-01
5.1291918910e-01
-1.3496696777e+00
1.7217128569e+00
-4.3129035735e-01
1.4199556269e+00
-1.1884246126e+00
-2.1413529085e-01
1.2544821603e-01
1.6980680700e+00
1.1344607186e+00
-1.1200386049e+00
-1.6937813044e-01
-1.7140626845e+00
-4.0671690448e-01
8.7880648455e-01
8.8941638057e-01
-1.9805494726e+00
-1.0790068148e+00
1.5976906433e+00
-1.8410153371e-01
-6.4233383374e-01
-1.1968053940e+00
1.7846998892e+00
-9.1569826576e-02
2.1241221022e-01
1.0881528736e+00
-1.0679250869e+00
2.2962405431e+00
9.5501425319e-01
-6.2080407513e-01
9.1324222123e-01
-4.0434608377e-02
7.4815414834e-01
-7.0543385243e-01
-9.4606127490e-01
1.9697714009e-01
-3.8225218361e-02
7.8909947573e-02
1.0122699359e+00
5.9707837478e-01
-1.0294868573e-01
1.2251018586e-01
-9.6263824701e-01
-1.3247303180e+00
2.8216022857e+00
1.6372918449e+00
-5.5550476397e-02
2.2970272067e-01
-9.4824091044e-02
4.5854003536e-01
1.7854762530e-02
1.0589348983e+00
1.7342162216e+00
-1.2820134063e+00
-1.3924236909e+00
2.2937925655e-01
-2.8457859606e-01
-2.1635714989e-01
-1.3303147438e+00
-7.9591702487e-01
6.5984371214e-01
4.2504030719e-01
8.3194471662e-01
1.9446052737e-01
1.3798550576e+00
8.6177475855e-01
2.1323909469e+00
1.0838182387e+00
1.0980269082e+00
5.7604861176e-01
1.3865920021e-01
-3.1241143485e-01
1.0760901063e+00
2.0955221315e+00
-1.0537341031e+00
-6.1749066341e-01
-5.2560776636e-01
4.9421816302e-01
-1.4022542671e-01
-1.0021115514e+00
9.6578179481e-01
-1.3686149325e+00
-6.8177076570e-01
1.1510178326e-02
-1.5302851958e+00
1.6586955229e-01
1.1784309935e-01
-1.5796146517e+00
-2.1657146172e-01
8.5277895193e-01
7.2890850383e-01
-1.4173571375e+00
5.3419123353e-01
1.0388584629e+00
9.6160406118e-01
-7.0807526618e-02
-3.6280162910e-01
-1.1761531008e+00
-2.5060366350e-01
5.9728720997e-01
1.1737735818e+00
-1.3579176759e+00
9.0797671726e-01
-4.8117586999e-01
-8.1479337191e-01
1.7169697649e-02
1.1817266604e+00
9.4011493576e-02
-2.3532319032e-01
7.3866410154e-01
-1.1895693312e-01
1.0686994840e+00
1.1556923695e+00
-3.9368164711e-02
9.6271284617e-02
1.1501860128e+00
-1.4208608666e+00
1.2558061081e+00
-1.8145147429e-01
-8.4459908985e-01
5.0450384555e-01
-4.0378099750e-01
-1.0390113856e+00
5.9623907418e-01
-1.3103749094e+00
-6.1745738701e-01
8.4418674291e-01
-1.9227264437e+00
8.6142892602e-01
-1.9114606660e+00
3.3027604109e-01
-3.0878852086e-02
-1.6133668388e-01
2.5944413743e-01
1.0736008830e+00
-4.5114931766e-01
6.1310003063e-01
-3.1970371526e-01
1.1745153073e-01
