-1.8554984746e-01
-4.6944719801e-01
1.3863658940e-01
-1.0375060822e+00
1.7166983878e+00
3.9678904589e-01
9.5296889530e-01
6.2156217623e-01
3.4108616198e-01
-1.0169784875e+00
3.7452916683e-01
-1.5342492490e+00
3.2673588061e-01
1.0714122912e+00
-2.4546600604e-01
-1.2890703134e-01
-2.3687892263e-01
3.1274259948e-01
-2.4061856128e+00
-5.8756581454e-02
-1.5550048902e+00
6.8141929078e-02
-1.0152256419e+00
1.4053847278e+00
1.2651010569e+00
-7.5459855679e-01
1.8939152741e+00
1.8320111745e+00
-7.3011454174e-01
1.0183130578e+00
1.3458491290e+00
2.7399958934e-01
9.9975432635e-01
1.2151651240e+00
-8.5926623078e-01
1.3575008024e+00
-4.6576193179e-01
-1.2129756929e-01
-7.5950978510e-01
-7.3747830280e-01
-9.7564245916e-02
1.5112271555e+00
1.1263045215e+00
8.8122339839e-02
-6.6411311754e-02
-3.3044618253e-01
-7.2942396201e-01
-3.0523366135e+00
1.0377251624e+00
-8.2200014485e-02
-9.6353320290e-01
1.4056822012e+00
-8.4602993034e-01
-9.2917059390e-01
-1.6525657320e+00
2.8821812069e-01
2.7498581763e-01
-2.3918597327e+00
5.3196266786e-01
2.6104943180e-01
2.4305748122e-01
-1.2147602222e+00
2.4959384168e-01
1.1128692894e+00
5.3911247050e-01
-6.3199910562e-01
-1.4792227037e-02
1.8344327105e+00
-7.0696335897e-01
-2.8171442474e-01
-1.8602467341e+00
1.0570629677e+00
-4.8134984269e-01
2.9903713954e-01
2.3315596671e-01
-1.7403471865e+00
1.7804742011e+00
8.2797847198e-01
6.6524013811e-01
7.0626029806e-02
-2.9757343833e-01
