-3.9493164761e-01 6.4907868098e-01 3.9186916661e-01 9.0008452092e-02 -3.9314560681e-01
-2.5804532941e-01 -7.0999332817e-01 -2.9408136934e-01 -1.0055659174e-01 -2.4516384251e-01
2.7758727447e-01 -9.1460490958e-01 -2.9141557139e-01 -2.2274129453e-01 5.1848789285e-01
1.8563207517e-01 3.1446529871e-01 -5.1963601946e-02 1.2762249851e-01 8.6831092070e-01
-1.3052093744e-01 -4.4623769174e-01 7.1737390297e-01 1.1118486225e-01 8.0929125209e-02
-6.0889698590e-01 1.0099493729e-01 -5.6450903939e-03 1.1091724345e-02 4.4321998663e-01
1.4866439451e-01 3.0638523139e-01 -8.9268816371e-01 -2.8528647046e-01 -2.3799390348e-01
8.0330337272e-01 2.4618842833e-01 4.2361869058e-01 -2.1206343903e-01 -8.0508007561e-02
1.7724788878e-01 -1.5319444528e-01 -1.3901075766e-01 8.8866979770e-01 -2.2240620401e-01
-8.4075394994e-02 2.3530242635e-02 2.1494906511e-01 -8.2486872122e-01 -4.6882573795e-02
