1.9879058230e-02 -1.6013026384e-01 -1.9404878084e-01 1.5569547632e-01 6.3383651917e-02
-6.3036911147e-02 1.7464356308e-01 -1.2095097201e-01 -1.2665092301e-01 1.1270613807e-01
-7.9810454458e-02 -4.0574370338e-01 4.5092624634e-01 -1.4715158507e-01 5.7806480829e-01
-1.0543496588e-01 -3.7853032832e-01 3.8359518359e-01 4.1049492232e-01 1.3677624091e-02
1.0901597370e-01 8.8841984954e-02 8.1348055274e-02 4.0693057446e-03 -3.0188361705e-01
5.8830725784e-02 3.8574978591e-02 -6.1546787790e-01 1.4087179983e-01 2.5831265869e-02
2.0102412374e-02 9.1621801962e-02 2.1520094819e-01 -4.0543451712e-01 3.3724770528e-01
7.1170158117e-02 -1.7989868825e-01 1.6677840319e-01 -1.2887333252e-01 2.0724872752e-01
-2.8496690890e-02 -6.8980550652e-01 5.7316195135e-01 -2.9196268063e-01 1.0370465069e+00
5.3219639403e-01 2.1535648439e-02 -4.2081611813e-01 1.8632716763e-01 1.9647208986e-01
4.5948511876e-02 -4.6857093981e-02 -5.1780725586e-01 -8.7505628173e-01 -7.2456740107e-01
-5.4506197489e-01 -9.1430779021e-02 5.3282384067e-01 -2.9329543996e-01 -1.5117502679e-01
3.0281232359e-02 4.8987237093e-01 -1.0014849704e+00 -2.4547347987e-01 -4.9573741197e-02
