1.2391734113e-01 4.4919304262e-02 -3.5924160693e-01 5.5542463171e-02 -2.7698666446e-01 1.5428276160e-01 3.2262331022e-02
7.1725874329e-02 2.9770954894e-01 2.8231069802e-02 2.0759286769e-01 -2.1292330536e-01 -2.8579474368e-01 2.0636234787e-01
-4.0896951935e-02 5.2429142666e-01 -1.9796982744e-01 -6.5033683569e-02 -2.7871337626e-01 4.5112499931e-02 5.3195047504e-01
-2.9969183256e-01 -6.1478308159e-02 8.5889074205e-04 -3.5788024079e-01 -1.4575712259e-01 6.9378389896e-02 -6.4802198372e-01
2.2660540238e-01 -3.2148402954e-01 -2.4730040630e-01 -4.6069986385e-02 -5.3324034331e-02 2.3186036695e-01 -3.4483804897e-01
-4.0031217858e-01 -4.8076416789e-01 1.0289267662e-01 1.9633639836e-01 8.9262261412e-02 1.3330215903e-01 -8.7543987213e-01
-1.0027310023e-01 4.4953664396e-01 1.2396593289e-01 2.3483594644e-01 -2.9518837804e-01 -2.8098169528e-01 3.8087975373e-01
1.3969677635e-01 -9.0450392378e-01 -4.4633711607e-02 7.4557935507e-01 -1.8578316337e-01 1.5222755501e-01 -2.7569886068e-01
-8.1077687736e-02 1.4461861524e-01 1.2615056936e-01 -6.2581617519e-02 -1.6736537445e-01 -3.3997374949e-01 -1.7533291105e-01
-3.0536039526e-01 3.4185305780e-01 1.8772835590e-01 1.2288245698e-03 -8.5606627196e-02 -4.3448843327e-01 -2.3215587668e-02
