-1.1867193910e+00 6.6960365811e-01 -9.4617107050e-01 7.5832134852e-01 1.3480420783e-01 2.8561213756e-01 2.3291506822e-01 7.6920732567e-02 7.6795615516e-02 -3.1594378002e-01 -5.5314247737e-02 3.2188746879e-01 1.8980065468e-01
5.0948857517e-01 -3.1253242340e-01 6.0539140231e-01 -6.1911050253e-01 -1.6945573625e-01 -1.4145668667e+00 4.9780052559e-01 -3.8532106829e-01 -1.0359728057e+00 -3.9879592586e-01 8.3264593558e-01 3.7958147386e-01 -7.0986345030e-01
-2.5060747934e-01 5.4420228718e-01 -5.3421042592e-01 -1.0028660359e-02 2.1367868055e-01 -6.1860752172e-01 -6.2459546576e-01 2.3982166489e-01 8.1919283111e-02 6.5849039245e-01 2.4691607091e-01 -6.5530974161e-01 -7.4890265237e-01
9.2885498859e-01 -1.4208664852e-01 9.7724051078e-01 -2.3557495299e-01 -1.2724474665e+00 8.0963783436e-01 -1.5889638577e-01 -6.3983359007e-01 -9.8003883247e-02 -1.5830948453e-01 -1.2682292869e+00 1.1103524085e-01 6.9124646431e-01
-1.6918147578e-02 6.2774741409e-03 -6.1232861679e-02 -6.1199125805e-01 9.4929001200e-02 8.6111577283e-02 6.3703107538e-01 -2.1621928124e-02 -6.6816233734e-01 5.8722990705e-01 -1.1429624812e+00 -5.8589554254e-01 -9.0306134091e-03
-2.1572752924e-01 3.9961480975e-01 -5.6798712600e-01 -7.5104992040e-03 -1.4153518297e-01 8.2464474520e-01 -5.8811309807e-01 2.6963291940e-01 5.3553663390e-01 -5.6973317275e-01 6.7281101407e-01 6.0006151316e-01 2.0561331902e-01
-1.3712168366e-01 3.9154961107e-01 2.3658651087e-01 -6.3471548378e-01 -3.0753701161e-01 -4.6738595657e-01 5.6956512453e-01 -4.0097027884e-02 -8.2160650245e-01 -4.9106456790e-01 -1.5091518317e-01 5.0392018992e-01 8.2859739265e-03
-5.3352164901e-01 5.6992596428e-01 -8.8887644606e-02 -1.4414843525e-01 2.6161786416e-02 1.4396698271e+00 4.9884806142e-01 3.1057672840e-01 3.1241189724e-02 9.3783075495e-01 -1.5715958766e+00 -9.1337525699e-01 3.7027015014e-01
1.2135885847e+00 3.9668234086e-01 1.5515441109e+00 2.0756937898e-01 1.1513833695e+00 4.8830513147e-01 2.1488046150e-01 -1.1568670750e-01 -2.0082498626e-01 -4.2503220815e-01 6.7930488045e-01 4.2283001040e-01 2.1818690762e-01
1.0735073098e+00 -2.3762940426e-01 -2.9649108042e-01 6.8703544519e-01 7.2568326149e-01 -2.9091630220e-03 -6.7617741619e-01 -7.0189552550e-01 -2.0644016635e-02 5.6811101871e-03 -7.4381835139e-02 1.4042594321e-02 -3.7994724105e-02
