-1.4398539772e-01 2.7304427435e-01 2.6426844543e-01 1.4280570080e-01 -6.5030491928e-01 -8.7197699985e-01
3.0822976698e-01 3.1922921927e-02 4.0043248225e-02 2.2262297112e-01 5.5980885425e-01 -1.5900303077e-01
6.0029835443e-01 1.9580555712e-01 4.1823141584e-01 -3.3202036997e-01 1.4279808464e-01 -3.7654756339e-01
-5.1235718212e-02 -2.6768995651e-01 -4.7372268116e-01 -8.1151935204e-02 3.5036189526e-01 7.5701384012e-01
-3.5180522565e-01 -5.7432551403e-01 9.3175855243e-02 4.5898811807e-01 -4.7588957027e-02 2.7004042067e-01
2.7714107540e-01 -2.3725141006e-01 -1.1952807645e+00 -4.8239305602e-01 -6.3280398473e-01 8.2654726103e-01
-3.5231695351e-01 -1.8053120216e-02 -3.4743132324e-01 1.5301563728e-02 3.6710768263e-02 2.2608567691e-01
1.6156067353e-02 7.2064105302e-01 -4.9706163402e-01 -7.7597150782e-01 2.3966462122e-01 -5.7703311453e-01
4.2938823242e-01 -1.7415309402e-01 2.9614056003e-01 1.1825180300e-01 1.1132063659e-01 7.5309499128e-02
-1.6978110636e-02 -7.4950133536e-02 -4.3847905098e-01 -3.2501826465e-01 -3.5322853184e-01 1.8396371910e-01
