-8.4753564703e-02 3.5625072068e-01 -3.4237387514e-02 -4.1852937578e-01 6.0120914507e-02 3.2716473313e-01
-5.1542854273e-01 -4.7330270718e-01 5.2142790633e-01 -9.0949437600e-02 -1.1702117141e-01 1.4753009147e-01
-1.0544926835e-01 5.3406208271e-02 1.5846894533e-01 5.8757525356e-01 -4.0026704700e-01 -1.1912789011e-01
-2.1242070567e-01 -3.7922788666e-01 6.2794835074e-01 1.2553537199e-01 2.2978820495e-01 -3.0936642641e-01
4.4638832311e-01 -1.8919427115e-01 1.5692006181e-01 2.6833259638e-01 1.6211619138e-01 1.5038709256e-02
-1.0984055923e-01 -5.2597631001e-02 2.3059542834e-01 1.7368427363e-01 5.4081939891e-01 8.7029643199e-02
2.4398290797e-01 -1.2547870404e-01 -1.0153158109e-01 1.5221464948e-01 -3.4713852354e-01 8.8082602153e-02
1.5144906422e-01 -3.2248661624e-01 -2.5046637846e-01 -2.4123413988e-02 -4.4024589629e-01 3.1783900770e-01
-1.5117005756e-01 2.6188715828e-01 1.5175390889e-01 4.9702931371e-01 -6.0865229978e-02 -1.5563866437e-01
6.7913642120e-02 -1.9347730547e-01 4.4629055359e-01 4.2034717443e-01 1.9401393700e-01 1.4765155457e-01
