-4.6949855906e-01 1.1004459508e+00 6.7607880871e-01 2.8362570485e-01 3.8053479429e-01 3.9217330715e-01 2.2905387395e-02
-1.0480340476e+00 -1.1761626603e+00 -3.4189057035e-01 8.9573377090e-01 -1.4605378779e-01 -2.9693787350e+00 -6.1734380627e-01
-5.6445799904e-01 4.0204814717e-01 -9.1513893025e-02 -6.4211476317e-01 4.3825350818e-01 -3.3675985575e-01 4.8667553807e-01
-3.6045862587e-02 -2.5455656289e-01 1.5737273226e+00 -3.1178215672e-01 5.0279835993e-01 8.9809748459e-02 1.1225674743e+00
1.3199968794e+00 -1.2919028032e+00 3.4415161642e-01 -2.1096665140e-01 5.4668167466e-02 1.2738429392e+00 1.1483603211e-01
9.7197433423e-02 7.5376536851e-01 6.2696905079e-02 1.6500909194e+00 4.1045777239e-01 -8.6610088395e-01 -3.0161106060e-02
-4.5570321778e-01 2.0991302876e-01 -3.7103638333e-01 -6.9885942466e-02 -2.3238946540e-01 -1.2379525810e+00 3.3455996332e-01
-3.4578708245e-01 -1.4181799364e-01 -1.8629729188e-01 4.2215827683e+00 5.9822330666e-01 -6.7327466489e-02 -8.1735080891e-01
-3.4949951664e-02 -1.5285346443e+00 -6.5188756968e-01 -2.3607804571e-02 4.7273914510e-01 2.5185283926e-01 4.5556356566e-01
3.0856319518e-01 4.9164751138e-01 -1.2458490111e-01 -1.4868387134e+00 6.4290055601e-01 -4.4571619718e-01 -5.1101878585e-01
