1.3960950800e+00 7.5304210696e-01 2.9321020059e-01 -1.9610354677e-01 3.8029248031e-01 3.3856722425e-01 -1.5622958690e-01 8.7665125742e-01 -1.1353960098e+00
-7.9433726553e-02 -5.3229491993e-01 7.5139827728e-01 8.2884400773e-01 -4.5003200185e-01 9.1862465870e-01 1.5248208998e-01 -6.8766254170e-01 6.3823857938e-01
-2.0975660150e-01 8.1330954265e-01 -4.7193205462e-01 -9.7372176055e-01 -8.9547166449e-01 -4.3803484716e-01 -6.1672165132e-01 -5.6333435629e-01 -5.8638370471e-01
4.1582602832e-01 4.4305412946e-01 1.2792545623e-01 2.8733901600e-01 -5.5470151470e-01 -1.2123456729e-02 -4.3229929185e-01 9.5269333889e-02 -3.9472766177e-01
4.2875491285e-01 -1.8423704035e+00 -2.3767602941e-02 -2.2948110661e-01 1.2843432616e+00 -2.3854395275e-01 1.0477705940e+00 5.6009593340e-01 -5.4366972522e-02
3.4531829856e-01 -2.8838872042e-01 1.2902543539e-01 1.0254654711e+00 1.5181011671e-02 1.5207142043e-02 -1.9089426135e-01 2.6176648597e-01 1.8630438150e-01
5.9241540678e-02 -3.1445557411e-01 -3.6969941840e-01 -9.5456821310e-02 -4.3297929970e-01 -9.4488928891e-01 4.6228433518e-01 2.1299435909e-04 2.8999673893e-01
-3.8211865791e-01 1.1546473510e-01 3.4147024564e-01 -6.4542379228e-02 2.5418554189e-01 -1.1687533270e-01 -1.8569614356e-01 -2.4855620398e-01 1.8888637633e-01
-8.3325537124e-01 -6.3484711341e-01 -2.2267186581e-01 -3.0138052121e-01 6.6475273832e-01 -2.5241084244e-02 9.7085949579e-01 -4.2524453721e-01 7.3784858067e-01
-8.2467069461e-03 -3.9768742337e-02 8.9481034171e-01 4.2997833815e-01 1.0679033467e-01 1.8129203863e+00 -1.7694869006e-01 -2.9019638244e-01 -8.7712715783e-02
