3.1669456660e-02 1.4158460056e-01 3.4408327889e-01 -3.1556249751e-01 -2.9621719811e-01 4.0078441915e-01
-1.9184871348e-01 2.5763636695e-01 3.6282926649e-02 -1.9523943417e-01 -2.0766016201e-01 -3.0239394176e-01
1.5976173389e-01 -2.1164768096e-01 -4.1112453481e-02 1.7081018992e-01 2.0883090308e-01 3.1836530560e-01
4.6362108138e-01 4.5201245232e-03 -1.2259947377e-01 -1.5284555414e-01 1.0030246912e-01 4.3986353689e-02
7.6920449494e-02 -7.5053532217e-02 -3.3926156742e-01 -5.3873722060e-01 3.0435762129e-01 6.9615079173e-02
-6.2140688912e-01 5.3615677913e-01 2.1917782514e-01 5.8233058166e-02 1.2237518596e-01 2.5544908138e-03
-1.8276428864e-01 6.5852120695e-02 -1.0764068119e-01 1.9950451832e-01 -1.9045551256e-01 1.4043798157e-01
9.0040022555e-02 -1.7629950947e-01 -3.1984414838e-01 3.1001517432e-01 2.6912037174e-01 -4.0518330678e-01
2.3079103219e-01 -4.3307944452e-01 4.1876484385e-01 -1.2561357970e-01 2.4504819942e-01 -7.8548203781e-02
5.4454604893e-01 -3.5281299127e-01 4.2572531875e-02 -7.0614985630e-02 2.6907803096e-01 4.2364734165e-01
