-9.8972690271e-01 -5.7514127108e-01 -3.3605853682e-01 -1.1922554194e+00 1.0145515787e+00 -1.0267762822e+00 5.9813561958e-01 -6.7860770791e-02 -9.2576309618e-02 -2.7473056618e-01
1.5263792808e-01 -1.3388133207e-01 1.2232345486e-01 4.8660466940e-01 3.9763235628e-02 -1.4136383904e-01 1.9979032523e-02 1.1346575899e+00 -4.1477898774e-01 -1.7087505949e-01
-1.3923332891e-01 5.2656142734e-01 -2.3341125572e-01 -1.7243754526e-01 9.1945899184e-01 5.2508513497e-01 8.5795888731e-01 -2.4502322427e-01 8.6743618344e-01 9.1221228754e-01
7.6198367027e-02 -8.4702441357e-01 1.1568001643e+00 -1.3749444530e+00 1.5691985225e+00 -2.5360545457e-01 -5.1903416811e-01 -1.3216084470e-01 7.3326741763e-02 -7.9373735321e-01
-2.4547550112e-01 1.7712353737e-01 -3.7120613887e-01 -6.3562839720e-02 -1.6529547749e-01 1.0504867932e-01 6.0115863324e-02 -1.3152575909e+00 3.1663830830e-01 2.0485628016e-01
1.7253165731e-01 -2.4293180638e-01 7.3768296555e-01 -8.2946332841e-01 9.7861007773e-01 6.2196360631e-01 -5.4519629907e-01 -2.9014491929e-01 1.0263654255e+00 -1.8653967266e-01
-2.8757918701e-01 -8.6689317920e-01 1.4846172609e-01 -2.5101106622e-01 -1.8065331549e-02 -8.4575846916e-01 -2.8945364635e-01 4.3194022135e-01 -8.8617785318e-01 -7.8898403115e-01
-6.4756229092e-01 1.0652637297e-01 -7.6493807224e-01 -6.0227998166e-03 4.9949294158e-02 -9.8579053445e-02 1.7628963843e-01 -3.7837143375e-01 2.3525657909e-01 2.2428992687e-01
7.1466339708e-01 5.8423591281e-02 6.3709577355e-01 -2.0225232960e-01 -7.9145027940e-01 6.2536371576e-01 -1.5194303854e+00 -7.0316789008e-01 1.1787894096e-01 -4.3541625666e-01
2.4239674548e-01 -3.2912598032e-03 3.2336521633e-01 2.8657943642e-02 -2.5430913540e-01 6.0079923865e-01 -7.4145887497e-01 8.8786010922e-02 2.7571855368e-01 -2.4864300385e-02
