2.52491097e-09 1.18107048e-09 2.64070884e-09 1.54647275e-10 2.13186617e-09 1.21486582e-09 6.93829989e-10 -2.33290833e-10 -9.87293761e-10 -1.18598595e-10 4.93601480e-09 7.45085158e-11 3.79089338e-10
1.18107048e-09 1.29691468e-09 1.68844520e-09 3.57600391e-10 1.54185324e-09 1.10609551e-09 5.10515383e-10 2.49211611e-10 -6.82248523e-10 -6.35807467e-11 3.28063810e-09 4.77583129e-11 1.35935891e-10
2.64070884e-09 1.68844520e-09 3.05329560e-09 3.40287229e-10 2.56499349e-09 1.60027761e-09 8.44331734e-10 -1.76001246e-11 -1.17201523e-09 -1.31946037e-10 4.11132748e-09 9.06173507e-11 3.78432683e-10
1.54647275e-10 3.57600391e-10 3.40287229e-10 1.26026838e-10 3.45584534e-10 2.88917676e-10 1.15148333e-10 1.27324929e-10 -1.46072266e-10 -1.60365400e-11 8.53915775e-10 1.08571573e-11 3.16925589e-11
2.13186617e-09 1.54185324e-09 2.56499349e-09 3.45584534e-10 2.23022604e-09 1.43739763e-09 7.32733845e-10 7.69573818e-11 -1.00007155e-09 -1.12609027e-10 6.04022879e-09 7.89752396e-11 3.73157072e-10
1.21486582e-09 1.10609551e-09 1.60027761e-09 2.88917676e-10 1.43739763e-09 1.01671252e-09 4.74263839e-10 1.56145452e-10 -6.37820649e-10 -5.54114571e-11 4.07370634e-09 1.76074388e-11 2.71893063e-10
6.93829989e-10 5.10515383e-10 8.44331734e-10 1.15148333e-10 7.32733845e-10 4.74263839e-10 2.44417515e-10 3.09129147e-11 -3.31300578e-10 -3.92911771e-11 9.14976960e-10 2.62303018e-11 1.10593585e-10
-2.33290833e-10 2.49211611e-10 -1.76001246e-11 1.27324929e-10 7.69573818e-11 1.56145452e-10 3.09129147e-11 2.06679994e-10 -1.87608866e-11 1.30017788e-11 -1.75864684e-11 6.70133268e-13 -3.08699266e-11
-9.87293761e-10 -6.82248523e-10 -1.17201523e-09 -1.46072266e-10 -1.00007155e-09 -6.37820649e-10 -3.31300578e-10 -1.87608866e-11 4.56072522e-10 4.66253193e-11 -1.34157986e-09 -3.12770440e-11 -1.31559004e-10
-1.18598595e-10 -6.35807467e-11 -1.31946037e-10 -1.60365400e-11 -1.12609027e-10 -5.54114571e-11 -3.92911771e-11 1.30017788e-11 4.66253193e-11 1.48817697e-09 -1.14196779e-08 -1.09343119e-09 -1.24393198e-10
4.93601480e-09 3.28063810e-09 4.11132748e-09 8.53915775e-10 6.04022879e-09 4.07370634e-09 9.14976960e-10 -1.75864684e-11 -1.34157986e-09 -1.14196779e-08 1.22638351e-06 1.01686668e-08 2.01586219e-09
7.45085158e-11 4.77583129e-11 9.06173507e-11 1.08571573e-11 7.89752396e-11 1.76074388e-11 2.62303018e-11 6.70133268e-13 -3.12770440e-11 -1.09343119e-09 1.01686668e-08 9.69299092e-10 6.77353306e-11
3.79089338e-10 1.35935891e-10 3.78432683e-10 3.16925589e-11 3.73157072e-10 2.71893063e-10 1.10593585e-10 -3.08699266e-11 -1.31559004e-10 -1.24393198e-10 2.01586219e-09 6.77353306e-11 2.72341505e-09
