-9.9133381248e-02 2.4934067017e-01 1.9401492957e-01 6.3512113720e-02 -1.4992283594e-01 9.2279979729e-02 -1.9763617144e-01
1.3684577203e-01 -9.1398731661e-02 8.7682827102e-02 2.9304247564e-01 6.2717293491e-02 -2.5452767591e-01 -2.2627747031e-01
-8.8570102480e-03 1.3472214689e-01 -3.1415633907e-02 -2.3272557205e-02 -1.0815660736e-01 9.9226186701e-02 9.0022146519e-02
-1.2955870146e-01 -2.6759566522e-03 2.8161315539e-01 2.6337844153e-01 2.0893033210e-01 9.2543260137e-02 -2.4722817818e-01
-5.7246053924e-02 -6.0177220185e-02 6.4658889223e-02 6.7999744769e-02 -1.6299829905e-01 2.9062592461e-02 -9.5356412705e-02
-7.5015034273e-02 2.3960255627e-02 1.6697451951e-01 2.5681067728e-03 9.4382558324e-03 1.1011348843e-01 -1.2844011525e-01
-7.8520689878e-02 1.1278740825e-02 -7.1230591725e-02 -3.3717657069e-02 -2.6633398192e-02 -8.2028372830e-02 1.0105649192e-01
-7.5058977964e-02 -3.3648280823e-02 5.6605656117e-02 3.2105433041e-02 -5.4849256067e-02 -4.4035785007e-02 -1.8171472120e-01
-4.2809044127e-02 -3.6837370787e-02 7.2172701484e-02 -1.0683246935e-01 4.0628587963e-02 -1.1512486586e-01 1.1168521349e-01
-4.1943368746e-02 -5.9672334440e-02 -9.4198227169e-02 -9.2306491094e-03 2.1486588863e-01 -6.9636697745e-02 -3.1816635382e-02
1.0715311397e-02 -3.3726327961e-02 1.8509319917e-01 -9.6452879325e-02 3.7163267038e-02 2.8251591272e-02 1.0560881361e-02
-7.1653219153e-02 8.4450071516e-03 -2.1183600980e-01 -5.6116581103e-01 6.7018412273e-02 1.0905966289e-01 -1.6987398929e-01
3.9078621348e-02 1.4565258138e-01 -1.1727983896e-01 -5.0789041872e-02 -3.3581593093e-02 -4.9978202367e-02 -2.2199856357e-02
1.1924221491e-01 -3.1780444179e-04 2.9473337096e-02 -6.5528339802e-02 7.1781485847e-02 -7.4194383312e-02 1.2715544399e-02
-7.1165401474e-03 -1.4011072790e-01 -6.4540746532e-02 4.4900768810e-02 7.2413148637e-02 -1.1963220719e-01 -1.2424738149e-02
3.4472550147e-02 4.7107532284e-03 1.0463745956e-01 2.9698219575e-02 3.8832121772e-02 -1.2679773813e-01 -2.4979178410e-01
3.2613081900e-01 -4.0613302666e-01 -2.0040032026e-01 2.2898156291e-01 7.2281138205e-02 -2.3977021337e-01 2.6103969072e-02
7.0146433392e-02 -6.1062316568e-02 4.4507958423e-01 -4.4240357523e-02 8.0736384392e-02 6.1881987361e-02 -1.1465273654e-01
8.3280357311e-02 1.1884216110e-01 -1.1808319014e-01 2.3683112053e-02 -1.2624778442e-01 1.9221577235e-02 -5.1729845222e-02
-5.6606640463e-01 7.9794447440e-02 2.6131990260e-02 1.5256521772e-01 1.2773468961e-01 1.5937311912e-02 -2.5715742939e-02
1.1135284065e-02 1.6172619722e-01 -2.9331873358e-03 -6.8176298197e-02 6.2366890248e-03 6.4613115638e-02 3.0949339575e-01
-7.9505945992e-02 -5.0635512733e-03 6.3108158721e-02 8.5801458609e-02 2.1939599962e-02 8.7454395498e-02 3.1577018204e-03
5.9886991677e-03 -3.2341586498e-02 6.4361929008e-02 -3.2770370381e-02 -2.4340238234e-02 6.5956404735e-02 1.0889118468e-01
-9.3761992137e-02 -3.9431148233e-02 1.2207410760e-03 4.7804004983e-02 1.2947631770e-01 8.9252118737e-02 -1.0560817411e-01
-1.4478301776e-01 1.6835049581e-01 -2.7763623498e-01 -1.9823539841e-01 1.4074805968e-01 -6.8623070505e-02 -3.3301131633e-01
-1.2937934701e-02 3.4050801596e-02 -3.4090687757e-02 2.0835083412e-01 -5.0984266505e-02 2.2744846615e-02 -5.2436172796e-02
8.7417294253e-02 -6.3853440079e-03 3.8485573008e-02 -6.3811802796e-02 2.1834627759e-01 4.7889833502e-02 -1.0446363357e-02
-2.2765572882e-01 -1.7174212246e-02 5.1488539681e-02 3.9744823728e-02 5.9452778703e-02 -1.7078658214e-02 -1.0454858269e-01
-1.4704565062e-01 2.4232945790e-02 -7.6672893127e-02 8.3175636112e-02 1.7081505215e-01 -2.1438177121e-02 1.1619609783e-01
-2.1247030466e-02 4.6698153264e-02 6.4482741607e-02 1.1516291898e-01 7.9583303299e-02 5.1166826190e-02 2.7557569878e-02
-2.8341080111e-02 2.1676733675e-02 -1.0789257292e-01 -1.2520254216e-01 -1.4168073537e-01 -1.2104310063e-02 2.8879553611e-01
-1.1177936957e-01 -7.7110342474e-02 5.5692942049e-02 5.4597370239e-02 -1.0908409760e-01 8.8343170731e-02 -1.3097860847e-01
-9.6667882413e-02 -7.5501560049e-03 6.6731337951e-02 3.7346851968e-02 1.1035306706e-02 2.2953009770e-02 -5.0538669191e-02
-3.8518539760e-02 7.5839560226e-02 8.2106499083e-02 2.1797201171e-02 8.3674068346e-02 6.0022401795e-02 -6.5353466781e-02
3.4342068810e-02 -9.7140043029e-02 -9.4522586745e-02 1.5909343576e-02 7.3410123098e-02 -1.6043667767e-02 -1.8182034479e-02
-8.9875205081e-02 6.9653729286e-02 -4.3332539979e-02 -2.6482161364e-02 6.2088426097e-01 -6.7836978932e-02 -1.3458126537e-02
8.2103321137e-03 4.7022902902e-02 -1.0902331783e-01 -7.3480803459e-02 -1.7157041492e-03 -1.0601430054e-01 1.3085418175e-02
5.3027627122e-02 7.4638545330e-02 -2.9167905963e-02 -8.6500424793e-02 -1.2453784338e-01 2.4005296276e-01 -1.1011598928e-01
1.1290383749e-01 -6.9471603995e-02 9.4037264625e-02 -4.3868752592e-03 -6.4261517084e-02 6.3904398216e-02 -9.1358861561e-02
-1.0011052515e-01 -4.4676996997e-02 9.0522120442e-02 1.4066383575e-01 1.6929837308e-02 -6.7919123855e-02 -2.2115287199e-02
6.1229776513e-02 1.9752390858e-02 1.6334975395e-01 -1.1562803602e-02 8.6244563345e-02 -2.0248686980e-02 9.3976820907e-04
1.5374222028e-01 -4.3403836204e-02 -2.2522895824e-02 -6.5492853820e-02 6.0793044975e-02 -5.0132674084e-02 -7.7402039891e-02
1.1571372923e-02 2.0684579535e-01 1.2114957755e-01 1.0697516307e-01 -5.1111009347e-02 -1.7322707482e-01 -1.4058226158e-01
-2.7377058196e-02 7.1164640684e-03 -1.1006096936e-01 2.6939984380e-02 -1.2872041727e-01 -7.6009411335e-02 8.1956540092e-02
-1.2188868718e-01 8.1150471151e-03 6.4891476929e-02 -7.5281969340e-03 1.8287113441e-02 1.1209568386e-01 9.0153731617e-02
-4.0219605475e-02 -6.0846502642e-02 2.9334714355e-01 -6.2113973825e-02 1.3273281383e-01 3.5769628484e-02 6.5643562062e-03
2.4232560279e-01 -1.4833598770e-01 1.4066076648e-01 2.0821360524e-01 3.9795781033e-01 -8.1540396237e-02 1.1053597493e-01
-1.0984150239e-01 -1.1637742314e-01 2.7528814425e-02 7.4072642422e-02 -9.7988955192e-02 1.1081742710e-01 -8.5352893117e-02
-2.0582116285e-01 1.0404902290e-01 3.7440588544e-02 6.1638645466e-02 -8.6307003912e-02 3.6876712898e-02 -2.9488853451e-02
-7.1594133023e-02 8.4474142993e-02 -1.4509714967e-02 -1.3691580139e-01 -1.5473557880e-01 1.8352808612e-02 -1.0343337502e-02
-1.2166018772e-01 -1.3737227996e-01 1.0990388725e-01 4.9852250553e-01 2.4874294416e-01 -1.3621702019e-01 2.5578949985e-01
-1.4525228215e-01 1.0356046307e-01 7.7217962608e-02 -1.4049114941e-01 -1.8531564190e-01 4.7432771765e-02 1.1539917556e-01
1.5175057937e-02 1.3951936360e-01 7.6613576040e-02 -3.4809859358e-01 -1.6469168319e-01 1.0278609584e-01 -2.2529730397e-01
-4.3835824039e-02 3.4855733758e-01 1.9808009919e-02 1.4361825065e-01 -2.2579347002e-01 -8.5789756609e-02 -6.6552619616e-02
-3.2670522277e-02 1.0923880814e-02 3.3643392017e-02 5.6947525842e-02 3.0019373920e-02 3.1087485868e-02 -1.3594956302e-01
8.4628089577e-02 2.1436141084e-02 2.0505139006e-02 3.4439143183e-03 8.5661447598e-02 -1.7496442846e-01 1.5466476627e-01
6.4046417672e-02 5.0429564983e-02 -1.0651524538e-01 7.4781027924e-02 -4.4065718684e-02 2.1248190599e-02 2.9739912451e-01
1.6827301657e-01 -4.0174493779e-02 6.3072682898e-02 3.3229438552e-01 3.6711859998e-01 3.8854093804e-02 1.5962595570e-01
3.4368075859e-02 -1.0847535896e-01 -8.4485545657e-02 1.8392929141e-02 -1.6649033196e-01 -5.5132795537e-02 5.0207438798e-02
-1.9403138541e-01 -4.3633905188e-02 8.2923373736e-02 1.1732980064e-03 -2.0505959287e-02 8.9077687338e-02 7.7585222704e-02
-4.0563694653e-02 9.5844177236e-03 8.7951888605e-03 -1.5949717283e-01 9.5204027169e-03 3.0993068154e-03 -1.5253964296e-01
6.9616698285e-02 6.6355668435e-02 -2.4822187120e-01 -5.3404693162e-02 -5.2353882761e-02 -1.9569574992e-01 -4.6653054360e-02
3.0215375435e-01 -1.5091074764e-02 -2.4574006519e-01 -9.7654744013e-02 2.9783313830e-01 -2.6397117637e-01 1.5912789019e-01
-3.9305152137e-02 -3.1346561345e-02 3.7453452211e-02 -7.9301934493e-03 2.7513960433e-02 9.2823952720e-03 1.2473619407e-01
1.7119623949e-01 -7.9732656589e-02 4.8366170171e-02 5.1637022484e-02 2.2882738497e-02 3.3786466340e-02 4.1326437493e-02
1.1848597572e-01 2.7599678884e-01 -1.9825897619e-02 1.4886636416e-01 1.8535155620e-01 -8.2907426431e-02 1.2035499185e-02
-8.3946294813e-03 7.5886949420e-02 1.9765168337e-02 9.4177942053e-02 -1.3863078039e-01 -1.4280996746e-01 5.4978323033e-02
-1.0306719048e-01 8.2074452795e-02 4.1774612000e-02 -1.2334964162e-01 -7.1130630531e-02 6.1396155192e-02 -1.1072146501e-01
-3.6522370604e-03 -2.9496964411e-02 -4.4162092132e-02 -1.7768872879e-01 -4.0127495805e-03 -9.0863239514e-02 1.2307179291e-02
1.6207987310e-01 5.9531108458e-02 4.5801083079e-02 5.0828097005e-02 -4.1015204752e-04 4.4604510735e-03 -5.2960449484e-02
-4.0203600111e-02 5.4446275710e-02 -4.1975042215e-02 -5.8163309388e-02 5.0098206421e-02 -9.1625015586e-02 -3.3809792747e-02
-1.3635992259e-01 2.0771357641e-02 -5.2447418823e-02 1.0413100511e-01 -1.4616910800e-01 4.1428149766e-02 -8.9396556845e-02
-4.7994172067e-03 6.8664465698e-02 2.4145858383e-01 3.8082821090e-02 -6.7568993421e-02 -1.8945465302e-02 6.7546719940e-02
-1.0041886883e-01 2.5542337388e-02 -1.7022003203e-01 1.6448916602e-01 -5.6557081476e-02 2.8285759276e-02 6.9894004223e-02
4.2682924858e-02 3.0815101615e-03 -1.2823029069e-01 -9.1960390770e-03 3.2928511912e-02 1.7605732240e-01 1.1491091400e-01
-8.2504051469e-02 3.8314534056e-02 -2.2352108519e-02 5.9006876802e-02 2.1581320860e-02 -1.3983549926e-01 -2.2655037011e-03
3.1393255467e-02 -3.3597027263e-02 8.0890169208e-02 -1.7267115861e-01 -8.6133057590e-02 -1.1366600858e-01 -1.2475901778e-02
-1.7908114990e-01 -6.7405471132e-02 4.6994603808e-02 4.1705659947e-03 7.9569136923e-02 -1.2602470923e-01 3.1184013073e-02
-1.7371517152e-02 1.0413132778e-01 1.5206872627e-01 7.1047697462e-02 -9.6894433145e-02 -1.1357856302e-01 -2.2267630572e-01
-9.2841052657e-02 -7.2633591990e-02 9.1055044367e-02 -5.8561577608e-02 -9.6389551223e-02 -8.4081289823e-02 -3.8912141889e-02
7.8920018911e-02 1.2285868943e-03 -4.1801819634e-02 -2.1211051665e-02 2.8411889348e-01 -3.2547578670e-01 -1.0920009286e-01
-3.8855237293e-02 -8.2980401904e-02 -2.2405357545e-01 -5.1188659559e-02 1.0882072810e-01 -8.1200767340e-02 -2.3464159139e-02
1.0086062058e-01 -1.8675757893e-01 -5.8373820726e-01 1.8974234759e-01 2.8842288845e-01 -6.3465470697e-01 2.9196659343e-01
1.3312032976e-01 -8.7561460974e-02 8.4282836541e-02 4.7765895128e-02 1.4036479479e-01 3.4289349963e-02 -4.3378798422e-02
1.9749112516e-02 -6.4487911744e-04 -2.1359880173e-02 5.4825741094e-03 9.7392139753e-02 5.6319352681e-02 1.8732600830e-01
-7.3408657512e-02 4.9449068178e-02 6.0552458903e-02 -1.0637735653e-01 -5.1287805726e-02 -3.0691758647e-02 3.5501428103e-02
-2.4097306353e-03 -2.4969727707e-02 2.2327027966e-02 1.0066721289e-02 -1.5290705336e-01 -2.4241710880e-02 -1.3568299143e-01
-7.4049386307e-02 -7.4042957921e-02 1.2290043661e-01 3.8400497513e-02 1.2389344690e-01 1.1778535026e-01 -5.4292434723e-02
1.2668953167e-01 2.6481402592e-02 -1.6008642070e-01 -1.3900041116e-01 -6.4914473796e-03 -1.1328115102e-01 2.4105232229e-02
2.5562121280e-02 -7.1755747681e-02 -7.4925163553e-02 3.6564125126e-03 9.2874463247e-02 4.7506236922e-02 2.0983693349e-01
-1.7444446668e-03 5.9634508232e-02 8.9265941679e-03 -4.3296194120e-02 9.0545353608e-03 3.4469002450e-02 -6.2811631040e-02
5.5060963934e-03 1.0303473182e-01 5.4919949830e-02 1.2663105062e-02 1.6625205648e-02 -6.4895361419e-02 -7.3130319348e-02
-5.1223955838e-02 3.4457632673e-02 1.7066893972e-01 -3.4918986750e-03 9.9345320658e-02 -4.3146235019e-03 -4.6912850399e-02
2.5713739839e-02 -4.9102675813e-02 1.1899456695e-01 1.0538127645e-01 3.0027594391e-02 2.0905538539e-01 3.9165710170e-02
-3.5096346519e-01 3.1388497751e-01 9.6371732280e-02 1.2407839409e-01 -8.4771639474e-02 -1.1811044602e-01 3.7340276796e-02
-2.0477545617e-02 3.2932427731e-02 -1.8202410116e-02 1.8511169757e-03 -5.2463067332e-02 1.7907953768e-02 -2.2905209519e-01
-4.0047269708e-02 -7.9767853322e-03 -1.8195995718e-01 1.1942885949e-01 1.7462394743e-01 2.5108882174e-01 -1.7901548464e-01
-1.0534821353e-01 2.5149784413e-02 -4.2591762818e-02 -2.0080928458e-01 2.5986004508e-02 -1.8411578761e-02 1.6521005559e-02
2.8115607354e-02 -1.2070099012e-01 -9.9105737557e-02 -1.4887481269e-01 -1.3405953719e-01 -2.5438137485e-02 -6.5887333700e-02
2.3566192603e-01 1.0230631226e-01 1.5071692835e-01 -1.3329210763e-01 4.4903087117e-01 -1.7694518594e-01 2.1607083375e-01
1.0827831534e-01 4.4042543812e-03 -3.4110359763e-02 -1.3740621883e-01 -8.6640536348e-02 -9.6334485409e-02 1.0023393441e-01
-9.1717459758e-02 -1.6469075863e-01 -1.0180832240e-02 -4.5940173242e-02 3.1070536640e-01 -4.9993761442e-02 -2.4396819321e-01
5.5607860972e-02 -1.4405081629e-02 -3.3364290220e-02 -2.1888415060e-02 1.7819390276e-01 -2.9472642317e-02 7.1834785955e-02
-8.8862068008e-02 1.2177581867e-01 3.6619250294e-02 1.0887591689e-01 -2.3338688367e-01 4.2198684255e-02 -1.1588542346e-01
-2.3645805124e-01 6.8484430472e-02 -3.1622343692e-01 2.0160287316e-01 2.6892634791e-01 -3.8085917533e-02 -1.2584880275e-01
-1.5429860126e-01 6.1025258830e-02 1.2189311480e-03 6.2378397913e-02 4.6761338391e-02 1.1867954956e-01 -9.1022016965e-02
-3.7488042288e-02 -5.3926880867e-02 4.4812067647e-02 -1.5682491825e-01 9.1646547428e-02 -1.0185268017e-01 5.3737995811e-02
1.9389647546e-01 -1.2691972325e-01 -2.4807876398e-01 6.9825002034e-02 -2.8672024864e-01 -1.3769117101e-01 -8.1176096290e-02
1.1777424576e-01 -6.7043025780e-02 8.7462258358e-03 -1.3210562845e-01 6.8875234749e-02 5.5016033831e-02 -7.5518023024e-02
-1.2594241313e-01 -4.3147625932e-02 4.6310650415e-02 1.8959186174e-02 -1.2542926577e-01 -2.8385930316e-01 8.1736953759e-02
1.4420399465e-01 2.9205007948e-02 9.0431042734e-02 3.5758399318e-02 -6.7804877666e-02 -6.4903428526e-02 2.0632121256e-02
-8.2916302599e-02 -3.9920149984e-02 6.9729329700e-02 6.2845742794e-02 1.0468128243e-01 1.7023907595e-01 -1.4311476728e-01
4.5701489195e-02 2.9486399935e-02 -1.8269717640e-01 5.8568504950e-02 5.1521057746e-02 -3.4085763539e-02 -1.4886050323e-01
-7.0050734088e-02 6.1989741601e-02 -1.7599813311e-02 1.0181962104e-01 1.6401148283e-01 1.2597422141e-01 1.1887647879e-02
8.1497222417e-02 3.4452572844e-02 -1.0494322794e-01 4.7227865874e-01 -2.6359176301e-01 -1.6793359471e-01 -5.0511067716e-02
-2.7065545766e-02 2.0546149874e-02 -1.9082379012e-02 -2.1225295086e-02 -1.6144404975e-01 -1.2912219757e-01 -1.0687427670e-01
-6.5503708306e-02 6.6844546181e-02 -2.7797465357e-02 -1.0157075940e-02 -4.9344086688e-02 -1.4437474940e-01 1.8868722295e-02
1.8472612955e-02 5.0142066912e-02 -8.4155669455e-03 2.7089379714e-02 -2.1005344094e-02 -9.6611501771e-02 -1.6776687313e-01
2.2861821712e-02 -7.9598949858e-03 -1.3010767886e-01 -2.7062076378e-02 4.9272012826e-03 -1.8510174236e-02 6.0756406463e-02
-7.1447591810e-02 -3.6252113824e-02 3.2774115864e-02 1.3143731009e-01 6.3690359278e-02 3.2386711301e-02 -2.6577091587e-01
-2.6629766427e-02 6.5776153485e-02 3.5896111965e-02 -1.0318486436e-02 -7.6856255251e-02 1.7948579462e-02 -7.2183110142e-02
1.4371855226e-02 -1.2727463050e-01 -4.7875927569e-02 -2.5413492508e-01 6.4780152027e-02 -8.3271377343e-03 2.4254518552e-02
4.2783308494e-02 4.7305213450e-02 -3.8271680457e-02 -6.0271364866e-02 -5.6127736612e-02 -2.8262332703e-02 1.9318838836e-02
2.7084083485e-01 -5.7657782579e-02 -6.0106598728e-02 -8.0944549530e-02 6.0725495097e-02 -2.6306095994e-01 8.2048431888e-02
1.0551299830e-01 -1.5032469787e-01 -1.8950722576e-01 2.1295999352e-02 -1.1748692328e-01 -1.7893951379e-01 1.4939975084e-01
3.0852592899e-02 -5.6544446303e-02 1.9509836532e-01 -1.5703524406e-02 1.0258848671e-02 -3.6104594817e-02 -4.6383620173e-02
-5.0767472130e-02 -1.5934669668e-01 7.9366310447e-02 -1.0953829176e-01 6.7991461222e-02 -2.1759191919e-01 1.7970302844e-02
1.6168917530e-01 -2.7787997719e-03 -2.9049703902e-01 -4.8599198750e-02 1.7981634988e-02 -2.4856242395e-01 2.9562510682e-01
-1.7368869472e-02 1.0088593081e-01 1.2682190488e-01 1.8546486632e-02 4.2916412010e-03 -6.2739821946e-02 8.1788438894e-02
1.0039198334e-01 1.0800745309e-01 1.3601453603e-02 4.2733625053e-02 -1.2497583287e-01 -3.9051331289e-02 7.8680829697e-02
1.0194922289e-01 2.9094713787e-01 4.6471713157e-02 5.1444115862e-02 4.8398360412e-02 -8.7571931091e-03 -1.3386347111e-02
-2.0138021944e-02 8.2863450741e-02 -1.3226881380e-01 -1.3610533761e-02 -7.6387842981e-02 6.3424113099e-02 -5.7535009134e-02
-8.2315468936e-02 7.7863170798e-02 6.6123188245e-02 -1.0107031057e-02 -1.2155487688e-01 4.8001536689e-02 1.4812412534e-01
-1.2332224099e-01 9.0907096374e-02 -1.5305004984e-01 1.6842027662e-02 4.4558391609e-02 -2.5984727456e-02 2.4734568838e-02
