-7.7740051915e-01
-2.6999403695e-01
9.2053528538e-01
-1.2425435364e+00
7.5896346287e-02
4.1017572277e-01
-2.9750725020e-01
-5.0384877574e-01
-5.5550679899e-01
-3.1995939452e+00
7.0467738783e-01
1.3109568644e+00
4.6821602165e-01
-4.4649551201e-01
1.1248870191e+00
-2.8604783327e-01
-2.2619655128e+00
-1.0926289136e+00
3.2582383047e-01
2.1280112875e-01
9.4403755492e-03
-6.4320625526e-01
4.9485930776e-02
-1.1421977345e+00
-3.7299002738e-02
2.6090397008e-01
1.3752779706e+00
2.9797708769e-01
-1.4450788340e+00
6.9293278702e-01
-1.2013203568e+00
-3.8631255237e-02
8.0244380131e-01
-3.3288534374e-01
4.6774499922e-01
1.1071616541e+00
1.7680262274e-01
7.1749323338e-01
-1.5001423544e+00
-1.4112499589e+00
9.9312025467e-01
9.1450503703e-01
4.3562289555e-01
7.5729096215e-01
1.1132342180e+00
-1.6493600878e+00
1.4007927062e+00
1.0276088171e+00
5.9212108313e-01
-1.9329630120e-01
-4.4862672714e-01
-4.6862855365e-02
-3.9719684730e-01
-1.0294319727e+00
-1.7964754426e+00
5.2256213181e-01
-1.3518211283e-01
1.5720712936e+00
-5.2327270856e-01
9.3253191965e-01
1.7501223700e+00
-1.7046475295e+00
6.4154819381e-01
1.5497660066e+00
1.3771488082e+00
6.7921312804e-01
1.6887166003e-01
3.0264976386e+00
8.1810420085e-01
-6.2062468649e-01
4.9254233842e-01
-2.8678518059e-01
-4.9770201046e-01
-2.3875703346e-01
5.3704050154e-01
3.2840138710e-01
-1.7832937121e+00
1.2473421250e-01
-1.0605851734e+00
9.1951264907e-01
8.7175216301e-01
-3.8755498909e-01
-4.9402813544e-01
8.2009584480e-01
-5.5780681105e-01
-7.9801879513e-01
4.2329753258e-01
1.1016920592e+00
1.1393506580e+00
-1.0219435620e+00
1.6565755828e-01
4.1901064969e-01
9.7693788394e-01
9.7129938568e-02
-8.0071933324e-01
-1.1477817288e+00
-2.3133627155e+00
1.1276906968e+00
7.5329235212e-01
4.7015675153e-01
-7.8966461707e-02
-4.7556948805e-01
-1.2567431949e+00
-6.6777706758e-01
-1.2313391616e+00
7.4804625602e-01
9.8040179646e-01
-5.7099018670e-01
2.0610659018e+00
1.6905414755e+00
-1.1508123819e+00
1.1428992397e+00
2.0433978310e+00
-1.1959443938e+00
9.5753951814e-01
-2.3632713668e+00
-2.6680024481e-01
8.1329403222e-01
-1.2298324535e-01
-6.0412764824e-01
3.9730815800e-01
1.7032585495e+00
-4.0797713096e-01
1.5993549176e+00
-1.0802521672e+00
3.4502629011e-01
1.8202067696e+00
-1.4344897008e+00
-4.5632867606e-01
1.2164746738e+00
-2.2172964383e+00
1.3169057989e+00
-6.0671197002e-01
1.3907525846e+00
-8.0673911633e-01
1.6561774831e-01
-1.6679070896e+00
-8.5492962771e-01
2.2295140176e-01
1.2732477608e+00
2.1668660122e+00
2.8085463530e-01
-8.3151090515e-01
1.7168582223e+00
1.5748565746e+00
-4.5920441487e-01
1.3248561988e+00
9.7594536084e-01
3.6618668972e-01
-6.6109840424e-01
-1.8822157533e-01
1.5091995881e+00
-9.1635294627e-01
9.3878504551e-02
-1.2906622336e+00
-3.5243350011e-01
-8.0956464020e-02
-2.2374556468e+00
1.3663698989e-02
-3.1346659691e-01
1.8351045079e-01
4.4037449021e-01
4.9889274174e-01
-3.0829998401e-01
1.1042221633e-01
-9.0352554630e-01
1.7260813186e+00
-1.1080018027e+00
2.3650339817e+00
8.0150580937e-01
-6.5558663155e-01
8.0418270763e-02
5.1920290802e-02
1.0243150327e-01
5.5461574308e-01
-5.1104098817e-01
-1.1464689125e+00
5.5037459532e-01
1.0389483215e+00
4.3117071444e-01
6.4646484454e-01
8.5174429673e-01
5.8691036140e-02
