-1.5655804266e-02 -9.8102995923e-04 2.7084927623e-01 -3.1135381265e-01 1.5712679405e-01 1.4883028203e-01 3.2083937720e-01 -1.7302768953e-01 -2.8626226432e-01 1.4128307146e-01 -1.0139183791e-01 1.5469664978e-01 -9.1524090637e-02 3.4538420963e-01 -2.6311371070e-01 8.1474568838e-02 -3.0643465412e-01 6.2056622493e-02 -5.2579211046e-01 -7.3038202418e-02 1.0581265483e-01 2.6120914585e-03 7.0697788075e-02 -7.1895058088e-02 -7.9216424888e-02 2.5573886087e-01 4.0584252091e-01 -1.8690204067e-01 2.6588350757e-01 2.4132464134e-01 2.7314281898e-01 -1.4857562569e-01 -1.0037897940e-01 -1.2025079451e-01 3.4756757793e-02 2.5371284344e-01 -2.0405115262e-01 -1.2653543370e-01 5.6109651270e-01 2.3338794497e-01 -4.1519375424e-01 3.3384109627e-01 4.1085593265e-01 -3.2409906625e-04 -3.4588486247e-01 -1.1375062379e-01 3.3440289690e-03 3.0749329134e-01 9.6842373273e-02 6.8389544691e-02 -1.9672059942e-01 -3.8373710177e-02 7.6960081852e-02 -2.0715929516e-01 -1.2959364952e-01 7.1557909457e-02 3.8272910641e-01 -2.5773938706e-01 -7.0863326166e-02 -5.9999237263e-02 1.6053175215e-01 1.7505982119e-01 1.7433584792e-01 3.3736821325e-01 -1.4940190267e-01 -3.1466193874e-01 -3.2665537319e-01 1.0090708950e-01 1.3202587390e-01 -1.2252419653e-01 -3.4989296816e-02 1.3862356152e-01 -4.1924860752e-01 -1.3927379751e-01 -3.5001393062e-01 -2.5122476464e-02 -9.2266014986e-02 -5.3514495119e-02 -3.0064665806e-01 -1.5851474924e-01 6.4978739168e-02 1.9553853256e-02 1.9052845586e-01 -8.7582163241e-02 6.5670462322e-03 -7.2719892183e-02 -1.8164662154e-02 -5.7463892356e-03 -2.2349520012e-01 3.0476617031e-02 -3.5891674174e-01 -2.0868847865e-01 -3.3204633846e-01 -8.9738203196e-02 -4.1110102232e-02 3.0797131534e-01 -4.1696298766e-02 -2.1865186907e-01 1.5602341556e-01 2.3109467265e-03 -2.4144389329e-01 1.4948634455e-01 -2.0683000509e-01 3.5758512710e-02 6.4982020849e-02 -1.1354861846e-01 -2.7072793848e-01 1.4157904155e-01 -1.2859671419e-01 -4.9428554689e-01 -1.1247619236e-01 5.1866121635e-02 1.6304620823e-01 -3.4717354895e-02 -1.8743958282e-02 -1.8703640812e-01 4.7000248743e-02 -7.9840761625e-02 9.7406852294e-02
2.1577400705e-01 3.1633882944e-01 3.2122813154e-01 9.1941893358e-02 5.1960847007e-02 3.8963743094e-01 -4.6133870629e-01 7.3113141287e-02 4.9379098157e-01 1.5986312224e-01 3.3576274392e-01 -2.0158387851e-02 -4.3603525477e-01 2.8767931313e-01 -1.9216861494e-02 -2.1828844965e-01 -7.6024012783e-02 -1.2674832164e-01 2.3406480620e-01 8.5265403967e-03 -1.9096309616e-01 -1.1807793031e-01 2.2813341435e-01 5.0485176941e-02 -8.4944194453e-02 -7.0803621548e-01 -3.5101115663e-01 -3.2519309587e-01 -9.4707727824e-02 -1.7679981045e-02 -3.5125314942e-01 -1.2970083828e-01 -1.6318098563e-01 1.4979858301e-01 -1.4566502087e-01 9.5758171832e-02 1.2582938054e-01 -2.2779674337e-02 -2.2440223062e-01 3.4635171252e-01 7.5061478818e-02 4.2019056549e-01 2.0379484786e-01 -1.0041788679e-01 5.7473499416e-01 -5.3433698858e-01 -8.0344324559e-02 -5.9345718125e-01 -6.8527667929e-01 -1.5644554775e-01 -6.6711949467e-02 -2.0704033471e-01 1.7672462104e-01 -2.2700509005e-01 2.4224637093e-01 -1.3649269612e-01 2.2181575494e-01 -3.1588857675e-01 2.0707016854e-01 6.1639834446e-01 -9.1842176884e-02 5.8509857762e-01 -3.4073445833e-01 6.6827713751e-02 -1.3940952399e-01 3.5041409414e-01 3.8933703727e-01 -1.1952681537e-01 -1.0216094458e-01 -3.0404239126e-01 8.7303454809e-02 -1.6171012446e-02 5.3796627749e-02 -1.0150024956e-01 1.8521908051e-01 8.0232626963e-02 1.6517098880e-03 -1.4558270106e-01 -1.1494298561e-01 -6.5348409609e-02 -2.1138429798e-01 2.5772848544e-01 -3.5002819038e-01 -3.9460904695e-01 4.4440891259e-02 -6.5985727053e-02 1.1933321164e-01 2.2810275313e-02 -2.2069026782e-01 -6.6149979867e-02 -7.1251168006e-02 9.0097718159e-03 -3.6707260181e-02 -4.8659443421e-01 5.7945871265e-02 2.3161383406e-01 9.0292487663e-02 -4.4546581381e-01 1.2754255689e-01 -5.9727231148e-03 2.0400804978e-01 2.8532309274e-01 -4.4442784329e-02 2.8569426495e-01 -4.6081753096e-03 -8.3777275825e-02 -7.0655152337e-02 2.9240610555e-02 1.5614151722e-01 -1.1465110760e-01 1.5313545206e-01 1.4228151363e-01 6.8010611158e-02 -2.7496165627e-01 3.4788284394e-01 1.3981755047e-01 2.1817115738e-01 -1.0165462974e-01 -3.7730790294e-02
3.1797401952e-02 1.6444439556e-01 -1.5959488820e-01 2.7358846600e-01 1.7199035432e-01 1.5909225784e-02 2.2546015358e-01 -2.2572823769e-01 6.8330616163e-01 -1.8611908608e-01 6.5469229934e-01 5.1535397400e-02 3.5739910910e-01 2.7792148614e-01 -1.5843379266e-02 -2.7595797792e-01 5.2070950978e-02 -6.5640481624e-02 -6.4183886856e-01 -2.8247043210e-01 -1.0338281090e-01 -1.8504307033e-01 -1.4204860297e-01 -4.2149459886e-01 1.8247548822e-01 -9.4180281688e-02 2.3054238477e-01 -1.3690650294e-01 -1.9281486353e-01 -2.8426396267e-01 -1.9355494241e-02 2.8985411531e-01 -9.5139222886e-02 -1.9836425934e-01 1.2789255858e-02 -4.5095029115e-01 -2.2209287841e-01 2.2936636921e-01 1.5817901725e-02 1.1436859116e-01 2.2096254651e-01 -1.8452699905e-01 1.3077778215e-01 1.0413009606e-01 1.4991288915e-02 1.2260328546e-01 1.9502577133e-01 -2.7753468047e-01 1.8515796948e-01 3.1614203172e-02 5.4246957625e-01 -4.4796479851e-02 1.7803662243e-01 2.5402637807e-01 -2.8148400572e-01 -4.8352649638e-01 1.9597767760e-01 -6.0188431780e-02 4.4541681679e-01 5.2716883006e-01 1.4033297492e-01 1.0466682571e-01 2.8801751517e-01 2.2077167418e-02 3.5226694281e-01 3.0572952690e-01 1.9373530206e-01 8.8480622726e-02 9.9706147620e-02 7.9122405735e-02 3.1079486734e-01 2.5642630689e-01 -3.3937377176e-01 -3.0714312029e-01 1.6443024447e-01 -3.4213530814e-01 -4.4856129217e-01 1.1704520400e-01 -3.1967226039e-01 -7.3693197759e-02 -1.8105544409e-01 -1.0010479247e-01 2.2197470012e-01 6.9489713039e-02 -2.0256920671e-01 -7.2069228486e-02 -1.0693618945e-01 -5.8928729289e-02 -4.3194845582e-01 4.2359965372e-01 1.1375279301e-01 4.6579723104e-01 -2.0397889657e-01 1.3229665395e-01 -1.4659035876e-01 -2.6066626177e-01 -8.8953133553e-02 1.7397215542e-01 -1.7508680165e-01 3.3233560376e-01 -7.5932886218e-03 -1.3649484058e-01 5.8278721035e-01 7.6184399210e-02 -4.3294326814e-02 -3.2203548386e-01 4.4375329151e-01 -2.2292524307e-01 -4.8786680020e-01 7.9382233006e-02 3.3188140271e-01 -1.5503665603e-01 -9.9156731413e-02 5.6493418954e-01 -1.2868326370e-01 -3.6442333839e-01 -2.5462885339e-01 3.3646001575e-01 -6.7639456645e-01
-2.5012600992e-01 3.1241886539e-01 -2.5174067603e-01 3.6243928029e-01 8.9959540144e-02 2.2497469828e-02 -1.7133446645e-01 -3.0158877295e-01 -2.7510884032e-01 -2.2957503657e-01 4.6511935083e-01 1.1125182063e-01 -9.2991777467e-02 -1.0202389256e-01 3.1338251953e-01 -2.4320118292e-03 7.1018557590e-01 1.9728550143e-01 -1.6550337277e-01 3.3133450182e-01 -2.0307182981e-01 -3.2179330106e-01 -8.2069879730e-02 1.5254863307e-01 5.7839159380e-02 3.1607480677e-01 5.7728005248e-02 5.2838837573e-01 -3.2766942951e-01 5.0335797303e-03 -3.9627328930e-01 -1.2869027313e-02 7.5192009714e-02 -1.6310107666e-02 -2.7155386137e-01 2.5417897594e-02 1.6791746256e-01 1.1873487031e-01 -2.9947986479e-02 -4.6254545384e-01 3.7020917005e-01 -2.9983944893e-01 -2.6930589442e-01 -1.0902482793e-01 1.5073495597e-01 -7.7030589704e-02 3.0032243484e-01 -7.0413430480e-03 -2.1615370398e-02 -2.1808873822e-01 3.6461126273e-01 6.7764728023e-02 1.3141475075e-01 -5.9267509720e-02 -2.1791643366e-01 -2.1204907250e-01 1.4863442468e-01 4.2671690356e-01 2.3249637662e-01 -3.2938287817e-01 -5.8994750224e-02 -3.5407293379e-01 -4.2366824727e-01 3.8812794448e-01 1.9263311873e-01 3.5800765535e-01 3.4192894072e-01 1.8726603082e-02 -3.4297862940e-02 3.9192654377e-01 -3.9301173083e-01 8.0110821814e-03 -4.3019640405e-01 -5.1948538675e-01 -7.1460233191e-01 -2.7158491928e-01 -2.7709314810e-01 6.5178806678e-01 -2.8133019987e-01 5.4023906020e-01 -9.5839366637e-02 4.4403903084e-01 -3.1116383349e-01 -1.1340135981e-02 -9.3788859923e-02 -4.9509066766e-01 2.2492632748e-01 2.4069717466e-01 -2.0418741943e-01 -3.1581443176e-02 3.4912716922e-01 1.2692111681e-01 -5.3823805606e-01 4.9292805518e-01 -1.1455637844e-01 3.1463717200e-01 -3.9063545943e-02 3.1662403342e-01 -8.9681598187e-02 -3.8656549228e-01 -4.8474659892e-02 -2.7113512022e-03 3.3536155518e-01 2.2028688951e-01 3.3465422710e-01 2.8544767561e-01 -2.1539237296e-01 -2.8954055524e-01 -2.0715390344e-01 4.8874605742e-01 -2.7033373100e-01 -6.6085657124e-01 -2.5089556458e-01 3.2146325289e-02 1.0047010254e-01 -5.4417572202e-01 -1.2486203538e-01 -2.5082733738e-01 -2.8433173477e-01
-2.2087696851e-02 -2.8328299527e-01 8.5877986827e-02 -5.4448741581e-02 1.3671392718e-01 -3.7615617109e-01 -2.9012779058e-01 4.2840346322e-01 -2.7681539183e-01 1.1501225617e-01 -5.0603345162e-02 -2.2530675770e-01 -1.7990181681e-01 -3.4582983163e-01 -1.3905496398e-01 -1.1469911491e-01 6.2568432682e-02 -1.3114509701e-01 1.2634690648e-01 -8.2987719560e-02 3.8794039833e-01 1.4973446391e-01 -3.7760614248e-01 2.4616360075e-01 8.0725733258e-02 -1.8831202252e-01 -3.8622919157e-01 -4.8672109772e-01 1.0377175285e-01 -7.4539884443e-02 9.8063223216e-02 1.9276946203e-01 -1.4113516127e-02 2.7591429486e-01 -6.9504657531e-02 -6.8091106611e-02 -1.0603260549e-01 -2.6566726136e-01 -5.2484430579e-02 -6.6038426320e-01 4.0422178990e-01 -5.5578148397e-02 -2.9452418159e-01 4.4673193278e-01 -4.4919431464e-01 6.5269348907e-01 -3.6276402566e-01 4.3835731979e-01 2.3025648277e-02 3.5097885392e-01 -6.5541299659e-01 1.5169706318e-01 -3.8945816794e-02 -3.4798211977e-01 2.7770009014e-01 3.1814584220e-01 -4.2127772812e-01 -3.3299087009e-01 -2.9766367359e-01 -3.8051890615e-01 -2.2281295906e-02 2.1892359208e-01 3.1938427522e-02 2.0398992260e-02 -4.4534533787e-01 1.8096526504e-02 -2.4503888861e-01 3.8414152014e-01 -1.2801607733e-01 -5.0045840307e-01 -3.6598722355e-01 -5.8715510816e-01 5.0536459162e-01 2.1037817967e-01 2.7819158468e-01 2.0290819632e-01 4.2462970419e-01 -7.0025656295e-02 3.3193637893e-01 1.2585417713e-01 4.6581013811e-01 -4.1492507759e-01 -1.5301351966e-01 1.8010803565e-01 2.0869811347e-01 4.0878957279e-02 1.7783203252e-01 1.3604423369e-01 4.6489803611e-01 1.3941707614e-01 -3.7900921010e-01 -8.2088001156e-01 4.8007310443e-01 1.1676041675e-01 2.2902693078e-01 7.2664600844e-02 1.7360310630e-01 -1.4073419688e-01 2.4876352462e-01 -4.0439907447e-01 5.7960699763e-01 -4.3522193491e-01 -1.2373837526e-01 3.6316235222e-01 -7.4998426193e-02 3.1075742114e-01 -1.0825845073e-01 -1.6659599479e-01 1.2757971196e-02 -1.2508783111e-01 -3.6495142761e-02 5.0148706968e-01 4.1658699411e-01 -1.0542225929e-01 9.8021051762e-02 1.0565369387e-01 1.5919342637e-01 4.2595308595e-02 7.7140077290e-02
1.6440441113e-01 1.8933985017e-01 8.0823697254e-02 -3.0738982492e-01 -1.2447475972e-01 6.1978328677e-02 3.2097993955e-01 8.2444513172e-02 -2.4817336974e-01 -3.2934861177e-01 5.1135779709e-02 7.7046311874e-02 -2.0095214016e-01 -1.7765099662e-01 -2.3090955481e-01 -6.6215730659e-03 -2.4145973369e-01 5.8157698457e-01 6.7331627827e-02 -9.9783526820e-02 -3.2391557452e-01 1.8068112046e-01 2.1928646274e-01 -3.8000915808e-01 2.4038124348e-01 -4.8689927855e-02 1.3696298567e-01 -3.9736219651e-01 2.6346814272e-01 1.5036816483e-02 -1.5963644524e-01 2.5656002595e-01 -1.8940473927e-01 -2.7000364204e-01 1.0262271741e-01 -3.2378935309e-01 1.0773764633e-01 2.6675762733e-02 1.4187073298e-01 -2.8009214218e-01 -8.8793106257e-02 -9.4501220329e-02 3.0855996922e-01 -1.4703602018e-01 -1.8136081222e-01 -1.0827715292e-01 -9.3106107694e-03 -1.0856817778e-01 -3.8483778488e-02 2.3000934787e-01 5.7544277409e-02 -2.9307692844e-02 5.9973406801e-02 -1.4536199388e-02 1.7917338749e-01 -3.5270334709e-01 -3.3383702053e-01 -7.3593112855e-02 1.6643202693e-01 2.1596714396e-01 -5.7709688015e-02 -8.0696154267e-02 5.6915582601e-02 1.1610580936e-02 -3.4688507934e-01 -3.4864230482e-01 -1.7779967381e-01 2.5921622403e-01 -2.6998751925e-01 -1.0758099347e-01 3.1173611265e-01 -2.0727160754e-01 -8.9814656417e-02 -7.0342951104e-02 -3.4740914410e-02 1.9038434897e-01 -8.1417888141e-02 -3.6290644043e-01 2.8696583035e-01 1.0385053478e-01 -3.5525658710e-02 6.6543737878e-02 2.7017135202e-01 -8.9522919338e-02 -2.1491783492e-01 -4.1871787373e-01 -3.0936244884e-01 -8.4605726813e-02 -2.9721218943e-01 -1.0530474926e-01 -9.3631665818e-03 1.5960278974e-01 1.7043120582e-01 -3.0031563428e-01 2.1063416694e-01 -2.4431192332e-02 6.4942144488e-02 5.6466867980e-02 -1.1677809075e-01 3.0569081148e-01 -2.4416291673e-01 -4.3898442824e-03 5.5200436336e-02 1.6339970480e-01 -5.4020895523e-02 1.6882332565e-01 -3.2008438873e-01 5.3067106541e-02 6.4303244860e-03 2.6126677823e-01 1.4873474114e-01 -4.4130081569e-02 -2.7172613780e-01 6.8213427360e-02 -3.1764420088e-01 1.2615935890e-01 -3.2670834296e-02 2.3754701088e-01 3.1367425031e-01
-1.9564589362e-01 -4.2593137449e-01 1.6551766421e-01 2.4148372132e-01 -1.1000629406e-01 2.0992872108e-01 -2.0227400098e-01 1.8888991403e-02 3.0086366554e-01 -2.0918968614e-01 2.8011037267e-01 2.4926821710e-01 -1.5059250157e-01 -5.7824593655e-03 2.7249680537e-01 2.8985242799e-01 8.5733262076e-02 -1.7560810213e-01 6.3696964912e-02 -9.6092308390e-02 -3.5709985426e-01 -3.5946458127e-02 1.8927365627e-01 -6.3301194272e-02 -2.0215574910e-01 4.9482586804e-02 -2.0471873661e-02 2.6083099628e-01 -1.6680748024e-01 9.7623587571e-02 -5.4792048830e-02 -1.6711941960e-01 -1.9545987324e-01 -2.0377357626e-01 -5.9651415932e-02 1.9609712514e-01 -1.1877501775e-01 1.7388152780e-02 -1.3956136988e-01 1.4732409378e-01 -9.0549018099e-02 -2.7156460654e-01 3.1817964774e-01 -2.8911142769e-01 3.3707042100e-01 2.0418392695e-01 -2.1292893463e-01 2.1795840768e-01 5.1919423588e-01 -1.0755599728e-01 1.9587813955e-01 -4.7377654428e-02 -3.5149079158e-01 5.6019833045e-02 -1.0367975554e-01 -1.3784837223e-01 -6.5184663028e-02 1.0112547269e-01 -1.2471568333e-01 1.3502104465e-01 -2.7767285044e-01 8.6844514061e-02 -6.1493372380e-01 -1.1911622546e-01 1.6116105982e-01 1.0895034676e-01 1.5515972426e-01 -3.6122758195e-01 1.3368038145e-01 -6.7345973336e-02 5.8164385722e-01 1.9626003152e-01 -3.7032652586e-01 1.3189240912e-02 2.0752054061e-02 -1.0283017563e-01 4.5436174514e-02 1.8710049491e-01 -1.0208327994e-01 -1.1146167997e-01 6.8001076266e-02 3.8484276475e-02 1.2622873804e-01 2.5106430757e-01 -1.4785024153e-01 3.2691737436e-02 -1.5606193510e-01 -2.8562542478e-01 6.8688217455e-02 -1.3775008213e-01 3.9597939975e-01 1.2037860696e-01 -1.3913779655e-01 -4.1704052120e-01 -1.0110286072e-01 1.0431286109e-01 -5.7168221362e-01 2.2972208188e-01 -4.7043936179e-01 1.4840786709e-01 5.4005610670e-02 4.1769317323e-01 2.5318105242e-01 2.8784490379e-01 2.6628769401e-01 2.9145456138e-01 4.7881801854e-01 -2.5433036498e-01 2.2665957423e-01 -2.1156393405e-02 3.9905933982e-01 1.8620280140e-01 -2.7847313068e-01 1.9052908382e-01 -7.9547929304e-02 -2.8395545747e-01 -9.9927730506e-02 -1.8656214663e-01 8.1877432745e-02
9.4015898409e-02 3.4079099907e-01 3.2892051656e-01 -1.5655964263e-01 -3.4289936044e-01 -4.7526425590e-01 -7.8045241508e-02 1.2671251508e-01 -1.2147595624e-01 2.9707738376e-01 2.7529825289e-02 -1.8626466953e-02 -3.4630434059e-01 -3.5193376919e-01 -3.4247440339e-01 -1.0774244658e-01 -4.8760172331e-01 2.9053994579e-01 -2.9169786827e-01 -2.5563177885e-01 1.0266684967e-01 -1.9776281072e-01 -1.1703289757e-01 -3.3273408852e-01 -9.9043005246e-02 3.5575491706e-01 1.4164777253e-01 -3.7830192791e-01 2.3491894696e-01 -1.0138889956e-01 3.7216181143e-01 4.8682892102e-01 -8.2175256300e-02 6.7990064725e-02 8.3406248248e-02 -2.9272053174e-01 -5.3344000008e-02 -1.6347782268e-01 1.7869511699e-01 1.6348545704e-02 -3.1910743299e-01 -2.5510163812e-01 1.5024272385e-02 3.6012161506e-01 6.6300841554e-04 1.5203694720e-01 -9.5458816670e-02 2.1695136140e-01 7.3784247193e-02 1.8180232457e-01 -1.0701060326e-01 2.6650800514e-02 -1.0290313326e-01 -4.6856454341e-01 4.4430382086e-01 -8.7576888463e-03 -2.5920308081e-01 -2.5149461246e-02 1.2332871690e-01 -1.3894901623e-01 -1.0084150410e-01 -1.3912233157e-01 -3.4469541379e-01 1.9093790791e-01 -3.0603970329e-01 -7.3272518003e-01 -1.1100413331e-01 2.7253784210e-01 -4.6112136010e-02 1.9144461752e-02 2.6293385721e-01 8.1218244665e-02 -2.6351078544e-02 -5.0821316760e-02 -1.1525607746e-01 -2.2387885396e-01 3.5156887133e-01 -1.0633472682e-01 9.1789374424e-02 2.1241443441e-01 6.2206068130e-02 -4.1653190391e-01 2.4767773274e-01 -1.3395069914e-02 3.7041199674e-01 -2.0263085032e-02 2.8349406874e-01 4.2787001227e-01 1.5252815446e-01 1.7743754198e-01 -3.6061670439e-02 3.6200107624e-01 -1.9690293242e-01 -6.1525944007e-02 1.1110918619e-01 -6.4356302624e-02 1.5562999151e-01 -1.0759757610e-01 -1.7973448859e-01 -1.6177455754e-02 8.9428101561e-02 -3.2354868338e-01 -1.9263280701e-02 2.5536098183e-01 1.7965937739e-01 -7.2616292980e-01 4.2466412015e-01 -2.2888798566e-01 -8.0989728895e-02 -1.7298722718e-01 -1.5994010520e-01 3.3821797516e-01 4.2266705635e-01 2.0815539377e-01 -3.4385737784e-02 -1.5297459502e-01 -8.0254713243e-02 2.1296469337e-01 4.7030687159e-01
-2.6948069527e-01 2.6982540843e-02 5.2521710596e-01 -3.5544557589e-01 -1.6325939269e-01 -2.2471435805e-01 -1.7957551587e-01 -5.1314542877e-02 5.3213389829e-02 -1.3946492357e-01 4.7652593182e-01 3.6456065725e-01 -3.2472069537e-01 1.8211307868e-01 -3.8758749134e-01 -1.1672098310e-01 -5.0819799977e-01 -3.1981354759e-01 -4.9283665380e-01 -2.8756090400e-01 -1.5082222538e-01 7.0252393172e-02 3.1968185409e-02 -2.6367581292e-01 3.0471489441e-01 -3.0774938540e-01 -7.9028956209e-02 -4.1246891331e-01 1.3670088636e-01 -4.2017039834e-01 3.2805398779e-01 -2.4417819580e-01 -2.1348854230e-01 -3.9130050405e-01 -2.5923199690e-01 -4.2265531534e-02 9.0479808618e-02 2.6070892708e-01 -1.4385429815e-01 1.3322378796e-01 -5.1008218657e-01 -1.4743996026e-01 3.3500043647e-01 -2.8126554162e-01 3.1177250210e-01 -5.4515149661e-03 2.9050595644e-01 5.2525317704e-02 3.5450648127e-01 3.0356468241e-01 -2.9900160924e-01 -2.7418368290e-01 -2.1924075112e-01 -3.1236091049e-01 1.3130081260e-01 -1.3659579456e-01 -7.5712839415e-02 -1.1631727899e-01 1.2583209841e-01 2.4811073335e-01 1.2040481999e-01 4.2239455118e-01 1.2263189566e-01 1.9586278057e-01 -1.9987151881e-01 -2.9728006263e-01 3.3332900329e-01 -2.9690320337e-01 7.7756959068e-02 -4.9764910159e-01 4.7203213544e-02 -4.5870753623e-01 -5.3457724447e-01 -1.4506090074e-01 5.1229171436e-01 -5.2554055437e-01 2.9436422053e-01 -2.3293604467e-01 1.0944559534e-01 -5.0558143746e-02 -1.2474679031e-01 -3.6945981837e-01 3.5577200912e-01 -1.8534986189e-01 1.6191799254e-01 -3.5223986735e-01 6.9911229819e-01 -5.5117208421e-01 -8.3501401390e-01 3.1012865858e-01 -1.1836386601e-01 -1.8129982136e-01 1.9404983457e-01 -1.9715453584e-01 -1.6520843418e-01 1.1721134446e-01 1.5136590885e-01 4.3618836086e-01 9.6502499439e-02 1.3068334997e-01 -1.3576240191e-01 -1.3038632010e-01 2.8693446322e-01 -4.2435115617e-02 -3.2617773434e-01 -2.3090747749e-01 5.3341496477e-01 3.8789123161e-01 -2.0933358569e-02 -3.6068197461e-02 5.6741926007e-01 2.0048496632e-01 -1.1848078644e-01 4.5983102232e-01 -1.2223057609e-02 -1.7976070921e-01 4.7064208702e-02 -3.2454421875e-01 1.3682425292e-01
-2.1105373549e-01 2.8807778197e-01 4.0200506630e-01 -1.8506000638e-01 -1.5171763255e-01 2.3720754147e-01 3.2599676006e-01 1.9640078519e-01 1.9192544574e-01 9.0279254592e-02 1.4901073226e-01 1.1627887503e-01 9.9513098255e-02 1.5870171825e-01 1.4587211606e-02 -5.2002426259e-02 -9.4496708300e-02 -9.7975084617e-02 1.5310624341e-01 7.1011604778e-02 -3.4434030836e-01 9.0777924056e-02 5.4188533813e-02 8.1535309265e-02 -2.0638059277e-01 -2.1587183901e-01 1.8884367053e-01 6.3505321764e-03 2.8003635376e-01 3.4260430028e-01 3.3322091457e-03 7.2285470791e-02 -4.8660620031e-02 -3.8951526335e-01 7.0126533537e-01 5.3720519127e-02 -1.2459163581e-01 2.0708408483e-01 -2.7208875739e-01 -4.9267028253e-02 1.4455371426e-01 -2.5990669353e-01 7.5639588842e-02 -3.2092852112e-01 2.5957643371e-01 -1.9133566844e-01 1.1500968063e-01 -6.5535898259e-02 1.4152812647e-01 -2.0743270244e-01 -1.3626833745e-01 2.5938947836e-01 3.6104954484e-01 4.5571399906e-01 -2.8830782806e-03 2.6061034711e-02 7.2173286162e-02 -3.0886675110e-02 -7.7058909873e-02 -2.1460107084e-01 -3.1065890301e-01 1.4489138633e-01 -9.2769578557e-02 -2.5678628061e-01 -1.6297915055e-01 1.8698838328e-01 -2.2787060591e-01 -1.5644890393e-01 8.2249745031e-02 3.6729497511e-02 3.6491850527e-02 -1.3739167866e-01 1.7464666211e-01 1.3005174894e-02 -4.1389930191e-02 1.3892193731e-01 -4.2512218518e-02 4.9802340349e-01 -1.9467700532e-01 3.6204707163e-01 1.7554297649e-01 3.8050876419e-01 4.9334750134e-02 -2.0949959112e-02 -4.7849945648e-01 3.7371319365e-01 3.0621000319e-02 -3.5633282693e-01 -7.9394466968e-02 -3.1142433939e-01 1.3804330167e-01 2.6407846406e-02 -2.0121422714e-01 2.5632925295e-01 -5.0078499214e-01 -5.4196596892e-01 -2.5800478299e-01 -1.8514209605e-01 -1.5886243232e-01 -2.2998397010e-01 -2.9052006899e-01 3.2392202266e-01 -5.0855178945e-02 2.4960708676e-01 5.5398568712e-01 -1.1702932513e-01 3.6343875271e-01 -1.3432957200e-01 -3.2820560417e-01 2.6154500868e-01 2.8255451569e-01 -2.9162630063e-02 -1.0860497861e-01 1.5197101424e-01 4.0111051977e-01 -1.2747396195e-01 5.9426128510e-01 -2.7215064136e-01 -1.3190239041e-01
-6.5601626358e-02 -7.5884066818e-01 -1.3790309423e-01 2.5113668325e-01 3.3073732595e-01 1.2063353141e-01 1.7888652983e-01 7.5402246868e-02 3.4142738868e-01 -1.6456429337e-01 -3.5538701309e-01 7.5738037680e-01 5.4480033389e-01 4.2843908407e-01 2.9678124876e-01 3.8835285026e-01 6.6659922408e-02 3.1056515190e-02 3.2498514030e-01 -2.6847793404e-03 -3.1827756856e-01 -7.2734482525e-01 3.9343502461e-01 1.3452533588e-01 -4.4690983472e-01 1.0669610741e-01 -3.6931767585e-01 3.6680895720e-01 -3.6051555087e-01 1.5447318150e-01 -1.2609906693e-01 -1.2458778825e-01 6.5204320442e-01 3.8090703890e-01 -4.2094936168e-01 4.2193668417e-01 4.5637765014e-01 -4.1964049075e-01 -2.5114646286e-01 -1.5830113840e-01 1.3133200713e-01 2.4964578920e-01 2.5322789739e-01 -3.5154709217e-01 -9.2228615928e-03 9.2003501709e-02 -1.1709545782e-01 -1.5731931471e-01 -3.1817579997e-01 -5.5398755175e-01 7.6472800674e-02 1.7553909288e-01 3.5642319335e-01 7.6161394534e-01 1.1086623166e-01 1.4180228646e-01 -3.9332634193e-02 2.9699539849e-01 -1.5723915723e-01 8.5793294320e-02 -2.5040931615e-01 -2.5092373903e-02 -3.2963640930e-01 2.7801954762e-01 -3.7192227919e-01 2.8837543479e-01 4.1557675128e-01 -4.6805453688e-01 5.1460474952e-01 -8.8450938480e-02 3.0428964238e-01 4.0729870584e-01 -3.2648000669e-01 -1.3160233756e-01 3.4050882008e-01 -2.9613204301e-02 -8.8107974112e-02 -1.5133522647e-01 -3.8548724114e-01 4.6222048317e-01 -2.1764154218e-01 6.6304094159e-01 -2.4215946412e-01 -2.8845465330e-02 -3.2853904706e-02 -2.0304524409e-01 -3.7846764371e-01 -3.8229202328e-01 5.9306894524e-02 -5.3472545991e-01 5.0526409239e-02 3.4272706341e-01 3.0013591027e-01 -3.2798484252e-01 -8.4745956169e-02 3.8604948534e-01 -7.6938468163e-01 -3.6383082961e-01 -2.5252288913e-01 3.1586364962e-01 -2.7842258175e-01 1.6741981035e-01 9.5828999602e-02 -2.5582218509e-02 -6.2515198992e-01 -8.9771684514e-02 -1.6946567376e-01 -4.1400397105e-01 3.8407361917e-01 3.8334529429e-01 -1.1694043180e-01 -3.5887838895e-02 -6.1487100655e-01 7.2038207188e-01 1.1076224102e-01 -1.2447296388e-01 -3.3047425891e-01 -3.3885315219e-01 1.3791661377e-02
3.9385379255e-01 -2.2897926556e-01 -4.3799440443e-01 8.6051847214e-02 -1.2318103935e-01 -2.7703924438e-01 -4.5999450445e-01 4.6000579373e-02 8.3201633759e-02 4.9119868156e-01 -2.2740099161e-01 -4.5538877053e-01 -2.7205233266e-01 -3.1741515719e-01 1.8443679042e-01 8.0333064330e-02 -1.0261199871e-01 1.3881408016e-01 -2.5167043768e-02 -4.3180583342e-01 2.0276628316e-01 1.4825356186e-03 4.0896045848e-02 -1.9180361881e-01 4.6538613248e-02 -4.5884826144e-01 4.1364954369e-02 2.6777045058e-03 6.4249143117e-02 -1.6969324804e-02 -1.2533344434e-01 2.8300250774e-01 1.6647822837e-01 1.5697278386e-02 -2.2391834372e-01 -1.0514853257e-01 -3.3798059614e-02 2.6224405829e-01 4.6286800432e-01 -1.7980199317e-01 3.6905500245e-02 3.0673114428e-01 -7.8271826818e-02 -1.3593678408e-01 -2.2064096631e-01 4.3912259944e-01 2.9306523917e-01 2.5712388130e-01 2.7266212462e-01 3.0406222598e-01 -1.9807749489e-01 -1.7366951783e-01 -4.7635816491e-01 -7.3873702345e-02 1.8423739996e-01 2.1799605576e-01 -2.7310098336e-01 -1.5593139668e-01 1.7542798756e-01 -1.0825384787e-01 -1.7073393631e-01 -1.2941910898e-01 -2.9843684737e-01 -7.2631292001e-01 1.7215488201e-01 -4.1953146663e-01 -3.6543745038e-01 1.4620135075e-01 1.9316501597e-01 1.5576210386e-01 2.1962582300e-01 -3.0355473642e-02 1.1471057856e-03 4.6353291298e-01 -2.2561989274e-01 2.4781805604e-01 5.4876799692e-01 -1.3528747133e-01 -1.3062775806e-01 -4.0859339468e-01 1.9432873022e-01 -3.3179853374e-01 -2.4285011041e-01 -1.9560608309e-01 3.0939553411e-01 -8.8768685871e-02 1.1404085459e-01 3.7014233350e-01 -2.6835363083e-01 9.0129963822e-02 -3.1325462418e-02 2.6545247610e-01 -3.4286586554e-01 -4.5441074066e-01 -3.9650897647e-01 1.8222946109e-01 3.9022670669e-01 1.1035605545e-01 4.8073355777e-02 1.6965315986e-01 3.8151702343e-01 1.0665306657e-01 -1.2968737597e-01 -3.5021375093e-01 2.4013894263e-01 -9.0667552953e-02 -1.4376111685e-01 1.2019799391e-01 3.3903166173e-01 -4.1821197705e-01 -3.5342371848e-01 1.3976338140e-02 3.2899206934e-01 -4.1439532940e-01 -3.1621358762e-01 2.1204251012e-01 -5.1658318636e-01 3.1583631724e-01 8.9741068392e-02
4.4908254483e-01 4.7265605072e-02 1.4253277943e-01 3.2306821321e-01 8.6940137601e-02 -2.0555324621e-02 2.5445494888e-02 -5.1372483049e-01 5.3097095976e-01 1.4046736922e-01 -1.7620940670e-01 3.1300488393e-01 1.0258499386e-01 -3.3328635509e-02 7.6553154243e-02 3.0496550992e-01 4.0372119944e-02 -1.3574927337e-01 -6.0791698933e-02 9.1761261023e-02 -1.7277273603e-01 3.0902129341e-01 1.1266231103e-01 2.6930178307e-01 5.1800546300e-01 -4.0166047373e-01 8.2216440092e-02 9.2225036570e-03 -1.5726006388e-01 -2.3813577494e-01 -4.3072949803e-01 -3.5851518306e-01 3.5534480724e-01 3.2079527169e-02 1.3160803271e-01 2.1120412947e-01 1.1109214362e-01 -3.1438090906e-01 -3.1935280264e-01 -1.8605756511e-01 5.8134172285e-02 -2.5969231401e-02 1.2744355619e-02 1.3492677980e-01 5.1769909855e-01 1.9760259093e-01 7.0522415621e-02 -1.1804951613e-01 -3.7184023528e-01 -4.4492235375e-01 2.0127745038e-01 -3.8237081361e-01 4.5315432521e-01 1.9377396497e-01 -3.1069397230e-02 -4.1637048309e-01 1.5788724210e-01 1.3437025359e-01 -2.1150919536e-01 8.1849657949e-03 2.9990852751e-01 5.5296741243e-02 -4.2723258958e-03 -3.8742187842e-02 -1.4546859393e-01 1.0783512141e-01 3.2685022008e-01 1.5733129002e-01 1.7887427596e-01 -4.1405429658e-01 2.4172043036e-01 3.2129301774e-01 4.2417038680e-02 -3.1867325669e-02 -3.4180374613e-01 -5.4080205610e-01 1.7673167716e-01 -1.5561418575e-01 8.3406093624e-02 2.9946812524e-01 -1.8131500504e-01 1.9664806285e-01 -3.9776458680e-02 5.5985961639e-02 -2.5330088116e-01 1.6074358454e-02 -2.3863932366e-01 -9.0032614174e-02 7.1346364619e-02 -5.3148972166e-01 1.5422578955e-01 1.1402377364e-01 1.8994033129e-01 -4.0864764686e-01 -4.2326556192e-01 4.7230666007e-02 6.5941598612e-02 3.0142472129e-01 -1.6719129840e-01 1.6063529883e-01 -3.4419093034e-01 2.1563022991e-01 1.1734233795e-01 2.1908054387e-01 3.2845186805e-01 -4.0086445455e-01 5.4308613925e-01 -2.6890038918e-03 -7.0208033478e-01 -2.7028350124e-02 -2.1486844866e-01 -4.6014481971e-02 -7.0605917280e-02 5.5323843811e-01 9.1556509533e-02 -5.1753175636e-02 1.2618452160e-02 -1.3761986954e-01 -3.2496208165e-01
