5.3168294310e-02 -9.5916513419e-02 -9.9721723928e-02 1.9541824687e-01 3.8570078248e-02 3.3744024255e-02 -1.7209666943e-01 -6.4406777321e-02 5.7022356591e-02 -5.2986641530e-02 1.9864333485e-04 1.2706102963e-01 -1.0562486911e-01 1.5739836476e-01 7.6110075699e-03 5.9628332914e-02 4.0263129828e-02 1.0665305341e-01 -9.4692354840e-02 -6.2548149238e-02 -1.5221047602e-01 -2.7503519552e-02 -7.4917854360e-03 3.5532151131e-02 1.1902669411e-01 6.3456703728e-02 -1.1108443688e-01 2.7900249291e-02 -5.6075014632e-03 1.0439844959e-01 -2.5744575020e-02 -5.8134329219e-02 -3.2278115028e-02 -3.9839735178e-02 1.4722246290e-02 9.3699116819e-02 1.0246401228e-01 -1.2068972424e-02 -1.9061555238e-01 -1.3038812117e-02 1.9374500016e-02 -4.3902905937e-02 -4.6214002108e-02 -3.3196940467e-02 1.7105977135e-02 -5.5260303627e-02 1.1534523658e-01 -4.4898127894e-02 5.2152234880e-02 -1.9642729171e-01 -1.5289527306e-02 5.1674044066e-02 3.2646893988e-02 -3.1504286660e-02 1.0505475940e-01 -1.0100338318e-01 -8.9663468703e-02 6.3538439420e-02 -2.0118724415e-01 3.2242134520e-02 -5.5581450014e-02 -3.7586346509e-02 6.3587662135e-02 -3.3200036261e-02 -4.2806899388e-02 1.6600389919e-01 1.0249973016e-02 5.5723834334e-01 -8.1915110212e-02 -8.4273583126e-02 1.3996158200e-01 5.4052779444e-02 -8.7146497667e-03 8.5933355091e-02 2.1251686031e-01 1.8830015990e-01 1.8011217026e-02 -3.8204575310e-02 -1.2439570987e-01 -1.3643208631e-01 8.0536927487e-03 2.0272547541e-02 4.3675943783e-02 5.1475675069e-02 -1.1087478895e-01 -1.6756241702e-01 5.6117244486e-02 6.2255002278e-02 6.8727675941e-02 4.0325275621e-02 -1.4059789265e-01 3.5996128717e-02 6.0991470203e-02 -5.0831044124e-02 2.4132854547e-02 -3.4637560806e-02 1.5309756318e-01 3.3143363509e-02 4.4390699493e-02 5.3459768722e-02 8.1604489973e-02 5.2180195523e-02 -1.2013866240e-02 3.6287668807e-02 1.0492410989e-01 -1.5282844175e-03 9.1607553688e-03 -1.5135375808e-01 4.5819928373e-02 -3.1967346920e-02 -1.7781519843e-01 -7.6297609282e-02 -1.8216897463e-02 1.2998770393e-02 -1.1070501365e-02 -8.4184106703e-02 -3.8341534002e-02 1.5735646722e-02 -1.7913153012e-01 1.8561617094e-01 2.1132964340e-02 2.2339331426e-02 2.0469514914e-03 -5.0404577663e-02 1.8690602868e-01 -3.1521954309e-01 1.2346170268e-01 -4.6776565118e-02 4.4818193158e-02 9.0220501399e-03 -1.0140826602e-03 5.1740230159e-02 -1.9644388282e-02 1.1827306393e-01 1.6381552808e-02 1.0486164554e-02 1.8235583712e-01 -2.2299164617e-02 2.5086103484e-02 5.9838611488e-02 -1.5960271394e-01 1.0286956270e-02 4.5211365388e-02 -2.5177809326e-02 2.0511579907e-02 -1.4069310276e-01 5.4558292551e-02 2.1690873732e-02 -2.0990957772e-01 -2.0482866978e-02 -8.1302673733e-03 -2.5959158642e-02 4.8538079492e-03 -5.6674989998e-02 7.7077323762e-02 2.4678847852e-01 1.3853054623e-01 1.9064623149e-01 1.4295666734e-01 -4.0511437324e-02 -7.5232620462e-02 -3.1477036500e-02 3.2096151731e-02 2.4992896582e-02 2.9434546271e-01 5.7083785271e-02 1.0822074692e-01 5.8098039910e-03 4.7362323253e-02 -8.3085429774e-02 -6.0462448245e-02 -7.5786798983e-03 6.7789738987e-02 7.0999279746e-02 1.6307441928e-01 1.0498036744e-02 1.8242234381e-01 6.6088380662e-02 -9.5372107539e-02 -1.0141330794e-01 2.4743775275e-02 -1.4044174847e-02 3.9936138589e-02 9.3800978718e-02
1.0527248181e-01 2.5648113471e-02 -7.4746447242e-02 -7.5726254947e-02 8.4959355591e-02 1.2148997375e-01 -1.1291420894e-01 -3.8907127310e-02 1.0029914276e-01 -1.0082843813e-01 6.6354503698e-02 -5.9909523212e-02 -8.0414285898e-02 -8.0672584069e-02 -1.1700927807e-01 8.3742258200e-02 1.4498367301e-02 9.9424642596e-02 6.7517694639e-02 -2.3165079442e-01 -3.8001018755e-02 -7.2111777242e-02 -6.2774084423e-02 6.4947716195e-02 -4.5783052459e-02 1.3922371822e-02 -1.0076911728e-01 1.2753345908e-01 -4.5720612211e-02 9.3454170996e-02 -2.2184791654e-01 3.4166748439e-02 -1.0291281362e-01 -5.1971598044e-02 -1.8966945260e-02 -1.3242872374e-01 -2.4194412730e-01 5.2521373721e-02 1.7362159734e-01 1.1691270760e-01 2.3823333075e-02 -5.4722750686e-03 8.5850726411e-02 5.8056604343e-03 -2.5140330587e-01 1.3911763481e-01 -2.3580647452e-02 -5.2942960646e-02 -1.9937273419e-01 -1.7033068879e-02 1.4094947356e-01 -2.2798464730e-01 5.9504130367e-02 -1.0603040353e-01 2.8267777016e-02 -4.8623425940e-02 6.8887760649e-02 1.0404463717e-01 -1.5392082921e-01 -1.3304474828e-02 -1.3494198295e-01 -1.4797350084e-03 3.3712351683e-02 1.0039626919e-01 5.7625391912e-02 -1.6982754605e-01 4.2533189962e-03 6.6583349541e-02 -8.9239473710e-02 -8.2587401655e-02 5.4505025626e-02 -5.3840094644e-02 1.7727995689e-01 -6.7480859261e-02 1.2916829738e-01 2.5642465270e-01 -3.9991156438e-02 1.6237277765e-01 -1.3865630327e-01 5.7152756232e-03 3.7382976297e-02 1.0959389887e-01 9.4522847087e-02 -1.2327784906e-02 -4.6569294177e-02 -2.3388004787e-02 -1.2581117123e-02 -1.3577479870e-01 -1.3735501716e-01 -1.0224215863e-02 -7.0096243330e-02 1.6962214552e-01 8.3761804841e-02 6.9964981040e-02 -3.2796664653e-02 6.7272538734e-02 3.2061300776e-02 -6.6128402013e-02 3.6635914527e-04 -1.4115100358e-01 -1.6309480389e-01 -6.6660815475e-02 9.5781004193e-02 -9.3232602835e-02 -2.8624026795e-02 -2.2642876148e-02 -2.2232517013e-02 -3.0462857923e-02 1.1550804795e-01 -1.1697120520e-01 -3.9200699221e-02 2.6689488908e-01 2.5582789738e-02 -1.2880823398e-01 8.5427922478e-02 6.5730123329e-02 -3.8777718657e-02 -3.8701510428e-02 -6.5917349908e-02 -1.1375640283e-01 4.5316394426e-02 -1.0115477438e-01 1.4544166396e-01 -8.6979983996e-02 2.7961441027e-01 -9.4819298911e-03 1.5645561474e-01 -5.3316828762e-02 3.9057629365e-02 -1.5478164271e-01 3.5317585537e-02 -2.0746667656e-02 -2.2471676538e-02 -1.0384764173e-02 -3.4539331163e-02 -1.6103130477e-01 -6.5173448148e-02 -1.1032882193e-01 1.1269082980e-01 4.0592334210e-02 2.6215232747e-01 -1.4157256384e-01 -7.2905905554e-02 -8.7055253893e-02 -1.7157207584e-01 -1.0768272735e-01 1.8311920303e-01 -1.2324306212e-01 1.4788218468e-01 -2.4895019041e-02 3.3303369930e-01 -4.5379322327e-02 2.0897888037e-02 8.8136469277e-02 -1.4837398891e-03 -1.4705962386e-01 -8.2918154055e-02 -5.3817674603e-02 7.3765459068e-02 7.7572821779e-02 4.6189421278e-02 -6.6532045456e-02 -2.0482592983e-01 -3.6729048126e-02 9.5250887134e-02 -3.7542138366e-03 9.9810984810e-02 -1.0434297464e-01 1.1982083319e-01 5.4033275352e-03 2.8973738404e-01 -1.3293666978e-01 9.6531452438e-02 -4.0362907476e-02 -3.8522059344e-02 1.0278145085e-01 5.7574342436e-02 1.3990494457e-01 -2.5272580476e-01 -9.9809008055e-02 -1.1685640342e-01 1.0930879262e-01 -1.5028218808e-01 -1.4660135847e-01
-1.0923960390e-01 1.1820283883e-01 1.4958875694e-01 6.5846703383e-04 6.3576494631e-02 -8.1885518047e-02 1.0277557611e-01 -6.5620481247e-02 3.3201592844e-02 1.0390363044e-01 9.5761984438e-02 -4.3957836072e-02 -5.6311466923e-02 -2.9282632313e-01 -3.1550460657e-02 2.5447339037e-01 -5.1793480898e-02 3.5896223329e-02 2.6342158628e-02 4.4912118254e-02 -5.3753978404e-02 -7.9688827557e-02 3.8663458648e-02 4.1770935050e-02 -2.3999352257e-01 2.2381638340e-02 -4.0686094816e-02 1.6907092690e-01 1.6500530286e-02 -9.3545309505e-02 -2.0152468315e-02 2.5278848135e-02 -1.4450166925e-01 7.9139197115e-03 5.2653949954e-02 1.8093612053e-01 1.6798291131e-01 -1.7529972761e-01 -7.4474753162e-02 2.5670009375e-01 -1.3526422773e-01 -2.7069615671e-03 6.4205117072e-02 1.4043455751e-01 -5.2983284009e-02 -8.1031528271e-03 9.6108374818e-02 1.7333773886e-01 -1.2519404246e-01 3.3412551254e-02 1.7549049043e-01 -2.2064352947e-01 8.9203149367e-02 -4.0185914998e-02 -1.3462006517e-01 3.7949937580e-02 3.9914241962e-02 -6.8764707491e-02 -9.8014403948e-02 4.6536439933e-03 -5.8033968576e-02 1.5712170734e-01 2.6954113004e-01 -2.1527693430e-01 1.5735176450e-01 8.2355574937e-02 3.4950383510e-02 2.5777879610e-01 1.8613784836e-01 -1.0621976740e-01 -9.5939922675e-02 1.8358887560e-02 4.8720161666e-02 -1.0468880571e-01 -7.4732971562e-02 2.8740918844e-02 -2.5356240194e-01 9.4062240718e-02 -5.9487476621e-02 2.9834855622e-02 -4.6570263269e-02 -2.0433332995e-01 -9.5477535075e-02 -9.8684652240e-02 7.6515254927e-02 -6.1928629490e-02 6.3761693815e-03 -1.9679053557e-02 -1.6555067132e-02 2.0280159020e-01 -8.8914436592e-02 -7.1648785604e-02 -7.4208499605e-02 7.0137897040e-03 -4.1301310949e-02 7.3253007639e-02 -2.4671462949e-01 -3.2267825773e-02 6.9658583067e-02 2.1447024997e-01 6.1033461200e-03 -2.8086083325e-02 2.4616429006e-02 -6.4345101885e-02 3.5529538511e-04 2.5448454276e-02 2.6212104623e-01 9.8071686615e-02 -1.6717812855e-01 1.7430810292e-01 -1.9913564651e-01 7.7706575065e-03 -3.4412474156e-02 -1.2785271822e-01 -8.5560151656e-02 2.7982283975e-02 -1.0815881643e-01 -5.6316543570e-02 -7.4677315686e-02 -2.9228866022e-02 3.9285718086e-02 -6.4806689072e-02 -2.4069537317e-02 1.5411222079e-01 7.4815592278e-02 -5.1637534076e-02 -1.1626432562e-01 6.8575263993e-02 1.2664007091e-01 -1.0243301538e-01 9.3101470214e-03 2.1300570603e-01 -2.7964743410e-02 -4.3944284726e-01 -5.2869711674e-03 9.9365038932e-02 8.1920436442e-02 3.0102933109e-02 5.0844024359e-02 4.6518787605e-02 1.2729317258e-01 1.0876109146e-01 -9.1573781202e-02 -1.8291719167e-01 -1.4882928898e-01 -1.0955414857e-01 1.2925169156e-01 2.2697050408e-01 2.0138140813e-02 7.2802333725e-02 1.1757098062e-01 -2.0171898782e-01 -1.0777615148e-01 3.1920345557e-01 -9.9705761248e-02 -1.5336190944e-02 1.3802329618e-01 5.5327437850e-02 1.1861138354e-02 -5.8968744231e-02 2.2108763542e-01 -9.9675551210e-02 -6.7971951530e-02 1.4690312446e-01 1.1215740187e-01 -1.2814950371e-01 -9.9087660780e-02 6.2290196139e-03 1.0850114901e-01 -7.0541733749e-02 4.7568087118e-02 1.7168823777e-01 -1.6310156718e-01 -5.0979756910e-02 1.9019758005e-01 9.2711874194e-02 2.0491273186e-01 1.3910904292e-01 -9.0776315405e-02 -2.0272555966e-01 5.2561300339e-02 -1.0709041987e-01 3.0565941154e-02 -2.3014194301e-03
-1.1756830255e-01 1.0523474060e-01 -2.6022744792e-01 -1.2924122799e-01 2.4478880539e-02 -3.1559059107e-04 5.8839837902e-02 1.0091898440e-01 4.4951074852e-02 -4.3017381725e-03 -1.5214491979e-01 4.5782720081e-02 1.5339951926e-01 1.9337607982e-03 -8.3463976671e-02 -3.0372720095e-02 2.7307336255e-02 -1.8673046155e-01 -2.3527821690e-01 2.2565390671e-02 3.9538383934e-03 3.7124281204e-02 -1.9572678213e-01 -4.5534725749e-03 -3.1139289646e-02 -3.5825507902e-02 1.1555805129e-01 -2.9204985418e-01 -2.6437515137e-02 1.4214487286e-02 6.8771668802e-02 -1.3873805968e-01 5.3165755095e-02 -2.2424686670e-01 1.4733889423e-01 -4.8256600150e-03 8.6535961045e-03 -3.0644616323e-01 -1.8460423962e-01 9.3355903603e-02 2.6714158179e-01 -1.6425686458e-01 -1.9745549112e-01 1.1407076476e-01 -2.7266353973e-02 -2.1424551862e-01 -1.6829105957e-01 1.4399251864e-01 3.7300591002e-02 1.2593750314e-01 7.7421462026e-02 -5.2947317404e-02 7.3646588618e-02 1.7171338737e-01 7.2356496418e-02 1.7848088207e-01 1.0730422053e-02 9.2217634658e-03 3.4298350567e-02 1.7190157163e-02 1.5441499432e-01 1.4823358990e-01 4.7126403396e-02 2.8881878469e-01 -2.6964375291e-02 -2.4161598013e-01 1.0403500808e-01 2.6108272316e-02 -2.8771829168e-01 -2.5788515029e-02 -2.9827325081e-01 -3.9623622231e-02 -8.0915426127e-02 1.3211840969e-05 7.9222240978e-02 6.0545852780e-02 6.8665067579e-02 -2.6169690640e-02 4.9841855409e-02 8.5996908634e-02 1.1580971082e-01 2.3011844786e-01 5.5546033632e-02 -3.0180569679e-01 8.8828856374e-02 -7.5365621115e-03 -1.0629090045e-01 2.4643192627e-01 -1.7872527611e-01 2.7429820846e-01 -1.4559251525e-01 -1.2146772047e-01 -2.5172368980e-02 1.0387319495e-01 3.6538604618e-02 -2.0431302892e-01 1.9357903321e-01 -3.1743813521e-02 -6.7027666774e-02 -1.2289335291e-01 1.3826122798e-02 1.9275132641e-01 -6.6428201014e-02 3.5869071713e-03 6.8143603939e-02 4.3369909572e-02 1.0515008474e-01 -1.2032304495e-01 8.2287321396e-02 2.3781651363e-01 -5.6516670549e-02 2.8631738802e-01 3.1504883205e-02 1.5149121456e-01 7.8395279610e-02 -1.0935371087e-01 1.7661201678e-01 -1.1048621915e-01 -8.1884574095e-03 -7.5233168012e-02 -7.2391919011e-02 2.8912644772e-02 5.1830564794e-02 -1.7191683088e-02 1.0951594605e-01 -3.5134495394e-02 -2.5200027633e-02 -6.7329651836e-02 -5.9971827744e-02 4.0529734525e-01 1.1047160588e-01 1.3359206375e-01 -2.2226162085e-01 -8.1477389758e-02 1.6062209568e-01 2.1168233415e-02 5.6063731300e-02 -3.7276196133e-02 -4.6166463253e-02 1.7591476436e-01 -3.4829730855e-02 -6.8977357802e-03 -2.3202810995e-01 2.7456622542e-02 -2.4643330855e-02 5.6631677055e-02 6.4206463590e-02 -1.4574744244e-01 2.2970702799e-02 1.0679139484e-01 -1.2513938575e-01 -1.5144096462e-01 1.1300283927e-02 -5.3813961382e-02 2.0374978851e-01 -6.8918372570e-02 2.2080553880e-01 9.2444846389e-02 -7.8533913657e-02 4.1241906920e-01 -9.0323068938e-02 -3.8083355843e-02 2.1065548649e-01 2.1050809605e-01 -5.0881039449e-02 1.5484463674e-01 -1.5383782372e-01 -1.1645874324e-01 1.7323478637e-01 -1.3791476989e-04 1.3110970893e-01 3.9495321323e-02 -1.3192891622e-01 -1.6770262030e-01 2.0187586807e-01 -9.6880912704e-02 1.1930389461e-01 1.2037730817e-01 -2.5647348275e-02 -1.2862623446e-01 1.6683908818e-01 -6.6290467873e-02 1.9344494034e-01 7.6508483101e-02
1.4700777384e-01 -1.2954267070e-01 1.1201065717e-01 3.9003004740e-02 -7.4552788274e-02 6.0695620746e-02 -2.4018880216e-01 1.1153771643e-01 -1.3542074851e-01 1.2009053085e-01 9.4614604948e-02 4.8898250236e-02 -1.1765119335e-01 1.6957460381e-01 -2.8445522332e-03 -2.8291175320e-01 -2.0664074144e-01 -3.6438546705e-02 -1.9905411540e-01 1.9290754408e-02 5.4349486269e-02 -4.1343415146e-03 -1.1948069886e-01 8.3183868121e-02 1.3210024385e-01 -3.2422429550e-02 -1.1289578199e-01 -4.6541585781e-04 1.6976929047e-01 1.2467678551e-01 -2.5750645184e-02 1.9103835440e-01 -4.6306121385e-02 -1.6093401509e-01 -1.1817084160e-01 -7.8703960967e-02 8.7441789493e-02 1.3120744834e-01 -6.1059544295e-02 -7.3732383742e-02 1.1260090885e-01 6.3117188185e-02 -1.8892599455e-01 -3.3496852388e-03 -1.4247378746e-03 8.5057890241e-04 6.0415041056e-02 -1.7072114182e-01 7.9383288114e-02 -1.0360023610e-01 -1.8028858475e-01 -1.0947269957e-01 -5.0093054339e-03 -2.1670085966e-01 1.6601886056e-01 4.2411744180e-02 -1.0147399423e-02 -8.0353459018e-02 9.4591883824e-02 2.7294382217e-02 -1.6188603509e-01 -1.1103091732e-01 -1.4846491750e-01 1.1509949472e-01 -1.5137258852e-01 2.5118067263e-02 9.9941396245e-02 2.5764911039e-01 -5.2666536857e-02 -2.0435466678e-03 9.5456230518e-02 2.0592458369e-02 1.8809985564e-02 5.2979657162e-02 1.4556739828e-01 -1.6355881254e-01 1.5153598305e-02 -3.0642980060e-01 2.0020845584e-02 3.2436367103e-02 -1.5847260512e-01 6.1464180248e-02 3.0151483119e-02 -2.0767045853e-01 3.8852136266e-02 2.0464490325e-02 1.8702424147e-01 1.9915412359e-02 1.0834858710e-01 -1.6735422781e-01 1.4768858389e-01 3.0138104899e-01 -1.1684028538e-02 -4.7378502253e-02 9.8170183068e-02 6.9730112110e-04 -2.6468060765e-02 1.9262388927e-01 5.7369582221e-02 3.3703686018e-02 1.7459182604e-01 5.7202796272e-02 1.1560849045e-01 1.4694127539e-01 -1.5510010149e-02 2.6397040497e-02 3.3169286825e-02 5.8614884000e-02 8.7799747186e-02 -1.4642449402e-01 2.3204582620e-01 1.4539487238e-02 1.7371529746e-01 1.8403338540e-01 5.5316251437e-02 6.6243030685e-03 1.8397742287e-01 4.2498124164e-02 1.4511338079e-01 1.7543503089e-01 -8.9285386674e-02 7.3920558116e-02 -1.5990132340e-02 -6.9527219822e-02 -1.5828858039e-01 -4.5320892162e-02 1.5232231099e-01 8.9401322097e-02 -2.9380951456e-01 4.4328726264e-01 -1.3306218156e-01 3.8861179884e-02 -1.0862490291e-01 3.8786607994e-01 2.6013416382e-01 2.0030860034e-02 -1.6625291850e-01 -2.8477259250e-02 -9.5766298714e-02 -6.0807612599e-03 -7.7138317550e-03 8.2878293579e-02 1.5555331819e-01 2.7645795631e-01 2.2611564453e-01 8.2492704406e-02 2.4112778085e-02 1.8588493000e-02 -4.2908820917e-02 3.7619508321e-02 -5.4874473870e-02 9.9092934681e-02 -4.6561083062e-02 -2.1235800055e-01 -5.7302905442e-02 -3.0345903978e-01 -1.0547769413e-02 -2.2674911882e-01 1.2990081460e-01 1.2130257574e-01 -1.3109013291e-01 -4.2690389839e-02 -1.7094549393e-01 6.0377577997e-02 9.6076512767e-03 2.6933549397e-01 2.1588130785e-01 -5.6273140216e-02 -5.0667530021e-02 1.8374674820e-02 1.3774940429e-01 -1.7003675374e-02 3.5384522702e-02 7.8190113343e-02 -6.5884859753e-02 -1.4086412081e-01 -1.3908274243e-01 2.6392605586e-03 -1.8778548343e-01 1.3881532055e-01 -1.6934204047e-01 5.1429074133e-02 -1.2161260601e-01 4.1106058264e-02
1.4752400270e-01 -5.1430989761e-02 6.1696771913e-02 1.3384510986e-01 4.0534257453e-02 1.1587561863e-01 -1.1934893572e-03 4.3860481549e-02 5.2475320160e-02 -1.8834941738e-01 -2.4783066447e-02 8.1527559241e-02 -7.9256504914e-04 -2.2784011116e-02 1.2994009063e-01 -1.5528179792e-01 1.4290424268e-01 5.3258481070e-02 3.7954573896e-01 -8.8735153352e-02 -2.2055018129e-02 -1.6487427477e-01 -1.0385213072e-01 1.4711533769e-01 -2.3822748704e-01 -3.7704167054e-02 -4.8765155965e-02 1.7197852821e-01 8.8985204947e-03 -1.0978369932e-01 3.2416771559e-02 2.1398471454e-02 1.1432087479e-01 1.3825187954e-01 2.3938470732e-01 1.9729992103e-01 1.6832765421e-01 -6.1578258776e-02 -2.5403037319e-02 6.2247908599e-02 -8.9511513032e-02 -2.4787773938e-01 1.7819339652e-01 9.5792198615e-02 -9.0329559360e-02 -6.9684931736e-02 2.2294521651e-01 -6.0113623439e-02 -7.2098359307e-03 3.1555405473e-02 1.4414525699e-01 -6.5159995003e-02 4.7911056049e-02 6.6262033138e-02 -1.3565301580e-01 -7.2210353006e-02 5.2682807257e-02 1.4055429916e-01 -1.7186157754e-01 2.1674004094e-02 3.6261532242e-02 1.8072264035e-02 -5.3490617284e-02 1.2031367787e-02 -5.6040642228e-02 2.0121396088e-03 -6.0032757674e-02 -1.2305272006e-01 5.2667187276e-03 -5.6285852488e-02 1.9976371638e-02 1.5128698786e-01 -2.1880629776e-01 -4.3986578853e-02 -2.3730814641e-01 -1.2636806941e-01 6.5073607092e-02 7.5246473773e-02 -1.5401665867e-02 1.5094542008e-03 1.4283404356e-02 -3.1846478374e-02 -8.6764582714e-02 7.7813072974e-02 -2.2536570711e-02 -4.2252187148e-03 3.3499554765e-03 -1.5263396612e-01 -9.7897698560e-02 -2.0099617607e-01 5.3250934670e-02 8.3507028324e-02 6.5907738184e-02 1.1169206640e-01 -5.0766026728e-02 3.2034830489e-02 -1.3078530205e-01 -5.7453640393e-02 -1.3939429283e-01 4.7891029337e-02 -2.2517662784e-01 -5.7468866572e-02 2.2058955703e-01 -6.3891363611e-02 8.1968438783e-02 1.0425981093e-01 4.2922379621e-02 3.6090434159e-02 -6.7188953331e-02 -2.1753495841e-02 -5.3703692043e-03 2.0065556253e-02 -3.3601003853e-02 -1.5877464809e-01 1.1939280267e-01 1.6718486401e-01 -5.3034575778e-02 1.6027477511e-02 1.0473102316e-02 2.2747356337e-01 4.4160083083e-02 -2.7566437825e-02 -1.6291379595e-01 -1.7974426074e-01 2.2092325078e-01 1.3677939752e-02 -1.7733613411e-01 1.3661423455e-01 -6.6186996624e-02 -3.9728192112e-02 6.1585805186e-02 -5.8568198997e-02 -7.5151696364e-03 5.5287857544e-02 -1.2232855624e-01 2.5451188213e-01 1.9431326943e-01 -2.7351003036e-02 -1.4777429192e-01 1.1749480653e-01 -3.8328011100e-02 7.5136663060e-02 9.6639518365e-03 -6.9798326688e-02 1.8396344514e-02 4.4641544592e-02 1.0724788843e-02 -8.3039361565e-02 -2.0672668851e-01 -5.1071891795e-02 1.3558514737e-01 7.3696519096e-03 1.8597862624e-02 1.3884937578e-01 -1.8247587912e-01 -1.6294859367e-01 1.2571330479e-01 1.5477376965e-01 6.5657853898e-02 -9.4120652468e-02 -1.3337242992e-01 -5.9957624379e-02 5.8719077095e-02 -1.3609077311e-01 1.3883270388e-01 -2.0292802978e-01 5.8272296371e-02 1.4993330967e-02 -1.1662459476e-01 9.8935285236e-02 -9.1882364063e-02 -7.7003974743e-02 1.2149598312e-01 -2.2772152635e-02 -1.1866224529e-01 -1.7201101232e-02 -5.7088739216e-02 -3.9240795063e-02 3.8869069181e-02 2.4124032758e-03 2.6348772325e-01 -1.6131895401e-01 -9.6529497175e-02 -1.2220983971e-01
-1.2217555450e-01 8.5367085822e-02 4.2065305919e-02 1.1317397855e-01 3.4105360601e-02 -1.5028753237e-02 6.1476404323e-04 6.8997056612e-02 -4.6915359341e-02 1.3657185193e-01 1.0456187163e-01 -1.6473800241e-01 -5.3606517563e-02 -6.9006849826e-02 -1.1752075245e-01 8.0378642019e-02 1.1443815856e-01 -7.8681218459e-03 -1.2997447004e-01 1.1003218845e-01 2.1530928194e-02 -1.5970423670e-01 -1.3116210258e-01 3.2659611218e-02 -3.3332168438e-02 1.1346993773e-01 1.5963524262e-01 1.0320095985e-01 -1.8780862918e-01 -1.8285200974e-01 -1.7203215782e-03 1.0762342092e-01 -9.3806569046e-02 6.5809341621e-02 -9.3006642630e-03 -1.2993455680e-01 2.0336654017e-01 1.1647739584e-01 -7.2230837676e-03 -1.0271917700e-01 -3.3584189239e-02 -1.8129629241e-02 -2.2420181918e-02 -4.4267649942e-03 -1.3766760224e-01 6.5875168155e-02 8.7714904590e-02 3.6568378191e-02 -9.1146781164e-02 -1.3539342907e-01 -2.2138359596e-02 -9.6097897048e-02 -1.2629711225e-02 -9.8380672001e-02 -2.7187212647e-01 5.8866953810e-02 -1.0733389498e-02 5.8746794371e-02 -1.3805283745e-02 -4.0710020318e-02 7.0657293052e-02 2.5530250441e-02 -8.4706377711e-02 -1.3968368569e-02 -1.3853250384e-02 -2.0410145696e-02 5.3023183699e-02 -1.3214545387e-02 3.4791732910e-02 -1.0936759248e-01 -5.5663246711e-02 -9.8596999875e-02 -1.4790097389e-01 -1.0027278338e-02 -2.4369161248e-01 1.8760605763e-01 6.4692947974e-02 4.9262742770e-02 -4.1492269358e-02 1.2784640304e-01 -8.2163030621e-02 2.4516685581e-02 -1.6955504251e-02 -5.3727354715e-02 -1.4206282282e-01 -9.5275104237e-02 2.7369021957e-02 -1.4832733641e-02 2.0236568840e-02 2.3538704853e-01 1.0846713709e-01 -4.0444226375e-02 -1.9313672009e-01 -5.4057631616e-02 -1.1330668895e-01 -1.1726915487e-01 3.7185592764e-02 -1.0806734217e-01 -1.0252479375e-01 -1.8602946313e-01 -5.1704958791e-02 -3.7095788286e-01 -1.3925139010e-02 -6.4721486531e-02 -5.7297959456e-02 -5.8404610439e-02 -3.4439674069e-02 -3.1975675904e-02 5.9770583871e-02 2.3644134445e-02 -7.9443327050e-02 7.7986241929e-02 -6.0234661052e-02 -1.1262056459e-01 -1.4655191450e-01 7.2236502681e-02 -1.2392093787e-01 2.2655045827e-01 -8.1202977437e-03 1.4118551878e-01 -4.0809820213e-02 3.7012647193e-02 7.5669702224e-02 2.7055180348e-03 -1.0343646197e-01 1.7844537075e-01 5.0886682903e-02 6.9181724452e-02 1.7119711472e-01 1.9688894179e-01 -8.2572905930e-02 6.0430995852e-02 1.4900131941e-01 -1.0950721056e-01 8.8337522152e-02 6.5442786551e-03 3.5603887103e-03 1.4492555420e-01 -8.2760570699e-02 -1.8682964264e-02 1.4659080965e-01 -7.3051661523e-02 -6.8148462672e-03 -1.7199800303e-01 4.7713847056e-02 1.7566055255e-01 -3.1164251889e-02 -7.2264756867e-03 -1.2214166567e-01 8.9305395922e-02 -8.0458225266e-02 8.7771679083e-02 7.6391622346e-03 6.6091946920e-02 9.8471015386e-02 5.2785883422e-03 -1.0321113354e-02 -5.0565253561e-03 5.2657338093e-02 9.1131565945e-02 -1.0238577916e-01 4.3066021194e-02 -4.5436832971e-02 6.8447042581e-02 -5.9248836620e-02 -4.0159441773e-02 7.4269848996e-05 9.1817955969e-03 -2.3049054151e-02 -4.6859609841e-02 8.8960799195e-02 -2.0741487931e-02 1.5297756227e-02 -2.0586103917e-01 -1.8991260632e-04 9.0993961035e-03 -1.3686569049e-01 6.9896334237e-02 -8.2901305246e-02 5.1190822173e-02 6.6090827311e-02 1.7813618285e-01 -1.9605850903e-01 1.4545651923e-01
9.5177442575e-02 2.3443833470e-02 7.5050844220e-03 8.6017459657e-02 -5.8462501726e-02 7.6739995277e-02 -1.1808552976e-01 -7.8067425327e-02 8.6727544341e-03 -1.1551894915e-02 1.6825941494e-01 1.4790554615e-01 1.3955476757e-01 -1.1342403821e-01 1.3102156662e-01 1.5134040256e-01 -5.9605222174e-02 1.8440001442e-01 -7.7336049808e-02 -6.3048547159e-02 -3.5554643199e-02 -1.3016623015e-01 -5.9570050340e-02 -2.0840772554e-02 -3.1124758946e-02 2.1648833233e-02 -1.1988780072e-01 -5.1602059837e-02 2.5432953640e-02 6.7770647245e-02 -1.0142243876e-01 8.9797539843e-02 -8.4101153792e-02 -5.3540613001e-02 -3.1562875513e-02 1.5061101296e-02 8.6952503529e-02 7.6560742019e-02 4.3420821118e-02 -4.1480564812e-02 -2.3168304822e-01 8.7354038837e-02 3.2414709400e-01 3.2875431263e-02 2.5268510838e-01 6.5815034239e-02 1.5885605400e-01 -4.1621331769e-02 -5.6686874713e-02 -1.0955649557e-01 -5.4195074305e-02 4.9688047323e-02 5.1443452696e-02 1.2298614210e-01 1.7599371803e-01 -1.2031254388e-01 1.4108061565e-02 9.9153541859e-02 -8.9858399978e-02 1.4059001785e-01 -1.3246948080e-01 -2.1512808407e-01 -4.2435840824e-02 -3.5668978269e-02 -9.1198142631e-02 9.4365954796e-02 1.0918070696e-01 7.1278955239e-02 1.3578766653e-01 -8.8620401850e-02 3.9792622805e-02 5.9598170026e-02 -4.1299825962e-02 8.8851888285e-02 1.6817119412e-01 -6.1905938195e-02 6.6525298787e-02 -9.8099223618e-02 -3.8751344289e-02 1.4576446887e-01 -5.4098305093e-02 -1.0264550197e-01 -8.0259462094e-02 3.7257902642e-02 6.0256218824e-02 1.5836212021e-01 1.6560492340e-01 -1.3318836805e-01 2.8607230766e-01 -9.7046243540e-02 1.1691909932e-01 -1.6901089358e-02 5.4591839817e-02 -1.0444410572e-01 1.3438474011e-01 9.6077458802e-02 -1.1142875883e-01 -4.7617825202e-03 -2.4507664169e-02 1.6052022826e-03 -5.5588605288e-02 1.4969693755e-01 1.4588193589e-01 -9.4362645532e-02 1.2318404327e-01 4.7751994578e-02 1.3923529770e-01 -9.6900683144e-02 -2.8448796732e-02 -1.7284991716e-01 1.1053285165e-01 2.4118747871e-01 -1.4594005918e-01 4.3729731069e-02 4.7015924033e-02 1.3583018822e-02 5.5710423958e-02 9.6485279017e-02 -1.4551294047e-02 4.0193048715e-02 3.6750607180e-02 -1.0013690649e-01 4.3726537550e-02 1.4300039390e-01 -2.0767746786e-01 -1.3208945338e-01 2.2120280252e-01 -3.4067809684e-02 -1.6675075360e-02 -1.6346778755e-01 -2.5175745984e-01 5.3760439538e-03 -1.0525247804e-01 -2.1024830664e-01 -9.9497842353e-02 -4.2706430252e-02 -4.4443381743e-02 -4.2329240467e-02 7.5458396744e-02 2.8294334834e-02 3.9829527718e-02 1.5375111463e-02 -3.0961620833e-02 -4.2913853958e-02 1.1289246099e-01 -8.7144608185e-02 -1.3166186973e-01 2.5478958481e-01 4.5875523574e-02 -7.0387231030e-03 1.7634449164e-02 1.0095600297e-01 1.1434733770e-01 4.7438160586e-02 -5.6089513403e-02 -9.6680156177e-02 1.3735365689e-02 -2.9669813358e-02 1.2022901254e-01 -6.9379643938e-02 -1.1068205038e-01 1.6359492926e-02 -1.7298813144e-01 -9.8689023270e-03 2.4364476769e-01 -2.7855592295e-01 9.6315090030e-02 3.7630193841e-03 -1.2108532012e-01 -4.8735697871e-02 2.6415095039e-01 5.5813481930e-02 4.0389926824e-02 1.0041575019e-01 2.0966712830e-01 5.4539552602e-02 -3.7006608547e-03 -3.0268448566e-02 -1.3243745781e-01 -8.2642445521e-02 -1.6267511283e-01 -1.5681419829e-01 -5.9957622625e-02 -2.2141253701e-01
-6.8409226483e-02 4.0615307222e-02 1.5784703704e-01 9.3739439144e-02 -1.2138675506e-02 1.3824320091e-01 -1.3528027372e-01 -7.9391454631e-02 1.6541571662e-01 1.2360755207e-01 1.7279433300e-01 1.2477849398e-01 -1.3059562047e-01 -8.3373662262e-02 9.3500853312e-02 2.9554544386e-01 -1.0930585688e-01 1.7727757982e-01 -1.2333595397e-01 -4.6887759590e-03 4.3652368302e-02 -1.3985532827e-01 9.3256504438e-02 5.3314801160e-02 1.0992571257e-01 1.7590914245e-01 -1.2911311448e-01 1.0761750502e-01 -7.2485871458e-02 -2.7115550236e-03 -1.4341024187e-01 -6.3067137123e-02 -1.3301792215e-01 -4.9748935746e-03 1.7833502719e-01 1.3299920324e-01 -4.8179632988e-02 -4.8253381749e-02 2.3893502815e-01 1.6324636130e-01 -1.2296025390e-01 -7.1768557993e-02 -1.1831955417e-01 8.6838438286e-02 8.6674782388e-03 -6.7877945276e-02 1.1161731427e-01 -2.8832528661e-02 -1.3974072311e-01 1.3781781931e-01 1.7826948494e-02 -2.6210276764e-02 -1.3321129435e-02 7.8683294230e-02 2.0441461266e-01 1.2843252100e-02 -9.2244237509e-02 3.3725635876e-02 -1.1231274467e-01 2.1108086369e-02 -2.6568547518e-02 -9.9835151689e-02 1.9214407103e-01 -1.5059307212e-01 -3.0274661604e-02 4.0599203027e-02 7.1613048936e-02 -1.7324794993e-02 1.3567365336e-01 -1.8008370313e-01 -1.8011313933e-01 2.0942963699e-01 5.2812419281e-02 1.0557998383e-02 3.9538499991e-02 1.2598922344e-01 -1.6030749134e-01 -1.6990851267e-01 -3.0160509438e-01 -7.6263956212e-02 -2.1277962849e-01 -1.5335455258e-01 -5.5373007381e-02 4.9183426682e-02 -2.5927078661e-01 -3.4936544448e-02 -2.2603425248e-01 -9.6002766037e-02 3.4937508512e-02 -1.4583634831e-01 -2.1682500219e-01 9.9828898136e-02 -1.6648634986e-01 4.0089134451e-02 -4.1273705062e-02 3.3824176843e-01 -1.0195735581e-01 -2.2098149980e-02 1.0936758848e-02 1.0890133654e-01 -2.4297273481e-01 1.2271908071e-01 5.0287269491e-02 -4.4256127148e-02 8.1407605460e-02 2.5699719923e-02 2.9083929518e-01 -1.7997277494e-02 -4.2781783501e-02 2.4555500722e-02 3.1366037744e-01 -1.0364679944e-01 -9.4182482769e-02 3.0380571468e-03 -5.8570642270e-02 1.2928790724e-01 -2.3704339101e-01 -5.2492298444e-02 5.2925111612e-02 -1.6565048373e-01 9.4628769737e-02 -2.6482811930e-02 -7.2468912782e-02 4.9819414462e-02 1.2833452095e-01 -2.1020608416e-01 -6.9920634499e-02 -1.3106931172e-01 -1.3768368287e-01 -2.6123887104e-01 3.0754059358e-02 1.8769843507e-01 -1.0576280718e-01 1.4703917051e-01 -1.4093365982e-01 1.0169118212e-01 1.1329056705e-01 1.5743628247e-01 -3.4390072885e-02 3.8692437973e-02 1.0088846466e-02 4.5518305741e-02 -1.9456178939e-02 -4.0648008392e-02 -1.2939301678e-01 1.5152390489e-02 1.9327301926e-01 6.1088854433e-02 5.3785415643e-02 7.3569991577e-02 -3.1726268041e-02 -4.3437711580e-02 1.5601977569e-02 1.6388653026e-01 -5.3331711195e-02 1.0802929728e-01 3.2842066703e-01 8.6848126349e-02 -5.2689454439e-02 -1.0627234323e-01 -3.7554601504e-02 -2.5691840228e-01 -5.6917120381e-02 -1.4065703728e-01 8.4427995520e-02 -3.7459014443e-02 2.3688598079e-01 -5.9544304510e-02 -5.7224097525e-02 -2.3099230047e-01 -8.2200404744e-02 1.1095673110e-01 6.0979217081e-02 1.2535354630e-01 3.4252864066e-01 8.4763332871e-02 8.6581115660e-02 -1.2212701777e-01 5.8560958411e-02 4.8564753039e-03 2.9730895841e-02 -6.8742258476e-02 -2.5558133251e-02 -7.3578707392e-02
-1.0998917993e-01 1.2570704424e-01 1.5581249436e-02 7.9413288504e-02 1.5202553204e-01 -3.0674753162e-02 -5.4846134071e-02 -1.8145601179e-02 2.5973872330e-02 -1.3039722566e-01 -1.1720065897e-01 8.2732447098e-02 2.6974881228e-02 -3.4680352851e-02 -1.9812267453e-02 -1.7522107629e-02 9.8846903549e-02 -7.7166723322e-02 -3.4478539826e-01 -7.0095082045e-02 1.6862189752e-01 2.7990710503e-02 -2.3805852033e-01 -1.6647311608e-01 7.7557662921e-02 1.0018187980e-01 -8.5967323123e-02 2.7910708046e-02 -7.9831085161e-03 -9.8821783234e-03 2.3536020639e-01 -3.0326798701e-02 -4.6786746842e-02 1.5968264064e-01 -4.9568512647e-02 -1.0477769949e-01 -1.3364592629e-01 6.2058958894e-02 1.9551206225e-01 -6.3742673440e-02 4.2897445988e-02 -3.9567460413e-02 2.3948982439e-01 -5.3143545391e-02 -1.1770055278e-02 -2.1651778560e-01 -5.4455612801e-02 -7.4335500500e-05 -4.6662025571e-03 -1.2161651060e-01 9.6819186227e-03 -1.1007389819e-01 2.4175923489e-01 -9.8305838450e-02 2.0779503941e-01 2.8756459615e-02 3.1619997268e-01 1.7806406618e-01 1.9430918848e-01 -1.7915130429e-01 -2.6873400415e-03 -5.0736035962e-03 7.0125335625e-02 -7.3244956362e-03 5.9067536006e-02 7.7299237498e-02 -6.8244593914e-02 -1.2923288743e-01 3.9027541482e-02 7.5301440783e-02 -1.5115092766e-01 -1.8610113695e-02 8.6288521512e-02 9.4082687601e-03 -9.6042063241e-02 1.5162255413e-01 -7.6923175238e-02 -1.7588696567e-01 5.4884113681e-02 -3.6770778642e-02 -1.3679716309e-01 -1.6294593769e-02 7.8146141089e-03 2.2776952032e-02 -1.2584109658e-01 -2.4758020039e-02 -2.0320798049e-02 -5.8526983593e-02 -5.6323424504e-02 -1.8584848679e-02 -1.7805120806e-01 -4.0720895568e-02 2.7148135176e-02 -8.5029075565e-02 -4.4689543011e-02 -1.1662243505e-01 -2.0237272496e-01 -2.2428817719e-01 -1.0431884827e-02 5.0807747266e-02 2.6890029639e-02 -1.5361503470e-01 1.7145253809e-01 -1.1295180858e-01 -3.0420428031e-02 8.3438981158e-02 -1.0908339782e-02 1.2100082407e-02 -1.0770495775e-01 6.8050572461e-02 -6.4076389803e-02 1.6688911885e-01 2.1091124737e-01 -4.3529149286e-02 -1.9327825028e-01 -3.8339397402e-02 1.5331614539e-03 2.3013407424e-01 -2.6661502061e-01 -4.4882946651e-02 -6.5838702569e-02 1.2647438988e-02 -1.0490185898e-01 3.1224969469e-02 -1.2572308710e-01 -1.4224353004e-02 -1.1798582123e-02 4.5488650299e-02 -1.5887069135e-01 -5.8681672487e-02 5.4570117206e-02 7.3735451315e-02 -6.7685293177e-02 1.3894014420e-01 -5.2644323150e-01 1.4736071475e-01 -3.8905560089e-02 -6.6488317330e-02 8.2702628600e-02 6.6406226534e-02 1.2165103937e-01 -7.5918854533e-03 3.2296680173e-02 5.2130678724e-02 -6.2937052588e-02 7.5874858854e-02 1.9133341683e-01 -6.7867411711e-02 1.3525227917e-01 6.9608198767e-02 -4.0871483738e-02 1.8955103370e-01 2.8197769488e-02 -1.0340731053e-02 -4.7599542127e-01 -4.5450739474e-02 -2.2309090489e-01 1.0822282818e-02 6.8018270706e-02 -2.4160988558e-01 -8.7130447318e-02 3.3025894466e-01 -1.2632153657e-02 -8.6056483960e-02 1.1503268235e-01 -1.7543941765e-01 -3.3534103263e-02 3.6704872655e-01 2.5793697286e-01 4.0320407725e-01 7.8766058306e-02 -3.6686445211e-02 -8.5459586459e-02 1.2704785350e-02 -2.1658092625e-01 8.4233463664e-03 -8.4333835127e-02 9.9457527984e-02 -1.0093666149e-01 1.3820109588e-01 5.0540845092e-02 8.9413260861e-02 6.1166575827e-02 1.2519186219e-01
-1.3671970686e-01 1.0875345499e-01 -1.0080500013e-01 -8.3592767411e-02 3.0224405243e-02 -1.3056814438e-01 2.1554197978e-01 -2.1805868848e-01 -3.3425694632e-01 -2.4322212402e-01 1.1053730448e-01 -3.3267529220e-02 2.2687706742e-01 -8.2890608177e-02 -2.2403511546e-01 2.7928358428e-01 3.2114584387e-02 -1.2002083701e-01 4.1904172034e-02 1.6160100488e-01 9.2187010821e-02 2.5844824446e-01 -5.9324811123e-02 1.7862736748e-01 -3.7024849665e-02 7.6482038239e-02 1.2250806353e-01 -3.1742628164e-02 -1.2322516728e-01 -1.6407126165e-01 -1.4033575428e-02 -7.1210190814e-02 -5.8051711857e-02 9.8137811600e-02 1.8707838110e-01 -1.8288598997e-01 -8.5385430534e-02 2.7346340515e-01 6.5905691571e-02 -1.2068853044e-01 -4.3821071706e-03 1.1011246449e-01 -2.1516479822e-02 3.8840460090e-02 -5.6638489120e-02 2.0008824937e-01 7.2607666232e-02 5.4488979137e-02 1.0212287161e-01 -4.2418974052e-02 9.0188217229e-02 1.3170709752e-01 -1.9965487280e-01 -2.4968286801e-01 4.2254223840e-02 8.2342759032e-02 -9.9922195038e-02 1.4289360572e-01 2.9374072376e-01 -3.4178185204e-02 1.2369719696e-01 2.4013859586e-01 3.6413823455e-02 -1.4474701562e-01 2.1575905102e-01 7.5749344925e-02 -2.2347755029e-01 1.8788976862e-01 9.1924866354e-02 1.0393434459e-01 1.4113774630e-01 5.9027092361e-02 2.5134819498e-01 -1.7360870919e-01 -1.8603934428e-01 1.0693220154e-01 -1.4720156984e-02 1.0219182270e-01 9.1891331062e-02 -1.8085554277e-01 1.2962870677e-01 6.7593862266e-02 1.9249001826e-01 1.8680902934e-01 1.8430782758e-01 -1.7744789211e-01 3.7657242553e-02 -8.3117050368e-03 1.3282980523e-01 4.3953971080e-03 1.0572576810e-01 -3.9631524643e-03 1.2700861937e-01 1.9028000261e-01 6.8617676357e-02 8.9548327706e-02 1.0504841662e-02 1.4716831975e-02 2.2666305377e-01 4.6041773043e-02 -5.4101317886e-02 3.6897000278e-01 1.4486236814e-01 -1.7662900313e-01 9.4078464561e-02 -2.3974706371e-01 -1.4011625201e-01 -2.5447309914e-02 -8.8135006776e-02 5.2313379310e-02 1.3954740417e-01 9.1205019444e-02 5.6881364405e-02 -1.1993543905e-01 5.8237440595e-02 -1.1138597148e-01 -1.2638698434e-04 -3.0559597251e-02 -2.0342686238e-02 -9.9291566215e-02 -2.4878123468e-01 2.2974638251e-01 -1.8211601768e-01 -8.5665056100e-02 -4.2993670392e-01 1.3346911153e-01 1.3077642313e-01 6.2986523851e-02 -6.7030311918e-02 -1.6416838324e-01 -3.7385111159e-02 -1.3004639552e-02 2.1257357083e-01 -1.6458118485e-02 4.2954860161e-01 8.0703849601e-02 -2.6450614728e-01 -2.0381596479e-01 2.2276709264e-01 2.4939378650e-01 1.3215615891e-01 -1.8168317403e-01 2.6827726415e-02 -2.0637080682e-02 3.1259402976e-02 2.0041478866e-01 -1.6262959074e-01 1.2247964252e-01 2.7539295377e-01 7.5529029500e-02 6.1358627166e-02 -1.8344026595e-02 -1.2583759579e-01 3.8827431259e-02 1.3954269227e-01 -3.4578924118e-01 2.2630744787e-01 -1.6888119927e-01 -7.4047049117e-02 -1.2072198071e-01 -2.0086678082e-01 -4.2570814350e-02 -6.4361016057e-03 1.4701041075e-01 1.4037493553e-01 1.4007049785e-01 -3.9758150886e-02 -5.6139650319e-02 1.7563327099e-01 -3.2235604242e-02 1.3064017874e-01 -1.1009226839e-01 -6.3154606938e-02 -1.7852434771e-01 1.5404861552e-01 1.5072981720e-01 -1.4640227780e-02 1.6409350006e-01 2.6666532814e-01 -1.4107623974e-02 1.6334101426e-02 1.2535865257e-01 -2.9310940270e-01 -1.8740411060e-01
3.9592468450e-02 -2.8171074232e-02 2.0638698538e-01 -1.0421512604e-01 -1.3767067048e-01 7.1600015524e-02 9.4764990635e-03 2.5096275698e-02 7.9458233240e-02 -1.3973870412e-01 -6.1585403183e-02 -8.0369772602e-02 7.9686456812e-02 -7.4399668805e-02 4.6459998446e-02 5.3898878203e-02 1.2783054689e-02 1.6644120313e-02 3.3163405089e-01 -1.6215379050e-01 -4.5523537794e-02 3.5832180166e-02 2.3073270871e-01 -7.7585239851e-02 -5.1119351174e-02 -1.1885583848e-01 2.0484991879e-01 -1.9140429673e-01 -1.6653172261e-02 1.0349920893e-01 -2.3920969797e-01 9.8381964131e-02 -3.5765175772e-03 -7.7924420018e-03 -9.5431731048e-02 6.7183693143e-02 -2.2132285871e-01 -2.1562722494e-02 -1.3808402179e-01 -7.3609733681e-02 2.3427277380e-02 8.0082208510e-03 -4.2021639277e-01 -1.7016016742e-01 4.5374457507e-03 -4.1724798299e-02 7.3885859531e-02 -3.0721069977e-02 -1.1009073326e-01 2.5781924964e-02 1.1765423484e-02 -1.1526816972e-01 -4.0685816728e-02 -1.4286710339e-01 4.3153053230e-01 -4.1519056453e-02 -1.3482130683e-01 -9.3918220558e-02 2.9070651368e-01 1.1123876135e-01 -1.3119651428e-01 -1.3964355194e-03 9.4505240502e-03 1.5432331940e-01 -1.6150697088e-02 3.8544282385e-02 2.8290968740e-02 3.2790069653e-01 -1.3476935537e-01 7.4393028116e-02 2.8760066440e-03 -2.9555533607e-01 3.5128110155e-01 -1.5428652210e-01 1.1009622594e-02 -5.1185000807e-02 3.0717898550e-02 2.3433282624e-01 8.1870048820e-03 9.0298350017e-02 -5.9883621064e-02 -2.4489762877e-02 -1.4904387370e-01 -1.4318166989e-01 1.1808613395e-01 1.7469523954e-01 -1.2669993743e-01 3.6573367221e-02 3.7041258061e-02 -3.4766611478e-03 -1.4899340973e-02 -4.8750156136e-03 8.3547926108e-02 -9.4024470732e-02 -4.7979681148e-02 -1.1083854447e-01 1.3076717091e-01 1.1957104783e-01 -4.0426532176e-03 9.7099976341e-02 1.4532317421e-01 -3.2795143735e-01 -1.5677105833e-01 2.2966931223e-01 3.5091165556e-01 -7.5903380827e-03 1.0602684392e-01 -2.4902600217e-01 1.9926355145e-01 2.4429406100e-02 -9.3334906047e-02 5.2147046983e-02 -1.5655709131e-01 -2.8890523195e-02 9.1766764608e-02 -1.9300054613e-01 3.9320252242e-02 -1.0821575851e-01 2.1916008893e-01 -1.2572041464e-01 5.0223377810e-02 -9.2949237522e-03 2.2284409313e-01 -1.5244668705e-01 6.6212490063e-02 3.1030654950e-02 -2.0093319123e-02 -1.0227240833e-01 1.1733899646e-01 -4.9430308737e-01 -5.2033516700e-02 -9.8810936712e-02 1.6024981925e-01 -3.5064155511e-01 -3.2524185228e-01 -1.7601000451e-01 2.8416167364e-02 -1.1955884827e-01 6.9046599667e-02 -1.3247040197e-01 -3.7047145043e-02 1.0386357951e-01 -6.5383001575e-02 2.9900594065e-02 -2.6613440550e-01 5.7538528220e-02 -2.6467852502e-01 1.8768135757e-01 7.1431378227e-02 -1.4555764160e-01 -6.3558233670e-02 -4.0935336254e-02 4.0121741564e-02 -2.0030848271e-01 3.0249684504e-01 -1.6052346276e-01 -1.0345154173e-02 -8.5732249455e-02 -2.6402805906e-02 -1.6387743941e-01 6.1076944572e-02 -4.2375381959e-03 -4.1881736511e-02 1.5101851395e-01 3.5868769443e-03 -1.4581901192e-01 1.2583590785e-01 -8.8545703740e-02 -1.2296291329e-01 -3.2958466113e-01 -2.2886930500e-01 1.7452733291e-01 2.0028237618e-01 9.3576788870e-02 -3.6214205433e-01 -2.0298295010e-01 2.7034582555e-01 1.6728811878e-02 2.0097120955e-01 -3.7580648908e-04 -2.3320353186e-01 -6.5226279351e-02 -2.2071450176e-02 1.4962512963e-02
-9.4088117037e-02 8.0937035043e-02 -2.0114372253e-04 4.2553573232e-03 9.4136039041e-02 -2.2717760693e-01 1.4413638517e-01 -8.7051794930e-02 -1.0692526951e-01 -9.7479625687e-02 -5.0686809769e-02 -9.5261550976e-02 8.2388037670e-02 1.3530188771e-01 -1.8879776721e-02 9.3221587979e-02 2.5737965909e-02 9.7897705815e-03 2.4494489922e-01 8.5617943869e-02 1.3316056132e-01 -5.5625244120e-02 -8.2807802910e-02 2.5585626369e-02 -7.0124557796e-02 4.6309685480e-02 1.4211283012e-01 1.0056707155e-01 1.1756849255e-02 -4.7745348288e-02 -1.5692294358e-01 2.1413606145e-01 -9.1744080362e-02 1.0259543855e-01 -7.8275436963e-02 -8.6189474215e-02 4.6807394642e-03 -1.0253521579e-01 2.7551777097e-02 -1.0985736025e-01 1.3408766876e-01 -1.7276867464e-01 9.7008648473e-02 -4.6028058015e-02 -7.0403249496e-02 5.5919906725e-02 -5.1070256646e-02 3.6803497764e-02 -1.4019696235e-01 -9.4408166296e-02 3.4075646687e-02 1.5052757347e-01 1.4961570765e-01 1.4659878424e-01 -6.7436444358e-02 1.2330441005e-01 3.7947032846e-03 1.1350937407e-01 -3.2383767654e-02 1.6117110832e-03 -4.5708562322e-02 9.8912608263e-02 9.7954356026e-02 -6.7307396734e-02 1.3689040910e-02 -5.3263331457e-02 -1.0486987963e-01 -1.6690452936e-01 7.0227720882e-02 -1.6292460136e-03 -8.5118528322e-02 1.3270625650e-02 -1.3850535009e-01 -1.7687035214e-01 -2.0630670048e-01 -1.5388602724e-01 -1.0424256890e-01 1.9298101959e-01 -1.7686185073e-01 -9.1878875894e-02 3.3420128008e-02 4.7608992718e-02 3.6075970878e-02 -1.2930810948e-01 -2.0605226939e-03 1.3067825088e-02 -1.7529979878e-01 4.1496039165e-02 2.4198414118e-02 -1.0368151315e-01 7.0246163235e-02 4.4707893674e-03 5.5423623280e-02 5.0787343850e-02 -2.0545200584e-01 1.4581464333e-02 3.2672969367e-02 -1.7026358267e-01 -1.9779409570e-01 1.8149036739e-01 -9.7792417925e-02 -2.1662896972e-01 9.3154051916e-03 3.2709610078e-02 -4.0308497007e-02 -1.8758858842e-01 -8.9823396449e-02 1.9129648113e-01 -1.9189472487e-01 1.5554772834e-02 1.3550352138e-01 1.4647422279e-01 -1.1453620289e-03 -5.6906220286e-02 1.9856894629e-02 1.6230446339e-02 -4.5819681875e-02 -1.3334695758e-01 9.4725374152e-02 1.5309418350e-01 -1.3080959171e-01 1.1778973752e-01 5.1907607406e-02 -6.0558737405e-02 1.5931002807e-01 -2.8368570043e-02 -1.6321737291e-02 1.1259333340e-01 -2.6325227588e-02 -2.9836374395e-01 1.7210165266e-01 -1.7433198880e-01 2.2461942247e-03 3.4974612191e-01 1.6281381051e-02 2.8874475637e-02 5.8837577310e-02 9.2771129620e-02 -8.0852619157e-02 -1.1183121254e-01 2.0577753572e-01 2.0624511653e-02 2.5760514389e-02 -3.1538565650e-02 -3.3403605553e-02 -3.6720296386e-02 -6.5777657841e-02 -1.0449053620e-01 -9.7451607060e-02 -1.2265145444e-02 -1.3985804370e-02 -4.4321806464e-02 -1.2026468309e-01 1.4380935549e-01 -1.2217427474e-01 3.7429032097e-02 -3.4779463964e-02 6.6289398027e-02 -7.1846186107e-02 -3.4618473995e-01 -1.1848874304e-01 -9.5327269789e-02 2.7581028611e-03 2.9267151971e-02 1.5329694335e-01 -5.4282643947e-02 1.3342124145e-02 2.3641363729e-01 1.8979201334e-01 -1.7962002708e-01 2.4383237930e-02 -1.3459524823e-01 -1.0907491320e-01 4.4023996282e-02 6.0667682960e-03 4.6512099781e-02 4.3006568052e-02 -4.4044872307e-02 2.6349006602e-02 -2.2339757021e-01 -2.5198691510e-02 -6.5295460054e-02 7.3671772942e-02 8.8850072670e-03
