1.1959523974e-02 5.2270325953e-02 2.1168683531e-02 1.2589669279e-01 -7.7598274794e-02 7.8744707190e-02 -1.2166039283e-01
3.8665369553e-02 -1.3026001040e-01 2.0773845173e-02 -1.2924010318e-03 4.5862037486e-02 8.8259891845e-02 -4.8187380923e-02
2.8980775059e-01 6.0853976282e-02 -2.7664029119e-02 -2.6000128948e-01 -1.8970333074e-01 -1.9222966630e-01 -1.4595804786e-02
4.1258330997e-03 5.4738553019e-02 3.6634715018e-02 6.6758277443e-02 -8.2252670185e-02 1.6720378505e-01 2.9483339560e-02
8.3562015307e-02 -1.6546279402e-01 7.4320484465e-02 -1.5710260906e-01 1.1287945645e-01 -1.5438208058e-01 -3.4293876367e-02
2.4831831047e-02 -5.0342858168e-02 -1.0835991067e-01 7.1008512643e-02 -4.1463323269e-02 1.2369340983e-02 -9.1075484397e-02
-4.3003067781e-02 -2.3397312917e-02 -5.6670856160e-02 -1.0276972040e-01 -1.4438215800e-01 -5.1250424220e-02 -5.0329892457e-02
-2.1732813150e-02 -3.1014545185e-01 4.5121175662e-02 2.3077543666e-01 2.3184506611e-01 -1.4163873740e-01 -1.3833432635e-03
-8.5428168727e-03 -1.5302735456e-02 -2.0286664300e-01 -4.0926211439e-02 4.0356611568e-03 -1.4222868043e-01 -2.4975615430e-03
-4.9442442323e-02 1.2652676499e-01 -5.6491532475e-03 -4.5603717452e-03 4.5166116340e-02 -1.7804104041e-01 -1.9915978403e-03
3.1267903319e-02 2.3779800187e-01 -1.8777987060e-02 4.1538024696e-02 4.4101188083e-02 1.5903140671e-01 -2.3087699729e-03
-8.3853348721e-02 1.3783400612e-01 -6.0928470582e-02 2.0994955705e-02 7.7636837610e-02 7.3423570740e-03 -7.4500354150e-03
-2.1953709950e-02 5.3049982404e-03 6.0799743280e-02 3.2136843007e-02 -6.1955685287e-02 7.5387753245e-03 -3.0425082509e-01
8.4222345264e-02 1.0917146205e-01 -1.1800261337e-01 -2.5803776967e-02 -6.6507671091e-02 5.8011552351e-02 8.3619784287e-02
-2.4385058441e-03 -2.4532089533e-02 2.5285618545e-01 -2.1068174897e-02 2.3675881263e-03 1.7658994224e-01 6.0934011112e-02
-6.0364296578e-02 -7.8329997588e-02 8.2801041736e-02 3.7118963386e-02 1.1497758914e-01 2.6928831631e-02 -2.7319546241e-02
-1.2538893845e-01 5.2964690897e-02 2.4864435714e-02 2.0945528512e-02 -4.1989592832e-03 1.3892005504e-01 -1.0446894127e-01
1.4716667379e-01 -2.2797080484e-01 -7.2732910020e-03 3.7545118890e-03 -9.5026796132e-03 4.5948780620e-02 -1.4457672025e-02
-3.1882442455e-01 -2.3604722568e-03 -1.0789990504e-01 -3.0435519032e-01 2.1548061704e-01 -4.7671186075e-02 -9.1942569256e-02
-6.5897572344e-02 2.9844292877e-02 -1.9134972334e-02 -6.1926863374e-03 -1.5381890419e-01 -5.1180679066e-02 -4.3951847940e-02
-4.8220764025e-02 -6.8736054314e-02 -4.5825718091e-02 -4.5836394831e-02 1.1430984500e-01 -1.2498020572e-01 4.1381445238e-02
-9.4762501072e-02 -1.8025451418e-01 6.2489384718e-02 -1.8651845992e-01 2.1811210574e-01 1.4265236137e-01 -1.2591298323e-01
-3.4520566945e-02 3.9795169328e-02 -1.2820103471e-01 1.2345169048e-01 1.3681213944e-01 3.0628296337e-02 2.7679536658e-02
-1.4851439698e-02 3.3624074353e-02 2.0946395079e-02 -2.4565879236e-02 -9.7188926195e-02 3.7930105786e-02 1.1329376131e-01
-5.3364165774e-02 3.8929198770e-02 -2.6759012415e-02 1.3702585923e-01 5.5129903683e-02 -1.1902141544e-01 -7.1399596645e-02
1.5443210757e-01 4.2295503684e-02 -2.5283849399e-01 -6.7684822003e-02 2.3288671936e-02 -2.6494409805e-01 2.1097205568e-01
-2.9563321044e-02 1.1661308214e-01 -9.1509322588e-02 2.2246617597e-02 -2.4956184304e-04 -1.7343557644e-02 1.8162488293e-02
3.4505822509e-03 1.4539574845e-01 9.3350832124e-02 -3.3904970457e-02 1.4698182706e-02 -4.1850587773e-02 4.4835018022e-02
1.1596893999e-01 -6.3896884287e-03 -1.0475487900e-01 4.4624310910e-02 -5.8122946625e-02 -3.8498307707e-02 1.1326085692e-01
2.3362111609e-02 5.4870903166e-02 -4.5718555285e-03 7.8486218775e-02 1.0865330241e-01 -7.4249331202e-02 -6.4289293156e-02
2.4106295848e-01 3.1302243405e-02 2.0895420425e-02 5.5090437257e-03 1.6516084063e-01 3.2026616387e-02 2.0938561719e-02
2.5526858338e-01 -1.2792664434e-01 -1.5486408390e-01 -9.7730531228e-02 -9.5914309007e-03 -1.8806698104e-01 1.2813658325e-01
5.7689773667e-02 -4.7524426184e-02 6.2493083215e-03 -1.3564971102e-01 -3.7575396699e-02 2.9374197928e-02 -6.6685551415e-03
-1.0713640548e-02 -1.1004010567e-01 1.2027145571e-01 9.5869824633e-02 3.2360255506e-02 1.7939660301e-02 3.8447004984e-02
-1.1237590489e-01 2.7354420808e-03 -3.4702440549e-03 -5.4481237243e-02 1.4672221124e-01 -3.6427682291e-02 2.3310939391e-02
-2.9609012330e-02 2.0085956145e-01 1.0484806556e-02 -1.1343398384e-02 1.2932438060e-02 -5.3031239059e-02 1.0358765090e-01
2.0045533931e-01 -3.2208043914e-02 5.5309248403e-03 1.9819362858e-02 5.8710807605e-02 -1.1420871983e-01 8.4915628466e-02
5.0065243710e-03 -1.9909160722e-01 -9.7943505176e-02 2.5567608627e-02 1.7239074541e-02 -5.7182772280e-02 1.4690896388e-03
5.4371750641e-02 -2.0374149940e-01 3.0128023196e-02 -1.4933833904e-01 -3.3777432619e-01 7.8968871937e-02 -3.4095351445e-01
6.4704429348e-02 -4.9627523854e-02 -1.0073071289e-01 -6.2490522842e-02 2.4558567650e-02 -1.6607295983e-01 1.0485682414e-01
3.8071310060e-02 -5.5756279510e-02 -5.3149928122e-02 -1.0351217470e-02 -5.9295234661e-02 1.0929686999e-03 -1.0768298425e-01
-2.8788951348e-02 8.0408756108e-02 -4.5376033015e-04 7.8506410591e-02 9.2139640118e-02 5.4892857370e-02 -2.4473210074e-03
-3.5858754631e-02 -1.3192638238e-02 8.4221285201e-03 4.0171489750e-04 -1.5979515785e-02 1.2643523932e-01 1.4282798653e-01
1.1285088333e-01 3.8279212550e-02 -1.0209054799e-03 -1.8892705503e-02 1.8100740797e-03 -1.0905682134e-01 6.0738976520e-02
2.5341326727e-01 -1.0115177697e-01 -1.5648668583e-01 -9.8335730562e-02 -1.9215684167e-02 -1.2638965367e-01 5.0842669748e-02
-1.1485257964e-02 -3.1440883577e-03 -6.2825450143e-02 1.7989879489e-01 2.8521742783e-03 1.4486339888e-02 1.1185892865e-02
-5.5128217606e-02 -1.1000184966e-01 2.7397336599e-02 -1.4811724787e-02 1.2011322329e-01 -3.8775910404e-02 5.4396885429e-02
-3.5124004243e-03 -5.7267349740e-02 5.2746423125e-02 8.8396221614e-02 -6.1993255482e-02 4.4977767613e-02 1.4805422141e-01
1.0715774051e-01 3.2934694715e-02 -5.1876101206e-03 -1.5955044396e-01 7.6086509824e-02 2.4170082369e-02 -3.6120371318e-03
1.3921882485e-01 -6.3628655741e-02 4.6914442319e-02 -1.6972726616e-03 -2.6221968933e-02 3.8241530362e-02 -4.2413038059e-03
9.7802345016e-02 3.6341801076e-02 -1.8044881735e-01 8.8449754598e-02 -1.7199096293e-01 4.9842374203e-02 1.0496228818e-01
2.0166907343e-01 -2.0712284735e-01 5.2068143438e-03 -5.7127542211e-02 -2.0070409333e-01 -1.4121493049e-01 4.6792747537e-02
-9.3129522934e-02 1.3825828630e-02 -1.3087560770e-01 1.7865300965e-01 7.5514748884e-02 -1.7795440201e-01 1.1682735942e-02
1.3852653388e-01 -9.5388902077e-02 -2.4328283097e-01 5.9318847028e-02 -7.0564165047e-02 -1.2322738640e-02 -1.0284521415e-01
2.2359659022e-01 2.9407900463e-02 1.6297271055e-01 4.9187916465e-02 1.6036535196e-01 1.2945500251e-02 1.0420724675e-02
2.2742094766e-02 5.1879988861e-02 4.2245145994e-02 -9.3621823456e-02 -4.0417933935e-01 -1.6093525821e-01 1.1650872970e-01
2.1910430481e-03 6.8403466767e-02 6.2942207756e-02 -3.4368154229e-02 -4.9803437222e-02 1.1647624280e-01 -3.8487227207e-02
1.4673654335e-01 5.0542648012e-02 7.0809606082e-03 -5.1597163586e-03 8.8454339610e-02 2.2297849201e-02 -3.1656210812e-01
-3.4010794812e-02 -2.1423570468e-02 3.2958903487e-04 -7.8797021060e-02 -7.4003471849e-02 9.4666530415e-02 -1.0416064184e-01
-1.9738903253e-02 -8.0314898331e-02 1.6142221341e-02 4.9273767643e-02 -1.5335736322e-01 2.7448737885e-03 -1.1035357181e-01
-1.6877171964e-02 1.3367669299e-01 -1.1141691198e-01 1.8446636060e-02 5.3543114223e-02 1.4118898754e-02 4.9051866039e-02
-1.5601322402e-01 9.5070087299e-03 1.2911913790e-02 -3.4435307633e-02 1.5398636477e-01 1.2598270073e-01 2.9457455783e-02
1.7971090920e-02 -9.1122835897e-02 1.1726962038e-01 2.3763875119e-02 -1.3451346010e-02 2.0584608608e-01 -5.8577325577e-02
-1.6654608959e-01 -4.6740664371e-02 -6.4670752892e-02 -6.1503942289e-02 -4.5442454568e-03 3.9564953803e-02 -1.9346260645e-02
1.8075532175e-01 -4.8721767574e-02 1.3497399142e-01 -2.2480696017e-01 7.4863691816e-03 8.3729630779e-02 -1.0422961519e-01
7.0861711698e-01 -8.6023143428e-03 1.4993104400e-02 -4.0613670784e-02 3.4753375055e-02 1.0755167309e-01 -5.0363748986e-02
1.3703793693e-01 -9.1798853612e-02 -1.5530141114e-01 -3.1100187966e-01 1.4048093854e-01 -9.2016533180e-02 2.2620999343e-01
-5.9701518220e-04 4.1678041265e-02 -7.5430081509e-02 4.6564596796e-02 -9.8618509283e-02 -4.5791506611e-02 1.1955511137e-01
-2.8110374372e-02 -1.9182629166e-02 3.0377307253e-01 4.1885463252e-02 4.5187270334e-02 1.0237439326e-01 -9.9920550553e-02
2.1654986204e-02 -7.9353715906e-02 -1.8034288718e-01 4.4831895241e-02 -3.8237451803e-01 4.3918030311e-02 7.5010752652e-02
1.0123380771e-01 -5.3996484601e-03 -7.0663325042e-02 5.5225281111e-02 -2.3914485981e-01 1.4888463570e-02 5.5036519184e-02
-9.7983374586e-02 1.1295748632e-01 -9.1687594394e-02 -4.4546410337e-02 2.2232360145e-02 5.1384475209e-03 -8.4334604176e-02
-2.4874435499e-02 -9.6682219056e-02 2.6260057556e-02 -1.1200907210e-01 -1.3647501028e-01 2.5043602169e-01 1.9088716465e-01
6.5058383380e-02 -1.4719277608e-01 1.5121837591e-01 2.6289356017e-01 -1.2940696744e-01 -5.0234426395e-02 -7.6893054151e-02
-1.4946320759e-01 1.5608226776e-01 7.4914988112e-02 8.2353276196e-02 2.6758539611e-01 3.9982381773e-02 -5.8790525135e-02
8.6677264124e-04 -4.0544657744e-02 -2.0112595279e-01 9.1884060632e-03 -3.6347553794e-02 2.5257836171e-02 -1.4468790380e-01
-6.6914797587e-03 8.6111602834e-02 1.5449781823e-01 5.3633365413e-02 -6.6827136830e-02 1.1010962604e-01 -2.1900647891e-01
-7.0678998390e-02 4.6558637538e-03 2.5620877563e-01 3.3341530315e-01 8.2914850060e-02 -2.2283811368e-04 -2.1358816427e-02
-1.6754573603e-01 3.8299184066e-02 -1.2274546476e-01 1.4819338819e-01 -4.0318748655e-02 -6.7635098930e-02 2.8875808732e-02
-3.9191783162e-02 -3.4512053498e-02 -3.6063524879e-02 -2.7996040009e-02 -2.4242970885e-02 1.0465919514e-01 1.8202427957e-01
-1.3532150424e-01 1.3119977784e-01 -5.0380616767e-02 7.7238887302e-02 1.7808466655e-02 1.4292499891e-02 -3.7080540692e-02
-4.9877467737e-02 1.2475704542e-01 -7.3968539383e-02 -1.4861037111e-02 1.5515421274e-01 -1.3667160958e-01 -4.4010971804e-03
4.5150854031e-02 -3.3611053744e-02 -1.2863344216e-01 -7.0014767790e-02 3.2959953644e-02 7.6981301901e-02 3.8237313176e-01
9.6249728694e-02 8.7455342989e-02 1.3366285159e-01 -1.3364275777e-01 2.7311094091e-02 -8.0149267129e-02 4.3990692936e-02
1.3326498886e-02 -8.1422741239e-02 -9.3358881642e-02 3.4137196831e-01 -3.2847256642e-02 -4.0323922881e-02 -8.8324850076e-02
-4.9890527826e-02 8.1369149650e-02 -5.0362015457e-02 3.4960968456e-02 1.0781416001e-01 -1.5320217328e-02 9.9544091218e-02
7.1416383766e-02 -7.7270411581e-02 2.3159980829e-01 -3.4833579172e-02 -6.3396951137e-02 -1.4895885665e-02 -2.3850204510e-01
1.4445144413e-01 -1.6130915605e-01 3.3751136726e-02 -9.4765292835e-02 5.4032921373e-02 1.7273717609e-02 -2.2261549694e-02
-1.6603194994e-01 -7.2173470703e-03 -3.2644240265e-02 -8.7563494247e-02 -3.4853230922e-01 6.6313042929e-03 -6.2114767663e-02
-6.6724905384e-02 1.1941118470e-01 1.2948860835e-01 7.7452499888e-02 1.9511397537e-01 6.1203549270e-02 -1.2026297878e-01
-7.7728840759e-02 -7.6225650772e-02 1.3587469264e-01 4.8283116555e-01 1.2936286712e-01 -8.3935032271e-02 2.2113949176e-01
1.4254796213e-01 1.4227838266e-01 -2.0585524382e-01 -1.2802162127e-01 -4.5884628920e-02 -1.1450560585e-01 3.6234983487e-01
4.8895639351e-02 7.8687342854e-02 -4.4257606857e-02 -5.9415327154e-02 -9.7943239638e-02 -7.1780111558e-02 -1.0018458559e-02
7.8993538697e-02 1.0355515110e-02 1.0226080405e-01 -1.3465600783e-01 -1.4376929423e-01 -4.0916291302e-02 -1.1012340070e-02
2.3393863525e-01 -1.2500401912e-01 -1.0831036592e-01 -1.3266931553e-01 -4.4605592539e-02 -3.3460051632e-01 9.8673561301e-02
-2.7979526855e-02 9.5922608064e-02 5.7006221922e-01 2.1121067261e-01 -1.6078412339e-01 2.5241949087e-01 1.5098980037e-02
-1.0145502135e-02 1.2950146783e-02 1.3956242379e-01 2.1566150374e-02 -1.1032381828e-01 5.0543878357e-03 9.3385883247e-02
-1.1612820243e-01 1.0884381864e-01 4.6997148864e-02 -9.1344483934e-02 -1.7740801762e-01 6.5303405884e-02 -1.8365117466e-01
-2.6742296690e-02 -2.5096517355e-02 1.5233829299e-01 1.2872359431e-01 -1.8717915465e-01 -1.5613519661e-01 2.2512528129e-01
1.0549786694e-02 -4.2712863530e-02 -6.1551811984e-02 1.8831552055e-03 5.9870346103e-02 5.2521540165e-02 1.3337477287e-01
-6.2544105698e-02 1.6747947186e-01 -2.5849595401e-02 4.1221448203e-02 1.6783996770e-02 7.8212948082e-02 -3.3597912656e-02
4.3193021707e-02 4.8498070739e-02 -2.2795986630e-01 2.2556474889e-02 -5.8494685441e-02 -3.4506019012e-02 1.8933132994e-02
3.0098952916e-01 -1.0715154590e-02 2.2457652087e-02 2.6157444234e-02 -9.6598789107e-02 4.3521456574e-02 6.8650371748e-02
7.8626870133e-03 2.4654932645e-03 -1.1446402292e-02 -2.7110923594e-01 -8.3275847952e-02 -2.7964404467e-02 -1.0423449937e-02
-8.9188886692e-03 1.4495220933e-01 -2.3621694600e-01 1.4190567424e-01 -1.4927041547e-01 7.9476143467e-02 -1.3440239845e-01
4.2472569161e-02 -5.0050323649e-02 -6.2268678836e-02 -4.0917764014e-02 1.3648899276e-01 -4.6481452568e-02 8.9741318398e-03
1.7977086982e-01 -1.7748159897e-02 1.2005815934e-02 -1.2248370194e-01 1.6019573111e-01 -4.5546784040e-02 2.3126690789e-03
1.1913151304e-01 -1.0021570423e-01 -1.3260441371e-01 3.0328286639e-02 -2.5194866593e-02 1.2381795497e-01 9.6199383567e-02
3.7770704474e-02 8.7424283035e-03 -2.8162668037e-02 -1.2449406046e-01 -7.2687812189e-02 1.6328089045e-01 -3.3241050616e-02
1.0089439546e-01 1.1223261351e-01 -1.8910204833e-02 -1.6245274964e-03 8.1209209026e-02 -1.6067160063e-01 7.6548579125e-02
8.7451485982e-02 -4.2125710298e-02 -1.7154133538e-02 -3.8412711180e-02 2.2939001557e-01 -4.7539305960e-02 3.3173118846e-02
-3.7305258562e-02 -3.9263698139e-02 -5.3168429819e-02 6.9294572865e-02 4.7489049195e-02 -4.4801431322e-02 -1.6414137631e-02
1.3803310792e-01 -7.5067931957e-02 -6.1724129150e-02 -5.4894897349e-02 4.2708685996e-02 -3.8433581112e-02 7.9171983685e-02
2.3538792923e-03 3.6579421331e-02 4.3841318663e-02 1.4646156702e-02 -1.3671437630e-02 -3.3016789996e-02 2.2255257785e-01
-9.3583187529e-02 1.0564985353e-01 9.1084723775e-02 -5.4702979157e-02 -1.3068606387e-01 -2.6690497532e-02 -7.9102408111e-02
-1.8826813193e-03 -9.2526678370e-03 -1.0083726460e-01 -1.7631070896e-01 -7.7744354212e-02 -1.7587794199e-02 -3.8701592429e-02
-7.6294637563e-02 1.3319895168e-01 -5.6172420596e-02 8.3155365366e-02 6.9416452582e-02 2.4049218709e-02 6.3637433154e-02
-1.9131571417e-01 1.1286846445e-01 4.6482553592e-01 -5.8188412161e-02 -2.8855026623e-01 -2.1859339821e-02 -2.2162933294e-01
-1.8451961301e-03 5.7601701500e-02 -7.3376100235e-03 -9.7651307888e-02 1.3468431099e-01 1.0768466345e-01 3.6338457919e-02
-1.3226503315e-01 -7.3586721459e-02 -1.4733463047e-01 -2.5266121828e-01 -6.9416342049e-02 -1.8149714759e-02 -1.1630317176e-01
8.6868609201e-03 -9.5507817433e-02 1.2315166023e-01 1.0904687960e-01 1.0887606992e-01 1.4212330187e-01 2.0515390661e-02
-4.6620971887e-02 -1.1993953576e-01 5.4314295677e-02 -3.5492188997e-02 2.5745184890e-02 8.2453157881e-02 -6.9871677652e-02
2.4178374833e-02 -1.1734327494e-01 -4.4493025148e-02 8.2983922461e-02 -1.0590368135e-01 9.3864031135e-03 -1.1588539183e-01
3.5684697087e-02 8.2836072593e-02 3.1232741130e-01 1.4491762737e-01 -1.5440618225e-01 1.3667717361e-01 -5.4019603474e-01
1.0276435655e-02 6.5876826891e-02 6.1048906226e-02 -1.8164027742e-02 -1.1772982444e-01 -3.3872536554e-01 -1.4944669709e-01
9.0915895141e-02 5.9138035713e-02 -6.9129057827e-02 1.6831567670e-01 1.3808855190e-02 9.9228965619e-02 3.6764967807e-02
1.4213813127e-02 8.9679405376e-02 7.4012402789e-02 -7.4340833126e-02 -7.4425114199e-02 -1.8424522408e-01 1.3626595064e-01
8.0636515436e-02 -2.0381083675e-03 6.0490122305e-02 -5.4704774904e-02 2.8381045408e-02 6.1537880194e-02 -1.0169541340e-01
-6.7728467550e-02 -2.4155149938e-01 -8.4370633861e-03 -4.7324900760e-02 -2.5669250619e-02 4.6069918038e-02 -9.9317106612e-02
-9.9638843105e-02 9.7544262856e-02 -1.0717246243e-01 -9.4287059578e-02 -7.2481915567e-02 9.6375314499e-03 3.5363592078e-02
-1.2498011041e-01 7.9475272687e-02 1.9486631504e-01 -5.0009389909e-03 -8.7559011318e-02 -4.9770720702e-02 8.2685988313e-03
2.5541961079e-02 2.6517587354e-02 8.9877276412e-03 -1.0876286827e-03 -6.7267135659e-02 6.4176320123e-02 -5.2820703755e-02
1.5272192675e-01 3.8808068461e-03 -6.8154976274e-02 2.4560143877e-01 2.3816399874e-01 -1.5244456810e-01 -1.7982992792e-01
-8.8769652564e-02 -5.7404830069e-02 1.3649763069e-01 -6.2806348144e-02 -1.6995316731e-01 -4.3771071997e-02 -1.0217469407e-01
