4.1801008723e-01
-1.3792908828e-01
-2.5467329580e-01
-9.3635434880e-01
3.9329200799e-02
1.4273142992e-01
-2.0379990981e-01
1.8255374838e-01
-1.7275241701e+00
1.2149174963e-01
-6.2519832527e-02
-1.5763446218e+00
4.1085876743e-01
1.1138282129e-01
6.7217542015e-01
5.6115359800e-01
1.1922529009e+00
-1.5515903737e-01
-1.1339998873e+00
4.0891045092e-01
1.4556339271e+00
-1.2879516753e+00
2.3392918438e-01
-2.0623697629e+00
4.3643987577e-02
-1.6255343891e+00
-1.5802424862e-01
1.3858580984e+00
-3.0513689201e-01
9.9621826872e-01
3.0096818279e+00
8.6903091915e-01
-2.3728238915e+00
-1.0125375275e+00
-9.3883889402e-01
-1.8409923195e-01
3.3596755776e-02
-8.2735917155e-01
8.6646779713e-02
-6.6748904010e-03
-7.7198083146e-01
-7.8794825870e-01
-2.7275146124e-01
7.5003725847e-01
1.7666442321e-01
2.3503800250e+00
-7.9620381920e-01
-1.3973801799e-01
-6.8372494277e-01
-5.6338265115e-01
6.7796828212e-01
-2.3110651486e+00
-9.8894596134e-01
2.0147949673e-02
1.5105236156e+00
1.3569137170e+00
-6.2975817177e-01
7.3045981692e-01
-1.1380576577e+00
-8.6579551790e-03
4.2865432848e-01
8.2549711542e-03
-2.3037851097e+00
8.5381820532e-01
3.4157651945e-03
1.2979467954e+00
1.5439506998e+00
-5.8419943099e-01
-1.9046955307e+00
1.1818133425e+00
-7.9677590130e-01
1.8874790521e-01
1.6923315332e+00
-1.6462148655e+00
1.5798507405e+00
-8.5044805893e-01
-2.2374671947e-01
-9.0109819485e-01
-2.8440085729e-01
-5.7222170632e-02
-2.4756862451e-01
1.5552452249e+00
6.0978339152e-01
9.3375275827e-01
1.5554398009e-01
-1.2293884320e+00
3.5632980210e-01
-1.3104813975e+00
1.0966320516e-01
-1.9078949835e+00
-6.6040570998e-01
-6.3324677506e-01
-3.3490623256e-01
-1.2750937534e+00
1.0283809949e+00
2.5453338176e+00
9.0299213114e-01
1.8188297962e-01
4.4544210271e-01
-8.2822520027e-01
-7.4206439103e-01
-4.4222512611e-01
-5.3303949171e-01
2.0524314304e+00
-7.7930922982e-01
7.5521994736e-01
6.9269485863e-01
-9.0148535057e-03
1.1605836636e+00
-1.9219403231e-01
1.0903001794e+00
1.4529921438e+00
1.2035192248e+00
2.0411770748e+00
8.5164637607e-01
-6.5159921411e-01
-3.0075233726e-01
3.9438347574e-01
1.1710072875e-01
-3.6802908562e-01
-9.4477847868e-02
-4.9478583378e-01
1.0536941643e+00
-6.0515566721e-01
1.1654009514e+00
-5.1262023665e-01
-9.3076435437e-02
-1.0682541321e-02
2.7221502569e-01
-5.3631329220e-01
1.1900460476e-01
-1.6933129052e+00
-6.3515791533e-01
-9.2499996267e-01
8.6049663471e-01
-6.4389319782e-01
-2.6606138490e-01
8.3202240888e-01
-5.4537197064e-01
7.1189849118e-02
-1.2293047575e+00
5.4600848630e-01
9.3095830287e-01
1.1697195028e-01
3.3932423594e-01
-8.4453039076e-01
-9.3870122932e-01
4.0903074268e-01
-1.8535624510e+00
1.5098584384e-01
1.3612764786e+00
-1.0592198142e-01
-8.2281208326e-01
1.4600127642e+00
4.2341097200e-02
