7.6296523399e-01
-1.0169490807e+00
2.6203310540e-01
4.7637969866e-01
1.4613783066e+00
-9.8138780438e-01
-8.3028838782e-01
-7.6851397816e-01
8.7373391406e-01
-1.0566523275e+00
1.3130932048e+00
-2.8058279657e+00
5.2273684825e-01
6.9173709563e-01
7.3994538630e-01
9.7101387502e-01
4.8169651459e-01
1.6897775259e+00
-1.1484481017e+00
1.5565610253e-01
-4.9512018443e-02
1.3782958731e+00
-7.7429397582e-01
2.4714016242e-01
-5.9187142001e-01
1.5012822212e+00
7.9370700369e-01
-8.7187781761e-01
1.4121950348e-01
6.8549450586e-01
-5.2894039079e-01
-1.3032604989e-02
1.6019975483e+00
1.0027475339e+00
-8.6194454567e-01
-4.2261178260e-01
4.2230926703e-01
1.4837595285e+00
3.8899155625e-01
1.9647525357e-01
5.2068337631e-01
-1.7802330570e-01
6.7436004330e-01
-1.1278246222e+00
-2.3135810729e-01
-3.7560479202e-02
-3.5686687356e-01
6.9708060009e-01
5.4915870280e-01
-5.7719513553e-01
-3.4200325825e-01
1.0762073037e+00
3.1358471226e-02
4.0311327981e-01
-6.8017619969e-01
9.4631798396e-01
-6.8341083142e-02
8.3768465737e-01
8.5196007218e-01
4.3808033790e-01
-1.2126154580e+00
1.8756255674e-01
-3.5393872487e-01
3.8026328576e-01
1.9674139698e-01
-5.7112127272e-01
1.2005237467e-01
7.0498546352e-01
1.6240068419e+00
-3.0219637474e-01
-2.8211298592e-01
-7.9977897493e-03
6.5005651123e-01
5.8716228756e-01
1.4345964484e+00
-1.5588620363e-01
1.0499626962e+00
-4.7097588490e-01
4.9010045177e-01
-4.0175308865e-01
1.6095486361e-01
1.8197281916e+00
-5.0290042185e-01
-5.5983035522e-01
1.9044575548e+00
4.8887836573e-01
7.1491558404e-01
