1.4660495749e-01
-2.0392921093e-01
1.7682582496e+00
-1.6139094763e+00
-7.3486349291e-01
2.2776859935e-01
3.5203221656e-02
-1.3759028193e+00
-6.8359218607e-01
1.3894544401e+00
1.5000474245e+00
5.0547589263e-01
-1.5483206938e+00
-1.7124737830e-01
1.0778930151e+00
7.7040815762e-02
-4.9952825399e-01
4.8272337081e-01
4.5383877328e-01
2.1059496144e+00
3.1705885862e-01
9.7264994419e-01
-1.2939907306e+00
-3.7724353435e-01
8.9756818041e-01
1.6638564808e+00
-6.1513783204e-01
-5.3062113902e-01
-9.2542385016e-01
-8.5022916471e-01
-2.8916205713e+00
-6.1956299528e-01
9.7301399023e-01
8.3970942500e-01
-5.4042070130e-01
1.3860396388e+00
-1.7193805056e+00
-2.7906520822e+00
-2.2304347537e-01
-3.0343324207e-01
1.5258560264e-01
2.4260648967e+00
-5.8740746871e-01
-4.0391741732e-01
9.9915835083e-01
-1.0784474066e+00
2.9063689111e-01
6.4370260961e-01
-1.0297546607e-02
1.3287182712e-02
4.7208858038e-01
-9.4610374836e-01
-1.0048892623e+00
-9.1404803535e-01
-3.9884318640e-01
-1.8474076696e+00
1.4328543245e+00
3.6790872099e-01
9.8929879139e-01
4.2371140120e-02
1.2246650475e-01
-1.2404933400e+00
4.1358454422e-01
8.6025091122e-01
-1.3648804330e+00
-1.1220435954e-01
-1.2989425570e+00
6.8621246416e-01
-1.4566057977e+00
-1.6564330858e+00
-1.8965866009e-01
-1.1389433628e+00
-9.0771453279e-01
-6.2932339502e-01
1.6627593976e-01
-1.1241068177e-01
-7.8701615554e-02
-6.5509553717e-01
1.2064197980e+00
1.7878379413e-01
-1.7875423925e-01
4.1144987723e-01
1.2219032139e+00
-7.2831403870e-04
-5.2588328945e-02
3.8634116871e-01
8.5755567616e-01
-7.9512813022e-01
9.4802558825e-01
-1.9050886386e-01
5.3298997730e-02
1.2565229996e-02
-1.0310303446e+00
-4.4877529150e-01
1.4453378378e+00
1.9296367066e-02
1.3108975221e+00
8.1822891773e-01
-6.9424401147e-01
2.9213924565e-01
9.3047712705e-02
-1.4365747614e+00
-8.0457076625e-03
-1.6701977017e+00
-4.5893087757e-01
1.2255607098e+00
7.7971480209e-01
2.5510532419e-02
-8.1017124982e-01
5.5757051925e-01
-8.9182429950e-01
4.2564864131e-01
