7.6766531484e-01
1.3326282376e-01
-6.1995310342e-01
-6.0635317715e-01
-1.2537974040e+00
3.8027275630e-01
-9.9010289977e-01
-9.8544334556e-01
1.1576367478e-02
4.9829750763e-01
5.9441619180e-01
-8.2465021817e-01
9.1519035124e-01
1.8707495466e-01
-6.3465373309e-01
3.1217830394e-01
-9.8582072214e-01
-9.6388388654e-01
3.4447752362e-01
2.6186815930e-01
6.6895710360e-01
-9.6915017096e-02
8.6036785800e-01
1.4654161670e+00
5.6955352714e-01
1.0660927889e+00
4.4564049226e-01
-6.4849526597e-01
2.2929486797e+00
4.9971263978e-01
3.5870438760e-01
-1.2992098850e+00
1.7478666170e+00
1.3563611447e+00
-1.7587786776e+00
7.5715588743e-01
2.2961813705e-01
2.9382409425e-01
1.2247630325e+00
-1.1944721692e+00
-1.2988202961e+00
-1.8040696374e+00
-1.1611254426e+00
1.1585078993e+00
-1.5673004564e+00
-2.2331233329e-01
-1.3296425948e-01
-1.5175697226e+00
3.9996628017e-01
5.5544453168e-01
-2.7384350885e-01
-3.1802787638e-01
-1.1085509805e+00
7.0572332944e-01
-2.1823814759e-01
-1.3117917811e-01
-7.0066620755e-01
7.9132556222e-01
-6.1904668401e-02
7.2830693742e-01
8.0982465836e-03
-9.2205204990e-01
4.7099180519e-01
1.4919189489e+00
1.3772936635e+00
-3.9880588118e-01
-1.1639043524e+00
4.5790975585e-01
-1.0278899641e+00
1.0328677753e+00
-5.8343837786e-01
-6.8459722136e-01
3.7455329287e-01
3.9366712279e-01
-1.1754360526e+00
4.6075490068e-01
-1.4585124408e+00
1.9232305676e+00
-6.3080055592e-01
7.6930931971e-01
-1.0684574665e+00
4.0526474957e-01
-1.0039341197e+00
-9.0292913845e-01
-5.7620847491e-01
-8.5293376355e-01
6.0508879497e-01
-8.5231257548e-02
