-1.2801257845e-01 7.1803843002e-02 5.0230289888e-02 -1.0937876658e-01 1.6839046446e-01 -8.3755088441e-02 6.4020334424e-02 1.9974891655e-02 -8.9624650224e-03 1.9068846533e-02 3.9666347506e-02 -9.2887325174e-02 1.2430783410e-01 1.6527723886e-02 1.8612714366e-02 -8.3729805313e-02 8.5860574484e-02 -1.0834027220e-01 7.9484503141e-03 -6.1984256632e-02 -1.0902869358e-02 1.1092690666e-01 -6.6871884060e-02 1.5092256536e-02 1.0129888844e-01 -7.5125259945e-02 -4.2560310159e-02 1.8406977307e-01 8.1092046249e-02 8.7089964699e-02 -1.1674643386e-01 -1.8842189662e-02 -9.9427542352e-02 -3.1582881207e-03 -3.1651700008e-02 9.5912080976e-03 -1.4501714718e-02 -9.7033167296e-02 1.3423533434e-01 -1.1091838931e-01 9.7054581188e-02 -1.7178224905e-01 -1.1608728350e-01 -1.4870510368e-01 5.4024238076e-02 2.5483016651e-02
-3.8796164420e-02 -6.9806166561e-02 -1.4157888313e-02 -2.3854796265e-02 1.1888256819e-05 -3.7527523273e-02 -5.9227987383e-02 -1.5733746318e-01 1.0120750215e-01 5.1262163167e-02 -8.2842718838e-02 -7.0525170641e-02 3.3147496494e-02 -9.2479891365e-02 -1.6784678198e-01 7.9988877690e-02 -2.8350030942e-02 1.5784555776e-01 -1.2930200023e-01 -1.9041068890e-01 4.6704070823e-03 8.9007843217e-02 1.4142411925e-02 3.1933726138e-02 5.9420229320e-02 -1.6822464835e-01 -9.7877341712e-02 -9.8034272631e-02 -4.9969379469e-02 3.4574580925e-02 -2.1846645307e-01 7.9990594855e-02 8.2011790386e-02 -1.2847344339e-02 -8.7208161095e-02 1.9603127104e-03 -1.6298893733e-02 2.8119474225e-02 1.3148867377e-01 6.5690756185e-02 7.4214929476e-02 -1.5850078513e-02 4.1253152018e-02 -1.8062680249e-02 -1.1180331456e-01 3.3603890814e-02
9.3695705577e-02 -3.3789920031e-02 -1.8125387549e-01 1.4869693663e-01 -3.3108761470e-01 5.8104890760e-02 7.7972535032e-02 1.6940032938e-01 -9.6819792640e-02 2.2861591663e-01 -2.6583165524e-02 -6.4301478181e-02 1.2906663785e-01 -2.0801013248e-01 6.6315723114e-02 1.4356415696e-01 -6.8373638874e-02 8.8879011427e-02 9.0702204335e-02 -8.3950401275e-02 -1.4379153219e-01 2.4599293977e-02 5.7639226163e-02 9.9663181037e-02 -2.6250937163e-02 2.0500330829e-02 1.3056331968e-01 -1.1743644574e-01 -1.7033918981e-01 -1.5274220135e-01 2.3723550738e-01 -1.8904297063e-01 6.8162234005e-02 -2.8392684167e-01 1.0533280811e-01 1.2743581681e-01 9.1206000826e-02 -4.4487260093e-02 5.2894105674e-02 9.8143879187e-02 -8.2463259249e-02 -2.0835845853e-02 8.5641179859e-02 2.3253206866e-01 -5.9215360017e-02 1.3064278935e-01
1.3484552468e-01 -1.3681245037e-01 -3.6888860643e-02 -8.7815700278e-02 -1.5661013204e-01 -3.9283200847e-04 -1.4830197775e-01 1.0516916758e-02 -1.8907855650e-03 -4.7407896034e-02 7.8740521210e-03 -3.9295193276e-02 -2.9180412455e-02 -3.5932906308e-02 -3.8047676426e-02 -4.3123134728e-02 -3.1455888184e-03 5.4060125474e-02 -3.2949944347e-02 -1.3625493497e-01 -9.3175865481e-02 1.5438912007e-02 -5.3539120404e-02 -3.8479318060e-03 -7.1638453992e-02 -3.2306054436e-02 -1.7542939156e-02 6.8209016585e-02 -1.2767567066e-01 -1.0593287942e-03 -1.7420419606e-02 -1.9248648091e-02 -4.8398983211e-02 3.2832199989e-02 -1.3291244393e-01 1.0426314935e-02 -5.7847047021e-02 1.1771990919e-02 3.8876381304e-02 6.4154738757e-02 -6.5212094654e-03 -8.0458535685e-02 1.2841176181e-02 -1.0302300062e-02 -4.0840224208e-02 -8.1108492304e-02
-7.6295009063e-03 2.8203427944e-01 1.2465775154e-01 -5.4104986524e-01 -4.0758502841e-01 1.7377327064e-01 4.2304574890e-02 1.1699402095e-01 4.2698061231e-02 -1.2374249267e-01 -3.5556323139e-02 1.9103181020e-01 -1.6514211532e-03 3.1520207742e-01 -9.6178245556e-02 -1.0996725064e-01 1.4697011175e-01 -1.3376064969e-02 1.4031283993e-01 -7.2191473995e-03 -6.4256371613e-02 -6.6031233310e-02 -6.1112044697e-02 -6.3857315953e-02 1.5484485264e-01 -1.2905933734e-01 8.0381236476e-02 3.6114422123e-01 2.4308968810e-01 1.5730645434e-01 -1.8409954070e-01 3.6982310723e-02 1.7718181847e-01 -4.7596878626e-04 -4.8841535454e-02 9.2131408525e-02 -9.1514780657e-02 1.6221532441e-01 1.0426291560e-01 -1.7433869234e-02 -6.8860127528e-02 1.3623987120e-01 -3.6857289576e-02 2.0356712678e-01 -3.1374291190e-01 -8.1014315161e-03
1.6085070636e-01 1.4119927147e-01 -1.1239051648e-02 2.6737945327e-01 -3.9513510462e-02 8.3178961969e-02 1.2608032398e-01 6.7893440779e-02 1.0375825466e-02 1.1357262407e-01 -1.1485946363e-01 6.8745375859e-02 5.9847365681e-02 1.9356233860e-01 2.8743163698e-01 4.1335404835e-02 -1.2933595863e-01 9.1281085618e-02 3.6799908104e-01 4.3830798100e-01 2.4672665349e-02 7.0935295514e-02 4.3269762303e-02 7.1405469321e-02 1.3341219423e-03 2.0974842280e-01 1.9577681464e-01 -9.6733544426e-03 1.4419215909e-02 -1.6057739297e-01 2.0964351170e-01 -3.5219515888e-02 2.4283756643e-01 -3.9262744241e-02 6.0991168372e-02 2.1400814787e-01 1.6815839892e-01 1.0096172006e-01 -1.0489196962e-01 5.9667134503e-03 1.3795406342e-01 -1.0762225278e-01 -1.2523199865e-02 8.8239208790e-03 -1.1519998096e-02 1.5104400971e-01
1.8091320048e-01 -3.0756933059e-02 9.7346649980e-02 -2.1591204961e-01 -3.2672136747e-01 -7.7722865158e-02 -5.2896595681e-02 -1.7777627522e-01 -6.0908504261e-02 -2.5634332615e-01 1.4980459030e-01 1.7638009107e-01 -2.2057606656e-01 -4.1841065469e-02 8.3636071161e-02 -2.8143983712e-01 -1.8590033150e-01 -1.1978858395e-01 4.4901843853e-01 2.0693421713e-01 -1.7230447364e-01 -2.1239534411e-01 1.7588091330e-01 -3.4835121509e-01 -2.6018574639e-01 3.5691071548e-01 -2.2741077861e-01 4.3512161333e-01 2.9171391626e-01 5.9824444206e-02 -9.3728367651e-02 3.3089632994e-01 5.1649395814e-02 3.4032207070e-01 -2.4321313636e-01 -2.4749249548e-01 -2.2938225873e-01 -3.3586188318e-02 -1.4528659233e-01 2.0440605594e-01 -1.9927189650e-01 2.3630979671e-01 1.4199248855e-01 2.2352057629e-01 -2.0290851901e-02 -2.3395365804e-02
1.0595920453e-01 -7.6923938823e-02 2.4339726061e-02 -1.4735501526e-01 -2.1317703934e-01 1.6694028879e-01 -1.4276291134e-01 9.3725031577e-02 -1.2239181664e-02 -4.2932225116e-02 -9.3550506118e-02 4.1979528159e-02 9.0142490557e-03 -2.2676415116e-02 8.2354109571e-02 -1.8976768228e-02 -3.3954530397e-02 3.5729648252e-02 7.3820721930e-02 2.5154192460e-02 -6.7003318199e-02 4.1633640117e-02 -1.3675106248e-01 7.2223170311e-02 -9.1248661170e-03 -7.3824080208e-03 -4.7185481548e-02 8.5553310588e-02 2.1998091337e-02 9.3273599528e-02 9.4828642102e-02 5.3362927827e-02 1.7679635054e-03 7.6680119595e-02 -7.4765298206e-02 -4.2978623965e-02 -1.0273673345e-01 7.1472181065e-02 9.4892923513e-02 -3.6370281332e-02 -1.8581865521e-02 1.9384084215e-01 -5.5138459964e-02 5.6431532687e-02 -8.5910871325e-02 4.9892295631e-02
-2.1504400776e-02 4.2480056328e-02 9.8897955451e-02 -1.8805689971e-02 -2.8493264303e-01 4.4040360975e-02 2.7918100113e-02 2.0850903923e-02 -8.1668143219e-02 1.7762095958e-01 -9.4536285130e-02 6.8207797645e-02 -4.5760944037e-02 2.8614744799e-01 4.2065388248e-02 1.0324145823e-01 -1.9642720915e-02 9.9348321444e-02 2.0780586772e-01 1.1243653697e-01 1.5982402847e-01 4.5845345401e-02 -7.5471027893e-02 4.1413950399e-02 1.5288330254e-01 -1.4094848987e-01 2.3402071107e-01 -3.0858232816e-02 6.8795240028e-02 -2.7199117425e-02 9.0064082161e-02 -1.9576616820e-01 2.8596522791e-01 -4.9101100512e-03 7.6591171698e-02 -2.3510508935e-02 -2.5978566035e-02 -2.3803284843e-04 6.2642132410e-02 1.5293773290e-02 7.1540887887e-03 -1.3181909049e-01 3.8685552984e-02 -7.2471272908e-02 -1.1195237344e-01 1.0880005611e-01
2.0165428452e-01 -3.4270098565e-02 -1.2129555465e-01 3.1250931363e-01 2.8353113888e-01 -1.8412407345e-01 -3.6973505633e-02 -6.7592069681e-02 6.2344918291e-02 -1.5978979036e-01 2.5680198223e-01 2.8102442573e-02 -5.2780430750e-02 4.2374305371e-02 2.5469652712e-01 -2.7974499690e-02 -1.2057254078e-01 4.5921434188e-03 3.8150883023e-02 1.6187723845e-01 2.2086847056e-02 -8.8778530655e-02 1.6500272416e-01 -1.0989715522e-01 -1.2459317178e-01 1.0401141986e-01 -5.0245777755e-02 -3.9570200772e-02 3.2660982828e-02 -5.6137391953e-02 3.1132388105e-02 4.0264661614e-02 -3.1944030081e-01 2.5978722008e-01 -5.6049490767e-02 -1.6967817528e-02 3.3352230053e-02 3.2023633904e-03 -1.8110338778e-01 2.2498173296e-01 -2.1400349695e-02 -2.0150887638e-01 8.7572931163e-02 -1.0221793613e-01 1.9170174055e-01 -1.5077700739e-01
-9.0869073838e-02 -5.0124671757e-02 2.7536394025e-02 -1.5324204124e-01 -3.3007071478e-01 -2.3526382216e-02 -5.6035912494e-02 -3.3372136911e-02 6.5458785987e-02 7.0190833111e-02 1.6795630817e-02 -5.8115085582e-02 -1.5024851401e-01 -2.6245863315e-01 -1.3629853425e-01 4.3623540269e-02 3.6785013499e-02 7.5965324457e-02 -9.7669847426e-02 -1.2889774787e-01 6.4433395821e-03 4.2438820465e-02 -1.1437215865e-01 1.7021625513e-02 4.7581718274e-02 -1.8296036231e-01 -2.6823303855e-02 -2.3213487600e-01 -6.6777360820e-02 -3.6584424937e-02 -7.3420646416e-02 -4.7386562724e-02 8.2586740031e-02 -1.9737561156e-02 5.3055603998e-02 -1.6168260400e-01 8.7591068733e-02 1.6400133587e-02 7.6500104248e-02 -2.5169657962e-03 -7.1403494152e-02 8.0835386215e-02 -2.2980840731e-02 5.1952236574e-02 -1.2296114778e-01 -6.1067232978e-03
1.1212868933e-02 2.9303215632e-01 1.7596348760e-01 -2.6681906526e-02 4.5879746723e-02 3.2294578138e-02 1.7172167472e-01 1.4343014620e-01 1.8530704269e-02 9.0689291006e-02 -6.4777100748e-02 -1.1438727070e-02 1.2488213995e-01 -3.7893206550e-01 3.1274493438e-02 3.8604819484e-02 7.1004274119e-02 -2.1451123882e-01 1.6098560100e-01 3.3765216482e-01 1.3261073333e-02 3.2127646998e-02 8.8402666113e-02 -9.5960109374e-03 1.3802610599e-03 2.2520679599e-01 1.2940096339e-01 -2.0458314376e-03 -1.0369646531e-01 -3.2152992735e-01 3.5592425665e-01 -6.8651499708e-02 5.4345726900e-02 6.0248279146e-03 7.1083539480e-02 1.8029627734e-01 -9.1002193463e-02 -2.9482444462e-01 -1.4721706581e-01 -2.7737500107e-01 1.0017364615e-01 1.2634090894e-01 -1.2731510320e-01 -1.0944396668e-01 4.4651298338e-02 1.0317751969e-01
-1.0835593242e-02 9.8042968066e-02 2.8811821198e-01 3.0019362870e-03 1.0402990683e-01 -6.8610980054e-02 1.2916563471e-01 1.3072871393e-01 3.0381645254e-01 1.0699554461e-01 2.9584046021e-03 3.2881583901e-02 2.5939310770e-02 -1.8209917809e-01 -9.4730361633e-02 2.0835499033e-02 1.0220594316e-01 9.3263773758e-02 3.5884340638e-04 1.2272558253e-01 1.1723818384e-01 -3.8660876260e-02 2.2637102474e-02 -4.4756788190e-03 8.2151875103e-02 -4.8861329364e-02 4.6045385052e-02 -1.3634164360e-01 1.0665172315e-01 2.5946754150e-02 -5.9424058716e-02 1.0138633444e-01 1.7691624151e-01 1.1988290428e-01 1.3337379323e-01 -1.1598950219e-01 1.1954360083e-01 -2.6510767054e-02 4.1417069684e-02 -3.6140849850e-02 -3.7805619448e-02 -1.2835928612e-01 -1.3685117627e-01 -9.4104184343e-02 1.4521904031e-02 2.3683716575e-02
5.3802533457e-02 -3.1717249053e-02 2.2243929520e-02 2.3437891525e-01 -5.8351421282e-02 3.5706416527e-02 -1.3371284930e-02 -1.4169784899e-02 9.0106658037e-03 1.0608182111e-01 9.4646387526e-02 4.6913381858e-02 3.4747934234e-02 7.5377134670e-02 6.5641446022e-02 -1.6384812768e-02 -7.7444767482e-02 1.9543297725e-01 6.5437604812e-02 -2.2171589590e-02 -7.8387531297e-02 -1.4869787133e-02 -2.0856980101e-02 1.1349586310e-01 -1.3882705024e-02 -8.8654200095e-02 5.9637127301e-02 1.2540174961e-01 3.9135312426e-03 1.3629506438e-01 4.1219302290e-02 -1.8629910676e-02 9.3654968852e-02 1.0045526505e-01 -2.1971571951e-03 -9.2058986649e-02 1.0422503813e-01 4.7578133641e-02 3.3441205583e-02 5.4661547175e-02 2.6636805388e-02 7.5523180323e-02 9.9274443471e-02 1.9058771742e-01 -8.8542522576e-02 4.0383198620e-02
3.7380954290e-02 6.5301601627e-03 -1.2864793136e-01 1.2234295269e-01 7.3871875541e-02 5.2705064290e-02 -7.9079022970e-02 2.4544593241e-02 -4.7132433624e-02 -6.8596322527e-03 4.7933447736e-02 1.0200035692e-01 -7.9470136610e-02 1.5765362324e-01 1.6685185872e-01 4.3424654896e-02 1.2750557613e-01 -1.4442796700e-01 -1.1510627109e-02 -1.1883707801e-02 2.0733889567e-03 -1.7329857001e-01 1.2120263576e-01 4.1030969540e-02 5.8067144131e-02 1.1483054991e-01 7.7175125484e-02 8.4802184123e-02 1.6511463641e-01 -6.3969064170e-02 2.9321333017e-02 -6.0544954659e-02 -4.8330684062e-02 8.4662764931e-03 1.1528128344e-01 4.3786260632e-02 1.5794642075e-01 -7.4520194629e-02 2.4426096627e-02 2.3105932561e-02 -9.0683954076e-02 -1.0164489563e-01 -2.8465201395e-03 -9.5869262836e-02 1.4577285877e-01 -1.2283586261e-01
-1.2715538387e-01 2.7906555816e-01 1.0147066334e-01 -2.1460742548e-01 -3.5683550193e-01 9.4262570951e-02 2.7046167373e-01 2.8814380894e-01 7.9866122178e-02 1.3929286298e-01 -1.3119243314e-01 -1.0908246229e-01 1.3957517775e-01 -4.6224531072e-01 -1.6283056564e-01 1.4402580259e-01 1.9822393651e-01 -1.6471637613e-01 -1.0509607855e-01 -1.3097911349e-01 4.6703196209e-02 3.8939221319e-02 -1.5963216660e-01 1.5754657565e-01 2.5974144088e-01 -1.6054364533e-01 1.1685603706e-01 -1.1559366444e-02 -8.8688445743e-04 -2.5187177638e-01 6.4700139460e-03 -8.2194900261e-02 5.5002850283e-02 -1.1621661271e-01 3.6000033654e-01 1.2504046625e-01 -1.1525244973e-01 -1.9655466400e-01 4.2761331559e-02 -1.0850953206e-01 4.9544684702e-02 1.4795279866e-01 -1.0302317894e-01 -3.4227006676e-02 -7.9961351160e-02 2.6131526022e-01
-3.0605478875e-01 4.9448410015e-02 1.2483359020e-01 -3.5536536028e-02 6.3474589697e-02 1.8825845008e-01 -8.3856981896e-02 1.6160665623e-01 1.1434083411e-01 6.4167008402e-02 -3.7295812728e-01 -2.4204647059e-01 1.5928409606e-01 -1.2000493482e-01 2.2553510471e-01 2.4957548658e-02 1.1714912682e-01 2.1028053746e-02 2.1745792847e-01 4.9266278360e-01 2.2866752451e-01 2.2376944096e-01 -2.0908201222e-01 1.6753976463e-01 1.2844411708e-01 1.3285805096e-02 3.2730128536e-02 -2.0161623342e-01 3.2848563929e-02 -7.3274572600e-02 2.3054828802e-01 4.8352505695e-02 1.5966895622e-01 8.0740358157e-02 1.3201409842e-02 1.0525231308e-01 2.6210283523e-02 -2.1139785015e-01 -1.2250179526e-01 -3.5696980950e-01 1.6024466013e-01 -2.6297117884e-02 -1.0159663413e-01 -2.4734319885e-01 -1.2324114898e-01 1.4089974873e-01
-6.6789802901e-02 3.4102835671e-02 1.0894548111e-01 -1.0187926369e-01 4.8304058644e-02 7.0740776482e-02 7.1512382662e-02 7.0699896069e-02 3.4244349097e-03 1.1090628317e-01 -6.2796026708e-02 -1.2877348763e-01 8.2639731652e-02 1.6282101272e-01 -4.8992029559e-02 1.1537459213e-01 4.2734429184e-02 -4.8000342866e-04 -2.5251574215e-02 -1.0915195932e-02 6.6888314623e-02 1.2999050604e-02 -7.1793009409e-02 2.3229172015e-01 9.7286110887e-02 -2.6075445208e-02 1.1899591063e-01 1.9574776072e-02 3.9160526927e-02 -1.3828074924e-01 -1.1756397886e-01 -1.5881822535e-01 5.6568012357e-02 2.6446045377e-02 1.5624660555e-01 1.2971892865e-01 1.0057347181e-01 -1.8925889336e-01 2.3454119036e-02 -3.2226359876e-02 8.9225687439e-02 -3.8119512326e-02 -1.5054476217e-01 -1.4798833542e-01 -1.1123740220e-01 1.1198887815e-01
-7.4232040585e-02 -5.4280846675e-03 5.3320966634e-02 -1.0957888952e-01 2.1579699197e-01 1.0387608267e-02 6.9768435131e-02 -4.3557393433e-02 6.9255868442e-03 2.2584178413e-02 9.3184768479e-02 1.0062892815e-01 -1.0171031287e-01 1.6230760082e-01 -1.7498510491e-02 4.0631449700e-03 1.5046997848e-02 7.9438865225e-03 3.2505410976e-02 9.0334514779e-02 1.0291298019e-02 1.8491092378e-02 -3.2384720351e-02 -3.0433375559e-02 7.3966556288e-02 1.6927240282e-01 -8.0312683981e-02 2.1523500306e-02 1.7614631912e-02 1.2113155690e-01 3.6769255676e-03 4.8019566118e-02 2.8228164364e-03 1.9525101687e-01 -1.8396206714e-03 -6.9298436262e-02 3.1164009369e-02 4.7483187918e-02 6.8865387129e-02 5.8036862795e-02 3.8772747219e-02 8.9196665788e-02 -6.6077851237e-03 4.1521497702e-02 1.9210525160e-01 -1.4554869090e-01
-1.5722433125e-01 -2.5813589173e-01 1.9924770485e-01 -2.7719769340e-02 5.3980269108e-02 1.2636389100e-01 -1.0760359732e-01 -4.6583617649e-02 5.8857869698e-03 1.8038996783e-02 -1.6160240664e-01 -3.3318655047e-02 -2.1307469917e-02 -2.1353878237e-01 7.6878821805e-02 -2.4587184277e-02 -6.2084034768e-03 5.9731131734e-02 1.1732414095e-01 2.5328623350e-01 -4.5058033745e-03 1.0781422150e-01 -5.6258349017e-02 9.9324794794e-02 -8.9332248428e-02 -7.4324884686e-02 -1.0347157533e-01 2.8113655911e-02 -2.6983732462e-02 8.0237400447e-02 1.0091648842e-01 3.1748149443e-01 7.4361050847e-02 8.5255208479e-02 -1.7332001022e-02 -1.3647239979e-01 -2.5081295878e-02 1.8941476969e-01 -8.4385395485e-02 8.6170986231e-03 9.7625632037e-03 7.9231191484e-03 1.2227303078e-01 7.2593228105e-02 -7.5566218999e-02 1.6780930299e-01
-5.5464717044e-02 -4.9573492393e-02 4.8811809268e-02 3.9218397957e-02 1.7146685004e-03 -1.8603315945e-01 -1.4214019740e-01 -1.3488858824e-02 1.3530240802e-01 -6.6434585773e-02 -4.2410709420e-02 6.3802329689e-02 -9.2246050157e-02 2.2819744361e-01 5.5443125731e-02 1.2104415204e-02 -3.8136788268e-02 5.1707245880e-02 2.7775862956e-02 1.0238284423e-01 9.8151878517e-03 -1.1646573688e-01 2.6563447048e-02 -1.8537422362e-01 -1.9609884680e-02 2.7522463884e-01 -7.6923542399e-02 2.0603941346e-02 -1.8830744162e-02 5.0042634188e-03 -7.4079724811e-02 -1.6673838120e-01 1.3065416106e-01 1.2521507725e-01 -7.4498497154e-02 -1.1235316780e-01 8.7177284855e-02 -5.9218478577e-02 -1.7853543405e-01 -1.0503636813e-01 -2.2659358189e-02 -1.0869583058e-01 -5.1130972288e-02 -7.3829557024e-02 -6.6332294802e-02 8.6451563730e-02
1.4906385693e-01 1.0759742311e-01 -4.8428605651e-02 1.2276186182e-01 -8.5514917190e-02 2.9442975927e-03 -1.1296855860e-01 1.5676300596e-01 -1.0962654555e-01 -1.7510832327e-01 -5.1700024285e-02 7.0120424790e-02 3.6471616351e-02 -4.1326750910e-01 3.4540867844e-01 -6.4668868334e-02 -5.7703299360e-02 -2.7613556206e-01 2.8235410320e-01 3.7625952842e-01 -1.2237617158e-01 1.1340695668e-01 2.2675048250e-01 -4.1392626752e-02 -1.2421883854e-01 2.7057066860e-01 -6.2556829929e-02 1.9336267068e-01 -1.0037126021e-01 -2.2416757492e-02 4.3671494406e-01 4.1151878640e-02 -1.1117032152e-02 -3.0522879667e-02 -6.4165445544e-02 1.0464051710e-01 -1.4124833250e-01 2.9978629248e-03 -1.0254539378e-01 -4.3244110557e-02 5.7526964260e-02 2.3445797543e-01 8.1202409685e-02 1.4519372557e-01 2.4148098901e-01 6.6115246866e-02
-4.8468896612e-02 1.0895410444e-01 2.5915226029e-02 8.0036497818e-02 -1.8928869166e-01 -8.8364206092e-03 2.5818192872e-01 1.0125774597e-01 2.3565935698e-01 2.0390523520e-01 1.3687641207e-01 -1.1164064857e-02 1.2171981005e-01 -2.8053335766e-01 -2.1923892172e-01 2.0741433709e-01 3.7533900236e-02 2.0360765357e-01 -2.4836277436e-01 -4.1931460308e-01 -4.6756290521e-02 -7.7134229127e-02 -1.1486505493e-01 2.4692151147e-01 2.2800910965e-01 -3.2747320402e-01 3.1992199180e-01 -2.3092507934e-01 -2.1963966372e-01 -9.9919348477e-02 -2.1215367415e-01 -6.5543375962e-03 7.8062054437e-02 -3.5102169193e-01 3.3223313535e-01 1.7724677211e-01 1.5151617445e-01 7.3597885383e-02 3.0576919058e-01 1.6927408072e-01 9.6439788378e-02 5.7653791954e-02 -1.5852275179e-02 1.9489543815e-01 -1.3571698472e-01 1.1922416132e-01
-3.5742631906e-02 5.9290502682e-02 -2.0541124435e-02 -9.4805340854e-02 -1.9942444871e-02 2.4968517906e-02 -1.0331453370e-02 9.6332277129e-03 -6.9915002102e-02 -1.0554692019e-01 5.5006745891e-02 -2.6260360397e-02 1.0552742144e-04 -1.0897628403e-01 4.3262039830e-03 -8.9218783622e-03 1.0917556020e-01 -2.2774473230e-01 2.2958733241e-02 -6.7516692190e-02 -9.6502505957e-02 -2.1837142951e-02 2.1412943920e-02 1.8303040136e-01 5.0555520249e-02 1.0180617635e-01 -9.6348109986e-02 -6.2244942072e-03 -1.1308472794e-01 -4.2575023417e-02 -5.6445459501e-02 -1.2238092534e-03 -4.1993461500e-02 -9.3054428776e-02 -8.6283244304e-02 -2.7935320424e-02 -9.4858929598e-03 1.4721270606e-02 -2.4249394356e-03 8.1477414336e-04 1.0783837117e-02 3.4226484851e-02 -1.6467317263e-01 2.7629398624e-02 9.2810194421e-02 -9.6481193024e-02
-1.2360433155e-01 -1.6079160538e-01 -1.4487970486e-01 -2.3299587570e-02 1.7231186168e-01 5.2086869980e-02 -1.1547521612e-01 -6.4289141599e-02 -1.8287644101e-01 -8.9671299582e-02 -1.6749743257e-01 -2.6971758749e-01 1.6802388725e-01 1.9406467395e-01 1.2145412854e-01 -8.7458410280e-02 5.1900643392e-02 -1.8775479268e-01 -1.5987850116e-01 -1.8299378568e-01 1.2544328653e-01 1.9530223132e-01 -1.4008116003e-01 1.2698857709e-01 1.6784222895e-02 -1.8115482340e-02 -7.0577209930e-02 9.6911472865e-03 -1.5407986554e-02 -5.3587247348e-02 1.2101773355e-01 -1.3651474179e-01 -1.7381579163e-01 -2.1769720953e-01 -4.9244757752e-02 1.8606775359e-01 -7.0358715768e-02 -2.1174940621e-01 3.9646117041e-02 -1.1276665225e-01 2.2818468849e-02 -2.1775212917e-01 -1.3319117966e-01 -1.4850177398e-01 -1.4917760619e-01 1.7128422111e-01
7.0775954638e-02 -1.2922140481e-01 -2.2613708388e-01 6.1805800470e-03 -4.5414959662e-01 2.3997308565e-01 -1.4442861806e-01 6.5849347831e-03 -4.1787370360e-02 1.6074032006e-01 -6.4598404914e-02 -3.0268489172e-02 7.8054526568e-02 3.0746800835e-01 1.3036105585e-01 9.6108394539e-02 1.2069166748e-01 2.7104002900e-02 -1.6462886375e-02 -5.3795090148e-02 1.8600291768e-01 1.6107113614e-01 -6.9286256935e-02 1.3252620140e-01 6.2825834340e-02 2.6607331673e-02 1.4001476290e-01 1.8355863374e-01 2.9039487097e-02 5.3925679234e-02 2.3800882676e-01 -1.5114188765e-01 1.1354948635e-01 -7.0666577316e-02 3.9141788847e-02 1.4390379269e-01 1.9072551824e-02 1.1939462624e-01 1.9000051563e-01 -5.0996717939e-02 -5.2867325754e-02 -2.7365278136e-01 9.8374689628e-02 6.8380737599e-02 -8.5610101215e-02 1.5109012042e-01
1.5836059372e-02 1.3128005224e-01 5.8165290655e-02 -5.0219950098e-02 -1.8457319174e-01 -7.4717771111e-02 4.3968699379e-02 -1.1756071091e-02 1.4812387630e-01 -5.1839873766e-02 3.8614482599e-02 -1.5555213887e-02 -4.2481016894e-02 -5.4484752883e-02 -1.2439815692e-01 3.5790626308e-02 5.5816950968e-03 -1.4011380136e-01 -6.5609551435e-02 1.3166748120e-02 -1.6336563086e-01 -8.2196993086e-02 1.6305135537e-01 -7.4281117539e-02 -6.5912277609e-02 -2.8340389750e-02 -6.8254785524e-02 1.6040897270e-02 -1.2204135345e-01 -4.9465850467e-02 -1.2751069950e-01 -1.3784607175e-03 5.3514643052e-02 -3.0159725916e-02 -3.9263634863e-02 3.6074422005e-04 -3.0872752273e-02 9.1665493304e-02 -5.0008509232e-02 -9.1003975426e-03 -1.1297107149e-01 -5.0294981382e-02 -1.8122775800e-01 1.8250622477e-02 1.2215285478e-03 -9.0112008367e-02
2.2860559434e-02 1.1509486950e-01 4.4982306636e-02 -1.2034704850e-02 1.8399693603e-01 -1.4849829559e-01 9.8465219641e-02 -6.9433911356e-02 1.4193608162e-01 -9.9707188835e-02 -1.3093554815e-02 1.6118577293e-01 -5.1086560799e-02 1.2437477532e-01 5.5566217170e-02 7.5545629181e-02 -6.4159607693e-03 -1.1498035430e-01 -1.7196437389e-02 -2.2383382608e-02 -2.0160222342e-01 -9.7921926368e-02 6.1065021818e-02 2.2741244886e-02 -6.1383827267e-02 1.3628110922e-01 -4.7136948366e-02 1.2306926813e-02 6.7644045400e-02 5.0627284695e-02 -1.5628075356e-01 5.1735371377e-02 4.6569447084e-02 1.5864215965e-02 -2.8556277864e-02 -3.6362604885e-02 3.8864638386e-02 -3.2131548890e-02 -4.2303205623e-02 1.1018879459e-01 5.5715386243e-02 -4.2470975701e-02 -9.1131092927e-02 -8.0969321726e-02 1.6414412086e-01 -3.4849172349e-03
-6.2138086509e-02 1.2761257727e-01 -1.1670288831e-01 -6.6907851469e-02 -1.0248971397e-01 -5.5353851461e-02 -1.1933790246e-02 1.0252624085e-01 8.8067751045e-02 -9.2746823004e-02 5.4738987785e-02 -2.2910812304e-02 4.2286525718e-02 -9.0946802698e-02 -6.8272825745e-02 8.1250462366e-02 -6.3572351727e-03 -6.0289484273e-02 -1.2044233411e-01 -1.5456622373e-01 8.0911696494e-02 -1.7725199963e-01 -8.8920315463e-02 4.1229954821e-02 1.5617743559e-02 1.7218541241e-02 1.1523999026e-01 -3.0416233824e-02 6.7014244889e-02 -1.4703342594e-02 -5.5851902198e-02 4.4588439505e-03 3.0780980441e-02 -7.5501039237e-02 -3.2138574120e-02 -5.5169692238e-02 1.4306060059e-01 -1.1696728838e-01 -1.0114764043e-01 -7.6768594430e-02 7.5220891109e-02 -2.6791411376e-02 -3.5304228645e-02 -3.2441179588e-04 -7.6987821911e-02 4.9197631626e-03
-3.4038887362e-01 1.3784873680e-01 2.7844353079e-01 -2.1790433053e-01 3.5186629777e-01 -1.0921522143e-02 1.1613255590e-01 2.1928424971e-01 2.0728452982e-01 6.6272200629e-02 -8.1633365610e-03 -1.1652298539e-02 9.3202281274e-02 1.1926159426e-01 -2.5301592317e-01 -4.7913357058e-03 1.2438303275e-01 1.9931628781e-02 -3.5392981281e-01 -3.7332898828e-02 2.3557640783e-01 4.2774890721e-02 -1.5460206016e-01 1.2976443426e-01 7.5930900746e-02 -2.7149996993e-01 -1.4655857500e-02 -1.9000891653e-01 2.5221539766e-01 -1.3296330944e-01 -2.7795855309e-01 -1.4912975676e-01 -6.6639936738e-04 -1.0146135960e-01 4.8287888934e-02 1.6914983824e-02 2.7163402408e-01 -2.0905729739e-01 6.5122367048e-02 -2.2873125046e-01 1.8140319837e-01 -2.6932004139e-01 -3.7472624605e-01 -3.6861837116e-01 -1.2951995905e-01 4.5558073616e-02
2.2720176648e-01 2.0098367430e-01 -8.3309140306e-03 1.0276731307e-01 -5.3115814113e-02 -4.9144187313e-02 4.4443429973e-02 7.5971606982e-02 -7.8902447347e-02 -1.3761220858e-01 -7.7149344965e-02 1.1330195402e-01 4.2516615607e-02 2.2985438565e-01 3.8662622782e-03 -7.4579139893e-02 -1.2129069518e-01 -4.1823229856e-03 1.0820497506e-01 4.2742317984e-02 -2.3286396392e-02 -1.3411883150e-01 1.6223794390e-01 8.5844529982e-02 5.1721616271e-02 9.7063209372e-02 2.2157488905e-01 -6.2285173324e-02 2.1573773853e-01 -2.5641815913e-02 7.1547079305e-02 -1.5345928886e-01 3.5470865909e-03 5.8521584687e-02 -1.5966038138e-02 9.3143967916e-02 1.3917419046e-01 4.1081808433e-02 2.1058776711e-01 -2.3207819456e-02 -2.4586311111e-02 -1.9453514454e-01 7.0961913987e-02 8.9919373580e-02 -2.0315526294e-02 -5.4249827022e-02
