-7.9451346096e-01
2.9957278527e-01
1.3803669504e+00
7.1867438752e-01
-3.9839669079e-01
-1.8382181034e-01
1.4170278812e+00
1.2300488827e+00
1.7066881638e+00
1.9431245119e+00
-1.2927651912e+00
-1.3112866427e-01
6.3739749199e-01
4.3141066806e-01
2.3428568760e+00
-6.2790534306e-01
9.4957386390e-01
-8.1111186139e-01
-9.9295874075e-01
-1.0620269381e+00
-9.0455544154e-01
1.2561638601e-01
-2.3888747507e+00
2.2552861815e+00
1.9363519856e-01
-1.9130500717e+00
-9.6168151708e-01
-3.6716450780e-01
-6.3365041786e-01
1.7131245417e+00
1.1647595472e+00
-1.4210859869e+00
2.2512418358e-01
7.7534579498e-01
1.0100984380e+00
1.7695270475e+00
8.5685409290e-01
8.8152422276e-01
-3.0539518853e-01
7.9802175178e-01
6.2113448492e-01
-2.1484527337e-01
6.0480006383e-01
3.6083142723e-02
5.3941835830e-01
1.2164764013e+00
1.0538467668e+00
3.6737659074e-01
-1.9563498236e+00
1.0244655152e+00
1.2680726530e+00
-3.4493475983e-01
-1.8322609004e+00
-1.9164275242e+00
-1.0204390267e+00
-3.8213212400e-01
-7.0842679981e-01
8.5764870750e-01
1.8454526186e+00
-5.6758182263e-01
1.5783664639e+00
3.5905984115e-01
-1.4503136258e+00
-3.2695456470e-01
2.9734611940e-01
-1.7774318691e+00
7.7944145342e-01
2.1360261513e-01
-6.8222570241e-01
1.3621486714e+00
-2.3675360572e+00
7.9636327820e-01
1.9182117558e+00
-8.1296652770e-02
5.7497139995e-01
6.9065487187e-01
-8.7825495772e-01
-1.9515406956e+00
-6.6997506305e-01
1.7336532270e+00
6.2470598994e-01
2.0378780392e-01
2.3485204646e-01
5.4025708706e-01
-7.0272860171e-01
1.1676910994e+00
4.2705656014e-01
7.5489176843e-01
-7.6405329076e-02
9.6778847580e-01
1.1722191674e+00
-1.2764925367e+00
5.3421829401e-01
1.5372353902e+00
7.7553226710e-01
-2.0517315460e+00
-1.3545918789e+00
1.0463905212e+00
8.5783806530e-01
1.9021307119e-02
6.6364304491e-01
-8.8265270949e-01
-3.3552529462e-01
-1.9004650081e-02
-1.9995181766e-01
-2.5098630886e-01
-1.1101841876e+00
2.3746121843e+00
-2.5108410608e+00
-3.3227578525e-01
1.6169906415e+00
9.7405771085e-01
5.5658741940e-01
-1.1000029412e+00
1.9601136942e+00
7.2720944429e-01
9.6645095343e-01
1.5254840913e+00
3.5223922862e-01
8.7065337798e-01
-1.1647690706e+00
2.1933925340e-01
2.0876272213e+00
-6.2026850404e-01
-1.5621029941e+00
-8.5228526243e-01
-3.6823617677e-01
7.1307957309e-01
1.3999531632e+00
-1.0784771998e+00
-7.1548816833e-01
