-1.1037910559e-01 6.8524036257e-02 -9.0959996145e-02 -1.0705929309e-01 -2.9199572737e-02 9.5071237867e-03 -1.5268915884e-02 -2.6426585102e-02 6.1233361931e-03 -3.6309790260e-02 -3.7382902458e-02 -5.6239597145e-02 -1.3861921303e-02 4.5180037033e-02 3.8726065614e-02 -5.9334094513e-02 -4.0451198953e-02 -1.8927196797e-02 3.7202262260e-04 2.2927003167e-02 -3.4855395550e-02 -2.6960217607e-02 3.9068207374e-02 -3.0112296359e-02 1.9132945660e-02 -4.0305963356e-03 1.6022002063e-02 -1.0827933115e-02 -8.8389793368e-02 -4.1793800184e-04 -5.5680778706e-02 -2.7873202940e-02 1.8835416988e-02 1.6561138822e-02 6.1077273500e-02 5.9614185281e-02 6.5397321242e-02 -1.0985651256e-01 -1.2229170422e-01 -2.0317849602e-02 -5.1019223136e-03 4.2320975647e-02 3.7676517801e-02 2.1795467034e-02 -9.7317508396e-02 -6.6280529060e-02 2.6422232627e-02 -3.7429068003e-02 4.0724126549e-02 -4.1808822889e-02 -7.0693994432e-02 -1.0485025941e-01 7.3178176109e-02 9.2103548975e-03 1.1016558015e-01 -9.2131726828e-02 3.4460887250e-02 -7.7306522650e-02 4.8573825055e-02 3.4050431289e-04 6.3410062965e-03 1.2511145844e-02 -7.6516760973e-02 2.9234701914e-02 3.6943882945e-03 2.4707807024e-02 -6.0212672561e-03 -5.6954660765e-02 -4.8676232818e-02 1.3513340058e-02 -4.5691078830e-02 -8.9758293226e-03 -9.8507107065e-02 9.9943757736e-02 -1.5590333978e-02 4.0361806501e-03 2.6606674902e-02 -1.1536389498e-02 3.4986346520e-02 -6.4722944667e-02 -3.1474325072e-02
8.5640403098e-02 6.5646598285e-02 4.8994830792e-02 7.3005742064e-02 -6.2246540781e-03 8.8127415933e-03 -2.1616169383e-01 -8.9554781656e-02 -2.7318489593e-01 1.8030416272e-01 1.5834708618e-01 -5.2077854091e-03 1.1612925173e-01 -1.3074573103e-01 -7.8427954449e-02 3.2677268061e-04 4.1103744082e-02 -7.7720520207e-02 2.0433046245e-01 3.6413451328e-02 5.6969505325e-04 5.0793016058e-02 -1.5503719621e-01 6.5486534629e-02 -2.8380091884e-02 -8.6282159450e-02 6.7357530611e-02 -3.4643665709e-01 -4.4051345041e-02 -1.6291896965e-01 1.7343035904e-01 4.9562203630e-02 1.9020358803e-01 1.3555514313e-01 1.6938655956e-01 -1.0206566920e-01 -8.4734449011e-03 -1.5698226587e-02 1.4333888369e-01 -1.1295360899e-01 4.1857290230e-02 1.5824736612e-02 -1.1713742933e-01 9.6135133969e-02 -9.9831962357e-02 1.3390618899e-01 -9.6198284840e-02 1.5526667238e-01 1.4083745993e-01 2.1846487059e-02 -4.1246170182e-02 -3.0576943039e-01 -1.4373942012e-01 -1.3286168102e-01 -3.8738818514e-02 1.0496418092e-01 1.3665956203e-01 1.4167999481e-02 -1.6656169364e-01 -4.9801615187e-02 -1.2831718618e-01 -9.6016701775e-02 3.3334900460e-02 7.5225138539e-04 -6.4920030542e-02 -2.4755120624e-01 -6.3383464771e-02 1.6744643095e-01 8.7890360892e-02 -1.6252588131e-01 1.8454598024e-01 -2.5504247220e-01 1.8919744151e-02 -1.9958142208e-01 2.5505404615e-02 9.1466279605e-02 -1.3558775112e-01 -1.1609827320e-01 -9.9320278686e-02 -2.9324557403e-02 2.6791694966e-02
4.9558559500e-02 1.8367909271e-03 1.9889660980e-03 -4.6523502360e-02 4.1331919229e-02 -4.4530270961e-02 6.0996933547e-02 -1.1210204521e-02 8.6174345932e-02 1.7954665647e-02 -4.3915998498e-03 1.8614538809e-02 9.0514445148e-02 -6.4855199605e-02 -3.2094001620e-02 9.2529821341e-02 1.3564148488e-01 -1.0264095923e-01 5.9795734199e-02 -2.5020275345e-02 -1.2576210584e-02 3.6063598674e-02 1.9778722130e-02 5.7678264465e-02 2.0996615144e-02 5.7773623658e-02 8.2465109282e-02 1.2620267716e-02 6.0563260103e-03 -7.6666061427e-02 7.2481877138e-02 2.0608710280e-02 -6.1878055155e-02 -4.8805434115e-04 -1.8998364867e-02 5.3216713189e-03 3.5663938783e-02 -3.0136832478e-02 -2.7174227300e-02 9.5849182462e-03 -1.9942907604e-02 -2.0963750718e-02 1.0620626649e-02 -1.5773939046e-02 -5.4930465491e-02 -2.7608985774e-02 -3.9343440461e-02 2.5452628534e-02 -3.2857851183e-02 -1.7702859746e-02 2.7640978501e-02 1.0787546758e-01 -1.3406249674e-02 -1.9653073289e-02 -4.6771658783e-03 8.3652516984e-02 3.0693188695e-02 -3.2463652599e-03 -3.5765522912e-02 -6.2530048137e-02 2.8235660643e-02 -2.9423813574e-02 6.6246592186e-02 -2.9621764299e-02 -6.3066829127e-03 6.6501306481e-02 2.3140180176e-02 -7.2558442869e-02 -4.5847459866e-02 5.9543849542e-02 3.1042016308e-03 8.3215076191e-02 8.9693624828e-02 8.2966217744e-03 -5.9781072742e-03 4.5595411890e-02 -3.4773187729e-02 -3.9328069232e-02 8.4757729339e-02 -2.7351171961e-02 -2.9817887712e-03
4.5431191471e-02 -3.6529066668e-02 -6.3710923059e-02 1.4535140249e-02 -7.7375126104e-02 -1.4418052794e-01 -1.4104784102e-02 -1.5121305496e-01 -1.0840444216e-01 -3.6289210301e-02 4.1874886258e-02 2.1843203028e-02 7.5192314550e-02 -9.3915442396e-02 -8.1204497299e-02 -2.2839383851e-02 5.1302015954e-02 -1.3130036486e-01 7.0063802569e-02 4.5737352739e-02 4.1363475262e-02 1.7500121307e-01 -1.9537052681e-01 -6.7432550954e-02 2.1766784552e-02 1.0482159136e-01 1.1710882642e-01 -1.3544834935e-01 -1.3160506523e-01 -1.2049679770e-01 1.5625873743e-01 -1.1503880634e-03 1.0452663842e-01 1.3711488384e-01 1.3068293865e-01 1.3641061428e-03 -2.3897947758e-02 -7.3293057841e-02 2.1910840539e-03 -8.2865017291e-02 -4.8357246754e-02 3.7509799788e-02 -1.0709544884e-01 1.5807497356e-01 -1.4371069708e-01 1.0689053535e-01 -2.9803282443e-02 1.8776537851e-01 5.3343579700e-02 1.3234344605e-02 -1.8309609037e-01 -1.5598967909e-01 3.5981725464e-02 -1.0641593842e-01 -2.4754244603e-02 -9.8319970584e-04 5.5182380490e-02 -1.8891923794e-02 -4.4277718694e-02 -7.8118945533e-02 4.8181602914e-02 -2.6290390202e-01 2.0994135117e-02 -2.9367278534e-02 -1.0234447716e-01 -2.6360677282e-02 -5.9484285751e-02 4.6763882538e-02 -2.9874607819e-03 -6.3692382810e-02 1.1153579150e-01 -5.6587059286e-02 -1.8993691303e-02 -3.2441306457e-02 7.4854560688e-02 5.7637147405e-03 -7.7752532640e-02 8.3251278882e-03 -8.3142330128e-02 -3.8912388093e-02 -3.9804418337e-02
1.8513774956e-02 4.0444768204e-02 8.6194465266e-02 -4.7794215876e-02 1.0797990006e-02 8.1006433467e-02 2.5310600599e-02 -4.2719015721e-02 1.0172594576e-01 -1.0818668238e-01 -2.1985355842e-02 4.1562117328e-03 1.7796547201e-02 -9.6212922886e-02 -3.2759275372e-02 -2.0556304158e-02 6.8980776717e-02 -1.4742127370e-02 4.6278984128e-02 -3.2210236511e-02 1.5783709679e-02 2.7896794904e-02 -8.6778739006e-03 8.9436892732e-04 -8.4548385230e-03 5.3024291693e-02 6.5290077273e-02 -1.3282480545e-02 2.7729481675e-02 -1.8270244257e-02 8.3287120263e-02 3.7560070155e-02 1.2247446257e-02 -1.4910718411e-03 -4.4880713317e-02 -8.5091854180e-02 -3.9686219434e-02 4.3283843450e-02 5.3920640895e-02 -8.5580331022e-02 -3.7008280113e-04 -2.4131391126e-02 8.6313787622e-03 3.2584294518e-02 -8.0089618029e-02 -2.5714531566e-02 -6.4852426143e-02 2.5184534138e-02 -2.7666531828e-02 -7.1209213465e-03 1.7857349110e-02 -1.7020066559e-02 -5.0181734845e-02 -4.6219251794e-02 1.7518741107e-02 6.9813610163e-02 2.1436134551e-02 -5.3895905316e-02 -6.9058008599e-03 6.6675112268e-03 -2.1508773996e-02 8.3405215671e-02 1.2741145441e-01 -4.4935512102e-02 6.3064400183e-02 -1.9195636366e-02 -1.7350566092e-02 1.9158116656e-02 -3.1635635825e-02 2.7645807900e-02 2.8031986228e-02 4.7418936444e-02 7.1643548645e-02 -5.2975365912e-02 -2.9223075319e-02 4.2689310435e-02 1.4620627022e-02 2.4233708944e-02 4.6321781606e-02 3.2176260140e-02 7.8396958575e-02
3.3920769266e-02 1.0547280312e-01 -6.8277083680e-03 -4.8424548333e-02 6.8053518958e-02 -7.5245131049e-02 2.0065650148e-03 -6.5291644478e-02 -5.8906084486e-02 8.9724940987e-02 -1.2001673668e-01 1.5555249996e-02 -1.1150964736e-01 5.4696254152e-03 -7.8792945280e-02 -1.2252730789e-02 1.3269294383e-01 4.5223802227e-02 1.8471958478e-02 -5.7045289016e-02 1.5336032115e-02 1.3303252790e-01 -5.1431920642e-02 7.6588650466e-02 -2.3469962823e-02 -1.1640044233e-01 5.7036182261e-02 -4.0716402893e-01 -8.5122928898e-04 -2.5969594386e-02 1.2668975602e-01 -9.4019132688e-02 1.5688862608e-01 4.6781978239e-03 2.5662804973e-03 5.3704499988e-02 6.0761005083e-02 1.0465159093e-01 3.1734407362e-02 -6.0793333182e-02 3.2792224571e-02 9.9378455787e-03 6.3920688063e-02 3.8290878817e-03 -1.1489567384e-01 2.9463612672e-01 -6.2687020855e-02 6.8454715917e-02 5.7738126491e-02 9.8100070930e-02 1.0643031907e-02 -7.7941051393e-02 -4.3553509571e-02 4.1654319799e-02 -8.9395087277e-02 9.2824735835e-02 1.0727452400e-01 -1.5579666736e-01 -4.0465754168e-02 6.6346258956e-02 -1.5648428788e-01 -7.9988896802e-02 -4.3082300010e-02 -2.7451563221e-02 -1.3592192442e-01 6.6548329632e-02 7.0612152099e-02 2.7505466874e-02 9.4243763796e-02 9.5139338784e-03 1.0526316194e-01 -1.6418456902e-01 -1.3176756184e-02 -7.1109264693e-03 -3.2657646649e-02 1.1562136599e-01 -4.8815574807e-02 -9.3767141895e-02 5.6377156433e-02 8.0377925049e-03 7.6684361351e-02
3.2899166973e-02 -1.1400442128e-01 8.5263250945e-02 1.5819703021e-01 1.4675339076e-01 -1.1581528455e-01 -6.8198998766e-02 -5.3829322175e-02 -1.4988464014e-01 2.7847157941e-02 5.8019618197e-02 -8.9030169000e-02 -1.1135669351e-01 -1.0492875037e-01 -1.9033567702e-01 -5.4767063065e-02 -7.6289669847e-02 -1.2792402032e-03 -3.4820278719e-02 3.3494014371e-03 1.1572741598e-01 1.4968463807e-01 -1.2978574616e-01 7.8844941477e-02 3.1711116212e-02 -6.5540869209e-03 1.0501688400e-01 -1.9841931193e-01 -3.2439776194e-01 -2.0018806870e-01 5.3739098544e-02 4.7033759403e-02 1.6578183898e-01 3.4393460186e-02 5.9537217309e-02 -1.1673186173e-01 1.4556127082e-02 -7.3784929083e-02 6.3080212086e-02 -5.8784624368e-02 8.6078189073e-02 1.6979588747e-02 -1.5468245999e-01 8.0398867607e-02 -3.0543940306e-02 1.9626333056e-01 9.4824467608e-03 2.4628454291e-02 1.1947781248e-01 2.4170948118e-01 -1.0036757628e-01 -2.3716000797e-01 1.1250554369e-01 1.6247863506e-01 -7.7033631997e-02 -4.8616260027e-02 7.0993616762e-02 -5.9983573865e-03 9.0067019417e-02 -1.3115643742e-01 3.6014898844e-02 -5.7613842026e-02 -1.1802807657e-02 -9.5471281318e-02 -9.1876943862e-02 -1.2628853539e-01 1.8453055826e-02 -1.6676221501e-02 5.4735725717e-02 -8.4986094960e-02 2.3953384670e-01 -2.0203511930e-01 2.0427423253e-01 -1.4949123660e-01 -9.3595898549e-03 1.4633794354e-01 -1.4052160173e-01 -7.8275229012e-02 -7.8557156959e-02 -5.1492136275e-02 8.3854936752e-02
-9.7902363975e-02 -4.4163157596e-03 1.2157400248e-01 2.2051580678e-04 4.4768817441e-02 8.2515334011e-03 3.8348911437e-02 1.1077919100e-02 1.1036674176e-01 -7.6373948736e-02 9.9107227525e-03 -3.6909981505e-02 5.0547538237e-02 7.8775361719e-02 -1.1213273736e-02 -1.4395788756e-02 1.0095798409e-01 -2.0111503531e-02 -1.1113562473e-02 4.2021242745e-02 6.0712608381e-02 7.4542232144e-02 -7.3964784067e-03 -7.8148073848e-03 -2.8431412902e-02 7.9607630808e-02 1.1864203029e-01 -3.0853685412e-02 7.4157497037e-02 -7.3134655048e-02 6.2273979476e-02 1.2755962377e-02 4.1949126131e-02 -2.9899976929e-03 -9.1457026062e-02 -8.7010592730e-02 9.9690079097e-02 -1.0061775350e-01 7.8732990039e-02 -4.6431241720e-02 -4.5760337334e-02 -6.1615288519e-02 -6.3183551714e-02 3.8762821007e-02 -7.0219225920e-02 -1.3700117511e-01 -1.8464677110e-02 1.1807816502e-01 -7.5677264138e-03 3.4732931496e-02 -5.7848678900e-03 -1.4728770937e-01 8.1641683179e-02 9.9030421614e-02 -4.0709665638e-02 -9.0659315140e-02 6.4147648943e-02 -8.8209740623e-02 -1.0068598085e-01 -1.9665684054e-02 -4.7512077691e-02 6.6628197897e-02 1.1119953953e-01 1.3269604269e-01 -9.5469529589e-02 5.6288622118e-02 3.7838541153e-02 -2.5713254079e-02 3.8504102560e-02 -1.6677615201e-01 -7.8081998193e-02 1.6053477139e-02 1.3465871941e-01 -8.4235664324e-02 2.6207182236e-02 1.1401859234e-01 1.0099946442e-01 -9.5060950972e-02 5.9817868327e-02 2.4971257275e-02 2.9684171728e-01
-1.7724383946e-01 2.5169675193e-01 -1.7488090758e-01 -9.7445748968e-02 -3.0085091897e-02 -9.2452418741e-02 2.2229212037e-01 -4.3860672058e-02 4.4761364967e-01 -8.3722503130e-02 -2.2144739434e-01 -9.7039595353e-02 -9.8905566307e-02 2.3658431827e-01 8.3126154912e-02 -1.4645235841e-01 2.5400870652e-02 1.0777697630e-01 2.0908321525e-01 -4.2740387198e-02 -1.8359407078e-01 -1.7541035168e-01 4.6200210184e-02 8.5757358127e-02 -3.2569402821e-01 1.9107861842e-01 -8.9592488908e-02 -2.8158002519e-02 2.9945003338e-01 9.3666343260e-02 -1.2653753280e-03 1.5729057664e-02 -6.4804290055e-02 -5.5527140714e-04 -3.3471699492e-02 2.6826662621e-01 -8.8856218594e-02 -1.0614770728e-01 -1.6393907700e-01 -8.9421772179e-02 -5.1387180015e-01 -8.6144881445e-02 9.7508825800e-02 -7.8664399916e-02 -1.4964233428e-02 -9.8803821824e-02 9.7483963929e-02 6.2212079267e-02 3.2951114381e-02 -9.6863025435e-02 2.0019510073e-02 1.8344508277e-01 -1.9210126829e-01 5.4144202391e-02 1.5766454908e-01 3.9511928662e-02 -4.7580709383e-02 -2.9263881096e-01 -4.3360241052e-01 1.1885343792e-01 -1.0342556067e-01 -4.9502712217e-02 1.4432881788e-01 1.0753873885e-01 8.2044581281e-02 2.1974746186e-01 2.4375154409e-01 -1.1329067813e-01 -4.1382202574e-02 -2.4605974171e-02 -2.7344629506e-01 1.4547753955e-01 -2.7554007209e-01 1.3837893162e-01 1.8709104640e-02 -1.3723538246e-01 -8.1285654833e-03 -1.0505420527e-02 3.4238020863e-03 3.4619631612e-02 8.3229909200e-02
2.1859466196e-02 1.1012875590e-01 2.7719796602e-02 -4.4230702628e-02 6.5971193990e-03 5.4548727812e-02 3.6780111986e-02 -5.8512638277e-02 5.8347208237e-02 -7.4114866043e-02 1.6360105915e-03 5.9955727374e-03 5.1975250143e-02 -1.0333981472e-01 -1.7006562542e-02 -8.7799272024e-02 3.2875005104e-02 -4.0066681228e-02 7.5848150561e-02 5.5245803618e-02 2.8208583282e-02 -4.1602431712e-02 1.7914450500e-02 -1.6446175153e-02 -4.0889213972e-04 6.7847600080e-02 -4.4829981335e-03 -1.8516050009e-02 2.4821084398e-02 4.9971445822e-02 -2.0169152387e-02 2.7236474043e-02 -7.4530508570e-02 -1.7138355315e-02 2.4266999159e-02 -7.9993739585e-02 4.1210095346e-02 8.0713123615e-03 -1.8345994237e-02 3.2259352988e-03 1.7372991076e-02 4.1934254601e-02 -8.1884520568e-02 8.4823897117e-03 8.2426840452e-02 -1.4326560743e-03 6.9719085071e-02 3.4752560599e-02 -5.1335717694e-02 1.4558214055e-02 2.4456025824e-02 3.6776659360e-02 -3.3412335419e-02 8.8093789923e-02 3.8663930632e-02 2.7091254054e-02 6.6793868133e-02 4.9463570355e-03 1.3003455158e-02 -3.1716885774e-02 -2.3751453432e-03 -3.2799254120e-03 -5.3680343547e-02 5.9070391202e-02 7.5994308791e-02 4.2043547514e-02 1.1777877875e-02 -2.9977921393e-02 3.5457922707e-02 5.5908496250e-02 -9.4439869471e-02 -2.4777611721e-02 4.6491551288e-02 -3.5862121807e-02 -6.9930174658e-02 4.5014842554e-02 -6.4211809918e-02 3.0238044560e-02 -1.9114363080e-02 -4.0502142510e-03 7.7386568550e-02
8.9027945378e-02 2.6733863087e-03 -2.0323236668e-01 5.9566780274e-02 -3.1792747104e-02 -2.0427044790e-02 2.4278169793e-02 -1.1152020580e-01 -5.6639277308e-02 -2.3013981584e-01 8.1453775157e-02 -1.0505341726e-01 -8.6475947515e-02 -2.0826011060e-02 -2.5369862748e-02 -1.4876284598e-01 3.3149818171e-02 -9.4595621701e-02 2.0173428013e-01 1.6161641993e-01 2.5335545049e-02 1.4800377184e-02 -6.1623980102e-02 -2.8244355228e-02 -2.0662763345e-01 2.3024841112e-01 -3.8924279552e-03 -3.7326283236e-01 -1.9382587243e-01 2.2993666562e-02 1.9094792239e-01 1.8101384861e-01 9.7402605258e-02 1.7856662453e-02 -2.3688365241e-02 8.0797818283e-02 -2.5694498748e-01 -5.7210978832e-02 2.1950790560e-02 -1.6821945264e-01 -1.4053947882e-01 -1.0593857686e-02 -7.2529009916e-02 1.0850235616e-01 -8.0395967800e-02 2.2187498585e-01 -3.6709441836e-02 1.6678451840e-01 2.3183569931e-02 4.0572665815e-02 -4.0057471949e-02 4.8740464705e-03 -1.5200586870e-01 1.0929472413e-01 -2.1494305149e-02 9.6155753301e-02 2.2325921995e-02 -5.2247566232e-02 -1.6140533804e-01 2.9612996451e-02 2.5648606855e-02 -2.3440858475e-02 1.8889230778e-01 -3.9637410728e-02 -8.3667073022e-02 -1.3741523153e-01 -4.1998913953e-02 2.0664174480e-02 7.3763066212e-02 -3.8246963814e-02 3.5206254235e-02 -7.4880131438e-02 9.1262042204e-02 5.9807376216e-02 3.5706484487e-02 -2.1092060366e-02 -3.1826543981e-02 7.2215668421e-03 -2.7708240081e-02 2.3163519974e-02 7.0222306784e-02
-2.0287242473e-02 -9.1059344551e-02 5.1995568709e-02 5.0415351131e-02 1.5072398111e-02 1.0929046353e-01 -9.1889384856e-02 8.3905449455e-02 2.2296861765e-01 -5.9951991484e-02 9.9660354766e-02 -6.5333796964e-02 -1.2904629527e-01 1.4353204233e-02 -2.1865074116e-03 1.3876379843e-01 -5.2399918105e-02 -5.5657806892e-03 -1.5389460441e-01 2.7349409105e-02 4.2824344495e-02 -3.5734895030e-02 8.5069417831e-02 -5.7627249602e-02 -6.5515356228e-02 1.0779075153e-01 -1.8443829521e-01 3.8811648012e-01 1.1694811385e-01 2.7383781485e-01 -2.0597589033e-01 1.0794640598e-01 -1.1142939104e-01 -3.6020010210e-02 -9.9904491047e-02 -1.8267258724e-02 -5.8145978052e-02 1.0169497058e-01 -2.1004817185e-03 8.7859348573e-02 -1.0048249201e-01 -3.5666937933e-02 5.9764055584e-02 -6.2411660049e-02 9.9711349221e-02 -2.3517629083e-01 -5.9784252429e-03 -1.3362629569e-01 -8.6140783148e-02 -1.3947009074e-02 5.3780676020e-02 6.2910293221e-01 3.0249379489e-02 -7.3006531891e-03 3.4846387636e-02 1.0992672685e-01 -6.5620101904e-02 1.9007731531e-01 6.8800117392e-02 6.1789112773e-02 6.0852907029e-03 -8.2415579575e-03 -5.4913043036e-02 7.6086732397e-04 6.8385909271e-02 -1.5282300770e-01 -8.5294525028e-02 1.2590182849e-01 1.3394078980e-02 1.1498552527e-01 1.1242052745e-02 5.0366816704e-01 -7.4665898760e-02 -2.0505042312e-02 9.9716140430e-02 -8.6870005407e-02 3.0619402624e-02 1.1289833801e-01 -8.2265452750e-03 -1.5129091815e-01 -1.5751407119e-01
-1.5514039619e-02 -1.3341939433e-01 -6.6344345732e-03 3.1452673334e-02 -4.7485922594e-02 4.0287192305e-02 2.2320022243e-02 3.7688854602e-02 -3.9806046741e-02 4.8201273347e-02 3.8455262127e-02 -1.0814208504e-02 -2.3388261953e-02 -1.0097509526e-02 -2.5338136203e-03 -1.0523634960e-02 2.1329808145e-02 -2.1938099524e-02 1.2048407755e-02 9.3651055045e-02 -1.5623506038e-02 -2.9914173426e-02 -1.5584663879e-02 -6.3026553630e-02 -1.0775924649e-02 -6.8663132812e-03 -2.0578523763e-02 5.4251093213e-03 -6.3081889599e-02 -7.1202529486e-03 3.3684037483e-02 -2.8519678653e-02 3.9759681239e-02 -7.7407213786e-03 -4.1387342756e-02 -1.5861323211e-02 5.5965216783e-02 8.0354924198e-02 -6.4746559890e-02 7.1444654081e-02 8.7641250048e-02 -5.2880709064e-02 5.3566062089e-02 -1.7259488136e-02 5.4410888145e-02 3.4655809105e-02 1.0002882372e-02 -1.0174191595e-01 3.8229368667e-02 2.8791562250e-03 2.1807672232e-02 2.8092424486e-02 1.0318366568e-02 -7.3550290573e-02 3.5698474688e-02 -2.5992601303e-02 1.0112513902e-03 -5.2260755195e-02 6.9771558464e-03 -6.4442489165e-04 -3.4575765766e-02 -6.2825772310e-02 3.1880203960e-02 4.0198914134e-03 -8.6841225583e-02 2.7160295059e-03 -2.8589086257e-02 -3.1529067906e-02 5.5837532777e-02 1.8826913449e-02 9.0173930363e-02 -3.3607005045e-02 -3.0740219463e-02 -1.2354814318e-02 6.9869643163e-02 4.8453009690e-02 -5.0228974292e-02 1.4086379653e-02 -1.0644997894e-01 -6.4498300737e-02 -1.5543137898e-01
-2.6627705162e-02 5.5242140789e-02 1.2274273231e-01 -1.1027317211e-01 2.5132556052e-03 2.4758692300e-02 4.1362153789e-02 -6.2953424202e-02 1.6980569992e-01 1.5624489433e-01 -1.5510217971e-01 -5.8015197673e-02 1.1225465063e-01 7.1450925306e-02 -4.9918625879e-02 4.0054270882e-02 1.5050632687e-01 -1.7315023872e-03 5.7975657927e-03 -2.3275785416e-02 1.1606387849e-02 -7.9896313588e-03 -1.5739080696e-02 3.2421194194e-02 -8.2070142843e-02 -1.1200032343e-01 9.9607064717e-02 -1.7098175087e-01 8.9897797564e-03 -1.0169787645e-01 1.0228053479e-01 -4.9088754480e-03 7.8755952738e-02 7.6779904313e-02 -2.7968385264e-02 -1.0326910404e-01 1.2580354243e-01 -3.1370953486e-02 8.8471697109e-02 -1.9365817076e-02 -2.5839906670e-02 -1.2108703906e-01 -1.4196964114e-01 6.6085516878e-03 -2.3025237831e-02 -1.0086228771e-01 8.0886157086e-03 1.0743427738e-01 1.0033047574e-02 1.4493169536e-02 -5.3242698552e-03 -1.1682655746e-01 -2.3748595871e-02 -7.6360503997e-03 -9.6093165283e-02 -1.0659259600e-01 -5.6151172156e-03 -1.1379810805e-01 -1.2398487378e-01 -1.4422492672e-02 -1.2290865936e-01 1.0612405257e-02 1.9544184208e-02 1.3377807372e-01 -6.6428976464e-02 8.6084624749e-02 1.1266555607e-01 -9.2076283588e-02 2.9426775980e-02 -1.7691702273e-01 -2.3847756926e-02 -6.9962026978e-02 1.2204926117e-01 -1.8675547700e-01 1.4165096504e-01 3.9521261557e-02 4.1247334339e-02 2.6269511886e-03 4.7456673493e-02 2.1341596826e-02 2.0534083005e-01
5.3347117022e-02 9.9785478585e-02 4.7973370565e-02 -4.2610194667e-03 2.0683408396e-02 -1.2502024219e-02 2.3815009886e-02 -7.4952419040e-02 2.2204286338e-02 -6.2291919447e-02 -8.8450565652e-03 1.0597620543e-01 3.7640261663e-02 -1.1130087452e-02 3.6908720034e-02 -4.8933955487e-02 5.0194212322e-02 -9.0265176405e-03 4.0323775220e-02 -4.8273580439e-02 -3.8785174017e-02 -6.7466520788e-02 -2.2215928636e-02 -8.2553118193e-02 8.6429149011e-02 5.6237864775e-02 -4.2092552933e-02 1.6718503389e-02 2.8132035650e-02 3.0324706601e-03 2.3569633855e-02 2.2636046949e-02 -7.3606278155e-02 -1.9490933692e-02 -1.1494795721e-01 -1.6532191691e-02 -9.8955537154e-03 -2.1137164734e-02 -3.3110171684e-02 -3.2175653724e-02 3.9299896891e-02 -1.9785598174e-02 3.8748474854e-03 1.1967163691e-01 -3.2803734697e-02 -7.3466380427e-03 1.6483436297e-02 1.6034707964e-01 -3.8561232729e-02 5.0007870708e-02 4.3198591888e-02 -6.9560353235e-02 -1.5255173326e-02 -2.7968779575e-02 -6.5282354647e-02 9.3172203313e-03 -4.7120965108e-02 2.7283541385e-02 5.3195972428e-02 1.1849326691e-02 5.1666996888e-02 -1.4745193329e-02 -4.2765701240e-02 -4.8176094431e-02 1.3745905643e-03 -1.0335741889e-02 7.0995140765e-02 -2.7483475319e-03 2.7978137333e-02 8.3342153102e-02 -5.1835560342e-02 -6.1214373042e-02 1.7899675573e-01 8.6799245486e-02 -5.2636614682e-02 -9.8255857929e-02 -5.6963560496e-03 3.7677024686e-02 -2.8669456143e-02 7.3017516949e-02 3.3920317890e-02
-4.8635907635e-02 1.1919442164e-01 -8.5043924222e-02 -1.8509740890e-01 1.3047216961e-01 1.8091173159e-01 2.4525028397e-01 1.6715961407e-01 1.6270977586e-01 -4.1236659565e-02 8.7220372233e-02 1.3468324764e-01 -1.5584341915e-01 -4.1610601080e-02 1.5688601695e-01 2.0303895987e-01 -8.3477057866e-02 1.1947672578e-01 -3.9730423080e-01 -6.0557992576e-02 2.0894504984e-01 -5.1874414134e-02 1.2565746468e-01 -1.3694210724e-01 1.5207083551e-01 -1.9844632003e-01 -1.6934773080e-01 2.3123753262e-01 6.4783587906e-02 1.0431818785e-01 -1.7058053106e-01 8.5291545075e-02 -8.0644981195e-02 -1.0384619129e-01 -1.0905174007e-01 6.1716543294e-02 -2.5441941098e-02 -7.7786368536e-02 -1.1335910006e-01 6.2389152634e-02 2.5885581417e-01 3.6253536688e-02 1.6213938023e-01 -1.1170080477e-01 1.7533505690e-01 -1.2145985001e-01 1.3404566734e-01 -1.5561317052e-01 -8.9980693403e-02 -4.6474294220e-02 1.0420480114e-01 2.8754307645e-01 1.7211686180e-01 1.3543867651e-01 1.5696857269e-03 9.7640883097e-03 -1.3145840271e-01 4.8866736025e-02 2.0165332541e-01 2.0920393155e-01 1.2992458206e-01 1.1306004806e-01 -1.0672996882e-02 5.2088455100e-02 1.2811434896e-01 8.6445282055e-02 -3.4365456016e-02 -3.2034439645e-02 -4.7077796897e-02 2.0187023583e-01 -8.0516113651e-02 1.6576877994e-01 3.4406515920e-02 2.0365544626e-01 -9.3598598107e-02 -4.0111645952e-02 7.2103815673e-02 1.4605415976e-01 -7.7691528205e-02 7.1707159225e-02 9.6755622570e-02
-4.3059704012e-02 -1.7403388906e-02 3.3493107090e-02 1.6959961512e-02 3.2489268916e-02 -2.8669304458e-02 -1.4027816232e-02 7.1027267730e-02 -1.0512528702e-01 -3.5230356313e-02 2.4977456667e-02 -1.8549075685e-02 2.2321487830e-03 2.5730341808e-02 -9.1682219386e-03 -2.5746468779e-02 -2.3497331505e-02 -4.2494327231e-02 2.2976635202e-02 4.8284474278e-02 3.9309597323e-03 -3.7833415923e-02 1.6771724009e-02 1.0923041826e-02 3.9612764080e-02 -9.5509505529e-02 -8.7911211364e-02 -3.6342463396e-02 1.4860421981e-02 6.2193311560e-02 -4.3225600837e-02 -2.5115603139e-02 1.0068610427e-03 -5.9674772591e-02 -2.7903132201e-02 5.6027212981e-03 1.0744329992e-01 -3.5445931603e-02 -4.5966954438e-02 1.0918140905e-01 -2.4530982707e-02 4.0820204967e-02 1.6537113680e-02 -9.5654943540e-02 -8.7290645760e-03 -4.0337965357e-02 2.1249008523e-02 -1.0312403192e-01 4.2547937585e-02 5.8877727141e-02 -5.8445707854e-02 -1.0189280386e-02 2.3488262269e-02 -4.2289525259e-02 -2.6289000650e-02 -2.7070598459e-02 -2.1544829925e-02 -1.0805827824e-02 -7.1622910030e-02 -3.2282723952e-02 -6.4284471014e-02 2.0536268216e-02 -3.4425957321e-03 7.5585203977e-02 -4.4633706158e-02 -5.4401524758e-02 -1.7618791261e-02 1.2742037627e-02 -2.6194278061e-02 -6.4064848768e-03 5.9549025205e-02 -4.3692913184e-02 -7.1243719864e-02 -2.9359307375e-02 1.9196231523e-02 -4.6859768152e-02 1.4946548523e-03 -3.0060682028e-02 2.7069807926e-02 -2.2646222088e-02 -8.9060128461e-02
-1.1652272830e-02 -1.4320053653e-01 8.1430374572e-02 2.4658951311e-02 2.9858653467e-03 1.6106148106e-03 -6.7494048399e-02 -2.1150736200e-02 -7.7740976379e-02 -5.3664297685e-02 -4.2425602747e-02 -2.7349597803e-02 2.6542523215e-02 2.7786000124e-02 -2.1403547147e-02 -5.3968470928e-02 -2.6579792562e-02 5.8359047911e-02 5.2117433801e-02 8.4620507123e-02 5.8244518161e-02 2.4722250364e-02 -4.0751959886e-02 6.1434441763e-02 -2.3820991453e-02 -1.0812888323e-01 5.7995084255e-02 -2.4083991725e-03 -3.2814469776e-02 -6.8598024026e-02 -1.6742858024e-02 -5.3087244062e-02 -2.6764982682e-03 -1.6930978075e-02 1.9590889699e-02 -3.0497582987e-02 3.5026569556e-02 7.2323954261e-02 -1.2456759450e-02 -3.6274844024e-02 -7.0358311251e-02 1.4134016187e-02 -9.8431233822e-03 -2.3077948228e-02 4.3315927049e-03 3.2650326659e-04 -4.7955980010e-02 -5.9127435579e-02 2.0770348308e-02 3.8087975695e-02 -2.6422642803e-02 -1.2425670087e-01 1.0242491219e-01 -3.6814794242e-02 5.2613671834e-02 2.3353807430e-02 7.4130992053e-02 4.2176001238e-02 6.8477860917e-02 -8.9907802862e-02 -3.5269596607e-02 -8.7142664853e-02 -2.9798305862e-03 -4.3914617996e-03 -1.1905151408e-02 -7.7013643879e-02 -5.5837735433e-02 1.2602369118e-01 -1.9885151510e-03 -1.3703403390e-01 1.0657921242e-01 -2.5390992617e-02 -1.0471991197e-01 -1.2562628327e-01 9.2694167810e-02 -4.4307271598e-02 1.7276566116e-02 -1.3088806368e-02 -1.5497534775e-02 -3.8406083288e-02 -1.6483070853e-01
2.6552759892e-02 -1.1691252454e-01 2.6325043172e-01 1.1921311638e-01 1.3179681756e-01 -1.1315707679e-01 -1.6810697734e-02 6.9018854668e-02 -6.1084112526e-01 -3.0245771518e-01 -1.5670551824e-02 1.5700456997e-01 -2.6945419545e-02 -1.0396736847e-01 -1.2142177631e-01 1.3582745458e-01 -6.1380705495e-02 1.8253800565e-01 -1.8093076761e-01 1.1260693399e-01 5.3091931244e-01 1.0595165838e-01 4.9982597413e-02 1.1024493188e-01 4.7382537919e-01 8.1419728491e-02 4.6876670943e-02 3.7244974882e-01 -2.1939952925e-01 -7.6114720894e-02 2.3371825837e-02 6.2131639793e-02 -5.2149278667e-02 3.4782182199e-02 8.5008985541e-02 -2.5194834088e-01 3.4739514785e-02 2.8885105403e-02 -1.8408947422e-01 1.8586772426e-02 1.2875606354e-01 -9.2032397242e-02 -2.8977464448e-02 -3.0073752106e-02 3.4359127408e-02 1.3770075552e-01 1.1019981061e-01 5.2101397577e-02 2.1715285511e-02 1.6520820405e-01 -2.8286651076e-02 -4.4964163684e-01 3.3459743913e-01 1.5153558868e-01 -8.0747272976e-02 -2.5063405070e-01 -1.0424015573e-03 4.5013347405e-02 2.4437600712e-01 -7.1634476122e-02 1.5928879882e-01 1.9719483934e-01 -1.2483994364e-01 -2.1918480900e-01 -7.9509518372e-02 -7.4639785838e-02 3.3222167796e-02 -1.5932820289e-01 1.4716931473e-02 -1.7185416166e-01 2.1235188316e-01 -1.7327595917e-01 3.1985116651e-02 -1.0682952471e-01 1.7322733543e-01 7.8080688805e-02 1.5797887444e-01 -3.2493966552e-01 -4.4973063784e-02 -6.0021190145e-03 2.3766673703e-01
1.2673591943e-01 -1.2463488957e-01 2.9248152469e-01 -4.9804236721e-02 2.8925603869e-02 1.6593995184e-01 3.4295025090e-03 1.7587079241e-01 2.1242529655e-01 6.9431587126e-02 1.1857453658e-01 -1.1641884213e-01 -7.7943106821e-02 -6.5348696300e-02 7.6535884293e-02 3.0874785010e-01 -1.0307475534e-01 1.4930258307e-01 -3.7607234604e-01 -2.4284318266e-01 1.0241429624e-01 -1.0850841472e-01 1.6156549307e-01 2.2139919529e-01 5.5225705998e-02 -2.2052838402e-01 -2.0566890583e-01 2.9781427420e-01 1.2552120756e-01 1.7349942974e-01 -2.6760674283e-01 2.5981576802e-02 -9.4393924102e-02 -1.7867666022e-01 -1.0793545263e-01 -6.8140070183e-02 -1.3827990350e-03 2.0922944703e-01 1.5122879555e-01 3.3707517685e-01 2.3126389360e-01 -3.4607253013e-02 2.1107966119e-01 -1.5407710401e-01 1.3458153900e-01 -2.3019053966e-01 -4.7647878417e-02 -2.4968272864e-01 -4.0877437537e-02 3.6130669391e-02 3.7805141058e-02 2.7848955692e-01 1.4502385487e-01 -3.9931347027e-02 4.7610736818e-02 6.9241710588e-02 -1.6598816615e-01 9.0864271105e-02 1.5721650547e-01 1.3875791497e-01 7.8852436264e-03 1.0401779306e-01 -1.0508265232e-01 9.9816614890e-02 1.3954556647e-01 4.8612313286e-02 2.2113038245e-03 2.9901659962e-02 -8.8734181608e-03 1.6987343891e-01 -7.9629180089e-02 2.6872120990e-01 -2.3274129874e-01 -6.4609940841e-02 9.1468866192e-02 -8.6673749605e-02 6.8925456873e-02 -2.5273086366e-02 1.7364408878e-01 -2.3383936059e-01 -9.7391309331e-02
8.3572610425e-03 -1.8585966896e-02 -3.2107979343e-02 -1.0721910875e-02 -1.2911477840e-02 -1.1107199655e-01 2.1713565815e-02 3.7687777651e-02 -3.3608640305e-02 2.0927589045e-02 4.3970398495e-02 -3.6259137620e-03 5.9539543455e-02 2.4089601460e-02 -4.1740058589e-02 4.5470132747e-03 -5.5346520063e-02 -7.4332051729e-03 -7.2219435098e-02 -4.7689632740e-02 -5.3583932507e-02 -4.6711796664e-02 -1.6461881011e-02 -1.2694422271e-02 3.4825223832e-02 -1.8240792326e-02 1.2691568243e-02 -5.5224813372e-02 -4.0410080119e-02 -2.5460858486e-02 -5.4240289849e-02 -1.7097424617e-02 5.6202540424e-02 2.7733988483e-02 5.8838695048e-02 -4.3834788464e-02 1.4065981175e-02 -3.0444957176e-03 1.7393813948e-02 3.8670403377e-02 2.1985934556e-04 3.0189164202e-02 6.6126004282e-02 -2.9575437817e-02 -1.7182049134e-02 5.5024944276e-02 6.6680083430e-02 -1.5946477187e-02 5.2851779158e-02 -4.0429726711e-03 -4.1624092286e-02 -1.1253943784e-01 3.7979669635e-02 1.1460589257e-02 5.3871102059e-02 7.7319085297e-03 3.6369047739e-02 4.2463811898e-02 3.6732677918e-02 -1.6136154634e-02 1.6235436736e-02 -4.4307359083e-02 -3.8082320118e-02 -6.7339504151e-02 -4.2136863018e-03 -4.9137994880e-03 -1.1287658413e-02 -2.3384648811e-02 1.5661891254e-02 -7.5903207005e-02 7.4645306671e-02 -8.3636353436e-02 -8.5578888959e-02 -8.2083407677e-03 4.7183402131e-02 -4.7953720827e-02 4.2714307161e-02 -3.2262079633e-02 -9.4639059520e-02 -4.3539546280e-02 -6.1659932008e-02
2.3018589097e-02 -8.8271915291e-02 5.1139471168e-02 -2.2212603225e-02 1.6904588115e-01 -1.2979544758e-01 3.7593797635e-02 5.8161113137e-02 -1.2830416927e-01 9.4466708703e-02 -4.7523538712e-02 4.4490791860e-02 7.4967976262e-02 4.8266617492e-02 -3.5552773866e-02 5.3148243925e-02 1.3097654802e-02 -1.8367924676e-02 -3.8465096619e-02 -8.7580682632e-02 -3.1054605800e-02 4.7498753674e-03 -3.1796295303e-02 -6.1024850557e-02 1.2916204381e-01 -2.3296766949e-01 3.0984657951e-01 3.7879232927e-03 -5.1334660709e-02 -4.5949868545e-02 -1.1840871778e-01 -2.2612905016e-01 -2.5099895208e-02 1.0550008316e-01 3.5775516416e-02 -6.6415170697e-02 2.1377677035e-01 -1.2890480186e-01 -3.7570674938e-02 5.6772807256e-02 1.6534879173e-01 -3.4101416612e-02 -5.7964079195e-02 6.5232254105e-03 7.5224292172e-02 -5.5436497773e-02 1.1125044524e-01 7.0072419285e-02 7.9686306432e-02 -4.3337169144e-03 -1.2131192920e-01 -2.0801647893e-01 1.2147083280e-01 -2.1902530124e-02 -5.2187048117e-02 -3.7485625288e-02 1.1583947649e-01 -1.0578019383e-01 6.3058500808e-02 -1.7066942422e-01 -4.4133085884e-02 6.4480282873e-02 -1.0849881336e-01 7.4154150160e-03 -1.1881701467e-01 6.8781639352e-02 8.3045475260e-02 -1.0852437437e-01 6.8579990325e-02 1.4951146450e-02 3.4763123517e-02 -1.3225143809e-01 -3.2272031625e-02 -1.8357733406e-02 -5.6862247682e-02 1.6317527604e-01 1.2428799108e-02 2.0340342474e-02 8.5199598898e-02 8.8246460284e-02 4.6932356682e-02
-6.8624145874e-02 -1.3772426680e-01 -2.0000626018e-02 1.0627427643e-02 6.2119504153e-02 -2.0182098222e-02 -3.3608122115e-02 -1.3269332232e-03 -1.3141118693e-01 -1.4129620849e-01 7.2939812955e-02 4.2948289335e-02 -6.6256362288e-02 4.8759681763e-02 -3.0162099939e-02 2.3246133820e-02 4.3629138686e-02 -4.3903992466e-02 -8.9095263523e-02 -3.6041629975e-02 -8.3754998979e-03 1.2789830059e-01 -5.7497604461e-02 -9.7684482319e-03 7.6967110223e-02 -1.8016760304e-02 6.2673604589e-02 6.4898340906e-02 -1.2109185232e-01 -7.5811274843e-02 -2.6929853037e-02 -6.2291177460e-02 6.0370851584e-02 5.1214501848e-03 7.2537820851e-02 -2.0896959454e-02 -3.1482461990e-02 -3.7027663707e-02 -3.0969596950e-02 -3.3710401381e-02 7.5346781232e-02 5.8085088826e-02 -1.1629838384e-01 8.6487758859e-02 -1.3402266350e-01 4.3314687325e-02 3.3640301779e-02 8.7416152893e-02 4.3121986847e-02 1.1309312834e-01 -8.1174121214e-02 -1.5301953806e-01 5.9763278567e-02 -2.8135364105e-02 -1.5851728806e-01 6.1705170872e-02 1.0374783887e-01 3.0903915989e-02 -1.1092148668e-02 -1.0717782732e-01 6.1656216900e-02 -3.9815841148e-02 2.4040006584e-02 -1.4772419294e-02 -3.4721233020e-02 -3.3067216744e-02 -1.0418810719e-01 -3.3520262164e-02 5.8735837043e-02 6.9080398695e-03 7.7781861527e-02 -1.5347568998e-01 1.2918173025e-01 9.6081658417e-05 -3.7520003855e-02 1.0000889730e-01 -1.7151475442e-02 6.1268280920e-02 -1.2258249668e-01 7.5394532733e-03 -4.3235374527e-02
-5.9462553771e-02 -1.5712808955e-01 1.3016577854e-01 8.5267304813e-03 1.4488625515e-02 3.7968646495e-03 -9.9209621655e-02 -2.7079164483e-02 1.3086558240e-02 -1.1186250899e-01 1.6513853885e-02 -4.3362304401e-02 -3.8934337021e-02 1.3137813461e-01 -1.0313303325e-01 8.8937086904e-02 -8.0882624743e-03 6.7483942705e-02 -1.0327998360e-01 1.3773734405e-01 1.7480462492e-01 3.4994801081e-02 8.7504217683e-03 1.7665789436e-02 3.0690354020e-02 1.3790256421e-01 -3.1373378350e-02 1.2457283168e-01 2.9252071974e-02 -3.5363363996e-03 -2.1543966279e-02 1.2572054353e-01 6.0126751019e-02 -7.8359837030e-02 -2.4231519466e-02 -9.7547418932e-02 -2.2061892713e-02 2.8734647133e-02 -1.7493210515e-02 3.4225589199e-02 -1.8155934255e-01 -7.8127495212e-02 1.4911052382e-02 -1.1864057693e-01 1.7381664916e-01 -1.5307525572e-01 -1.3428505292e-02 -9.7020324036e-02 -1.9611708020e-02 -3.6200821669e-02 3.5355392555e-02 -1.3681566258e-01 2.0640276038e-01 1.3386251564e-01 4.9143894209e-02 -2.3218984444e-01 -3.5421073973e-02 -6.2267750441e-02 4.4506135360e-02 3.9214166765e-02 4.2750065073e-03 7.9618560305e-02 1.5791748085e-02 3.1203874917e-02 -5.5983358767e-02 7.3275708259e-02 1.3908632309e-01 -1.4300460880e-01 -9.0878512403e-02 -7.9085432813e-02 4.0982192584e-02 7.6343866695e-02 -7.9991885696e-02 -6.9586388652e-02 1.1157623186e-01 9.9900739700e-03 1.0632688039e-01 -3.6298902288e-02 2.8798962788e-02 -7.9153076830e-02 7.9429084391e-02
9.9066971310e-02 6.1711475443e-03 -2.1640440431e-01 5.9861714645e-02 -1.3304247644e-01 -7.7176030889e-03 3.5512404877e-02 -5.7053530432e-02 -4.4452150373e-01 -2.9732022397e-02 1.5715745086e-01 3.0718776677e-01 2.3777195570e-01 -1.4408258033e-01 1.6518794177e-02 -1.4032230582e-01 8.1653799923e-02 -1.1189865750e-01 9.9817396530e-02 1.6379717845e-02 -1.6088271690e-01 5.6151547243e-02 -1.9311770781e-01 -2.2374137876e-01 3.0334724846e-01 -5.3586602393e-02 1.3311067522e-01 -6.2470529561e-02 -2.6742442721e-01 -1.8220416766e-01 1.1310195424e-01 -9.2415128796e-02 1.1878835556e-01 5.3327371822e-02 1.5434017419e-01 5.9283835900e-02 1.8547455514e-01 -1.5993407512e-01 -1.6760744204e-02 -1.2782044763e-01 3.8421286363e-01 1.4653716032e-01 -1.8246726614e-01 1.0200283140e-01 -1.5633356046e-01 1.6111541196e-01 4.6155438097e-02 2.3073492343e-01 1.1105393603e-01 7.8943634869e-02 -1.8840202498e-01 -3.3374058552e-01 -1.8076179985e-01 -2.0754565890e-01 -1.7584923912e-01 -5.0579648387e-02 9.3221683255e-02 8.8138641111e-02 1.2634975131e-01 -8.5986805683e-02 9.6444080185e-02 -6.8743807898e-02 -4.3385573102e-04 -7.0075925850e-03 -2.7793294899e-02 -2.7469223443e-01 -1.6782920303e-01 1.0627414998e-01 2.0900953841e-01 1.8763077747e-01 1.1504255220e-01 -3.1574690154e-01 3.2704868765e-01 -2.8547486342e-03 -1.8314186249e-01 1.1266230452e-01 -1.2324910233e-01 1.2098920685e-01 -1.4303902694e-01 2.5408779087e-01 -8.7603743468e-02
5.0609615272e-02 6.4576602468e-02 -8.9025597511e-02 4.2269934865e-03 -3.5448886610e-02 -1.7878857627e-01 4.0713625481e-02 -3.8960096428e-02 -1.7708211624e-01 -7.3692059541e-02 3.9219097604e-02 4.6641816950e-02 -6.1565582814e-03 -5.6871546916e-02 1.4460582831e-01 -8.2650697076e-02 -7.1930456543e-02 -1.3393234865e-01 1.0574713727e-01 7.6169708642e-02 -1.0686823319e-01 1.2725255904e-01 -1.4089714958e-01 -1.0338371746e-01 1.6132175456e-02 6.7769106153e-02 5.3877585535e-02 -2.9319256910e-02 -7.6811819880e-02 -1.4859369600e-01 1.5807202908e-01 -5.0758829781e-02 8.5439319458e-02 8.6543313250e-02 4.8605064299e-02 4.3513418552e-02 -3.7033356134e-02 -1.1101426666e-01 -1.6248529741e-01 -1.0539310660e-01 -4.1264844920e-02 2.2844927433e-02 -8.1516569773e-02 6.8135601361e-02 -4.7799902268e-02 4.9055137942e-02 4.2930816276e-02 3.4396890721e-01 1.1974292165e-01 1.0108720694e-01 -1.5353927170e-01 -6.6753376414e-02 -4.5714771483e-02 2.9988932531e-02 -1.2189529889e-01 2.4288885909e-02 8.2247789777e-02 -7.1273888268e-03 7.2242183191e-03 -3.3552418949e-02 3.0996986648e-02 -2.8884851646e-02 2.8813052253e-02 -5.7566667914e-02 -1.1575467947e-01 -6.9952559042e-02 -6.7383330294e-02 -1.1495876769e-02 5.4067205117e-02 2.2972087424e-02 2.8357977426e-02 -1.0440127541e-01 -4.3865066090e-02 1.7364489885e-01 -9.2052369703e-02 1.7676479810e-01 -1.0370765212e-01 3.1503864110e-02 -1.1337396097e-01 4.8847428813e-02 -1.0183244027e-01
7.0266282402e-02 1.1811362683e-02 7.2435608695e-02 -8.7762876348e-02 1.1807392294e-01 -6.6658815602e-03 1.8344275187e-02 -8.2914923791e-02 5.2567417625e-02 1.8411425847e-01 -4.5413327222e-02 3.3290611049e-02 3.7952306794e-03 2.8220082973e-02 6.8628306985e-03 -4.5955809838e-02 9.6996767141e-02 -1.3399603868e-02 -4.0786193831e-02 6.1425485046e-02 2.0836082551e-02 4.4647258317e-02 5.5963557152e-02 1.1563084491e-01 -1.9660725803e-02 -2.1928605602e-01 1.0070969210e-01 -8.9245234993e-02 4.3418487155e-02 -3.2763708793e-02 1.3754141070e-02 -4.9038392025e-02 6.5284675193e-02 1.2556145604e-01 -3.0112398137e-02 -1.2412160105e-02 6.3300505029e-02 1.0927247258e-02 5.7278584454e-02 -9.7592199030e-02 -1.2267664098e-02 -1.9246680425e-02 4.3622025209e-03 7.0821135237e-02 -8.3434551346e-02 1.0616287821e-01 7.4583685413e-03 8.2898848739e-02 -5.3900677793e-03 -2.3234401001e-02 -2.7259950693e-02 -2.3031114537e-02 -3.3971759957e-02 -4.9854311491e-02 -2.2622880052e-02 -1.3456114234e-02 -2.4012720689e-02 -5.7949978901e-02 3.4971450673e-02 -1.0155916418e-01 -1.0628581839e-02 -4.1541522184e-02 -8.7878549093e-02 6.6874149763e-02 2.7735384180e-02 4.1570735294e-02 -2.2038886051e-02 2.5903440389e-02 7.5529458918e-02 3.9366023422e-02 9.2561389910e-02 3.0005660815e-02 1.6038804389e-01 -1.0481805346e-01 -1.8239770113e-02 1.0396366232e-01 -6.3162068154e-02 -8.2823068284e-02 6.7455621101e-02 1.4666919244e-01 8.4630814092e-02
-7.4535686378e-02 -4.6996585911e-02 -2.0241669320e-02 -2.9759275077e-02 2.9538170593e-02 -9.7419205958e-03 -7.2015178581e-02 9.4429119502e-02 -5.3948843208e-02 2.7016431823e-02 1.1361773466e-02 3.8724545099e-02 2.6443883318e-02 2.4906400749e-02 2.0077005480e-02 6.3219161114e-02 -2.9722951269e-02 -4.3666460968e-02 -6.4769227427e-02 4.5920283340e-02 -6.3630585868e-02 -3.8211942225e-03 3.0190104179e-02 -6.1774377675e-02 2.0076337204e-02 -7.4628554947e-02 -5.9723572782e-02 1.6820867586e-02 -3.8460435344e-02 -1.5318147508e-02 9.4602105071e-02 6.8729807735e-02 6.0333398339e-03 1.1494973842e-02 6.9509181376e-03 5.0602874272e-02 -3.0693873922e-02 -6.3726829591e-02 -3.3157302788e-02 1.2015476098e-01 -5.9108292731e-02 7.4685735935e-03 1.5185349121e-02 -1.1545334565e-01 5.7854347954e-02 -6.8140363214e-02 6.6745156478e-03 -9.2062450481e-02 -1.2580043968e-02 -7.2414937854e-03 1.4822628756e-02 1.3771114580e-02 2.8124085567e-02 -3.8279296115e-03 5.6663468498e-03 3.8494037213e-04 -3.1634747754e-02 9.7605514297e-02 3.8235371850e-03 -1.6194872492e-02 -5.6748226324e-02 1.2621898875e-03 4.0997004710e-02 -5.4177769724e-02 1.3889326686e-02 3.2483978089e-02 5.0327265958e-02 2.1971089764e-02 -7.5855279407e-04 -6.7311787128e-02 -8.5194374255e-02 1.0395684109e-02 -1.0220124815e-01 1.2706104944e-02 5.8931492829e-02 -3.7285665057e-02 8.8894559855e-02 4.8854585184e-02 3.7724678769e-02 1.9190806234e-02 -8.9741017174e-02
-1.1984593643e-02 3.1683503706e-02 -7.3827463437e-02 -6.1228719168e-02 -1.0127129749e-01 -4.2785011503e-02 6.8235832068e-02 -1.1084997558e-01 1.4737579553e-01 -6.4207864193e-02 -4.3740265101e-02 -5.3915979985e-02 2.2668325729e-02 -3.8763619898e-02 4.7408124088e-02 9.9089188667e-03 2.6124651082e-02 1.3386248153e-02 1.3595024967e-01 -7.8399205595e-02 -9.0749712178e-03 -7.4367589826e-02 7.3299336831e-02 8.4806137041e-04 -1.2783580328e-01 7.5349338946e-02 -3.1570394875e-02 9.8305527662e-03 1.5824890304e-01 -8.8141858213e-03 9.5373027097e-03 3.3542275877e-02 -3.5398139380e-02 -4.9225780177e-02 -4.5928206499e-02 7.2742574389e-02 -5.6528320520e-02 -1.0934446220e-02 -4.2624987003e-03 -7.8977573985e-02 -1.3308370339e-01 -9.6296765071e-04 5.8494404918e-02 3.2179168053e-03 8.7118595681e-04 -1.9286940818e-02 9.1868846678e-03 6.3315311807e-02 -6.8258455081e-02 -5.8523105191e-02 2.9902436737e-02 1.3652437315e-01 -1.5236999659e-01 -1.4251155740e-02 9.6826544354e-02 1.5065486791e-02 -4.3425920146e-02 -3.9540008473e-02 -6.1428583995e-02 -6.9531636926e-03 1.2299176679e-02 3.5288249018e-02 6.7979711556e-02 -1.7180675438e-02 1.6785494459e-02 4.6068122973e-02 -2.4317698349e-02 -3.7403895342e-02 -6.8351992436e-02 1.2933510966e-01 -7.9476300755e-02 6.6966164656e-02 8.5682194246e-02 1.6018956796e-01 -7.3141342041e-03 -8.3232923887e-02 -7.4228943037e-02 7.4670947060e-02 1.4087379422e-02 -9.9359490459e-03 7.9618152622e-02
-5.1910510604e-02 1.8601055306e-01 9.8409424997e-03 4.9219232025e-02 -8.8829665061e-02 -2.0374581652e-01 -7.2529460850e-02 -7.4710126728e-02 -1.2551036530e-01 -3.9425480237e-01 -5.4096585498e-02 -4.7223887914e-02 -7.7148911324e-02 4.3668922151e-02 -1.8335854906e-02 -2.2733043460e-01 -7.3419158423e-02 -2.0733132555e-02 2.8762501832e-01 6.7978860326e-02 -4.2381629066e-02 -5.6047453596e-02 -1.7817678603e-01 3.0193956214e-02 -3.7722001331e-02 5.8175767814e-01 -2.9495966303e-02 -6.3157553127e-02 5.3637822515e-02 2.9103404446e-02 6.0579086582e-02 5.9665606253e-02 -2.5117561611e-02 1.1658135043e-01 7.4104977932e-02 -5.5291810672e-02 -1.6290093684e-01 1.0015529146e-01 -1.1746326349e-01 -7.6115509870e-02 -2.5656727867e-01 3.0492512102e-02 -2.3007256513e-02 -6.1865679687e-02 -1.7555701910e-01 1.0758063971e-01 1.1176443347e-02 5.9528349897e-01 1.5013527233e-01 -3.7279055543e-02 -3.6370085923e-02 -2.2318214703e-01 -1.9485961776e-01 -1.0158449663e-01 4.8372403615e-02 9.3255687155e-02 2.3183720507e-01 -9.6168207124e-02 -4.2294889117e-02 -1.0800752960e-01 1.1863766448e-03 -8.4818636812e-02 -1.0410856467e-01 -2.0872487906e-01 -5.0637083787e-02 -2.3650831962e-02 -1.9371163130e-04 -2.8901377912e-02 3.7871330889e-02 -1.3059901544e-01 -6.5102793325e-02 -1.0656838400e-01 -3.8637214488e-01 2.3385949123e-01 6.2835208326e-02 9.3623603638e-02 -7.9266969241e-03 -1.4000125743e-01 -6.4731790702e-02 -2.4126130825e-02 -9.9646673133e-02
3.2866134346e-02 -2.3863415663e-01 2.0011650836e-01 1.5397046268e-01 -1.0909844353e-02 4.6666909166e-02 -1.5521240733e-01 2.7879248542e-02 1.5998779083e-02 5.0613476077e-02 2.5434974443e-02 -1.0153421037e-01 1.1048053694e-01 -6.7842707371e-02 -1.0120598235e-01 8.2465542133e-02 6.4535094707e-03 1.7511839619e-02 -1.3623613550e-01 -1.7486017179e-02 7.7705599717e-02 -9.4616772541e-03 4.0197836388e-02 6.9147878769e-03 -5.8019578212e-02 -1.4382383677e-01 -3.6779483159e-02 9.3093802981e-02 -1.5264649567e-01 -1.0175696891e-02 -1.3942016754e-01 7.6058931384e-02 -2.7844993737e-02 -8.9650628597e-02 7.4489693323e-03 -8.7145018754e-02 3.9843433804e-02 8.9511578736e-02 9.6965392154e-02 1.1101789142e-01 2.1840876175e-01 4.8037797748e-02 4.2666861046e-02 1.9636928159e-02 6.8980420069e-02 -6.3790606129e-02 -1.1200203354e-01 -1.8076913052e-01 1.1268183075e-02 1.0284765825e-01 6.3254223387e-02 -2.1764761145e-02 1.3906235859e-01 -2.8233485844e-02 -3.5592077916e-02 -4.7519722407e-02 -3.9088767048e-02 1.2955839981e-01 6.1132817939e-02 5.2801263890e-02 -5.8472903982e-02 -9.3743014435e-03 -8.8263652261e-03 1.8042852324e-01 -1.0280218021e-02 1.4152867703e-02 -3.8320077648e-02 1.1606658626e-01 2.6774482948e-02 -5.5227501970e-02 2.1404318503e-01 1.5196688675e-01 -2.2453868570e-03 -1.7647019051e-01 -2.0234657010e-02 7.0939540420e-03 2.6728170435e-02 4.6776184193e-02 7.4018668549e-02 -1.5626733916e-01 -9.8882133567e-02
1.5769606152e-01 -1.8547847851e-01 3.5780163073e-01 1.4197677822e-01 1.9023367634e-01 -1.7145650675e-02 -1.5624066207e-01 1.4278696917e-02 -1.5334721734e-01 2.5788567098e-01 -4.1067854664e-02 6.8505132672e-02 3.5638465356e-02 -1.1602190519e-02 -6.5754585551e-02 3.4281520663e-03 7.2636110621e-02 4.2007105609e-03 -6.4786949394e-02 7.8635717190e-02 9.7463354769e-02 8.6876917883e-03 7.7857320665e-03 2.1493137493e-01 1.4607216326e-01 -2.9587010903e-01 1.0113124029e-01 -1.1013162304e-01 -1.2413069526e-01 -1.5982423650e-01 5.0912809719e-02 -5.3935829166e-02 1.5829486550e-01 1.2331827325e-01 9.6338285200e-02 -2.5948210757e-01 1.2102043340e-01 2.3165470716e-01 1.5555336914e-01 -2.4532616731e-02 1.9064904926e-01 -1.5050352433e-01 -1.0751436981e-01 8.7623998427e-02 -2.0662833738e-01 1.3685917711e-01 -3.0207809832e-03 -1.9207435400e-02 4.1417274570e-02 1.1153205350e-01 -8.7107067839e-02 -3.3532423842e-01 1.8878774069e-01 -8.1888036459e-02 -1.6337290200e-01 2.9205250249e-02 6.6997392079e-02 2.6488983098e-02 9.9543878972e-02 -9.8110313996e-02 -2.2547119469e-01 -7.1438763135e-02 -1.3005388630e-02 1.6008082077e-04 -1.0363955102e-01 -4.4678795139e-02 -4.8532301900e-03 1.3335947414e-01 1.4619348200e-01 -1.4963251386e-01 2.1433595333e-01 -2.0502842544e-01 -4.7734645638e-02 -3.9512308179e-01 1.6357011661e-01 9.4437911168e-02 -2.2208072580e-02 -7.1283540774e-02 4.6151623475e-02 -8.1515034214e-02 4.2679998128e-02
-1.0085661363e-01 1.0912332202e-02 -5.1173947049e-03 -1.8344912655e-01 3.2573874138e-01 4.4758122476e-03 1.3286273688e-01 -5.2152906838e-02 -1.1310959152e-01 2.4564193151e-01 1.1274521879e-02 -1.2346114560e-02 -3.6655367543e-01 -3.9830214517e-02 -3.8851939305e-02 2.2333235852e-02 7.8593169428e-02 9.6309638451e-03 -2.3126018648e-01 -9.8869343244e-02 -5.2616813313e-02 2.6377906980e-01 -2.8272388721e-02 -2.3335095780e-02 1.4680512601e-01 -1.3632425736e-01 1.8716662976e-01 -1.4013938507e-01 -2.2175496301e-01 -8.7439518916e-02 5.6356202037e-02 -1.2936850466e-01 1.9376670596e-01 1.1713862970e-01 4.7698683907e-02 8.9496327624e-02 -1.3502367290e-02 -2.1181888370e-01 -1.8284187307e-02 -5.8813113617e-02 2.2358197737e-01 5.1533084330e-02 -8.2422120220e-02 2.5275112488e-03 -1.2917230377e-01 8.4453098142e-02 -3.8683462651e-02 1.2183451478e-01 1.6253266553e-01 1.4069204281e-01 -1.7802676423e-01 -3.2291157844e-02 1.0101468678e-01 3.2449748512e-01 -9.8631608346e-02 1.9636334330e-02 4.2401487742e-02 -1.1168983324e-01 -1.8508965469e-02 -1.4119002102e-01 -7.9207640272e-03 -1.6745580242e-01 -9.7306385464e-02 -3.1986155712e-02 -1.7519307189e-01 3.5579630618e-02 3.0756130662e-02 8.6914322527e-03 8.2251106498e-02 -2.0061149248e-02 1.8840620140e-01 -1.1848016472e-01 9.5990966579e-02 4.0598882914e-03 -9.3535060730e-02 2.5689196096e-01 -1.9467470281e-01 -9.4906937675e-02 -1.4052657010e-01 7.1423154250e-02 5.3131612780e-02
2.5461819597e-02 8.8461849417e-02 -1.4390406303e-01 2.7869827860e-02 2.0053044638e-02 -9.9079220606e-02 4.5705132754e-02 1.0983726737e-02 -6.6839497116e-02 -6.9684186019e-02 -1.0630605507e-02 5.0422384918e-02 7.5902423972e-02 9.0166459714e-03 4.7059247463e-02 -4.7335413788e-03 5.7346256422e-02 -6.5766091652e-02 1.0592023627e-01 9.9516005346e-02 -6.6925835960e-02 -3.7912648427e-02 -5.2873749631e-02 -9.6615142714e-02 -4.2249347797e-02 2.0462194287e-01 -1.0175015374e-01 -6.4710013365e-02 -4.2176052245e-02 -1.1587221195e-01 1.0715817280e-01 4.5356856504e-02 8.1212658928e-02 1.2793625379e-02 6.1079453780e-02 5.1964512395e-02 6.4584817391e-02 -7.6064151192e-02 -7.9345141735e-04 -1.5411235364e-01 7.6924239228e-03 2.1938544667e-02 -3.6004378300e-02 -9.0209105834e-03 -3.0467364297e-03 1.3543212241e-01 -5.0783844349e-02 1.9896421662e-01 4.5555374470e-02 -6.3165000654e-04 -1.7881763856e-02 -2.2300500732e-01 -1.1706873907e-01 -5.6615608259e-02 -1.2857605103e-01 -5.3922480762e-02 1.8768896326e-02 1.3939546366e-02 -4.5119014528e-02 2.3929844131e-02 4.8849387475e-02 -8.1026747529e-02 8.6299392502e-02 -8.0830854050e-02 -1.0831863245e-01 -4.5368203735e-02 -2.6298782307e-02 -7.4882630544e-02 -5.3920140780e-02 2.6271364944e-02 1.9678110663e-03 -1.0188493959e-01 1.0502093565e-01 1.1467176720e-01 -4.6452382713e-02 1.1592591811e-01 3.6118493199e-02 -6.5247352456e-02 1.2716378505e-02 9.1190677378e-02 5.3605070931e-02
3.6804956063e-02 2.6421405084e-03 -5.4719434648e-02 -2.6302364169e-02 -1.4089920115e-02 1.8814964767e-02 -3.0536738197e-02 -1.3067521952e-01 4.0897701727e-02 -4.3167792429e-02 9.0324767593e-03 -2.4506516919e-02 -1.1345825077e-02 -1.9196501328e-02 2.0828830066e-02 6.9305705708e-03 8.0485019539e-03 -3.9684464768e-02 5.4556771016e-02 -8.5408340382e-03 1.1456251461e-02 1.6130019143e-02 -2.7330871714e-02 -3.1554149887e-02 4.8156094527e-02 3.8132019583e-02 9.5856770850e-03 6.1425159724e-02 7.1291214438e-02 2.5577563115e-03 7.4638456036e-02 -1.1099492059e-02 -5.1961040166e-02 5.5156221412e-02 -2.5781843543e-02 -1.7788582910e-02 -2.5782746893e-03 1.8727632157e-02 -7.2309820741e-02 2.5696832353e-02 3.0816610363e-02 5.0736438773e-02 -3.5368519580e-02 1.3952392459e-02 -2.0718381067e-02 2.4528655479e-03 -1.2978926118e-02 2.3669198278e-02 1.2673183469e-02 -1.6428371559e-04 -1.6029854689e-02 -9.9117338819e-02 -1.1667152710e-01 4.1924098373e-03 1.0494718460e-02 8.9931728186e-02 2.6464034116e-02 -3.9522921887e-02 -4.0327137615e-02 7.0608892456e-02 -4.1660682346e-03 4.0683154757e-02 -6.5850699625e-02 1.0798736600e-01 8.8763089814e-02 -3.5865551887e-03 -4.6026738617e-02 -4.1971722746e-02 -1.2852594298e-03 7.4004193364e-02 1.9299346016e-02 4.8959278461e-02 8.0211560428e-02 7.5891025112e-02 -3.2470621841e-02 2.7090344892e-02 -5.5804790711e-02 5.7328632367e-03 6.5394937646e-02 -2.7051002018e-04 9.9869138466e-02
4.9876967677e-02 8.9829245259e-02 -3.3773393449e-02 -1.1747102729e-01 -2.5911106699e-02 -7.2706147787e-02 8.5309810294e-02 -1.3478385111e-02 2.1261238426e-02 -7.0462093191e-02 2.6588195213e-02 -2.7204742190e-02 -3.4233004747e-02 1.6089909564e-03 -5.3429349592e-02 4.8467324143e-02 1.9306235990e-02 -1.9635754529e-02 1.0253247140e-02 -2.8516290114e-02 1.0053225698e-03 -4.5220804249e-02 1.2090604841e-01 3.7891165908e-03 -4.2179014341e-02 6.4078751240e-02 7.3981976719e-02 -4.0898773239e-02 1.1139301129e-01 -5.0065164100e-03 -2.4365816726e-02 1.5551169219e-02 -2.8104978839e-02 4.1374036456e-02 -1.0002410753e-01 1.6396007474e-03 1.5869287664e-02 -3.4477686750e-02 -1.0950527174e-02 -1.1734138143e-01 3.2519319147e-02 8.5437278403e-02 -1.0334195855e-01 2.9452227131e-02 -5.9501882366e-02 -6.5486912507e-02 -2.0245675404e-02 1.1874369056e-01 -4.0284494074e-02 4.0237665414e-02 4.9454479657e-02 6.2761597481e-02 -6.7590517144e-02 9.0522395585e-02 -1.0479918423e-02 9.7049667578e-02 4.8235501552e-02 -7.6142361194e-03 -8.9659212718e-02 6.6254308201e-03 1.7278278731e-03 -2.3862181257e-02 -2.8968915880e-02 -7.7310649013e-02 2.0506366713e-02 4.9263740879e-02 -6.3252117796e-02 5.8529199344e-03 1.0553141385e-01 4.5822867715e-02 -4.0105822459e-02 -8.5891783976e-02 1.0837801486e-01 6.8888430603e-02 -3.5096009586e-02 -3.2777250852e-02 -7.9658814658e-03 6.2220070889e-02 2.4622256785e-02 -5.2114603814e-02 -1.7729866510e-03
2.4181319859e-02 4.9743805256e-02 -3.1875467955e-01 -2.9318368733e-02 -2.1760720767e-01 -2.5898820176e-02 -3.5328483236e-03 -1.0363662074e-01 9.9653642542e-02 7.3033832930e-02 7.1206548274e-02 4.5834760590e-02 2.9357860655e-01 6.7387908196e-02 9.7770135115e-02 -1.5291921507e-01 9.8888535861e-02 -1.3502167389e-01 1.5292048500e-01 5.1372610884e-02 -3.0387646430e-01 -3.1003204003e-02 -4.8827930096e-02 -1.9586410701e-01 -1.0681479133e-01 1.7351869726e-01 5.5830189624e-02 -2.7590294412e-01 1.5244859557e-01 -1.0112080994e-01 7.5253549175e-02 -7.8898902687e-03 -1.8090489581e-02 -3.5378696128e-02 -7.9933602971e-02 2.0984438867e-01 1.3369094858e-01 -1.1056729542e-01 -1.0381979653e-03 -1.6819265947e-01 1.2281668272e-01 3.9332824612e-03 -3.2571876495e-02 1.0572813818e-01 -1.0655165367e-02 -4.6704788144e-02 -2.7422443805e-02 1.1763044365e-01 5.1223266916e-03 -1.1835723892e-02 2.8058998957e-02 -2.9509320881e-01 -3.1310852583e-01 -2.0693014659e-01 1.6740059691e-02 1.3169871697e-02 1.2400904049e-01 -2.1876452945e-02 -9.2165730146e-02 -3.1904759573e-02 5.7877632977e-03 2.2682649585e-03 1.2031150691e-01 1.1623874386e-01 3.7256829965e-02 -6.7685235813e-02 -5.5579622669e-02 1.1197495187e-02 4.5204654054e-02 2.9672036877e-02 -2.4743129599e-01 -2.0869763548e-01 2.3824732798e-01 -3.6766084477e-02 -4.4222386641e-02 2.4884278665e-02 5.6275779563e-02 1.6907020518e-01 -9.7578513002e-02 1.2544272781e-01 1.2563687027e-01
5.0199366548e-02 -1.1432224218e-01 1.4169277539e-02 7.8824986408e-02 2.5934358293e-02 4.4602305485e-02 -1.2334247908e-01 1.0569236830e-01 -1.0947079809e-01 1.0110217722e-01 4.0766446088e-03 2.5255347726e-02 1.3010157322e-01 -6.1769634056e-02 -6.0238999411e-02 -6.7736472780e-02 4.5739153063e-02 2.9254708910e-02 -1.0470267731e-02 -3.2163846944e-02 2.3189645029e-02 -3.2008097244e-02 5.6692718395e-02 4.9704712389e-02 4.2338609763e-02 -7.1426285194e-02 3.3956338570e-02 -1.3160028720e-02 -1.0522711648e-01 -1.2491714057e-01 -6.4329392101e-02 -4.5328554323e-02 7.5103268602e-02 5.0995164460e-02 5.0612839570e-02 2.6281323784e-02 1.2026301739e-01 -1.8200234681e-02 -1.8646533684e-02 1.1976108102e-01 7.9411300430e-02 5.2347683798e-02 4.9348953671e-02 -6.9397939680e-02 3.5134230882e-02 2.3726359440e-02 1.2058964401e-02 -6.7053782247e-02 -1.6566973773e-03 1.2324218053e-01 -6.9703197373e-02 -1.4173098632e-01 8.6483278501e-02 -9.4541389917e-02 -5.0346265408e-02 -2.1736525416e-02 4.8478665550e-02 9.7433152445e-02 5.3947559037e-02 -3.9003489404e-02 -4.1194021453e-02 1.2146973923e-01 -2.4055384129e-02 1.4637015482e-02 -5.0033356779e-03 1.8895378354e-02 -3.4303350351e-02 1.4488455273e-01 1.6775044885e-02 -3.3388670863e-02 1.2252258137e-01 -2.3678171684e-01 -1.5026351942e-01 -8.9773733272e-02 -2.6983903697e-02 -8.7685074337e-03 -5.7848006271e-02 2.6171101943e-02 -5.0907667289e-03 -6.9578300285e-02 -3.6534642880e-02
-2.2835434726e-01 -7.5902871243e-02 5.7089913902e-03 -1.1463669832e-02 2.2897767083e-02 -2.0561489139e-01 1.5092297216e-02 -3.2048486152e-02 -2.4172124791e-01 -3.2909432309e-01 -2.4764656819e-03 3.6587456020e-02 -6.0387571050e-03 6.2435723466e-02 3.4275822123e-02 -4.1109593194e-02 -3.7722305425e-02 -3.5297863272e-02 6.4053663306e-02 2.3929115745e-01 2.3271347050e-01 8.0349443924e-02 -4.2292955778e-02 -5.7686832677e-04 1.8135056269e-01 4.1354431884e-01 1.3155645934e-03 -5.0823695316e-02 -8.3457902900e-02 -1.1162176361e-01 -3.1886824700e-02 6.5386708917e-02 -5.1060827729e-02 -3.5399776782e-02 1.1157728018e-02 -5.6912580239e-02 -1.1539045639e-01 8.2511841310e-03 -1.7659587754e-01 -8.1682319412e-02 -2.7420772995e-01 -2.2743774989e-03 -9.9475175190e-02 -3.2921196434e-02 -6.5827409777e-02 1.1822268361e-02 6.8728056787e-02 1.2726403060e-01 5.7500579105e-02 5.2295197927e-03 -2.3694151731e-02 -1.9974670341e-01 1.7527671194e-01 1.7517034164e-01 4.5364158682e-02 -3.3400323471e-01 3.1864333819e-02 -1.4638523885e-01 1.0828126889e-01 5.0887338242e-03 2.7861462888e-02 6.0483899353e-02 9.3863216892e-02 -1.5021861395e-01 -1.4184875092e-01 1.3235423236e-01 1.5505128749e-01 -1.6107734315e-01 -1.2035348037e-01 -1.4399325519e-01 8.3340906787e-02 -7.3252341753e-02 1.8168582755e-02 8.3146918461e-02 8.6108614965e-02 5.3675311725e-02 3.1458015815e-02 -1.5502517341e-01 -3.5235309969e-02 3.2851952294e-02 2.0773689255e-01
1.0846063228e-02 8.6538816431e-02 1.3267602786e-01 6.0187022090e-02 -1.5453574625e-01 2.6825838837e-02 -2.2271782157e-02 1.5787051248e-01 1.4080329588e-01 7.4591549496e-02 -6.4768498045e-02 9.0852449271e-02 4.2692401770e-01 4.9971856099e-02 -4.9922323790e-02 1.5359387469e-02 6.7949500709e-02 4.3863351528e-02 2.2630882505e-01 6.5927339884e-02 -2.1596140504e-02 -2.1092566244e-01 1.2104166372e-01 -1.3808561179e-01 1.1681954012e-01 -7.1467642316e-02 1.1108834617e-01 8.6400692007e-02 1.7462192248e-01 -4.3486707894e-02 1.2089518791e-02 2.8531575423e-02 -1.1541061213e-01 3.5226054453e-02 2.9637127956e-02 -1.0327585227e-01 2.1144272726e-01 1.0350408226e-01 5.1895279945e-02 4.9081576405e-02 -3.0597197941e-02 -1.7357386025e-01 -1.3117896665e-02 -1.8706835278e-02 4.1334462690e-02 -1.7680189267e-01 5.0018008461e-02 -8.2028618967e-02 -1.4088646178e-01 -1.0094558713e-01 5.6023144741e-02 -8.5270845379e-02 -1.3265525238e-01 -1.7772558483e-01 4.9878994593e-02 1.8993504116e-02 -4.8600840447e-02 7.8517347800e-02 1.0077133647e-01 3.2104384075e-03 -2.2417457215e-02 1.0412790873e-01 -7.2603461480e-02 5.2470902692e-02 -6.0786148936e-02 -5.0998420916e-02 4.4515491230e-02 -8.5843999517e-04 -5.6229063409e-02 -3.5688423468e-02 -1.7655232129e-01 -1.8976216569e-02 -2.5323120193e-02 -9.7266297974e-02 8.2725677368e-02 4.8783035470e-02 1.3772515098e-01 -1.9667424811e-02 5.6537372565e-02 6.9974743198e-02 6.1378831985e-02
2.2580893574e-02 1.1202231454e-01 3.9484091863e-02 -1.5582913737e-02 -1.4301128833e-01 1.5734191630e-01 -2.4780133838e-02 1.9045793474e-01 2.4688649783e-01 -3.9280851951e-02 2.1883023004e-02 -5.3353123928e-03 8.9596189988e-02 2.3451569054e-02 1.1648137107e-01 1.3552500739e-01 3.6243280497e-02 2.8081623574e-03 -7.8335765929e-02 1.3329058674e-02 -4.3351054071e-02 -9.6668377930e-02 1.0258408763e-01 -6.5203485463e-02 -4.1546388646e-02 -3.9243559181e-02 6.9941711913e-03 4.4130019441e-01 3.0248155138e-01 1.6395387050e-01 -4.6076384931e-02 5.0354979086e-02 -2.9420803655e-01 -7.3103798888e-02 -9.4422531158e-02 1.4626138970e-02 8.0853847411e-02 1.2635600916e-02 6.1954739700e-02 2.2280087813e-01 -7.9856317692e-02 -6.6726035472e-02 8.6409268333e-02 -4.1848601339e-02 7.5784283941e-02 -3.7992491040e-01 1.3874236173e-02 -1.2384415542e-01 -9.5642024897e-02 -9.9780295268e-02 5.8454018036e-02 2.6702520571e-01 -4.9159775558e-02 -1.2266834419e-01 1.5233774637e-02 -5.8577787425e-03 -9.5303704646e-02 9.7017353969e-02 6.5312380988e-02 1.0098802263e-01 1.0740762842e-01 7.1865497330e-02 3.0715042333e-02 1.6481863604e-01 1.6063009231e-01 -4.7945805408e-02 2.3224547616e-02 -2.5638554967e-02 -1.4232471138e-01 1.7045621417e-01 -1.9935978341e-01 3.1084913957e-01 -1.5841577208e-01 2.2723490546e-02 -2.6899649685e-02 -1.0200744999e-01 9.3829127170e-02 2.0624542261e-01 1.6671750082e-02 -8.5149957236e-02 -1.7487358536e-01
-4.9661134163e-02 -1.1783896652e-01 8.2703764696e-02 8.9916061003e-04 6.8296830365e-02 7.5672271175e-02 -1.2548571816e-01 -2.7201704452e-02 7.3336584090e-02 1.0788007311e-01 1.0057428666e-01 1.6576235867e-02 1.7127087626e-03 9.6992825131e-02 -1.8378022353e-02 5.7664686703e-02 1.4257475743e-01 -2.1499149548e-02 -1.1327295457e-02 -6.2584123367e-02 1.3522350670e-01 -4.4191848039e-02 -7.3654113946e-03 1.0435436752e-01 -9.4574731229e-03 -2.0696524577e-01 -3.1031789862e-02 -1.3303781260e-01 5.6320479301e-02 -2.7684033113e-02 7.7007494182e-02 3.7864539710e-02 4.3546449960e-02 -7.5717624568e-02 4.8698451592e-02 -4.9373037155e-02 8.2753672968e-02 1.4359824741e-01 1.6412020287e-01 -1.6386826335e-02 -2.8873209708e-02 -2.5248497848e-02 9.4229380121e-04 -3.5012457096e-03 -2.4509677355e-02 -4.9872774301e-02 -9.9220428322e-02 -1.0483059947e-01 -3.2749271614e-03 2.0264374335e-02 4.1949711645e-02 4.1994657274e-02 2.9106672025e-02 1.2506676348e-03 3.7755706365e-03 -9.7072762269e-02 9.6708022853e-02 -1.0549695358e-01 -7.1492623755e-02 1.0948177096e-01 -1.4471409592e-01 1.1113286524e-01 9.6167508679e-02 2.6488100715e-02 -2.9635346645e-02 -1.9622260008e-02 2.8845216034e-02 8.1519849431e-02 2.2163617805e-03 -1.5341414471e-01 1.4501176710e-01 3.3044059619e-02 1.8154300367e-02 -3.2051114421e-01 4.0017322603e-02 5.7175932184e-02 7.0598723440e-02 -7.6938012981e-02 -2.5470969688e-03 -4.5042697904e-02 8.1218091967e-02
-7.0507481948e-02 3.9741760335e-01 1.4397627276e-01 -1.9447371028e-01 1.4506574817e-01 -1.0732562824e-01 1.7598172295e-01 -1.2354522027e-01 5.2023404347e-02 2.4378343748e-01 -4.2496549204e-01 -1.1147362470e-02 -2.9950537951e-01 3.3325772881e-02 5.4006927122e-02 -2.6548993049e-02 -8.9904046020e-02 1.6349437134e-01 7.8976148086e-02 -4.7508742014e-01 -3.2092072688e-01 -8.0847207899e-02 -3.4520144192e-02 4.2197362734e-01 -1.2562743572e-01 -2.3093458625e-01 1.7812119086e-01 -1.3697229403e-01 3.8431320336e-01 9.3442608038e-02 -4.4300306916e-02 -4.1437577454e-01 -3.3673114472e-02 1.4572029744e-01 3.3273677454e-02 7.5340734079e-02 8.2610400933e-02 -9.9451357565e-02 -5.8195075331e-02 9.6157164946e-02 -1.7884811662e-01 -1.1053208245e-01 6.5728107639e-02 -9.2216772153e-02 -4.0655314309e-02 1.0670462462e-01 8.2151706687e-02 1.7782565542e-01 2.1360511754e-01 -1.5392170680e-01 -1.0881106084e-02 1.5756650384e-04 -2.9197511779e-01 -1.0016715059e-02 9.5445411363e-03 3.1157772588e-01 -4.8814683133e-02 -3.9422396008e-01 -2.3279183474e-01 -3.8847894683e-02 -6.6329379200e-02 -2.4521513751e-02 -3.9220525665e-01 -3.5315508915e-02 4.0091272252e-02 4.6450170299e-01 2.3783468749e-01 -1.3377967321e-01 2.8102681837e-02 9.8926363844e-02 -2.1513832222e-01 -2.3522210570e-01 -5.1947586964e-01 1.6576447234e-01 8.4102732879e-03 3.4040231420e-02 -4.3881930423e-02 -6.0170359966e-02 1.2834641859e-01 6.0454898600e-02 -6.6247279650e-02
2.9303636127e-02 4.6825024105e-02 1.3808299307e-01 2.4079143414e-02 3.9117681401e-02 -3.2734825885e-02 1.9527571065e-02 1.2146329116e-01 -1.9129177775e-01 -2.2475689699e-01 -4.9950982992e-02 7.3982496258e-02 -9.8420511316e-03 3.8585773527e-02 -2.2870948525e-02 7.5033823678e-03 -1.4496465926e-01 -2.2689058685e-02 1.4349900243e-02 6.4950955228e-02 1.1472060756e-01 -9.1299283142e-03 -1.1609282632e-02 -5.2916443198e-02 -3.1735208524e-02 8.5423737596e-02 -1.1749775669e-02 2.1213392813e-01 7.2122307049e-02 1.5926204287e-01 -8.6160594819e-02 1.0176554396e-01 -2.3611392112e-01 -6.6427888414e-02 -2.3618192057e-02 -4.6533978134e-02 -1.8411514905e-01 5.6482345527e-02 1.3564288523e-02 8.4689040289e-02 -1.7641413126e-02 9.7082783877e-03 6.8763375970e-02 -1.1327585185e-01 5.4816148797e-02 -5.5084503138e-02 5.0958543356e-02 -2.1364342636e-01 -3.7646510375e-02 1.7839869149e-02 3.7809106669e-02 7.4139987927e-02 6.7590111430e-02 2.5325580171e-03 5.4729128166e-02 -1.6725124742e-02 2.1941473860e-02 1.6653089866e-02 3.3400062282e-02 5.3431894164e-02 7.7417153769e-02 3.1956950330e-03 -4.0877560511e-02 -7.1321608646e-02 1.2900055421e-01 -7.8777533722e-02 -9.7509803034e-02 -3.0404452394e-02 -3.2208946972e-02 -2.7757957042e-02 -6.4257320727e-02 -2.9032741059e-02 -2.0065841342e-01 1.1302204512e-01 6.7470743656e-02 -1.7445701451e-01 1.2600738489e-01 1.7291404186e-02 6.6657058230e-03 -7.5809251378e-02 -6.0279628497e-02
-3.9387338764e-02 3.8439992028e-02 -5.8403004527e-02 -2.9816912941e-02 3.8942001320e-02 -2.2827668927e-02 1.2723678602e-02 1.0842454789e-01 9.4670191105e-02 -4.5624489843e-02 -1.0801080888e-01 -7.4096749427e-02 -1.9609288355e-02 5.4782554701e-02 8.7134635360e-03 7.8306031760e-02 -7.3532257452e-02 9.0838049208e-02 -1.1733805589e-01 -3.1024649389e-02 5.8870558836e-03 4.0159965896e-03 7.0608061415e-02 -3.6903226273e-02 6.0390993767e-02 7.4351797167e-02 -1.0217801972e-02 3.0032745886e-01 1.0139110317e-01 1.0785764117e-01 -1.0339176086e-01 3.2668722779e-02 -7.2607030667e-02 -8.0190831103e-02 4.6119935833e-02 -2.2133817684e-02 -4.6464785392e-02 2.7586356184e-02 -7.3290171265e-02 2.3060451204e-02 -4.8296124099e-02 -2.0715237675e-02 -1.5427223176e-02 -3.3464367231e-02 1.2088565932e-02 -1.9865154466e-01 5.5993505828e-02 -2.3701728463e-01 -8.5161422533e-03 -1.3021134229e-02 7.9250818486e-02 1.8650572988e-01 1.1536691899e-01 9.8326655164e-02 5.7316008230e-02 -1.2604290704e-02 -2.2500985389e-02 6.3361635977e-03 1.2003098155e-01 5.1923568416e-02 2.0841535114e-02 5.7669898635e-02 -6.4552141560e-02 2.6445041662e-02 -3.3072526487e-02 9.1204932352e-02 3.9911256776e-02 -9.3745162382e-02 -3.2840944659e-02 2.1607465291e-04 -1.8216957765e-01 9.8548048112e-02 -1.1426048691e-01 6.5184840583e-02 4.3598737991e-02 2.1633029484e-02 1.5159803403e-02 1.3725754547e-01 6.8005966326e-02 -1.1321171294e-01 4.6383601201e-02
2.7089040704e-02 2.0763050115e-01 2.3574593720e-02 -4.3586827981e-02 4.8177188519e-02 -1.6569320211e-01 1.9802232517e-01 5.7020340223e-02 -5.5686863360e-01 -1.7462072563e-01 -1.8537037533e-01 6.5512370824e-01 3.0538403481e-01 -6.2971225552e-02 1.8754703925e-01 6.6278726820e-02 -1.5391816160e-01 -1.4745453478e-02 -1.3707989062e-01 -1.7151776277e-01 -1.4060232575e-01 -1.0726086668e-01 3.7822901029e-02 -1.1629924701e-01 6.7085179017e-01 -4.5303140052e-01 1.9923040433e-01 2.0968734525e-01 1.3156601809e-01 -2.0781383434e-01 -3.7300760981e-02 -2.7782514911e-01 -1.3942929017e-01 3.0807941837e-02 1.3848312758e-01 -1.2148642979e-01 4.2970096104e-01 -4.9620672579e-02 -1.1353623140e-01 3.9335822369e-02 3.9172762518e-01 -5.4511629656e-02 -1.0596307045e-01 7.6412665848e-03 -3.0128569521e-03 -4.4449114929e-02 3.2138819131e-01 2.9968269776e-01 3.5196190659e-02 -1.7534020804e-03 -7.8867743631e-02 -3.0856075596e-01 3.7112363020e-02 -2.7645926808e-03 -2.1259996068e-01 -1.8248334165e-01 -3.9836168545e-02 4.8278532883e-02 4.5024620197e-01 -1.1876833594e-01 3.1459901529e-01 4.6918391191e-02 -2.7808185864e-01 -1.2990222112e-01 9.6225953808e-02 -1.7909862609e-02 -1.1842066102e-02 -2.1260808053e-01 -2.0286876008e-02 1.3333124969e-01 -8.5756568495e-02 -4.1582341214e-01 1.0684725803e-02 5.7831187150e-02 -5.9356404734e-02 9.4373065098e-02 1.2359468111e-02 -6.6420086243e-02 -4.0578291425e-02 2.9456194580e-01 1.7713750982e-01
-8.9249916671e-02 1.0847580848e-01 -8.5402102252e-02 -1.5203373178e-01 -8.5149102856e-02 1.3785486133e-01 1.6065393796e-01 9.4884708604e-02 9.9027665226e-02 -9.9661733248e-02 4.0507208285e-02 4.4138786007e-02 5.4305366681e-02 -6.3919439238e-03 1.2745151036e-01 4.6115216383e-02 -4.4420256366e-02 2.0970730907e-02 -2.3434222785e-01 1.8731982009e-02 -4.7838708085e-02 -8.9624121311e-02 1.1881485276e-01 -9.9388461017e-02 7.7864473266e-03 5.5081695543e-02 -6.8226504920e-02 1.9031529350e-01 1.1856440479e-02 1.6397127540e-01 -1.6385469790e-01 2.2916428538e-02 -1.5355013800e-01 -1.3812697786e-01 -1.8357282388e-01 1.3712314789e-01 -2.4251439569e-02 -2.0882160766e-02 -6.3888616780e-02 -6.6506628712e-02 9.6486397525e-02 7.7963009427e-02 1.2018999957e-01 -7.1147680392e-02 1.6405464942e-01 -1.2646111126e-01 1.0306179893e-01 -1.4232335397e-01 -5.4295289538e-02 -2.6599845148e-02 9.6212063900e-02 2.4258743051e-01 4.9071607879e-02 5.3081525538e-03 6.0955231330e-03 8.2598311986e-03 -1.3201974000e-01 1.6769641773e-01 1.4568861802e-02 1.2675408406e-01 1.2706525013e-01 1.0674313829e-01 -9.4309791001e-02 5.7243640943e-02 1.2692419142e-01 1.1139593072e-02 -4.6281527091e-02 -2.2604076398e-02 -1.0851682449e-01 2.1815056785e-01 -1.2276447301e-01 1.7158456487e-01 1.8012218891e-01 2.1497774457e-02 -1.0832367815e-01 -4.9644110450e-02 8.7197505711e-02 6.0482305927e-02 -5.0777424359e-02 8.3264447524e-02 -3.7368098190e-02
-8.1358962667e-02 -2.1453974794e-01 5.7429407885e-01 1.0187912030e-01 -1.0566406994e-01 3.8912324205e-02 -1.7770469851e-01 -5.2619203704e-02 5.4849275888e-01 4.4235625312e-01 -3.5458739882e-01 -9.2324161334e-02 3.9595367171e-01 2.8087529683e-01 -1.8438731094e-01 -9.4129829644e-02 1.0208359731e-01 1.6693163617e-01 2.1164495913e-01 -2.7767977006e-01 -2.0113261240e-01 -1.7984520224e-01 -8.4996268234e-03 2.7580741151e-01 -1.9893166602e-01 -4.2834223495e-01 2.2475958531e-01 -1.5557510671e-01 5.3907812999e-01 -3.7144117367e-02 -3.3443965748e-02 -8.5725012687e-02 -3.2089082737e-02 5.6952271575e-02 -4.7330406363e-02 -1.5814141242e-02 4.7999135583e-01 1.3934098704e-01 4.2418584371e-01 2.8780348746e-01 -2.4032121527e-02 -3.7650972954e-01 5.2943388129e-02 -4.2405817833e-02 1.2508227115e-02 -1.6467636046e-01 -1.1215914605e-01 -9.8457657844e-02 -1.0365498930e-01 -8.2667311940e-02 1.9977174235e-02 -2.8127650176e-01 -8.7946205761e-02 -2.6450583145e-01 2.1003046550e-03 1.0492831989e-01 5.0528703889e-02 -9.4155758477e-02 -3.7032530491e-01 -1.9309973817e-01 -4.5889843481e-01 1.6980423383e-01 -6.0161568146e-02 4.9816123176e-01 3.0807338556e-02 2.0145502919e-01 1.2571008730e-01 -6.9615999157e-02 1.5428539458e-02 -1.4191163554e-01 -2.0387489992e-01 -8.2146637358e-02 -2.9977022197e-01 -4.5444439739e-01 3.3244277876e-01 3.5648003660e-02 8.1135322658e-02 5.1593483817e-02 3.2843921688e-01 -1.4607383321e-01 6.7192342526e-02
1.4000079465e-02 -1.1697465006e-01 7.3354626247e-02 1.7160084961e-01 8.6871595925e-02 2.4073083180e-02 -2.0323291590e-01 -1.2541079473e-01 -1.0151246668e-01 -9.2916656317e-03 1.8565398745e-02 -1.4321064237e-01 -8.6033432168e-02 -1.6373677521e-01 -1.5986972225e-01 -7.5306008277e-02 8.5488530677e-02 -1.5277100223e-01 4.7363655829e-02 9.8687568326e-02 1.0469794550e-02 2.0212932129e-01 -3.0810291719e-01 7.4780747827e-02 -1.2642097227e-01 2.2247684274e-01 4.9265653245e-02 -6.9640352932e-02 -2.3561167840e-01 -5.0569994425e-02 2.0565664041e-01 6.8232300083e-02 1.1049774641e-01 1.6604911083e-01 1.1121798918e-01 -1.1195726683e-01 -1.2451376006e-01 4.6608420979e-02 5.5816686117e-02 -9.9603400657e-02 -4.2367868947e-03 -3.4036738488e-02 -1.4772861858e-01 2.7057595147e-01 -1.4619555611e-01 1.1668657212e-01 -1.5596773742e-01 4.0610776743e-02 5.2836458599e-02 1.8240614244e-01 -1.1946609298e-01 -1.6590050906e-01 9.6589481720e-02 -1.6448864042e-01 -7.6436455696e-02 5.5293553953e-02 1.6233626356e-01 4.2651592144e-02 -1.2201268226e-01 -7.6259755267e-02 -8.5033711584e-02 -2.7430622269e-01 1.2651996742e-01 -4.6526876526e-02 -9.7765208309e-02 -7.6705415931e-02 -1.4151533444e-01 8.1445845847e-02 1.9013090511e-01 -5.0352096529e-02 1.4133733534e-01 4.2806104166e-02 -3.5910683502e-02 -7.6498361825e-02 1.0793218144e-01 6.2748654097e-02 -8.0884721755e-02 6.3214377633e-03 -8.1232651681e-02 -6.3976160018e-02 -1.7544014531e-01
3.8176096280e-02 -2.7321864438e-01 -3.8108010746e-02 1.9749634460e-01 -9.2383292266e-02 4.6495041899e-02 -2.4446881291e-01 8.6094334626e-02 -1.4944100770e-01 1.0548482085e-01 2.1447384937e-01 1.5168871606e-01 3.8935640306e-01 -5.4819024163e-03 7.3797383004e-03 4.5081414343e-02 9.4465564833e-02 -6.6980544322e-02 1.3187349163e-01 1.5557375579e-01 -2.4784364635e-02 1.7066009048e-02 -5.4051072764e-02 -2.3836731662e-01 4.5251734711e-02 -9.2554902621e-02 1.8075045261e-02 -1.8968023853e-03 -1.0633487993e-01 -1.2286764805e-01 8.6963565781e-02 1.9246419042e-01 1.1802057918e-01 5.3436130512e-02 -9.1104826790e-02 -4.3622263247e-02 2.2287227242e-01 3.4334335113e-02 2.5024811425e-01 -5.1577395727e-02 1.4041604003e-01 5.9732449450e-03 2.0846984438e-02 1.4271397824e-01 -7.8431009516e-03 -3.5810145108e-02 -2.2219772467e-02 5.4451386987e-04 -1.6663324831e-01 9.0861180964e-02 -6.2989372831e-02 -2.8600032572e-01 -1.5008051596e-01 -1.9905336705e-01 8.4675009249e-02 -2.2397926671e-01 -5.7196800726e-02 1.8192246766e-01 7.3583428847e-02 1.2226465401e-02 -1.3029683541e-02 6.1461263474e-03 2.8162212484e-01 1.8468095146e-01 9.9550922714e-03 -3.0119216235e-01 -1.6421707209e-01 1.2460334057e-01 -8.6316430427e-02 -1.1480800300e-01 1.0557768757e-01 -7.6868103688e-03 3.0897233944e-01 -2.5641465920e-01 -1.2512063461e-01 -7.2145432783e-02 7.8751323021e-02 2.1076708672e-02 -1.7662075084e-02 6.0575737829e-02 3.0025381737e-02
-4.2098452376e-02 -6.8087369297e-02 5.5579924379e-02 1.3897037264e-01 3.9721704199e-02 -1.2299045088e-01 -4.7600969629e-03 -6.3914882396e-02 -1.0399941985e-01 -9.8414912565e-02 -1.1758987425e-01 4.7833373278e-02 2.7879634378e-01 1.0469275707e-01 -9.9386967134e-02 -9.2526580130e-02 7.4275487377e-02 -3.2202863525e-02 6.0234392413e-02 1.5222171161e-02 2.9349724518e-02 3.8868232031e-02 -1.2565113719e-01 -9.5604545348e-03 1.3565079401e-01 -3.6552591336e-03 3.0112296502e-01 1.2931993180e-02 -1.4544937769e-01 -1.2474907517e-01 8.6237705546e-02 -1.5137157200e-01 4.3509431670e-02 2.4157833579e-01 2.1762747682e-01 -1.0657147148e-01 1.9762555060e-01 4.7423560896e-04 -1.1810794876e-01 -9.5758041000e-03 4.5707436911e-02 -1.2374779768e-01 -2.0048759026e-01 3.1242721663e-02 -7.2612536827e-02 1.0354999257e-01 1.0090789108e-01 1.6595558355e-01 7.9916559267e-02 1.0778193736e-01 -1.2491823871e-01 -2.4182229711e-01 1.9233777357e-01 -6.6708058441e-02 -1.2723928927e-01 -1.1793774102e-01 1.4894226492e-01 -2.5149425991e-02 3.2551640285e-02 -1.9193680068e-01 -5.2678040983e-02 5.6221208490e-03 -1.8694668167e-02 -1.2323381545e-01 -1.6011605540e-01 -1.5566341508e-02 9.7327007725e-02 -2.4004788074e-01 5.7228633724e-02 -1.2759957187e-01 6.8030438695e-02 -1.7313402706e-01 8.0496953366e-02 1.9844837418e-02 7.5837124503e-02 1.9668867006e-01 -4.6420133785e-02 -4.9343622715e-02 3.2294381499e-03 6.8001132362e-02 2.0649042393e-01
-2.0940071856e-02 4.2803982482e-03 -3.7590645936e-03 6.0118027875e-03 -9.6559598457e-02 -4.3893690430e-02 -1.7572189978e-02 6.4499752632e-03 -5.0836816355e-02 2.3087777803e-02 5.0783792051e-02 3.6381167536e-02 -6.0950914472e-03 -6.8615313240e-03 4.3863209337e-02 1.6508116828e-02 -3.2518603616e-02 3.9021168214e-02 3.0424845883e-02 -1.3656993384e-02 -7.2935774199e-03 3.8999469161e-02 2.7932521447e-02 -1.0653004526e-02 4.6110527892e-02 -2.7608355176e-02 -3.5649149294e-03 -5.6321216554e-02 -4.8505708845e-02 -4.5980751247e-02 6.1111495709e-02 6.4445004009e-02 3.2063105246e-03 5.2630187092e-02 3.5845886909e-02 4.8927542783e-02 6.2943532694e-02 -2.1678707830e-02 3.0035543611e-02 1.1461525672e-01 -2.5467993062e-03 -1.1776252533e-02 7.0836051671e-02 -5.2891094245e-02 1.3408190198e-02 -1.8876640777e-02 -3.4701585705e-02 -4.1640771720e-02 4.7993713856e-02 2.4319866007e-03 -3.7136924112e-02 -5.1361382219e-02 5.0644018221e-02 7.5193648343e-02 9.1982847857e-02 2.5135129602e-03 1.2825536177e-01 1.9610175573e-02 -4.9105281317e-02 3.8127291863e-02 -3.6479871054e-02 1.0969872123e-02 -5.0442353519e-02 -3.8495239921e-02 1.6964097614e-02 -2.7182484178e-02 -4.4787091430e-02 4.8819061257e-02 -3.1594644097e-02 -2.1598996270e-02 4.3635192216e-04 -1.1021371257e-01 -5.8446817430e-02 2.7227162702e-02 -9.2409698284e-02 -3.9583179527e-02 4.2951358533e-02 1.6724422968e-02 6.8818160474e-02 -7.4859161464e-02 -9.2611184938e-02
-1.3672821436e-01 -4.8029698087e-02 4.2340082862e-02 -1.6197893258e-01 -9.3186269710e-02 -1.5249284118e-02 1.1787703035e-01 -1.4171263255e-01 2.8504086263e-01 -3.0251215756e-01 -6.0602875904e-02 -2.7798537468e-02 -4.2136739204e-02 1.0021903144e-01 3.0341617448e-02 3.7715681797e-02 -1.7342608237e-02 4.7004779082e-02 1.5558980100e-01 8.9625982047e-02 9.3398190639e-02 4.3088042273e-02 -1.0029662178e-01 -1.0783838975e-01 -2.3120480463e-01 4.1505769793e-01 2.4558397025e-04 1.1533400133e-01 1.4580816847e-01 1.1869577540e-01 7.4440500500e-02 2.0198913730e-01 -2.1220327282e-02 -5.9177776589e-02 -1.4362089553e-01 5.6835677842e-02 -1.0519705912e-01 -8.1535046307e-03 -1.3090441317e-01 -5.1812597937e-02 -4.8861218685e-01 -1.0599048310e-01 -5.3944147608e-02 -6.1668769698e-02 1.2735523621e-01 -1.5925133642e-01 -7.2848769332e-02 5.1011859279e-02 -6.0180373421e-02 -7.8935016119e-02 5.3726219627e-02 1.1402242342e-01 -1.5201401702e-02 4.6513317575e-02 2.1087868023e-01 -1.1687420584e-01 1.9873777570e-02 -1.2537349640e-01 -2.1204296702e-01 3.2235462696e-02 -3.3997736882e-02 7.2392000103e-02 1.1186342164e-01 3.3912466066e-02 -2.8846359357e-02 1.1737561013e-01 1.0708173513e-01 -1.3494851339e-01 -7.6407821656e-02 -5.7392018405e-02 -1.1186334650e-01 1.1861240665e-01 6.8329792756e-02 1.8593715797e-01 6.3271665191e-03 9.0022062400e-03 9.0323317363e-02 -3.2577509251e-02 1.4072439110e-02 3.4386895212e-02 2.7604952280e-01
-5.3827697310e-02 4.6770401897e-03 -3.7387586069e-02 4.2105026360e-02 4.9962287367e-02 -8.2659227575e-02 -2.2705866381e-02 1.9039552426e-02 -5.2281983396e-02 1.8274220513e-02 -3.1141751944e-03 -3.1822820921e-02 -6.6395723376e-02 2.9859076697e-02 4.0960578723e-02 5.3335305823e-02 -2.2227311689e-02 -1.0090986410e-02 -1.7894965980e-02 1.5277034264e-02 1.5158130838e-02 4.2841274127e-02 -3.1669718556e-02 3.9440230887e-03 -2.8316212222e-03 -3.3517899941e-02 -2.6730055647e-02 -1.6276932399e-02 -8.5120673608e-02 -4.1774618418e-03 -3.7044194320e-02 -5.8880298132e-02 3.3204495867e-02 4.8514899037e-02 -1.6430340572e-02 3.7458544377e-02 -9.6238803040e-03 -6.4771910387e-03 -1.0418503647e-02 3.0095550232e-02 1.3788023954e-02 -6.8302156559e-02 4.8218509282e-02 -1.6098634316e-02 -5.3989934306e-02 2.1857952701e-02 5.6389481556e-02 -1.4689963716e-01 6.4785917657e-03 -2.5893762963e-02 -6.5300228664e-02 -2.0884653879e-03 3.6600673478e-03 -1.1643590773e-02 -7.6157870198e-03 5.3383026539e-02 -2.7287610177e-02 2.2325441140e-02 5.1773484010e-02 1.3167990285e-03 -5.4047173045e-03 -4.5678455980e-02 -4.1955123541e-02 -4.2817360312e-02 -3.7235713379e-02 -8.2212056991e-02 -7.7866547600e-03 -2.8211995224e-02 3.6776076123e-02 -4.4215486794e-02 5.4771810212e-02 -5.0083198013e-02 -4.3510142488e-02 -2.9798549883e-02 -3.3945963266e-02 -1.7442070438e-02 -4.3256199629e-03 5.4603842096e-02 -7.4206047460e-02 -3.2533088543e-02 -9.7695709584e-02
-3.1603592329e-02 -1.1388761953e-01 -3.2108240060e-02 7.2785214568e-02 2.2030053990e-02 4.4718023606e-05 -7.9801276447e-02 9.5564145109e-02 -1.1313423673e-01 -6.8287409731e-02 -1.0519700803e-02 -1.8654050588e-02 -2.5120746497e-02 -5.0689312074e-02 3.9028968510e-02 2.2540672586e-02 -1.1590355626e-01 8.7483989999e-02 -8.0237155383e-02 5.1239753523e-02 1.0635090963e-02 -6.0756652508e-02 -1.8260811549e-02 1.4956127996e-02 -3.3922352352e-02 -1.0506735669e-01 -4.0886754667e-02 6.0141004458e-02 3.8121208248e-02 -4.3528265305e-02 -2.9596480536e-02 2.1497503007e-02 -5.6568629667e-02 -4.0976016959e-02 1.4043895025e-02 -3.3319337154e-02 -7.9784999091e-02 4.6599898189e-02 -2.9958688440e-02 6.3946634032e-03 -3.2638282278e-02 2.0252360307e-02 2.1302455941e-02 -3.2475113396e-02 2.8825706408e-02 -5.4451109562e-02 3.9694877710e-02 -7.9048675184e-02 3.2892816737e-02 2.8210249584e-02 5.9646121446e-03 -1.0666080946e-02 9.0760470765e-02 -1.3580216976e-02 1.1124035950e-01 -1.1201384420e-03 -6.3060551624e-03 3.9008678030e-02 3.9767791785e-02 -2.5523481373e-02 -5.7098147046e-02 4.0955578669e-02 3.2108337934e-02 -2.6702923580e-02 -1.9225863152e-02 -4.9918404321e-02 -4.7293497980e-02 -8.9108888180e-03 -5.2517491601e-02 -3.6957600838e-03 -4.3838933146e-02 -6.1702603118e-02 -5.6351111636e-02 1.6155335847e-02 -3.3047306455e-02 -3.1381179703e-02 -2.1254309117e-02 -2.0433496929e-02 -1.6453254320e-02 -5.3948125343e-03 -6.2058397593e-02
-7.0781085738e-03 2.1671892819e-01 -9.7625757062e-02 -1.0524969210e-01 -8.4561419502e-02 1.8779313629e-01 8.2749494930e-02 1.3092357530e-01 8.3218216824e-02 8.6811871121e-02 -7.7809474128e-02 -6.0360458868e-02 -1.6438321768e-01 -4.8620462759e-02 1.5156402823e-01 -9.4582513898e-02 -4.8378793870e-02 8.8218438036e-02 2.3538717376e-02 -2.0433232008e-01 -1.8128384259e-01 -2.1735467003e-02 2.0692929846e-01 1.7733176711e-01 -1.3329152114e-01 -8.8055104319e-02 -3.2224651367e-01 -2.6506448867e-03 1.3101559271e-01 1.0080561446e-01 -1.2003022073e-01 -4.2770401399e-02 -5.3934548072e-02 -9.1275688310e-02 -1.0604670692e-01 1.1141569426e-01 -2.8562903267e-02 3.7378284233e-02 4.9384069681e-02 -3.9814592479e-02 9.5107707066e-02 6.4157428383e-02 3.3319854955e-01 -1.4453835107e-01 -3.9783542524e-03 -4.9792857779e-02 2.8852658639e-02 -7.8701654926e-02 5.8085317844e-02 -1.8326611495e-01 8.2815510497e-02 2.1726015061e-01 -2.8467811181e-01 -5.6897906929e-02 1.1292313432e-01 2.3246579534e-01 -3.1827896888e-01 -3.8351690196e-02 1.3864909649e-02 1.5193599094e-01 -1.3221885918e-02 -1.0663569518e-01 -1.1475041544e-01 4.0735547399e-03 1.5218501747e-01 5.0632978362e-02 -1.0109443431e-02 1.2458591676e-01 -4.3106573410e-02 2.0740792377e-01 -1.2532858669e-01 9.5366607137e-02 -3.2348311850e-01 1.3282490067e-01 -1.1568455698e-01 -3.3327614657e-01 -1.2257773633e-01 8.8714386193e-02 -1.7828529385e-02 4.3543946455e-02 -2.1628345034e-01
-7.3182665700e-03 1.3698481395e-01 6.0655841892e-02 -2.5303677420e-02 6.6194689841e-02 -9.4340933844e-03 9.2421961458e-03 9.3791599799e-02 5.0478480826e-02 -7.9680780355e-02 -1.3465772433e-01 6.6246711531e-02 -7.0691173920e-02 4.8898638979e-02 -2.9411522402e-02 2.8435998608e-02 -1.2438063573e-01 4.1228688080e-02 9.6168519767e-03 -3.4838982716e-02 6.6343856500e-02 -1.6132722815e-02 3.2208114584e-02 5.8878557094e-02 -3.8215252808e-02 1.9030245497e-01 -2.9289795800e-02 -2.2425316860e-02 1.3049016545e-01 6.5287890106e-02 6.4713851752e-02 -1.9199151772e-02 -1.7622329860e-02 -3.0575310171e-03 -8.0992258605e-02 -1.1626394308e-02 4.0527259201e-02 1.0452566745e-03 4.4348543467e-02 1.1727744253e-02 -7.4016726591e-02 -5.2993866546e-02 -1.5389265135e-02 -7.1557349597e-03 4.8139131839e-02 -2.5960816845e-02 1.0354867129e-02 5.2483209404e-02 1.0194360563e-01 -1.0064198446e-01 4.0122468915e-02 1.0626295836e-01 -9.5101510384e-02 9.0067622312e-02 2.8925506292e-02 5.3828816750e-02 -1.9373846131e-02 -1.5173184562e-01 -3.0111320660e-02 -1.2014742297e-02 2.5099546900e-02 5.1748956519e-02 -1.5958910708e-03 -3.3533689570e-02 -3.7383671419e-02 1.1869700585e-01 1.5255777282e-01 -1.1419783390e-01 -3.4422872688e-02 -1.9211893104e-02 -9.6415297436e-02 2.3941231522e-02 -4.3708232887e-02 2.1598869262e-02 6.5987685557e-02 -2.4959004485e-02 -4.0153064967e-02 -5.9720715168e-02 8.0738599272e-02 3.5964996227e-02 1.3302214053e-01
5.1442234334e-03 7.7651999581e-02 -6.5150800820e-02 -4.3837680164e-02 -1.2938667968e-02 -2.2289829008e-03 1.0836761999e-01 -5.3386896769e-02 1.2820035645e-01 2.3347331668e-02 -4.1594554998e-02 -1.0239978370e-01 -1.0058117011e-01 7.6996017803e-03 2.4390143760e-02 -5.6717812669e-02 -6.1846870245e-02 2.5458554192e-02 -7.1926684708e-02 -1.4717280337e-02 -1.2029286090e-01 7.8503177387e-02 9.5492342544e-02 6.7478421848e-02 -2.1726171967e-01 -7.2172868676e-02 -3.9158546562e-02 -6.5381416729e-02 7.3969531069e-02 6.0452729512e-02 -7.9975807657e-02 -6.6750307017e-02 -9.3442091076e-02 -4.5960480031e-02 -8.0087939687e-02 8.6408378580e-02 -2.1262595704e-02 3.0920703377e-02 3.8912534438e-02 7.0644491477e-02 -1.4334424898e-01 1.9602812013e-02 9.6801147928e-02 -9.3800190951e-02 2.4456106241e-02 2.1419303854e-02 1.3936552627e-02 1.1110912906e-02 1.7886316840e-03 -5.3977686585e-02 2.5180124742e-02 8.6270959682e-02 -4.8801905369e-02 2.2343756767e-02 2.1179327798e-02 4.3786397363e-02 6.9388309063e-03 -5.3232459327e-02 -3.6562716405e-02 -1.7305085569e-02 -7.6958184229e-02 -4.7481720296e-02 -4.5753754968e-02 3.7487170704e-02 7.4749893923e-02 1.0183951689e-01 6.8079364540e-02 7.1916576543e-03 -1.4230203766e-02 -5.9887008157e-02 -1.4432208737e-01 -9.1559866234e-02 -1.5168235664e-01 1.5084438652e-01 1.7601436242e-02 -6.8576361278e-02 -1.4048195147e-03 8.8205259687e-04 7.5407461325e-03 -1.8242423251e-01 -2.1225671425e-02
6.5597404466e-03 -1.3037223623e-01 -5.8409975865e-02 -6.3798918690e-02 -1.2439953475e-02 5.2625858394e-02 2.9385271863e-02 2.6013159617e-02 1.6328431833e-01 1.5561263970e-01 4.9713873947e-02 -1.3513111415e-03 -7.7214001513e-02 1.9023035442e-02 -4.2958391023e-02 9.9789245498e-02 4.7986172387e-02 4.4888515956e-02 -1.0891210978e-02 -1.2000248246e-01 -3.3208298036e-02 6.3888411879e-02 1.7781193679e-02 -1.4656412369e-01 -1.4125678242e-01 -1.2132645348e-01 -5.6781030334e-02 -4.2607696682e-02 -3.4230265208e-02 2.0343015588e-02 -2.8999077909e-02 1.7076894299e-02 9.1790188815e-02 -5.4366996548e-02 -4.7332050829e-02 1.1122327069e-01 1.4832789990e-02 -4.5725773784e-02 5.7068970441e-02 7.8862264591e-02 -2.5034039494e-02 -1.5039967354e-02 6.6758268557e-02 -1.9061674333e-03 1.4929797786e-01 -2.0419785200e-02 5.2550280371e-02 -1.9267296089e-01 -6.7115670555e-02 2.0049673675e-02 6.4906868477e-02 3.8602233038e-01 3.7095877905e-02 -1.1201980940e-01 3.2153748139e-02 2.2781562479e-02 -2.3418236998e-02 1.7020694268e-02 -1.1389484315e-01 9.3048974756e-02 1.8488133400e-02 5.2366202433e-02 4.7871166971e-02 1.5537132754e-01 1.0477153919e-02 4.4721639543e-02 2.6018788059e-02 2.8073637030e-02 -5.4310199687e-02 5.0888834446e-04 -9.1608834981e-03 3.1109604782e-01 -2.4604562025e-02 -9.9419322515e-02 4.5942712924e-03 -4.9381874599e-02 1.1630057465e-02 1.1910220219e-01 1.5220187291e-03 -1.3479428065e-02 1.1733439518e-02
-3.5190135427e-02 4.8200554628e-02 -1.4102224857e-02 9.8834357903e-03 1.0260191209e-02 4.9113092240e-02 -2.1387004983e-02 -2.8541495986e-02 1.0604486268e-01 -8.3162105082e-03 -7.3669913222e-02 9.6512672327e-02 -5.8586337933e-02 1.9673465133e-02 5.0315265755e-02 6.4318230518e-02 -1.6756628274e-02 -3.6058613027e-02 7.1987658146e-03 3.1218936628e-02 3.2898156163e-02 3.3264137046e-02 -3.9950833845e-02 -3.5945066980e-02 2.8023034322e-02 2.8517089949e-02 -2.9053935236e-02 1.9989508491e-02 1.8796436629e-02 -4.7047941727e-02 6.9207100673e-02 9.3744185531e-02 -1.3266131276e-02 -1.2728076075e-02 -3.8952393924e-02 -8.9437872566e-02 -8.1790286424e-02 9.6732437553e-03 -2.0273932767e-02 -8.3103187785e-02 9.0950199163e-02 -9.2790071166e-04 -9.7754456537e-02 5.3318609700e-02 -4.3133150609e-02 2.3692605259e-02 -1.0641230480e-02 1.1114039271e-01 -3.4422090050e-02 5.0558184146e-02 -8.5230578107e-02 -2.4418963513e-03 -9.5225495034e-03 -5.6629844037e-04 5.5027113932e-02 1.3967626556e-02 -5.8674387740e-03 -1.0756278693e-02 -6.4169175967e-03 1.8760926331e-02 -7.1418308996e-02 -5.1179591350e-02 -2.2804074298e-02 -3.3851586117e-02 2.8417355610e-02 7.1370060498e-03 -2.1559098462e-02 8.6201071449e-02 6.9351606652e-02 5.2371149748e-02 -3.2798714445e-02 7.7082463359e-02 7.8702310344e-02 -8.3975696582e-03 -6.7962764213e-02 -1.3120030401e-02 4.7166044946e-02 -2.7978148818e-02 6.0380246664e-02 1.6876377401e-02 8.3925827759e-02
-1.8904328349e-02 -4.4906026509e-02 -3.0834873563e-02 -2.8410285954e-02 -1.4898615115e-03 -8.1652533996e-02 3.8867770297e-02 -6.2442260904e-03 -9.0508148867e-02 -1.1895569329e-03 -3.9775143608e-02 -3.4697659616e-05 -4.5170263946e-02 -4.0367630984e-03 6.8186331146e-02 -4.6260130146e-02 -4.9435562761e-02 1.2799357542e-02 -6.3577544487e-02 -6.7862380584e-02 -7.9651952168e-02 7.3872807461e-03 3.5376376780e-02 -1.1627448859e-01 5.5129429309e-02 -3.0522333270e-02 -8.7203995209e-03 -1.6289888815e-02 -3.8205401016e-02 2.1738459289e-02 -1.2143229703e-01 -1.2175648695e-01 -1.0434328354e-02 1.6308573095e-02 -7.1606773018e-02 2.7173074435e-02 -3.3410174229e-02 -8.2115781379e-02 -1.4498905673e-01 2.1004009176e-02 1.3760890481e-02 -1.1330263748e-02 6.0626115700e-02 -2.9646157023e-02 6.6158984270e-02 5.4935812290e-02 1.4656133129e-01 2.2595390254e-02 -1.1546838606e-02 -4.1810621572e-02 -2.8700268321e-02 -4.7350165738e-02 6.0297434950e-02 -2.4647952737e-02 2.3512555570e-02 3.0176295547e-02 -2.1062431168e-02 -4.4100264136e-02 6.2735093334e-02 4.2353163175e-02 7.8698838529e-02 -8.8178013659e-02 -8.0038732761e-02 -5.1370072578e-03 -1.2266018223e-02 1.3583144306e-01 4.8735367906e-02 -1.2396385021e-01 -1.1030691873e-02 9.1004567005e-02 -1.2204047392e-01 -8.5266883579e-02 -7.7560946963e-02 1.9276513356e-01 -5.6098166771e-03 1.6255921985e-03 1.8292524880e-03 -5.2822203699e-02 9.3584620452e-03 4.3412685738e-02 -1.0169179613e-02
-4.9221497788e-03 4.3135116914e-02 7.7940606287e-02 1.0764545067e-01 8.4026391119e-02 -1.1072218865e-01 6.7392165156e-02 -1.0443263800e-02 2.8794785685e-02 2.0867761792e-01 -1.6779188759e-02 -4.4865861493e-02 -1.5726291909e-02 5.3821512779e-02 1.2796724143e-02 -1.2539357314e-02 8.7557263754e-02 4.0376927163e-03 1.0238441218e-01 -1.1710036564e-01 4.7289713087e-02 6.7377658600e-02 6.1269596089e-02 1.4067309421e-01 -6.0617719660e-03 -1.4845856189e-01 7.1554867114e-02 -3.5414128425e-01 -1.5601840572e-02 -1.0579968279e-01 8.0324485338e-03 -8.7894193791e-02 1.9267205176e-01 -1.6300565826e-02 1.2616291161e-01 -2.0253497087e-01 1.5311434082e-01 2.2830316433e-03 1.0614979942e-01 -1.9620150972e-03 9.2529818464e-02 -1.2464635298e-02 -9.4143026720e-02 2.4140692861e-02 2.8605605526e-03 9.2255871330e-02 -1.3018251972e-02 1.6194070669e-01 4.7477559541e-02 -6.7796661014e-04 -5.4200490973e-02 -2.3421992731e-01 3.0898864236e-02 3.0810974141e-02 3.6025689968e-02 -2.2999146777e-02 8.0483373596e-02 -1.0475903982e-01 -1.4540808378e-01 -6.2811991546e-02 -8.1576303531e-02 7.1084723035e-02 3.5541970910e-02 -1.8672242738e-02 -7.9430668157e-02 1.3573904250e-01 5.9199516655e-02 8.5911852497e-02 4.1092816288e-02 -1.6652645148e-01 1.5961488242e-01 -2.1235542629e-01 7.8174567349e-02 -1.9424921077e-01 1.3946456165e-02 9.0882430879e-02 1.5029388954e-02 -1.8160524994e-01 1.4811416667e-01 -2.9048269773e-02 3.1808523573e-02
2.9808622123e-02 -1.0680992495e-01 -5.8332171632e-02 4.6853724112e-02 -8.6205403479e-02 -5.7909351031e-02 -3.1318978026e-02 2.4360043272e-02 -9.2799718017e-02 4.2434277784e-02 3.1508586174e-02 5.7506592727e-02 2.1596609647e-01 -1.2397653831e-02 -1.4903124592e-02 1.4674835703e-02 2.6184832691e-02 -9.3525448579e-02 -3.7518068646e-02 5.6352766569e-02 -6.7073899395e-02 4.4870437230e-02 -1.5795325458e-01 -8.5275447698e-02 -4.5160326572e-03 -1.4821422631e-01 8.4370847725e-02 -3.4060016836e-04 -5.1736831409e-02 -2.8365397613e-02 2.5090149678e-03 -2.6145715316e-02 6.0863007933e-02 2.0909292538e-02 6.1601710287e-02 1.7910797992e-03 1.1295695145e-01 -9.3353530831e-02 -2.2617498271e-02 -2.6998764247e-02 8.4636622098e-02 3.7923091519e-02 -1.6777891306e-01 8.5457781466e-02 -1.9356894056e-02 -1.7774461347e-02 1.7462067451e-02 -1.0355954243e-01 -9.6509814225e-02 8.0997430132e-02 -2.0163814558e-02 -1.9463893904e-01 6.4550168910e-02 -7.6988269668e-02 -7.0625845423e-02 -4.3432397342e-02 1.9764866735e-02 8.2578174617e-02 6.4648699414e-02 8.7983342911e-03 1.8371856406e-02 -7.5091034928e-03 5.1470726054e-02 6.3779887039e-02 -3.0597060160e-02 -1.1282501021e-01 -1.5348947297e-02 -3.8176705852e-02 -3.9322385881e-02 -7.4339325458e-02 4.2447064182e-02 -1.0987679082e-01 9.2627132180e-02 3.8557539417e-02 -2.0424752614e-02 1.2327937665e-02 -1.4677644105e-02 5.1242640883e-02 -7.2654518356e-02 7.2190818163e-02 -6.2263155550e-02
