4.5320026956e-02
3.1724077814e-02
3.6813759543e-01
-6.4932115868e-01
-1.1122108289e+00
5.0950685030e-01
-9.3794676928e-01
-3.4556995288e-01
1.1457241885e+00
6.0597654524e-01
-4.1863619641e-01
-6.5211371254e-02
-1.1333862101e+00
3.6537352426e-01
-1.3173779152e+00
4.0126903078e-01
-1.7961574994e-01
8.7352354607e-01
-1.8348010839e+00
-1.1953001244e+00
5.0543594286e-01
-5.4481066509e-01
-1.1479803622e+00
-7.8727339397e-02
9.9305798075e-01
-1.6517717529e+00
-1.2966655972e+00
-1.9177994572e+00
-1.2801754907e+00
-2.3711028074e-01
-1.1372905748e+00
8.9323157474e-01
1.0733648558e+00
-2.5514665070e-01
-1.4866621974e+00
4.7384001025e-01
1.8034882107e+00
1.7190625502e+00
-1.1432682737e+00
2.0666610458e+00
5.8466330012e-01
-1.1672977380e+00
-1.0190895517e+00
-3.4491467911e-01
-3.9764607380e-01
-1.6988848578e+00
1.1690008778e+00
-2.3236756131e+00
1.9148964189e+00
-1.1014990068e+00
2.9772438068e-02
1.3321907930e+00
-1.0448689855e+00
-7.7628079764e-01
1.7448769353e+00
-3.7295903002e-03
-1.9113782363e+00
-1.5057416854e+00
1.5163957290e+00
1.7624026798e+00
1.5059553344e+00
-2.7368785559e-01
-1.8720885676e-01
1.0090963972e+00
3.4787149349e-02
6.6477080052e-01
-1.0883871536e+00
3.1897966130e-02
-9.9783197854e-01
1.8738935306e+00
8.4682889825e-01
-2.0664765363e-01
-1.5254931148e+00
-1.0742576877e+00
2.5026954239e-01
-1.2364581578e+00
3.4925893173e+00
-1.7391308612e-01
1.6070421447e+00
5.5331948883e-01
-1.7606361986e+00
-7.3929236363e-01
-4.1603284322e-01
6.5250000517e-01
-6.5950632104e-01
7.9539739363e-01
-1.8468347979e+00
6.9184722666e-01
-1.4875401756e+00
-2.5354632954e-01
8.1951535068e-02
8.0789650659e-01
7.3326831869e-01
