-3.1174214312e-02 -4.3612257622e-02 -7.4597044677e-03 -5.6654571260e-02 1.3704508219e-04 -3.6979719332e-02 3.6361867266e-02 4.4025901304e-02 -5.4145860802e-02 1.8635825204e-02 -1.6905557398e-02 2.2471711699e-02 1.3138395314e-02 9.7142994655e-03 9.1790958862e-03 8.7868321033e-03 -1.1016501889e-02 2.9888335664e-02 -4.3229382512e-02 1.4511513005e-02 1.2332354063e-02 1.2641404590e-02 3.2687414819e-02 5.3114794207e-02 3.0076312807e-02 6.6303673841e-02 9.3183420179e-02 3.1056035876e-02 6.6799077705e-02 1.1644066160e-02 3.0259216165e-02 -2.9273290078e-02 1.6431940730e-02 6.2098659290e-02 2.6043857268e-02 -3.8555022891e-03 -3.9377483730e-02 2.2094649774e-02 -1.0298446698e-02 1.5072189529e-02 4.6087583502e-02 -7.1754060400e-02 7.7305345552e-02 -2.8973318998e-02 -7.2773915077e-03 5.8494028032e-02 1.0805420924e-01 -3.6642394013e-02 -1.3700731864e-02 4.7208847150e-02 -3.2225958505e-02 5.1228919549e-05 -1.9999020027e-02 1.2240451877e-02 -1.2958805767e-01 3.4360007685e-02 -7.9538726261e-04 2.1227458231e-02 -3.1571951903e-02 -8.6028560249e-02 7.2178522337e-02 -4.3498667040e-02 5.1853031401e-02 -7.9625218904e-02 -6.2967848175e-02 -2.2399437572e-02 -2.0972529383e-02 -2.3064822045e-02 4.2243828697e-02 9.7618916397e-02 -4.8404618603e-02 -4.5501078247e-02 -2.3403118291e-02 4.0976412208e-02 -1.0738950708e-02 4.6286144757e-02 -2.0562920245e-02 -2.4204655618e-02 3.8738465702e-02 -6.6778257115e-02 6.3529572058e-03 4.3214823397e-02 3.5867654529e-02 -3.4508973682e-03 4.2854619458e-02 -5.2083593677e-02 -2.8135827702e-02 -2.1333624220e-02
-1.6091964337e-01 -4.9755932154e-02 -1.0509323256e-02 -6.8327476152e-02 -2.5378548421e-02 4.0383422216e-02 4.5314908768e-03 3.2895699210e-02 3.2622879804e-02 5.7577480428e-02 -2.3712472777e-02 -4.6934626991e-02 -1.8494287278e-02 1.5032341222e-03 2.2624060033e-02 3.2999307338e-02 1.8230395191e-02 1.1532659210e-02 4.5771400630e-04 -1.8784521270e-02 1.9218956808e-02 -4.1943780590e-02 -1.0302415002e-02 6.7037337306e-02 5.7872103929e-03 -1.4849381975e-02 6.6708406521e-02 -4.8351246504e-03 -1.9612388702e-02 -1.2340285116e-01 -1.6665672693e-02 -9.4956642277e-02 9.3874456521e-02 2.1003576720e-02 -2.5076204107e-02 -7.1748453672e-02 -2.2540920227e-04 8.1081553268e-02 3.3927503690e-02 -5.2832431180e-02 6.7469625074e-03 -2.9369139573e-02 5.2981395707e-02 -1.7379223316e-02 -1.8055735673e-02 5.2693430343e-03 4.8059484691e-02 -1.5302576682e-02 -6.0586621881e-02 -4.7221827850e-02 2.1666685116e-02 1.1355221419e-02 -9.8846995583e-02 1.9169134903e-02 4.9229539845e-02 -1.9665539312e-02 3.0875062552e-02 -7.0713954846e-03 -5.0516150366e-02 -4.8886641797e-02 3.6569448740e-02 9.2344212498e-02 7.8026977453e-02 -1.2133410276e-03 6.3527103762e-02 1.0378301110e-02 7.5236008460e-02 -9.6710543359e-02 -3.1847543045e-03 4.7409330107e-02 1.5043673810e-02 8.8469796925e-03 -3.0580428590e-02 -5.3425614832e-02 4.9502629782e-02 3.6745102982e-02 -9.6266850264e-03 -8.3916714957e-02 -3.9186693415e-02 3.9261356164e-02 -6.0955630026e-03 2.7792834959e-02 6.1623084053e-02 -4.8406527393e-02 6.4752190866e-02 7.8689715707e-03 -6.6757444541e-03 -1.4740278736e-03
-1.4177674426e-02 -8.4039705145e-03 2.3378383795e-02 -7.8166246531e-02 1.0346278715e-02 1.8903832041e-02 -1.8401678118e-02 -6.6821676684e-02 -1.5214338934e-02 2.8245260510e-02 2.1850393299e-02 5.7147629302e-02 2.3359707249e-02 5.6013304516e-02 7.3888149047e-02 -7.5277275457e-02 4.9176764284e-02 5.5329588386e-02 -3.7065110470e-02 -1.3888934977e-02 4.4290001732e-02 6.3045756738e-03 -1.3176638988e-01 4.4344574848e-02 -9.2343046687e-03 5.8431353777e-02 3.4376668792e-02 -3.1017919574e-02 -2.6580133426e-02 -2.8738950612e-02 -7.6502337311e-02 -7.5094379347e-02 -2.6205502613e-02 -3.3262816485e-02 -7.0327158902e-03 5.5035738916e-02 5.6333018047e-02 -2.0585136551e-02 -7.0624977150e-02 -4.6664264249e-02 1.1837295944e-02 -6.2946997112e-02 4.6768591371e-02 6.9397380571e-02 -2.5564000381e-02 -4.3215767384e-02 5.0866176127e-02 -3.7473108750e-02 5.3973302369e-03 -6.1072957060e-02 1.6009720589e-02 -1.0635502139e-02 -2.4869855340e-02 5.8229594975e-02 -6.2173016510e-02 9.1586169787e-02 -1.2857064061e-02 4.9917715118e-02 2.4896097106e-02 -8.9950708565e-02 -2.7666386637e-02 -2.4523388819e-02 5.2898476788e-02 -3.4302909720e-02 -1.0466415063e-01 -1.0272118009e-02 -4.0685972325e-02 2.9630449640e-03 3.6418803687e-02 -5.4505008998e-02 -7.5817650616e-02 7.8093552708e-02 -4.2552864521e-04 2.1611131871e-02 5.1720682193e-02 4.9236634306e-02 -1.7494810168e-02 9.5991866850e-03 2.8770255091e-04 -3.5137622831e-03 -9.2947600616e-02 -3.5239738602e-02 -5.6151445843e-03 7.7793732545e-02 -4.0821530236e-02 -5.0679376719e-02 -5.8569262667e-02 1.8751033659e-02
1.4990901718e-03 -1.7499902033e-02 2.0144835197e-02 -3.9342895574e-02 -3.0193500749e-02 -2.2405067757e-03 -7.8833302239e-02 5.4685552680e-02 -6.7414329276e-02 -1.7089106976e-02 -2.4022677139e-02 1.7312385994e-02 7.8961531324e-02 -1.2385839688e-02 6.7940013800e-02 6.2223401871e-02 7.5171899068e-02 -7.4919147988e-02 -8.7696431153e-02 -2.2178115936e-02 4.5063756566e-02 -9.4350655843e-03 8.7348495103e-02 -5.4330520484e-03 7.3075773933e-02 3.6919972493e-02 -4.1033065112e-02 -8.2931619013e-02 -4.5446870660e-02 -9.8021273675e-02 5.3546650419e-02 -1.4553669057e-02 6.1882155482e-03 3.9718754499e-02 6.6060435749e-02 -1.5055720768e-02 4.2622904269e-02 3.6742709760e-02 4.9706471068e-02 -2.3705415895e-02 1.3451329804e-02 8.1754782642e-03 -2.8288799457e-02 2.5041903038e-02 -1.3247488429e-02 3.2022304621e-02 2.0832018746e-02 -5.5899678057e-02 3.8519083456e-02 -6.1328304200e-02 1.0148911648e-02 -6.2618367421e-02 -6.6161032492e-02 -1.0651938091e-03 6.3861425380e-02 1.4451397397e-03 6.5660685036e-02 3.3119020612e-03 -4.2284168141e-02 -8.7632824206e-02 1.1681082232e-03 2.0585513936e-02 5.3966431034e-02 4.6939456723e-02 4.3508639425e-03 -4.3383764364e-02 -1.4651274117e-02 1.1429957410e-01 -1.5009034478e-02 6.1397986209e-02 -6.3630626469e-02 2.8203051009e-02 2.9405469349e-02 -5.4038635118e-02 9.9968964174e-02 -4.0372244352e-02 2.2542652328e-02 -6.0603101813e-03 -5.2241585380e-02 1.3104286319e-01 6.4025232658e-02 3.6063817524e-02 -2.5833068536e-02 -2.8199263042e-03 -4.1771935580e-02 1.0554412473e-01 2.7645629292e-02 8.9193664488e-02
-5.8298430428e-02 -5.1481492091e-02 -2.5898202787e-02 -6.9260732693e-02 4.5899602090e-02 -2.7147512608e-02 -5.3209290099e-02 -2.3365965059e-02 -4.4821099984e-02 7.5062699477e-02 -1.0644631340e-01 -5.2678422730e-03 -4.1456364457e-02 -7.4456948684e-02 7.2087773502e-02 -4.0691790829e-03 -1.4389150403e-01 8.0252239599e-02 -2.2322741714e-02 1.1190788881e-02 -2.8406372168e-02 -9.8322395030e-02 -3.3259754447e-02 -2.9639769817e-02 1.8411188909e-02 -6.2061262151e-02 -7.4524456306e-02 6.6271219703e-02 -5.7541455110e-02 -5.9130016893e-02 -4.0456338816e-02 4.3143193979e-02 1.1629133352e-02 -7.5202301241e-03 -4.0558078967e-02 6.0723927150e-02 2.6994460464e-02 1.1393683231e-01 3.3959104975e-02 -6.7654884009e-02 4.5257350327e-02 4.5689461002e-02 5.3953709080e-02 -5.4065086202e-02 -5.7865861241e-02 1.7471035903e-02 -4.9958766697e-03 1.6973339875e-02 7.3500740520e-02 -3.9973715268e-02 7.4761129113e-02 -1.2239274156e-02 -5.6601933763e-02 5.1089165066e-02 -4.8462235421e-02 2.3812284866e-02 -6.0722114597e-02 2.4269235289e-02 7.7310713353e-03 1.0686164688e-03 -1.5230820334e-02 2.3736328944e-02 7.7124259305e-02 -9.0404118292e-02 3.4234598867e-02 7.3701333913e-02 -8.0122158208e-02 -7.8607052512e-02 1.2840755534e-02 -7.4711839326e-02 6.4807258460e-02 -7.5918131542e-02 -2.7604278927e-02 2.1806833227e-02 -8.5130454862e-02 -2.1775918528e-02 -3.5483523720e-02 -2.5778936253e-02 -3.9909889226e-02 5.5417153434e-02 1.0844834812e-02 5.6429910718e-02 3.6560796228e-02 6.1216899884e-02 -8.7591295046e-02 1.1696301520e-01 -5.0896422124e-02 2.4981825424e-02
-5.1459198761e-02 8.8239885987e-03 6.0911245542e-03 -2.9449776931e-02 -8.3705080414e-02 -8.2280748372e-02 6.8122142248e-02 7.9650812202e-02 3.8370308415e-02 1.0849683026e-02 -2.5547113279e-02 4.4668785803e-02 -5.7880321415e-02 -6.1092609526e-02 4.8066367634e-02 -1.1716404698e-02 7.0167685257e-03 -1.8406519482e-02 -3.4354714218e-02 2.7695357135e-02 1.4978257844e-01 -2.2820389873e-02 -6.2351410005e-02 1.4259401676e-02 3.2733764122e-02 1.7541170427e-02 2.6175327584e-02 1.6771144494e-02 -2.9775113498e-02 1.7192184253e-02 -3.7900321845e-02 -8.0785366047e-02 -1.4548968354e-02 -4.6758799932e-02 9.0240787301e-03 -6.6084913824e-02 -3.1807956130e-02 -3.4337692359e-03 5.5902930027e-02 4.3860807039e-02 4.5609689829e-02 -6.4118857637e-03 3.0384847205e-02 -3.6266499786e-02 -5.9322618962e-02 -3.6638997869e-02 7.6165506147e-02 2.4491638276e-02 9.2011068035e-02 3.2653788952e-02 1.7234202962e-02 -1.0191753072e-02 1.0218259709e-02 9.4772362824e-02 5.4478743951e-03 2.3217021272e-02 3.1283428992e-02 -5.2658320422e-02 2.5369253244e-02 -3.4062901429e-02 5.3954785251e-02 5.8955484843e-02 -6.3135422688e-02 -3.9381547582e-02 5.2676475621e-02 -9.6178449461e-02 -2.1906350080e-02 -9.0043787024e-03 3.1607375564e-02 9.8865796737e-03 8.9651064882e-03 -1.9840962218e-02 -7.4001757774e-02 -4.1555158714e-02 2.3054714159e-03 -1.0107630060e-01 -2.7251222832e-02 8.0081307964e-02 7.2937568851e-03 -3.0352419948e-03 -3.2805482569e-02 -7.6396977906e-02 1.8318017091e-02 5.8305379911e-02 4.1723186559e-02 -3.2052439807e-03 -4.4737238779e-02 -1.5170640292e-02
2.9814222750e-02 3.8463639991e-02 -4.0677897981e-02 2.2511065386e-02 2.8387247820e-02 3.6867050894e-02 2.9555537137e-02 3.7653784630e-02 4.6259938621e-02 -2.4516927897e-02 -2.3014430980e-02 -4.9393363227e-02 2.7836139072e-02 -6.2184686272e-02 4.9421714529e-04 2.3075714436e-02 -3.5679253542e-02 -2.8308311003e-02 -1.1320147757e-01 -2.1235730166e-02 -5.1565947787e-02 2.2927486548e-02 9.8640245872e-03 -6.6158779142e-02 3.4622909710e-02 3.4904765530e-02 4.6469073292e-03 -4.2174266785e-02 1.6073654569e-02 -2.2484896501e-02 2.5936626876e-02 -4.4761653754e-03 4.6004229322e-02 -7.7371427034e-03 -1.6242857891e-02 -1.9093696665e-02 2.5076665602e-02 -3.2148224623e-02 1.2844836677e-01 -3.7889401203e-02 -1.0046510062e-02 9.1883145695e-02 -1.1889082722e-02 -1.7227090202e-02 -2.0444473094e-02 -1.0636112319e-01 -6.3384983951e-02 3.6677106537e-02 7.0292928002e-02 -5.7787886205e-02 4.8274183786e-02 4.4690516373e-02 3.1557392021e-03 6.8954644863e-03 4.1527094200e-02 7.1376265032e-02 -1.7758047987e-02 -5.5406538517e-02 -2.7079171249e-02 6.7736983782e-03 5.8737393304e-02 3.7871856015e-02 2.6010631669e-03 4.8324426924e-02 8.5608525391e-03 1.3417135410e-02 3.3613615009e-03 2.0073981701e-02 1.3144822411e-02 8.8835441208e-02 6.6575994260e-02 -7.8305817986e-02 3.6675387017e-02 6.8365584062e-02 2.3746753621e-02 -2.7265239071e-02 -7.4500322321e-02 -2.5198949885e-02 -2.0729285473e-02 4.8690635686e-02 8.4465997642e-03 7.9618842683e-03 -3.7468655567e-02 -6.0734648467e-02 -1.2112897951e-01 2.7436217102e-02 3.2222973905e-02 -3.9418633051e-02
-4.5283851030e-03 -2.5877559937e-02 1.6563049438e-02 -1.0091847735e-02 6.5921586264e-03 -2.6420392790e-03 -1.1705154265e-01 5.1846671253e-03 -1.1477789414e-02 7.0365027332e-03 2.4821074735e-02 6.9310185855e-03 -4.3746922182e-02 1.4967458490e-02 5.8946080937e-02 7.8767521628e-02 -3.0855389741e-02 1.1496045847e-02 -6.4031624588e-02 3.7863696259e-02 3.4469035766e-02 4.6681865938e-02 -3.5955753206e-02 4.1102475486e-02 5.7156180268e-02 4.7018248025e-03 3.3161148416e-02 2.2982099442e-02 -1.4723733516e-02 -8.4136288919e-02 -3.1292658066e-02 -6.0071478581e-02 1.7972272973e-02 3.5952971932e-03 1.3073788960e-02 3.8965126068e-02 2.6212756748e-02 -1.5340149906e-02 -2.7426195780e-02 -7.1285426193e-03 2.7851616603e-02 -2.6777096015e-02 -7.9157840817e-02 -2.8393330466e-02 -4.1509249083e-02 -8.2711257866e-02 3.6533063920e-02 2.5513649762e-02 4.1936973701e-02 1.0583953736e-01 1.6901369132e-03 -6.8381590331e-02 2.9466341503e-02 7.8278103107e-02 -3.6971470110e-02 -9.3254321778e-02 4.9595751835e-02 3.3464007283e-02 5.3105162781e-04 -4.2651175893e-02 4.8763580153e-02 3.0912817007e-02 7.3045318543e-02 -1.6067382803e-02 1.0964885214e-02 -3.8665698977e-02 5.2718880376e-02 5.2723938740e-02 -4.0670830513e-02 2.3681400305e-02 -5.4763656722e-02 -1.6028341598e-02 3.9446413767e-03 -1.3794080375e-02 6.7264737169e-02 -5.4165527504e-02 5.5978843686e-02 9.1453630944e-03 6.7339238257e-02 1.4846328282e-02 4.4965721925e-02 -6.6419581064e-03 2.1869406989e-02 1.3970301395e-01 4.0033374661e-02 -7.7393528526e-02 6.4864403263e-02 4.4348897393e-02
1.3876363131e-03 -4.1638358987e-02 1.4627143942e-02 8.3612284262e-03 6.8017372031e-02 4.2787842498e-02 -4.2830736121e-02 -4.1058983465e-02 -8.3625408931e-02 2.8264110586e-04 -4.9383216543e-02 1.8314164664e-02 2.6506611308e-02 1.4954027562e-02 -9.6623414386e-03 -5.4385413168e-02 7.2383216632e-02 -4.3948356414e-03 -7.7199655441e-03 -6.5851431422e-02 1.3397406122e-01 -5.2627910291e-02 -5.9704618039e-02 2.2514943323e-02 1.8882382944e-02 -7.0355771891e-02 8.0061714977e-02 -1.8077810875e-02 -6.9063645300e-03 5.9699543431e-02 -1.8818563536e-02 -3.0196150312e-02 4.1050447925e-02 7.3545943896e-02 1.7599341667e-02 5.9248882348e-02 -7.5980199031e-02 -2.3686124307e-02 4.9986439645e-03 -7.5933921465e-02 -4.9400502782e-02 6.5027484571e-03 -8.4529462711e-02 4.2770964843e-02 -2.3517935317e-02 -8.9701370108e-03 -9.6469648066e-03 -2.2446551559e-02 -2.4294141748e-02 4.7852122071e-03 3.9094691603e-02 -5.6373851757e-02 1.9044920756e-02 -1.9234552357e-02 6.6854737368e-02 2.9436142552e-02 -8.9883320545e-04 1.9186457714e-02 1.4626517756e-01 5.6003642815e-03 -6.3364807659e-02 2.9048092270e-02 2.3391206770e-02 8.6138589328e-03 -7.3037253861e-03 -1.1060491388e-01 4.8331436905e-02 9.3529874987e-02 1.7464951103e-02 -2.2865422128e-02 -6.3839287908e-02 -3.8468239380e-02 -3.4002885205e-02 2.0385895005e-03 -5.3089140977e-02 -2.7952995310e-02 1.5642010685e-02 3.2321867343e-02 1.8582693783e-02 4.1264333327e-03 3.0869024712e-02 -7.9126166231e-02 2.3937530473e-02 6.9746685205e-02 1.0425071537e-01 -6.6039805708e-02 -4.7409739736e-03 1.4607198864e-02
5.9971173893e-02 -3.2862994024e-03 1.2073030549e-02 6.1308741657e-03 1.2458696327e-02 1.0074659309e-02 2.4355250800e-02 -2.7168594198e-02 -1.5740827837e-02 -1.0121809846e-01 -5.0661617745e-02 -4.3625473570e-02 1.9363221057e-02 -1.0214046573e-01 1.4976844085e-02 8.6739200754e-02 -1.2469157921e-02 8.9498070173e-02 -1.2861998979e-02 -1.1986440265e-02 6.6284511170e-03 -4.1030740100e-02 -8.6501443573e-02 -4.1393571159e-02 -2.1859948524e-02 3.6323163060e-02 -1.8295951034e-02 -2.4739189317e-02 -5.1542309719e-02 -2.4091717959e-02 -6.3025069792e-02 5.5225668251e-02 3.0997947580e-03 3.0194163997e-02 -2.5666283803e-02 4.9926948843e-02 -3.6996152848e-02 8.4178006903e-02 2.4443365718e-02 -6.8747867359e-02 6.7609543225e-02 1.9199153173e-02 3.9531190989e-02 6.6839377171e-02 -4.3519398453e-02 -5.9690329065e-02 2.5537279880e-05 -3.1008833310e-03 9.4247006102e-02 3.9145935451e-02 2.3320127325e-02 1.9401828410e-02 2.5297325738e-02 6.8894681009e-02 6.4073929767e-02 -1.0366702754e-01 2.9249185779e-03 4.2160052888e-03 3.9017326520e-02 3.1302421378e-02 5.2891270609e-03 8.1122378804e-02 1.5571326511e-02 -3.6486165135e-02 4.0085231854e-02 5.2542078769e-02 3.5137766099e-02 -3.4392707429e-02 -1.1767558429e-02 -3.9259944439e-02 -2.3295630200e-02 -7.0579792550e-02 -6.6080102988e-02 6.0166088091e-02 -3.4936447068e-02 -1.7534736988e-02 -5.6765105442e-02 2.7228522453e-02 -3.3180434488e-02 4.9004712710e-02 4.4217209615e-02 3.5808395507e-02 -1.8226031153e-02 5.3578328121e-02 -2.0606913083e-01 -1.7400556605e-02 -5.9377775328e-02 -1.3275517304e-02
6.8467655494e-02 -1.1664857639e-01 -4.8983865738e-03 -6.0090499014e-02 -1.0933917679e-01 -1.6427899169e-02 -1.0009965615e-01 -5.2078207703e-02 -2.1161853589e-02 -3.5259783955e-02 4.5480726494e-02 4.7614291332e-02 4.0846928931e-02 8.2807259528e-03 1.0073688897e-02 -1.1564859453e-02 -2.3870548463e-02 -6.8609112193e-02 -4.8470171272e-02 -3.4506747964e-02 2.9027585626e-02 5.2606854426e-02 -3.4291301642e-03 1.6550475050e-02 -1.3708223640e-02 8.3529152510e-02 5.6732260793e-02 -5.9163088807e-02 1.4265296562e-02 2.3021415332e-03 -7.3282267006e-02 2.8895426116e-02 -2.3139377430e-02 -2.4831691631e-03 1.9397447278e-02 3.4840248270e-02 5.4789218228e-02 3.5304061507e-02 -3.5240573775e-02 -7.6612425642e-02 -3.4812457382e-02 -9.6318820420e-02 -7.1473845082e-03 4.4319889576e-02 5.2580797144e-02 -1.4012306115e-02 2.2879190953e-02 -6.9650247812e-02 -5.6825612135e-03 -4.6431508199e-02 3.3133511722e-02 -7.5206620746e-02 -3.3783903967e-02 -1.9233492930e-03 -3.8189030067e-03 -1.1711453838e-02 1.0139623174e-02 8.2430734899e-03 7.8166667836e-02 -3.1973275395e-02 1.1751040692e-02 -2.5604088289e-02 -3.1479886542e-02 2.7112319042e-02 -3.7869688043e-02 -2.9032214214e-02 2.3834096930e-02 -3.1390697114e-03 1.0088373211e-01 4.6377566521e-02 -1.0810375865e-01 -1.4671387833e-02 8.7630432182e-02 6.9890547486e-03 1.2128721611e-02 6.2534241476e-02 3.8272950292e-02 3.9620153797e-02 6.5940459979e-02 3.5270568258e-02 5.6558011330e-02 -3.7303353714e-02 1.1940961724e-01 1.6296247739e-02 5.5346312207e-02 -8.1275023384e-02 -7.4928984437e-02 3.8063787499e-02
2.7569746661e-02 -2.5355928626e-03 -2.2660539339e-02 -2.7354529709e-02 -6.5118486815e-03 -1.7452673763e-02 -2.3681992924e-03 -9.1499969335e-03 -7.5958425830e-02 1.3843355520e-02 -1.6658809060e-03 -4.2441107502e-03 5.7929404582e-02 -5.9343687214e-02 3.2988061413e-02 -3.7378852805e-02 1.4347534497e-02 -1.8857807110e-02 -1.3453686854e-02 2.0375617678e-02 1.8946394893e-02 3.2343440439e-02 -7.4331687311e-04 1.3327276569e-02 -6.3402402212e-02 4.0017113699e-02 -3.6234417245e-02 3.5180186521e-03 -2.9297425507e-02 -4.4073037804e-02 -9.1005701492e-03 -1.0787867320e-01 1.9987660254e-02 -2.1138657273e-02 2.0952805544e-02 2.3161741259e-02 -1.2158038509e-01 -1.1730075035e-02 3.2956619441e-02 4.1389100622e-03 3.8039173431e-02 -6.2897094441e-03 8.2010696215e-02 -8.4953798241e-03 6.1068787396e-02 -4.8850456506e-02 1.7879449918e-02 -7.7707551592e-02 -7.3653790537e-02 6.0527960287e-02 -4.0496935187e-02 -5.0361490359e-02 -3.7483853425e-03 5.2424459300e-02 7.2112309795e-03 8.4911063230e-03 1.1702212995e-02 3.1980129725e-02 8.5239152997e-03 -6.0051135017e-02 -1.1168203006e-01 -2.7156226484e-02 -2.1206632749e-02 -4.7749050453e-02 -3.6393111885e-02 -4.8506545182e-02 -1.1284845187e-02 5.7854901432e-02 -4.2459027172e-02 -1.2976157836e-01 -5.7423878427e-02 2.9326875613e-02 4.1088713792e-02 -3.2651279344e-02 2.6283634982e-02 -1.0814863622e-01 4.4611561406e-02 -6.2403167511e-02 -9.7711947161e-03 -9.9217231322e-03 -2.3615083302e-03 -8.7092737909e-02 2.8157440180e-02 8.5745742352e-02 7.1604659090e-02 -1.8071767754e-02 5.9144045046e-03 -1.0659603124e-01
2.0445876267e-02 1.6295489866e-02 -9.8940812192e-02 -3.5961378659e-02 -1.3189244492e-02 -2.5936094958e-03 9.7513451268e-03 -2.5399975693e-02 -5.8195367929e-02 6.3336536401e-02 2.5535221204e-03 -5.8781326966e-02 8.6933937088e-02 -2.0627488590e-02 -2.2016086034e-02 -7.8326379374e-04 1.7297078700e-02 -3.3708726439e-03 3.7656598196e-02 -2.2882553841e-02 -5.1881817084e-02 1.9248950405e-02 -1.9927023068e-02 4.5419164285e-02 -6.8679979161e-02 5.1623888061e-03 3.3354091088e-03 -8.3686516969e-02 -1.4490746143e-02 1.0305988325e-01 -3.5481517320e-02 7.4242487526e-02 -1.1951583389e-02 -2.3444549631e-02 -1.3738145843e-02 -4.2625169659e-02 -5.0100647167e-02 -8.1423198638e-02 -5.6794712672e-02 -1.1084187850e-02 -4.7307072517e-02 -8.6819961620e-02 1.0026649627e-01 2.3074686538e-02 6.0231543407e-02 -4.6464974115e-02 1.1214179834e-01 1.5412939712e-02 -2.8371002340e-03 -3.3815953055e-02 3.3686767976e-02 -1.2022790096e-02 6.8474509052e-03 3.1956930603e-02 -9.5830725611e-02 -7.6796338776e-02 6.6324219418e-03 -1.4927578414e-02 -1.0343434747e-02 -2.8909145154e-02 -5.8104583269e-02 -3.7475461634e-02 -5.4218195564e-02 -5.2326589085e-02 -7.3057129121e-02 1.1051802949e-02 -4.1972343233e-02 -1.0657451504e-01 3.3451360935e-03 2.3611426954e-02 2.6394929191e-02 -8.2774847745e-02 2.0784854261e-02 -9.1408404070e-02 -5.1403141474e-02 1.8921013360e-02 3.5189488782e-03 3.8456417447e-02 -1.0589036054e-02 7.6252613984e-02 -6.4470312182e-02 3.8362524444e-02 2.0645615135e-02 4.6231211465e-02 9.6887762192e-02 5.0091537941e-02 5.9091434594e-02 4.5976582536e-02
2.2240764880e-02 -4.1347606632e-03 -9.1032652582e-02 6.1545006915e-02 3.4392631028e-02 -2.2725170146e-02 4.0946480691e-02 -1.5077808187e-02 -1.1662541302e-01 3.1518859519e-02 9.6305776757e-02 -7.1218954790e-02 3.4536961560e-02 -3.4621750208e-02 2.6455999766e-02 2.6206895318e-02 -9.2003864043e-03 7.8846984526e-02 1.1409030692e-01 -1.4993911511e-02 2.4254715289e-02 -6.4980495028e-02 5.5460285245e-03 -2.7374469520e-03 8.8361079650e-03 -2.1303066124e-02 -3.5148277874e-02 9.5664929013e-03 2.8925051552e-02 -4.5968493112e-03 7.6614435627e-02 -4.2936470156e-02 6.3363947681e-02 -3.4032373515e-02 -1.8690688560e-02 -3.2798167831e-03 6.2494419236e-03 -8.1486459580e-02 3.2498753550e-02 3.6978169891e-02 -1.1781598991e-01 1.8636452089e-02 2.4159867098e-02 -4.6876917615e-02 -4.5346558809e-02 7.4643231627e-02 3.0723941966e-02 1.8026762845e-02 -1.0496274407e-02 -6.6294771579e-03 2.7899377192e-02 3.8423270910e-02 9.4073695522e-03 4.2163384270e-02 -7.2438692681e-02 4.8564208555e-02 -2.5416720903e-02 -7.3563610317e-03 -4.9586692689e-02 -2.7519207094e-02 2.1784523754e-02 -2.1416121192e-02 -3.1841334091e-02 -1.0648955482e-01 3.2818536238e-02 4.5716150254e-02 -6.4013487197e-03 -1.2990635907e-02 -1.6798624104e-02 -2.3522123364e-02 -6.4484016524e-02 -6.1271439137e-03 -6.5417924347e-02 4.3718968574e-02 -2.7646802809e-02 -1.3545848949e-02 -2.9686392751e-02 -1.3501131043e-01 -3.0751922778e-02 9.4056652559e-04 -2.9481832761e-02 -2.1495461906e-03 -1.0662343879e-02 9.5536936173e-03 2.1460969492e-01 -9.2754740834e-02 1.9486355813e-02 4.6682973545e-03
-2.0424581019e-02 -3.3603921382e-02 1.9769476634e-02 9.0080902899e-03 1.5870043531e-02 -2.6293720971e-02 -3.2885296232e-02 5.4037282330e-02 5.4306224805e-02 -3.5800807706e-02 -5.7915524036e-02 4.5727585670e-03 6.2491613594e-03 -7.0324753480e-02 7.4431152362e-02 2.9570894805e-02 -6.2211435994e-03 -2.4567496232e-04 1.6980786808e-02 3.3000798049e-02 1.3968686511e-02 -1.5727346437e-02 -3.6074281958e-02 3.4632729275e-02 -4.5157367096e-02 -5.9831213858e-02 -8.9575771311e-02 4.0060648929e-02 -9.9734871055e-02 -9.7796848250e-02 -7.7872976130e-02 8.3712342736e-02 8.3113364519e-02 -9.4231507330e-03 -1.1350278966e-02 3.6281368809e-02 2.1302300388e-02 3.1436017654e-02 1.6435556878e-02 -1.3126457142e-02 8.2978663673e-02 2.0925676048e-02 -2.1504581170e-02 5.6943923996e-03 -5.4439857913e-02 -5.3050110042e-02 -1.6329408111e-02 -6.3851900064e-02 -6.5734272054e-04 5.4393651724e-02 1.6596104388e-03 5.9225125601e-02 -1.2602392451e-02 8.6779569504e-02 4.8242149142e-02 -2.4148430217e-02 -7.3872532014e-02 2.6528901380e-02 2.5254163526e-02 -3.3133510293e-02 4.8965304758e-03 4.8164286405e-02 3.1822055555e-02 -7.9295975502e-02 -1.1083263010e-02 -3.7742119954e-02 2.7407562464e-02 1.1749756379e-02 -3.8761990480e-03 4.6785310748e-02 -1.3562723908e-02 -7.7258483586e-02 8.3854883031e-02 3.6488339929e-02 -5.4406401168e-02 -7.5617901559e-02 -6.0225536076e-02 -1.1943851855e-02 -3.4999116238e-02 7.5920199776e-02 8.4317766715e-02 5.6533411371e-03 -2.8078388265e-02 8.3128597694e-02 -1.3543346413e-01 -8.6984884492e-03 -7.2747847645e-02 -7.2540379565e-03
4.2045406633e-02 -1.0577579666e-01 -3.9121699290e-03 -1.6440646515e-02 6.3223444315e-03 -4.1979765191e-02 -1.8306918541e-02 -3.9470022446e-03 -2.3107928801e-02 1.3972217871e-02 6.1891780687e-02 -4.0711737738e-02 3.6173927573e-02 7.4465870932e-03 -4.8018611582e-02 7.9857225920e-02 -9.7616717717e-04 4.7882799221e-02 -3.6739754260e-02 -5.6092871570e-02 -4.3102509206e-02 2.6588256135e-02 -2.8555351036e-02 4.6237841309e-02 -3.6510838195e-02 3.2436680532e-02 -1.2726227189e-02 -2.3444704447e-02 -4.7808146131e-02 -2.6560403230e-02 3.8623140236e-02 -4.3667472619e-02 4.7973282166e-03 -1.2736435179e-03 -7.0196374087e-02 -8.1907996872e-03 1.1276358484e-01 2.1263041751e-02 8.0092996515e-02 8.5509496598e-03 -6.4740485099e-02 3.3318471470e-02 4.6268912480e-02 1.4762285411e-02 9.2673804398e-02 2.6860920038e-02 6.8032390721e-02 3.3796822916e-02 1.9137991704e-02 5.0409605509e-03 5.1673873964e-02 -3.2774631601e-02 3.4215568429e-02 5.3673460196e-03 4.6403248942e-02 1.7574036022e-02 5.3713970492e-02 3.3997564561e-02 1.0518654221e-02 -8.0207521462e-03 -1.9227393798e-02 3.6431599353e-02 1.6670038620e-03 -3.0541551973e-02 3.8788348123e-02 -3.4100670988e-02 -5.0295890560e-03 -1.1223433771e-01 -1.0191681254e-01 -5.9988392621e-03 -4.4754933737e-02 8.1524107838e-02 2.4608642301e-02 5.8071073471e-03 3.1290860065e-02 5.9439385193e-03 -3.0788185373e-02 -7.9319312288e-02 -8.7146213066e-02 7.3002597529e-03 -1.4030389247e-02 2.5232557139e-02 3.9869643293e-02 -4.1096913991e-02 -2.6661939041e-02 4.1688221783e-02 9.8038863630e-03 3.1532928232e-02
-3.9185039006e-02 -1.6366724426e-02 -4.9911150862e-02 -7.4016145520e-03 -2.9389829801e-02 3.2241686312e-02 7.2259027867e-02 -1.8143730174e-03 8.7879034568e-03 3.8229223885e-02 2.3077305979e-02 -5.0528825544e-03 1.2735498567e-02 -3.2095745070e-02 -3.9889359741e-02 4.2000742415e-02 4.4308064991e-02 2.2228792426e-02 5.3049671829e-02 -6.8899462518e-02 3.7579079426e-02 3.0547450378e-02 -3.4388849614e-02 -2.5226728114e-02 2.6281851555e-02 1.0154653850e-02 -4.4377615887e-02 -7.2146879934e-03 6.5938095251e-02 1.8093694354e-03 -5.7194896820e-02 -3.7195589722e-02 5.9870694974e-02 -7.4544157093e-02 7.9662170615e-03 -5.6363460085e-03 1.1331625335e-02 -2.1067266086e-02 -1.7571280305e-02 -2.3578847172e-02 -2.9679421008e-02 7.2841006095e-03 8.4930560839e-02 -2.0099437044e-02 -3.9449796757e-03 2.1582436579e-02 -3.8610131501e-02 2.4661413012e-02 -8.2733878471e-03 1.8655233948e-02 1.3224084745e-02 3.6696093143e-02 8.1756270138e-03 5.6846057823e-02 -8.7990181591e-02 -2.8518615848e-02 5.0209723704e-02 -3.7158638725e-02 -6.6119132340e-02 -3.3449336465e-02 7.2038654030e-02 5.8010223549e-02 -4.2744142534e-02 -2.6131174106e-02 3.5051473910e-02 -2.0074094107e-02 3.8601847216e-02 6.2961519893e-02 -1.4497770224e-02 7.1566817325e-02 -1.0631742892e-02 -5.6005845623e-02 -7.0059608443e-02 8.0078315689e-03 -1.1605738305e-02 1.5448929066e-02 5.7993211495e-02 -3.4319039159e-02 2.4549568608e-02 -3.2070670574e-02 1.8392480110e-02 1.2319391218e-02 4.0951965813e-02 5.7976189101e-02 4.4397569033e-02 -1.0507049413e-02 -2.7856892335e-02 8.3054816676e-02
-6.0377285717e-02 -6.9390008866e-02 -1.2215810690e-02 -1.0406903894e-01 -2.9850486430e-03 -2.7115060897e-02 4.8677505034e-02 -3.4592082151e-02 -1.0206288358e-01 2.9638701515e-02 1.6501316023e-02 -2.5505772436e-02 -6.5016516888e-03 1.2453647636e-01 4.2870613799e-02 -1.1593743992e-01 -2.4624307064e-03 -2.2711549521e-02 6.1262666741e-02 -5.9204565651e-02 -3.0927912113e-02 2.2537850590e-02 -2.8575850756e-02 1.1168640296e-01 6.3853600413e-02 5.0516197925e-02 2.8020001216e-02 3.9180557654e-02 3.2480873649e-02 5.4145590997e-02 -5.8272035030e-02 -5.0178625633e-02 -1.3917228554e-02 -7.6702271156e-03 -1.0346396755e-02 -5.9283733682e-02 -2.0532871520e-03 -2.7908938945e-02 -5.8493948605e-02 -5.0135931556e-02 -1.4209191892e-01 -2.6289543716e-02 4.1143859945e-02 2.8615226396e-02 -1.8209164626e-02 -3.9010638591e-02 1.1819857823e-02 -3.9804268886e-02 -3.7740561247e-02 -8.8826607064e-02 4.6211959557e-02 -4.3098888167e-02 -5.8204259732e-02 7.4923329700e-02 7.2873755591e-02 1.2057429528e-02 2.1055003836e-02 1.3105801315e-01 3.4850374013e-02 -3.6550369545e-03 -3.2922574683e-02 -6.4187382479e-02 -2.8114320719e-02 2.3645021900e-03 -6.5938777880e-02 6.6819805105e-02 -1.8971579202e-03 4.2587500056e-02 -2.5634414507e-02 8.6002266984e-03 -6.7509445290e-02 1.2598176371e-02 3.7591529794e-02 -9.0131435267e-03 3.5846542293e-02 3.5392376504e-02 2.0102278088e-02 1.6240441900e-02 -4.1312043244e-02 2.4125345773e-02 -7.5802453604e-03 -5.7040240887e-02 1.1588076883e-01 2.8941879520e-02 3.4599632449e-03 -6.8801962504e-03 3.2178527255e-02 2.7639819682e-02
-1.0175513319e-01 1.4242008755e-02 9.1082186244e-03 -8.9689561296e-02 -1.0856972351e-01 -4.4203102718e-02 -3.3986624551e-02 5.6555423308e-02 -2.0835728661e-02 -3.4380108014e-02 3.4564536017e-02 4.7071399739e-02 9.4549009927e-02 -4.4680266105e-02 1.9439051617e-02 4.4056581621e-03 -3.6766969830e-02 3.6861298724e-02 1.6439156154e-03 -4.8015201705e-03 4.4802761840e-02 4.9311989405e-02 -7.4953932939e-02 -3.9871827693e-02 5.0426304127e-02 4.7440706858e-02 -4.1149779959e-02 -4.0961264986e-02 -3.8341199865e-02 -9.1943199233e-02 3.1035349314e-05 -4.3338769923e-02 3.9701829449e-03 3.3613263108e-02 -5.3000896706e-02 -4.1578860077e-02 3.0587760286e-04 5.2729773607e-02 2.3301316510e-02 -2.8919681291e-02 9.2079876490e-02 -5.7303074786e-03 -5.8346842639e-02 -8.0240691560e-02 -1.2712364440e-02 -8.8693602027e-02 6.7162983122e-03 -2.0354644996e-02 -6.3528422792e-02 -4.3595934457e-02 -7.1375229139e-02 -8.3885548006e-03 3.3871506466e-02 8.0915364414e-02 4.4793538396e-03 -5.7246632552e-02 -5.7999123781e-03 -4.9594756692e-02 -6.2956507370e-02 -3.0977841938e-02 -4.0452690354e-02 2.0642154605e-02 1.0994751173e-01 -2.5094182310e-02 -7.2613685107e-02 1.5417182949e-02 -4.2511360963e-02 4.4041350885e-02 -5.2516364189e-02 3.2266031160e-02 5.2266279991e-02 -9.8414975722e-02 -2.1885355974e-02 8.9107868743e-02 -2.7609698324e-02 -2.2986737038e-02 -1.4044637065e-02 6.5217712866e-03 -1.1455739343e-01 6.2020123489e-02 5.1381901482e-02 -1.2149964900e-02 -5.0479953899e-02 6.0725158508e-02 6.3660748845e-02 2.4166943843e-02 5.2682408794e-02 -5.2002446520e-03
-4.9382911120e-02 1.9360066271e-02 5.3921358543e-02 -3.2012337147e-02 3.6393336986e-02 -1.4023731633e-02 1.5657728761e-02 4.4035040647e-02 -3.3697195889e-02 -2.1343826237e-02 -4.6545373671e-02 -3.6075419399e-02 -6.2098467469e-02 -2.2766412613e-02 -1.1252167628e-01 -2.8393362914e-02 -7.0508256575e-02 -5.6317965335e-02 -2.3245628762e-02 -5.7750958705e-03 1.2586390063e-01 -4.2882180290e-02 -1.0523236612e-01 1.7029219637e-02 -9.0835263866e-03 4.6979153981e-02 3.3347532681e-02 -2.3126171001e-02 -1.5200661636e-02 2.0746901251e-02 -3.2990821919e-03 -1.3140623573e-01 6.6849445711e-03 1.3962069670e-02 1.0532439448e-02 -6.7668050424e-02 -8.0571396489e-03 5.1789423359e-02 -3.6705007367e-03 -9.1084317003e-04 3.4226823042e-02 -4.2439148211e-02 -2.3645329397e-02 -1.0181903718e-01 -1.7669116818e-02 3.1826532193e-02 5.0780847967e-04 -4.9277589505e-03 3.8701137133e-02 8.5566481330e-02 1.1642212942e-02 3.9604606963e-02 -9.8191148472e-02 -2.4372575965e-02 -5.4550416000e-02 8.7098238602e-02 5.1272198689e-02 -6.1512344520e-02 -1.7747122730e-02 -1.5144661394e-01 1.2081632271e-02 -1.2089631648e-01 9.8600321581e-03 -1.0528925904e-02 -2.7301337284e-02 -8.6608694535e-03 7.1175930461e-03 2.3180292087e-02 -5.1526314988e-02 1.1674483621e-01 -6.0287619756e-02 -1.4329192803e-03 8.7294684956e-04 7.4318600208e-02 1.9418763006e-02 -7.8063312913e-03 3.8561233051e-03 -3.9310540269e-02 1.2757124551e-02 -2.6411515656e-02 -1.6688273136e-02 -6.5737714658e-02 8.7191526775e-02 3.1048093374e-02 1.0639042829e-01 -4.9265315724e-03 -2.2586196095e-02 -2.7651278185e-03
-9.1690676160e-02 2.6921469721e-02 -1.0853429500e-02 -3.4966964839e-02 -7.5949987797e-03 -1.9636718759e-02 4.5855469403e-03 3.8142175966e-02 -8.6894552056e-03 -4.8016100994e-02 7.5728421129e-02 -3.4315991709e-02 2.0055511692e-03 5.0043366890e-02 2.8982505166e-02 5.6227829363e-03 5.9981264641e-03 5.4754469778e-02 -5.3076002738e-02 1.4740247791e-03 1.4133953256e-02 -6.3398546315e-02 -6.2557579012e-02 7.4816838370e-02 1.8852447419e-02 6.4003770309e-02 2.2758172376e-02 -6.6852931419e-02 -4.5533561142e-02 3.0619934525e-02 -2.4715478899e-02 -5.2908338055e-02 3.5294798808e-02 -4.0413681315e-02 -1.5009102326e-02 -6.9887260772e-02 -1.7992369221e-02 2.4946818912e-02 2.6210969330e-02 2.8068140021e-02 5.3570180168e-02 4.5369736595e-02 -6.1364313310e-03 6.4206606511e-02 -5.4774659227e-02 -4.4681254788e-02 -1.0103423207e-01 -2.2930618399e-02 -4.4027633297e-02 -5.5917248912e-02 1.1279316301e-01 -1.3971302708e-02 -7.4728769532e-02 1.1163928703e-02 -5.8626898214e-02 -4.7723802148e-02 1.0524763643e-02 -2.9519596958e-02 1.3795270183e-02 -1.6340565710e-02 -1.3167067027e-02 4.9931081580e-02 -2.3792160456e-02 -6.3800170307e-02 -2.9261644864e-02 -2.3262102598e-02 1.3312758827e-01 3.4374777201e-02 7.3376115923e-02 9.2419938069e-03 4.3289269409e-02 -2.9274957721e-02 5.8853800015e-02 -3.4894291506e-02 -4.8335246100e-02 7.7182077102e-02 2.0508937548e-02 1.3073922762e-02 -2.8981310163e-02 1.2108905617e-01 3.1017890735e-02 1.5331974081e-03 6.2753438233e-03 -1.1752900002e-02 -1.3355375869e-02 5.6837915678e-02 -1.1730961320e-02 5.5048010119e-02
1.3614602108e-02 -1.6140065502e-01 -6.8404445058e-03 -2.2948170754e-02 -8.1385558574e-02 -8.5989414190e-02 -6.5731997673e-02 -5.6499847306e-02 5.9053560453e-02 -6.1187316071e-02 -4.2320307088e-02 -5.3517653413e-04 -3.7472916984e-02 1.3434300263e-01 -1.2961057234e-02 3.9737790645e-02 5.9117052942e-02 -8.8581518801e-02 -9.9351192368e-03 -3.0219860523e-02 -1.1501181006e-02 3.9165731883e-02 -2.9839026633e-02 1.4108735403e-02 -4.4724193765e-02 9.9167298931e-03 6.7895810489e-02 -9.1566750457e-02 -1.9053255748e-03 -7.0029269469e-02 -2.6798161761e-02 -2.4858788191e-02 -1.9935177194e-02 1.5128932909e-01 7.1271920098e-02 9.8625084295e-02 6.8246475883e-02 -1.7121964560e-02 4.1573963844e-02 -8.6734894533e-02 9.0258873641e-03 -7.9688069513e-02 -3.5943236811e-02 2.5100476375e-02 1.3346139537e-02 -4.6880414578e-02 4.9414487716e-02 7.0948934499e-02 -1.1660425080e-02 2.8515726192e-02 1.5802136568e-01 3.0650938142e-03 -3.5650786580e-02 -6.6591526333e-02 -4.9156168464e-02 4.5985850143e-02 1.2424264199e-02 -7.3341561112e-02 1.1303333296e-03 -2.1720276678e-02 -4.4527610796e-02 -2.5151839290e-02 -6.9055075357e-02 1.3535770781e-03 -4.0382795156e-02 -9.2449605840e-02 -8.7210541053e-02 3.0298072268e-02 1.7347096224e-02 1.5888882920e-02 3.0908401055e-02 2.6404036367e-02 -3.5725644846e-02 -9.5384255995e-02 3.0837570170e-02 -1.9451790868e-02 9.4885817756e-02 1.6853130202e-02 -5.8555414162e-03 6.6181614401e-02 -5.8614361576e-03 4.6329541097e-02 4.4708091190e-03 -3.2806213830e-02 2.2659229846e-02 -5.1231515172e-03 -2.3498369153e-03 -6.1389335542e-02
-7.4654211158e-02 7.2724826373e-02 4.0461552804e-02 -1.5151282778e-02 5.0236526089e-02 -3.5240517724e-02 2.6161582127e-02 -2.8826999458e-02 -3.6727760049e-02 -1.7439334093e-02 4.0243990260e-02 1.7435854321e-02 4.3928496283e-02 -3.2629194961e-02 1.2660060817e-01 -6.3772627113e-02 3.2404349766e-02 6.0538293983e-02 3.4335823980e-02 -9.0260290643e-04 -4.0324279728e-02 3.5839574127e-02 -1.0923297738e-01 9.1555267676e-02 -5.1998253566e-02 8.3398404390e-03 -2.0092080693e-02 9.2624826694e-03 -2.6284561405e-02 1.3844723048e-02 1.2715635026e-02 2.5198671673e-02 1.7766659409e-02 -6.1856864749e-02 4.7460591526e-02 -2.6202702259e-02 4.9049906520e-02 -2.2034308842e-02 -5.0866638091e-03 1.8952678057e-02 -2.3598755264e-02 -2.4562963767e-02 1.3848847811e-02 -7.9827792090e-03 -1.2472214099e-02 -4.9552393420e-02 -5.7610450620e-02 -1.2396477742e-01 3.6401104852e-03 -6.8534231009e-04 4.4789250209e-02 7.5167112445e-02 -4.1630509771e-02 4.1698434758e-02 4.4159902197e-02 -6.1446992828e-02 4.2186188116e-02 3.0978111816e-02 -7.8799211819e-02 1.0118394410e-02 1.1731303488e-01 7.7848232028e-02 -4.4641718098e-02 9.8231559572e-02 -1.4823668807e-03 4.9225758338e-02 6.3343770607e-02 -7.5328490571e-02 4.4700963567e-02 2.9411103118e-02 -1.3574152547e-02 5.1765565172e-02 7.2915190415e-02 4.9095705386e-02 -6.2151242655e-02 2.2886921117e-02 3.6524847213e-02 -2.5562963611e-02 4.3322275194e-02 6.7804221902e-02 2.8671551668e-02 5.2680965794e-02 5.0558349611e-02 2.4482137224e-02 7.9352183575e-02 -5.5185814911e-02 -6.6850368637e-02 -5.4899391330e-02
-2.2399351742e-02 -4.2388196142e-02 -7.2097715172e-02 -6.1238792598e-05 -1.3232284894e-02 -4.4989008087e-02 -1.6082103079e-02 -5.2634742087e-02 -8.1970800042e-02 3.5475627656e-02 -4.5018985687e-02 4.2830665456e-02 5.4470616783e-02 6.7161602271e-02 -6.5473596858e-02 5.1125744333e-02 3.2660385259e-02 -9.0166649904e-03 -7.1481457630e-02 -7.5405082190e-02 8.9753756584e-02 -4.7997538593e-03 -5.1401004425e-02 7.8571727747e-02 -3.0994654188e-02 7.3231491299e-02 4.1672123402e-02 3.5908622450e-02 -3.6939171016e-02 -1.3236270884e-02 2.3259945562e-02 -2.0005877143e-02 -4.0485707392e-02 1.9739095213e-02 7.8692924002e-02 1.1228059809e-02 6.2941224817e-02 2.5622025738e-02 3.5338264665e-02 -7.7683511284e-02 2.0812469204e-02 1.2814231587e-02 5.6857929090e-02 4.1103723299e-02 3.3621153290e-02 -7.7001925135e-02 7.0199275999e-02 -3.9555892695e-02 -5.5480706832e-03 5.0318981859e-03 -1.5310507076e-02 -6.2799600024e-03 -2.2246612376e-02 5.5976330640e-02 9.6233256931e-03 -3.5570028532e-03 2.2923672215e-02 3.9289020611e-02 -1.7898205551e-02 -4.2657656458e-02 -5.6748589960e-02 -9.4890294744e-02 3.5440596578e-02 9.3923596551e-02 -5.0024611350e-02 -6.9084614090e-02 4.4453901366e-02 -5.9648678743e-03 3.9257897904e-02 3.4059746571e-02 -5.0018876497e-02 6.6663847939e-02 6.7465214826e-02 -2.9933481164e-02 2.8007073048e-02 1.3430989324e-02 4.2714672011e-02 1.7267301136e-02 -7.2978837031e-02 -2.0608038350e-02 3.4772338356e-02 -3.1013429825e-02 3.0083502947e-02 8.1529122607e-02 4.6090966329e-03 -3.8977959828e-02 1.4756860311e-02 3.2058664414e-02
-1.0838628335e-01 -4.0732444150e-02 5.7920514237e-04 1.3319498205e-02 -4.5255667212e-03 -2.3912203706e-02 -1.2852851940e-02 -1.2509212445e-04 -3.8237426077e-02 1.0495852161e-01 2.8913042852e-02 -3.4378491464e-03 8.8778709522e-03 3.7229595074e-02 2.0794603555e-02 6.1418619562e-02 2.2626009854e-02 -8.0869535029e-02 -4.8973376894e-03 -2.5803546915e-02 9.8154700187e-02 5.6445591269e-02 -1.0872808187e-03 8.4271068012e-03 3.2447313029e-02 -1.3634195388e-02 2.7501305731e-02 -7.1100186023e-02 -3.1130337350e-02 -5.5947346270e-02 3.8794939523e-02 3.7547018673e-03 4.0493589348e-02 -1.7540084918e-02 2.4813402412e-02 -4.3937468291e-02 3.8039211938e-04 -1.3512886028e-02 7.8518048768e-03 9.9832742404e-03 2.2653520419e-02 1.7898331329e-02 -6.2153277583e-02 -4.0526627865e-03 -6.2108490420e-02 -5.8084638775e-02 2.7259411550e-02 1.4079854452e-02 -2.8466136718e-02 -2.9714913042e-02 9.0158888363e-02 1.8890867586e-02 -2.0702808354e-02 9.1480200943e-02 6.8123974251e-03 5.5301639021e-02 2.3466188797e-02 -3.8588561044e-02 8.2931054773e-02 4.0627722530e-02 -4.8089234889e-02 -1.5198166590e-03 -9.5145311676e-02 3.3335480630e-02 8.0530722879e-03 1.6207460122e-02 9.3630127737e-03 -4.4707202007e-02 4.4305765953e-02 -4.2197121268e-02 -1.0078417090e-02 -3.7881646143e-02 2.0610469888e-02 -6.5845972885e-02 -5.2021437562e-03 3.3367285931e-02 4.1564882442e-03 1.1892291797e-02 4.3996728688e-02 7.2207507231e-03 9.1119033817e-02 -2.0928786189e-02 -1.0027481478e-02 1.9521006568e-02 -2.2236775951e-02 -1.2687173092e-03 1.5598757326e-02 -3.7177126220e-02
-2.2138533605e-02 -3.0174524391e-02 1.5424760346e-02 -8.9308783242e-03 6.8972659881e-03 -3.8653849782e-02 -3.2657317431e-02 1.9951066376e-02 -4.6513158930e-02 4.8326200214e-02 2.3631542599e-02 -7.4161130729e-02 1.4283307565e-02 -2.7065096137e-02 -4.3982275276e-02 4.2525156394e-02 -3.0522340860e-02 -8.2690715085e-03 8.0615552986e-03 6.4250877713e-02 -6.2925101209e-02 -6.9127236807e-02 1.8089463838e-02 -1.5391314105e-02 7.1765610509e-02 4.6496874859e-02 6.8447100164e-03 -8.7233209793e-02 -1.9842509275e-02 -1.0190763176e-01 1.0083762325e-01 -1.5080361823e-02 6.0669828392e-03 8.1905044652e-02 4.7592322663e-02 -4.6740607964e-02 2.0331951492e-02 9.3735087741e-02 6.9998340140e-02 -5.0102719327e-03 2.9992771816e-02 -3.0745082712e-02 -2.1190815794e-02 2.4809811079e-02 -6.3336143296e-03 -1.7439271677e-02 -1.8412342379e-02 -5.9898226764e-02 -5.4106673403e-02 8.1502607661e-02 4.9584736958e-02 -1.5127107982e-02 -4.3309115686e-02 -1.0845238516e-01 -6.3442713696e-02 -3.6259854006e-02 1.6325115924e-02 3.8383864981e-02 -2.8492661170e-02 6.6664330169e-02 -2.0895169130e-02 5.5619550921e-02 4.7375752556e-02 -5.9001861863e-02 6.8865784820e-02 -4.0905824836e-03 -3.2285299086e-02 -2.9713421388e-02 -2.0729925602e-03 -2.3153699117e-02 -2.8289689759e-02 5.6838629536e-02 -4.0386069738e-02 -1.7350709969e-02 3.5801378694e-02 2.6275328712e-02 8.3343381690e-03 -4.5178635125e-02 -3.9514735218e-03 1.1107199966e-02 3.4963163614e-02 3.6300491055e-02 1.5018953891e-02 -2.7684278784e-02 -1.9836985736e-02 -1.9968612499e-02 9.3766589137e-02 -2.6886374797e-02
-3.8951302268e-02 -2.6882748417e-02 -5.1141159216e-02 -1.6064898868e-03 7.9340137558e-03 -5.6744533456e-02 6.5732851053e-02 -2.7183862507e-02 -6.3317016525e-02 9.2435030297e-03 9.3300579279e-02 1.9207236090e-02 3.3819503535e-02 2.4182622654e-02 2.7694946627e-02 -8.8857464281e-02 1.3232280117e-02 -8.3350049745e-02 3.4282717538e-02 7.4622540319e-02 -2.5553983331e-02 4.3427989832e-02 4.5258649778e-02 -1.5815311938e-02 4.7494646504e-02 1.2788425855e-02 -4.4430996991e-02 -2.0714473411e-02 1.0485282361e-02 -7.6172302293e-02 -3.9453961268e-02 4.4582187648e-02 -3.4342316345e-02 2.9362767606e-02 3.5688042059e-02 -3.4454607323e-02 9.4753475925e-03 3.2330782053e-02 8.4440311708e-02 -1.0556413821e-01 -5.5429692495e-02 -4.7909942111e-02 2.2071343145e-02 4.1005853000e-02 1.5478709757e-02 -2.1325613050e-02 3.8249360259e-02 -8.1535373522e-02 2.4060478853e-02 -7.8350377220e-02 3.0145560841e-02 1.2236343910e-02 -4.0024181568e-02 1.6067393376e-02 5.4770771135e-03 -1.9145677053e-02 -5.5402268500e-03 2.3009728681e-02 -6.9210142597e-02 -3.2013692049e-02 -2.4480179929e-03 -6.4116125199e-02 -8.3235472659e-03 2.2265546786e-02 -1.5385682034e-03 2.4851966539e-02 4.7905085115e-02 -9.9283205937e-02 -6.4510568856e-02 7.0846920452e-02 -5.7166039368e-02 -5.8479296565e-02 7.1584073737e-02 -5.0584414732e-03 -3.4660982258e-02 -3.1978604717e-02 7.8163859867e-02 -7.0875746594e-03 -5.2803508644e-02 1.3624772591e-02 6.8048223567e-02 1.0395467990e-02 -5.9736705542e-02 -4.5646214808e-02 5.7299297442e-02 1.0179594661e-01 -2.5759113151e-02 -3.2097030344e-02
5.5343736541e-03 -3.9270686482e-02 -7.1832095466e-02 -1.1561744379e-02 -5.8984676111e-02 -8.2062777426e-02 8.1547338584e-02 1.9551563382e-03 7.8457935796e-03 -4.5264499598e-02 -5.4168302963e-02 -4.4641236420e-02 3.9544293110e-02 -1.0261241909e-02 1.3799163576e-02 6.7542376170e-04 1.3336152367e-02 -1.9513392632e-03 -1.8767209983e-02 -1.1253724628e-02 -1.7728178850e-02 -2.0964637289e-02 -5.1685281603e-02 1.5361833376e-02 6.5536583203e-04 1.1631546002e-01 4.2520489713e-02 -4.5999876192e-03 3.7150893999e-02 -3.4472818645e-02 -1.7140204463e-02 9.3302782310e-02 9.5683236846e-03 -6.7303923261e-02 -5.4759812413e-02 -3.7489492271e-02 7.1725942668e-02 -4.0522694768e-02 -5.6615532509e-02 -2.8467205294e-02 4.6890646727e-02 -8.4991052767e-02 6.2676071888e-02 8.9943796825e-02 -2.5634388631e-02 3.7865263879e-04 -2.1284466679e-02 3.9288736622e-02 -5.0840795667e-02 2.3228817409e-02 -1.9602318479e-02 -1.2927424488e-02 3.0269886316e-02 8.2533977497e-02 4.0683748261e-02 -4.8031265657e-02 6.7601815056e-02 4.1858154957e-02 4.2237743530e-02 -2.2773810929e-02 -7.5011624162e-03 1.5378704888e-03 4.2935452387e-02 -2.9805735326e-02 4.7325373611e-02 -2.3414415371e-02 -5.3687444268e-02 -1.6831317663e-02 4.1352150998e-02 5.3151098824e-03 -5.1273078070e-02 6.6085839244e-02 3.1762494098e-03 2.3365878955e-03 -2.5386523184e-02 -7.6774640729e-03 -4.9155762450e-03 5.1208247798e-02 -2.7889997700e-02 4.7969227524e-02 1.8430996634e-02 -7.1651259794e-03 1.1099528457e-03 8.2383733454e-02 -8.7338758422e-03 -1.9731139278e-03 -8.7349973421e-02 4.3915834377e-02
4.0134319595e-02 1.6357071483e-02 3.8684762942e-02 2.0719765137e-02 -1.5214286152e-02 2.0025282587e-02 -1.2508229569e-03 -7.1173557039e-02 -5.1500594869e-02 -4.6912658252e-02 1.5816243717e-02 -5.8692926115e-02 1.9449377179e-02 5.6532311788e-03 2.1864107101e-02 -4.8113759001e-02 5.4147859121e-02 -4.4986310381e-02 -5.8032780943e-02 -6.1814087127e-02 -7.1650974633e-02 6.8677884389e-02 3.6027442736e-03 3.3713838950e-02 -6.7489127265e-03 1.2942788155e-02 9.5714105014e-02 2.7662234289e-02 -7.0833623434e-03 -2.1449707804e-03 -5.2091121889e-03 -4.8269751101e-02 -7.3587741573e-03 -6.7314225288e-02 4.0750165412e-02 -6.6355313769e-02 1.6437914636e-02 -2.7522589086e-02 -5.4340321406e-02 -8.4373332106e-02 -2.1445653636e-03 -4.4154878781e-02 4.1735752872e-02 -5.3554843542e-03 -9.8352674850e-03 3.4820667489e-03 -2.0005582173e-02 -3.0248482560e-02 9.7887778754e-03 7.4557740028e-02 3.3617432609e-02 5.8344513997e-02 5.6301255800e-03 -3.3994788249e-02 -3.6715244000e-03 -3.5965558086e-02 -7.6161685442e-02 9.6388931816e-03 2.1934193455e-02 2.6882330814e-02 2.9731452553e-03 -6.9812439865e-02 -8.6216628257e-03 -2.1094720736e-02 9.0698943117e-02 -1.0738078803e-02 1.2198920966e-02 4.0060032354e-02 6.2216429244e-02 4.8833008550e-02 -9.2365613839e-02 3.7474700501e-02 -1.7208262930e-02 -8.2757193860e-03 -1.4818989961e-02 -2.6166245850e-02 3.3709955966e-02 -7.9986237253e-03 6.8659057124e-02 -1.1060810351e-02 -1.3300936901e-03 -6.4565732715e-03 4.2728027401e-02 2.3902634952e-02 4.4828943060e-02 -3.8699561132e-02 4.8211150942e-02 1.9720675053e-02
-4.2662292630e-02 -4.2460955690e-02 2.6825005980e-02 3.6235575137e-02 8.4452717489e-03 -3.3913319008e-02 -6.8770185394e-02 -1.2546289509e-02 2.9074537563e-02 -3.4360255060e-02 -6.4564420299e-02 -2.4312804526e-02 1.0391917570e-02 -3.6045540043e-02 -5.8912583546e-03 -1.7437768776e-02 2.1432858348e-02 -3.6274826527e-02 8.1268405651e-02 2.6281195731e-03 -1.5452053378e-02 -2.5853652470e-02 -5.8159611722e-02 1.3127840000e-02 -5.9626315890e-05 -7.6022992812e-03 3.0387521672e-02 -1.5243001696e-02 6.8519376574e-02 4.8506791681e-02 3.5357509675e-02 -1.0982784684e-02 5.9104072458e-02 -7.2320288665e-03 -5.7925399287e-03 6.8268848257e-03 3.6180771679e-02 1.2763661265e-02 2.5412652178e-02 -1.2534157152e-02 4.6418866492e-02 4.3390233763e-02 4.5111904284e-02 7.0126923033e-03 -7.8068733526e-02 2.1493637679e-02 -1.3924870694e-02 4.2605723516e-02 -1.3502589911e-02 2.9913663282e-02 3.3273547967e-02 -2.7260062430e-02 -2.8149875728e-03 4.2159354183e-02 7.8733866224e-02 -5.9473587257e-02 -6.5297450559e-02 -2.9837320472e-02 -3.3643186630e-02 5.7408460632e-02 4.4045358797e-02 -2.0912590181e-02 -4.2435308091e-02 -1.4269123324e-02 6.5489096660e-02 6.0983439837e-02 -1.2264225565e-03 -2.0860858788e-02 -4.6731785066e-02 3.7602044012e-02 -2.8526161472e-02 -5.8032038327e-02 -2.3387454259e-02 7.8771347199e-02 9.3696852689e-03 2.4069154372e-04 3.1660826148e-02 5.5584430980e-02 -5.2368402068e-02 -5.2496714846e-03 6.9255352562e-03 -1.7410744564e-02 2.9804334332e-02 -6.2277827739e-03 -1.4779620622e-02 5.3569961707e-03 2.5170155548e-02 -3.1338238968e-03
-1.2577353614e-02 -3.6683957335e-02 -2.2232164018e-04 -9.0443209981e-02 -3.4225222963e-02 1.1453033363e-02 -4.9177784582e-02 -6.0584068414e-03 -3.7001888682e-02 3.7508337647e-02 -4.1334244091e-02 2.9607387267e-02 -6.0833809704e-02 -1.6724095819e-02 8.6442182032e-02 -4.4271644581e-02 1.2496716593e-02 -1.5746227694e-02 -1.3487910491e-02 2.1322005026e-02 4.2599283392e-02 4.6532754074e-02 -5.2042711587e-02 1.1173138422e-02 4.8611146023e-02 1.9889420014e-02 -3.0844491443e-03 7.6495493463e-02 -4.2741637316e-02 3.4374017506e-02 -7.7339950854e-02 -3.9051906804e-02 -1.1983384465e-02 -1.5859228856e-02 6.7667157813e-02 7.5854917251e-02 -2.6041053630e-02 6.5224210215e-02 1.2023972659e-02 -5.7178297862e-02 2.6631822182e-02 4.0404606262e-02 -2.0520160690e-02 -8.0319485419e-05 -2.4299498201e-02 -4.3253313981e-02 -2.1990303823e-02 -6.9552530092e-02 -2.9454854981e-02 -4.8683445150e-02 3.5973098036e-02 -7.0724799447e-02 -3.0414595204e-02 -3.3618162372e-04 5.9522481982e-02 -2.6063944728e-03 5.6071667996e-02 2.9600888418e-02 1.2732176376e-02 -1.4198873445e-01 -3.9491404533e-02 2.5493793767e-02 1.2921930278e-02 4.8782289204e-02 -2.6515277360e-03 -3.1495835542e-03 3.7404596213e-02 1.1338403848e-02 6.8763515001e-02 -3.2887092285e-02 1.0994448819e-02 5.9637797583e-03 -3.3214554669e-02 2.2659562976e-02 2.9288037277e-02 -3.4397331683e-02 -1.4655743640e-02 -9.1661154015e-03 -3.6504297310e-02 -5.1797741405e-03 5.9597297529e-02 -4.8291900867e-02 2.0994874590e-02 1.1356605394e-01 2.4230450850e-03 -6.6789234283e-03 -9.7532334273e-02 1.0936576766e-02
4.2691572059e-02 2.0900609529e-02 5.2545228391e-02 2.6595075229e-02 2.6583225922e-02 4.3515370052e-02 -5.6381452918e-02 4.5250734495e-02 -8.3116409306e-02 -3.4158075405e-02 4.0162422250e-02 -3.1814455051e-02 -6.6509211861e-02 -1.1539026667e-02 3.4016220402e-02 2.7185447010e-02 -3.0426584906e-02 9.5177129877e-03 4.3496160174e-02 -1.3383874932e-02 -8.2476167981e-02 3.2259375827e-02 -7.1588769200e-02 -4.6371868912e-02 6.3385905653e-02 6.9270228932e-02 7.6008657535e-02 7.3943415268e-03 -2.1706735143e-02 1.3333708657e-02 3.6635243071e-02 -4.0799623570e-02 3.6128157162e-02 -5.2001802867e-02 -5.5657857316e-02 5.2108740906e-02 -4.2508308317e-02 2.7563943600e-02 2.9664844136e-02 -8.7191055476e-02 3.1890107291e-02 6.1913105735e-02 3.6898557527e-02 -5.1319989522e-02 -6.5566646390e-02 -9.8532410691e-03 6.7029063255e-02 4.1866238772e-04 -6.7474162327e-03 -1.5766999071e-02 -1.8906674250e-03 -6.4707479199e-02 -4.6139058520e-02 -6.0183689274e-02 7.1698055939e-02 -1.5480448759e-02 -3.0390313684e-02 -3.1824163349e-02 7.8251155019e-02 2.3714826244e-02 -3.5478257573e-02 7.6880484568e-02 6.2652979917e-03 -4.1274887586e-02 1.6288690136e-02 5.2334541150e-02 8.1832494088e-02 -4.1966655132e-02 -6.2100041595e-02 -2.7687338042e-02 -8.5745345889e-02 -4.8180212932e-02 3.3155988529e-02 5.4604079700e-02 4.3372161872e-02 -3.3318532165e-02 -7.9273881698e-02 3.1878256616e-02 -5.3415553701e-02 -3.0654200072e-02 -6.8937943856e-03 8.6405649240e-02 3.9753510649e-03 5.1944228469e-02 -3.5144755487e-02 -5.0186682155e-02 -3.9025032475e-03 -7.3862795141e-02
1.1308242598e-03 1.9349439305e-02 1.6724666760e-02 -3.5741723496e-02 -2.9013666190e-02 -5.9991532690e-02 -3.4804478269e-02 -3.7384678945e-02 -5.9314939437e-02 -3.8607826026e-02 1.4045120200e-02 -2.7006789894e-02 -1.1354193998e-03 4.0254033916e-02 7.2845146001e-02 -3.6067921842e-02 -1.8037370283e-02 -5.2148098018e-02 -7.0140028943e-02 -9.9479159816e-03 -7.0440768996e-03 1.9535814590e-02 -3.2345549762e-02 3.2478177986e-02 -8.2779043895e-02 3.9519197693e-02 -1.0539538462e-02 4.6293403008e-02 -7.7022180049e-02 -2.1211030286e-02 -4.5366200244e-02 6.6407011288e-02 6.2669650441e-04 -1.1314353690e-02 -1.3332648883e-02 4.4760252476e-02 1.0741690616e-01 -5.5108525859e-02 -1.7703323872e-02 -1.1822480246e-01 3.4547498061e-02 -9.0120413960e-02 -8.2005029145e-02 1.5203318885e-02 1.2885204114e-01 -9.7645430691e-02 -2.0462276183e-02 -8.9740131643e-02 -3.1833272607e-02 -1.4096418816e-01 1.5208220094e-02 5.4843599078e-02 3.3994437541e-02 5.0421200248e-02 1.1352963177e-01 -1.3441037750e-02 -2.7794811931e-02 4.6844070473e-03 5.3016317108e-02 1.1023984841e-02 -9.4072819639e-02 1.9551718953e-02 -2.2196311465e-02 9.4337503527e-02 -6.3451468372e-02 -7.2351593984e-02 3.7906617089e-03 6.2783027604e-02 -3.0448569637e-02 -9.0541272422e-03 -1.9129530240e-02 1.2579846767e-02 1.0551611389e-02 -3.1807807025e-02 4.5009478551e-02 -3.9655622517e-02 7.7163242866e-03 3.7058339827e-02 5.1276134922e-02 1.1670698150e-01 1.5365641211e-01 -1.0014777588e-01 5.7861811763e-02 8.3839682347e-02 -7.3444314549e-02 -4.1480412470e-02 -2.7639729344e-03 1.3559920239e-01
8.0042032102e-02 6.4646243024e-02 5.0848833840e-04 5.7669450488e-03 -1.1613241353e-02 -1.0055822914e-02 -1.5333764709e-02 -3.4715312695e-03 4.1011469009e-03 -3.5833975698e-02 -5.5436612146e-02 3.6348297267e-04 -7.7887460509e-02 7.4681714011e-03 6.2646822299e-03 5.1738568409e-03 -3.1742564677e-02 8.8830750200e-02 3.1092384677e-02 2.9944475239e-02 4.7241566466e-02 2.8192787035e-02 -8.8148486121e-03 8.2881370529e-03 -4.1716139363e-02 -6.9635452206e-02 -8.5707587676e-02 1.2647024258e-02 -1.1829093543e-02 8.2617166063e-02 2.7426147549e-02 8.3738843857e-02 -5.5558611869e-02 7.2203848127e-03 5.6719015377e-02 -5.8048479266e-03 5.1932903014e-02 -1.3878170233e-02 5.0071911147e-02 2.8679556259e-02 -1.3246039280e-02 5.5254126599e-03 9.1740922604e-02 -7.4080279222e-02 -7.5234029539e-02 2.3630716126e-02 2.7170668649e-02 5.7853010424e-02 -5.6056122506e-03 2.2299505909e-02 8.1358530678e-02 1.2888477939e-02 -5.7215942075e-03 -6.9292165422e-02 -9.8077703325e-02 -4.7558981197e-03 4.9686522697e-02 -6.6810986358e-02 7.3114005611e-02 2.1266531487e-03 -4.3168256564e-02 2.0935102367e-02 -3.3395811285e-02 -3.8477336966e-02 -9.4476117777e-03 6.1293451972e-03 -8.9873480648e-02 -2.7965826868e-03 -3.1755668991e-02 3.7431266119e-02 4.5733719009e-03 1.5229525013e-02 -7.9084617965e-02 6.4990076536e-03 -6.5300419880e-02 2.0877854720e-02 -6.7751497551e-02 -2.5575712725e-02 1.0005916141e-02 -5.4115085681e-02 4.2818810492e-02 -1.6625760175e-02 6.8593376893e-02 -1.7365494753e-03 6.3044853642e-02 -3.3961556854e-02 -3.2678902746e-02 -1.4163711893e-02
-1.5670923840e-02 6.3683977686e-03 -2.4945464763e-02 -9.3935940807e-02 1.7336304853e-04 -1.3934797217e-02 5.5429547593e-02 -2.6742366389e-02 -9.8180887183e-02 3.8038307532e-02 -1.6316447138e-02 -1.7464400070e-02 -3.3492318752e-02 5.5962604671e-02 -5.3735065604e-02 -2.3651976204e-02 -1.7322100084e-02 7.8844531254e-03 -8.2742049141e-02 -1.1878740582e-02 -3.4141670685e-02 -3.8627045400e-02 -2.0651446804e-02 -2.5652846467e-02 -1.7626212136e-03 6.5057045277e-02 3.3953476857e-02 3.9404788868e-02 6.5243813197e-03 1.4506377340e-02 4.8314983864e-02 -1.1809992080e-01 5.6004071792e-03 5.2622308158e-02 -6.4765188967e-02 9.4149743565e-02 8.2098865512e-02 -5.8513408081e-03 -8.3383019797e-03 4.7016472254e-02 4.8825768486e-02 -6.4592547453e-02 7.9641377468e-02 5.1959640650e-02 4.1800276837e-03 7.2568154244e-02 3.6846602743e-02 -2.5027353553e-02 -1.1030092074e-02 3.8881059955e-02 -2.3377417915e-02 -7.5506501456e-02 -3.4781040663e-02 -2.1763427515e-02 -1.4119251974e-01 8.2671402800e-03 -5.2089065237e-02 1.7027187855e-02 4.9884994215e-02 -2.4802668945e-02 2.3597829711e-03 -3.2874660448e-02 -4.4179472501e-03 -7.6750115369e-02 -4.2130963221e-02 -6.1959207687e-02 3.9160407777e-02 -4.2810576942e-02 -8.8978591201e-03 6.0574530008e-02 3.2071843828e-02 -3.6223579598e-02 -8.3009305178e-02 -4.0959179877e-03 -2.2630045814e-02 1.4209066368e-01 2.2296666647e-02 -9.1009507505e-04 -6.0338932241e-02 5.4582071796e-02 -4.7452187832e-02 1.4756094311e-02 1.4685277259e-02 2.0400492113e-02 4.4784607860e-02 -2.6108983666e-02 -9.1237848739e-02 6.1067473781e-02
1.8121613443e-02 -6.0986906756e-03 2.4110511716e-02 -6.8295534091e-02 8.7526433684e-02 -1.5101288222e-02 -9.9329534095e-02 1.4378648098e-02 1.1679342682e-02 -1.2269235082e-02 -5.7303757886e-02 1.3608493501e-02 -1.8373040887e-02 8.8051259630e-02 -5.0117680728e-02 -2.8478605092e-02 -3.0356003673e-02 -1.2877401948e-02 -7.9287739512e-02 -1.0797300391e-01 5.0076027063e-02 8.2472940316e-02 -7.9063228452e-02 -2.6126349789e-02 -1.0913285170e-01 1.0475187484e-02 -5.9707887721e-02 -1.6237751732e-02 8.5084211459e-04 -6.2435818839e-02 -1.0147424203e-01 -3.9523354006e-02 1.2083281680e-02 8.2112412206e-02 2.1464657424e-02 7.7160139722e-03 5.0193132141e-02 -4.8051324788e-02 5.1595726110e-03 -3.9313483139e-02 3.2830207866e-02 -9.8279333473e-02 1.0781535141e-02 2.1991136979e-02 4.2194215829e-02 1.0099181953e-01 -1.7524698850e-02 -9.1443782500e-03 -1.5398743827e-02 -6.9909274104e-02 9.6257341067e-03 -4.3239041811e-02 3.3537718988e-02 5.8766881667e-02 4.3798800866e-02 2.2573720707e-02 -1.9556716884e-02 8.6669843726e-04 4.3757682249e-02 2.7393976305e-02 -6.2104222512e-02 2.0404056469e-02 -6.1007731543e-02 3.7918822853e-02 3.4477911212e-02 -2.8151642514e-02 4.6692824767e-02 8.1301886681e-02 9.4845551968e-02 8.0101846299e-02 5.5495859150e-03 3.3094236211e-02 -3.0998666654e-02 -1.2853606248e-02 -2.2412530772e-02 1.8942612482e-02 -7.1074433611e-02 3.7024466182e-03 -4.9926248622e-02 8.8138108561e-02 -6.6153612487e-03 -6.5871595887e-03 -2.0299690042e-02 7.2059352504e-02 -1.2129078382e-01 -3.2732786875e-03 -9.9729300832e-02 -6.9790684592e-02
-7.4306964499e-03 2.9345340760e-02 3.3080818026e-02 -5.3492274640e-03 -9.0812538071e-03 5.8152449636e-02 4.5570199456e-02 5.8635912177e-03 -9.7705133194e-02 9.8808173973e-02 2.1178587902e-02 -6.4680964176e-02 -2.8099799678e-02 -2.9252984384e-02 8.4309257497e-02 -1.9222191480e-03 6.6214160843e-02 9.1495142762e-02 3.3634942939e-02 7.7625489901e-03 -4.3035791423e-02 1.3038952521e-02 -1.0394349397e-02 -6.8739164835e-02 -4.7687846310e-03 -1.0863696748e-02 -2.8016005205e-02 1.1396019584e-01 -7.2984141352e-02 5.9079862243e-02 9.2633203946e-04 -6.3860601863e-02 7.8228161326e-03 -1.7265498071e-02 -6.2654102685e-04 -5.6501557042e-02 -1.0679014054e-02 1.9278350371e-02 3.3875451961e-02 3.5839831811e-02 -6.8996319252e-02 3.9544307972e-02 4.9132776524e-02 -9.1893531263e-02 -1.5037243213e-02 6.9699435039e-02 1.7943865158e-03 7.1935695374e-02 -6.7708238789e-02 -9.3680955733e-03 5.6766419877e-02 -3.5751029705e-03 1.3883412933e-01 -2.3079061501e-02 -1.2078199294e-01 -3.6533096803e-02 -3.0274846311e-02 -9.5757487189e-02 1.0507996019e-03 1.0525034563e-02 5.4432812127e-02 -1.3222654973e-02 4.1980306294e-02 -1.3422715055e-01 3.5849232754e-03 6.5685004165e-02 -1.8449657610e-02 -8.6200985589e-02 -2.6862112037e-03 1.2016498825e-01 1.1877428289e-02 7.1699253640e-02 -6.0590448041e-02 -2.2084726409e-04 -1.3748808250e-02 -2.8199521045e-02 2.6067726024e-02 -1.0678459448e-01 -6.5519382203e-02 -7.5987441782e-02 -7.0519492636e-02 6.7001128605e-02 -2.5365593297e-02 6.5877570557e-02 1.9736681337e-01 6.1740113180e-02 -2.4985275821e-02 -2.1457126707e-02
1.9923961097e-02 -5.5466439805e-02 -1.3386260030e-02 3.7778665291e-02 3.0751672522e-02 -3.5417102820e-02 3.6658583424e-02 3.8765734841e-02 -6.2936989930e-02 2.3909565307e-02 3.9642255335e-02 -1.7003812276e-02 -6.2618298481e-02 5.6939585525e-02 4.4314872636e-02 -3.9081683794e-02 -2.6771778089e-02 -5.6350669786e-02 -4.1815179351e-02 -2.9262456480e-02 1.1920362477e-02 3.1272896696e-02 -3.6203330981e-02 3.2238621893e-02 5.2035326912e-02 7.4153924137e-02 -1.7981917679e-02 2.5362585633e-02 2.0092481459e-02 -5.0033036448e-02 -1.1829514685e-03 9.5793774879e-03 -2.5878203316e-02 1.0270674607e-01 3.1698952735e-02 -2.5109972969e-02 1.6562932564e-02 2.0431940550e-02 6.4328223345e-02 -9.0925975589e-02 -1.2079015952e-02 -2.3912399766e-02 5.9988038852e-02 2.3295454069e-02 2.5639957398e-02 3.3115461348e-02 8.5160279999e-02 -5.0233698927e-03 -8.6513254743e-02 7.1709119783e-02 1.2820578111e-03 -2.4210452122e-02 -6.6602460063e-02 1.0310360825e-01 4.8177346728e-02 -5.2755596419e-02 -3.2241091855e-02 4.8288405947e-02 1.1442831445e-01 -5.2314218490e-03 -7.3506327264e-02 -5.8484675205e-02 2.9765132938e-02 -2.0477171870e-02 -4.2184011630e-02 -6.7326423523e-02 3.0431112578e-02 7.2049214981e-03 4.1007084968e-03 -7.1546074099e-02 -4.5334330206e-02 -4.6009516640e-02 3.8130603583e-02 7.5560969091e-03 4.9689746322e-02 -1.0336075584e-01 2.2048738357e-03 -2.1349238287e-02 -9.7123619150e-03 -8.0381170470e-03 3.8264198913e-02 9.6235468783e-02 4.9390528400e-02 -5.0112637598e-02 9.0848722955e-02 5.2471415609e-02 2.9569923688e-02 -7.6950454507e-03
-3.2734057901e-02 2.6134499538e-02 4.7656082646e-02 -4.8428114917e-02 3.1702109360e-02 -1.0333970836e-02 -3.7900087666e-02 -3.4136024551e-02 3.1099099119e-02 4.8629939370e-02 -8.3737607137e-03 5.6315786432e-02 -6.1418221259e-02 -4.8086851466e-02 7.2952799875e-02 -3.2467222347e-02 -3.1929304521e-03 7.7581011887e-02 -4.5389879725e-02 6.5046917808e-02 -1.7450170778e-02 -2.3635575035e-02 5.4129857343e-02 3.3799549985e-02 1.1805152636e-02 -1.1191310944e-02 -1.1671852911e-02 1.4049173765e-02 -1.5534721689e-02 5.0872565476e-02 4.6918842320e-02 -5.2304934215e-02 -3.2069250923e-02 -3.7429484127e-02 -4.8592745880e-02 -1.0089405875e-03 1.4937845869e-02 -1.8655559835e-02 -4.9698749233e-02 -3.4252865541e-02 2.1353815850e-02 7.4876032051e-02 1.0389170836e-02 -4.4371795822e-02 -6.5889800900e-02 -4.9585764910e-04 3.9168565234e-02 -9.0871735338e-02 -3.0259455249e-02 -1.5890880574e-02 2.4954901444e-02 -4.1593097105e-02 4.9406267001e-02 9.5943782443e-02 -1.2306373451e-02 -3.8713386505e-02 8.4451441162e-03 9.5521966357e-04 1.9344538721e-02 -5.0896324216e-02 -1.3325151371e-02 -3.5672676222e-02 4.5780687215e-02 -1.2068333621e-01 -9.0614741819e-03 -2.7851344943e-02 -5.3514250247e-02 -6.2542126701e-02 8.2503822620e-03 2.1903109595e-02 7.0363468997e-03 6.9406026016e-03 4.8975259496e-03 -4.6188223078e-02 3.1407540307e-02 -6.5451628588e-02 2.1587255911e-02 -4.6835324189e-02 -3.3637704411e-02 3.5279063783e-02 6.1403140201e-02 3.8974020298e-02 -4.9877404805e-02 1.1735548470e-01 5.5227611715e-02 -1.1256617538e-02 -8.1215063854e-02 1.4081611521e-01
4.1821051804e-02 2.7581275507e-04 1.7407732280e-02 5.9879121359e-02 2.9430921129e-02 5.9214560040e-02 2.7586624013e-02 -9.5071175344e-03 -8.2637260057e-02 3.0292149211e-02 -3.1659930167e-02 -8.2183977281e-02 1.1014489963e-02 -1.2895520684e-02 -7.8822651038e-02 -3.9599472939e-02 -4.6292559726e-02 -8.9885460225e-02 -6.1617608170e-02 -4.2203139829e-03 -1.1185239975e-02 7.9898404345e-02 -7.4259793136e-02 5.0011467080e-02 3.6868362363e-03 -4.9641619964e-03 -6.0179557138e-02 -6.8198894438e-02 -1.5305426600e-02 5.6950064737e-03 -1.4093514235e-02 -9.5466130013e-02 -1.9712081728e-02 2.8270294449e-02 1.5601163187e-02 3.1949612237e-02 -1.0704118611e-02 4.1200916859e-02 7.9117136077e-02 -1.0029608113e-01 3.6669718549e-02 -2.1000393074e-03 -2.9304256670e-02 2.9507262361e-02 1.1938067647e-02 -6.2817982281e-02 1.5951326159e-02 -2.2057257366e-02 -2.7677031618e-02 9.8312149138e-02 4.5782661063e-02 4.2945505504e-02 1.9052256023e-02 -7.4085773194e-03 -3.4756730973e-02 7.5239972140e-03 5.4686879058e-03 1.9622193573e-02 -3.2860315747e-03 -5.6666854557e-02 3.5131171987e-02 -4.7731391390e-02 -6.3618714710e-02 1.2086463217e-02 1.3744654139e-02 -9.8470545079e-02 -9.4405108991e-03 3.6460980780e-02 -4.3868078126e-02 9.1171333261e-02 -1.0830808703e-02 3.1570638653e-02 9.3449798791e-03 -6.2462974706e-03 -5.5498926421e-02 -2.4164287902e-02 -2.0940685460e-02 -3.8073539196e-02 -5.1113874444e-05 2.6666193444e-02 -3.6061970401e-02 1.3610615619e-02 1.8099365713e-02 4.3046033461e-02 -5.0255327817e-02 1.8543608239e-02 -2.2605470612e-02 -9.4258678188e-02
1.1539285905e-01 1.5758806450e-02 -6.0246525893e-02 9.0414808986e-02 2.5979057947e-02 -1.0085254517e-02 3.1466568631e-02 1.4760363980e-02 4.9817954478e-02 4.8262708112e-02 -1.0502446109e-01 2.0996160682e-02 -4.1385631387e-02 3.4487646939e-02 -8.7283671315e-03 1.6640035782e-02 -4.4892604183e-03 -2.2598027514e-02 -3.4886556706e-02 -1.1984325474e-02 -4.8884587623e-03 -1.3905605808e-02 2.5121369988e-03 5.4159643446e-02 -6.7640311401e-02 2.2829777771e-03 4.5048739776e-02 -3.1478315093e-02 5.8074121379e-02 4.5091911141e-02 1.4656886092e-02 -5.7291416222e-02 7.1846816397e-04 5.2947518468e-02 -3.2035501506e-02 4.0545469709e-02 5.5799960412e-02 -2.6939589202e-02 7.1685675200e-02 1.3675023130e-02 4.2899868607e-02 3.0769604720e-02 -1.8675231026e-02 -3.1229555658e-03 4.4348940681e-02 1.9927655841e-02 -1.9604198521e-02 -2.9682649105e-02 -4.2376173427e-02 -4.6672958061e-02 4.0570712728e-02 -1.5309720245e-02 4.6760090508e-03 1.7810033682e-02 -1.3739700949e-02 7.1941389663e-02 2.8957935940e-02 -7.4758299508e-03 3.0595154352e-02 6.2826902802e-03 2.8268494322e-02 3.5531855905e-02 -4.0443221587e-02 -8.0369217806e-02 -1.0066586808e-02 4.4910831218e-02 8.1670009983e-03 1.4105236309e-02 1.8927474761e-02 2.7903879529e-02 1.7557105186e-02 -7.4872875528e-02 -5.4479277992e-02 1.8090174167e-02 -2.9652987759e-03 3.3921190079e-02 -6.5635039030e-02 3.3341968005e-02 -1.5244084358e-02 -8.5472797083e-03 -3.2843729562e-02 -3.0548877617e-02 3.3018384696e-04 -3.2714867451e-02 3.0343712116e-02 -1.6214989696e-02 -6.6046280753e-02 2.1240168349e-02
-5.0602240921e-02 -2.4383885389e-02 2.7809294433e-03 -5.3009236938e-02 -5.4573143706e-03 6.4232635050e-02 -5.7461348396e-02 -5.9600865126e-02 -8.2636435216e-02 -5.1993025632e-02 9.8401921336e-02 2.4273372914e-02 -9.5094425308e-02 -8.8244138387e-04 -1.7203793703e-03 -5.3800974845e-02 -6.3550949739e-02 -2.9672551491e-02 5.4745878808e-02 -2.2823942193e-02 -1.8262618306e-03 -3.0846800370e-02 -1.7080669686e-02 5.4692702098e-02 9.2683386432e-02 -4.2253513024e-02 -3.4178419717e-02 -1.1958990885e-02 5.2459094288e-02 6.4240331653e-04 -5.0874501852e-02 -5.3041547992e-02 4.1094075788e-02 7.9672899842e-02 5.0005867260e-03 -8.1863411020e-02 -3.5556915687e-02 4.3007284729e-02 -2.7557789612e-02 -4.0055026487e-02 -4.4752921721e-02 1.2073948919e-01 -6.2281194955e-02 1.8010416372e-02 -4.8106126600e-02 -2.4208923853e-02 -1.0357909786e-02 -1.9931288098e-02 4.1597804116e-02 -3.1894594602e-02 5.9564190723e-02 -9.6672797500e-02 -1.1895656617e-02 1.8074903601e-02 5.2636672349e-02 -9.0604093802e-03 6.9700444893e-02 4.7789947686e-02 4.4224844677e-02 -9.0312289060e-02 3.7083510097e-02 1.7086276059e-02 1.8825588950e-02 -1.4524290030e-02 -2.8975584058e-02 -6.4146319407e-02 -2.4352621493e-02 5.3511821054e-03 -8.6480940626e-03 4.1095228908e-02 -7.6756936095e-03 -2.0020762937e-02 4.5459236424e-02 -2.6657439152e-02 9.8426516189e-02 -9.5555703231e-02 5.4609711375e-03 1.5444572800e-02 2.1612743463e-02 2.4866257758e-02 4.3654676199e-02 -1.7948504110e-02 9.4895075821e-02 6.2897481457e-02 6.3534465505e-02 3.7904180222e-02 3.4760724580e-02 1.9502057500e-02
1.5234324288e-02 -2.8955386439e-02 -8.1708253240e-02 -5.7058720759e-02 -7.2665268567e-02 -5.2929918173e-02 8.2877205496e-03 1.5498216312e-02 -3.6574931969e-02 9.1548502636e-03 -2.5704129066e-02 -5.2792901726e-02 1.9611130516e-02 -1.6844964891e-03 -5.4481684448e-02 1.4313811298e-02 1.6564287164e-02 1.4211019397e-03 -8.1248509847e-02 -3.0361202488e-02 4.0294366340e-02 -6.8883380554e-03 -8.7268533202e-02 2.8614941825e-03 -3.4993270650e-02 5.9736851983e-02 -5.5347926974e-02 -4.4666763762e-02 2.1978876108e-02 -2.7715941152e-02 9.4173451895e-03 -4.2407865309e-02 -2.0559033514e-02 -2.6012265879e-03 5.6245467293e-02 -3.2706654586e-02 6.5911394827e-02 -1.2497130461e-02 -1.3871911524e-02 -4.3264179531e-02 -6.0894496320e-03 -5.0054059801e-02 -2.5208958781e-02 3.3334744144e-02 -4.3163795299e-03 4.1392476462e-02 6.2335988246e-02 2.8587207743e-04 2.7818772245e-03 3.4987662505e-02 -5.6539017934e-02 1.2926364627e-02 -4.0939988498e-02 7.2591282119e-02 6.5421222616e-03 5.4349916552e-02 -2.5778164763e-02 2.2880393033e-02 -2.0419420186e-02 5.1896613229e-03 1.3821365872e-02 -6.2719593421e-02 -5.3830339845e-02 3.0469436907e-02 3.9822956610e-02 2.3100570089e-02 -1.1963596818e-02 5.5251114851e-02 -3.6685241412e-03 6.5000616629e-02 -7.3503152755e-03 3.9198263810e-02 2.5469387540e-02 -1.5383060664e-03 -6.2145151421e-02 1.0357566863e-02 -2.6088728928e-02 3.2039942265e-02 1.9158869131e-02 1.0799448153e-02 -6.2444934596e-04 -1.4320958680e-02 -5.8820455599e-02 2.2133880660e-02 5.1848013591e-02 1.0431748452e-02 7.9746674960e-02 -9.9475588400e-03
-3.1889050161e-02 1.0563507766e-02 4.8260344574e-02 -2.4371566668e-02 -5.0901263141e-02 -4.3606271083e-02 5.0112349119e-02 -1.5527852143e-02 2.0537143968e-02 1.3019480375e-02 -2.4845849064e-02 2.0844439097e-02 -2.5370649450e-03 1.6040049376e-02 -5.9899382625e-02 -1.7745501684e-02 -1.4583445204e-02 2.2730877200e-02 -9.6402153134e-02 -1.8893182998e-02 -9.6985803349e-03 3.0659248039e-02 -3.2266328185e-02 3.0651469380e-02 -5.8831549069e-02 1.0688402459e-01 7.1879303471e-02 2.9795406061e-02 7.8604599755e-02 -3.7086698414e-02 1.6912380258e-03 -2.4122744744e-02 -3.9245752762e-02 -1.8812006609e-02 1.4616481026e-02 -6.1013957552e-02 3.1580527996e-02 4.8780878463e-02 -2.9387261585e-02 8.8505976157e-02 6.6952223020e-02 6.2630454737e-03 5.7597658846e-02 -6.3980516174e-02 4.2776144927e-02 3.7340174905e-03 8.7216978448e-02 -3.2602969470e-02 -1.1762807420e-01 4.4369097482e-02 -9.7771715729e-02 -8.1185312357e-03 3.0999092937e-03 8.8536988539e-02 -2.1023943078e-02 2.8739110812e-02 -1.1082694644e-02 -4.9964166303e-02 5.7982178221e-02 -3.6611831185e-02 -1.6014804245e-02 -5.1524961365e-02 4.0969971031e-02 9.1290536731e-03 -3.9830360625e-02 -7.7080882475e-02 -9.7869802259e-02 -9.3751114809e-02 -3.9934124576e-02 -2.5882805196e-02 -3.8220544114e-02 -4.7707768436e-02 -2.4054189704e-03 3.0553250839e-02 4.6453645409e-02 7.8518928153e-02 -8.3796991204e-02 7.0299864020e-03 3.6724525868e-02 2.5388019996e-02 -3.5370145679e-02 1.0610221427e-03 4.8240332504e-02 -4.0319418926e-02 7.4151611257e-02 -2.2970226786e-02 -3.1004869043e-02 5.4153321195e-02
1.3329666980e-01 -3.8781787458e-03 -4.2051921155e-02 8.0601387434e-02 -6.0098106598e-02 3.5112043630e-02 -4.3275397463e-02 -6.0608108442e-02 -4.7838983788e-02 -7.2318051560e-03 -2.4690985296e-02 -2.5049742475e-02 1.9076051700e-02 -6.5062867501e-03 -5.4358443958e-02 8.7314834144e-03 -2.5217131795e-03 -6.0800957719e-02 -1.4776876394e-02 1.0383908591e-02 -3.4715141111e-03 2.3303899649e-02 -4.9867464156e-03 1.4709331526e-02 7.5482761579e-03 8.6606124433e-02 5.4945695186e-03 -2.8712388485e-02 2.8476040284e-02 -2.6436381059e-03 5.1446937404e-03 3.4375577425e-02 -4.3981952789e-02 3.2467885056e-03 -1.4957055903e-02 3.0296477425e-02 9.7789386094e-02 -1.0282438481e-02 5.0527254976e-02 -2.9350830794e-02 1.8443458636e-02 -1.8714189441e-02 -1.0223881583e-02 4.7742904612e-02 -1.3166275390e-02 -5.9920897426e-02 2.4215109942e-02 1.3551564399e-02 2.8714629340e-02 4.4977987258e-02 4.2610462276e-03 3.3577498546e-02 5.3141141750e-04 7.4781189442e-02 -8.4476501583e-02 1.9409723289e-02 -3.5202975094e-02 -4.8859995931e-03 7.5761692362e-04 3.6281947459e-02 4.7110909316e-03 6.1307834779e-02 9.1866323496e-02 -5.1958620163e-02 -5.0703434769e-02 -3.7045315791e-02 -8.4684034635e-02 -4.6712554490e-02 4.2349289229e-02 -5.7837189587e-02 6.5963032425e-02 -3.0274440588e-02 1.4808059275e-02 6.9738042474e-02 -5.1499425059e-02 1.2019207596e-01 -3.8767266873e-02 -2.4835265501e-02 -2.3092654010e-02 5.6053759424e-02 -1.4889852723e-02 7.4575059826e-02 -3.0038603449e-02 8.0193631593e-02 5.5626102791e-03 1.9996038077e-02 1.9264389994e-02 -3.6820293308e-03
-2.2075035173e-02 -5.5369611871e-02 -1.7085401319e-02 1.3469525144e-02 -7.4068754951e-03 -8.8379463505e-02 2.7230285526e-03 -1.6780943943e-02 1.7195222406e-03 -1.2574906143e-02 9.1792627712e-03 5.4255821968e-03 -4.4753855297e-03 5.6940262090e-02 -5.7689255669e-02 -8.4585960729e-02 4.9441576317e-02 3.9185677406e-02 -1.1863184878e-02 -5.9195493879e-02 -1.8723606137e-02 8.7461776523e-03 -9.6626750084e-02 6.5253272153e-02 8.6872258689e-02 4.4424594809e-02 8.1617663254e-02 4.8767036673e-03 6.7577466043e-02 -7.3133404225e-02 5.1816601965e-03 -3.7197520985e-02 3.5566613492e-02 2.0668720288e-02 9.3091338210e-02 -6.2042455213e-03 9.4108219595e-02 8.6237522157e-02 7.5919215399e-03 -1.0352019220e-01 9.5537018801e-02 3.3073200869e-02 -8.2087749060e-02 2.0173109398e-02 9.9368146060e-04 2.1149929899e-03 2.3801241368e-02 -3.7559831668e-02 -4.2380578258e-02 5.8438732575e-02 1.8219371721e-02 4.9738435821e-02 -7.0288609354e-02 -2.2899761326e-02 9.8736457999e-03 5.4526234127e-02 6.5367789594e-02 5.5231956570e-02 4.5528605629e-02 9.3438618978e-03 -5.7944770400e-02 -2.0882316743e-02 6.6483058329e-03 5.7038361499e-02 -8.4820094376e-02 -9.9278923808e-02 1.4528389041e-02 4.0657891044e-02 4.5405084537e-02 2.3337572296e-02 -2.2033655006e-02 2.3874928104e-02 1.5576047921e-02 -1.0946913624e-01 -4.3132249105e-04 -3.5448118532e-02 3.0493247541e-02 -3.3709842520e-02 -2.2341457769e-03 3.5878500988e-02 -1.0099074449e-01 1.3829559235e-02 2.4254587828e-02 1.0923599764e-01 2.9202037444e-02 1.4166541576e-02 -4.2792277561e-02 -9.7795706180e-02
6.5523714838e-02 -1.0381964220e-02 7.6965991566e-02 -4.3866952842e-02 1.2244950634e-02 4.8633274310e-03 -3.6782982238e-02 1.7255007153e-02 -6.1165647720e-02 -2.4503891477e-02 -2.1390610447e-02 7.5241690941e-03 -3.0060628177e-02 -4.6274415472e-03 -1.2304224124e-03 -5.4908564827e-03 3.1819886641e-02 3.1942650803e-02 6.3957950140e-03 3.0226270677e-02 1.2149700516e-02 7.1846003672e-02 -9.4320517672e-02 -2.1918899401e-02 3.6136106341e-02 1.7732412056e-02 2.9445743627e-02 2.2265992763e-03 -1.0640835106e-01 -3.1530044737e-03 -9.6996968964e-02 -1.0697752324e-02 1.2753372760e-02 4.7587715373e-02 -3.6640132974e-02 -2.2505061881e-02 5.5946157374e-02 -2.0931022396e-02 7.4743685125e-03 4.1462597222e-03 -5.2151613375e-03 -1.4140004074e-02 -7.2634117768e-02 -4.3810981203e-02 -7.7880782232e-03 -3.0574659176e-02 -3.3392286755e-02 2.3598760721e-02 2.3759294547e-02 2.0150661716e-02 2.3250509287e-02 1.6178552394e-02 2.4903296425e-02 4.9529216575e-03 3.7162041374e-02 -3.7895384534e-02 1.3926346144e-02 -1.5542264066e-02 4.5678889810e-02 1.5892006599e-02 5.0289722981e-03 4.8709588748e-02 -9.8968595139e-02 2.9505576239e-02 1.4531603892e-02 -3.0530974736e-02 -1.8648371471e-03 1.2024165394e-01 2.0671094713e-02 5.8850915900e-02 4.7106996862e-02 -5.6088944839e-02 -1.6404090198e-02 5.6023431263e-02 -6.3120774694e-02 -4.9032147211e-02 2.8259693788e-02 9.0134887824e-02 5.3192169412e-02 1.2128249251e-01 2.5682278268e-02 3.9801314176e-02 -4.1004933439e-03 -5.2114343039e-03 -1.7749299167e-02 -1.4588011968e-02 -2.6323336398e-02 -3.6839981961e-02
-9.0555560712e-03 -3.9399917870e-02 5.5903487068e-02 -2.8211574572e-02 5.9157104902e-02 5.1155908442e-02 -9.6521708076e-02 6.3474317185e-03 4.6864202877e-02 -6.7204089538e-02 -7.6227810944e-02 -8.9913546235e-03 1.8590985920e-02 -5.9377370694e-03 2.8633956131e-02 -1.6465639457e-02 -4.4542585905e-02 3.2061859999e-02 -6.9586908874e-02 -4.1686528417e-02 3.2830402116e-03 -6.5416549426e-02 -7.2045901239e-02 -2.5873690463e-02 -4.4759185714e-02 8.1459468366e-02 2.2268662118e-02 3.2676253385e-02 -2.5458335105e-03 -7.4512546365e-02 -1.5590475697e-02 -2.3825327150e-03 2.7609151895e-02 6.5203394137e-02 3.0128065687e-03 -7.6145910655e-03 -3.1440071801e-02 4.0148929362e-02 1.6105572993e-02 -4.5214696999e-02 5.2044076079e-02 6.3851201727e-02 -6.3384757782e-03 -1.1175741593e-02 1.6370687259e-02 7.0844312117e-02 -1.7961995413e-02 9.3592695496e-02 5.9530748548e-02 1.2116927090e-02 4.4793818601e-02 -3.1664294968e-02 1.1262770904e-01 -9.7805584848e-02 -2.5122778719e-02 5.6863462940e-03 -5.3988259615e-02 -5.7168926669e-02 1.0011685629e-01 3.6323999652e-02 1.2375740002e-02 3.0449678020e-02 -3.2499648197e-03 -8.8709305471e-02 1.1691344256e-02 -2.5707795727e-02 -1.3788771241e-01 1.5908472078e-02 8.9421555140e-02 -3.1649838980e-02 -8.2999973248e-03 -3.5821596432e-02 -2.0693695619e-02 8.5467686770e-02 -2.2241816580e-02 -2.6793133014e-02 -7.1349974103e-02 4.2179493469e-02 -6.8981269843e-02 -2.2975449479e-02 5.0354921621e-02 3.7113489944e-02 -4.3450591384e-02 1.5758518000e-03 -8.3956620295e-02 -2.7588844530e-02 -6.7456103986e-02 1.4397318898e-01
-5.6014246344e-02 3.0249937019e-02 1.5298195638e-02 -1.2974319150e-01 3.8604877459e-02 1.5092185677e-04 -7.2368194254e-03 -2.0895948663e-03 -6.1489364365e-02 6.1174538922e-02 3.5068180942e-03 -1.5085039823e-02 -2.0231153190e-02 -2.6236137576e-02 2.6419545103e-02 -5.9381938529e-02 5.9870332596e-02 -2.4996521620e-02 2.8879063994e-02 1.8352436883e-02 -5.3164832711e-02 -1.0185741807e-01 -3.4338401189e-02 -3.2887581118e-02 6.8121454502e-02 5.1236479513e-02 -3.9897228354e-03 -2.5853632689e-02 -6.0413280249e-02 -3.0565086452e-02 -3.2473478346e-02 -5.3158703109e-02 9.5274758304e-02 5.0227069749e-02 -3.5322457618e-02 3.2039061403e-02 6.6360219018e-03 7.6918308719e-02 4.4145981564e-02 -8.1695725828e-03 -5.6591693041e-03 1.4065034026e-02 2.9064368308e-02 5.8628356680e-02 3.6127867057e-02 -2.1075112984e-02 8.2064176227e-02 3.4274144437e-02 -9.8778337528e-03 -4.2215017412e-02 1.4709841160e-01 -4.4654535819e-02 -2.3754921729e-03 1.1228811469e-02 -2.1736878693e-02 2.0613312297e-02 4.2493328791e-02 -1.3065994602e-02 1.3551978899e-02 -4.1231854062e-03 -3.2449112222e-02 2.8719215989e-02 7.3446190359e-02 -5.3484668172e-02 6.5521415815e-03 1.0832309115e-02 3.6076047441e-02 -3.9158175587e-03 -5.0702748362e-02 8.9097435247e-03 -6.6265545996e-02 5.0322017939e-02 2.9003857118e-02 1.8206557544e-02 -3.7419571422e-02 -7.5938107477e-02 5.2255734510e-02 4.1072462110e-02 -2.1436027734e-02 -1.1836463018e-02 1.0600600217e-01 2.3438960428e-03 2.2674030572e-02 -4.9703134137e-02 -5.4250856842e-02 -1.0233964792e-02 3.4593672420e-02 -4.0861538680e-02
-2.9881602008e-02 -6.2187735438e-02 1.9635686359e-02 -9.5357271659e-02 -8.6246752047e-02 9.5351311718e-02 2.7887157184e-02 2.7262486880e-02 8.7098952009e-03 8.8846915809e-02 1.6935853514e-02 -1.8646426852e-02 -1.0624284943e-02 -7.1727786527e-02 2.5915728456e-02 -1.9416837643e-02 6.7701087395e-04 -9.5459505961e-03 -2.0319033092e-02 6.2214088011e-03 -2.9001571623e-02 4.0969898151e-03 -8.1672349039e-02 5.9068671977e-03 5.4306444551e-02 2.9438722124e-02 -5.0785318856e-02 1.0067286052e-02 -3.8758414319e-02 -1.3369602454e-01 1.3160875631e-02 1.9621752265e-03 7.3472915778e-02 1.1934493422e-02 -1.5691391589e-02 -5.0107516501e-02 -2.1998682645e-02 4.1587484033e-02 5.7793494027e-02 -1.5215895338e-02 -3.9828911112e-02 4.1961836126e-02 2.5100108188e-02 -2.6613315502e-03 -5.5858101047e-02 1.4440254282e-02 -6.2637865742e-03 8.4785235808e-03 -8.6058210532e-03 -2.9475048175e-03 2.5080437787e-02 -8.9380726068e-02 2.8468128079e-02 2.4269870008e-02 -5.8047459814e-02 -5.6938310592e-02 -3.7126422055e-02 4.0681966321e-03 4.7976054898e-02 -1.4523613738e-02 3.1443112000e-02 2.3563086138e-02 5.7204450207e-02 -3.6395312667e-02 7.7036151829e-03 -5.9931648329e-03 -3.9895855242e-02 -7.4931652393e-02 -3.1922037877e-02 3.3700519808e-02 4.4507441609e-02 5.4761632981e-02 -1.5376519376e-02 5.4273383469e-02 -1.6772254842e-02 3.7564002801e-02 1.3585181390e-02 -3.3636550638e-02 5.7845903840e-02 -1.5146066350e-02 2.8998657464e-03 4.6958716208e-03 7.2550550963e-02 3.7163741933e-02 -6.1411277829e-04 3.1272152208e-02 5.8774635070e-02 -8.5783960170e-03
-4.7050328467e-03 2.6514461611e-04 -1.0442210406e-02 -2.3200020380e-02 -6.1471787016e-02 1.4597578129e-02 -1.3796690241e-02 -2.4820341449e-02 -2.9965106017e-02 -3.7273657278e-02 6.3143579283e-02 -4.2269161640e-02 -9.2793510466e-03 -2.2569751788e-02 1.6247628192e-02 -7.7066590166e-02 -6.1737215924e-02 -3.0995560164e-02 4.1323733455e-02 7.5010977098e-03 -2.1346474233e-02 1.8193086378e-02 -8.3055116645e-02 -2.0527761458e-03 3.6804213425e-03 2.6322002566e-02 -1.1628470181e-01 -3.3951675221e-02 -2.6906405529e-02 4.5068682535e-03 -6.1167731513e-02 6.4384058406e-02 2.9231931831e-02 -7.2364779582e-02 -1.7936664477e-02 -5.1652137940e-02 3.5807102593e-02 -5.7270554066e-02 9.3961092879e-03 -9.6299336575e-02 -4.1896971275e-02 -6.4809314704e-02 8.3778661454e-03 -2.0676696621e-02 -4.8677921632e-02 -2.2934166114e-02 -1.1417049327e-02 -1.6995891304e-01 -4.2422712066e-02 2.2714397869e-02 4.8367582184e-02 -3.7898492595e-02 -5.1623354835e-02 -1.7005233526e-02 -8.0590681312e-02 -3.2771815149e-02 1.0608863108e-03 4.1040195751e-02 2.2834020625e-02 -2.4835580301e-02 -5.2956634378e-02 -5.2602493312e-02 4.8368394427e-02 -8.1054565311e-02 -3.5003048203e-02 6.2943067895e-03 7.4662794288e-02 2.2878284453e-02 3.4704278752e-02 -3.0096256211e-02 1.4491914434e-03 5.0070164888e-02 1.8011958838e-02 5.2595203651e-02 -9.6560294827e-02 -1.5957164420e-02 -1.0303806574e-02 -1.3437138623e-02 3.2221560037e-02 6.0768058294e-02 2.0964001684e-03 -4.3084090377e-02 5.2090853353e-02 6.3859293837e-02 2.8356327492e-03 6.8075810601e-02 -1.0059298830e-01 5.3340002852e-02
-1.8022299795e-02 -7.8677235132e-02 3.4493095409e-02 7.2937107317e-02 9.0408243078e-03 7.2870094339e-02 -5.7186626143e-02 5.8199974498e-02 -6.5809518535e-03 1.6894718685e-02 -5.4192364853e-02 7.9369669290e-03 2.2121291470e-02 1.1453692734e-01 6.5072414088e-02 2.0037799961e-02 -5.9339318614e-02 -2.7098807976e-02 -4.8378862424e-02 1.7388236877e-02 4.5774421332e-02 7.5762958981e-03 -7.6873738362e-02 -3.6397437433e-02 5.4436774047e-02 5.0165355701e-02 -5.2527082766e-02 -5.9996769442e-03 -4.3229938150e-02 -1.0605483583e-01 -1.4704567481e-02 -1.0563340153e-01 8.5659641751e-02 3.1667182724e-02 -4.2744644076e-03 2.4442034952e-02 3.1066406204e-02 5.2667870301e-02 4.9791456333e-02 -7.7697737332e-02 1.5189334896e-03 -8.1085616511e-02 -7.1258787496e-02 1.7561938689e-02 -1.3454668096e-02 6.8786235169e-02 3.2497921466e-02 3.5607826546e-02 -8.7337538564e-03 -1.0790549154e-02 -6.1509261216e-04 -3.2150495583e-02 -1.0506866786e-01 -1.4315300477e-02 -6.4204731423e-02 3.3186578228e-02 -2.8364684955e-02 -1.2319890988e-02 2.5460462794e-02 6.0930238965e-02 -9.8635140780e-03 -6.2981508620e-02 -4.8236786607e-02 -4.5970900287e-02 6.5921616377e-02 3.9190127784e-03 -3.4232153087e-03 -5.4707283472e-02 -8.1745327573e-02 -5.6756658817e-02 7.4980350830e-03 -1.2079984045e-02 -5.7205780064e-02 5.4305768378e-02 4.6924564084e-02 -2.6498851451e-02 -4.8386568453e-02 3.1902379173e-03 -3.9827326459e-02 9.9379080923e-02 -3.4698351226e-02 8.9378530013e-02 3.8688301262e-02 4.8522366528e-04 -3.7922614186e-02 4.6527299327e-02 -6.3140167966e-02 -3.2559063240e-02
-7.2066511268e-02 -5.0951791189e-02 -1.0659477864e-02 -9.2205257644e-03 -4.2186413130e-02 9.0781466102e-03 -1.3433777775e-02 -3.9834125203e-02 1.8204427397e-02 -2.5605575099e-03 1.9728133297e-02 1.0252967147e-02 4.1190952162e-02 2.8974726004e-02 1.2070283573e-02 2.6639770587e-02 2.9265178521e-02 -3.4346095443e-02 1.6504330387e-02 3.5094351310e-02 1.7750539620e-02 4.1022724740e-02 -7.5000192276e-02 -3.4434870735e-02 8.8419962491e-02 7.0198169686e-02 6.0537920736e-02 -1.2236631880e-02 -4.7925855790e-02 9.4995220268e-03 -5.9717979270e-02 -3.6984133054e-02 -2.7344114689e-02 9.9355392354e-02 1.8960338412e-03 6.7563798186e-02 4.7731786378e-02 -4.4061465540e-03 -2.6260584062e-02 -1.3844627589e-02 -7.0543654097e-02 -1.1111915100e-01 5.8116046052e-02 2.3189383329e-02 1.1242361207e-02 8.8437937109e-02 8.6821723030e-02 -3.6463563979e-02 1.3761209286e-02 -8.9515275633e-03 3.7303375565e-03 -9.6383825365e-02 -1.6025043447e-02 4.3933416748e-02 -6.2708816613e-02 -5.4435592744e-02 1.7281000284e-02 2.6716513322e-02 -2.3796541340e-03 -5.0917997288e-02 6.9443241726e-03 2.1820058088e-02 4.3309016774e-02 6.2650023060e-02 1.0874513330e-02 6.8226961120e-02 -3.0008429401e-02 6.1073639381e-03 -2.9356738229e-02 2.8766549040e-02 -1.6046008672e-02 -9.5582832661e-04 6.3039702668e-02 -7.5924676062e-02 -3.3020436327e-02 6.1930301745e-02 7.3015200108e-02 2.4364966903e-02 1.0434179868e-02 7.4924698994e-02 -6.4042272772e-02 4.8714839682e-02 5.1257564761e-02 -4.3635421974e-03 7.7780615501e-02 -2.0765556350e-02 -2.3317830260e-02 4.5818985067e-02
-8.8674323550e-02 2.5696656418e-02 -9.6482037483e-02 2.2997866959e-03 1.5303783261e-02 -1.2656746679e-02 -1.5310844245e-02 6.8352833492e-03 -1.2810170400e-01 5.8127539121e-02 -8.8251222207e-03 -4.9447023509e-02 -3.0725342257e-02 9.4489599233e-03 4.5307133723e-02 1.2025540134e-02 1.1584611763e-02 7.6533568452e-03 -3.6086751825e-02 3.5604713135e-02 2.8464921612e-02 -2.0908379576e-02 -5.1039607827e-02 1.5517029319e-02 4.9565679702e-02 -2.6820381155e-02 -6.4661006485e-02 -3.4985366900e-02 -9.7889126513e-02 -6.3713735529e-02 2.6209043275e-02 -6.6639982532e-02 3.9017091436e-02 -3.2816806434e-02 2.8295455726e-02 -8.4618239996e-02 -3.2567239592e-03 1.1172468168e-01 3.5178009614e-02 -1.6463468274e-02 3.2245396958e-02 8.6083063360e-02 -2.4970863487e-02 -6.3792545607e-02 -2.4795282381e-02 6.5909114901e-02 -2.0381397558e-03 -1.5840713743e-02 -1.6732665751e-02 2.8191050990e-02 -8.0751531390e-03 1.6003948235e-02 -3.8123315462e-02 9.8060165180e-02 -5.8067737848e-02 2.1304847215e-02 3.4732526177e-02 4.6672171098e-02 2.1801467799e-02 -3.0323356310e-02 3.1267044621e-02 -1.7111215539e-02 1.7559928679e-02 1.6273612813e-02 4.7309569150e-02 -2.1200833327e-02 2.7010397642e-02 -2.0535010991e-02 1.0197419348e-04 2.2865342879e-02 -5.2225615728e-02 8.7751987812e-02 -5.0937408205e-02 -1.1907781949e-02 -2.0337089411e-02 -6.5325642977e-02 4.6784608458e-02 -9.5096399110e-02 1.9815497169e-02 -2.3244263451e-02 8.9237504118e-02 4.1678870171e-03 1.4062706302e-01 -1.6730448441e-02 -6.5675655519e-02 4.8287426490e-02 2.4548694841e-02 -6.0021683514e-02
2.0582608660e-02 -4.2976421412e-02 7.9449692877e-03 -4.6914565424e-02 -1.3277634332e-02 -7.9686902029e-03 2.3072110279e-02 2.3142902866e-02 -3.4205897100e-03 3.3036273104e-02 -2.0831635431e-02 6.1973664904e-02 2.7883826092e-04 -3.5499140175e-02 -2.7918003424e-02 3.5380336682e-03 -1.7604097222e-02 -3.4450701899e-02 8.8002428400e-03 -1.6362022447e-02 -4.4920270450e-03 1.5417772453e-02 -4.9968194420e-02 -3.8983614488e-02 5.3513183164e-02 -1.2252100306e-02 2.9126136171e-02 -3.5029744828e-03 -2.1599991902e-02 2.3159284109e-02 7.8451292748e-02 -5.6025672409e-02 -1.3944964242e-02 6.0763317287e-02 -7.3996665020e-03 3.9269315865e-02 6.5559480899e-03 8.0215082068e-02 -5.7777997304e-03 1.1333669280e-02 8.4139899412e-05 6.7023909536e-03 1.6639279971e-02 3.6163836349e-02 -1.6950274531e-02 1.2174238568e-01 9.5810012566e-02 2.1199496028e-02 -3.6398056912e-02 7.9797074436e-02 -5.1960500965e-02 4.4907784105e-03 -9.6051202002e-02 1.0680767696e-01 -1.1900578330e-01 -4.7959977063e-02 2.1237722610e-02 -6.7225956747e-02 8.7467842627e-02 2.7812188994e-02 4.3393299056e-02 -7.9407103248e-02 9.7651850201e-02 -8.0000438116e-02 -7.5451870765e-02 2.3646670812e-02 -5.7362240666e-02 -3.4565200290e-02 -7.9831323158e-02 3.5830423666e-03 -6.7241431860e-03 -5.1608379087e-02 -6.0614282488e-02 1.2317520513e-01 -5.3287109977e-03 2.2965746739e-02 -3.2771920072e-02 -1.2778590563e-01 -8.4860900404e-02 4.2957155964e-02 -8.0379225429e-02 2.9275092838e-02 1.4336428039e-03 -4.1800787902e-02 9.7565634370e-02 2.3834455286e-03 4.5451673902e-02 1.6455841593e-02
5.5324870498e-02 3.0709310148e-02 -2.8780512955e-02 1.5821292466e-02 -1.6586301193e-02 -3.1635796010e-03 -1.6225155136e-02 -1.0901098026e-01 1.5186181519e-02 8.9918220622e-03 -6.3482952939e-02 -2.0009292237e-02 -5.0676119012e-02 7.2307695317e-02 -7.6937710512e-02 -9.1518928714e-02 5.0349180037e-02 3.4104734436e-02 -4.3511408923e-02 8.9185112175e-03 5.4032289433e-03 -6.0804405996e-02 -3.0378854929e-02 4.9858127197e-02 -1.0710559914e-01 8.6567934557e-03 8.2123743674e-02 -4.7091020909e-02 6.6479445872e-02 3.4598735535e-02 -6.0930525860e-02 -2.5014479895e-02 4.9168872296e-02 6.1567300231e-02 4.3360720344e-02 4.2716071835e-02 -9.2064791593e-03 -2.1660084931e-02 2.2980205454e-02 6.3456379624e-02 -4.1986254977e-02 4.8263251778e-02 2.3892202092e-02 4.2157508983e-02 -2.1110549539e-02 -2.9339480502e-03 -1.9148310065e-02 -1.3298990490e-02 -3.3852259323e-02 1.1644395319e-01 -2.7395063319e-02 1.9987657068e-02 -6.7663583412e-02 1.6733822473e-02 -5.5331979408e-02 1.0109867924e-01 -1.7321995546e-02 6.8522450663e-02 3.6958260885e-02 2.4404239245e-02 1.8591896766e-02 2.3289952931e-02 -7.6740247573e-03 5.7848926731e-03 -3.2300635899e-02 -6.0340821954e-02 3.0386961243e-02 2.9062214233e-02 4.3419140836e-02 8.3477821879e-02 -3.5232944162e-02 -5.3626695946e-02 5.7603153434e-02 3.5916713769e-02 1.9923791022e-02 -1.1001951441e-03 -8.0627613722e-03 -3.2844338975e-02 -2.8811597654e-02 4.7353142693e-02 4.2565581774e-02 -6.2167528015e-04 8.3738816142e-02 -4.9450619438e-02 -9.9187471318e-03 -5.7428502921e-02 2.2849044988e-02 4.9720092263e-02
5.8596613826e-02 -3.6122806011e-02 9.1436982955e-02 2.4661757425e-02 2.8807931235e-02 -8.9094633384e-02 -6.6635281200e-02 3.8583151363e-02 2.2690116212e-02 -3.0990467575e-03 -2.7589599364e-02 -2.6102003864e-04 -1.1594833883e-01 -4.4951306838e-03 -4.3816784810e-02 -2.6917233571e-02 1.0068866844e-02 -2.5256303838e-02 -2.2124866889e-02 -9.5385005436e-02 -3.2968499703e-03 2.8975575401e-02 -1.5063404250e-01 5.3918158920e-02 3.7849374612e-02 1.0230326470e-01 9.6900256464e-02 6.6763787331e-03 -1.3751838277e-02 -4.3746074057e-02 1.1094993558e-02 -3.9415881197e-02 -4.5741101632e-03 -1.9123889648e-03 -2.1853686640e-03 4.5316448870e-02 -6.5227024060e-03 1.2784960327e-02 6.0910745095e-02 2.6760626096e-02 5.1075173770e-02 1.6181908104e-03 -1.9079513260e-02 -1.6450863662e-02 -8.2433993818e-02 -8.5159006721e-03 1.6824988108e-02 2.0348726079e-02 6.3834709862e-03 7.2115377050e-02 7.2624547566e-02 -3.8467553371e-02 -7.6723340545e-02 5.6027526052e-03 -2.8374053615e-03 4.7585439011e-02 -4.1338458561e-02 -2.7455246877e-02 5.3401129284e-02 2.3344033010e-02 5.5494430006e-02 2.1835379298e-03 -1.7419030831e-02 -8.9486731733e-02 2.3869667034e-02 -3.5987644019e-02 5.1889001218e-03 9.4087937097e-02 2.3096535554e-02 -2.9008384501e-02 -4.6338618803e-02 -4.6153863151e-02 1.0036617936e-02 2.4171077363e-02 1.0459659047e-02 1.4444712563e-02 -4.1269565074e-02 6.4182803568e-02 -9.6908368801e-02 6.1296878349e-02 -3.7587192750e-02 -1.1763874317e-02 2.1582734611e-03 -1.1643721873e-02 -1.6249267063e-02 -7.0609108711e-03 2.5319149553e-02 7.3186183280e-03
4.8560908069e-02 3.2831463151e-02 -6.9536237345e-02 3.2810204686e-03 -2.9001321902e-02 -1.8727628096e-02 9.7658351004e-02 -1.1902529626e-01 -1.7114110082e-02 -3.9951070225e-02 -8.5647294072e-04 3.7208533836e-02 5.9496988738e-02 -3.9092505816e-02 -3.1953971837e-02 1.2042690223e-01 -4.2461260890e-02 6.6640806618e-03 -8.2646789444e-02 -3.1529616774e-02 -2.0610196235e-02 -2.6897313514e-02 -3.9460839413e-02 4.2828597380e-02 -1.1436480769e-02 7.0039604274e-02 2.6502268007e-02 -2.8760806199e-02 -3.9311100412e-02 -1.7238770978e-02 9.7948271039e-03 5.1508851097e-02 -3.1632589670e-02 -4.8947361105e-03 -6.3371513605e-02 -4.8397658265e-02 1.6960431776e-02 3.9911995635e-02 3.9058006756e-02 -4.9045220514e-02 4.4070347297e-02 -4.8690319973e-02 3.6148804403e-02 3.7756592123e-02 -4.9440267063e-02 -9.4006553417e-02 -4.3397801231e-02 -5.3525512653e-02 -7.7607961595e-03 4.5568908075e-02 6.6363837041e-02 -5.8358563927e-02 8.2105361909e-03 1.7855431424e-02 5.1314827309e-02 3.9896357837e-02 6.7105771269e-02 2.5210969829e-03 1.0983917151e-01 -1.2218754361e-02 -3.6084785907e-02 -1.3346175293e-02 4.6192543685e-03 5.5104952926e-02 1.4736720910e-03 -3.2101532096e-02 -1.9307844018e-02 -2.1943924308e-02 -5.2141967767e-02 1.6069606855e-02 8.5287668659e-03 5.7905534231e-03 8.2106429242e-03 -1.5579034580e-02 -1.0811787584e-02 1.1507022438e-02 1.9913378209e-02 5.6149731634e-02 8.2540325557e-02 6.9513295640e-02 3.5918131969e-02 -5.6937334086e-02 -5.3346655616e-02 4.5526838395e-02 -6.1835203699e-02 -2.8292824180e-03 5.4971483314e-03 -3.3291706767e-02
8.6715430267e-02 -4.1941791091e-02 1.8752695836e-02 -7.4144541874e-02 -7.2121226712e-03 -4.2351684888e-02 1.7248996112e-02 -7.5961226907e-02 -7.0552450615e-02 -2.5439198800e-02 5.6066382031e-03 9.5910734000e-03 7.2796080272e-02 4.7357930352e-03 -7.4406696899e-02 -2.2373970120e-02 6.5749310086e-02 5.1458669349e-02 -8.5450851191e-02 5.9827592738e-03 5.4812395691e-02 8.0804756372e-02 1.2652573423e-03 8.7033170826e-02 3.1226852788e-02 3.8212673752e-02 3.9056036610e-02 2.2591745289e-02 9.6274981483e-02 -6.7466114258e-02 -1.5318528119e-02 -3.2868629094e-02 -8.4254141242e-02 -3.3205263431e-02 6.7872960376e-02 5.9048705052e-02 1.5519271267e-01 -3.6240808594e-02 -4.1584448704e-02 -6.6408710654e-02 1.7626326915e-02 -3.2359059230e-02 -2.6580306449e-02 7.8771014209e-02 -3.3125062790e-03 -3.5747555287e-02 1.3968822995e-01 6.2612639207e-03 -6.9440863821e-02 -3.4867795417e-02 -6.6116280216e-02 -6.0759085537e-02 -5.9376988792e-02 4.0623949943e-02 1.0478689537e-01 -2.0233781781e-02 5.2285925074e-02 -2.0810719970e-02 -3.9527795060e-02 2.2004725953e-02 -7.2851831212e-02 -3.0686352945e-02 5.2286488296e-02 3.1437817742e-02 -4.9888532576e-02 -1.2744781635e-01 -1.2365213551e-01 -3.0645542383e-02 7.6096297758e-03 1.5839464477e-02 -1.0067975307e-01 -2.3064522035e-02 3.2075220055e-02 -6.6822029225e-02 2.0700989170e-03 2.8465335944e-02 6.4593459919e-02 1.1381077128e-02 4.9596451134e-02 9.1616458288e-02 5.7238473518e-03 -5.5495357603e-02 -5.5378490853e-02 5.7930205130e-03 7.6349522094e-02 -7.2355165842e-02 -7.9086998282e-02 1.0497987866e-02
-3.6505672352e-02 -6.5206222875e-02 -3.0836741663e-02 -6.3624328110e-02 3.2919274206e-03 4.6066905465e-02 -2.2389073081e-02 -1.6319658869e-02 1.3534656894e-02 3.9498976643e-02 3.4772534578e-02 -9.3317479328e-02 8.1449119430e-03 3.6892072192e-02 -5.5753960302e-03 -3.4366217492e-02 2.0523445101e-02 -1.0105964233e-01 -7.2922663724e-02 -9.8086151165e-02 7.7186906132e-02 -4.8987286597e-02 -7.5582460757e-02 1.2751858164e-02 5.1464883079e-02 -3.5950367974e-02 6.1281127566e-02 -5.6489200653e-02 -8.0654645920e-03 -5.8333603246e-02 1.1640265455e-02 -2.4775015886e-02 4.6116246826e-02 -6.6206526680e-03 6.7003067203e-02 -4.8680644912e-02 7.7385581625e-02 4.7900413578e-02 -2.9044508199e-02 -2.4372993320e-02 6.2813850053e-03 -2.1412665920e-02 -5.0018778565e-02 -1.7436098060e-02 5.0420582291e-02 3.3323428378e-02 -4.2392991572e-02 -4.6095820522e-02 -5.0463663169e-02 -4.0996980640e-02 6.4479051723e-03 -3.6433393357e-02 -3.8505553382e-02 9.8812642252e-04 1.8910600910e-02 -5.0982368967e-03 -1.0774270738e-02 4.6318696256e-02 -5.8129414172e-02 -4.7729400029e-02 -1.4009331881e-02 -2.4423956234e-02 2.4153157329e-03 8.7759572860e-02 -1.9426251635e-02 -3.4341448446e-02 3.4125963055e-02 7.2763327845e-03 -7.2853477809e-02 6.5824141009e-02 -8.0886341498e-02 -8.7751361755e-03 4.7896060720e-02 1.5119701714e-02 8.3095563402e-02 -9.6571134173e-03 3.7750230849e-02 -3.9405908611e-02 -2.1042850197e-02 7.9406821219e-02 -5.1127442233e-02 -1.0680677225e-02 7.0378905119e-02 -6.6170154427e-02 9.7914497512e-02 7.5523981556e-02 2.9106667951e-02 -5.1956981880e-02
-6.1688196907e-02 -4.5234345532e-02 8.7653628399e-02 -1.9810712591e-02 -3.8726521275e-02 3.4688689510e-02 -1.0428623316e-01 -4.9717013442e-03 1.3114713736e-02 7.9903733907e-03 4.7982462987e-02 -7.0231911041e-02 1.5171975226e-02 -6.0072613185e-02 -5.0115542853e-02 5.5709098691e-02 1.3638820049e-02 3.1008747853e-02 -4.1408392696e-02 2.5574056407e-03 -4.4236423967e-03 -9.6038686539e-02 -4.8662941529e-02 -3.9617215600e-02 4.2481212323e-02 -2.4747118094e-02 2.3809590400e-02 1.5901413060e-02 8.2915689256e-03 -5.3111268022e-02 3.0614728072e-02 -4.4009556981e-02 -1.3018566872e-03 -2.2076260060e-02 -9.3252501769e-03 5.0226729146e-02 3.2000504525e-02 4.7395468939e-02 4.3158215472e-02 -4.5967947264e-04 5.1060081536e-02 -5.6739371596e-02 1.9103726655e-02 -5.4216745472e-02 -2.6275641214e-02 1.3790321431e-02 2.3576142751e-02 6.8123878953e-02 -2.4093232352e-02 -2.0873396331e-02 6.5815788798e-02 -2.7573076362e-02 -3.4940514662e-02 -1.6529377352e-02 -9.8645033079e-02 -3.0156471548e-02 8.3515124257e-03 2.3034188201e-02 -6.1339321961e-02 -6.1521878262e-02 2.7082414744e-02 -2.7556244335e-02 4.1391920939e-02 -6.0742687974e-02 -5.3922706480e-03 5.0590683093e-02 -1.6818213016e-02 3.3988980311e-02 -1.7775975557e-03 4.0967338952e-02 -3.6439065212e-03 -6.4757061561e-02 -9.3268364161e-02 -3.0734404972e-02 7.8822013090e-02 4.0039705271e-03 2.2575410460e-02 5.8971274835e-02 -6.3738827374e-02 2.7588794721e-02 -1.0263647769e-02 -1.0669445296e-02 3.1103065070e-02 8.3367281436e-02 2.8258538423e-02 -7.1812066543e-02 1.5935312343e-02 4.2191138501e-02
3.9182964208e-02 -5.5909931562e-02 -1.3894217151e-02 -3.0958941559e-02 -3.5858216525e-02 -4.4868107895e-02 1.3430124786e-02 -1.5786193903e-02 5.1852621404e-02 6.2739672398e-02 5.0401487655e-03 8.8714140535e-02 4.2368530401e-02 -4.3618712474e-02 1.0420088635e-01 4.6348241028e-02 -9.2781394363e-04 -6.4909854948e-02 3.1605199111e-02 -1.4606609742e-02 -3.3153678455e-02 4.9746361294e-02 -8.9019481538e-02 -5.1013488717e-02 -2.5466059329e-03 -3.6126746082e-02 -3.2294339351e-02 -3.9334199920e-02 4.0428388147e-02 -8.9577269198e-02 4.9391207248e-02 2.3579611864e-02 -7.7115494350e-02 -2.3602005285e-02 2.0385572208e-02 1.2099158076e-02 6.1610003473e-02 8.3816231042e-02 -2.5574733538e-02 -3.9232091067e-03 7.9130383514e-02 1.0599240006e-02 3.5838943201e-02 7.5261754850e-02 1.5177147226e-02 4.8128832213e-04 -4.5662036934e-02 -1.2208824894e-02 -7.6637294213e-02 -3.5701087761e-02 -5.1947212078e-02 5.0303172515e-02 -4.0974086759e-02 8.2422645139e-02 6.1420108933e-02 -6.1745734913e-03 3.7839011876e-02 6.2428426404e-03 4.0490200818e-02 -3.2881063574e-02 -2.3078395923e-02 2.5569831095e-02 -5.1034894456e-02 2.2476453828e-02 -9.6172182088e-03 3.8533331846e-02 -4.3489314633e-02 4.1955755429e-02 5.1033827084e-02 8.2374864733e-02 -5.7242373859e-02 -6.7335362948e-02 3.4301682380e-02 4.4321406075e-03 2.4807316155e-02 8.3696978091e-02 -2.9932057320e-02 7.4485661953e-02 3.4141169153e-02 -5.5762826055e-04 2.9584603233e-02 -7.1889600202e-03 2.5014094255e-02 5.0931011110e-02 -1.5156597732e-01 -6.1878728941e-02 7.9626151332e-02 -4.0012638944e-02
