2.0485757180e-02 3.8835483916e-03 1.7942123859e-02 8.9303920801e-02 8.9454752857e-03 -1.1289130433e-01 -1.4402357822e-01 -1.4582745718e-01 -1.5874810110e-01 2.0478334695e-01 3.6305710641e-02 -6.6599313083e-02 -8.0807976156e-02 2.3569890361e-02 3.2910583913e-01 -9.7102415874e-02 -9.7763075935e-02 1.1591521759e-01 -1.4756194821e-01 -1.3171360624e-01 -6.6181773350e-02 1.2771475864e-01 -1.8622413899e-02 1.2831029279e-01 2.7606171956e-01 6.1713072847e-02 -2.1897638182e-01 1.6658381908e-01 -7.9628331922e-02 -2.4418065511e-01 1.0652980013e-02 1.1196007878e-01
5.9758365566e-02 8.7427204153e-02 3.5241215888e-01 3.9150821236e-01 -1.2228536195e-02 -1.6991271145e-01 -1.8531642000e-01 8.5349350310e-02 -2.8382265350e-01 -3.4919154079e-01 -2.4196772443e-01 2.7257667936e-01 2.7867176731e-02 1.6365397757e-01 -1.5726097380e-03 -4.4427363190e-01 1.6131538766e-01 1.3403193768e-01 6.6109864388e-02 -3.5957252693e-01 -4.5864928631e-02 5.2767998986e-03 5.1816182825e-02 1.2193159242e-01 2.0828681926e-01 1.3924625842e-01 -2.4844729579e-01 -2.5846400259e-02 -1.4629248347e-02 -1.9756238815e-02 -2.1625576526e-02 3.9665217619e-01
-5.5477640722e-02 -4.3262328322e-01 2.6502151028e-01 1.7371432717e-01 6.0650554587e-02 4.7734856275e-01 -1.7337622348e-01 1.1562233042e-01 -8.2708742499e-02 -6.7120095927e-02 -7.6474114626e-02 1.3691906436e-01 -6.2016592765e-01 9.8266775660e-02 1.3641553341e-01 3.2328940194e-01 -1.3032308737e-01 2.1524845359e-01 -1.6505264646e-01 -1.8123646257e-01 1.5201457247e-03 2.6295506331e-01 -6.4068977979e-02 1.5178677566e-01 1.9025089958e-01 1.8730507323e-01 -3.5186536743e-01 1.4544264510e-01 4.0011475586e-02 -1.5148748654e-02 -1.0894593530e-02 -1.2458452316e-03
-6.9260878247e-02 2.6805587693e-01 1.0482943798e-03 -1.4683159844e-02 6.6741791906e-03 3.8673290612e-01 -7.0862933096e-02 4.6458846016e-01 1.8727955838e-01 1.5403620057e-01 6.2377280056e-02 -9.2853571213e-02 -4.3536758044e-02 4.4139673665e-01 8.7037837565e-02 4.4453587184e-01 -2.1879160424e-01 1.5092256217e-01 -1.8458546993e-01 3.1195264578e-01 -1.9555900695e-01 3.6944546578e-01 -4.0785478631e-02 -1.2743217908e-01 -5.4245632689e-02 2.3548264418e-01 5.9778972722e-02 1.2838842345e-01 -4.8986001820e-02 -2.0089631064e-01 4.6724454201e-02 -2.4792793980e-01
-1.0098039985e-02 2.9644226397e-01 -2.0530667704e-03 -1.7772001016e-01 3.3773194696e-02 -5.5635117064e-01 1.4914132964e-01 -2.3445046244e-01 1.7934585684e-01 3.5096395110e-01 2.0804509425e-01 -3.3479870047e-01 3.3634992904e-01 -4.2255980978e-01 4.1635847053e-02 -1.9370674658e-01 -2.3238678818e-01 -5.3529104143e-02 -1.7905624144e-01 2.9825519976e-01 3.8952050311e-02 -4.0613244357e-02 1.0233764434e-01 1.4480839705e-01 -1.7285152010e-01 -2.9295540051e-01 3.0695997088e-01 2.5045537033e-01 1.5469519644e-02 9.2808129552e-02 1.0978325568e-01 -8.9294266025e-02
-1.8869873042e-01 -2.2873947606e-01 1.4296444807e-02 1.3873107114e-01 -1.3684004344e-01 -1.3775533464e-02 -2.4672040246e-01 2.4240132066e-01 -2.7662356203e-01 6.7797182568e-02 2.4447801093e-02 1.2025443612e-01 -1.5973917271e-01 3.5641521258e-01 3.5738540903e-02 -2.0110284818e-02 1.1271574940e-01 -1.6104517114e-01 -1.3172722849e-02 -3.5100678937e-01 -1.6597030497e-01 -2.2839456050e-01 -2.1628501900e-01 -1.9069838693e-02 2.5026891876e-01 1.0533382076e-01 -1.6869660007e-01 6.2682705471e-02 -2.4284932387e-01 -8.5909821763e-02 2.0111394679e-02 6.3776777856e-02
-1.1980523322e-02 -2.5298410866e-01 6.9472147097e-02 1.2564321275e-02 -7.7188928909e-02 1.8536642548e-01 -1.3036255569e-01 -1.1424784718e-01 2.6049605181e-02 -1.6538895389e-01 -1.9646926766e-01 2.9881028648e-01 -1.8042272343e-01 -7.4920394306e-02 -8.2040076278e-03 -1.1235700343e-01 -2.6930259241e-02 1.9715528819e-01 1.0700960530e-01 2.1958502715e-02 2.0296116272e-02 -6.7085351220e-02 8.3541633800e-02 -9.1467603161e-02 1.5652104347e-01 9.6922933558e-02 -2.8799752551e-01 -2.9137585586e-01 1.8809291815e-01 2.5371675195e-01 -1.9814234419e-02 1.4226662693e-01
5.2872677159e-02 -2.6834309625e-01 2.8790796933e-01 2.4373959732e-01 -2.8528835382e-02 4.3973210003e-02 1.7955165751e-02 6.7441339611e-02 -1.7759833270e-02 3.4600549676e-01 2.6984643412e-02 -1.1617556499e-01 -1.7799013256e-01 -8.3510658309e-02 1.5594063071e-01 2.6083312378e-01 -2.4734427114e-01 4.3296024344e-02 -1.2605248512e-01 1.6820612057e-02 -6.9122053428e-02 4.2111804987e-02 1.0601112491e-01 -5.5745041231e-02 1.3561045283e-01 1.3527363159e-01 -6.4354298532e-02 1.4789712351e-01 -4.4387126340e-02 -4.4869785489e-02 1.3456202815e-01 -1.1285045615e-01
-9.4209794959e-02 -4.9352557753e-01 3.5425745157e-01 3.0949683324e-01 1.7450936942e-02 4.1333143837e-01 -4.4172509817e-01 1.1900871379e-01 -2.7130228852e-01 2.8253132533e-01 7.3541450330e-03 7.7270683693e-02 -5.3421363614e-01 -1.4473641007e-01 5.8721003336e-01 9.5047507982e-02 -2.3971760542e-01 4.5357202168e-01 -3.6793765499e-01 -2.6740131563e-01 -1.1281550357e-01 1.8635174389e-01 6.3366845894e-02 5.3391238099e-01 4.7365629971e-01 4.7174626567e-01 -6.2701721519e-01 3.1112120262e-01 3.6220303797e-02 -1.5983956300e-01 1.0210010448e-01 3.4091068525e-01
-4.0434771837e-01 -1.1990727461e-01 2.0115288406e-02 -5.1084220954e-02 -6.4742867745e-02 1.3907261717e-01 1.3865682237e-01 1.0921062462e-01 -3.6403232210e-02 -1.4177874841e-01 -1.0633472837e-01 2.3817429512e-02 1.0509917873e-01 -4.8067726947e-03 -3.3450016619e-02 -1.6367635988e-01 1.1013075494e-01 6.8256998029e-02 1.2581129035e-01 -9.9580886152e-02 8.6599993621e-02 -6.5078368800e-02 -3.0217050518e-01 -3.9157594642e-03 -1.3640943072e-01 -1.0227681351e-01 4.6372828045e-03 3.3395040106e-02 -4.2362796157e-01 1.8715252834e-01 2.1952638178e-01 1.6492101952e-01
8.0822713815e-02 3.0745795658e-02 -1.1632599094e-01 -1.8441364268e-01 -1.5474139041e-01 -4.4547357350e-01 5.0380919059e-01 -5.4322942454e-01 1.3970193454e-01 1.6162871621e-01 4.0461158322e-01 -5.7050517313e-01 -4.6491619532e-02 -5.3853420753e-01 -1.4861493514e-01 -3.0083771395e-01 2.1753504775e-01 -3.2510037193e-01 -2.2359938029e-01 3.4668054177e-01 4.9528467427e-01 8.8352828773e-03 3.9602480831e-02 -3.1801188463e-02 -4.9949350999e-01 -4.8829058663e-01 2.6235400552e-01 2.2229167964e-01 1.1813289061e-01 2.8758836705e-01 -9.5293607342e-02 3.0953611365e-02
3.6873155858e-01 -6.8380708575e-02 1.3711894045e-01 1.3697166340e-01 1.2631198103e-01 -4.8888831846e-02 -9.1031968100e-02 6.3555898480e-02 5.0758829766e-02 3.0194796730e-01 7.4784149386e-02 -1.4427518203e-01 1.6856141095e-02 1.4552647721e-01 6.2554910768e-02 -9.7698127324e-02 -6.9368978544e-02 1.4460865085e-01 -6.3227844916e-03 1.1445521612e-01 -1.6024851869e-01 -4.1473229685e-02 3.3341645541e-01 1.1012757103e-01 -1.1122755613e-01 -1.1933925931e-01 1.0150056794e-01 2.0985228121e-01 4.7235193847e-01 1.1939342302e-01 -3.7841610801e-01 -1.4928189939e-01
4.4138120754e-02 1.8123409490e-01 -1.7656517493e-01 -2.0148932607e-01 -4.9153002433e-01 -1.4164048367e-02 2.5439814611e-01 -1.8650846249e-01 -3.7232918594e-01 -1.8260751364e-01 8.4826832094e-02 -2.2302947137e-01 6.2499752738e-02 -2.8163014838e-01 -3.0738797791e-01 -1.2055678426e-01 3.6214520876e-01 -4.3616662893e-01 7.2514888334e-02 -2.2289225629e-01 1.9322090356e-01 -3.5398674695e-01 3.5943687231e-02 -2.1912263489e-01 -1.8777068975e-01 -2.3246224321e-01 -1.7813436645e-01 -1.0849328812e-01 -1.7592709261e-02 1.4685557776e-01 2.4123486493e-02 -2.7362335189e-02
