-2.1367791254e-01 4.5556127050e-02 -4.8837013279e-02 2.0238577438e-01 2.6460740129e-01 1.0826878557e-02 5.0898654260e-02 1.4833220143e-02 1.0257377950e-01 4.2745418536e-02 -1.2886414074e-01 -9.7159851160e-02 -3.3843581007e-02 -3.5189844625e-01 5.4170544772e-02 -8.2724773561e-02 -6.2494933792e-02 2.2442008757e-01 8.3688134602e-02 -7.1744264850e-02 9.4984773914e-02 9.5968816203e-02 1.2526930933e-01 1.6050673880e-01 1.2710325378e-02 6.6291577639e-02 -8.1578086662e-02 -2.4138935216e-01 2.2024263098e-01 -2.6845075131e-01 -2.5475275080e-01 -3.9901149651e-02 1.8532486254e-01
-2.5140207385e-03 4.7988954080e-02 -8.2030094047e-02 -1.2837045499e-01 5.9310885938e-02 -3.2627544522e-02 1.1354861208e-01 6.0876961956e-02 -8.7457522942e-02 4.5290437641e-02 1.9884330070e-02 4.2243229883e-02 1.8389964099e-02 -1.1353207545e-01 -2.2632656505e-01 -2.0914336413e-01 2.0132179251e-01 8.4735760221e-02 -1.2894889370e-01 -2.2817306000e-02 -9.8718122921e-02 -3.6069738556e-02 1.9133915527e-01 7.8513491310e-02 9.2686408131e-02 1.7561692330e-01 3.7384101675e-02 -3.0344825391e-02 -3.6543667600e-02 4.9759159200e-02 5.7912851785e-03 -1.6384526924e-03 5.0827648952e-02
1.1893423867e-01 -1.7052459947e-01 -1.2362421922e-01 3.2119026345e-01 -8.0601897376e-02 -3.9819319003e-01 -8.4337095231e-02 -9.5448038888e-03 3.9394626280e-02 8.7153877659e-02 -9.1964864369e-02 8.2531431597e-02 -7.5320009911e-02 -1.1931706838e-01 9.6714894797e-03 -6.3855158159e-02 -5.3391429739e-02 2.5353426878e-01 -3.4487346634e-02 7.5948990270e-03 4.1325462300e-02 1.4731444434e-01 2.1833851426e-01 -1.6912139591e-01 -1.3754982828e-02 1.2030170761e-01 1.7800998133e-02 2.1782930212e-02 1.7583161493e-01 1.2006960307e-01 1.8596342745e-01 1.2746966127e-01 1.9763272579e-01
-1.1189925173e-01 -1.3940816765e-03 8.4918153299e-02 -1.0677141583e-02 1.0830545975e-01 2.4027319084e-01 2.1503320560e-02 -1.2628190189e-01 4.9009005034e-02 -1.1644537312e-01 1.4630643931e-01 -2.1200372259e-01 -5.5066775847e-02 1.3358089866e-02 1.1716160239e-01 6.3059445293e-02 -1.5636154153e-01 -1.0770075644e-01 1.0866150975e-01 -3.6363167723e-02 3.2862346047e-02 6.9343326206e-02 3.9075542932e-02 4.5951974480e-02 9.3466760558e-02 1.3797781133e-01 -1.4412802951e-01 -5.5071139681e-02 -4.8855804881e-02 6.0166648503e-02 -9.6903924733e-02 -1.6470383528e-01 5.0542035254e-02
-9.9559801618e-02 -3.3350263037e-02 1.0862647080e-01 -4.0596927252e-02 1.7483782684e-04 -4.3493428357e-02 -1.7732185690e-02 -2.3609165519e-02 -1.6929264579e-02 -5.2210911954e-02 4.2958352169e-02 -4.8767324954e-03 -8.9120182639e-02 -9.7340569482e-02 -3.7728478381e-03 1.5351093668e-01 -1.3036869811e-01 3.3600025091e-02 -6.3680915665e-02 -1.5923544040e-02 4.6720592926e-02 1.0990825787e-01 -2.7996080315e-02 3.8767185997e-02 7.6049740224e-03 -8.2498362420e-03 -2.8257325287e-02 -9.5746484623e-02 3.7416035636e-02 5.1327650964e-02 5.2525616696e-02 1.2360903556e-01 4.7579762208e-02
-1.1366057339e-01 1.9181927098e-02 1.3587900212e-01 -9.1879073788e-02 -1.0032401715e-01 1.0824429724e-01 9.0968635740e-02 9.5618942400e-02 1.1618735020e-03 -6.3103576747e-02 5.3040711239e-02 8.2673549086e-02 -4.4710792324e-02 -2.8850305713e-02 -6.9398563672e-02 7.2952658346e-02 4.4483067910e-03 3.6990462356e-02 -6.5926491344e-02 -8.2297726422e-02 7.1966210515e-02 -3.8299988526e-02 -8.3679108966e-02 -1.5908947400e-02 -2.2621961036e-02 -2.7063791313e-02 -6.2155811433e-02 1.7610064845e-02 1.5788517541e-02 -1.1520357829e-02 3.6128667459e-02 1.3190254991e-01 5.5920098996e-02
3.8392064252e-02 3.0021819171e-02 -1.5182950845e-01 1.3685052011e-01 -1.4610840388e-01 -5.5264308556e-02 3.4414507257e-02 -1.2074843965e-02 6.4351167538e-02 1.4946428617e-01 -2.1357009780e-01 -5.6417859850e-02 2.1552396533e-01 4.6516991096e-02 -3.9100816126e-02 -1.0811976232e-01 1.8057229613e-01 1.9424108718e-03 1.1160849004e-01 1.7723266364e-01 -4.3569731588e-02 -1.5452356867e-01 1.1342706813e-01 -1.1631541518e-02 -1.1583326200e-01 -1.4097092169e-02 7.6315593299e-02 1.3144376032e-01 2.7450919417e-02 -1.0607620701e-01 -1.8185855064e-01 -1.1963424700e-01 -2.5418571201e-02
5.8112208276e-02 -1.5197606913e-02 -1.4494109683e-02 -1.3545252075e-01 2.6414173542e-01 7.9257749785e-02 5.3648475977e-02 4.3778094425e-02 -8.3157735640e-02 -4.6031949027e-02 1.9263101876e-01 -3.2554484555e-02 -3.0439871611e-02 -5.7823977757e-02 1.9161898487e-01 9.2030887994e-02 1.1822020645e-02 -5.4684605209e-02 -1.1358416977e-01 6.4958902788e-02 -1.2839838618e-01 -3.9469316523e-02 -2.6919074631e-02 7.4757778296e-02 1.3377936746e-01 2.9967134010e-02 -3.5266101706e-02 -3.0175611351e-03 -2.3710615896e-01 6.3066815909e-03 1.1761486381e-02 -9.9963509528e-02 1.1422228064e-01
1.1248601158e-02 -1.4976575747e-01 1.8008514039e-01 -2.6230320823e-02 1.5771518570e-01 -4.5610589525e-02 3.2848163823e-02 1.2567844821e-02 -1.6052613284e-02 -8.7891978143e-02 1.0831481824e-01 9.7357114365e-02 -3.9512017322e-02 -1.3711233682e-01 5.5129767892e-02 2.0638227787e-01 -8.7679214776e-02 8.0792730801e-03 -1.9833549226e-02 -1.2376168349e-01 2.4603899964e-02 1.3195850679e-01 3.5164652895e-03 -9.4660870478e-02 1.5229863025e-01 7.4752797130e-02 -7.6312680476e-02 -7.0468364947e-02 -7.1064959337e-02 6.7679042199e-02 8.5050269934e-02 1.6035047294e-01 3.1818572442e-02
9.3429070795e-02 -2.1148102283e-02 1.0539871076e-01 -1.1807575490e-02 -1.5016807616e-01 2.3889916574e-02 7.5111498210e-02 1.1261025721e-01 -7.3525488326e-03 4.5847585529e-02 -3.1038535680e-02 1.1759983708e-01 1.6124622960e-02 -4.2356802976e-02 1.7886596523e-02 5.4862972408e-02 1.2518180216e-02 -5.3718595494e-02 -2.6831466758e-02 -1.8015857635e-01 3.7310576644e-02 6.3608356375e-02 -1.0353383643e-01 -9.7730135351e-02 5.6101844260e-02 -6.7459389913e-03 1.3693122181e-02 9.0353275201e-02 -7.3259798086e-02 5.8449406408e-02 4.2396599243e-02 1.6054128259e-01 -4.8998529088e-02
1.9934365652e-01 -1.7951044904e-03 -8.1915081760e-02 1.1107172793e-01 1.0514573331e-01 -8.8266081392e-02 -3.9324082408e-02 -1.2032993507e-01 4.3936123590e-02 -6.9047107044e-02 -7.6229061600e-02 8.2864091484e-02 9.1566750916e-02 6.0408037447e-02 8.0353927304e-02 -4.4849680215e-02 1.1993154575e-01 -1.2309586444e-01 2.3756385369e-01 9.8762256045e-02 9.5637680347e-02 -2.7144941680e-02 -8.1806681766e-02 -5.0482483219e-02 1.0688345355e-01 1.5677557346e-02 2.0618604940e-02 1.8480171477e-02 -1.2233591888e-01 2.2837734242e-01 -1.5499021710e-02 -1.9419033036e-01 -7.8987327972e-02
2.1882661468e-02 4.7819632747e-02 -1.2750906012e-02 3.4810543308e-02 -3.5598855403e-02 -7.6597054509e-02 -6.8516498167e-02 1.7537861669e-02 4.5846181178e-02 7.7864784039e-02 -6.7316857790e-02 3.7557046434e-03 -8.5226848713e-03 3.3109725467e-02 -6.1543416765e-02 4.2409882167e-02 2.4001365478e-02 9.8052265671e-02 5.1195029522e-02 -3.0469677898e-02 9.1019681388e-02 4.0426317495e-02 7.6091024051e-02 -5.0342004553e-02 -5.2247134450e-03 8.4085339944e-03 -8.0123225605e-02 -8.9428348583e-02 8.3361797996e-02 1.0145481660e-01 -1.6828862783e-02 1.5193685438e-01 2.0528373254e-02
-1.6844290760e-02 1.8722338766e-02 4.9130437093e-02 1.1775892971e-01 9.7930150599e-02 -1.1373235914e-02 1.8801746005e-01 3.1916840779e-02 -3.5116483279e-02 4.4132373105e-02 -8.1523611585e-02 1.6082339401e-01 8.7518629709e-02 1.0275996706e-01 1.6863561773e-01 7.6558761330e-02 6.2237013186e-02 -4.9599495960e-02 4.6711371252e-02 1.2715493974e-02 -1.9926916743e-01 -1.4935431806e-01 -3.3794263203e-01 -4.5465334292e-02 -8.5995860050e-02 -1.9771746924e-01 7.5403866552e-02 1.6362708647e-01 -4.6523573851e-02 -1.7642660582e-01 -5.1739419788e-02 -1.2329645612e-01 4.6494538409e-02
-1.3704141605e-01 1.4087311203e-01 2.8755878506e-01 -3.1031281888e-01 3.8440254919e-02 9.7471133596e-02 3.9820429946e-01 -2.1423298723e-02 -5.4622823535e-02 -3.6551887772e-02 -3.2858860906e-02 -1.5534957955e-01 2.9086073518e-01 9.7984478073e-02 -8.7944396262e-02 1.2980621696e-01 9.2108494680e-02 -1.3043334664e-01 2.2253143248e-01 -4.6837471892e-02 4.8407923947e-02 -2.3748123206e-01 -2.8937150122e-01 7.2554784509e-02 7.6040424043e-02 2.4864402021e-02 2.3103761172e-02 1.2323291702e-01 -9.4373353541e-02 -9.5270983185e-02 1.1537703503e-02 6.3538875041e-03 -3.1469458281e-01
2.3174190011e-01 -1.8569409416e-01 1.5019008641e-01 -1.7791627897e-01 1.4371894467e-01 -9.6315441030e-02 3.2510311390e-01 -6.0907761751e-02 -1.0439969547e-01 -7.2007615357e-02 -9.5584735473e-02 -1.9141266549e-02 2.0013193741e-01 -1.6339255386e-01 -2.8640977167e-02 3.4802664126e-02 1.6778485929e-01 3.2731857411e-02 1.1691675999e-01 -1.5220702793e-01 9.7131408168e-02 -1.1243694591e-01 -2.9691025132e-01 -6.1625320299e-02 1.2442812889e-01 7.2797932494e-02 6.2568825034e-02 9.1200856617e-02 -2.0796679668e-01 1.2876899213e-02 1.4838349155e-02 7.7825338293e-02 -1.4882771569e-01
7.6867740799e-02 1.0008142646e-01 -2.1310846644e-01 9.6744648765e-02 -1.9014858503e-01 -1.0438545668e-01 -1.8179016036e-01 5.7579947807e-02 7.8412483384e-02 7.0568168411e-02 1.0020662053e-02 -6.7369430121e-02 -9.5339175582e-02 2.0569420867e-01 4.9406526972e-02 -5.6740856095e-02 3.4726830343e-02 -8.4123835498e-02 -1.1479055937e-01 1.5763932174e-01 -3.4855711567e-02 5.0135484786e-03 1.8606366546e-01 -6.9705026549e-02 -2.1585416067e-01 -5.2271906297e-02 8.5314108668e-02 8.2024689231e-02 3.8765309005e-02 1.1321156583e-01 1.8561382041e-02 -1.4640346820e-01 1.4952831990e-01
-5.5551787423e-02 -1.3415177502e-01 1.0211402676e-01 -2.9345206259e-02 8.4436498062e-02 1.0664580051e-01 -5.7758476785e-02 -4.3898290152e-02 6.9552755052e-02 -1.0770817891e-01 1.6678173631e-02 -2.2116553287e-02 -4.5871106824e-02 2.2578873197e-02 3.9472485909e-02 1.9507087591e-01 -1.0175705934e-01 3.6512886567e-02 5.0065597058e-02 -9.7008517511e-02 -2.5704667260e-02 8.2349911088e-02 -3.5973204144e-02 5.5655537847e-02 2.9790547368e-02 -4.9889278418e-02 -2.1975431427e-02 -1.2903114190e-02 3.8965439691e-02 -2.3187806349e-02 -2.5806158340e-02 4.8731809361e-02 2.1564928124e-02
-1.0995353905e-02 1.1907593283e-01 -2.0126954344e-02 -4.0906022849e-02 1.1798081552e-01 4.2547181656e-02 -3.1553620049e-02 -8.1255548152e-02 2.7944597881e-02 -3.9788544945e-02 -3.9265475648e-02 -4.0933516463e-02 6.7436751416e-02 1.6800175184e-01 1.1839562550e-01 3.0059631832e-02 -1.6054834592e-02 -1.0454233602e-01 5.1176539520e-02 2.1352816848e-01 -4.6835888387e-02 -6.5036305517e-02 -6.7356135982e-02 9.0282718618e-02 -1.4218006412e-02 -6.1090621619e-02 -1.7844976120e-02 -3.1635774587e-03 8.4043831342e-03 -1.4868250484e-01 -1.4744548735e-01 -1.6786507929e-01 -1.4454799221e-01
-8.8456315339e-02 -2.3537277310e-02 1.1747356573e-01 -1.2713683570e-01 4.1988999602e-04 5.9351780543e-02 -4.7774060072e-02 1.4699289115e-02 3.8966550407e-02 -5.0881308983e-02 2.6478824839e-02 -7.3445906734e-02 -3.2193325760e-02 -9.5647921050e-02 -1.0304983376e-01 9.9593564038e-02 -1.2666592888e-01 5.7227942136e-03 1.1537025195e-01 -5.1788581760e-02 1.3086980999e-01 4.4093910655e-02 -5.6350147415e-02 6.4302153635e-02 9.8843030714e-02 -2.5059918746e-02 -1.1589702204e-01 -4.2734449984e-02 1.3698409152e-01 -1.4401093657e-02 1.1411515853e-01 1.2106954372e-01 -1.1367139170e-01
-1.1367018845e-01 -6.5366084324e-02 1.0240763887e-01 3.3936803404e-02 1.1656144267e-01 2.0731790958e-02 1.3075136217e-02 1.7580572577e-01 -7.8694253022e-02 2.8367441107e-02 5.5435512612e-02 1.7623986345e-01 -1.7575548111e-01 -1.0936579597e-01 2.1144029288e-01 1.0308123898e-01 -4.2092107872e-03 1.5684469400e-01 -8.8217241349e-02 -1.8607516617e-02 -1.6979589555e-01 6.1883262925e-02 -9.7439282125e-02 -7.0805034241e-02 -1.1466873384e-01 -1.3641998898e-01 3.3627028321e-02 -7.6430193941e-03 -3.4676581685e-02 -1.4146023919e-01 8.7793714682e-02 1.1532559449e-02 1.1960833185e-01
-7.6362301442e-02 6.3426800648e-02 1.1215100112e-01 -2.7997080812e-01 -5.7466872786e-02 2.7950271987e-01 -2.3384321909e-01 -1.2377402337e-01 4.5001295063e-02 -1.8890103185e-01 2.5455660488e-01 -6.5909945772e-02 -9.9923249422e-02 1.8092157411e-01 2.1747743666e-02 2.4016045944e-01 -6.7944685245e-02 -3.5274747673e-01 1.9143342095e-02 -5.7933484301e-02 -4.8369431803e-03 1.0313893614e-01 -1.9060598123e-03 -1.2678303269e-01 -1.3943160128e-02 4.9321992361e-02 -1.2457679677e-01 -4.1945214739e-02 -1.0824178142e-01 1.2871848921e-01 1.6278979998e-01 -1.7675038932e-01 -6.8279895682e-02
-4.6906153043e-01 1.4004626523e-01 9.7069643409e-02 2.2979981050e-01 3.4107974709e-03 1.0166422513e-01 -1.6021718029e-02 6.0641231647e-02 1.4290347535e-01 5.5586218829e-02 4.5982366384e-02 -1.1604774384e-01 3.6931953354e-03 1.0135106449e-01 1.6017369983e-01 3.8002622007e-02 -1.4752660018e-01 1.9581782489e-02 2.7807575526e-03 5.5753771821e-02 -8.2318076610e-02 -4.1101409537e-02 -2.8324294371e-02 3.2104506972e-01 -1.1923409421e-01 -1.2997109234e-01 4.1797778210e-02 -1.4960877081e-01 1.8342333710e-01 -2.4157950891e-01 -1.1778171350e-01 -9.5798998822e-02 1.1434341950e-01
1.2841604996e-01 5.3344369274e-02 -1.3441372443e-01 4.7338092847e-02 2.6314607480e-02 4.5949201217e-03 -1.6270100089e-01 -8.9686230981e-02 1.2539143053e-01 -6.3929691008e-02 8.2358702316e-02 1.8398596676e-03 -7.5141024702e-02 1.4973092709e-01 5.4155647011e-02 1.2760594453e-02 -9.7535032423e-02 -1.6810066588e-01 4.8982851957e-02 8.1239680666e-02 -1.3556066305e-01 -2.4136864762e-02 3.0797116378e-02 -7.7995882694e-02 -3.2571515533e-02 -1.1332629697e-01 4.2000261942e-02 1.9485364847e-02 1.0385224137e-02 1.8858868896e-01 4.7972010232e-02 -1.1733182346e-01 5.8112080565e-02
-1.2773292182e-01 5.3273652669e-01 -9.0672721611e-03 -6.8078805211e-01 -6.7846369666e-01 8.2213283201e-02 3.0302545093e-02 2.0238470707e-01 1.2063659376e-02 1.1246987367e-01 -9.3979351570e-02 -1.4105608314e-01 1.9140439887e-01 1.3499071667e-01 -4.7956206112e-01 -1.1023102885e-01 2.0834858363e-01 -1.5610331589e-02 -3.3628266831e-01 1.3212171130e-02 2.5133723168e-02 -1.6943496715e-01 1.4888383509e-01 -1.4474709378e-01 6.9066390544e-02 9.9383673317e-02 1.5325578632e-01 2.2178887087e-01 7.9903630190e-02 7.7720147336e-02 1.2561638981e-01 3.5351454995e-01 -3.3704402366e-01
-2.0040314002e-02 6.8830420812e-03 7.6770530656e-02 5.1807766574e-02 -3.2755081457e-02 -1.9899071313e-02 1.0584003431e-01 1.1250522031e-01 1.3082086112e-02 -1.5271074658e-02 -5.5238470810e-03 2.5431297055e-02 -1.1344492647e-01 -1.1072528789e-01 -3.5536031178e-02 1.0845298841e-01 -2.7790033409e-02 1.1890675953e-02 -4.7858021304e-02 -9.1946020940e-02 9.5530515377e-02 1.0123222349e-01 3.5200621371e-02 1.9827916799e-02 2.3259754111e-02 -1.7742917668e-02 -1.1832323549e-01 -8.2028537784e-02 4.3339955586e-02 -4.6345243908e-02 3.9471257780e-02 1.6608457537e-01 3.1843339986e-02
-1.6654601511e-01 1.0324100955e-01 -1.5903091436e-01 2.1485039020e-01 -8.4759950198e-03 -1.2830729251e-01 -1.7126435046e-02 1.7207319118e-01 2.0005593456e-02 2.3149100333e-01 -1.8578712545e-01 1.5500154984e-01 -6.7434118594e-03 3.0219469756e-02 1.5041737694e-01 -5.8843550353e-02 -8.3164967372e-02 2.8849629963e-01 -3.5964715823e-02 4.0990283159e-02 -6.5899395503e-02 -9.5156490713e-02 -4.6930591783e-02 -1.3092047680e-01 -2.6528566273e-01 -1.4512977679e-01 1.9063989747e-01 5.8836459139e-02 1.2244438108e-01 -3.3675612813e-01 -2.0351328652e-01 4.4123673611e-02 1.8599842232e-01
-1.3342943702e-01 5.6279501572e-01 -8.4139184601e-02 -2.4915262004e-01 -1.6615554530e-01 -9.4078679944e-03 9.6344725115e-02 9.4043623923e-02 -8.3141937457e-02 7.8629492444e-02 -1.4733193855e-01 -2.6632994944e-02 1.7580928510e-01 8.0918494333e-02 -7.2873458447e-02 -7.4740408974e-02 1.4665447793e-01 2.8030784796e-02 -4.4170159627e-02 -2.9963694196e-02 -1.3783742926e-01 -2.6038709754e-01 -5.5338034871e-02 9.5128621242e-02 -4.1994006485e-02 -4.0009462668e-02 9.8286842020e-02 1.3123535590e-01 2.5408631407e-03 -1.0261326811e-01 -8.2962125171e-02 -3.8889947865e-02 -1.2578723936e-01
-6.7191490169e-02 -2.1858066674e-01 7.5404065011e-02 1.4890468350e-01 2.1353890515e-01 4.5804830022e-02 2.1402938894e-02 -1.1682842660e-01 7.2463602833e-02 1.5177798118e-02 -5.9210754640e-02 -1.1357993128e-01 -8.9199545339e-03 -1.0103024057e-01 1.3136335154e-02 2.1419750674e-02 -3.2864510251e-02 2.8661880023e-02 5.1518036537e-01 1.8496914960e-02 1.1969958461e-01 1.3810352099e-01 -3.5820384133e-02 2.1186702762e-01 2.7295960717e-02 8.6486871246e-02 -2.1299526233e-01 -1.7441901455e-01 7.0266337193e-02 -5.2581210278e-02 -1.6371992314e-01 -3.3458743316e-02 -3.6829898619e-02
-1.3609839942e-01 8.5825443198e-02 1.1249892282e-01 6.7636263428e-02 -3.6984656830e-03 4.6826749266e-02 1.2087664056e-01 -3.4629922164e-02 -6.1880953017e-03 4.8013227853e-02 -8.0633581112e-02 -1.3535200974e-01 1.0401612661e-01 6.9972977992e-02 -8.3048138769e-02 3.7814958079e-02 -4.8010537488e-02 -1.1167635070e-01 6.1144198678e-02 -5.0839318941e-02 8.8733897553e-02 -1.9666108233e-02 -9.6703088193e-02 1.3757532011e-01 -1.5472945035e-02 -8.7922911685e-02 -4.6390669144e-02 1.1141361633e-02 6.9290795675e-02 -2.0884197832e-01 -1.6458575116e-01 3.2939303758e-02 -6.9729350910e-02
-9.3388271930e-02 6.8300063487e-02 5.3290743340e-02 -6.9075063451e-02 -8.4695290462e-02 2.2454875480e-02 8.4355161443e-02 4.4916483617e-02 4.0861544915e-02 1.6817730555e-02 -1.3785061429e-01 -1.3208509476e-01 -7.6627271960e-04 -1.4625211425e-01 -7.8459821378e-02 -5.4919751468e-02 -1.2710593753e-01 1.3467507936e-01 1.5387167326e-02 -4.7752263153e-02 1.0622152019e-01 6.9958534256e-02 -1.6589340638e-02 7.7030032616e-02 5.5864261856e-02 9.2607892769e-02 4.1499201506e-02 -6.9425946725e-02 1.0475440800e-01 -8.0019262256e-02 -4.0765589945e-03 2.1582196104e-01 2.8805770361e-03
-1.6715231054e-01 2.6020767303e-01 1.0238413615e-01 -4.2323284442e-01 -4.2491148637e-02 2.8567977379e-01 1.6393099588e-01 1.0535449712e-01 -1.4266810879e-01 -1.0741762818e-01 2.1897759476e-01 -7.5963437503e-02 1.8465224818e-02 6.1580682456e-02 -1.8208938967e-01 3.5436282272e-02 1.3029706519e-01 -8.4200106449e-02 -1.3649521881e-01 3.0157792452e-02 -6.3892105473e-02 -4.7717003575e-02 5.7873690050e-02 3.4011824337e-01 -1.9825193431e-02 1.9964362311e-01 6.4288070714e-04 -6.0999567491e-02 -2.4719694822e-02 -8.9689105375e-02 -1.3945635806e-02 1.0664549089e-01 -1.4110635809e-01
-6.6003738683e-02 4.1544993226e-02 5.3581655609e-02 -1.4078538377e-01 2.9152021844e-02 9.1380848598e-02 -4.1745537822e-02 4.9406356599e-02 -1.2196168001e-01 -4.5152497975e-02 7.9354999030e-02 1.8885166514e-01 -9.0663388323e-02 1.5989981622e-01 5.8038475337e-02 6.3524262064e-02 -3.4791049667e-02 6.4995766721e-03 -3.5398229206e-01 2.9195625611e-02 -2.2969793741e-01 -6.7955345930e-02 -7.8802400945e-02 -4.3497028173e-02 2.7224151701e-02 -1.0897596909e-01 1.0800772184e-01 6.7324273732e-02 -5.2784043120e-02 -1.6135363291e-02 5.5359336257e-02 -1.8475177869e-01 8.2262806082e-02
-9.0732427023e-02 -4.6847200223e-02 1.0737221278e-01 -8.4273182604e-02 -6.1374625630e-02 3.3077755990e-02 4.3180218611e-02 1.6364429778e-01 -1.0961331493e-01 5.2364866818e-02 3.9086775150e-02 1.2412877145e-02 -1.2187653984e-01 -5.2975324209e-02 2.0109170087e-02 4.7881716298e-02 -7.0535205525e-02 6.1363234719e-02 -3.9596196631e-02 -2.0950908556e-01 -4.5648399248e-02 3.4504992035e-02 -5.6664638122e-02 9.1341709851e-03 1.4033545851e-02 8.0887569056e-02 -2.9478131501e-02 3.0733957769e-02 9.5368131422e-03 -6.5398574979e-02 1.4770548510e-01 1.2398814642e-01 -3.1492903859e-02
1.8221366846e-01 -2.8962605296e-01 1.8741479475e-01 1.1932593344e-02 2.1051189398e-02 -5.3005352348e-03 -7.0626923545e-03 -5.7616337284e-02 -1.0213563062e-01 -6.0306498363e-02 4.0186789536e-02 9.9916839706e-02 -1.3494384870e-01 7.4358174735e-02 9.4718610118e-02 2.0651438890e-01 -7.5297442432e-02 -4.1522550063e-02 -9.2842467800e-03 -2.9061120271e-02 -5.1252376470e-02 1.1850908507e-01 -7.0080921653e-02 -1.6946995220e-01 1.4409526538e-01 -7.9703152304e-02 -1.1048720205e-01 -1.3779583271e-02 -9.8405387456e-02 1.0376770252e-01 2.4157161687e-01 2.2260420267e-02 -8.8172370790e-02
-2.4743840147e-02 8.8360849570e-02 -6.9508231223e-02 1.3632102921e-02 2.5020184998e-02 -1.8187154858e-02 -1.2783391203e-01 1.0263027890e-01 -5.2570996376e-02 -1.7450968423e-02 1.2974765729e-01 9.1870090909e-02 -1.0453110025e-01 -6.7740048813e-02 2.9071238328e-02 -2.2509490246e-02 1.2601049666e-01 1.7614685385e-02 -1.1591339157e-01 -4.3678898497e-02 -5.2078566672e-02 4.2187441988e-02 2.0262575020e-01 -4.0211526319e-02 1.0327776429e-01 1.3765099148e-01 -7.4919535745e-02 5.3573910376e-03 -4.0786277078e-02 5.5064688406e-02 2.2428529424e-02 -4.0860679089e-02 6.4205799107e-02
-1.0347902689e-01 -2.3131788000e-01 1.1619142587e-01 5.2330062222e-02 5.4630468973e-01 -1.6269836363e-01 1.9431971283e-01 1.3059194634e-01 -3.8958182449e-01 -1.2621616819e-01 7.3019280303e-02 4.3091979306e-01 -9.9214160874e-02 -4.3686881311e-01 2.3402746054e-01 4.9465484529e-02 6.0067219052e-02 2.8732628901e-01 1.1241040150e-02 -1.9703950378e-01 -2.2517549130e-01 1.9687849898e-02 -1.1604242911e-01 1.6805306372e-02 1.1588529626e-01 1.0072836394e-01 2.3583729343e-02 -4.0461999024e-02 -1.6049581264e-01 -7.2756177089e-02 1.3497538598e-01 -1.5013419210e-02 2.9913487235e-01
4.6610640003e-02 1.6925875286e-02 1.5320162354e-01 -5.5234206757e-02 -8.7295270611e-02 -9.0609115271e-02 2.0333562778e-02 -1.3181732479e-03 3.6017370483e-03 1.4683602257e-01 -1.5270206638e-02 3.1398283416e-02 2.3813176238e-02 2.3583470663e-02 -8.5914730676e-02 1.1627399671e-01 9.6965169645e-02 6.4970254933e-03 -2.7094272384e-02 -7.5932100437e-02 1.7135324395e-02 -9.0581921846e-02 -1.4444642469e-01 -9.3018229963e-02 -1.9991998362e-02 -1.2319517931e-01 6.9069854608e-02 9.2661158222e-02 -4.8297397001e-02 -1.2723865928e-02 2.0901404114e-02 9.5531338068e-02 -9.7507406103e-02
1.1723579300e-01 3.8311564165e-02 -7.5528696116e-02 5.5809346195e-02 3.3636538917e-01 -3.9225647588e-02 -3.4027085656e-02 -1.2702716957e-01 8.6163556331e-02 -3.0958881595e-02 6.4154159396e-03 -8.1036293956e-04 5.6796851880e-02 4.8101370875e-02 6.7748001489e-02 -5.2676173939e-02 1.5446508267e-02 -3.3124053999e-02 1.2288350989e-01 2.2300062000e-01 -9.0866770535e-02 -1.0641950691e-01 -8.8965493484e-02 -1.3155164360e-02 -6.6173206306e-02 5.8096585222e-02 1.8886626041e-02 -4.1043617591e-02 -1.2388098070e-01 -9.5419441460e-03 -1.7498925313e-01 -1.7833974121e-01 -8.0131063050e-02
