-3.4675933121e-01 -1.4978528146e-01 1.9800679503e-01 -7.5707975404e-02 5.2479742544e-02 -7.1859843158e-01 5.5113354706e-01 1.5162807040e-01 6.1213544699e-01 1.2793114856e-01 2.4497250131e-01 1.7260247881e-01 -3.1020897149e-01 -2.7475104392e-01 -3.4904968394e-01 -2.8023043806e-02 9.4913616507e-02 1.7729306036e-01 2.4807206327e-01 2.1211646370e-02 2.1492444701e-01 1.1772118437e-01 -5.3585303303e-02 -2.9809121281e-01
1.0096667249e-01 -1.3272080011e-01 1.3343202545e-01 2.9166122325e-02 -3.2008579419e-02 -2.7308081903e-01 -2.1886121915e-01 -8.9704688753e-02 -2.2757308128e-01 4.9091362789e-02 -1.8942665185e-02 7.7198262330e-02 9.1605102936e-02 -9.1119018429e-02 1.8227977557e-01 1.2026466439e-01 -9.4327598603e-03 -1.1583417083e-01 -1.5124848255e-02 -3.5795235956e-01 -9.6643217179e-02 -5.0442586325e-02 6.9721267132e-02 -5.9273450946e-02
1.4162501503e-01 -4.2883016351e-01 1.9719307724e-01 -7.6322114935e-02 -8.8890419445e-02 -2.1495790089e-01 -3.5899119667e-02 1.7755342212e-01 1.2496645028e-01 4.5124581583e-01 -2.5888471252e-01 -6.7703240947e-02 -4.4390663938e-01 -4.8186153743e-01 2.2783177152e-01 -7.4221845742e-01 2.2252578909e-01 -1.1112483618e-01 -2.3242150086e-01 -9.8214702957e-02 -2.7901296119e-01 1.7703393416e-01 -3.6253832633e-01 -5.8041620768e-01
1.1285780328e-01 -1.1086842540e+00 -1.2821580047e-01 1.8534167318e-01 -2.3634128158e-01 2.6939641901e-01 -5.8671172548e-01 -2.3237551310e-01 -1.4443528490e-01 3.3698580776e-02 -1.8595629835e-01 1.0683388214e-01 -1.4135804003e-02 -4.5652155376e-01 2.7183096916e-01 -1.8492059764e-01 7.6194141233e-02 -2.4299587244e-01 1.2957402315e-01 1.7994417055e-01 -3.4388896199e-01 1.5353807972e-04 -2.6111773623e-01 2.5868272629e-01
4.3464917176e-01 -6.1713943491e-01 -1.0901913254e-02 -1.3045012356e-01 -6.3100464373e-01 7.3895139137e-02 2.1657086608e-01 -3.1240442920e-01 -1.4758401053e-01 1.7137329931e-02 1.2001352969e-01 -2.6765833186e-01 -1.6443633994e-01 -3.4634292200e-01 -1.5666934362e-01 -2.6640842582e-01 1.4350678110e-01 -6.5386282827e-01 -2.3554824164e-01 -1.9426883370e-01 -5.2672504615e-01 -5.3970849333e-02 1.6491626556e-01 -2.3702403508e-01
3.7983593591e-02 -3.7690881328e-01 -1.5387745224e-01 -2.2897850621e-01 -1.3508558831e-01 1.3410496040e-01 5.5975280090e-02 -3.0322084942e-01 -3.4401461544e-01 5.6239066178e-02 7.2468882502e-02 3.7641515123e-02 2.5506971677e-01 -3.5312386380e-02 -1.7812528004e-01 -1.6338408462e-01 -9.3612229497e-02 -7.4267765185e-01 -9.1325773544e-01 1.3490774136e-01 -3.0390306517e-01 2.1353493046e-01 -5.2670909536e-02 3.6146679629e-01
3.5439132383e-01 1.9843545705e-01 -5.2767167278e-01 -1.7426203060e-01 -1.4967619274e-01 3.7397391885e-01 -1.7220339028e-01 -2.1901687438e-01 -4.5111836916e-01 -2.4165982936e-02 1.8620939208e-01 3.2090117226e-01 1.7545958149e-01 1.2995049397e-02 -2.0178591536e-01 -3.6751628325e-01 -1.3148931587e-01 2.5652997847e-01 -1.8773488656e-01 1.0083302077e-01 -3.4157912072e-01 1.7065187486e-01 -1.9351916994e-01 5.0407841423e-01
-2.1818313515e-02 -1.1195907458e-01 5.9907881869e-01 2.3234922081e-02 5.9446411262e-02 2.9835444478e-02 -2.0748914388e-01 2.1100632354e-01 -5.3022489522e-02 -1.7179856643e-01 -4.4706987496e-03 -1.1226304873e-01 -1.0249822613e+00 4.2186951960e-01 3.1208731153e-01 -2.3187313095e-01 -3.7252986506e-01 1.5392800338e-01 -1.3407464696e-01 -5.8296197930e-02 -1.4266495413e-01 5.6088652909e-03 -1.5236182608e-01 -5.9953354087e-01
-1.1853789982e-01 2.3413013313e-01 -1.7624474508e-01 -2.3268820541e-01 -4.3459582084e-04 7.1162972261e-02 -1.3400648476e-01 3.9046086620e-01 7.2465751927e-02 -1.4303055810e-01 -6.5642379037e-03 3.0629536347e-01 2.2706627932e-02 -1.1314016231e-01 8.1387850589e-02 -2.3602279119e-01 1.0771846056e-01 4.3885049746e-01 -6.6815369267e-02 9.5163040051e-02 1.1563018843e-01 7.2410306311e-01 -4.2435910685e-01 1.3407856081e-02
4.1189153007e-01 3.3073588597e-01 2.0878242788e-01 5.8136535649e-01 -5.0253331593e-01 3.8243470228e-01 1.8538783502e-01 -3.4860867501e-01 -2.3418534625e-01 -5.3431435894e-02 -5.2883763064e-01 -3.1183724838e-01 -1.2120559534e-01 -2.6800722820e-01 -7.0185194064e-03 5.4297089943e-01 3.5775104249e-01 -6.0296766073e-01 5.7541348885e-01 6.1488165932e-01 3.2758208821e-02 -3.6354355177e-01 3.2590924078e-01 -3.9247704545e-01
-3.3493665798e-01 -2.0963767856e-01 -3.8529209277e-01 3.7951600357e-01 3.3202481882e-01 1.4261286530e-01 -2.7810531065e-01 -8.3698246421e-02 3.6347044605e-03 4.8105804915e-01 -4.4651271835e-01 -3.5476190621e-02 3.6081551822e-01 -2.4699383405e-01 7.9050231150e-02 5.8316868007e-01 6.5535091387e-01 -3.2725850400e-01 2.0431168016e-02 3.3812294636e-01 3.2219394002e-01 -6.2351636521e-02 -1.2244983907e-01 4.0790282779e-01
2.9391485012e-01 1.8049699377e-01 -1.7921292288e-01 -3.7964325722e-02 -2.5120002559e-01 5.7491899351e-02 4.2149166209e-01 9.5978084442e-02 1.5038751411e-02 -5.4656578600e-02 4.8004174417e-01 2.7634779648e-01 4.2455981267e-01 1.3122752056e-01 -2.7020555538e-01 4.6218937647e-01 1.1669701207e-01 2.0904608263e-01 6.2581108317e-01 1.8150958532e-01 9.4060643923e-02 1.4158165220e-01 2.1039748447e-03 4.5953806871e-01
-8.5136090514e-01 -1.8124853406e-01 -1.3454135568e-01 1.5970367390e-01 8.9349226406e-01 -4.3598592473e-01 -3.8487179331e-01 2.2983301962e-02 4.0140436881e-01 2.3982791441e-01 -2.3741688188e-01 -1.1453122289e-01 -3.2889060940e-01 2.6815414338e-02 1.7424005922e-01 -3.4908800623e-01 -1.8976135853e-01 1.4729660584e-01 -6.8627180253e-03 -2.1814681250e-01 2.4783511600e-01 -4.6149133567e-01 2.0894790571e-01 9.6134495326e-02
4.9778325561e-02 -6.6750520443e-01 -3.2941155177e-01 4.4339929792e-02 1.8478534754e-02 1.9608545723e-01 -5.2572075481e-02 -6.6900530000e-01 -2.3167653374e-01 -4.8902943947e-01 2.5345230831e-01 -3.0860616506e-01 3.7842591356e-01 2.4024747616e-01 -2.7807629132e-01 -1.1307354182e-02 -3.8104616397e-01 -3.5447301024e-01 -5.4865407105e-01 -7.2120871634e-01 -2.4360427695e-01 -5.3876570261e-01 2.9472170538e-01 3.1766425762e-01
5.7696509371e-01 -5.9209434730e-01 2.6317183670e-01 -5.7207715690e-02 -8.4489063468e-01 1.0784206625e-01 1.2417246312e-01 2.8873206408e-01 -1.0569144539e-01 -2.5120652335e-01 -1.0362728316e-01 -6.3679367344e-01 -6.1197013279e-01 -1.9286120191e-01 -1.1674539177e-02 -3.9473545304e-01 -7.1255784627e-02 4.4174252968e-01 2.2487332263e-01 1.0961472620e-01 -9.4264909068e-02 1.1290692143e-01 3.3785115538e-01 -4.3325525153e-01
-3.4064555544e-01 9.0411826026e-02 -1.3129457293e-01 3.8272812343e-01 1.7981324225e-01 -9.0556545279e-02 -3.0787994864e-01 -1.7948957298e-01 4.7486736790e-02 3.9868928844e-02 -3.1161731882e-01 -2.9431175419e-02 -4.0582724951e-02 -3.9576439440e-02 2.6821905773e-01 5.4262591788e-02 -7.1975740790e-02 -3.3787402392e-01 -8.8429184945e-02 -2.6769755834e-01 2.8203877924e-02 -3.2944814953e-01 -9.4747359268e-02 -1.5760650296e-01
1.9202867804e-01 -1.1297136572e-01 2.6670509021e-01 2.6045577657e-01 -1.7157917472e-01 -8.3752882235e-02 1.9688151576e-01 1.6941741071e-02 1.3729404040e-01 -2.7371662189e-01 -2.4001726659e-01 -2.8494614820e-01 -9.2689596917e-02 -1.4967383796e-01 -7.5175742451e-02 1.8655100430e-01 2.3044495246e-01 7.3536301907e-01 9.9547559506e-01 -9.1501587796e-02 3.5100141364e-01 -6.2550176846e-02 2.4187862392e-01 -2.8263015624e-01
3.9456778950e-01 5.8521811067e-02 -6.9566499129e-02 1.4314952031e-01 -4.4985236584e-01 6.8969764613e-01 -5.8977042115e-01 -7.6544502613e-02 -6.6074080140e-01 -3.0504352678e-02 -1.4251750934e-01 3.3152291217e-01 -3.6807894454e-01 1.1736366539e-01 5.9135562745e-01 1.3737119420e-02 -7.8069623271e-02 4.1005677112e-01 5.0583687258e-01 4.1455440337e-01 -4.7049873521e-01 8.9246525838e-02 -4.5081099807e-02 2.6020463087e-01
-2.3318020595e-01 -8.0461438971e-03 1.5887870390e-01 4.3088068117e-01 1.9963241827e-01 5.1526951600e-02 -1.7264720268e-01 -1.5129925385e-01 -1.6829602371e-01 -1.5561086627e-01 -3.7999321242e-01 -2.6397171155e-01 5.0841854295e-02 -2.1658758207e-01 3.4263538320e-01 1.0420517995e-01 3.7301623291e-01 6.7174629889e-01 5.6505219413e-05 -3.1760541023e-01 1.4699747687e-01 -4.5068357697e-01 1.9454144320e-01 -9.7230907824e-03
-4.0824949864e-01 2.6727028285e-01 8.6050421133e-02 -9.1763330916e-02 2.8177707308e-01 2.9610808297e-01 -2.7380396574e-01 -3.8556740098e-03 4.7072825851e-02 2.4098911893e-01 7.1900060605e-02 1.0935947071e-01 -5.4697909932e-02 5.1584331842e-01 4.2097375102e-01 9.3857714258e-02 -3.3721193768e-01 4.8362943540e-01 -2.4927198811e-01 2.0927246535e-01 2.1066381766e-01 3.8145727073e-02 -8.2748901259e-02 -4.5987445327e-02
-3.4595816499e-01 1.0695419211e-01 -1.5946715440e-01 -2.5932239170e-01 1.2647189114e-01 7.4661428983e-02 6.5540695373e-01 2.5981261061e-01 5.8200475196e-01 -1.0881266190e-02 4.7688964428e-01 2.7848087808e-02 1.7888336672e-01 7.7124234553e-02 -3.0922001119e-01 1.9522707835e-01 -9.0530785291e-02 4.0725151722e-01 1.0406505759e-01 -1.3564323539e-02 8.2364012283e-01 -3.9308265175e-03 -9.9874618825e-02 7.1431200400e-02
-1.1228730867e-01 -3.2587207203e-02 -2.3892496806e-01 -1.0507039635e-01 1.7488459138e-01 4.9639961737e-01 -6.3261043325e-01 -8.8186085004e-03 -3.0805398379e-01 3.3452099130e-02 -1.3931494831e-02 3.2412617783e-01 -3.0914396978e-01 -1.7219961672e-02 3.1780218824e-01 1.1571185086e-02 -1.5493296733e-01 5.0492632458e-01 1.8977277395e-02 9.9470125964e-03 -2.5065028824e-01 2.0021207909e-01 -2.3870592387e-01 4.3447241093e-01
1.7067407906e-01 4.5638422932e-01 5.2537075306e-01 -4.5582235666e-01 2.4873690109e-01 -2.2349176184e-01 5.4911614954e-02 1.2398475532e-01 8.6179916634e-02 -1.2788705954e-01 3.8731977551e-01 1.8430268112e-01 -4.8508077113e-01 9.8505150365e-01 -6.8530212904e-02 4.5525530350e-02 -7.3748389941e-01 3.2959265616e-02 -2.3792103658e-01 -3.9410503029e-01 1.6170476862e-01 -2.3423430554e-02 6.4066591393e-01 -3.7018520827e-01
1.8472487644e-01 -2.3623993075e-01 3.6165914253e-01 2.9093621366e-01 -1.4081285219e-01 -7.5548982231e-03 -2.6926699964e-01 -1.1757518020e-01 -1.4112616646e-01 -1.9367593296e-02 -1.3087219179e-01 -3.8172697669e-01 -1.5878594450e-01 -8.6109146436e-02 1.4907160391e-01 2.1371184043e-01 -1.0992094250e-01 -2.2130429431e-01 1.6751235492e-01 -2.1207298146e-01 -3.3502171190e-01 -1.0611773335e-01 3.8511090235e-01 -5.8523005855e-01
1.5236627855e-01 -1.3018089924e+00 -5.0049012610e-01 -3.5097773585e-01 -9.8065115184e-02 -2.7843511282e-01 1.3849880934e-01 -2.3545475610e-01 2.1795644255e-01 -2.0324195093e-01 7.1513651543e-02 -3.9592143449e-01 9.1900469888e-01 -3.7836291380e-01 -2.0070075207e-01 -4.5412965141e-01 5.7336026091e-01 -2.7223577542e-01 -6.1753616518e-01 -4.6518067623e-02 3.6756851164e-01 -1.5620331722e-01 1.5268006246e-01 -1.5812196887e-01
2.4466232422e-01 -4.2180772563e-01 1.7748899277e-01 -2.8580626382e-01 -2.5809081361e-01 -1.4351074756e-01 -1.1270245178e-01 -6.6634479774e-02 2.3104450218e-02 9.5997224140e-02 1.0769309898e-01 8.4656016278e-02 1.1803082677e-01 -1.0139477816e-01 -1.0435872762e-01 -5.3488697499e-01 1.6237084527e-01 -2.2961245606e-01 8.7824111240e-02 -1.0177819718e-01 -3.0183304797e-01 2.2639587183e-01 -1.9863337764e-01 -1.0130269751e-01
7.0770212768e-01 4.0946285391e-02 -6.3939833367e-02 -1.4086509302e-01 -2.9895468504e-01 1.4337238669e-01 4.2395347266e-01 -6.4607861418e-02 -9.3241078380e-03 -2.5669259179e-01 3.0253613837e-01 1.4391724909e-01 4.0493995292e-01 8.1517445522e-02 -1.8167909651e-01 -1.5065150423e-01 1.5215779059e-01 2.3670973923e-01 7.5881571542e-02 4.5400122112e-01 1.9227085588e-01 2.3255087878e-01 3.4677968224e-02 -2.0976999997e-02
4.1984603224e-01 3.6817081940e-01 7.2653405326e-02 1.9002546852e-01 -1.1814654419e-01 5.7576555175e-01 2.0101350875e-02 -1.1361897050e-01 -1.6091012777e-01 -1.5817615094e-01 -1.6364706304e-01 8.4004807748e-03 2.4309364155e-01 3.3817006643e-02 7.4170779692e-02 4.2131572890e-02 7.2585856654e-02 1.9239125003e-01 2.1355085862e-01 5.8558331357e-01 -1.1276252001e-02 9.2326490650e-02 7.4102731231e-02 -2.6050700405e-02
2.5961254375e-02 -1.8435915439e-01 -4.1967015542e-02 -2.0484782539e-01 -2.3807418890e-02 -6.7197538249e-01 -2.3873313257e-02 -1.4020818878e-01 8.0976432460e-02 4.8410088713e-02 -3.2703254835e-02 -3.7189405387e-01 1.7952906376e-01 -1.3054897114e-01 -3.9771671091e-01 6.0025160882e-02 7.0014643192e-02 1.4338116183e-01 2.1348667904e-01 -6.2941625698e-01 7.7484514058e-02 -1.6933406599e-01 -2.5038306263e-01 -1.4651306281e-01
1.3007096062e-01 -3.7905452950e-01 2.7027453792e-01 -2.0706967955e-01 2.6711089122e-04 -3.0850508374e-01 -1.6321430370e-01 2.9068712437e-01 2.4647057835e-01 4.0863101850e-01 -1.1897780500e-01 2.2076556595e-02 -1.8659448308e-01 -5.4599855100e-01 3.7343598976e-01 -5.4792744826e-01 5.1971039714e-01 3.3166326924e-01 4.0037222767e-01 -1.7938078858e-01 1.9337634780e-03 2.9508179312e-01 -2.4779180988e-01 -2.6873390284e-01
2.0259168931e-01 -2.4854701742e-01 3.0223717244e-01 -6.2634622767e-01 -2.4194756370e-01 -4.7515408121e-02 -3.3671507856e-01 2.5765211841e-01 2.3257123484e-02 3.4293704171e-01 6.5318523808e-01 6.1136672270e-01 -1.9757978198e-01 -1.7350850416e-01 2.5577572315e-01 -1.3946833514e+00 2.9509251128e-01 -1.3377887338e-01 -6.1220841156e-01 -6.4582449108e-02 -3.0413850807e-01 5.7489731400e-01 -6.3021393768e-01 1.7280336900e-01
