1.7508211330e-02 8.7720802751e-02 2.1841745113e-02 4.4117904470e-02 -6.2933977718e-03 1.8946527952e-01 -4.7807104516e-02 -1.1470973637e-02 -2.2099079911e-02 -4.0099000265e-02 1.2491239471e-01 -8.4947213920e-02 -1.7439715428e-01 -5.6846033550e-02 2.7018425930e-03 2.3874153761e-02 1.8620630870e-02 -4.5622019673e-02 -3.8384976775e-01 -3.5051211269e-02 1.2728641160e-01 -6.4567252121e-04 -1.3503986761e-02 -2.4543210980e-02 -5.8320349825e-02 -4.4394628915e-02 3.0257798964e-02 -3.0024699444e-02 -1.9088058133e-02 3.4636389062e-02 -1.4532974193e-01 1.0115187327e-01 1.0704282954e-02 3.6825340270e-02 -1.4502456909e-03 -1.4134286728e-01 -1.1741540285e-02 -6.8034748789e-02
1.1729125255e-02 3.8458955411e-03 -1.5810309064e-02 2.9406947322e-02 3.6132763876e-02 -9.4651249437e-03 -1.0680227113e-02 2.3153857138e-02 -4.4387545990e-02 3.7108499787e-02 8.3480963592e-03 -1.7219651909e-03 2.4533045658e-02 -3.2945642076e-02 7.8437856245e-02 8.6506759523e-03 -1.9792341907e-02 -7.7685489209e-02 1.4268956806e-01 -2.6181800531e-02 -9.6858570623e-03 7.1818025005e-03 -4.6675176809e-02 3.1922523147e-02 1.4482238000e-02 4.5636718218e-02 -1.1969887919e-02 1.9749399914e-02 -1.6742192093e-02 -8.7373675676e-02 -1.0809787690e-01 7.8256986526e-02 6.1828943404e-02 -6.2242382945e-02 -6.4603094874e-02 1.6707359836e-01 -4.4924294277e-02 4.6153801826e-02
-1.6161624478e-01 6.9122722399e-02 -5.8145592455e-02 8.0222601023e-02 1.6337080841e-01 1.4537414729e-01 7.7209429873e-02 -5.0144624210e-02 -4.8177330448e-02 -3.6473940172e-02 -1.3564086817e-01 -9.6547370351e-02 -1.3408395515e-01 -1.6898914129e-03 -7.5286931284e-02 -8.1900591321e-03 -1.8473211720e-02 5.0856516005e-03 7.0427800647e-02 1.7328400125e-02 -6.6402143301e-02 1.9139223857e-01 -7.0318905264e-03 -3.3519114814e-02 4.4695684898e-02 1.3845129366e-01 -5.1360249656e-02 6.6664181970e-02 1.4479564409e-02 -6.1805893674e-02 1.0999558773e-03 -3.8544142246e-02 -6.0533514685e-02 2.4608277948e-02 -2.4875493517e-02 3.4228957227e-03 -6.0304074912e-02 -1.0278595647e-01
-6.0178983906e-02 -5.3099556454e-02 -7.7322598397e-03 -3.3668220080e-02 -3.1394563275e-02 -2.1370882370e-01 1.3500944109e-01 1.7768326177e-01 3.0766355700e-02 -7.0917293453e-02 3.8605062689e-02 -6.2677387940e-02 1.2427505843e-01 2.5413472424e-02 -3.7252116382e-02 -6.1043693792e-02 6.0636719062e-02 4.0602444845e-02 3.5098314115e-02 9.9258708248e-02 -2.9842956978e-02 -1.1398472630e-01 1.3381448083e-01 -5.0098943358e-02 1.0786961130e-01 5.8110270165e-02 3.7620524624e-02 -1.5734749025e-02 -2.9487567652e-02 3.5333168031e-02 1.9113548953e-01 -2.0665749826e-02 -6.9113251746e-02 7.0920669763e-02 5.8575719546e-02 -6.6049100537e-02 -2.2208580216e-02 6.7663442577e-02
-6.6162503628e-03 4.2107323439e-02 1.4240449422e-02 2.3798003460e-03 1.4535047689e-01 3.1846127819e-01 -3.3229747823e-02 -9.4725593340e-02 -1.2732343455e-01 2.6761629460e-02 -1.0705859572e-01 -3.7815663199e-02 -2.2013241870e-01 1.8022126989e-02 -1.0411082357e-02 2.7402014615e-02 -5.4480085801e-02 -1.3581320229e-01 9.4246670759e-02 2.2384242681e-02 -1.4431389404e-01 1.8875727038e-01 -5.8315910057e-02 8.3483990478e-02 5.6808365161e-02 1.0842650158e-01 -1.2209920048e-01 1.6885727493e-01 6.8436985809e-02 -8.9240538139e-02 -1.4104685035e-01 6.1081356480e-02 7.7760698708e-02 -5.2538010113e-02 -1.3775575397e-01 1.2223671014e-01 -4.1251071880e-02 -9.7297064192e-02
-1.8208560230e-02 -2.7190373326e-02 1.2209899753e-02 -2.2993030305e-02 -6.2082513059e-02 6.9554858327e-02 7.9593868552e-02 1.7929603032e-01 8.5261447136e-02 -1.0535187016e-01 -2.2370468305e-01 4.1399249469e-02 -6.9261884002e-03 7.1251221273e-02 -2.2438382844e-01 7.3247542223e-03 5.9739325636e-03 2.9563739607e-02 9.8994383270e-02 -8.6187051391e-03 9.6928063615e-02 4.0743508975e-02 -6.3268463157e-02 1.9840888263e-01 6.3576156792e-02 -4.0789843723e-03 -3.4456668136e-02 5.1902722989e-02 -2.5098620883e-02 1.4658298763e-02 3.2082687244e-01 -2.7544098441e-02 -1.5247985853e-01 7.2743687407e-02 1.6896357561e-02 -2.7722092600e-01 4.0455734437e-02 -1.3683999717e-02
-1.4999906444e-01 -9.5234814615e-02 -2.6195549761e-01 3.6039378414e-01 -1.0172363780e-01 1.3221874405e-01 -2.9624637047e-02 1.0526357225e-01 6.8612970680e-02 -7.1774083800e-01 3.7353801193e-01 -3.0275236039e-02 1.2532454079e-01 -3.1072256611e-01 3.1863324501e-02 -2.9649322654e-01 -1.0852735351e-01 1.3720730674e-01 -2.5478375920e-01 -1.9655235838e-02 6.3622768698e-01 -8.6697445099e-02 8.0049008380e-02 -3.1903164321e-01 -1.7041357782e-01 2.1896932940e-02 1.4433695792e-01 -2.5155996131e-01 5.9351290658e-02 -3.3509281340e-02 8.5023780746e-02 2.5625032393e-01 -2.4442116671e-02 2.5358639129e-01 4.4175016782e-01 -3.1552718945e-01 2.4712813193e-01 1.1242500868e-02
1.1041922356e-02 1.1733167325e-01 1.7366679441e-01 -9.8253367815e-02 -5.7838442954e-02 3.3179702720e-02 5.3079404783e-02 -5.2278184986e-02 6.8766266130e-02 1.1758963917e-01 -2.4559408925e-02 -8.7712320871e-02 -1.4811461458e-01 1.2570943396e-01 -7.0499789608e-02 1.9764835134e-01 1.2571475857e-01 6.0400008137e-02 -9.4309837049e-02 1.4010699092e-02 -6.1901884439e-02 2.2015700212e-02 7.3536261591e-02 9.0659817467e-02 7.1795067966e-03 -9.5398464834e-02 5.8230003251e-02 -2.4214102445e-02 -9.0930168517e-02 1.7517979332e-01 -5.2145995378e-02 -1.6619038372e-01 -4.7079454768e-02 9.5431834999e-03 -1.2803130573e-01 -1.7011277036e-01 -1.1612956298e-01 -1.4870221173e-01
3.5166187426e-03 3.1644005589e-03 1.5505992621e-02 5.5224804840e-02 1.6777749879e-01 1.7328898387e-01 -1.2357572159e-01 8.7891331946e-02 -2.0013341560e-01 4.2513868676e-02 -6.5970943754e-02 2.3216909300e-03 -4.0569291658e-01 -7.5916052447e-02 -6.4132542767e-02 -6.5710427264e-02 1.2488152921e-02 -1.1180766821e-01 -4.1236383282e-02 -1.4237256224e-02 -1.1885829277e-01 -8.6619164060e-02 2.5764802787e-01 2.9762717563e-01 -5.8063087718e-02 -3.8398630036e-02 4.2228160097e-02 -4.0830119142e-03 -2.5719819684e-02 8.8031040538e-02 -2.2714789897e-01 9.5776179348e-02 -7.5316715135e-02 -4.5841050764e-02 -4.1210840031e-03 1.0302226544e-01 1.8706238148e-02 4.0402038159e-02
1.0288576435e-01 -1.6427655462e-02 1.0725631886e-01 -1.4030882370e-03 9.9905921623e-02 1.9597824014e-01 -3.3808745068e-03 1.3057470898e-01 -1.3162930577e-02 -6.8117065939e-02 -2.3822095535e-01 -1.5699561201e-01 -1.6594164837e-01 -5.2029025525e-02 -5.4740049275e-02 -1.2350985922e-01 8.2602931803e-02 -2.3751318276e-01 -2.4536961410e-02 2.4721779984e-01 -1.3645104904e-01 7.9606491954e-02 -1.4262902816e-01 -5.7887323013e-02 9.1764720602e-02 1.4394357775e-01 -7.8114639346e-03 1.0049314974e-01 1.3923536681e-01 1.6375901452e-02 -1.8371392034e-01 -1.1755147693e-01 -1.0718752111e-02 1.1723106313e-01 -8.3024804485e-02 -5.2090013317e-02 -2.3508312769e-02 -1.6512178437e-01
-1.7500438695e-01 3.0491473035e-02 -8.5943060711e-02 9.3217436126e-02 2.7254600343e-02 -2.2492284378e-01 1.8217709324e-01 5.9850901907e-02 3.7082616826e-02 -1.9452211476e-01 -1.3809562801e-01 -1.3501497664e-01 6.9660876937e-02 -4.6509879844e-02 -6.5773470925e-02 -1.2773359867e-01 3.5105576770e-02 2.1693631853e-02 1.9998295604e-01 8.1030559627e-02 2.5074371632e-06 5.7090269434e-03 8.9944326306e-02 -8.7493572960e-02 8.8888111233e-02 1.5485492543e-01 2.4399506272e-02 -1.7252909043e-02 -6.6415463144e-02 -1.1495846824e-01 1.5091316843e-01 -1.0731429672e-02 -1.1925930333e-01 1.1329746335e-01 6.8430527930e-02 -2.3869303979e-02 -7.6945858841e-02 5.7433237862e-02
-9.1300113396e-02 1.0778009487e-01 -7.9973943191e-02 -6.4719140372e-02 1.0524839602e-01 -1.2651574179e-01 5.8680911074e-02 -1.4571423588e-01 -1.5048734873e-01 2.4102128331e-01 -1.2275672716e-01 1.0583512609e-02 -4.7769641922e-02 1.0408356922e-01 1.1963918825e-01 1.5483308052e-01 -7.2707515856e-02 -3.9773798622e-02 2.5413116736e-01 -1.5663417819e-01 -1.0647775087e-01 4.6040459027e-02 3.2426930069e-02 1.7543376109e-01 1.1644422132e-01 5.4111573209e-02 -8.0322877819e-02 8.2156374964e-02 -1.4617494987e-01 -1.7998495173e-01 8.2323844428e-02 1.4747232487e-01 6.8919853400e-02 -2.1615770640e-01 -1.7157583368e-01 3.6952169359e-01 -2.0105787295e-01 1.3097265045e-01
1.6171475801e-01 -1.3570512170e-01 4.3893112550e-02 -2.0859904026e-01 7.5518783005e-02 -7.2531197084e-02 -1.1992709444e-01 4.3961450682e-02 -1.6338872736e-01 -6.5759760800e-03 -1.8535747617e-01 1.5399449243e-01 7.7641528856e-02 8.3257123638e-02 5.2420118824e-02 3.2302072331e-02 -1.0098357806e-01 -5.6638000093e-02 8.5107674442e-02 1.5675752451e-02 -1.7950579761e-01 -9.0853401729e-02 6.8189600156e-03 1.9944475475e-01 9.7814440809e-02 2.6421569838e-02 -1.2030400607e-01 1.1498048934e-01 5.0308894741e-02 -6.9790151215e-02 1.4418856123e-02 1.4794810727e-01 1.2106780688e-01 -1.7949992573e-01 -6.8171293039e-02 2.8605936681e-01 1.2716700632e-02 1.8540591467e-01
-3.6914818416e-02 -9.9947057651e-03 -2.8228434408e-02 2.9233371993e-02 2.7257776277e-02 -1.9280201787e-03 7.9535643333e-03 -7.5987333732e-02 3.2917221242e-02 -1.4519038292e-01 -4.4853218086e-01 -6.9623631389e-02 4.2527540012e-02 2.1172932710e-02 -2.3044543189e-01 -1.6246615539e-02 -1.1894054149e-02 1.3601413339e-01 3.4346005359e-02 4.5497291234e-02 -6.7523714779e-02 2.9420769819e-02 6.5950140939e-02 1.7776096957e-01 1.6531366794e-02 3.8968221961e-02 -3.5583634839e-02 2.0199560587e-02 3.6320130054e-02 1.6527508600e-02 3.5819985338e-01 -2.1349401371e-02 -1.3999851877e-01 2.0905816173e-02 2.3008388893e-02 -1.6470546440e-01 -5.1796389541e-02 3.0929416960e-02
1.4914003948e-01 -2.0631777608e-01 4.9928189787e-02 -8.8351739707e-02 -9.5850279941e-02 -5.7298571466e-02 -7.1606022616e-02 3.0092577514e-02 2.4972484628e-02 -1.2581343968e-01 1.0539938371e-01 1.1524772579e-01 2.0576084580e-01 2.4385314020e-02 1.0120525998e-02 -7.9124741807e-02 -7.1284203639e-02 3.9401872020e-02 -8.0862309815e-02 7.6780779737e-02 -3.2876591588e-02 -1.3005145018e-01 3.2518460496e-02 -1.6455258889e-02 -2.2841470974e-02 -3.6847925361e-02 -5.9853172518e-02 2.4640537425e-02 1.4639896541e-01 8.9750092842e-02 -7.1742665128e-03 2.6023999925e-02 1.3910461808e-02 1.6545911120e-02 1.0649135417e-01 -2.5616391182e-02 1.9070432093e-01 5.6255361362e-02
-3.4388501116e-02 2.5569525228e-02 -1.0121603777e-01 1.6373938431e-01 -1.6116842371e-02 4.7747288521e-01 -2.5384528604e-02 -8.0138368649e-02 1.1518241753e-02 -9.2157383374e-02 1.5363922018e-01 -1.0423553821e-01 -2.6273496373e-02 -1.3804323865e-01 3.1923179942e-02 -3.8914947146e-02 1.7516606881e-02 5.2405809170e-02 -2.0351033035e-01 -7.0990688828e-02 2.1832435918e-01 1.1182738564e-01 -3.1533177027e-01 -1.4021847754e-01 -1.0360386871e-01 -3.0348970274e-02 9.6812411600e-02 -1.0000674127e-01 -2.2804321442e-02 -4.8398968720e-02 -9.9322471616e-02 -2.0113624899e-02 3.6986158543e-02 1.1119397658e-01 4.5604095000e-02 -1.2795406788e-01 -1.7685425409e-02 -1.2781116132e-01
1.7408049755e-01 -3.9501123341e-01 7.8691910650e-02 -2.6469357616e-01 -1.5898899803e-02 -9.7263089048e-02 -6.3517063837e-02 7.6226663710e-02 -1.2100350591e-01 -1.6425754790e-01 -8.9764291746e-02 1.8313943042e-01 2.2053609390e-01 1.5618942445e-01 2.6948907206e-02 -1.2882173415e-01 -1.6259105653e-01 -4.9326065204e-02 2.9705400642e-01 2.1968616970e-01 -2.2437210345e-01 -9.9863181610e-02 1.8082320086e-01 1.1715527526e-01 2.0434335043e-01 1.2741778588e-01 -2.5956635574e-01 2.4455420032e-01 2.0934425685e-01 -2.1224961021e-02 2.9261166998e-02 1.1190431692e-01 7.1686223474e-02 -8.1252299172e-02 2.3957283923e-02 2.0150134946e-01 1.6501259595e-01 1.6834193024e-01
-1.8566818032e-01 9.8065089439e-02 -1.1312925572e-01 -3.2447971933e-02 -1.6798328932e-02 -3.0674253568e-01 1.4586880255e-01 -5.9647772339e-02 -7.6114646999e-03 6.9794056379e-02 -4.0478484982e-03 -4.7980491384e-02 2.2469468205e-01 5.2629554419e-02 9.2109169725e-02 7.9374419183e-02 6.6662998916e-02 1.8137011375e-02 -4.4660317584e-02 -1.1124041444e-01 1.4162170222e-02 -1.1935794454e-01 1.7301474702e-01 7.8734060011e-02 1.5683655109e-01 3.6919574338e-02 6.3755000221e-02 -6.9768695489e-02 -2.8571024367e-01 -1.0812369991e-01 1.6005467871e-01 1.1406915686e-01 -3.5289283527e-03 -9.6715333864e-02 -1.9724034222e-02 8.6482272848e-02 -3.4051286110e-01 2.0308756939e-01
-3.1693554872e-02 7.6010154322e-02 9.0859746041e-02 4.5692895176e-02 -1.5006672522e-02 -1.8063235589e-02 4.7371050617e-02 -4.9590126308e-02 7.7560540307e-02 3.1100080393e-02 -1.0653459601e-01 3.1407550695e-02 -1.3652954064e-01 4.9460735222e-02 -1.0654579709e-01 2.8858032116e-03 2.8338716290e-02 -1.9041020742e-02 4.0803107597e-01 7.2714493718e-02 -8.5063809571e-02 1.1087641550e-01 2.1229569054e-01 -1.0641877339e-01 -4.8648683275e-02 1.1452913561e-02 -5.9334533076e-02 6.2675771230e-02 6.2433333545e-02 6.4810906242e-02 -4.7164759955e-02 -1.5571068706e-01 -1.5027672405e-01 7.9826261416e-02 -3.5705824270e-02 -1.0852027498e-01 6.1900956324e-02 -1.6207051161e-01
-5.2562588917e-01 1.3989958660e-02 -5.0515566298e-01 8.6187447708e-04 2.3786843764e-01 -6.5653717242e-02 2.1245316277e-01 -3.6141473556e-01 -3.6442131962e-01 -4.4740685778e-02 8.1234560958e-02 2.4672755249e-01 3.1006548756e-01 1.3691687256e-01 1.5902914112e-01 1.0708272541e-01 -3.9583643263e-01 1.4264809855e-01 2.5070854779e-01 -3.7975417395e-01 -7.1953951882e-02 1.5278606891e-01 1.6720576730e-01 2.8843923256e-01 2.4483280693e-01 2.5256030536e-01 -2.8547125521e-01 1.7999778983e-01 -1.7880057356e-01 -5.0687150508e-01 3.4842397977e-01 4.7902200836e-01 4.0341920986e-02 -3.7031429134e-01 -6.9535854971e-03 7.1460649142e-01 -2.3370342118e-01 3.8334354764e-01
-2.8323245331e-02 -2.6698523346e-02 9.4654008616e-02 -1.5125391309e-01 4.8899469524e-01 5.5650270125e-02 -7.2057582793e-03 1.9175233975e-01 -3.3804951704e-01 3.1926042822e-02 2.2614136684e-02 1.1971562272e-01 -3.0453843990e-01 1.4865282595e-01 3.6058958871e-02 6.2685549579e-02 -3.5613488979e-02 -4.6566137896e-02 -1.4332993601e-01 2.8114760958e-02 -2.2093190177e-01 1.0870244891e-01 1.8538383349e-01 2.0533551400e-01 1.1974224885e-01 7.6277380746e-02 -1.2929351483e-01 1.4243607733e-01 -2.0279175704e-02 4.5338360845e-02 7.7491619891e-02 -2.3686329465e-02 -2.8111275788e-02 -1.1147869402e-01 -1.0035697056e-01 2.3828042945e-01 1.5488757741e-02 -2.6583678303e-02
4.4398462332e-02 5.1959334293e-02 4.0639985714e-02 6.3356184497e-02 -4.3471959170e-02 9.4281545610e-03 -4.3174241854e-02 -8.5876961459e-02 7.4465635612e-02 1.9305986585e-01 6.8320665487e-02 -8.3168761461e-02 3.7495510740e-02 -3.5128786566e-02 6.7741266701e-02 5.1863197011e-02 -5.3869388445e-03 -7.1605031719e-02 6.0164129050e-04 -2.3823490039e-02 -4.1551379981e-02 9.8377790705e-03 -4.7902138085e-02 -4.6195169695e-02 -2.2163568489e-02 7.1772295470e-03 -1.6457988683e-02 3.7539089375e-02 5.6738274254e-03 -8.2950448908e-03 -1.0305206703e-01 4.4174968148e-02 1.2890431670e-01 -1.5157490428e-02 -5.6637496405e-02 7.1456202054e-02 6.8735292103e-03 -4.0802988869e-02
-2.4932496208e-02 3.7007443159e-02 3.8378626219e-02 -1.3648179202e-02 -8.8190261809e-02 -3.8157212805e-02 6.0216298326e-02 -6.4360929576e-02 9.4827182086e-02 3.5023017906e-02 9.7415510244e-02 -2.8947767084e-03 5.6254474328e-02 6.3054731420e-02 -3.1795668551e-02 5.9883701390e-02 2.9432193227e-02 8.4764836635e-02 3.5018692119e-02 -9.8003215159e-03 3.6183193474e-02 4.0034957071e-02 5.3200584855e-02 -8.2169537177e-03 -1.8162135765e-03 -6.4554657892e-02 2.3008665198e-02 -2.6624708665e-02 -3.7816222403e-02 8.7744500228e-02 1.3012880770e-01 -1.2243482362e-01 -1.9122520631e-02 7.0233831313e-02 8.2122312145e-03 -1.3959705427e-01 6.5654265813e-02 -1.1669822328e-01
-1.5819345259e-02 -5.6798974648e-02 1.3333312916e-01 -2.7675267748e-01 1.8898261526e-01 4.6240595318e-03 7.5850143585e-02 -4.6891468571e-02 -2.8094262658e-01 1.0996218548e-01 -1.0731280293e-01 3.9945949547e-02 -1.0988374916e-01 2.8361885361e-01 4.3193443711e-02 1.0139073017e-01 -4.9017341010e-02 -1.4043905888e-01 4.6543422966e-01 1.6523972379e-01 -3.3262652864e-01 8.2894053262e-02 3.8647547393e-01 2.4101199200e-01 3.1288665492e-01 1.9099739209e-01 -2.6332305942e-01 3.2177751605e-01 3.6331628644e-02 -3.1989967462e-02 -3.5060980486e-03 1.9066703092e-02 4.5673360220e-02 -1.5402194894e-01 -2.6347424975e-01 2.4861152564e-01 -1.0434909615e-01 6.0617719680e-03
-1.1094992525e-01 -3.8604757355e-03 3.8693352064e-03 -5.8064528662e-02 3.0956842541e-02 -5.5806271683e-02 2.1161621766e-01 4.0871335391e-02 -2.4190266116e-01 -1.7361039802e-01 -3.1640310120e-01 -3.3311905924e-02 -3.1317789098e-02 1.2394805855e-01 -1.9026862870e-01 -1.4640715794e-02 -5.9064254287e-03 1.3798971263e-01 5.4532688770e-01 4.3432207236e-02 6.6674691362e-02 1.3039335234e-02 2.5487622739e-01 2.9722325978e-01 8.1358058832e-02 6.3795869854e-02 2.5904779662e-03 -1.1925906151e-03 5.0795647760e-02 4.4437852513e-02 3.3907428506e-01 2.3244052337e-02 -5.1262504880e-01 3.7938672183e-02 8.9686667290e-02 -3.1859322888e-01 6.9157731196e-02 -3.1080839384e-02
6.3748939881e-02 -2.6413287178e-02 1.0268915942e-01 -6.6147332154e-03 -6.3409816416e-02 1.2349414135e-01 -4.6675560620e-02 -5.4891504208e-02 8.2708401593e-02 2.6249940711e-02 8.1711360400e-02 7.6696712190e-02 -1.5701796066e-01 4.2325661315e-02 -8.3213845072e-02 3.5152019691e-02 -3.0202403218e-02 7.8806580185e-02 -3.2646451689e-02 3.6241543721e-02 -3.6286575133e-02 5.8687262158e-02 4.4084809584e-02 -3.5232452817e-02 -1.0937437999e-01 -6.0063445257e-02 -4.4794171865e-02 2.5761455449e-02 1.0718341078e-01 1.2809534281e-01 -4.3678537096e-02 -1.1675568851e-01 -2.6949655492e-02 4.8277400812e-02 3.3022717170e-02 -1.8716616990e-01 1.5589499117e-01 -1.5552677304e-01
1.3822089790e-02 2.3353984350e-01 1.3251965797e-01 6.9725995702e-03 -3.0457966644e-02 1.2004593407e-01 -7.8446702710e-02 -1.7549597559e-01 7.8860211746e-02 2.9235140135e-01 2.2234264640e-01 5.9521436810e-02 -3.6274885106e-01 1.0504743107e-01 -9.2036536860e-04 3.1047810070e-01 4.5957980740e-02 1.7023456727e-02 1.1869053895e-01 -1.8141772537e-01 -1.1899744051e-02 1.0546992283e-01 4.3325184352e-02 4.7386288828e-02 -1.8196790975e-01 -2.0981362911e-01 8.7610318667e-03 -2.3530668038e-02 -8.0674940396e-02 1.4911994115e-01 -1.2029404012e-01 -1.6908631931e-01 -1.6131561672e-02 -7.5823674558e-02 -1.9226292004e-01 -8.1300670511e-02 -2.1413617771e-02 -2.3917530880e-01
2.9539050675e-02 3.9506369747e-04 -1.9535864919e-02 2.2349259015e-02 1.3429796297e-02 -6.6030588647e-03 -6.8013135043e-02 -5.4736328569e-03 -2.5402160337e-02 2.8383930618e-03 3.0874428973e-01 1.3318561274e-02 -3.7298602860e-02 -4.2713882892e-02 1.2553422186e-01 3.6008561555e-02 -4.4279129508e-03 -3.1720256950e-02 6.9353070039e-02 6.8460773193e-04 -8.3684702479e-04 2.7203835127e-02 -1.4970496609e-01 1.8071269138e-02 -1.5889130096e-02 -4.8952308006e-03 1.8264244748e-02 -1.9447156119e-02 1.4955659757e-02 -5.3758002862e-02 -2.5173358597e-01 6.1492237759e-02 1.3478776821e-02 -4.7112521365e-02 -5.1834617970e-02 2.1294977777e-01 -5.4111486937e-03 2.3408332431e-02
3.5598898579e-02 -2.9594261293e-03 7.7902081942e-02 -1.0251700432e-01 -9.6655416396e-02 -1.5914384770e-02 7.9241992461e-03 -1.0645428447e-01 6.9389511411e-02 5.5981841815e-02 1.0596019131e-01 1.4388576246e-01 -7.9430934757e-02 1.5350731678e-01 -1.9919797038e-02 1.2432516624e-01 -4.5591134678e-02 1.1461306296e-01 1.4442767416e-01 -1.2511200186e-02 -8.4342403658e-02 -2.7731040648e-02 1.4710130764e-01 5.4728192290e-05 -2.9983106718e-02 -8.0930121189e-02 -8.2838880429e-02 5.1003685127e-02 3.2451160679e-02 9.1842064151e-02 2.6955761974e-02 -7.1600278233e-02 -2.9859580436e-02 -5.9450901611e-02 -2.3828688437e-02 -3.2537102746e-02 9.3632341395e-02 -4.6642436069e-02
-6.4171800676e-02 5.4793973047e-02 2.8299684212e-02 4.3507862993e-02 8.4201614148e-03 6.4978701507e-03 8.0635957151e-02 -5.3184646417e-02 4.4702707820e-02 -8.5549708084e-03 -1.8112844657e-01 6.4984638057e-02 -2.4286695171e-01 4.9584644863e-02 -1.0486336338e-01 5.4381091774e-02 -1.6368222733e-02 4.5228509306e-02 3.4380028915e-01 -2.7611378406e-02 -9.1194848715e-02 1.0491520241e-01 8.5907195461e-02 -4.3375587404e-02 -6.1582853348e-02 1.6586890600e-02 -5.6157274523e-02 4.4925760123e-02 1.4193180804e-02 2.0434932387e-02 1.3547325357e-01 -9.7478557025e-02 -1.0330274284e-01 5.3333395999e-02 -7.5529993616e-03 -4.5207555196e-02 2.8136814420e-02 -1.0741237400e-01
-9.4157279084e-03 1.0901753477e-01 1.5190741344e-02 9.8862220443e-02 7.3102219706e-02 6.9224959606e-04 1.5895334241e-02 1.1063924505e-01 2.3636897074e-02 -7.6940018712e-03 -1.9573246604e-01 -1.7039806675e-01 -1.4452871750e-01 -1.2919680077e-01 3.5471608261e-02 -5.0145223936e-02 1.5529614955e-01 -1.8705435863e-01 -6.8939972618e-02 4.2829228690e-02 4.8801090687e-02 4.1898401164e-02 -1.2230499895e-01 -8.2505849508e-02 3.0279517095e-02 4.5681525096e-02 1.3395485408e-01 -5.9079741709e-02 -8.1226455441e-02 -4.6412375322e-02 -1.3134842457e-01 -4.8667037749e-02 -4.7446055071e-03 1.0180038005e-01 -8.5819112405e-02 -4.8228295232e-02 -1.2544393711e-01 -5.7400922713e-02
1.8990156357e-02 3.6547692876e-02 -8.1625749991e-04 2.6293987398e-02 8.4505445018e-02 8.8443245207e-02 -4.8977003276e-02 -2.4837106880e-02 -1.0090738923e-01 9.9158035414e-02 -1.4990019602e-01 -2.6022433276e-02 -5.6425389970e-03 -1.4017440451e-02 -5.1120976375e-02 3.4826089505e-02 -3.7290722313e-02 -3.0919301796e-02 2.0117346582e-02 -5.9010825450e-02 -5.7228511960e-03 5.7275075934e-02 -9.5445915638e-02 2.0287939562e-01 -1.1725402699e-03 -4.7674076479e-03 1.2106265096e-02 7.7576261865e-03 -4.9133433484e-02 -3.1967866555e-02 -1.3214555857e-01 4.7306682098e-02 2.9259117106e-02 -6.4981237873e-02 -4.2379178583e-02 7.3499553671e-02 -8.6288843557e-03 -2.9783551664e-03
4.0924816953e-02 2.6994009208e-02 -1.6389798278e-02 2.6013614570e-02 8.8872878582e-02 -7.1407945750e-03 -1.6738877102e-01 -2.0524274423e-02 1.6688714513e-03 4.6916665782e-01 2.5075127755e-01 1.2512869743e-03 1.1098986846e-01 -8.7982747776e-02 1.2160377961e-01 -8.5799049901e-02 1.6475345581e-02 -1.4407867371e-01 -1.0256513039e-01 -6.8109249073e-03 -4.3647687014e-02 -2.4171130192e-02 -8.4924257347e-02 -2.0201210237e-01 -1.3541195762e-02 3.0399290640e-03 3.5039790276e-02 -3.0001427505e-02 4.0128534032e-02 -3.0341504780e-02 -1.8675067870e-01 -5.1490451947e-02 1.3381276644e-01 -2.2852086083e-02 1.0377886589e-02 1.5119024596e-01 -3.4771551695e-02 4.4273021840e-03
-7.1753214336e-03 -4.9676380147e-02 -6.6517095511e-02 -2.2835556572e-03 1.1155443363e-01 7.3822550304e-02 -4.0190859628e-02 2.3028110600e-02 -1.2981902571e-01 -5.5906522114e-02 -1.4081382852e-01 -2.8580443716e-02 -6.7174515917e-02 -2.8556001177e-02 5.9633802326e-02 -8.3934471213e-02 -9.4867123298e-02 -1.2464462517e-01 1.9937506479e-01 3.2012121411e-02 -5.0335076657e-02 5.1259215131e-02 1.0796601673e-02 -4.1813993606e-03 9.9604929895e-02 1.3013557897e-01 -1.1674090112e-01 1.1064605854e-01 6.8325221920e-02 -1.4210139094e-01 -1.0520571295e-02 1.5696039798e-01 7.0535015011e-02 -5.5809362539e-02 -4.5641598335e-02 2.2534740856e-01 -1.9936361100e-02 5.4320388047e-02
-6.3414559573e-02 2.6495121411e-01 6.7196104818e-02 1.3631475130e-01 -7.2790885078e-02 -1.0154448383e-01 6.6865728121e-02 1.5232219880e-01 2.9263648142e-01 1.9083447387e-01 -5.3284786070e-03 -3.6310104043e-01 -1.9770348544e-01 -1.1995494598e-01 8.6822388741e-02 2.7266976184e-02 3.4453168429e-01 -1.0490625504e-01 -1.1802309470e-01 3.0395092067e-02 1.8567645908e-01 -4.0971105091e-02 3.3700562217e-02 -2.8025942725e-01 -4.8190061247e-02 -7.1251094356e-02 2.8861361927e-01 -2.1523062447e-01 -1.7768667202e-01 1.3200565831e-01 -9.2026883389e-02 -1.8815384834e-01 -4.7278895682e-02 1.8793527752e-01 -1.0256513762e-01 -2.8208376035e-01 -1.7118367559e-01 -1.3277581143e-01
6.8280737553e-03 -3.1226710701e-02 -1.8469708502e-04 7.2107928119e-02 -4.9026349864e-02 2.2602496738e-02 -1.0228954614e-01 1.3365952235e-02 6.5737402219e-02 1.0738965641e-02 -1.9129917903e-02 1.0147956576e-02 -3.3879593944e-02 -2.6806361276e-03 -1.2725778244e-02 6.3282055016e-02 4.5791511618e-03 -3.0260746085e-02 -5.0142906443e-02 3.0622405254e-02 -3.0546878478e-02 -2.9422538043e-02 3.0020140026e-01 6.5237055130e-02 7.4908487472e-03 -8.3115474218e-03 7.0951498238e-03 -4.0035963823e-02 -4.3524310879e-02 -1.0100888932e-01 -5.7979705168e-02 1.9741022409e-02 -1.2060915116e-01 -3.6011896504e-02 1.9306997825e-02 3.5130762909e-02 5.4740857584e-03 -1.5567586115e-02
1.0956158521e-01 -3.1707421389e-02 2.7279662147e-01 -3.1748066774e-01 5.0289257906e-03 -1.3541342068e-01 9.6502239901e-02 2.0791039325e-01 1.4265963840e-02 2.3656120513e-01 -2.5867643372e-01 -2.8408863919e-01 2.4004547328e-01 1.9669220144e-01 -1.7145179205e-03 7.4060545391e-02 2.4708451036e-01 -1.9365418294e-01 6.7179867206e-02 2.9879181655e-01 -2.7594169406e-01 -1.0286452426e-01 9.6431252387e-02 2.6412470821e-01 3.4671007077e-01 1.0660245081e-01 -1.2124538561e-02 1.5810463759e-01 -6.0243416651e-02 9.8401144958e-02 -6.4393822001e-02 -1.3935806642e-01 1.9051679396e-02 -2.4567768081e-02 -2.9336850448e-01 5.3905155789e-02 -3.1505870049e-01 7.6995419045e-03
-1.2610305549e-01 3.6589049735e-02 -2.7144725566e-02 -4.8149860732e-02 -1.9294982290e-02 -1.5697422369e-01 1.0448473396e-01 -9.4983951516e-02 -1.4912056005e-02 9.9370766696e-02 1.0905288712e-01 5.1408508116e-02 2.2723491493e-01 9.2112141829e-02 1.3089447535e-02 7.1980336106e-02 2.6380519109e-02 7.3337633187e-02 -2.7932792470e-02 -5.0865455833e-02 -5.3641877075e-02 -1.2876777586e-02 1.1870921126e-01 1.7245885042e-01 8.8105412972e-02 9.5698059016e-03 -1.3134995930e-02 4.4192633576e-03 -1.1255284196e-01 -2.4868076758e-02 2.0932941938e-01 1.1439291515e-03 -3.6583471853e-02 -7.2407201402e-02 9.3790903649e-04 4.1357484486e-02 -9.4726269122e-02 6.7655591665e-02
-1.2228154855e-01 6.8674050127e-02 -4.4437072495e-02 8.6061292355e-02 -1.6016384966e-02 1.2784601360e-01 1.6062988714e-03 -1.2244716137e-01 -3.7817133938e-02 1.2772759576e-01 3.0469178911e-01 1.8730997976e-01 -2.0366754441e-01 6.5211580077e-02 -8.9827997964e-03 1.6988411414e-01 -1.4614246156e-01 1.6627494211e-01 1.6136464631e-01 -2.6331513246e-01 9.0424461315e-02 1.2462793350e-01 2.0595568964e-01 -1.0873805211e-01 -1.9559947561e-01 -1.0583898046e-01 -8.9225541327e-02 2.4633502305e-03 -3.7386984131e-03 1.6370681161e-02 6.5528869770e-02 1.7664570224e-02 -7.5714526315e-02 -5.8594984180e-02 1.7390261750e-02 -4.6909470040e-02 1.1994611533e-01 -1.1476501996e-01
1.6246762046e-01 -1.4711444788e-03 1.0448169448e-01 -6.5611831565e-02 -2.5237137841e-01 -1.9179215500e-01 -7.4355169929e-02 1.3021216011e-01 2.3002742613e-01 5.5394679500e-02 8.3946729799e-02 4.8235845879e-03 1.6752471306e-02 1.1940731459e-02 3.3112727505e-02 5.9908613924e-02 1.2065821652e-01 8.3954901886e-02 -7.2054723413e-02 -3.6358366655e-02 1.3016298198e-01 -3.3220201450e-01 5.3787517549e-02 -3.6884769518e-02 -9.6126493913e-02 -2.5933419966e-01 1.4684581023e-01 -1.6358151582e-01 -1.2810044074e-01 1.6833669662e-01 2.7734745711e-02 -7.3634161992e-02 -6.3696331367e-03 1.4895778608e-02 2.3195391394e-02 -9.2822025334e-02 2.1958031149e-02 1.0276781580e-01
