-4.0171017188e-01 2.2961639417e-01 1.3861907262e-01 -2.8356504027e-02 1.3025683130e-01 -4.2340150319e-02 4.3158241249e-02 -7.7629830942e-02 -1.7074574081e-01 3.8813124587e-02 -2.6112367924e-01 7.7840334954e-02 -1.3028634136e-01 -9.5850683181e-02 1.5064145496e-01 1.4732739236e-01 -1.7917466407e-02 -7.6450917355e-02 -1.3144597986e-02 -1.2739456684e-01 6.6199566456e-02 -2.3182041422e-02 -1.2263913807e-01 7.9509174646e-02 -2.7386502164e-02 1.7049456797e-02 -2.3242187026e-02 1.0876617878e-02 1.3158984878e-01 2.5310451118e-02 -1.9035631997e-01 1.6712152588e-01 -3.9035192327e-02 2.9636442671e-02 9.1965832127e-02 -1.2385134933e-01 2.9727480957e-02 2.6897759664e-02 1.2723515281e-01 -1.4247134652e-02
-3.1647995412e-01 9.1311671101e-03 -3.3805913646e-03 1.5552612744e-02 5.7362358796e-02 -2.5708383763e-01 2.2556406584e-01 -2.9272267705e-02 -2.9950681038e-01 1.5444476913e-01 1.4575487707e-01 1.5500970880e-02 -1.6546888182e-01 -5.5999371874e-02 -4.8817395483e-02 1.2283599549e-01 7.8278584466e-02 7.3614732523e-02 -1.0881646056e-01 3.0491578827e-01 -6.3621631323e-02 -3.7118033299e-02 -4.9110122736e-03 1.2927449234e-01 2.9125997807e-01 1.4416835501e-01 -6.1249887555e-02 -6.8759544446e-03 -2.7874951718e-01 -7.2261162539e-02 -1.0755475295e-01 -1.3868539001e-01 -9.2586350869e-02 -1.3746320439e-01 -1.1931530289e-01 -1.0956073649e-01 6.9326714566e-02 -4.6971975645e-02 1.8546490373e-01 -2.1504330657e-01
-7.0721107225e-01 1.5126219255e-01 8.1842185061e-02 4.3947510247e-02 1.1241004943e-01 9.2257370636e-02 2.0994032479e-01 9.5818692064e-02 -5.1750607966e-01 1.6963746157e-01 -2.0923773287e-01 1.8040555705e-01 -1.8579865459e-01 -1.3353569378e-02 6.3311842972e-02 1.0619872672e-01 1.4703209345e-01 1.3740217992e-01 -2.8265709000e-01 5.2760482366e-03 -4.0601372016e-01 -8.3300640521e-02 1.7627445587e-02 1.5812093077e-01 -7.0836513055e-02 1.5432603718e-01 -8.2636841124e-02 1.8246087247e-01 -2.9171106979e-02 -1.5898746688e-01 -3.5838026195e-01 -2.5567833553e-01 -1.6597792716e-01 8.8128745049e-02 1.8725564579e-01 -6.3906941108e-02 1.1613889713e-01 -9.3318436276e-02 -2.2826968825e-01 -4.3384065514e-02
-1.5151117980e-01 -1.5257209001e-01 1.2146499636e-01 1.7084721933e-01 2.8248305732e-02 2.2868862955e-01 7.9756927868e-02 -5.7130373625e-03 1.0194604515e-01 -1.6562409545e-01 -3.0927117760e-01 1.3452606488e-01 -1.2060981729e-01 -2.9090234776e-02 -1.4972261079e-01 -8.7058164969e-03 -1.1789431954e-03 2.5790484744e-01 -1.6790028289e-01 3.3775340026e-03 9.3343216656e-02 -1.2177018845e-01 -9.3748528789e-02 -1.3150095570e-01 2.2699883613e-01 3.3643227647e-01 6.9868799514e-02 8.8124922454e-02 1.2000807748e-01 1.4015430835e-01 -4.0335522680e-02 -1.0313178071e-01 -6.6358676119e-02 1.1201876859e-01 1.2405867639e-01 2.2699866168e-01 1.5908354424e-01 -1.4251082035e-02 2.4766079158e-01 2.6910168408e-01
5.6989443225e-01 -1.2270492916e-01 1.6718005313e-02 -1.2169770449e-01 -6.0856392512e-02 -2.1034013553e-01 -6.7853241741e-02 -4.8716188785e-02 6.6862858873e-01 -4.0887266057e-03 -1.2265446117e-01 4.7621743288e-02 2.6578440173e-02 4.7567020654e-02 1.2822031394e-01 -1.1507994067e-01 -5.4659918009e-02 -1.2798583660e-01 2.8897372807e-01 -1.8662685863e-03 3.2499629442e-01 4.5910964620e-02 1.4297480419e-01 -2.2398723544e-01 1.2336899454e-01 -1.7814693205e-01 1.4132251067e-01 4.4617854433e-02 1.2907426625e-01 1.9184467252e-01 1.3145345995e-01 1.7733439237e-01 7.8970370240e-02 7.9959820696e-02 9.7133323658e-02 1.5204994945e-01 1.5036908108e-03 1.1445111256e-01 2.1598304289e-01 -1.9101260281e-02
-4.5514451815e-01 2.0624697069e-01 -1.8070900768e-01 2.0219314284e-01 8.0860752494e-02 -7.6154531563e-02 1.6482219216e-01 8.2383084950e-02 -2.9027025539e-01 2.5849689779e-02 -8.2755532130e-02 1.0752876074e-02 -9.2367597893e-02 -9.2006797795e-02 6.1672624473e-02 1.9056229994e-01 -1.5633092720e-01 5.1135079652e-02 -8.1443690562e-02 -1.6126878677e-01 -2.0075954842e-01 5.7784821954e-02 -1.6099611857e-01 1.5797857217e-01 1.8801256763e-01 -3.0325251919e-01 -1.0697616271e-01 -2.0328660398e-01 -7.8089857027e-02 -1.0416411640e-01 1.7726301252e-01 -1.1210075974e-01 1.6011959784e-02 -6.9968540163e-02 -4.4199279140e-02 -1.1218128187e-01 1.1019937656e-01 -5.5136560932e-02 -4.4365782597e-02 6.4195429563e-02
3.2974269243e-01 -2.7483380638e-01 7.8003221822e-03 2.0023100812e-03 -4.2406610780e-02 -1.7285573318e-01 1.3268765246e-03 -1.9722341007e-02 6.5468182711e-02 4.8371028030e-02 3.3413385619e-01 -1.3115695761e-01 -1.1994583100e-02 -9.0773323083e-02 3.0423777443e-02 8.1199989044e-02 6.3105280066e-02 -1.5444547152e-01 -1.0067228426e-02 5.8551640349e-02 1.6377090018e-02 3.1282954447e-02 2.0480712893e-02 -6.5853457031e-02 8.0999073772e-02 -1.2689115037e-01 -1.1824928810e-01 -3.7127266670e-02 -1.9547832377e-02 5.7035242836e-02 2.6593172004e-01 5.0869686397e-02 1.0483278370e-01 -1.0733825339e-01 -2.0448910606e-02 -6.2299819084e-03 1.0898459766e-02 -9.7690559119e-02 -1.2772589136e-02 -2.3183898438e-01
-3.5254415056e-01 8.8262534377e-02 8.2886202682e-02 -3.6003174478e-02 3.9943370276e-02 5.2763610775e-02 -2.7460948530e-02 -3.5366174172e-02 -1.7604191895e-01 8.2716033805e-02 -2.7167064530e-01 1.8403855053e-01 -7.6336565789e-02 5.5197703124e-02 -6.7625863247e-02 7.2996655989e-02 5.7238219058e-03 1.3056267860e-01 -1.5443141582e-02 7.6154107956e-02 -2.3403890166e-01 -1.0891879419e-02 3.3075658460e-02 -7.1853114713e-02 1.4272492183e-01 1.1318703674e-02 1.3285637978e-02 3.1367364717e-02 -1.6739629811e-01 -1.7058712110e-01 8.7131237880e-03 -2.8902876436e-01 -3.8651411068e-02 -1.8748675024e-02 2.3883942331e-01 -7.3337902274e-02 3.0409700163e-02 -1.0335037540e-01 -3.8634246664e-01 -8.2225433007e-02
-5.1934454314e-01 3.0301384436e-01 2.1607575266e-01 4.3162149722e-02 2.6941316090e-01 -2.2380612198e-02 1.0585547671e-01 9.3414756701e-03 -2.8151927103e-01 2.7110114144e-01 -4.4538280207e-01 1.8514786537e-01 -2.3344954580e-01 -2.6919390898e-01 1.6779066100e-02 2.5221086593e-01 1.1976302890e-01 1.0798821009e-01 -1.5758167987e-01 -1.6382856476e-01 -9.4800424328e-02 -4.7636118996e-02 -6.2061017009e-02 1.1514048146e-01 9.0474089534e-02 -8.1160991081e-02 -1.5732169151e-01 2.2117030506e-01 1.1173657537e-01 -2.7356503471e-01 -3.2033325768e-01 -6.0849866366e-02 -2.2756303780e-01 -4.2233348069e-02 2.6782944460e-01 -2.6831822777e-01 2.8640558351e-01 -4.0019777330e-02 6.2660906809e-02 -1.6923921090e-01
7.2404957512e-02 2.1168100895e-01 -1.0169498474e-01 7.4980869901e-02 5.0081482741e-03 -2.4404110490e-02 8.2939593317e-03 2.5541096093e-01 -2.3570208584e-01 -1.7546544818e-01 -8.2869598551e-02 -8.5285104120e-02 -4.3579969588e-02 -1.6862694692e-01 -1.1806314273e-01 3.3864423604e-02 -1.9745496419e-02 -3.6553773848e-02 -2.9314551838e-02 2.7580550578e-02 -4.6176004221e-02 1.3066296445e-01 -1.2615939289e-02 2.7512774623e-02 -4.1001694669e-02 -3.2538779233e-02 -9.7245155550e-02 8.0419325336e-02 -2.0922552341e-02 2.4866287893e-01 9.0116302125e-02 -9.2025203920e-03 2.5860961495e-01 8.5457120466e-02 2.8858172759e-01 -7.0832228340e-02 3.3966985177e-02 -2.1006834370e-01 -9.2565076443e-02 -6.5686855358e-02
2.9791282234e-01 2.1197787867e-01 -2.8225123053e-02 -1.4503727788e-01 -1.8387703248e-01 -2.9508967263e-01 -3.0996416730e-01 5.3083178915e-02 7.3366270709e-01 -3.0714293779e-02 -3.0014851546e-01 4.5427443790e-02 4.0659955802e-02 -1.0388016901e-01 1.8177533135e-01 -2.6518407002e-01 -2.6858059827e-01 -1.7157821569e-01 2.5442331341e-01 1.0441316779e-01 4.6551338734e-02 9.8118788685e-02 -1.4007205042e-01 -1.4244719802e-01 -3.1762376811e-01 -9.7820873089e-02 1.2817191557e-01 -1.1837842439e-01 -3.1843596989e-01 -6.9973470688e-02 2.6325187514e-01 6.3216272962e-02 2.0168556565e-01 3.8910928242e-02 -1.3859786934e-01 9.2812987739e-02 -1.0607421554e-02 3.2070954242e-01 -4.3980123257e-01 -9.2908472569e-02
-1.1022728874e-01 -2.6343176340e-03 4.7785734001e-02 2.5279363481e-03 -3.5594347835e-02 1.1605489788e-01 -1.9401291703e-02 -2.7747101706e-01 3.0109040916e-01 1.8439073493e-02 -1.5891852334e-02 7.8266464570e-02 6.7912083696e-02 1.2898202880e-01 1.7369434751e-01 7.7029227887e-02 1.0063956595e-01 6.1177984694e-02 -3.2664317123e-02 -6.8662782219e-02 -4.1318447094e-02 -1.3392713386e-02 -8.2486837102e-02 -5.1025071958e-02 -5.3627911836e-02 1.5265954994e-01 2.5377058891e-01 -1.5946937258e-01 -1.0412425337e-02 -2.0724168234e-01 -1.2915352559e-01 6.6492536500e-02 -9.6368776756e-02 -1.6838503303e-01 -3.2505411364e-01 2.4698977333e-03 -3.4525883097e-02 -2.6984106783e-02 1.6438092203e-02 -6.0088312734e-02
7.3250659367e-02 2.6855344712e-01 -2.4767074710e-01 1.9465236796e-02 -2.1607073759e-02 4.4438255805e-02 1.8224925149e-02 7.2174547030e-02 -2.7111229573e-01 -4.6776512431e-02 1.4094454089e-01 -2.5297202556e-02 1.4362968168e-02 3.1149173586e-03 -2.4021739655e-02 -1.3061538771e-01 -1.2225136594e-01 -1.3875510116e-01 -2.6403467008e-02 2.9566770035e-02 4.8883242936e-02 3.1118815355e-01 -1.9019963305e-01 3.4008062928e-02 2.1664903411e-01 -5.3320967183e-01 2.5957490307e-02 -9.3022362353e-02 -1.0614850734e-02 -8.9672787812e-02 3.7295450307e-01 1.2597422475e-01 1.6086562006e-01 -6.3491846599e-02 -1.3957733358e-01 -8.3389210799e-02 -1.7035791400e-01 1.3253902262e-02 1.8770794503e-02 -1.6074443624e-01
