-5.7638394191e-01 2.5283807943e-01 -9.5390878126e-02 1.4040741672e-01 -1.0269959532e-01
-2.1323845961e-02 -1.2621992537e-01 -2.6692033796e-01 -1.2820170105e-01 -5.3523842378e-01
5.7591293525e-03 3.5099174253e-01 4.0122092966e-01 2.1161427600e-01 9.4696283124e-02
-5.6472982321e-02 3.9597277512e-01 1.4531018808e-01 1.9090022585e-01 4.7657161556e-02
1.0606456857e-01 4.3163731859e-02 -1.5360717931e-01 6.8526712925e-01 -6.1490892727e-02
-7.9877019374e-04 -3.9249970802e-04 4.8547757020e-02 1.1464520861e-01 3.6061635198e-01
3.0007552621e-01 4.1672850424e-01 2.8529354087e-01 -2.3807844530e-01 -3.6267036338e-01
6.8896403736e-02 3.3175121176e-02 1.7746313327e-01 2.2919804612e-01 2.4150932884e-01
7.5176592168e-02 -1.8208789306e-02 -1.3807195976e-01 3.9536848077e-01 -4.0236950210e-01
-2.3142036480e-01 -1.4670418628e-02 3.5590573841e-01 -1.2561713429e-01 -3.3171712542e-01
-1.8544671738e-01 -8.7423162711e-04 3.8622027157e-01 -2.5037440902e-01 -2.9831427737e-01
1.3112043938e-01 7.5422332266e-03 -4.5345943718e-01 2.5516904652e-01 2.5336843515e-01
5.4651066389e-02 -2.1421843317e-01 -3.9654910488e-02 5.2748697607e-04 -6.9129184830e-01
-1.5842119049e-01 -3.0832255426e-01 3.1348324693e-01 -2.6948353450e-02 2.8144211728e-01
9.6350759986e-02 3.9448416247e-02 4.8018411751e-01 3.4715245661e-01 1.4277823025e-01
-1.8800080234e-02 -2.4354339082e-01 2.4872231319e-01 6.5071148007e-02 2.7075162973e-01
4.6424465653e-02 2.2504545234e-01 -4.0212604750e-01 -5.1393283943e-01 7.1473452430e-02
1.5564097027e-01 4.0698083283e-02 1.0114797345e-02 9.2640160861e-01 9.0669329707e-02
6.6470464383e-02 -7.9848927543e-02 -6.1735483616e-01 8.7054230116e-02 8.0556461084e-02
4.2904553407e-03 1.2183764580e-01 -7.0163247884e-02 1.7313962953e-01 -6.5276243246e-01
3.3112254160e-01 5.5045664534e-01 -1.4245366112e-01 -2.4959514819e-02 -1.3851504003e-01
3.6820501466e-02 -1.4060965122e-01 2.4387245911e-01 3.0396790168e-01 1.3688870639e-01
-7.2088019792e-01 2.5349084931e-01 -5.6876901126e-02 5.3831879951e-03 5.3598899276e-03
9.7569711303e-02 -2.9680591612e-03 4.8826641081e-01 2.3201056343e-01 1.7720927012e-01
-1.1886066282e-01 -1.0992537714e-01 7.1583160823e-02 2.8685964599e-01 8.5521502614e-01
1.1742871149e-02 -1.0273698458e-01 1.6583566549e-01 1.8221369205e-01 3.6848319295e-01
-2.1081311284e-03 -7.7206429341e-02 2.5087289104e-02 4.5031776974e-01 -9.8292970378e-01
-2.6761606610e-02 1.2244407158e-01 6.6801777986e-01 -1.1820146381e-01 -1.1813563969e-01
-5.8961518502e-01 2.7051245129e-01 -1.1017560842e-01 1.5609740479e-01 -1.2667806129e-01
7.1636053338e-02 6.5943668214e-01 -9.6065795742e-02 -5.0912939170e-02 -8.7130681853e-03
6.3940395435e-01 -2.2501891606e-01 7.1050477187e-02 -3.8298081167e-01 1.2517213850e-01
1.8302701281e-01 1.8805233008e-01 2.1794475619e-01 2.0287228467e-02 3.2037809419e-01
