-3.9616475231e-02 1.8883084036e-01 -3.8385914566e-01 -9.4194310454e-02 7.8737844402e-02 -8.0420415640e-01 -2.6173752325e-01 9.4866737927e-03 1.0386545744e-01 1.4783832430e-01 1.3095546392e-01 1.8818916455e-02 -8.3857895071e-02 3.6066631396e-01 -5.1569075785e-01
1.0136057299e-01 1.5938722726e-01 -4.2107499738e-01 -2.3613463978e-01 -4.3276053432e-01 3.4440598694e-03 1.9142422490e-01 -3.6435438774e-01 -2.3527325187e-01 -4.9311995909e-01 -8.2234560198e-02 4.7891958301e-02 -1.3984824981e-01 1.2604802334e-01 -6.7428420143e-01
2.5824129351e-01 -1.5311089466e-01 -3.0309933836e-01 -4.6333893846e-01 -3.8679929942e-01 2.5431161331e-01 -3.6540895193e-01 -3.1282803291e-01 2.2452686523e-01 -3.2579950052e-01 1.3391402969e-01 -2.1666016935e-01 6.5662703025e-02 2.3592554066e-01 -8.2219369463e-01
9.9074485016e-02 2.6965827861e-01 3.7852566787e-01 -7.1774789426e-01 -9.8302781253e-03 1.4223984489e-01 -2.5729810417e-01 6.3414459025e-02 1.2519228477e-01 4.9742988112e-01 1.3815399425e-01 1.2784350339e-01 1.9938144130e-02 -1.4714699993e-01 1.8892973971e-01
-4.2008786339e-02 -2.2747708321e-01 4.1342562374e-01 3.0131113077e-01 -1.4757631069e-01 5.0149269693e-01 4.1807379077e-01 2.5972306986e-01 8.8902163705e-03 -2.1401047998e-01 -2.7310082597e-01 -1.9525872352e-02 -3.1418639626e-01 -5.9555132100e-01 -1.1167302362e-01
-2.8175374459e-02 3.6207141100e-02 -2.4243283609e-01 3.0237481038e-01 -5.7111428118e-02 -3.8158033771e-01 -2.5807247512e-01 -2.1894595512e-01 5.2290272903e-01 1.7001804690e-01 3.7963171238e-02 1.1147476953e-01 1.5220979452e-01 -2.9940393133e-01 8.3610337366e-02
2.7997100046e-01 -4.4700605840e-02 -1.1420040239e-01 -5.0518144846e-01 -1.0162244541e-01 -2.6061651092e-01 9.6592794924e-02 -4.4259132956e-01 4.8138675687e-02 2.7589195911e-01 2.2566931475e-01 -4.0700540730e-01 -4.3296634154e-01 -2.4701877180e-01 4.0980787097e-01
2.1303155557e-01 6.5599966070e-03 -5.9859350594e-01 3.2682062958e-01 2.3153068027e-01 -7.1971409242e-01 2.0469187404e-01 7.7190647779e-01 1.5426547857e-01 2.5825995115e-01 -1.7100677975e-01 -6.6138585562e-02 -1.9619372907e-02 7.5703352457e-01 1.4728101589e-01
-2.0854339600e-01 1.7410289225e-01 7.2933453207e-01 -1.1103018524e-01 4.2399859678e-01 -8.2372292331e-01 -2.3182750246e-01 3.3943001991e-01 -9.9302060911e-03 4.8306586819e-01 2.0404202529e-01 -3.5608648427e-02 -1.6461613552e-01 -2.0848638294e-01 3.7540639027e-01
-7.0763071830e-02 9.2871119313e-02 2.6534240387e-01 -4.3432047300e-01 5.0122319553e-01 -7.9786865084e-02 5.2908964672e-01 -4.0953519401e-01 -2.2930662735e-01 2.1794032934e-01 3.6313605561e-02 7.0671022593e-02 -8.4369728091e-03 -1.3800335856e-01 9.8991908143e-01
-2.8257186095e-02 2.2462441053e-02 -1.9138898987e-01 8.9207984544e-01 1.7441247315e-01 -2.0448106554e-01 2.2978588538e-01 9.7502523735e-02 1.0770961106e-01 -1.0730439640e-01 9.4611813043e-02 5.4352655178e-02 -3.1169198016e-01 -1.2069569045e-02 -2.6776302119e-01
-2.6204492655e-01 -2.5292353420e-01 6.5985519142e-01 -6.9736523299e-02 6.0325851614e-02 -3.2454703884e-01 -4.4060352493e-02 8.0299249105e-01 -2.7905913494e-01 6.5102296484e-01 1.5232284737e-01 -4.3646566804e-02 -1.5805159295e-01 -2.8499866644e-01 -6.4893371737e-01
-2.4296511762e-01 -1.8859795444e-01 1.1998317006e-01 -3.6903535396e-01 4.8294176924e-01 1.0594758668e-01 2.9794648202e-01 1.3826891069e-01 3.7014970018e-01 -1.1426815742e-01 -3.0954505213e-01 1.7012331260e-01 6.3628881828e-02 2.0921877251e-01 2.8373830366e-02
4.3564159614e-02 4.2644642156e-02 2.6995251276e-01 -6.9741472638e-01 9.6925203878e-02 -2.2779900229e-01 6.1108973768e-01 7.2375805404e-02 -3.0434786146e-02 6.1954123173e-02 1.7191620667e-01 1.4086988319e-01 1.4360032986e-01 6.4108129835e-03 -3.6957458983e-01
4.8473037047e-02 -1.9068522725e-02 4.1378233184e-01 -2.0658888126e-02 6.1801305719e-02 6.3022007155e-01 -5.6391241092e-01 1.1642121632e-01 1.7824947588e-02 3.8604375821e-01 -1.5416013597e-01 1.8496503118e-01 4.2561410425e-02 1.3554284902e-01 2.4212102978e-01
-1.1420245673e-01 7.8179064621e-02 -5.5684971028e-01 4.8652558401e-01 2.2423452391e-01 5.7243527987e-01 2.4173336905e-01 -4.4621869916e-01 2.0841625094e-02 -3.9513913476e-01 4.9544545634e-02 -6.7601881155e-03 2.9311213657e-01 3.7080182142e-01 5.6231459111e-01
-1.6947519894e-01 -2.9808303779e-01 -1.6794111474e-01 5.7401720067e-01 -3.2689661133e-01 2.5320808245e-01 -6.8833501972e-01 2.4758915179e-01 6.8942913652e-02 1.9299590378e-02 -2.1980984884e-01 1.5803334339e-02 -1.9835198888e-02 -1.1935665347e-02 6.2522369479e-01
-1.2250755016e-02 -2.4394438832e-02 -2.7447493072e-01 -6.8973837131e-01 4.3924041525e-01 -4.6499234718e-01 1.0872050348e+00 -2.7829552100e-01 4.1475226540e-02 -8.2188934037e-02 1.2426613265e-01 1.1574355883e-01 -7.2309942919e-02 -3.3463979063e-01 -9.3554003082e-02
3.5046575249e-01 -1.7207588581e-01 -5.0632550590e-01 1.4120655620e-01 -2.8466256513e-01 -2.6536089951e-01 -8.7304661882e-02 -3.0895105458e-01 1.2669009627e-01 -5.5969116178e-01 -1.0451494943e-01 9.6399379940e-02 2.8357812696e-02 -3.3737342680e-03 -7.1943019279e-01
