2.3545017342e-01 -8.4199896124e-01 -4.7498333591e-01 -5.4657109640e-01 -5.0375751501e-01 3.3166785188e-01
-3.5125686370e-01 -2.9251668865e-02 4.5615446342e-01 -4.1735205457e-01 1.8497930343e-01 6.9149484523e-01
2.6586950824e-01 -3.7895078516e-01 1.0777712557e+00 3.8719047041e-01 5.5176015922e-02 -1.3877537283e-01
-3.9319905036e-02 3.4029755682e-01 -2.1015081563e-01 -7.5183350064e-01 4.6027611816e-01 2.0547015539e-01
-4.1127516277e-01 2.1440102292e-01 6.2434278629e-02 -1.7654805606e-01 -3.4204390875e-01 3.3780975227e-01
-4.9001570249e-01 9.4980175236e-02 2.6798709829e-01 2.0867740214e-02 -1.4668189057e-01 6.2201451848e-01
-4.2288689549e-01 7.1125794190e-02 2.8547993997e-01 -1.4149322884e-01 -1.5860816613e-01 6.4935026727e-01
-2.8837010044e-01 8.2603564822e-02 1.0389265963e-01 -3.7079912980e-01 -1.3398101798e-01 3.8222776578e-01
6.0725411024e-01 -2.6906457186e-01 -2.7299728103e-01 8.2843894632e-02 2.5854328130e-02 -4.5268855864e-01
-6.7241124297e-01 -7.6482301257e-01 -2.8337650313e-01 -1.3758219106e-01 5.7336898255e-01 5.7376033252e-01
