6.9623176648e-01 -4.5023603431e-01 6.8876942921e-01 4.1376562548e-01 2.6201547900e-02 -3.4695570666e-01 5.2520386177e-01 -1.0080471075e-01 2.4446652883e-01 -1.7882271869e-01
8.9407422801e-02 5.6102614874e-01 -1.4612198100e-01 8.2329299643e-01 1.3239328262e-01 -5.9814858379e-01 2.1413478922e-01 1.4639362729e-01 -6.1466461214e-01 -3.3356319396e-01
1.9636658686e-01 3.5967350033e-01 -4.8788638660e-01 5.1012465193e-01 9.5238047089e-02 4.2553618412e-01 -2.1011211273e-01 -2.8698502585e-01 5.0457916350e-01 -1.4456009455e+00
-2.9030487919e-01 -4.7808460764e-01 3.2701994788e-01 -8.5414240625e-01 5.4727836319e-02 -6.3404752317e-01 1.6906756600e-01 1.7072721953e-01 -2.9704497326e-01 -8.1146919883e-02
1.6756955059e-01 7.7328114584e-03 5.0550547306e-02 -1.2382868443e-03 -7.2250055482e-01 3.7872407194e-01 3.5832614270e-01 5.9889826595e-02 -1.0534168213e-01 3.5125449768e-01
-3.7555801146e-01 -4.7381766451e-01 -3.8573239099e-01 1.5477952179e-01 6.1364172022e-02 -5.5545173650e-01 4.9796022363e-02 1.1946809395e+00 2.7671470967e-02 -9.3602920354e-01
-3.5308371052e-01 -2.9279736582e-01 8.4368821327e-01 2.8295335173e-03 -5.8449325071e-02 2.1656325453e+00 -4.7079282244e-01 5.5034294761e-01 -3.2910098959e-01 7.0089009894e-01
3.4092284763e-01 3.0406915558e-01 -4.4873475211e-01 -1.3754929708e-01 2.8646078141e-01 -3.7529837636e-01 3.6788995575e-01 -6.2417670479e-01 -2.3126939077e-02 7.4868447905e-01
1.2619880567e-01 6.7872328755e-02 3.0480316791e-01 3.6661620516e-01 -7.9405969136e-01 -1.6049047196e-01 -1.8882102595e-02 -4.6822135768e-01 -2.3540002983e-01 -8.7750411192e-01
-3.6343198103e-01 1.2383053272e-01 1.4774503964e+00 2.6698484987e-01 1.4106313756e-01 2.0280089199e+00 1.4038039736e-01 -1.5677081783e-01 -6.9748226632e-01 5.0123159555e-01
