1.50746937e-09 5.98940644e-10 1.51770916e-09 5.18645499e-11 1.18808991e-09 6.33648906e-10 3.87116302e-10 -1.92465307e-10 -5.58313788e-10 1.92125974e-11 1.17787514e-09 4.03895290e-11 -7.93558552e-11
5.98940644e-10 7.26728058e-10 8.84373296e-10 2.12943898e-10 8.11443990e-10 5.80056706e-10 2.61829469e-10 1.40787758e-10 -3.56833048e-10 2.14249793e-11 8.12642954e-11 -6.49781818e-12 -2.37536871e-11
1.51770916e-09 8.84373296e-10 1.70963444e-09 1.64346788e-10 1.41043882e-09 8.45080970e-10 4.64569946e-10 -4.70600424e-11 -6.51198408e-10 -6.09032313e-12 7.32421897e-10 -2.19185739e-12 -6.23683466e-11
5.18645499e-11 2.12943898e-10 1.64346788e-10 8.82518354e-11 1.78210438e-10 1.56892770e-10 5.38796323e-11 8.01576110e-11 -7.01696783e-11 3.63301773e-11 6.83904860e-10 3.78370845e-11 1.22849954e-11
1.18808991e-09 8.11443990e-10 1.41043882e-09 1.78210438e-10 1.20918134e-09 7.50749793e-10 3.98477961e-10 2.60746253e-11 -5.47535019e-10 4.93565706e-11 4.87551979e-10 -7.17125202e-12 -2.80946363e-11
6.33648906e-10 5.80056706e-10 8.45080970e-10 1.56892770e-10 7.50749793e-10 5.22577906e-10 2.49764617e-10 8.80490791e-11 -3.38800863e-10 2.28493838e-11 5.65123152e-10 1.52802647e-11 2.77968617e-11
3.87116302e-10 2.61829469e-10 4.64569946e-10 5.38796323e-11 3.98477961e-10 2.49764617e-10 1.36826923e-10 1.46984690e-11 -1.84734953e-10 -1.90490855e-11 -4.38913932e-10 -2.83152129e-11 -7.59869749e-14
-1.92465307e-10 1.40787758e-10 -4.70600424e-11 8.01576110e-11 2.60746253e-11 8.80490791e-11 1.46984690e-11 1.52754389e-10 -2.08078488e-12 -8.25779495e-12 -1.27331179e-10 -4.40384656e-11 1.77210884e-11
-5.58313788e-10 -3.56833048e-10 -6.51198408e-10 -7.01696783e-11 -5.47535019e-10 -3.38800863e-10 -1.84734953e-10 -2.08078488e-12 2.55006022e-10 2.32989044e-11 3.80037896e-10 2.17447947e-11 1.45959474e-11
1.92125974e-11 2.14249793e-11 -6.09032313e-12 3.63301773e-11 4.93565706e-11 2.28493838e-11 -1.90490855e-11 -8.25779495e-12 2.32989044e-11 6.00966777e-09 9.53503119e-09 8.05893023e-10 3.59296027e-10
1.17787514e-09 8.12642954e-11 7.32421897e-10 6.83904860e-10 4.87551979e-10 5.65123152e-10 -4.38913932e-10 -1.27331179e-10 3.80037896e-10 9.53503119e-09 4.39760451e-07 9.50447308e-09 -2.21658921e-09
4.03895290e-11 -6.49781818e-12 -2.19185739e-12 3.78370845e-11 -7.17125202e-12 1.52802647e-11 -2.83152129e-11 -4.40384656e-11 2.17447947e-11 8.05893023e-10 9.50447308e-09 1.52740786e-09 -2.40508032e-10
-7.93558552e-11 -2.37536871e-11 -6.23683466e-11 1.22849954e-11 -2.80946363e-11 2.77968617e-11 -7.59869749e-14 1.77210884e-11 1.45959474e-11 3.59296027e-10 -2.21658921e-09 -2.40508032e-10 1.53391205e-09
