-3.1680054814e-02 -5.0444624532e-02 2.2162826798e-02 -2.5265699645e-01 -1.5496051747e-02 3.4836773079e-02 -1.3782141435e-01
-2.2912507498e-02 -7.1452141477e-03 -4.6758385621e-02 1.0064015666e-01 -1.4829325697e-01 -8.5921764485e-03 1.2845739906e-01
-5.1578241004e-02 -1.1819981667e-01 2.5432393248e-01 2.9394060524e-02 -1.7634642479e-01 1.0135167531e-01 7.3254864810e-02
9.5613572617e-04 2.9686664430e-02 -1.2465187771e-01 -8.6013055679e-02 7.0466397021e-02 -4.9651845006e-02 -1.0959950194e-01
-8.4513563711e-02 3.2591545011e-02 -2.4521730553e-01 -2.3786061644e-02 6.5296676532e-02 -4.4171835442e-02 -1.0211145891e-01
1.4605905380e-02 7.9791473676e-03 1.3411833503e-01 1.5428587341e-01 -1.3721934376e-01 1.4667410631e-01 7.3126602519e-02
-6.9339878074e-02 7.8565449202e-02 1.2076827416e-02 3.6285408578e-02 1.2307248105e-02 5.2989422356e-02 9.4455382745e-02
-9.7436147154e-02 2.7156810431e-02 1.3554928889e-01 9.1418097273e-02 -3.6551551043e-02 5.6815796685e-02 1.4347022951e-01
-1.4760847500e-01 -2.6989888402e-02 2.2536363744e-02 5.1917916184e-02 -1.6130159685e-02 -3.4053562473e-02 2.0649795880e-02
1.0944144071e-01 -2.9545425385e-02 1.6248994598e-02 1.4632789968e-03 9.6110007905e-02 1.7808345507e-01 1.7077966045e-01
4.3515668086e-02 4.5934216704e-02 -9.6021244540e-02 -1.0359943022e-01 1.0721607245e-01 -9.7059856326e-02 -5.9550764541e-02
-1.1675548829e-01 5.7374694092e-03 9.9102697120e-02 1.3266211658e-01 -9.7702183631e-02 -3.9416137243e-02 8.7161121267e-02
5.5272465450e-02 1.0198838306e-01 -4.7398429189e-03 7.7783663736e-02 -4.5680524357e-03 1.2604640793e-01 1.3796026926e-01
-3.4497637343e-03 -9.2056616004e-02 -1.0959358186e-01 -4.3907526778e-02 -2.7596990777e-02 -4.0405897581e-02 1.6359151009e-02
3.3386100872e-02 8.4623780084e-02 7.7263029041e-02 1.2762008006e-01 9.5189470823e-02 -6.0240507078e-02 -2.3540094681e-02
-9.6496846626e-03 6.0377205963e-02 6.6117917337e-03 1.5677861401e-01 -8.0445208800e-03 -3.9699191942e-02 4.4468083913e-02
2.0553775814e-02 -1.2266701977e-01 -1.6094776962e-01 -9.5936324666e-02 -1.2379354723e-01 5.4700160501e-02 -1.0680109986e-01
-3.9305767131e-02 1.0297063198e-01 -4.3461472208e-02 -4.0990785615e-02 -9.5667748565e-02 2.2662116434e-02 -1.0972685210e-01
3.4151455138e-02 1.3209522517e-01 -1.3325720567e-03 -2.4059266931e-01 -1.0787739262e-01 3.9346322858e-02 1.0190684498e-01
4.5392275773e-02 -5.4688686024e-02 5.1995683169e-03 -9.3640298486e-02 5.4577375290e-02 -8.4982320253e-02 -5.5808659617e-02
-1.4208439150e-01 -1.2583366244e-01 1.1515596979e-01 -3.1502618269e-02 -1.3154654925e-02 -2.0876843375e-02 6.0399044420e-02
-8.5584017691e-02 3.2092413443e-02 1.0737076767e-01 1.0148426983e-01 -8.4870426218e-02 -9.1931966590e-02 1.0459086575e-01
-1.4065928846e-01 6.6778081823e-02 8.6625136864e-02 -2.1164814940e-01 1.0008550833e-01 2.0916632685e-01 -8.4555502867e-02
5.7457149328e-02 -4.0148877395e-02 -3.1784992051e-02 -7.8620678655e-02 -9.7765876456e-02 -4.0724019005e-02 -2.4992848745e-02
1.3233374294e-01 7.5312306669e-02 1.8754296095e-03 2.3905032655e-02 -8.3271069966e-02 -4.4240427204e-02 7.1260323662e-02
1.3026234159e-02 3.5537639793e-02 1.5737996964e-01 9.6850746398e-02 7.6868965579e-02 7.8215298090e-02 4.0531463976e-03
-1.7839959249e-01 1.2000434656e-01 -1.7053308415e-02 2.7298600351e-02 -2.1934077420e-02 -5.3358855453e-02 6.6058842570e-02
-1.5102843569e-01 -3.5807964964e-02 9.5021345133e-02 -9.2526751053e-03 3.9372031182e-02 -3.2794593159e-02 -3.6328813965e-02
-5.4044558549e-02 8.5225430688e-02 -6.4006765021e-02 3.9148713414e-02 -6.4937190613e-03 -1.5826306679e-02 -1.4505480996e-01
-1.0784450829e-02 -8.6903717492e-02 -1.2534176635e-01 -9.6016327377e-02 -1.5772960661e-01 1.2220135026e-02 -1.8171868761e-02
8.2022800691e-02 -1.1043049831e-01 -1.5869305838e-01 5.8580247009e-02 1.4298260856e-01 -4.2695098838e-02 -1.1307738048e-01
-2.9182402547e-02 -8.3144387481e-02 -1.2186238747e-01 -1.4517749772e-01 9.1551908144e-02 2.9098511881e-02 9.2018335783e-03
-1.2535809768e-01 1.3196698721e-01 1.3533248652e-01 -2.3075919284e-02 -1.2475046174e-02 -1.3358519503e-02 8.1996609123e-02
3.6033088945e-02 6.1256596171e-03 -8.0344019755e-02 -1.2099704375e-01 -1.0995507889e-01 -4.6802418819e-03 -1.0427637965e-01
-4.3782243326e-02 -4.0317657403e-02 3.6361216268e-02 -1.4429994846e-01 2.1819926402e-02 1.3997297897e-01 3.0198119246e-02
-1.0662040351e-01 -6.2422046494e-02 -9.1555110848e-02 -1.3638844116e-02 -4.5776521184e-02 1.4682898609e-01 3.7902659767e-02
-4.3260478213e-02 9.2886048595e-03 -5.3354862490e-02 -1.8229485646e-01 5.8153396067e-02 -5.8994102676e-03 -8.6735917106e-02
7.6113465499e-02 1.5664545232e-01 2.6206749444e-02 -4.2698933137e-02 -8.2981379598e-02 5.6523482352e-03 -8.3175589686e-02
-4.0230071253e-02 -1.3022221083e-01 -7.0480824487e-04 2.2096936355e-01 1.0535593590e-01 -8.5047562934e-03 1.0841354643e-01
5.4721228440e-03 1.8552352659e-01 1.4797215931e-01 4.0863373993e-04 -2.3943736999e-02 1.0757983624e-01 1.4816093747e-01
1.0281932269e-01 -3.6189742065e-02 6.0431361270e-02 1.9448802020e-01 -6.0869466938e-02 4.6144784963e-03 3.0805272219e-02
-9.4327974269e-04 8.0341410138e-02 -1.1245815337e-01 -2.6868246299e-02 -1.0715248738e-01 1.2635816103e-01 -3.4462626499e-02
-3.3994987238e-02 1.2735342918e-01 1.5420609683e-01 3.6281746848e-02 9.4614166739e-02 2.8328086883e-02 -2.6751873707e-02
4.5702489993e-02 -1.3983701129e-01 6.1527605081e-04 -6.4292108898e-03 -8.1823359054e-02 2.4621856399e-02 1.1985064911e-01
-8.1322422967e-02 5.5705682474e-02 2.0091829118e-01 1.4673376928e-01 1.1633115596e-01 7.2832510560e-02 -7.4575267484e-02
-9.2063334080e-02 3.6629302586e-02 5.2464921992e-02 -7.9338626918e-02 5.1771283816e-02 -5.5339983584e-02 2.0218397951e-01
2.5177590788e-03 -7.5894851205e-03 7.8389339456e-02 -1.1251621700e-01 8.6391321486e-02 -1.3409602093e-01 -5.0901784409e-02
-1.1936765397e-01 -1.7247182652e-02 -4.3676102621e-02 -1.0176315472e-01 -2.0695605067e-01 9.7088098943e-02 -1.1506895527e-01
2.9827336663e-02 -5.2286875202e-02 -7.5180576899e-02 -8.7317738955e-02 1.9178187489e-02 4.3005845359e-02 -6.8234030699e-03
-7.1224712911e-02 1.7036572804e-01 7.3563563664e-02 3.3540079524e-02 3.0535170705e-02 2.5317525617e-02 3.6116176833e-02
7.6408424072e-02 8.7576002044e-02 -8.9362758890e-02 -5.4682805853e-02 9.0122001764e-02 -6.8674716759e-02 -2.3805820448e-02
-3.6389104688e-02 7.7925514287e-03 1.1253198372e-01 -9.9485030895e-02 2.8814817543e-02 -4.2828943448e-02 4.8492100702e-02
-9.0557744120e-02 1.5840903978e-01 -1.0800392863e-01 2.9878459383e-02 2.4543267719e-03 -2.4166622704e-02 -6.3492288139e-02
-2.1763003569e-02 2.8664590762e-02 1.0320402676e-01 1.1506420806e-01 9.4268041438e-02 -5.1703753386e-02 1.4981742592e-01
2.6791051462e-02 -4.8556257721e-02 2.5977211326e-02 5.1258264267e-02 -3.8329507795e-02 1.5388138554e-01 5.8822571928e-02
-1.2363980529e-01 1.2618498848e-02 -3.8591822333e-02 -7.6667244916e-02 -1.1065043069e-02 1.9522497569e-03 -2.1180226161e-02
1.0441609191e-01 -7.9325738150e-02 -7.4456792414e-02 1.5887950566e-01 1.1203674352e-01 2.0658649593e-02 -4.5146282276e-02
-2.8330327042e-02 -4.1912729229e-02 -1.1439748424e-01 -1.1708227191e-01 5.4120645309e-02 3.9876136243e-02 -1.2989395190e-01
-5.9924231289e-03 -2.6398883746e-02 5.5937819425e-02 2.4787638259e-01 -7.8773003642e-02 9.7738231298e-03 2.8129950477e-01
-1.5822936922e-02 5.2349075002e-02 -5.6622129264e-02 -1.3109489395e-01 7.5950035832e-02 -2.8427275595e-02 -7.2474064665e-02
-1.8870044567e-03 1.0507321092e-01 -1.4542869303e-02 -1.1080705469e-02 -6.9833079381e-02 -1.4013776273e-01 1.3120863613e-01
6.1079516580e-02 6.9514462290e-03 4.5106772947e-02 -1.6660915914e-01 -8.3006079583e-02 1.3900585595e-02 1.3885607975e-02
4.1164291941e-02 1.2022426856e-01 -1.9128115765e-01 -8.3037402417e-02 -3.4018342205e-04 6.7152195112e-02 8.8017452585e-02
-2.1879942728e-01 -7.0071680515e-02 5.3869584946e-03 5.5485078624e-03 6.9422484800e-02 -8.0466947463e-02 8.2593942668e-02
-5.0759708006e-02 1.4166602830e-01 -6.5642774348e-02 -3.4408823425e-02 8.7665826286e-03 1.0479442336e-01 8.1474317175e-02
-4.4920415821e-02 1.3713024622e-01 9.2030680764e-03 1.0146897125e-01 1.0869709935e-01 -1.1069474934e-01 2.2400799457e-03
2.6382272540e-02 -1.4058874860e-01 -3.0364952722e-02 2.9198084535e-02 -1.2064244850e-02 -1.3538470558e-01 -4.7024235160e-03
-5.0015306783e-02 -6.4649814773e-02 4.8608401780e-02 1.1004157204e-01 -6.4139686982e-02 -7.8711616292e-03 1.1959296238e-02
-6.4783777716e-02 1.6326519834e-01 -7.8247123552e-02 -9.7558709726e-03 1.8143528796e-01 7.3670090938e-02 -6.1518903617e-02
9.4125313361e-02 3.8923957774e-02 1.3717682761e-01 1.7088663390e-01 -8.7166457180e-03 -7.7144325296e-02 7.0420918259e-02
3.0275202139e-02 -7.7159039062e-02 2.7453587782e-02 5.2709261767e-02 2.3209669017e-01 -1.4798087237e-02 -1.3213389848e-01
-9.0780022060e-02 6.9560063226e-02 1.4854407073e-01 4.4343997536e-02 4.8295913562e-02 -8.4541117077e-02 3.3321313415e-01
9.4113574083e-02 -9.2281105087e-03 -6.6488065623e-02 -1.5767778619e-01 -1.3160069733e-02 -2.5601151004e-02 -6.4815006163e-02
-4.6394819550e-02 1.8350962334e-02 -3.7095694775e-02 -1.0932322824e-01 4.7709450683e-02 1.1790876634e-02 -5.5002674301e-02
-2.6036594546e-02 -9.6575213430e-02 7.6069670130e-02 1.0822897212e-01 -1.0284429198e-01 -4.2560479669e-02 2.3663561996e-01
6.3325341896e-02 1.9103280860e-01 1.7912892851e-02 -4.4513408175e-02 -1.7113051734e-01 5.4715397276e-02 -1.0893839762e-01
1.0175316582e-01 -6.2068019469e-02 5.0354226742e-02 9.4427845051e-02 3.6588946950e-02 5.1196109768e-03 1.4989681771e-02
1.5931398296e-01 3.2494932579e-02 2.2188822493e-02 3.0824389372e-02 -3.1224982450e-02 -5.8424873461e-02 -9.5024156334e-02
2.9825388604e-02 -1.5865691269e-01 1.5045758219e-01 3.2959930233e-02 2.8680648577e-02 4.3152756827e-02 1.8494834772e-01
1.5756294664e-02 3.7079552541e-02 1.0513273555e-01 2.4281583615e-01 -7.4933703550e-02 -8.1086950879e-02 1.9270843676e-01
3.8642209887e-02 -7.7719832107e-02 1.4048092924e-01 1.4403135737e-01 8.2633386136e-02 8.2529404658e-02 1.1020514650e-02
6.2418464696e-02 -1.5385060233e-01 4.7476361107e-02 9.4730365904e-02 9.3108128896e-02 1.2506822137e-02 2.0360982864e-02
1.8794664978e-01 1.5003181851e-01 7.8348858273e-02 5.4406630197e-02 -1.3043575557e-01 8.0006447144e-02 3.0555898740e-02
2.1321644196e-02 -1.4687633183e-01 1.2956569439e-01 5.0752692117e-02 5.5439491345e-02 7.4885073055e-02 4.0297211229e-02
4.2319770757e-02 -2.1559130284e-01 -1.0823273526e-01 2.1159416797e-02 3.2676949835e-02 2.5038107875e-02 8.2938320288e-02
-1.7232654449e-02 -2.5942940996e-02 -6.1102560066e-02 4.1484327468e-02 -1.8291007491e-01 -6.0235057935e-02 7.1341084254e-02
3.5614245103e-02 6.7776969319e-02 2.9032540878e-02 1.6216557546e-01 5.2105663673e-02 6.3304204157e-02 2.1785741647e-01
1.6125196351e-02 -9.1981718423e-03 1.5525514968e-02 1.5224488378e-01 9.5803262313e-03 -2.4798313120e-02 1.2675285517e-01
8.4972326908e-02 -1.1633814042e-03 -1.9488793204e-03 1.1865256582e-01 1.2066266997e-01 -1.8853962549e-01 3.4694684141e-02
-9.8704258899e-02 1.3373147367e-01 9.0001370466e-02 1.3275362459e-01 -1.2507652497e-01 -4.7325365136e-02 3.3442223973e-02
-8.2767367932e-02 -1.5400493218e-01 9.0010115951e-02 1.0769622387e-01 6.5438325638e-03 2.7585000261e-04 4.6051293271e-03
-4.6371930312e-03 -1.8813459756e-01 6.3224905526e-02 8.9672448884e-02 -9.6364641097e-03 1.2632036861e-01 -7.1200879400e-02
8.0932227029e-02 -5.0162246162e-02 6.5909767277e-02 -1.0998016588e-02 1.9200786862e-01 7.1517638941e-02 8.1744734858e-02
-1.8930474974e-02 1.5381161768e-01 6.2420929316e-04 -1.2094944593e-01 7.0632539017e-02 5.7745920645e-02 3.4828993395e-02
-6.8941311850e-02 1.1008702457e-01 1.2416413062e-01 1.1516151921e-01 -1.0323970360e-01 -3.4254507923e-02 1.3741827852e-01
-6.2857750080e-02 -9.8147801877e-02 1.9061972997e-02 2.8647295638e-02 1.3363216558e-01 -4.7046068188e-02 1.9635648295e-02
5.6713389613e-02 -1.8742880422e-02 -1.7635395649e-01 -1.0023276867e-01 -1.1491231016e-01 -1.9365872676e-01 -2.1358259094e-01
6.2035334444e-02 5.7311330706e-04 1.6226715810e-01 1.3684304392e-01 3.3949844740e-02 4.9749172426e-02 1.8365507819e-01
-2.9537528786e-02 7.2183674983e-02 1.5563435977e-01 4.5496137693e-02 2.1552930100e-01 -1.1273953598e-02 1.5182943464e-01
-1.9074946760e-02 1.5354216782e-02 1.2059217454e-01 -8.3498084514e-02 -1.0037706265e-01 -1.5235318614e-01 -1.0429392433e-01
7.8286094778e-03 1.6119070643e-01 2.3117711081e-01 1.9156455318e-01 -3.9578637321e-02 -5.1309658391e-02 1.2412268577e-01
-6.8696755365e-03 5.7967438692e-02 8.5909636836e-02 -1.4779133428e-01 2.2656571897e-02 -3.2952069916e-02 -1.3611680314e-01
-1.3223706509e-01 3.4251203149e-02 -1.2730665588e-01 -3.3088466258e-02 1.9705846766e-02 -3.3244866502e-02 -1.1970903096e-01
-5.6220592681e-02 1.2479942652e-02 1.3290109862e-01 2.3595774100e-01 2.0987857919e-02 1.3631036993e-03 1.5163383584e-02
-4.1841252029e-02 -3.5121758286e-02 -4.6911351046e-02 -3.2736557224e-02 -1.7186100931e-02 7.3337249813e-02 -8.5555313607e-02
-4.9315575224e-02 2.0256972590e-02 -7.5682650477e-02 3.4953891589e-02 3.2515292597e-03 8.8928028702e-02 1.6308850555e-01
-1.0591550946e-01 6.1698760961e-02 -3.8811413732e-02 -1.2058930605e-02 1.6049924923e-02 -5.8208313289e-02 5.8767961734e-02
9.1796269253e-02 -1.5096474616e-01 6.2402821801e-02 5.1704545340e-03 -6.5496009938e-02 -1.3533178899e-01 3.2983336057e-02
-1.1348206595e-01 -1.0585948728e-02 -8.4126828412e-02 6.5189418047e-03 -1.5308761560e-02 -1.3370796363e-01 2.9358384889e-03
-1.6024322281e-01 -1.0543948394e-01 -2.3568902070e-02 -8.7675702944e-02 -8.0430641361e-02 -7.2491301947e-02 6.5458874578e-03
3.0438568449e-03 8.9027984578e-02 -1.3316790840e-01 1.4635173686e-01 -1.5154106076e-01 -9.5014601220e-02 -7.5273682142e-02
-5.6640547456e-02 -5.7607231830e-02 5.6320880963e-02 9.7502182085e-02 4.4529617737e-02 1.5848632112e-02 1.0120244487e-01
-4.2270889819e-03 1.6207715997e-01 2.9082750974e-03 3.8399839226e-04 5.7682345378e-02 2.9745383158e-02 -1.8304309689e-01
-1.0162011540e-02 4.2721024701e-02 -1.3264334630e-01 6.5677640246e-02 5.1821225836e-02 1.3490209913e-01 -2.3847545380e-02
5.5637326562e-02 5.0592264802e-02 1.0414701627e-01 3.0583718518e-02 -3.8772128887e-02 1.9399456121e-02 6.3624282491e-02
5.1926631174e-02 -4.6282523199e-02 -1.9680368030e-02 -4.4570579664e-02 6.3354583588e-02 2.8393046754e-01 -5.7655760414e-02
1.1575545368e-01 -9.1408816582e-04 -1.1351980081e-02 -2.5010882060e-02 -2.3821595446e-02 -8.8309956642e-02 1.9671743138e-01
7.6093422301e-02 -5.0553468747e-02 1.1403054702e-01 9.3452321508e-02 -8.7299871152e-02 1.6058781801e-01 -3.1123530079e-02
1.2544557521e-01 9.2233389721e-03 -3.0738950511e-02 -1.4948201920e-01 -2.6303692953e-02 4.4827870502e-02 -8.9262467805e-03
1.6337919339e-01 -1.7671867621e-01 1.1913138142e-02 4.5823266823e-02 2.2049403516e-02 2.5511315607e-02 -1.2849884694e-01
-3.1401942695e-02 5.1554086465e-02 6.0077372065e-02 6.7183533390e-02 2.6284153502e-02 -9.4228136478e-02 1.6912232778e-02
5.5109232947e-02 -1.2039575599e-01 -1.4724639801e-01 -2.8839727478e-02 9.4316387859e-03 -7.7200061247e-02 -6.5222955100e-02
-7.6918215704e-02 9.2438603221e-02 -2.9047702911e-02 8.8974811657e-02 7.1098337503e-02 2.3658995470e-01 1.2035012744e-01
7.9441649388e-02 1.1522990912e-02 1.0982596869e-01 3.2827884042e-02 5.4123423181e-03 1.8691426782e-02 1.4274470119e-01
7.0491699149e-02 1.4352590823e-02 -5.5594893152e-02 -2.1641919597e-01 -7.7455030707e-03 8.2846752169e-02 -5.3930099228e-02
1.4810698938e-02 4.0069336758e-03 9.6323024332e-02 9.7687507127e-02 -3.0653333539e-02 2.0568390375e-02 5.4609567243e-03
-8.6541122675e-03 -2.8346618506e-02 1.3719169211e-01 -4.9601390173e-02 5.3232052509e-02 -3.3808630657e-02 1.2272169209e-02
-1.0140106148e-01 5.7066134891e-02 -1.1514725259e-02 9.1076304647e-02 -1.4784313723e-01 5.2293175707e-02 -1.7968663560e-02
5.2740337348e-02 1.3116453287e-01 -8.2301333463e-02 -2.0631749702e-03 4.7555733050e-02 6.9186659796e-03 -1.1192007543e-01
-7.3774469706e-02 -1.1671366294e-02 8.1759937651e-02 6.1805037014e-02 -1.2306243543e-01 1.2496284840e-01 -1.7244109955e-01
-8.2951723900e-02 4.6624714070e-02 -5.7479709651e-02 -3.5291863582e-02 -9.9584200853e-03 1.0101337302e-01 -1.9311944331e-01
4.1271994944e-02 -8.4210986123e-02 -3.1386937583e-02 -9.3142060928e-02 4.7069758066e-02 8.0079602304e-02 -4.1963644742e-02
-2.3307413663e-02 -1.3168857977e-02 -3.2386155148e-02 -7.6249236161e-02 7.4344914988e-02 1.7816181002e-01 -7.4309457083e-02
-8.9839220626e-02 5.6920879693e-02 -2.1898756321e-02 6.2460827841e-03 -1.5184291006e-01 1.6578722947e-02 -2.8432147080e-02
1.4280230757e-01 -2.4963233659e-02 1.1373224002e-01 -2.3475729089e-02 -7.2283858085e-02 9.8709856565e-02 1.3897882401e-01
-1.1819888713e-01 1.0500872098e-01 -8.3756001139e-02 -9.2103748816e-03 -9.0060442301e-02 1.3463626200e-02 -7.3769681154e-02
8.8149728441e-02 5.0260162026e-02 5.4231701821e-02 -1.3520980073e-01 1.0063698155e-01 -1.1739893592e-01 6.1536695174e-02
-3.3137978493e-02 -3.2801502221e-02 1.5554845556e-01 2.2212153049e-01 1.9431586176e-02 9.6536106839e-02 4.6871580305e-02
-6.3670802921e-02 -4.7720527469e-02 -1.4984432846e-01 -1.0620620661e-01 1.4137679970e-01 -6.4099922992e-02 6.2909655935e-02
7.3686366697e-02 -1.7208428195e-01 1.1578022931e-02 -1.6309863357e-01 8.3191037926e-02 1.5937522532e-02 -7.0950351728e-02
-2.9815672727e-02 -6.8188006887e-02 9.5800994911e-03 1.6366192130e-01 1.7285277349e-01 6.2275435265e-02 -3.4111415070e-03
-3.6747771588e-03 -1.0156326417e-01 2.1157138647e-02 -1.0699867307e-01 -1.9469112323e-01 1.1922265411e-01 1.5973312047e-01
6.7417041133e-03 2.6155954544e-03 -9.2036141910e-02 2.5480451985e-01 3.5630002939e-02 1.0313463682e-01 1.7591328133e-01
-1.3658798286e-01 -8.8754040390e-02 -8.3152334935e-02 -3.7155870340e-03 -5.0586282945e-03 -4.0983716819e-02 -1.0074288381e-01
-1.3521479178e-02 -5.1936830424e-02 6.5344271561e-02 2.4206261129e-03 2.3931098086e-01 -1.1042286166e-01 -5.4525846437e-02
-5.1435468861e-03 7.8814181354e-02 1.4770224629e-01 1.4734662788e-01 -7.2101300865e-02 5.3371871111e-02 -8.1603163358e-04
1.7557217513e-01 -7.9947471243e-02 7.2824588305e-04 -1.1893440041e-03 3.5921907614e-02 -3.1124339832e-01 1.8412701848e-02
5.4915958296e-02 -1.5711914686e-02 1.5495824852e-01 -5.7583838775e-02 -9.5354126271e-03 2.4375846564e-02 1.4061852627e-01
1.1203736361e-02 1.8273383916e-02 -7.5596490551e-02 -6.6744799166e-03 2.1197414778e-01 3.9846202191e-02 -2.6519104585e-02
2.1088579369e-02 -9.5476020172e-02 1.5975696369e-01 -1.0836414748e-01 -1.4939615566e-01 6.9622127636e-02 -1.3364730779e-01
-3.5510043012e-03 9.6016619839e-02 9.1378205972e-02 2.9492754169e-01 7.1872078701e-02 -1.1351068869e-01 1.3900817631e-01
-1.6630780244e-02 -5.1825968576e-02 -4.9083617261e-01 2.7086542740e-01 3.5202891030e-02 -1.4409987231e-03 -7.0248221983e-01
-4.8672422864e-02 -9.7531535016e-02 -1.0847273247e-01 -5.7514778216e-02 1.9413390366e-01 2.9926252771e-02 -4.7700122712e-02
-9.2915403139e-02 -1.5904548945e-02 3.0455008059e-02 -2.0505380085e-01 -1.7169406333e-01 -3.9550494324e-02 5.7410863289e-02
1.5569633315e-01 -1.3745659611e-01 -6.6413835188e-03 -7.0795840297e-02 -1.8171655725e-02 -3.9769360057e-02 -1.1566432346e-01
9.9961239188e-02 -7.6135457686e-04 -1.0536616474e-01 -8.4637313202e-03 1.4006330196e-01 3.7864687209e-02 7.3009740539e-02
-1.5223095895e-01 -1.4050009535e-02 -2.0585660937e-01 -4.0786801428e-02 -3.3339629476e-03 -4.5130433734e-02 -8.3701286057e-02
1.4108953991e-01 -8.1081103425e-02 -2.2446447451e-02 5.9872115642e-02 -5.0076738782e-02 2.1841340584e-02 1.2427962022e-01
6.9507247455e-02 4.1193216849e-02 5.3769427566e-02 1.2548902937e-01 -6.6618568717e-02 -5.5953137017e-02 6.1470482572e-02
5.5544022090e-02 2.3096499322e-02 1.2865237701e-01 -2.5741598337e-02 -4.9815686065e-02 -6.7318051697e-02 1.7698685241e-01
1.6611513806e-02 -1.6562165394e-01 -6.9985873093e-02 -7.5843878222e-02 -3.6185835117e-02 -4.6111572800e-02 1.5572323879e-02
1.4387283168e-01 -1.8633200392e-01 -3.1670216129e-02 -6.6457319076e-02 2.3000195313e-01 -1.0676413694e-01 -1.4547242318e-01
6.0788977085e-02 -5.2144518504e-02 1.2113309304e-01 -1.8865635900e-01 -7.6755822553e-02 3.8339405703e-02 -4.0817352853e-02
2.4960299664e-02 -8.7334481802e-02 1.5319811239e-01 9.5363392180e-02 -6.0192580931e-02 -1.6295190046e-03 -1.4269657804e-01
5.8195632351e-02 -4.2411664861e-02 -3.6364952119e-02 2.0762258816e-01 -9.6722369364e-02 2.5879576711e-02 5.8076631555e-02
2.0656674219e-02 7.1742304591e-02 2.2512892939e-02 -2.5306395129e-01 5.5437137625e-02 7.0988832442e-02 -1.1932717363e-01
