-3.0998665732e-01
-8.4583946213e-02
1.0561640916e+00
-1.1877614260e+00
9.0419206485e-02
-5.5459841917e-01
-3.7652264005e-01
7.5569175327e-01
9.4761395745e-01
-6.2620354592e-01
1.0147662924e+00
-9.3609531434e-01
-2.3989145985e+00
3.6765753258e-01
-1.8752433370e-01
4.1482699623e-01
4.9144657838e-01
-5.5410143087e-01
-2.5316877992e-01
-1.6617404514e+00
-6.7537196039e-02
6.2778191070e-02
-2.4395768680e+00
-7.5578914471e-01
2.9812446870e-01
2.1740998438e-01
1.3294889351e+00
-1.5796934139e-01
-4.0295781167e-01
-1.7063154048e-01
-3.4069861322e-01
-4.6295247159e-01
2.4116467582e+00
-3.4898114137e-01
1.6172612234e+00
1.2275230456e+00
1.7480745113e+00
1.0824535978e+00
1.3120853611e+00
-1.7095359870e+00
2.2970833210e-01
7.0776682436e-01
-8.6599697264e-02
-1.0081908686e+00
-3.3008705015e-01
9.1254338519e-02
-2.4524568810e-01
1.5439211705e+00
-1.1100294129e+00
-1.4682131032e+00
-1.4075461357e-01
4.5829550090e-01
1.0527677051e+00
-7.6420954531e-01
-1.2947087190e+00
-2.1893323258e-01
-2.8604462447e-01
2.5390185811e-01
-6.2438768650e-01
-5.9702034525e-01
-2.2204278217e-01
3.0552779782e-01
1.0039745332e+00
3.7549762458e-01
1.2423944757e+00
-1.2850942321e+00
-1.1002249720e-01
2.9223316551e+00
-7.9189585892e-01
1.3142867716e+00
8.9475670000e-01
-4.4687144364e-01
-5.2062532905e-02
-2.0996706913e+00
6.0749801733e-01
6.7769648140e-01
-7.0763453992e-01
5.8166047273e-01
1.6275542433e-01
6.2285946066e-01
2.1877478458e+00
3.2371404864e-01
2.7082843661e-01
2.3034519853e-01
-3.1216339367e-01
-1.6870245828e+00
2.6272722004e-01
-1.3252413860e+00
1.9621735044e+00
6.4966364770e-01
6.4524537177e-01
8.0658655987e-01
3.7950309749e-01
-1.3273359191e+00
-1.5355344914e+00
-1.7516871354e-01
4.8002019935e-01
3.5968223992e-01
7.0457315484e-01
5.2544432517e-02
7.2884763369e-01
1.0534154044e-01
5.8541542206e-01
9.9772086564e-02
-7.9393283015e-02
1.0388109269e+00
-9.3218511411e-01
-5.7958586156e-01
-1.0327608028e+00
-1.0597868067e+00
6.0519035119e-01
-7.4186853167e-01
1.2247938744e+00
-4.7368011182e-01
-1.5088190038e+00
-8.7821612646e-01
-1.4716248846e+00
-1.8659469552e-01
-1.4189432440e-01
-1.2533036963e-01
-1.1239461306e+00
7.6197522637e-01
5.3323081272e-01
-1.7146324032e-02
-1.9627181273e+00
1.4731205031e+00
-1.2137225525e-01
6.8703748755e-01
1.7727193190e+00
-1.1834842899e+00
1.8763950239e+00
1.8771880669e-01
-6.3959178026e-01
-1.2647597006e+00
-3.2204548636e-01
1.8976373414e-01
2.6058945829e-02
-7.2499298883e-02
-2.2400693508e-01
1.0131756916e+00
2.9951091433e-01
2.1400060430e+00
6.5621004730e-01
-6.3021568316e-01
-1.4057485718e+00
-1.1684575530e+00
9.2542684252e-01
1.1482518242e+00
9.1618272095e-01
-3.0124038923e-01
6.7028054355e-01
1.7650595658e+00
-4.3606240302e-01
-5.6548569508e-01
2.2511914731e-01
2.6476221351e-01
5.1561820095e-01
-6.1549151204e-01
-1.0004316662e+00
-2.0766969948e+00
-1.6217637075e+00
7.0592375800e-01
-6.1379133087e-01
-1.2267217492e+00
-1.9806710215e+00
-9.8212295455e-01
-3.1529074518e-01
1.0606027486e-02
-6.7856966465e-01
1.1082880157e+00
-2.0887872215e+00
-1.4374433659e+00
1.9408357848e+00
2.9232338062e-03
1.1110264176e+00
4.4868328376e-01
-1.4181439478e+00
-9.7580014353e-01
-2.2163689117e-01
5.7883281508e-01
9.5347388610e-01
-9.9777356494e-02
1.9473282516e+00
-5.2782826456e-01
-1.2708613572e+00
4.9371744833e-01
-1.4125142333e+00
-1.0147191506e+00
-1.7921065016e+00
8.3674089215e-01
-2.3678695841e+00
4.8996063365e-01
9.0001945509e-01
1.4532363858e+00
1.1173219707e+00
1.7161913621e-01
7.6304023729e-01
-9.4835903726e-01
4.3672520899e-01
8.2278489974e-01
-5.9096443141e-01
-9.1578368213e-01
6.3531760915e-01
-1.9409129214e-01
-1.9516104016e-01
-4.1847161262e-01
-4.0777000087e-01
4.7035530082e-01
1.4039690210e+00
-7.8800091187e-01
1.5457907145e+00
1.6492045728e+00
9.8793692612e-01
7.9292378623e-01
1.4498709263e+00
-9.5868898046e-01
-1.7923251140e-01
-5.4891095047e-01
-2.2079890070e+00
1.2230657739e+00
1.4243587284e+00
2.3125747084e-01
-3.5444307479e-02
7.2201956441e-01
-4.8723292043e-01
1.1166337662e+00
2.8868818829e-02
-1.8401590065e+00
9.7081040714e-01
1.1518262984e+00
-7.4789489870e-01
-9.6172583364e-01
-7.0465718116e-01
-1.1312176245e+00
5.6250034973e-01
-8.7158191311e-01
9.0053847665e-01
-1.9583960523e+00
-8.2548651468e-02
6.5842572914e-01
2.6352914574e-02
-1.1215206567e+00
1.3196451235e+00
6.3512112191e-01
-1.8349731788e-01
1.0658273072e+00
-1.5593983150e+00
-7.7320799718e-01
