-2.7017878958e-01 2.9458031145e-01 -4.4119183425e-02 -3.8763501804e-01 6.3136360261e-02 -1.1347152390e-02 -1.9236669633e-01
-2.6124215315e-01 2.3853485827e-02 -3.7283460835e-01 -2.9554875689e-01 -1.4692350577e-01 -4.2003528085e-01 -2.3874913675e-01
3.3216753097e-02 1.2644052622e-02 1.6162605580e-01 1.5243546836e-01 -1.5845847802e-02 -1.9306632137e-02 1.1153198442e-01
-6.2166658672e-02 5.6248580665e-02 1.2175098936e-01 1.8511520256e-01 -1.0586510928e-01 -2.6866001349e-02 2.1481134060e-01
-1.9103777512e-01 4.2739089486e-01 -4.7710760555e-02 -3.1860009351e-01 -3.9689232516e-01 -1.4116843285e-01 -4.0850329289e-03
4.9625333769e-02 -8.4215734241e-02 -5.9519849730e-02 -1.6342119222e-02 1.3261883016e-01 -4.8856814749e-02 -9.0064220467e-02
7.0342971858e-03 -9.7918415118e-02 -1.5478382182e-01 -8.4455849301e-02 4.1951363482e-02 -3.7165811501e-02 -4.3881677863e-02
-7.5768030613e-02 -1.2112636872e-01 -4.3062080186e-01 -1.7150167761e-01 1.3602896343e-01 4.8605559548e-02 -1.5703060569e-01
-1.8263108025e-02 -9.2838132161e-03 -1.3071761374e-01 -1.7166983302e-01 2.9311049148e-03 -1.1355960684e-02 -1.4103455975e-01
3.2824594482e-02 4.8819374592e-02 1.0896478667e-01 3.2367986569e-01 -1.4436540893e-02 -3.2274310572e-03 2.5240223934e-01
-1.1266915486e-01 -4.4651152359e-02 -4.7865465909e-01 -2.2479775015e-01 1.1993938644e-01 2.1017835251e-02 -3.1996963373e-01
-1.3948598824e-01 2.7937263792e-02 5.8672053812e-01 2.9180965792e-01 1.0711266641e-01 -8.1366064148e-03 2.6421152671e-01
-3.1579321826e-01 1.5786240819e-01 -3.4182075909e-01 -1.3901310945e-01 -1.3316537360e-01 1.3810909005e-01 -2.3066790778e-01
3.9124753330e-02 4.5528698627e-02 7.0722318257e-02 1.9464134941e-01 -3.2420677765e-02 9.9148241906e-03 1.0983045279e-01
1.0576830202e-02 2.1180056980e-01 -2.9014438278e-01 -2.9802588685e-01 -3.6491667936e-01 -2.0950911485e-02 -2.9383075772e-01
-3.4971555500e-02 8.1753223544e-02 -1.3319792497e-01 -2.4338447126e-01 -1.4086938360e-02 1.0202276854e-02 -2.5921772568e-01
-6.5354722502e-02 5.9930378084e-02 -2.0283851936e-02 -5.3687583831e-02 2.5615896507e-02 9.1388649283e-02 -1.2065356713e-01
5.7983347931e-02 9.5538779804e-02 5.1423747122e-02 4.8115324055e-01 -2.1678056251e-01 -1.3101661236e-01 3.2404303949e-01
2.4223154193e-03 2.8538842116e-02 -1.4765194628e-01 -1.6236976208e-01 9.0918161138e-02 -1.1049793145e-01 -9.0623895909e-02
1.7864688149e-01 -3.5816725291e-02 -7.6288220870e-02 1.7022236862e-02 -5.4977462078e-02 -2.1138139721e-01 -9.4911318339e-02
-1.7944945919e-02 5.5116190438e-02 6.0037891947e-02 1.0246101637e-01 -1.0177778192e-01 -1.4353069139e-02 1.1158392839e-01
1.4129883939e-02 -1.4408255075e-01 -9.1194864987e-02 -2.4778174696e-01 5.9844550450e-02 -2.5203373044e-02 -4.2044487260e-01
7.0016022054e-02 4.0182554098e-02 2.9322164978e-01 9.9274401329e-02 -8.6219407728e-02 -1.6681278070e-01 2.8473335854e-01
1.3550547571e-02 1.3307376406e-02 -5.4622346159e-02 -1.2552042375e-01 -5.6903553604e-03 -4.2911043722e-02 1.3414710479e-01
-6.8670040816e-03 7.8617260437e-02 1.4601514910e-02 1.0831501773e-01 1.8645449289e-01 -9.9249288789e-03 -3.0964492354e-02
3.0912753287e-02 -1.0850771390e-01 4.2451845076e-02 2.0605168142e-01 9.3899643200e-02 -2.6923845610e-02 1.3121253507e-01
-2.8450471955e-02 7.3945242070e-02 2.6458978195e-01 3.0004757832e-01 1.2318571071e-01 1.3760404707e-01 3.5674192029e-01
1.1681324344e-01 6.3574974955e-02 -4.5792899220e-02 -6.1322526971e-02 -6.8663385690e-02 3.2043050814e-02 -1.9061597745e-01
7.0666017919e-02 -1.0265566667e-01 -1.1379452982e-01 -2.0795605891e-01 5.5738904174e-02 -4.3509128931e-02 -9.3097659078e-02
1.4806756980e-02 4.5235607824e-03 -1.2810313147e-01 1.7952448814e-01 -4.6210085102e-02 1.2020112929e-02 -1.3168152362e-01
-1.1257311072e-01 2.7408974372e-01 -7.5166793443e-02 -1.2607959669e-01 -5.8021203998e-02 -1.4585303911e-02 -1.5163097723e-01
-6.0240216040e-02 1.1496513676e-01 -1.8236203948e-01 9.7881364015e-02 9.0265904962e-03 -1.3925739826e-01 -1.7468139670e-01
5.6740880734e-02 -4.9621920997e-02 -3.4195905295e-02 3.3791358089e-01 2.4249333347e-02 -8.2287786611e-02 7.1197748808e-02
6.5407184167e-02 -2.0343727823e-01 -2.3513696323e-01 2.2409070087e-01 2.1757828794e-01 -6.6231701562e-02 1.1763225707e-02
-7.1514436739e-02 -3.4069158213e-02 1.3966214523e-01 1.4591113810e-01 8.5950929452e-02 -4.2723053477e-02 1.9593318193e-01
1.1953582990e-02 2.0695328866e-01 1.3384308807e-01 2.2006269516e-01 -5.8921582657e-02 7.1769922062e-03 2.7228298987e-01
2.1232846418e-02 1.3151603892e-02 2.2295528292e-01 1.1464549513e-01 9.3303315049e-02 -8.6656536953e-02 5.5270025681e-02
1.5247748209e-02 4.4075716137e-02 -1.0205206625e-01 -1.2337448740e-01 7.5550912491e-02 -3.2241053290e-02 -7.4484921024e-02
-9.3763252383e-02 -6.8476069107e-02 1.0004824725e-01 2.7515147580e-01 -1.4756106685e-01 -2.0648111811e-01 2.7243818695e-01
3.2032887183e-02 -1.4407281537e-01 3.1706979384e-02 9.8969987168e-02 2.3333416363e-01 -9.6788231314e-02 1.5339050711e-01
1.4005016072e-02 1.5487832000e-02 1.2371466955e-01 2.8853475457e-01 -7.2299997308e-02 2.5512597138e-02 2.4651198979e-01
1.5388288876e-01 -4.6150551432e-02 2.2945839793e-01 1.5468195409e-01 2.4278697037e-02 7.7954636499e-02 9.5882091268e-02
1.8931202242e-02 -4.0556187686e-02 5.0840318739e-02 1.7168480354e-01 2.3060116575e-02 9.8936206684e-03 1.4193344849e-02
2.1942752928e-01 -1.1094304130e-01 -1.6086047970e-01 -1.9900058125e-01 -1.1219410709e-01 -6.1825409416e-03 -1.9608867664e-01
-2.4498375340e-01 1.7692806556e-01 -2.0241148462e-01 -1.6314826943e-01 -7.9690895462e-02 2.4392599301e-01 -2.0109948098e-01
-1.4027357750e-01 3.2298740371e-01 -8.8159162212e-02 -4.4463934145e-01 5.9920229058e-02 1.9104503179e-01 -2.6272591317e-01
5.1301121661e-03 1.4362661737e-01 1.7123107395e-01 1.9421684430e-01 -1.2613558447e-01 1.8177905122e-01 1.5924885216e-01
-8.7961465832e-02 3.0351890810e-02 -6.7875856656e-02 4.8494054876e-02 -5.9466122355e-02 -1.7121805116e-01 3.5364236972e-02
-4.1394724067e-02 -3.4709533909e-02 -1.2481197016e-01 8.6954554538e-03 2.5124948344e-01 2.1808662144e-01 -1.2381383890e-01
1.1260753830e-02 -2.9715096456e-02 -2.9376682674e-01 -7.4450070896e-02 -6.7591248183e-03 -2.9854830914e-01 -9.1314043842e-02
1.7317791058e-02 1.7937744841e-02 3.5914855672e-02 8.9458518999e-02 5.0635969528e-02 -5.5076035518e-02 1.5035513239e-01
-1.2710304771e-04 6.0459588448e-04 1.9864115005e-01 3.4576571153e-01 -2.2721039060e-02 2.8673397432e-03 2.4184041823e-01
2.5845539459e-02 -7.4672641680e-02 -1.3213584378e-01 -1.4949635867e-03 1.5795694856e-01 7.0233135032e-02 8.5687917131e-02
-1.1432092191e-02 -3.0573263598e-02 6.6874760031e-02 1.1720455592e-01 -4.1573382355e-02 6.4214353368e-02 -2.4561748144e-01
2.8935038679e-02 -8.6984381368e-02 7.7149273225e-02 2.0872402607e-01 -9.9177876401e-03 -4.7373054208e-02 1.2341898374e-01
9.3846464843e-02 -2.2776026693e-02 5.2645198215e-02 -9.0304726255e-02 -1.4975280223e-01 -8.6603701994e-02 -1.2670810267e-02
1.1030491334e-01 -9.9253666689e-02 4.6643816017e-01 4.6248583632e-01 1.7744405998e-01 2.1745675688e-01 5.5100746899e-01
-3.4369875088e-02 -6.1069853284e-02 -7.3233346546e-02 -3.1193989759e-02 1.6074429886e-01 -1.5589193842e-01 -8.0861083328e-02
8.2146429743e-02 -9.1649476158e-02 2.0012888170e-01 5.0180351539e-02 -1.7175143366e-02 6.4798485834e-02 1.7930117349e-01
2.9414436586e-02 7.1358928997e-02 4.9507503722e-02 7.7027034504e-02 -7.2148503576e-03 -1.2021917147e-03 2.4230344542e-01
1.6344418840e-02 -1.0255984267e-02 -1.0576973757e-01 -6.2967745773e-02 -9.5030176528e-03 -1.0773367836e-02 -1.5025243296e-01
8.6570149464e-02 -2.8822544931e-02 -1.4408247499e-01 -9.3270378415e-02 3.1386404391e-02 -1.3660673476e-02 -2.8749985209e-01
9.9226517677e-03 -3.3047795766e-02 1.8027800624e-01 1.3466833224e-01 5.1921058152e-02 2.5429262433e-02 7.8104188150e-02
6.2895350405e-02 5.2080969514e-01 8.1976547208e-02 1.1043282595e-01 -1.5445565320e-01 -1.5013400580e-01 -2.6093878251e-02
-7.3354985755e-03 -1.1965724379e-02 1.9976515783e-02 -3.6734732842e-02 -3.1997601518e-04 -3.2125690885e-02 -1.3273652097e-01
-8.2782130367e-02 2.1832100328e-01 1.2629827056e-01 2.0727638427e-01 -1.4312612855e-01 2.2228906242e-02 1.9601620686e-01
3.0503932727e-02 4.5954989499e-02 8.9307768830e-02 2.5243114561e-01 -1.9006601907e-02 9.8298186043e-02 2.5386648449e-02
-2.0950354383e-02 3.7836696755e-03 9.4058721102e-02 2.0925771174e-01 2.0785018226e-02 4.4041488810e-02 1.2369488943e-01
-1.5382823469e-02 -5.3486910045e-02 1.1391412078e-01 2.2302429799e-01 -8.5971201418e-03 -3.0355976299e-03 1.0099042372e-01
6.7109535243e-03 -1.9638676762e-02 3.8321812227e-02 8.9358565282e-02 3.8533461826e-02 -2.0471530155e-01 1.2776204097e-01
2.9412371041e-02 -1.1445989694e-01 -6.1701421858e-02 -2.4687695259e-01 3.5737800335e-02 9.3997061346e-03 -3.6559408107e-02
-3.7800158261e-03 -5.9047359406e-02 -1.1393303860e-01 -1.1438370149e-01 1.6266216438e-02 2.0706093419e-02 -1.0475097633e-01
-4.5312138335e-02 6.3236933673e-02 -1.1835047428e-01 8.0359640354e-02 -1.3279678460e-01 -2.1661928065e-03 -1.1195249060e-01
-3.4384969522e-03 1.9493349399e-02 -1.6278563239e-01 -2.5527423746e-01 3.2978553045e-02 -5.4081109322e-02 -2.3977593305e-01
-7.2767836806e-02 1.2428479016e-01 -9.9524715084e-02 3.5531341390e-02 -1.4548190265e-01 8.5013137632e-03 6.5109704097e-02
1.0914077394e-01 2.1637134920e-02 -4.2201946653e-02 -1.6910334114e-01 1.3583752302e-01 -4.4197661454e-02 7.7751091025e-02
-4.5586725768e-02 2.5716351750e-02 1.2316231473e-01 2.7211440839e-01 -3.5912750445e-02 -2.0774877257e-02 2.7423553900e-01
7.0658404807e-02 -7.4345268168e-02 -4.2651618646e-02 -1.6069771670e-01 5.9724723970e-02 8.6136883919e-03 -1.6884370293e-01
-3.6275357904e-01 1.8940517795e-01 1.2406753330e-01 1.0859797038e-02 -5.3693722770e-02 -1.1318641435e-01 1.5267804038e-01
-2.4582417582e-02 1.2680745324e-01 1.8541399730e-01 1.3512401196e-01 1.5454270959e-01 1.1107963258e-01 1.1477884133e-01
-1.0043748272e-01 -7.5113678489e-02 -5.0451802589e-01 -3.6005534496e-01 2.9178146831e-01 -3.9694316518e-01 -3.2715468893e-01
-1.8985828525e-02 6.1467352329e-02 -9.5397786256e-02 -1.6106628491e-01 -7.0568919911e-02 6.0203838045e-02 -7.4437284999e-02
-7.4644888202e-02 4.5949650277e-01 2.2816388200e-01 1.1827483242e-01 -6.3381071848e-02 1.0485556868e-01 2.9870440354e-01
-3.7686626054e-02 6.3792373163e-03 -3.0643624969e-02 -1.3986516575e-01 -1.8287857990e-01 7.3864526886e-02 5.6143502077e-03
8.4103973586e-02 -3.2050380849e-02 1.1346909789e-01 5.7831208060e-02 -1.2528334186e-01 -9.8793481363e-02 -2.7920858393e-02
-3.1835671421e-02 -1.1251309475e-02 -3.3783204265e-02 1.6212328381e-01 -7.0455447281e-03 -1.8998424094e-02 -4.6192452790e-02
5.2786690488e-02 -2.2139701817e-01 1.6160330887e-01 -3.6764034861e-01 -2.0686438746e-02 -4.0015172631e-02 -2.4217962958e-01
1.0242201242e-01 -1.8788286117e-02 1.0911010672e-01 9.1118173550e-02 7.2155561789e-02 -7.1795601766e-02 -9.4891435971e-02
-3.8198868076e-01 -8.8836183123e-02 -2.1053681912e-01 -4.1209464359e-01 -3.0595472184e-01 1.2797155406e-02 -5.7835622862e-01
-2.8536629994e-01 -9.9641288769e-02 -2.6682554805e-01 -5.0036959293e-02 -2.6271194387e-01 -1.6282148233e-01 -2.8297268049e-01
3.4862434221e-02 -5.4711032902e-02 -7.0233573278e-02 -2.2674558672e-01 -9.2437931129e-02 3.9349538936e-02 -1.5129751024e-01
-2.2804978004e-03 -8.6991175394e-03 -8.2579428157e-02 -1.6299624594e-01 5.6612712392e-02 8.4613954038e-03 -1.1046793262e-01
-1.5513391977e-01 8.9191073994e-03 -2.7413939139e-01 -4.4411075250e-01 2.9877654727e-01 -6.8585568982e-02 -4.3980028315e-01
6.4311807026e-03 6.7077057354e-03 6.0886682613e-02 4.7207667117e-03 3.2058851931e-02 3.4375135034e-01 1.1324395451e-01
-5.4899809712e-02 6.0966443469e-02 2.3405514786e-01 1.4193892059e-01 -1.3490004022e-01 -4.7800315905e-02 1.7866680674e-01
-1.5015541972e-02 -3.6593914993e-02 -9.4941983069e-02 -1.0457758900e-01 -1.9212367001e-02 4.9019205814e-02 -9.7051369589e-03
6.8860609441e-02 -3.9574653288e-03 -1.0864634965e-01 -1.9943711893e-01 -1.5514529595e-02 -6.2095138997e-02 -9.6195460588e-02
-6.8375150310e-02 5.4584077881e-02 4.1463954126e-02 1.3387957781e-01 -2.5862755863e-01 -2.3961849523e-01 -1.5289551794e-01
-7.1175891652e-02 -1.5992236322e-02 1.4946905414e-01 1.5935493696e-01 -7.0441994585e-02 -2.8216406431e-03 7.5483895166e-02
1.7895002252e-01 -4.0848683047e-01 -3.7992186932e-01 -2.1976083056e-01 5.6838815573e-01 -1.1838424269e-01 -4.5017366728e-01
-3.4864340801e-02 9.4253510630e-03 9.5983169366e-02 7.3747908432e-02 2.4263276382e-01 -4.5477118471e-02 7.8711984190e-03
1.7871178889e-01 -2.0965807900e-01 -4.6469312062e-02 -1.7138524040e-01 2.7158749440e-02 3.9952387325e-02 -1.8421966986e-01
-3.2288668493e-02 5.0427972575e-02 -1.8691275490e-01 -1.4683411580e-01 5.6314152178e-02 -4.3615836435e-02 -2.0832235948e-01
-1.1242350081e-01 1.0643069426e-01 -9.7598256396e-02 3.1047779903e-01 4.4067496657e-02 8.5467677807e-03 3.3236078514e-02
-2.1550526752e-02 8.2091446080e-02 2.2669313499e-01 2.0887040300e-02 -3.2550897395e-02 -5.7518007712e-02 7.7934522634e-02
6.3723500991e-02 6.3297862801e-02 1.1992936038e-01 5.0821245003e-02 -9.6675866925e-03 -9.2109353606e-02 -1.5616754893e-01
1.5552931580e-01 -3.6158691773e-02 -3.3893839387e-01 -3.0732883103e-01 -1.8280832496e-01 -7.4654258531e-02 -3.2352181222e-01
-1.3747437634e-01 -6.7395942969e-02 5.0948931165e-02 1.1960496980e-01 6.6351805355e-03 -1.2056873347e-01 7.0763912812e-02
-3.4815325202e-02 3.4938891056e-02 -1.6521935603e-01 -1.9241964634e-03 -5.0100637938e-02 6.8558036325e-02 -1.8952884120e-01
-1.6519364890e-02 3.5426295120e-02 -6.4741640938e-02 -1.0009170169e-01 -1.2593021719e-01 5.4301688542e-02 1.1448698284e-01
1.2849288225e-02 -2.8219793919e-03 -5.9644708737e-02 -2.1040571046e-01 2.0891622487e-03 -2.3011942800e-02 -1.7590127400e-01
5.2468462648e-02 8.5451142788e-02 1.2083149927e-03 1.3191909680e-01 4.0216659990e-02 -5.5302790047e-02 2.1423985278e-02
-1.0527426727e-01 -4.0581197737e-02 1.3062894272e-01 1.8799086012e-01 -1.0542186708e-02 -1.4443059497e-02 2.5493624453e-01
-7.7611240423e-02 -1.0844740374e-01 1.7234592073e-04 6.2314072776e-02 -1.5061965069e-02 8.2941489368e-02 7.0780840814e-02
-1.6082020431e-02 -6.8220613443e-03 6.8236898066e-02 1.7571746225e-01 -2.3284782662e-02 -1.7692420095e-02 6.1446425914e-02
1.9656216244e-01 7.2693865091e-02 -2.1187616958e-02 -1.5844045782e-01 -2.7330093159e-02 -1.7598951983e-02 -9.2436457831e-02
2.8862208687e-02 1.5563814026e-01 -5.1920790921e-02 -1.9830520288e-01 -2.0634179267e-01 9.4643414979e-02 -6.8347003308e-02
-3.3214793275e-01 1.8316137212e-01 5.4302514446e-02 7.0503452045e-02 1.1096908583e-02 1.2265670417e-01 2.5649522388e-02
-1.3898520669e-01 6.1086257047e-02 -1.0271429176e-01 -1.1843431463e-01 1.4291886007e-01 -2.0597765469e-01 -1.2178161419e-01
2.1053799902e-02 5.0208342005e-02 9.6629518470e-02 8.6189421104e-02 2.0158122941e-02 -6.4076747384e-02 1.6625299489e-01
-1.9404664017e-01 -1.2192155125e-01 3.6036581913e-01 2.9214287462e-01 -1.8841046988e-01 1.6350999349e-01 2.0306278654e-01
-1.4187334252e-01 -6.8576765758e-03 1.6135744213e-01 5.0234232696e-02 -2.2820151455e-01 -3.0579977586e-01 1.5718402668e-01
-7.8365011054e-02 -3.3283618358e-01 5.5822673190e-02 -1.7976245854e-01 3.8078499956e-01 -3.0849698513e-02 -2.0977776908e-01
5.4548156769e-02 3.1329780131e-02 -1.3000441316e-01 -8.9851145921e-03 -9.0409803273e-02 1.6596746480e-02 1.2543995364e-01
-7.7942270020e-02 1.0115162116e-02 4.2339070747e-02 -1.3873715783e-01 1.6218892223e-02 -8.5974260487e-02 -1.6100695518e-01
-1.4852996114e-01 8.5157763537e-02 4.3534945071e-02 3.3371827184e-02 1.9981525806e-01 -1.1166339851e-01 3.2256442559e-02
5.1071901133e-02 1.0352001297e-01 -1.5611879025e-01 -1.7880200387e-01 1.8894836025e-01 -4.6452334796e-02 -2.5802153396e-01
3.0253067847e-02 2.6787239728e-02 1.5524921925e-01 4.2393585109e-02 -5.9784209429e-02 6.1209375933e-03 6.2345013545e-02
6.3975980807e-02 1.1631221681e-01 7.3529141807e-02 1.3617991834e-01 3.1660917165e-01 6.8816035886e-02 -3.8931963052e-02
-1.7407034563e-02 -2.9770797280e-02 -3.3695644567e-01 2.7886648988e-01 5.4817360602e-02 -4.0335808350e-03 -5.5261381607e-01
2.0457392767e-02 -4.3655649112e-02 1.0302665410e-01 8.1564644539e-04 1.0814535103e-02 -3.0081121630e-02 1.2980008451e-01
2.0043712974e-01 -9.4071517019e-02 -6.8866068366e-03 6.6241807646e-02 -5.9151680169e-02 -4.4558211773e-01 1.4077976361e-01
8.6030460662e-02 1.4887393079e-01 2.1446050746e-01 5.0376773984e-01 7.8012944807e-02 -1.6578296992e-01 2.7508472563e-01
9.2841814622e-02 -3.9513205892e-02 -2.0185297239e-01 -1.5840450846e-01 -4.9107507994e-02 4.3369256451e-01 -3.4490118104e-01
8.0018992471e-02 -2.7620413436e-01 2.2312305977e-01 2.9921718268e-01 9.2728399678e-02 1.9715959427e-01 2.7411830947e-01
-9.0850902177e-04 -5.4110842393e-02 3.2145505255e-01 2.6722224588e-01 -7.6887866264e-02 1.9978294325e-01 2.5775607559e-01
-6.8369698364e-02 2.6821206233e-01 2.2116858124e-01 5.8479247983e-02 -1.8103472118e-01 -6.7234370311e-02 9.4093375172e-02
-7.7523693102e-03 -2.5474935655e-01 3.8365922551e-02 -4.6702262486e-01 -1.8211858519e-01 1.9691557100e-01 -3.1135257968e-01
4.4155358591e-02 -5.8746333048e-02 2.2735582102e-01 2.5083302351e-01 2.6078703742e-01 2.7917485526e-03 2.0425045448e-01
9.8729292621e-03 3.6576985272e-02 -1.0626894059e-01 1.0059274746e-01 -2.8574400544e-02 2.9718913062e-02 -5.4778454216e-02
1.4717183817e-01 -3.4314173409e-01 2.0333539618e-02 -8.1817594249e-02 2.6602163987e-01 3.2429291043e-01 -1.7600438998e-01
-6.0293596484e-02 -1.9303660360e-01 1.0723945537e-01 1.0892228806e-01 7.8924385458e-02 -1.2441977212e-02 -3.3082506894e-02
-1.2296575064e-01 -1.4887736723e-01 1.3412099502e-01 -1.0597735234e-03 -1.0354435806e-01 8.2986837846e-02 4.0647682708e-03
1.3023875297e-01 1.5736836603e-01 -7.5411265858e-02 -2.8749807400e-02 -4.6545761232e-02 -1.0722284736e-01 -1.1471752773e-01
2.2503461270e-03 8.3432340015e-03 -9.9386763006e-02 -2.3866415833e-01 7.1618326630e-03 9.3462162697e-04 -1.4931882455e-01
-1.6235296603e-03 3.1765775141e-02 -7.9464345076e-02 -2.2718491953e-01 3.1250802666e-03 2.3189291934e-02 -2.5591872020e-01
2.0267317932e-01 3.4137533272e-02 2.3002474575e-01 2.5342596622e-01 -4.7368940090e-02 1.3507763472e-01 2.1037025897e-01
-2.7156874415e-02 4.9099129388e-02 -3.3922460767e-02 -1.3507888922e-01 -2.2578672391e-02 -2.9050784487e-02 -5.9646817747e-02
-2.4177757692e-02 -3.3165711233e-03 -3.4689647146e-01 -1.7077804995e-01 3.1660685190e-02 2.9442417077e-01 -1.8300094528e-01
5.3997770552e-03 1.7958044671e-02 1.5394248561e-01 3.0256703924e-01 -2.6694649952e-02 5.7768396544e-03 1.9849017894e-01
-2.3405208357e-02 -1.6582283071e-02 -1.1600223640e-01 -1.5829929867e-01 -1.5506377978e-02 -8.6665701700e-03 -6.5788958284e-02
3.1260632505e-03 2.4543437987e-02 7.1727735514e-02 1.7938916411e-01 -5.5226314855e-02 6.2776069768e-02 2.4497515763e-01
-2.0888345198e-01 6.4202128174e-02 -9.8319494542e-02 1.4523626448e-02 1.4967513113e-02 8.3476990812e-02 -2.8106025626e-02
1.5794457815e-02 -2.8929044464e-02 -1.4597282882e-01 -7.0808174823e-02 2.7107115225e-01 8.0956649418e-02 -1.6768462290e-01
1.0026179948e-02 7.5283749667e-03 -8.4768082210e-02 -1.1907396494e-01 1.1569897678e-01 -2.4035129938e-03 -2.8579123067e-01
2.6231747090e-02 1.6934302274e-01 -1.2756734183e-01 -1.9877294355e-01 -8.1848775146e-02 -9.6286151381e-02 -3.1427150614e-01
-5.5154232759e-03 3.3702366860e-02 3.8242234521e-02 -1.4483704484e-01 2.1310053979e-02 -1.1546181610e-02 -5.6255747517e-02
1.8235273077e-01 -8.4317560822e-02 -1.5973926458e-01 -1.0338569232e-01 -1.1991081079e-01 1.0118976415e-01 -1.6326818271e-01
9.2227709467e-03 -2.5159772673e-03 -8.0928788486e-02 -1.3425544742e-01 1.3547573607e-01 4.6030392368e-02 -5.4226237868e-02
-8.7755726277e-02 1.5568931120e-02 2.7856931523e-03 1.0190899227e-01 -1.7708934635e-01 1.0903313280e-01 2.3097869329e-01
-6.8864131721e-04 1.9790097361e-02 9.5672387835e-02 2.1119304298e-01 -3.1617713976e-02 2.2711950591e-03 1.1843638775e-01
-6.0401104414e-02 7.0520930529e-02 8.8958429330e-02 1.1413463368e-01 -6.4724588250e-02 1.4967051498e-03 6.6014680615e-02
-1.3313540551e-02 4.4180961872e-03 -1.7404206368e-01 -1.7444917742e-01 -1.9744790273e-03 -5.2673514951e-02 -6.5725236566e-02
-6.5837910752e-02 1.1560953562e-03 -1.3587761606e-02 1.7882506011e-01 1.0344982263e-01 1.2772056928e-01 -1.0632736330e-01
6.4349690601e-03 7.4903178320e-03 -7.2633666435e-02 1.6749281724e-01 -3.5223457594e-02 3.6620798876e-02 3.5812207602e-02
-5.5484930805e-02 -3.0304287490e-04 1.8683588000e-01 -2.6857591128e-02 2.7545282831e-03 5.9649528662e-02 -1.0331156451e-01
5.4546795439e-02 -1.1474085084e-01 -1.7318794691e-01 -6.9153689787e-02 -1.3016773095e-01 2.0939593396e-02 -1.7749746343e-01
-7.2158964581e-02 -4.5657884973e-02 5.7049262486e-02 1.0853928118e-01 6.9899720414e-02 6.8542693383e-02 6.5918234249e-02
2.6890902814e-02 4.5171752334e-02 9.3825432686e-02 1.1312485946e-01 1.2875107164e-02 7.6408060059e-02 3.4900161660e-02
5.4097544601e-03 1.1218299793e-01 -4.8985286914e-01 -2.0067031982e-01 -1.9446934110e-01 -8.6016869518e-02 -1.6622027283e-01
3.7558628031e-03 3.2157142391e-03 7.5981966062e-02 1.9985671930e-01 -3.3250110336e-02 5.9307697007e-02 1.0793852169e-01
2.4131793522e-01 7.7171170776e-02 -6.6785449212e-02 -4.1416971705e-02 3.9411233938e-02 -3.8982495502e-02 2.2287325109e-02
4.8125928838e-02 1.1927170237e-01 -1.2824066559e-01 -1.7737735707e-01 2.7580660995e-02 -1.1044774086e-01 -6.0893214470e-02
-9.8933951837e-02 1.5948509550e-01 -7.9647412100e-02 2.2624925543e-01 -1.0593925494e-01 -7.1605644191e-02 2.2151847658e-01
7.7991210758e-02 1.1185491515e-02 -3.5619685836e-03 -3.2585688378e-01 1.0034751008e-02 2.5365340516e-02 -9.5768806477e-02
-2.2763364356e-02 2.2545791418e-02 -1.4704013056e-02 2.7262906139e-01 -1.2074943160e-01 5.6888301960e-02 1.3205273887e-01
1.2042919727e-02 -3.9269500907e-02 -1.0766309509e-01 -1.2534420100e-01 2.9238707303e-02 7.7802690155e-03 -1.4515553052e-01
-1.4752605099e-02 2.8106284517e-02 2.8205607210e-02 1.1936175080e-01 3.0964250265e-02 6.4510044155e-02 3.3297754365e-02
-1.1449342651e-01 6.2235909647e-02 1.6273329309e-02 -1.9262235523e-01 1.1582431791e-01 5.1906039983e-01 -3.8452405689e-01
-1.7566747157e-01 -4.6864236360e-02 4.9639342134e-02 -1.9798864472e-01 1.3240536947e-01 -5.6637394532e-02 -3.6010346854e-02
4.6495012791e-02 -6.0951506241e-02 6.5019023955e-02 -8.3042000163e-02 2.9090108318e-02 1.2028369296e-01 9.7346763346e-02
-8.0778658938e-03 -3.2984002409e-03 8.4800411032e-02 -1.0067065534e-01 -1.3059526593e-01 9.3067805812e-02 1.9555365784e-01
-1.6597292743e-02 6.5755262295e-02 -6.8870265837e-02 -6.2871740086e-02 1.7222196722e-02 -3.1064162887e-02 2.0853780001e-01
3.7129030024e-02 -3.6045747004e-02 -9.7881765926e-02 -1.5400910940e-01 7.0864662087e-02 2.5572892581e-02 -2.9894720689e-01
7.2006066447e-02 2.2704532461e-02 4.5771043452e-03 4.7545553333e-02 3.5206278402e-02 -3.8370353755e-03 7.7304472181e-02
-8.5185525216e-02 4.3971195391e-02 7.2845657523e-02 1.2684810469e-01 -7.2984818347e-02 1.3400476850e-02 1.0648785211e-01
2.3234668945e-03 1.2432585048e-02 7.3500674437e-02 2.8098907055e-01 -5.2873664095e-02 1.7499701016e-01 1.9412824690e-02
1.2237835026e-01 -8.4577769913e-02 7.8271764252e-02 1.3062283264e-01 -2.8085554949e-02 -4.6495010007e-02 5.1706917665e-02
1.2207170569e-01 -4.2427871866e-02 1.4363651414e-01 5.8476292141e-02 4.2386604779e-03 5.4534508997e-02 3.1971303109e-02
7.8931728502e-02 8.7776000157e-02 9.5866913247e-02 2.5448190256e-01 -8.9272319967e-02 -3.2385382110e-02 1.0432976600e-02
2.1095528976e-02 8.0072987892e-02 -4.7914327442e-02 -1.7017741605e-01 -1.0764172055e-02 1.1482114102e-03 -8.9366016634e-02
-1.2584870185e-02 -1.2023198506e-01 -9.3162365326e-02 1.3432116295e-01 5.9063789626e-02 4.2689430801e-02 -2.4009292292e-01
8.8324107574e-02 -2.2136368391e-02 -8.8777688240e-02 -1.7159737812e-01 8.9517558556e-03 1.1326589801e-02 -3.1419359287e-02
2.1289958923e-02 6.3122372210e-02 -9.4353495746e-02 -4.0980549237e-02 -4.9681445480e-02 -2.2692064603e-02 -1.0961106134e-01
-1.5015331949e-02 4.9636927638e-03 -4.4752685768e-02 -1.0478572077e-01 5.2500509919e-05 -1.2144649286e-02 -9.0201404262e-02
8.2370942488e-03 4.8630514487e-02 1.6380400066e-03 -1.1698308122e-01 -3.8718420601e-02 -5.4956870574e-03 -1.4538868432e-01
3.9028371311e-03 -5.7631931017e-02 -2.2007813354e-01 4.8725998093e-03 9.7788432385e-03 -1.2380168136e-01 -1.8883735191e-01
-1.4277821589e-01 9.7490534465e-02 -5.1969554248e-02 -5.7649915947e-01 -2.4002764551e-01 2.4173931035e-01 -2.9933020742e-01
5.7414002185e-02 -2.6879944946e-02 -1.2730816354e-01 -3.9066384272e-01 -9.7873928846e-02 1.2925890678e-01 -2.4749591319e-01
-8.1275855457e-02 4.6730373775e-02 1.0547222589e-03 2.7275355341e-01 6.4622075491e-02 2.0589617462e-01 -1.0285447976e-01
