-5.9360874305e-01
-5.1586969398e-03
-1.3962820494e+00
6.9240464519e-01
-4.3938156321e-01
-7.4799260020e-01
4.5177482169e-01
-1.7194320134e+00
-1.7414988230e+00
5.4269349207e-01
8.3515061518e-01
3.5673769683e-01
4.9154026849e-01
-1.0799752801e+00
7.4772613096e-02
-8.0803512754e-01
-3.2989796757e-01
-1.2977849619e-01
1.1312684344e+00
-1.0063389120e-01
1.0728928077e+00
3.1718640795e-01
9.5000939117e-01
-2.4820252506e-02
-1.0745615802e+00
1.2893117378e+00
2.2636811614e-01
-1.2024062666e+00
-1.3757959259e+00
-3.9301567020e-01
-1.0110686866e+00
9.6647376139e-01
-1.0719020374e+00
-1.3950342948e+00
-1.0455118441e+00
-7.7601763982e-02
3.4669853533e-01
-9.0259703424e-01
-5.8916150934e-01
-3.5208759267e-02
8.1759987865e-01
5.5709442068e-01
-9.0359927253e-02
8.3517393961e-01
-7.2719684861e-01
5.9794311662e-01
-2.1306493438e+00
1.0924989411e+00
-5.2957058663e-01
-1.1407764750e+00
-6.1770897114e-01
2.1398571721e+00
3.2009624244e-01
1.1911771147e+00
-8.4391410644e-01
-3.3872269441e-01
-1.1544270220e+00
2.6260614704e-01
-5.6869263403e-01
-1.1532017607e+00
-1.2073347346e+00
-1.2623026078e+00
2.4596457278e-01
-2.1321204743e-01
2.4625493677e-01
-8.6547205717e-01
-2.0402111809e+00
5.0761704530e-01
1.2983928163e+00
5.9299763765e-01
4.3163079154e-02
1.9195514387e+00
-2.4915747845e-01
4.4814732634e-01
1.3864701380e+00
-2.4622547749e+00
-1.3228499085e+00
-1.2574202849e+00
-1.8271072447e+00
1.2978453252e+00
-4.2799582954e-01
9.5075898926e-01
-4.2711919111e-01
-5.8103146199e-01
-3.0305360809e+00
1.4453533157e-01
-5.7481838656e-01
-3.0079180380e-02
-2.7531796445e-01
5.7447428017e-01
7.7083672201e-01
1.5258715846e+00
1.6089930895e+00
1.2292676356e+00
1.1794056126e+00
4.0904415217e-01
5.6342935095e-01
-1.1412485874e+00
-1.3532450668e+00
2.6193773782e+00
4.6487512553e-02
1.4580045701e+00
-1.2221387782e+00
-9.3254997133e-01
1.0254467395e+00
-6.4808466962e-01
-7.8743501120e-01
1.0250627027e+00
2.2527966604e+00
-2.9794385528e-01
3.0703687385e-01
-1.7846936667e+00
-7.8264945092e-01
9.1178003806e-01
1.2279975848e+00
-5.7425822337e-01
-3.7911354290e-02
-1.3002777346e+00
-2.4115917037e-01
-1.8910492731e+00
1.0236890923e+00
-7.5500884433e-01
-3.9377199848e-01
-1.1639782841e+00
4.1385604220e-01
-2.4127929122e-02
4.6817863321e-01
1.9848821463e+00
1.2335707476e+00
7.3712324249e-02
7.5248621749e-01
1.4458620808e-01
-7.5345466544e-01
1.0054531012e+00
-5.5541754436e-01
-1.2264202673e+00
-3.8125862320e-01
7.8370583077e-01
-5.5050552203e-01
1.3086353323e+00
1.1624329820e+00
-2.5454928803e-01
-1.1384150870e-02
-2.4571876525e-01
-4.0538841096e-01
7.1662050346e-01
1.7987072422e+00
-8.7250652254e-01
-2.3658407170e-02
5.7499648222e-01
-7.1378283404e-01
-5.3450715050e-01
1.0216676401e-01
1.8789930466e-01
-6.0601288173e-01
1.5613008959e+00
5.2879303287e-01
-1.6387452828e+00
-3.2865715350e-01
4.2499361327e-01
-1.8793794333e-01
-1.3253991531e+00
1.1467396787e+00
6.7484210724e-01
-1.0487925525e+00
-2.7174162642e-01
-1.0344507566e+00
-2.2629860596e-01
-1.6994981858e-01
7.0899918891e-01
1.0765126175e+00
6.3015432918e-02
-1.7629539569e+00
-1.5248351045e+00
1.3528264418e+00
-1.7320642164e+00
-5.1479954578e-01
8.3811676168e-01
-3.4508289420e-01
-9.1858928700e-01
-2.8221043743e-01
-1.0385638479e+00
3.3588186023e-01
1.4052339892e+00
4.1920256352e-02
-5.3514915090e-01
8.7856291897e-01
4.7455952760e-01
9.0518529873e-01
