1.6921757193e+00
-5.1729543870e-01
-1.9252938003e+00
3.2016571544e-01
-1.6688793788e-01
-1.2376459650e+00
-3.6725847199e-01
5.6007886112e-01
2.3627838920e-01
8.7211264128e-01
-8.8771139003e-01
5.1778964087e-01
1.6143153478e+00
-4.1331445733e-01
-8.3026931261e-01
3.0303868846e-01
1.6638303892e+00
-3.5878385804e-02
3.1593200131e-01
2.9601107112e+00
1.5565049409e+00
-4.6529475213e-01
-7.4390514184e-01
-4.9174251264e-01
4.4794622920e-01
1.9308677884e+00
2.4636104144e-01
-8.1891629111e-01
-1.2798616120e+00
-9.9180623873e-01
1.6810149254e+00
4.6038713956e-01
4.8174762705e-01
-1.1783415132e-01
1.4345754906e+00
9.2102199000e-01
-1.3839419441e+00
-1.5503922799e-01
-6.9349969004e-01
1.1599215986e+00
-1.2030063284e+00
-1.8278060322e+00
4.2320518900e-01
-8.1310099685e-01
5.3785731869e-01
-2.9373231888e-01
7.2185843791e-01
-3.0896620877e-01
1.3893602433e+00
1.2286368332e+00
-2.6602144090e+00
7.3244885176e-02
1.2786766655e+00
-3.2505400756e-01
-6.1872573311e-02
-1.4077502721e-02
1.7659972287e-01
-5.0979891198e-01
-9.5986294124e-01
-1.1934825548e+00
1.7944999002e+00
3.6243873886e-01
1.5510744485e+00
-3.4242510893e-01
1.6903580794e-02
8.7139432716e-02
2.5387102490e+00
-9.4190786264e-02
-1.6138424352e+00
-1.4445522446e+00
-1.8055675492e-01
-1.2091050324e+00
3.1385202123e-01
-1.3437945644e+00
-9.1810781146e-02
-9.9477597214e-01
-1.5169020723e-01
-7.7328247106e-01
8.3046312772e-02
-7.1188927625e-01
2.3776715639e-01
9.9610198323e-01
-2.4329783342e-01
-6.3982542041e-01
-2.1164602769e-01
6.3761923937e-01
5.6651270029e-01
-1.6826040865e+00
-4.3699653318e-01
-3.9016724293e-01
3.7866749879e-01
1.2517366324e+00
1.0280070382e-01
8.3367874474e-02
6.3163373802e-01
-8.0019268014e-01
-8.4860493401e-02
-3.9318174007e-01
1.0395375445e+00
2.5600430210e-01
-2.7256532556e-05
5.2057445436e-01
-4.5984427185e-01
-5.8614454085e-01
2.0266529385e+00
1.0573580703e+00
9.8348336263e-02
2.7308760960e+00
4.6661999478e-01
2.4102098204e-01
1.6863216327e+00
-9.6349558711e-01
3.0445323412e-01
1.1659523410e+00
-2.2711552491e-01
1.0332989793e+00
-2.3470452275e-01
1.3562714861e-01
1.0514008431e+00
-1.5138411679e+00
-2.2488531161e-01
3.4573174766e-01
3.0281828229e-01
8.1229495570e-01
-8.5771837541e-01
-5.2600975255e-01
4.5861021618e-02
-1.7642700022e-01
1.2510368878e+00
-7.3681831722e-02
-1.5315250020e+00
-5.2532813947e-01
2.3579605126e-01
-3.9927582722e-01
1.6491457322e-01
9.4510536245e-01
-1.8424856988e-01
-2.0413990509e-01
-7.6304034437e-01
1.9951164591e+00
2.7419710442e-01
-2.1732517911e+00
7.3649657615e-01
-3.7715031594e-01
1.9923469554e+00
-7.6829022183e-01
9.8801620489e-01
-3.7242887618e-01
-4.0454902141e-01
-5.0606007894e-01
-2.1336145823e-01
-1.7093882119e+00
-3.7215236561e-01
8.3236013381e-01
-7.4130459274e-01
-1.1478875994e+00
6.5732405088e-01
8.4357519909e-01
4.7712500929e-01
1.5382810261e+00
-1.0925127925e+00
1.5068922066e+00
6.7271780036e-01
-4.8877195823e-01
1.7713386106e+00
-2.2881357320e-01
6.9365748520e-01
3.9589519657e-01
1.5378769737e+00
5.9722516402e-01
3.6660651072e-01
-1.4959198417e+00
1.2656647853e+00
7.8178634123e-01
-2.0934176606e+00
1.2383348449e+00
1.1323480249e+00
2.0077964218e+00
3.3673407420e-01
-2.7248315466e-01
-4.3324685503e-01
-1.4907924137e+00
-9.2762965665e-01
2.9895352447e-01
-1.8252309204e+00
1.9267820575e+00
2.4749356458e-01
-1.6428680747e+00
3.7654455645e-03
-2.6000973925e-01
-4.3913924108e-01
1.7012951751e+00
9.3865102116e-01
-1.8657425643e+00
8.4831607239e-01
-1.2777674648e+00
-1.0672623844e+00
3.1700331757e-01
-5.5517140754e-01
-1.3300015354e+00
