-2.6025072461e-02 1.3881926031e-01 -6.2003712886e-02 -1.8663831427e-01 -5.8623210126e-02 -1.8499126714e-02 -5.9629896082e-02
7.7077788041e-02 1.7438065837e-02 -1.9113123982e-02 2.1483989356e-01 -1.8757312045e-02 -5.5912174148e-03 1.8145181710e-01
-3.3689586751e-02 -6.8448230654e-03 -8.5249957112e-02 -3.6178133818e-03 -4.2555782029e-03 -1.3261378817e-02 -1.1575454528e-01
-2.7534451152e-01 1.8664006981e-01 8.5196722361e-02 1.3265281479e-01 -4.7354867853e-02 -1.3384882845e-01 1.4315895109e-03
1.7069220713e-01 -1.0880537616e-01 -1.7182978946e-01 -3.2444279686e-02 -1.0921034021e-01 -1.7057813214e-01 -6.2653229255e-02
-5.5074682663e-02 -9.8415500531e-02 -8.8976899346e-02 3.9870112560e-02 1.2121714228e-01 1.0656344668e-01 -1.3331394185e-01
-2.4566222755e-02 5.8823596047e-03 1.1081156132e-01 2.2439709687e-01 7.4953116653e-02 1.1098764327e-01 1.1455698804e-01
4.4853446215e-02 4.1654024411e-02 5.3248360810e-02 1.7207193868e-01 7.2198901567e-02 -9.3290959931e-03 7.1192406571e-02
-3.7078819773e-02 -2.1079953945e-02 -1.3535421904e-01 -2.6340470920e-01 -2.2376552513e-02 2.9360052179e-02 -2.1016126469e-01
7.7793299437e-02 -1.1230985314e-01 3.5816182843e-02 9.5349109708e-02 9.1137123593e-02 -1.9755759031e-02 1.7636634553e-03
-4.7144066629e-02 -7.6046425084e-02 -9.4778065423e-02 -5.3894469060e-02 1.1509547401e-01 3.7725480223e-01 -4.9512327730e-02
6.2186616371e-02 2.5318564955e-02 -8.4677921382e-02 -9.0685157581e-02 -3.7656131183e-02 -1.0047710609e-02 -4.1950797273e-02
-5.8266395577e-02 9.4774065451e-02 1.4771704995e-01 6.2281930242e-02 1.1681814885e-01 9.9759084395e-03 1.4252067605e-01
-1.1520619284e-01 -7.8194423467e-02 -2.3610244307e-02 -2.4997137466e-01 -1.1866227114e-01 3.3213976378e-02 -1.1167530122e-01
2.3533664253e-01 1.0266766460e-01 -9.0627178188e-02 -3.7389884036e-01 9.7507443944e-02 1.4100959942e-02 -8.4032471537e-02
-3.2875606844e-02 1.8384704544e-02 -3.2907984300e-01 -3.1780207401e-01 -1.8614990611e-01 3.2169611267e-02 -2.3777603233e-01
-7.6808067477e-02 9.4342961571e-02 -1.1141259372e-01 1.2604377792e-01 -2.0403555717e-01 -6.7649466321e-02 -1.7455842355e-02
5.8857547476e-02 1.2747553074e-01 -1.1042507831e-01 3.9622580502e-02 1.0833210363e-01 9.0537263123e-02 -1.5313760156e-01
-2.7748196665e-02 7.9607146658e-02 -3.4959893625e-02 7.9303953457e-02 -7.4929459670e-02 -4.9864554089e-02 -2.2700822003e-02
2.2180703102e-01 1.2844343256e-01 9.7179591929e-02 -1.1386127243e-01 -1.2664911110e-01 -2.2792175504e-03 -2.0772261769e-01
-5.5959870685e-02 2.4623823794e-02 -1.5513888270e-01 4.8327504905e-02 -1.8885958826e-02 -4.3705669739e-02 1.5677981578e-01
1.1024376768e-01 -2.6537864496e-01 2.4617706313e-02 -2.8712066006e-02 -1.9396378679e-04 1.1927639978e-01 -8.9534903183e-02
8.0408994135e-03 2.0088066573e-02 2.0827178043e-02 5.6406454858e-02 2.9168853428e-02 -1.1591433311e-01 9.4372327369e-02
-7.3409679011e-02 -2.2541841441e-01 -4.3198298367e-02 -3.2837394011e-03 -1.1541884079e-01 4.6703979166e-03 6.0619639372e-02
-1.6282560593e-01 1.4831142958e-01 -4.8038517539e-02 -5.6747980273e-02 -8.8245246911e-02 -5.8063320569e-02 6.2126541331e-02
-5.1793990263e-02 -1.0067035786e-01 2.2338474758e-01 2.0867365392e-01 2.6461873514e-02 -8.9441708343e-03 2.2713594773e-01
4.8238533059e-02 6.9754673853e-02 5.7243341019e-02 -8.5551734567e-02 -2.0127915449e-01 -4.5942696697e-03 2.6106555427e-01
-2.4083940096e-02 9.1494196398e-02 -1.9907003870e-01 6.2847440126e-02 -5.1162479883e-02 -9.7529513434e-02 -7.2795649580e-02
2.2538358171e-02 -1.6251981413e-02 3.2953824062e-03 4.7245325527e-02 -1.1053319374e-01 -1.6366663912e-01 -5.1646284857e-02
-2.0106148573e-01 8.9868320394e-02 1.0117955591e-01 3.0727422509e-01 -1.5910691850e-01 8.4588637703e-02 1.3509654689e-01
-3.1207874996e-03 6.9652507495e-03 -1.1770797855e-01 -6.6816739555e-03 -3.4104799265e-02 -4.7816980037e-02 9.0093553639e-02
6.5503969590e-02 6.6710712815e-02 5.0014309854e-02 1.1290119655e-01 -1.0872190225e-01 3.3934516057e-02 2.0008479269e-02
-9.1671673724e-03 1.4499700196e-02 -7.0502568072e-02 -1.4430942849e-01 -6.8448266433e-02 -4.0802762288e-02 1.6128165841e-02
-1.1681684515e-02 -1.2198696881e-02 -8.2052936628e-02 -1.0314492386e-01 -1.3081067153e-01 -1.3191865311e-02 -1.0999447858e-01
3.9478772882e-03 -6.9069045707e-02 -2.2071491139e-01 -5.2924001129e-02 2.5143624463e-03 -4.0799633130e-02 6.3602379324e-02
-2.0419854524e-01 -1.9905194474e-01 1.8796306832e-01 -3.3220184844e-02 -3.2324242960e-01 -7.0767249575e-02 2.4907887743e-01
-1.6015009477e-02 3.3806730301e-02 1.0529357321e-01 3.5029446989e-01 1.0696881208e-01 4.0745097270e-02 -1.2955527349e-02
-5.3183472676e-02 -1.2893958304e-02 1.3999289311e-01 1.2463063677e-02 -1.3802773034e-02 -2.0934206359e-02 2.1286077768e-02
4.5135506067e-02 8.9607893261e-02 -4.8677247065e-02 -1.1462881380e-01 2.4779761332e-02 1.0542413515e-01 -9.7888439465e-03
7.6828205514e-02 1.3333222066e-02 -8.2702276245e-02 -4.1560097228e-01 -1.5970075533e-01 1.9129056523e-01 -8.5322142781e-02
3.8600835883e-02 -3.2665375124e-03 2.4794948288e-02 5.0446179372e-02 1.0876684054e-01 4.6721364388e-02 7.3633798022e-02
8.5092293934e-03 3.3515213944e-02 3.3022223992e-01 4.2113997450e-01 -4.6316181285e-02 -9.5487418410e-03 5.8913141128e-01
-8.2836898180e-02 -2.5723285493e-01 1.3341560194e-01 3.2885655124e-02 8.4980926437e-02 -1.2012547235e-01 -6.6626153008e-02
1.9695315496e-01 -1.7834992431e-01 1.7886073131e-01 9.2327411139e-02 5.8035438643e-02 8.0217324806e-02 1.2587708582e-01
-5.0026445536e-02 -6.1136722071e-03 2.6297374848e-02 -1.8608113233e-01 2.1361283640e-02 2.5683352095e-02 4.1461581209e-03
2.0441968641e-01 -1.1067239227e-01 1.5151617338e-01 -7.0066479213e-02 1.8110748955e-03 -2.5896868790e-02 6.2782325529e-02
6.6181648299e-02 -1.3194453836e-02 -7.6428536873e-02 7.0365004067e-02 1.7263496744e-02 -1.0989435490e-01 -3.0419073087e-01
1.6988928099e-02 -1.9637226972e-01 8.1893992574e-02 2.0818823457e-01 -1.1078067658e-02 1.8288270171e-01 2.3897953346e-01
-1.7554866314e-01 1.1503004519e-01 4.4197780550e-01 2.4182609437e-01 -3.4130200016e-02 1.4761123571e-01 2.7416794543e-02
4.6515901181e-02 -2.4354466787e-02 1.5054873390e-01 4.8007568961e-02 -4.5535462449e-02 -4.7079320334e-03 -1.4837565020e-02
-5.0163730765e-02 -5.2116075750e-03 -2.9910981294e-01 -1.3420246905e-01 -5.3026699598e-02 9.2528287571e-02 -1.5254913788e-01
3.0908520008e-02 -9.1039053328e-02 -2.2355950605e-01 -5.7219371372e-03 -3.8792033849e-02 -1.4623074999e-01 -2.9952079281e-02
6.6276906269e-02 7.2701627482e-02 -1.9351008859e-01 -8.2583090020e-03 1.7396014993e-01 -8.5213893447e-02 -3.8472743927e-02
-5.9454914651e-02 8.5997936166e-02 1.3594111255e-01 -1.3631493665e-01 1.9199570575e-02 -1.1565010025e-02 1.3067865575e-02
1.4817709628e-01 5.7450283589e-02 8.3377123780e-02 -4.8142730252e-03 3.2139239463e-03 6.9645119622e-02 9.2680701165e-02
1.2290338013e-01 5.8655992954e-02 -8.0663283377e-02 -4.8779469207e-02 6.5173200121e-02 -9.3095915925e-02 -1.0803692966e-01
-7.5728968127e-02 -3.7660456317e-02 6.1999891009e-02 -7.5827196336e-02 -1.4618275475e-02 -5.4960798037e-02 3.5110427271e-03
-1.6460277563e-02 2.8088379561e-01 2.8950424666e-01 1.5406792959e-01 1.8316161038e-01 4.0413839646e-01 -4.8989379652e-02
-4.1516488082e-02 -3.3361843578e-02 2.4535397277e-02 -9.2282502515e-02 -5.7600959857e-02 -1.5955320372e-02 1.2058316080e-02
5.2553679467e-03 -7.5504755824e-03 -2.0468225321e-02 2.4095014453e-01 1.4584326616e-02 1.1400758426e-02 -1.0450496985e-03
-1.7214376255e-02 4.0271676465e-02 1.7895112115e-01 -1.6405183416e-01 -4.7379276367e-03 4.8297816562e-02 2.5438347940e-01
2.0024525859e-02 7.9779805870e-02 -9.1584885589e-02 1.5477150094e-02 -2.0490337409e-01 -1.2378423106e-02 7.4611848959e-02
-1.4083383964e-01 1.1294548513e-01 -3.8030326970e-02 4.4614988901e-02 -2.2418630064e-01 2.8535551765e-01 -5.2349684803e-04
-2.1360374914e-02 9.4129081452e-02 -1.7881288898e-01 -1.1651578598e-01 -1.2350767400e-01 -3.5921018446e-02 -1.3569176596e-01
6.6605643198e-02 -5.2751862268e-02 -1.5107008723e-03 4.9760329234e-02 2.0679319876e-01 6.0821931976e-02 3.1136968955e-01
4.3673714906e-02 5.1740669535e-02 3.4687614874e-02 -8.0085812289e-02 -1.0372761079e-01 -2.9325161304e-02 6.0290050016e-02
-2.2571554625e-01 1.2908150987e-02 -1.1906971222e-01 -9.9356101514e-02 -6.3793027792e-03 -1.4423842353e-01 -9.9339122748e-02
-4.8654006207e-02 1.0801245586e-01 -1.7327278568e-02 -5.1380879022e-01 -7.6478168487e-02 -2.4915822308e-02 -1.2842844192e-01
7.6104329875e-02 6.7095217250e-02 2.0420329330e-02 1.5653775532e-01 -2.4773485287e-02 1.2658864923e-02 -5.3507865214e-02
-4.2673416631e-03 1.0864741621e-01 -2.2282909372e-01 -1.0646609389e-02 1.0179405080e-01 -8.1948165421e-02 8.5590994052e-02
8.7257300038e-02 -9.0893593438e-02 5.2657676443e-02 -8.6186944214e-02 -5.0051003852e-02 8.3868336204e-02 6.4307813805e-02
-1.6895466032e-02 -2.8078975277e-02 2.5761825148e-02 1.0881901633e-01 2.4864240080e-02 2.1691534022e-02 1.6406899387e-01
4.7722192671e-02 1.0403707870e-01 -3.7590840910e-02 -7.8861379126e-02 1.4055167788e-01 1.5089750335e-01 4.2525124573e-02
-5.2470403564e-02 -7.2781825194e-02 -6.3728239450e-02 -1.6622475804e-01 -1.2686136700e-01 -6.1300545897e-03 -2.5888356384e-04
-5.0357534836e-02 2.2545367050e-02 2.0604420397e-01 2.5734535744e-01 -6.6374031644e-02 -4.0182438524e-02 1.8975018704e-01
-1.1550112725e-02 7.6647800692e-02 5.9864172105e-02 -8.3110317590e-02 4.1620386470e-02 -9.1408181346e-02 -3.6395513331e-02
-4.6253643904e-02 -1.6883015815e-01 8.0783858363e-02 -1.1345632140e-02 -1.5131358178e-01 1.0487516234e-02 1.2857785487e-01
-1.4168505767e-01 1.7101745182e-01 2.1192979354e-02 -4.0182067132e-02 -1.0248148736e-01 6.5097391387e-02 1.2938884581e-01
1.1541643680e-02 -6.5125513493e-02 -1.0763899372e-01 -7.2152327103e-02 -8.8351537169e-02 3.1955817536e-02 -4.0485510092e-02
7.9726860683e-02 6.7643495285e-02 1.6832476955e-01 1.1600468756e-01 1.0409592758e-01 8.7600759734e-02 -3.3395055212e-03
-8.5595598523e-02 1.1627659139e-01 1.4126768638e-01 9.3980392450e-02 -6.3484959845e-02 -2.1109187165e-02 7.3605363741e-02
-4.7264210264e-02 7.0911235168e-02 -1.1427383902e-01 6.7521832654e-02 1.5005616798e-02 -2.5467238376e-01 3.2902053833e-02
-8.7474245676e-02 9.1018522603e-02 2.2012389468e-01 1.4911603103e-01 -2.0424918513e-01 1.6097585758e-01 1.6856134763e-01
-5.0593748163e-02 1.0271983365e-01 -1.0756558542e-01 -1.5120597027e-01 -2.2200853277e-01 -3.7089574457e-02 -7.1682798318e-02
8.6030977405e-02 8.2835050893e-02 2.4024290235e-03 -1.0825158113e-02 -1.1111320939e-01 2.0065574821e-02 -1.7520257387e-01
-3.1856525299e-02 -1.6101907184e-01 -8.8124381774e-03 -6.0484994669e-03 1.2421331535e-02 1.5764993898e-01 -1.3279949832e-01
-1.1294614500e-01 5.7959656241e-02 -8.9868450437e-02 -3.0938790782e-02 1.2883359877e-01 4.5380403491e-02 -2.4467604400e-01
-3.3400501760e-02 -8.7058032961e-02 -3.4497299701e-02 -5.1709839219e-02 2.0993762902e-01 -6.2617513088e-02 -2.5606529580e-02
-9.1211736915e-02 -2.7862964372e-02 -2.0040071449e-01 -2.1354966488e-01 -3.4526805465e-02 -3.8813593510e-02 -1.1018915127e-01
-4.3288496159e-03 -9.9907743429e-02 -1.0882870214e-01 -3.1319817336e-01 -6.0794855930e-03 -5.7739268307e-02 -1.7192995770e-01
-5.4917022088e-02 -2.7728376206e-03 2.4928569129e-01 6.6181018416e-02 3.1401098095e-02 -3.9804489857e-01 1.8434224341e-01
-3.5854751739e-03 1.6246354175e-01 1.3621992325e-01 8.4220310770e-02 -1.4987762370e-01 7.5698654750e-02 5.5011164598e-02
1.0332217722e-01 -1.2980798643e-01 -2.1815437236e-04 -3.2083684542e-03 1.7015546364e-02 3.1431487638e-02 -9.4430993507e-02
-8.2176418392e-02 2.2506976545e-01 3.2000481417e-01 4.4320222882e-03 1.3916720991e-01 1.3920920962e-02 1.3237912670e-01
3.1432525262e-02 -1.5714170490e-03 -9.1752800338e-02 -8.3503400188e-02 -6.5492894763e-02 -6.1155659353e-03 -7.8955110475e-02
1.4204393394e-03 -1.8206163109e-02 1.8675849053e-01 3.3297549155e-02 -1.5691827422e-01 -3.0660081910e-02 1.4720402956e-01
-9.4690601054e-03 5.1386106686e-02 2.2056016434e-01 8.9705727131e-02 -2.8868146737e-01 3.4232272811e-01 1.4670781535e-01
-1.9413681607e-02 -8.0104987469e-02 7.9158730469e-02 -2.8323699969e-02 1.1396339733e-01 1.7049086169e-02 -1.4242597712e-01
-1.1076714196e-01 -3.1336532714e-02 9.1929957497e-04 2.2070809783e-02 2.3148208966e-04 5.9575293536e-02 -1.7575246741e-01
1.9766385948e-02 1.1673646629e-01 -7.7131601457e-02 -5.4872647699e-02 1.3144151442e-01 7.4822186525e-02 1.1820856694e-02
2.3516373732e-01 -2.9460162509e-02 -1.0441652428e-01 -1.1345651814e-01 2.1914851359e-01 3.4677691894e-02 -2.1528099180e-01
4.8204108757e-02 8.9288540621e-02 4.9668607712e-02 7.3280315714e-02 -4.0769226852e-02 9.8820332510e-03 6.4690290736e-02
-2.4904492856e-02 5.8491362575e-02 3.7109625769e-02 -8.6954344242e-02 9.9079368867e-02 1.3776659148e-01 4.7201840638e-02
1.0432534322e-01 -3.5745072819e-02 1.6941254764e-02 2.5303192396e-02 -3.6435674226e-02 1.0401465729e-01 -1.5676359556e-01
1.4269870371e-01 9.9989892329e-02 3.8763941298e-02 1.7066931120e-01 -5.4213188236e-02 -9.2116011973e-02 3.2196767071e-02
-4.6274879265e-02 -4.9885735374e-02 1.5700287815e-01 -1.9555620043e-03 -1.9999824141e-02 -2.5957383534e-02 3.3140203348e-02
-1.4017004355e-01 1.7837398094e-02 -3.6752119138e-02 1.3335012140e-01 5.7059696585e-02 -4.7691857476e-02 -7.3985633678e-03
6.9652884996e-02 5.3193592878e-02 8.4293436155e-02 -5.3205505163e-02 1.2568426941e-01 -5.9903691269e-02 1.1030849665e-01
1.1139088628e-01 5.4250115138e-02 -8.9921720513e-02 4.8590536503e-02 -6.2436311693e-02 1.0278325485e-03 1.1047057296e-03
-1.5408743675e-02 4.0910911380e-02 5.8857002829e-02 -3.3697502544e-02 -1.2409018335e-01 -1.5401742203e-01 -6.2144821089e-02
-7.0493977360e-04 1.1616181795e-01 2.7168035585e-01 4.3153907887e-02 -7.0720435648e-03 -2.0182152934e-01 7.4973442865e-02
4.9267059961e-02 9.8245038129e-03 7.4869693710e-02 1.0041790587e-01 -6.8349764715e-02 3.9241910555e-02 -4.9153996729e-02
-2.5053522400e-01 1.4162219869e-01 4.8364122564e-02 -1.5932468578e-01 -2.9228244318e-02 -5.6070424793e-02 -1.5922826454e-01
-1.9830711536e-01 -1.4107652923e-01 -9.9308955078e-02 4.4870762348e-02 2.6276466822e-01 4.9946848993e-02 -8.5911233699e-02
3.0258736406e-02 -2.5307903613e-02 -1.2120075761e-01 6.1921297886e-02 8.9595244124e-02 -1.3312399688e-02 -5.4533755804e-02
5.1873244152e-02 -5.5928363341e-02 1.3106228683e-01 3.8557900849e-02 3.6122533819e-02 8.0990140596e-02 1.0281298809e-01
1.3465131616e-01 2.2792862714e-01 2.3629487447e-01 4.5553697910e-01 -3.9265866210e-01 9.4205897971e-02 3.2496215576e-01
-9.8323595761e-02 5.0795955335e-02 -1.1714817361e-01 -5.6074857409e-02 -6.3003862303e-02 5.1840312884e-03 -2.6995281995e-01
1.2255500375e-01 1.4247707213e-01 1.1880541292e-02 9.9640671290e-03 -1.8890741592e-01 -5.6386569913e-02 2.9341540847e-02
9.1067795411e-02 1.8681798385e-02 2.2466345426e-01 1.4995938232e-01 -2.1170028101e-02 -7.8027493619e-02 2.5442565051e-01
-7.8645092490e-02 6.2262222229e-02 1.2944992079e-01 7.6648376440e-02 -9.0407751158e-02 -1.3375744816e-01 6.8716411875e-02
-2.1510057890e-02 4.3144189516e-02 -3.0517285073e-02 -4.1585888490e-02 -2.6927973061e-01 -7.2965744127e-02 -1.2104092985e-02
1.4681591445e-01 -2.3697400035e-01 1.4335906343e-01 1.2709272773e-01 3.8200449957e-02 -1.6092814042e-02 1.8924033028e-01
-1.0904552023e-01 4.7671081984e-02 -1.0170363623e-01 -8.0236342934e-02 -2.3992775425e-02 -1.0216969247e-02 -7.1054673675e-02
1.2510523660e-01 -1.2675694535e-01 -5.2263142895e-02 9.5557421767e-02 -8.3058883961e-02 -5.4600675489e-02 4.8025263933e-02
-1.3795728958e-01 2.6689836237e-01 1.3948695346e-01 2.0096444196e-02 -3.3985940351e-01 -6.0277892427e-02 1.5788853540e-01
6.3535272987e-02 -2.2458205037e-01 1.8797468064e-01 1.1424582764e-01 1.9216566991e-01 -1.8539009858e-02 1.4243422108e-01
8.4641231217e-02 8.0865540968e-02 -1.0081779453e-01 -1.0917634570e-01 -1.1431403311e-02 -4.9383938027e-02 -7.7735653199e-02
-2.3410862967e-04 -1.2599207412e-02 -1.5417985583e-01 -1.6832198597e-02 -2.7262196014e-02 -2.8321457842e-02 3.1388086436e-03
-1.6498718412e-02 -2.7200946899e-02 2.3683154760e-02 3.5598569844e-01 2.3838129385e-01 -2.2199084569e-02 1.6997638760e-01
-2.3359817023e-02 -9.3151862413e-02 6.4871244534e-02 1.6767133468e-01 1.4749907300e-01 -2.6014002997e-02 1.1294307146e-01
-3.2110717221e-01 1.0433756339e-01 5.0385056820e-02 -3.3402609323e-02 1.9016049107e-01 2.0607852150e-01 -1.0315796301e-01
6.8407652951e-02 8.6440209678e-02 -1.0386675110e-01 -1.4939936149e-01 -5.7329868715e-02 1.5703630813e-02 -4.4442771566e-02
-8.1955912128e-02 5.6480765047e-03 -2.1045978144e-02 -9.0135284557e-02 -5.6914991151e-02 7.6800914555e-02 -1.4877783418e-01
-4.1580730056e-02 7.8383058962e-03 -6.0544554804e-02 1.3516816694e-02 1.2663754510e-01 -8.4940283030e-02 -1.1655958884e-01
6.1219121622e-04 -2.1075797005e-02 -2.9661246217e-02 -6.8699366970e-02 1.0594994122e-01 9.0079512749e-02 -7.0354331618e-02
-1.4591768760e-01 1.6248208635e-01 3.3256876212e-02 -8.0224877665e-02 -7.5217969643e-02 5.0711464176e-02 -1.0787424245e-02
5.8847280335e-02 -6.6285139304e-02 -4.9191171039e-02 6.7741622630e-02 4.2392026612e-03 7.7421811814e-02 9.6591642914e-02
3.5924407622e-02 2.6711985586e-02 4.7779198618e-02 -1.2692310546e-01 1.8491699140e-02 -2.7482716241e-01 2.0552830933e-03
2.5228324997e-02 -6.2338326212e-03 -1.1268160048e-01 -9.6408596642e-02 1.1759907512e-01 3.1193859853e-02 2.4936122053e-02
-1.0740332825e-02 6.6107894533e-02 -6.6557316385e-03 -7.5644741573e-02 -1.9834819818e-02 6.8843208697e-02 -7.1184731481e-02
-1.0276023739e-02 -4.2990239486e-02 -1.2587602094e-01 8.1324053011e-02 3.3572762396e-03 1.7808684608e-02 -9.2526956098e-03
7.1815223203e-02 8.9323219238e-02 -3.7378012543e-02 1.5046070737e-01 -1.0741393130e-01 -4.7554470142e-01 3.0193276858e-01
1.5008860424e-02 -2.4303936577e-03 -3.5315568229e-02 -1.1232055805e-01 6.1073212442e-02 2.8522433757e-03 -1.1285975827e-01
-5.3035526456e-02 -1.8542373048e-02 9.1349221627e-02 -7.5686151629e-02 -6.7273430508e-02 1.7086806566e-01 -9.8040473910e-02
9.6318661052e-02 -1.4068953550e-01 -3.8019233284e-02 1.3447013964e-02 4.8986508317e-02 9.2903332347e-02 3.9437014976e-04
2.2328051065e-02 -7.8670355030e-02 -3.5153505389e-03 -8.1496049724e-02 -1.7808973942e-01 -1.1525598283e-01 -1.4405005683e-01
-1.3521141763e-02 4.2778547808e-02 -4.9007036713e-02 1.9516314811e-01 -2.5652930752e-03 1.0846638030e-02 1.3393772334e-03
1.4937249309e-01 -1.0948552835e-01 -6.4066550043e-02 -2.5605852083e-01 1.2216975250e-01 -2.5928639220e-02 -1.3278403250e-01
-1.8243904390e-02 1.5600000352e-01 -1.0024586798e-02 2.2209273192e-01 -1.1723495693e-01 -5.4967237399e-02 2.2237647041e-01
-7.9936442401e-02 7.1754309353e-02 1.2507790148e-02 1.6912506385e-02 -7.7396863394e-02 1.9999303790e-01 6.1450301394e-02
5.1337537529e-02 -1.7615339973e-01 -4.1416398715e-02 -1.8792628252e-01 7.2007502081e-02 2.7988605290e-02 -4.5678613626e-02
1.0664429160e-01 -2.3329881889e-01 -1.5580244407e-01 -2.6266811069e-03 -1.1547662195e-01 1.7064632301e-01 -3.8536337677e-01
-1.6592189491e-02 -4.9543667771e-02 9.0317289849e-02 4.4080768800e-02 -6.0181227039e-02 3.4585724009e-02 1.4434881951e-01
6.6644550865e-02 6.2801293953e-02 6.1441127189e-02 -4.9823481912e-02 -1.4137991126e-01 4.7579745901e-02 1.8975432408e-02
-2.4064314324e-02 2.8252329545e-03 7.2608082355e-02 1.6906247842e-01 -6.9796029239e-03 7.8700388249e-03 4.4058364273e-02
-7.2225174744e-02 -1.2784171137e-02 -4.5094066098e-02 -5.8364362310e-02 -1.0561939008e-01 -1.4960583089e-01 -1.3393480442e-01
-2.9330801618e-03 -2.9920796890e-02 -2.7533190003e-01 3.3453534180e-01 2.8333242353e-02 6.6875042889e-03 -3.7797112327e-01
-9.5861390553e-02 -6.3047624903e-02 -1.8449933281e-01 -1.1336657279e-01 3.3305228460e-02 -1.6560217864e-01 -2.0863849994e-01
5.1050614257e-02 -1.8003990583e-01 9.2137971414e-02 -1.8887216439e-02 1.0718436212e-01 1.9076122057e-02 2.6915188984e-01
1.6656761169e-02 -3.6512088098e-01 -8.7937734127e-02 5.9803864163e-02 -8.0522967353e-03 -9.8966197479e-02 -4.6957015463e-02
-3.6791662446e-02 -1.3051261270e-02 6.9016185506e-02 5.2185368342e-02 -3.7576965866e-02 -5.6469690364e-02 1.1403978689e-01
-6.2538158675e-02 -1.4000012218e-01 -2.7868027675e-02 5.0166549513e-02 1.1998246985e-01 2.6643391490e-01 -1.4283904843e-01
1.0682437942e-01 9.0903325002e-02 -7.4699599702e-02 4.6865553745e-02 1.3704106656e-01 2.8614072926e-02 -6.5517469078e-02
-1.6393640525e-01 4.1944235877e-02 -9.1972673368e-02 2.7387313508e-01 -2.1049591215e-01 1.3297141980e-01 -1.0365850612e-01
5.9098757384e-02 8.1089699082e-02 -1.0668642763e-02 -1.1176367643e-01 -1.1356702203e-01 -5.4848560318e-02 -1.7660199240e-02
5.5067466221e-02 -5.3058136001e-02 -1.3479970074e-01 1.9278203126e-01 1.1910173223e-02 -3.8865046303e-01 -1.5340680507e-01
3.6228100036e-01 -1.6792040739e-01 7.5620863593e-02 1.4317139709e-02 -1.1403451591e-01 -7.1368676050e-02 3.5642408616e-02
-9.6381643624e-02 1.2646533641e-02 3.3327629677e-02 -1.3341882189e-01 -6.6154389944e-02 6.5231754721e-02 -4.7573016306e-02
4.4953448594e-02 -2.3137411010e-01 4.4999084780e-02 -1.4997675211e-01 2.5070304431e-02 1.9909135448e-02 -1.8946484209e-01
3.8303389440e-02 3.2500842665e-01 1.1622873377e-01 2.1825899711e-01 -6.4237745328e-02 1.5387402308e-02 1.5374397339e-01
-2.1750021296e-01 7.4815217082e-02 -9.4816618753e-03 -6.8310522833e-03 -1.3087180836e-01 1.2557739301e-02 3.7092470802e-03
5.3204003559e-02 1.1218260552e-01 -3.2634445115e-01 -1.5730168471e-01 4.9047532162e-02 -1.4296703999e-01 -1.9191260623e-01
3.9417724530e-02 -3.2593671309e-02 7.4493260162e-02 1.7688916780e-01 -4.4261289495e-03 -2.5356468553e-02 1.0656158337e-01
-3.3795647724e-02 -2.4648061882e-02 1.2658945806e-01 2.7710930915e-01 1.2666170515e-02 -3.6378428802e-02 1.7333991394e-01
4.3216039993e-02 -6.6507026610e-02 8.8892453175e-02 -6.6548156217e-02 3.5344956361e-02 2.8387921780e-02 1.4420745894e-02
1.2650898895e-02 2.5290422871e-02 5.2093262515e-02 4.3980615483e-02 -1.2640178393e-01 1.7982930016e-01 1.0050012758e-02
-4.8258935946e-02 8.9066097758e-02 3.3132091471e-02 1.6944988263e-01 -4.9301166768e-02 -1.1703850193e-01 -1.4461481128e-02
-1.0995038891e-01 8.3415384120e-02 -1.3614364735e-01 -4.0241222270e-02 -1.0472982445e-01 6.8620652204e-03 -2.3366747154e-02
-5.0249254740e-02 4.0666840645e-02 8.6253053957e-02 -5.1392637582e-02 1.9898236044e-01 -6.3328307051e-02 1.2689414865e-02
2.1089136720e-01 -1.7981401482e-01 -1.5120931832e-01 -1.6955226579e-02 -7.8667288112e-02 9.6672946557e-02 -2.5536850112e-01
8.8624240429e-02 -2.5895975489e-01 8.4883635938e-02 1.1808845637e-01 -1.4093424247e-01 8.0979667769e-02 2.1499292725e-01
-9.7627318046e-03 1.1195542790e-01 -1.6736486832e-01 3.4751057807e-02 1.5301077965e-01 -2.9707477093e-01 -1.4653885767e-01
3.2481809776e-02 -3.5196624403e-02 4.9783316179e-02 1.7214906047e-02 1.4214929207e-01 -1.4518626620e-01 2.8005929691e-02
-2.5952407661e-02 4.6631056255e-02 -1.1871186910e-01 1.5644688592e-02 -3.1980111660e-02 -6.0535245250e-02 -1.0856926294e-01
1.2399699694e-01 -3.6400601061e-01 -1.3881619085e-01 4.6869558709e-01 2.5117961854e-01 -1.3187752503e-01 6.8862783537e-02
-5.6766229339e-02 1.0978374700e-02 6.1714695505e-02 2.4444635570e-01 -2.1213745044e-02 7.7391637278e-02 -2.7653641220e-02
1.2939887793e-02 6.7255532955e-02 1.4244495184e-01 1.0942432353e-01 -5.1873458272e-02 -2.5184439553e-02 3.2189469880e-02
-2.3126314860e-01 -3.0285865520e-02 2.2996067593e-02 4.0034519246e-02 -6.2982446658e-02 -8.3577891252e-02 1.0989231653e-02
