9.0800497846e-02 5.5109316279e-02 3.6260462192e-02 -1.6415912899e-01 -4.1809408420e-02 3.1761188666e-02 8.0282982180e-02
-1.9513017768e-02 -7.4004967460e-02 -1.4827305894e-01 -5.0302727388e-02 9.3346274827e-02 1.5902600490e-02 -1.0033115743e-01
-1.3544873398e-02 6.1964035207e-03 9.7664190415e-02 1.0015082730e-01 -2.0296184317e-02 1.4862036889e-02 1.0676471095e-01
7.4523612877e-02 -7.1421754573e-02 2.0507896026e-01 -1.5500678048e-02 -2.9621280991e-02 4.3300560869e-02 1.6336054636e-01
2.0033355349e-01 -9.0467027716e-02 1.0673910396e-01 4.5455772961e-02 -1.6714759721e-02 8.8428316123e-02 4.9519805443e-02
8.1953689524e-03 3.8678566989e-02 1.3826810693e-02 3.2797618643e-01 3.6633962469e-02 -9.4170796416e-02 8.9762780149e-02
-2.2677482076e-02 -8.6844215932e-02 -7.3664011828e-02 -1.5028224320e-01 -3.6848400819e-02 -8.1377561743e-02 -5.1323276040e-02
3.0204118340e-01 2.6243971839e-01 4.0855980482e-02 -1.4653474145e-01 1.1834937609e-02 8.0901285873e-02 -1.2392496291e-01
-6.8915581697e-02 -1.7646412284e-01 -3.0236427307e-02 -1.2060569057e-01 -4.2865498195e-01 -6.3988174654e-02 3.4355995758e-02
1.1087799080e-01 -2.0481635212e-01 4.2224681480e-02 1.6928992997e-01 2.9488079592e-02 2.4813507727e-02 -6.3595313571e-02
3.0097286809e-01 6.6393417496e-02 -2.6020610483e-01 -2.7497911186e-01 -9.8814543090e-02 4.6471775270e-01 -2.3274404902e-01
9.0094975425e-05 6.0720250242e-02 3.2898894668e-02 1.7850704735e-01 2.2539813384e-02 2.5817896701e-02 1.1006758492e-01
-4.6583385922e-02 -9.3992553959e-02 2.3665679779e-02 8.5589514985e-02 -7.3597339714e-02 7.4031520483e-03 1.4173493083e-01
-2.3582113073e-02 1.4029259265e-02 5.2340704256e-02 2.2445939631e-01 -1.5127810309e-01 8.5223947707e-04 -4.6293077433e-02
-6.1188824232e-03 1.1135643025e-02 -1.2032649272e-01 -1.7735167756e-01 -5.5963980009e-02 -8.1063553183e-02 -9.8978330330e-02
-2.5433827712e-02 -4.0436890431e-02 -3.5993051307e-02 -1.6398624276e-01 4.9501766307e-02 -2.2278897348e-02 -7.6120802522e-02
8.8608487422e-03 -2.0641661835e-02 -1.1389604573e-01 -1.8274020735e-01 2.1832260182e-03 -6.9640550791e-03 -1.7637038378e-01
-3.0769018102e-03 -3.5439453240e-02 -1.6137118854e-01 -3.2811859909e-01 3.8243652576e-02 4.3895112056e-03 -3.5382510702e-01
1.5483378903e-01 2.0419037322e-01 -1.1464937380e-01 -2.7577827239e-01 -2.9481406660e-01 1.2548830278e-01 -7.3973535446e-02
1.0810596120e-01 9.8362502835e-02 -1.6269159124e-01 -1.2832573912e-01 1.0030461657e-01 -1.2662438909e-02 -1.9679674733e-01
7.3665072916e-03 7.1017638936e-02 1.5318152795e-01 -2.8824002828e-02 1.1509962666e-01 1.1691100511e-01 1.8167994118e-01
1.8991778386e-02 -7.5938961562e-02 1.0038755742e-01 2.6343053433e-01 3.7079678130e-02 5.4117436270e-03 6.9370221192e-02
1.0573274930e-01 -1.4775056257e-01 -6.9881983253e-02 6.2270607008e-02 -1.7057080464e-01 2.3421015993e-02 -1.2032824003e-01
6.2516534223e-02 2.8593097112e-02 1.0829745095e-01 1.3251413361e-01 -5.0779453671e-02 3.2314624531e-02 2.8157223315e-02
-3.8159544485e-02 2.7677881293e-01 8.6090274136e-02 3.9686195192e-01 -3.6376227032e-01 -1.4904645690e-01 3.8336236924e-01
5.6821736291e-02 -1.3198726461e-01 -1.0660341083e-01 -1.4169115829e-01 1.9173406624e-01 -7.0207949938e-03 -2.6078317372e-01
1.4108057850e-02 1.1052825542e-02 -2.2779748792e-02 -2.0815431199e-01 1.0281005960e-01 2.5996890069e-02 -1.4919756400e-01
-1.5933490931e-02 4.0948736323e-02 -3.6385027721e-02 -8.3671527276e-02 -5.5867925069e-02 -3.7816323537e-02 -1.2672183154e-01
1.2764036942e-02 -2.5776154172e-02 -8.0048875281e-02 -7.3051765045e-02 5.3843014553e-03 2.1612077374e-01 -9.8278073210e-02
2.8395696177e-03 -1.1788988917e-01 2.1491657399e-01 1.8466650814e-01 2.7311825677e-01 4.7236566979e-02 3.5017328915e-01
6.5551104047e-02 -6.6848787840e-02 -8.5464948143e-02 1.0334500352e-01 1.9862057730e-03 -5.2428470485e-02 3.5150593020e-02
2.8088638903e-02 6.1786639793e-02 -9.2888076999e-02 -2.2563180537e-01 1.3453548851e-01 8.1969208169e-02 -1.7039238494e-01
3.6715476441e-02 1.2713892206e-01 -1.8506184355e-01 -1.9749997484e-02 -8.3783960358e-02 -2.3784985564e-02 1.7057057003e-01
1.7307342158e-02 -1.6734324795e-02 -6.4527742164e-02 -5.2407846481e-02 4.5177063051e-02 -7.9360477836e-02 -5.1222918453e-02
-3.1327363787e-01 1.1927924856e-03 -3.5836293868e-01 -2.4713565468e-01 3.1400495285e-01 1.5233707829e-01 -4.8225302043e-01
9.4110069774e-03 2.1814649031e-01 2.3665702594e-01 3.2046294256e-01 -2.4504131802e-01 -4.8886697577e-02 4.9543198139e-01
1.4692139631e-02 3.9495719486e-02 7.0251509652e-02 2.3061414072e-01 1.8068025847e-01 -1.1658723158e-01 1.4272409738e-01
1.2189305038e-02 -2.1969737457e-01 3.6875674453e-02 7.0965166218e-02 1.2358093717e-02 2.4501558762e-02 -1.3009568560e-02
-5.9073029194e-03 9.4033966635e-03 -1.0826365816e-02 -1.0645674310e-03 -2.2900188744e-03 -3.5457026880e-02 2.8360724020e-01
-9.3722798217e-02 6.3588382940e-02 -6.9837836772e-02 -5.0005450677e-01 2.4519106604e-01 2.2144347092e-01 -2.8490565183e-01
-1.8421456584e-02 -2.1664498558e-03 -9.3300824540e-02 -1.4405397230e-01 -1.8801969850e-02 -9.1393096731e-03 -8.6423976633e-02
-1.8925626757e-01 3.0024647882e-01 -3.0198406329e-01 -1.4042679790e-01 -1.4466100305e-01 -1.5932467569e-01 -3.0781186035e-01
4.1167534275e-03 3.2273210267e-01 -1.6879514433e-01 -5.1906280064e-02 1.5951841053e-01 -2.5065388861e-01 -4.9684355685e-03
2.4943861389e-02 -8.7020935897e-02 1.8000571765e-01 3.1488580383e-01 -3.5199014193e-02 -4.9242429202e-02 8.9900859696e-02
-2.5803113216e-01 5.9467412960e-01 3.6239741003e-01 3.3202356911e-01 -2.9558798821e-01 2.4300500189e-02 2.3716079870e-01
5.5742296596e-02 -1.9676904204e-02 -2.3370058111e-01 -1.5191111155e-01 -4.3829329508e-03 -1.0117649771e-01 -3.9299098582e-02
-2.9375664473e-01 4.1748509092e-01 1.1618744550e-01 3.1282149486e-01 -1.4004852373e-01 9.7304344125e-02 8.3390008902e-02
4.3288547846e-03 -1.1590739448e-02 -1.1432796326e-01 -4.3853264367e-03 1.7596881572e-02 7.6855740643e-03 -1.2655436245e-01
1.5378493343e-01 1.5871375515e-01 3.9517063386e-01 3.7085183268e-01 -1.2635038193e-01 2.2224094442e-01 3.4564027820e-01
1.6708960913e-03 9.1985189885e-03 1.3733323297e-01 2.2790962853e-01 -1.4570441593e-02 3.7741719202e-04 1.4254817803e-01
2.0876599859e-01 5.5182871599e-02 -1.4827419803e-02 3.5519574845e-01 -1.4711067865e-01 -6.7197269189e-02 1.7005078227e-01
-3.4008011925e-02 2.1040969430e-02 -1.0929522149e-01 -1.2566446702e-01 5.1129127361e-02 1.9292613221e-02 -9.7068130783e-02
-7.4002805331e-02 6.2930193765e-02 -2.0703631596e-01 -1.6685742831e-01 2.6267644494e-01 1.8879302137e-01 -1.9696966279e-01
8.5826106186e-02 9.7449585054e-04 -3.7076552032e-01 -2.8130146753e-01 2.0987745728e-02 -6.1378265908e-01 -2.3231901109e-01
-6.6171806532e-02 -8.4228184505e-02 6.7417079076e-03 -1.9577567906e-01 5.4742178773e-02 -4.8393870637e-02 -2.4918165373e-01
-7.8226146579e-02 7.4652924176e-02 -2.9686481372e-01 -3.4179972775e-01 -1.5503362960e-02 6.9400191768e-02 -3.3672521390e-01
-5.3642323494e-02 -2.6430425574e-02 1.0328825074e-01 1.6927974781e-02 2.1050362618e-01 1.9493557569e-02 -2.2649295807e-02
-8.7430406816e-03 2.6361190489e-02 -3.4500477054e-02 5.8099369466e-02 1.1051977126e-02 -5.9965779561e-03 -2.1389217566e-01
-2.8389581586e-01 1.3609765084e-01 4.8489860404e-01 2.5835016277e-01 5.0314495974e-02 9.7179223306e-02 1.7433083331e-01
-4.4702805680e-03 -2.6118392687e-02 -1.4939230437e-01 -1.5427872524e-01 -3.2979010018e-03 -2.5709310896e-02 -7.9649419662e-02
6.7934347113e-03 3.2754785560e-02 1.1940216399e-02 1.8102207648e-01 9.9997339891e-03 2.0335034858e-02 -3.5030176078e-02
5.1331101135e-02 5.3529783213e-02 8.4060478443e-02 1.7777798825e-01 1.6797564853e-02 -6.6919083843e-02 6.5062246776e-02
-7.3455374051e-02 -7.1144564121e-03 -1.9450415770e-01 -1.4063116478e-01 -9.7047604845e-02 -1.9326385110e-02 -2.1916882947e-01
-5.8203770539e-02 -7.6489555616e-02 1.5103512294e-01 1.6998994488e-01 -8.5842505606e-03 1.7489193248e-02 1.0725036229e-01
-1.7526510769e-02 -1.3790380178e-02 1.1520982566e-01 2.2047935288e-01 -8.8771745925e-03 6.4030533284e-03 1.2212372031e-01
1.8356101139e-02 -1.5696740071e-01 6.6821546381e-01 5.6796445242e-01 -1.3479423219e-02 3.6565728051e-01 2.1301149163e-01
1.3673737837e-02 -3.7559027868e-02 -1.2006238069e-01 2.5464218045e-02 1.4463491474e-01 2.8728995207e-02 -1.7064266547e-01
9.1064089531e-02 -7.1378950465e-02 7.0715146076e-02 4.1599186838e-01 2.3316522600e-01 -7.0394559204e-02 2.3317974727e-01
-3.6108505154e-02 -1.0177505555e-01 7.5002373941e-02 -1.8165869174e-01 -1.5124871482e-01 -5.5253020408e-01 8.6384026643e-02
-1.3021851569e-01 5.1530657295e-02 -8.7710149144e-02 -1.7834622660e-01 1.3728313179e-01 6.4735669598e-02 -1.2017501946e-01
4.8469094295e-02 -4.0378264737e-02 7.1809562827e-02 2.4026924692e-01 -7.9756413745e-03 1.6272577753e-02 2.0659218339e-01
1.7027818368e-02 4.1557471062e-02 -1.8466552156e-01 -9.5223727310e-02 1.4865614423e-02 6.1929015429e-02 8.0750622683e-02
1.7903506515e-01 -1.4916217231e-01 1.0410021695e-01 1.1877584484e-01 5.2654922430e-02 -4.1398950528e-03 6.0433036312e-02
3.6743307430e-01 -6.3461118124e-02 -6.2628026609e-02 3.9170804947e-02 3.6852978323e-02 6.5236816718e-02 6.9104461381e-02
7.3667455020e-03 1.5889145248e-02 2.5417879707e-02 -2.1891136436e-01 -6.5877852574e-02 4.3660918800e-02 -1.8386453976e-01
7.7454300218e-02 1.3991054482e-01 1.7818729359e-01 1.7042832762e-02 5.2061596085e-03 2.9536406823e-02 1.3041161017e-01
-3.3504323287e-02 2.6907323850e-01 1.5548119716e-01 -4.6044706959e-02 -1.9423415766e-01 5.6715590001e-02 2.6240176673e-01
1.2550977600e-01 -9.9501432129e-02 -5.9972885168e-03 -1.6840917923e-02 -1.0299518531e-02 -2.2154493590e-01 -6.3349645634e-02
-4.5425210017e-02 7.8412222656e-02 4.0084180988e-02 5.3278467577e-02 -8.3948312233e-02 -1.9904245526e-02 1.0690821392e-01
-3.1495541345e-01 3.7923115763e-01 2.0736126655e-01 3.7467825055e-01 -3.4274918007e-01 -2.2076860390e-01 2.2975006663e-01
-2.3222490117e-02 -2.3191752377e-02 1.7137954817e-01 2.3340142316e-01 -8.3357935014e-02 -4.2662167942e-02 1.5553341760e-01
2.7292851172e-02 -3.3097647323e-02 -1.3215191517e-01 -8.6173684749e-03 -1.2296936218e-01 2.5295543093e-02 -1.5072935793e-01
1.3549309569e-02 3.3914229922e-02 3.4871645017e-01 4.4206163868e-02 -1.2354224262e-01 1.6122856366e-02 7.2161348358e-02
9.2865196441e-03 2.1419336248e-03 -9.5419730444e-02 -1.4673897180e-01 7.6124932483e-03 8.1092988352e-02 -1.7510290708e-01
-2.0564975334e-02 1.8704102890e-01 7.7728275473e-02 1.4937437768e-01 -8.4506792808e-02 -6.9535312091e-03 1.0554611848e-01
8.0235432960e-02 -1.1380586699e-01 -2.5668981429e-02 2.4524902487e-01 -4.0149870185e-02 8.3188266308e-02 1.3346713672e-01
-5.6802607746e-02 -4.0250500264e-02 -6.9133128742e-02 -2.2831766033e-01 -5.4658290410e-02 -3.5899926272e-02 -1.9250326351e-01
-1.2447518796e-02 7.3544233088e-03 7.2656671463e-03 1.7718453172e-01 1.5724077559e-02 1.5587379357e-02 -5.6840839162e-02
1.7360729730e-02 5.5384983819e-02 3.2624523344e-02 -1.1615163334e-01 -2.0668472740e-01 -2.2401246192e-02 -7.0553652987e-02
1.7592107870e-01 4.9987786012e-02 -2.2300690399e-01 -1.7027400392e-01 2.8179084562e-01 5.1573656636e-02 -2.4372548829e-01
-2.4158005921e-02 7.0329881336e-02 6.7253525837e-02 1.1990102691e-01 -1.7983563740e-01 3.6081936708e-02 6.8224870563e-02
7.2377774335e-02 1.8354255234e-02 3.3737042425e-03 9.1729630455e-02 -7.8270423680e-02 -6.6352865896e-02 1.4010365111e-01
3.8149547647e-02 -2.0991765754e-01 -1.0960927684e-02 -1.7763350015e-01 -5.6314610776e-02 1.7240059529e-01 3.0073348530e-02
-1.2814487482e-01 2.1710198128e-01 -3.2730440597e-01 -1.0690419773e-01 -2.9658813277e-01 -2.2920299584e-01 -3.5239190457e-01
1.6498702096e-01 -1.1439993585e-01 2.6399212316e-02 2.8975195325e-01 1.6312097647e-01 6.8410095575e-02 2.4922311881e-01
-5.7349038697e-02 -1.3352321426e-01 -7.7851846804e-03 -2.8306839214e-02 4.7898723121e-02 2.5526176187e-02 -2.2685480937e-01
-3.7502462179e-02 6.8223243965e-02 1.7707069025e-01 1.9306707926e-01 -5.7478770705e-02 -4.2619989488e-03 2.1546654332e-01
-6.8490135072e-03 -1.3222401931e-01 -3.4046264455e-01 -1.0782738549e-01 -1.1101736795e-01 -4.4161492003e-01 -5.8118181991e-02
8.0136524054e-02 1.3631723008e-03 1.3945995630e-01 1.3257113455e-01 -1.3010385331e-01 1.4999963367e-02 5.1557489431e-01
2.3224781563e-02 6.6743053702e-02 -2.0744593220e-01 -6.6357434044e-02 3.1795829409e-01 2.5597306325e-01 -2.4199512887e-01
3.7289239866e-02 -1.5942744434e-01 2.8503292030e-01 1.2805583778e-01 -6.5683264593e-02 2.7993692767e-01 4.5832864297e-01
6.9058209386e-02 -2.5430698909e-02 -2.4956890502e-01 -2.4133285667e-01 -4.4213198939e-02 -2.4685689666e-02 -2.6848471656e-01
-1.9249012184e-01 -4.3435623102e-02 1.4056748393e-01 3.4107356069e-01 -1.3581946410e-01 -1.7070139462e-01 2.0326163350e-01
-4.4662805188e-02 7.9897192785e-02 2.7463631314e-01 2.5064702864e-01 6.2476510244e-02 -1.1884103831e-01 3.1814386611e-01
8.6329778182e-02 3.5416656867e-02 4.6183680297e-02 2.3597353013e-01 2.8239670009e-02 -1.4333451991e-02 1.7756037089e-01
1.1050353124e-01 -3.5891441987e-02 -2.3731139516e-01 1.9186088001e-01 1.1341068315e-01 -7.1594558362e-02 -8.3210372517e-02
-1.2340790244e-01 8.8209171491e-03 -2.6993584991e-02 -2.0492686704e-01 2.5184454747e-02 -3.0084021519e-03 -3.1594389727e-02
-5.2207700179e-02 3.9281064494e-02 5.9356851241e-02 4.1811098567e-02 -5.5057855479e-02 9.8442076224e-04 1.3387095748e-01
-2.2379254357e-02 3.2553947871e-02 1.0362401954e-01 1.7444247173e-02 2.0887072311e-02 -1.9556631044e-02 2.0193728739e-01
-1.1286184705e-01 7.7993532717e-02 -1.3188879806e-01 -1.6051179057e-01 4.8390742858e-02 -1.5104041716e-02 -6.5105394232e-03
1.0992884918e-02 3.3784232506e-02 9.5346706968e-02 1.2888847766e-01 -3.6478682251e-02 -4.3209507811e-02 4.6011257067e-02
6.5228602019e-02 -3.3341714058e-02 2.6725669526e-02 3.3964834970e-01 -5.9977739130e-03 6.4609299749e-02 2.6673576945e-01
-1.4713649103e-02 -1.6225121838e-01 7.7339267216e-02 3.7028231960e-01 2.0450666434e-01 1.0161268908e-01 1.2252902828e-01
2.2684349742e-01 -3.5843435887e-01 8.7995322250e-02 4.8772063485e-01 2.1465253646e-01 4.7396722143e-01 2.0613140611e-01
-1.6646295870e-02 4.6641063322e-03 3.5126135672e-02 2.1652561577e-01 -2.3760365846e-03 -1.0700578784e-02 5.7929807645e-02
9.0417888175e-03 -6.8065245135e-02 -1.5758292857e-01 -2.4244982813e-01 -6.4539148992e-03 -1.4683125565e-02 -1.8628902337e-01
-4.1906269611e-02 -2.5247350908e-02 2.2577419418e-02 2.8612013618e-01 -3.3030933908e-02 -5.4603887243e-03 6.4299483464e-02
1.7234574474e-01 -2.8273458890e-02 4.5884883157e-02 -1.1162877958e-01 4.4687150256e-02 -4.9130561105e-02 3.7579306965e-02
7.6664754693e-02 2.9033687135e-02 -1.4221948563e-01 -1.3362978816e-01 4.3707179355e-02 3.4438315391e-02 -2.7059991299e-01
-2.0325760981e-02 -3.0126618814e-02 -7.0512794029e-02 -1.5034707663e-01 2.5938900546e-02 3.1519822704e-03 -1.5621688336e-01
8.0355813520e-02 5.5141757706e-02 -1.2691476670e-02 -1.7062001509e-01 3.1765673803e-02 -3.9134388278e-02 -1.1707733428e-01
-1.5172457406e-01 2.7994342190e-01 -1.1285252231e-01 -1.7577824434e-01 -3.6902223107e-02 -1.7996728746e-02 -1.0789581953e-01
-4.0310049525e-01 -1.8321385794e-02 -4.0359644442e-01 -2.2503242825e-01 6.2012736101e-02 1.8148582602e-01 -5.8670908143e-01
-2.1838054787e-02 1.4620315761e-02 4.0942618850e-02 1.5484923260e-01 1.0504248621e-01 -9.5839007406e-04 7.6481223115e-02
2.5909874420e-02 6.4828264349e-02 8.3612510553e-02 1.8239554793e-01 6.8929451080e-02 3.7253121997e-02 6.6568676848e-02
-1.2517346530e-01 4.6294343563e-02 -4.3616020635e-02 -3.0220548921e-01 8.8159673259e-02 2.2789586159e-01 -5.9756838368e-01
-4.6632951047e-03 4.9800023696e-02 -5.7808663645e-03 3.3626662896e-02 -7.0588862091e-02 5.2648396568e-02 1.3725532882e-01
-9.9261603009e-02 -9.4301337828e-02 1.8058099706e-01 -2.2014706416e-01 -3.6615594289e-02 1.5181799653e-01 -2.6621586091e-02
-2.0189146503e-01 1.8057354079e-01 1.0415282032e-01 2.9681962786e-01 -1.7683829832e-02 1.4017629796e-01 3.2582918378e-01
-7.0997140649e-02 -5.9613458619e-03 2.6235622049e-02 9.7472579114e-02 6.8975409870e-02 1.5551495910e-02 1.0748793027e-01
3.3261268631e-02 -4.7795139999e-02 8.9295238805e-02 8.5030853165e-02 4.6459687047e-02 7.9929152095e-02 1.1133358756e-01
7.8753243392e-02 2.5871217610e-01 -7.8503872719e-02 1.5884672599e-02 -7.9929186922e-02 1.4768088617e-01 -9.4432674243e-02
5.9681955479e-02 8.0514078950e-02 -9.5468431319e-02 -2.1579843364e-01 4.4409451276e-02 3.3200516828e-03 5.6740298880e-03
1.0801113780e-02 2.2801837805e-02 3.4689056780e-01 -1.9833262221e-01 -1.9962620154e-02 -3.9471777865e-03 4.8508598254e-01
-5.3514786251e-02 -7.4620925269e-03 1.6224225963e-01 1.1911385665e-01 -5.5230692960e-02 2.0904806269e-02 7.0686139257e-02
8.3030762384e-02 1.5802229824e-01 3.3155192855e-01 4.5730759204e-01 -5.6543130121e-02 1.8835077677e-01 2.7558274272e-01
1.1481108271e-02 -1.2143434986e-01 2.7212443821e-02 -1.6809357148e-01 8.0130880077e-02 1.6396256824e-01 -1.8500151653e-01
3.0405276474e-01 -2.5681309399e-01 1.1986436459e-01 1.7401881044e-01 4.4142860125e-01 -5.6280341364e-01 2.9996726503e-01
1.4433235668e-01 -4.1564834587e-02 2.6878239380e-01 3.0665023677e-01 2.4667314073e-02 1.9367616747e-02 2.2701054669e-01
-4.1007663495e-03 8.4504207166e-02 -4.0240440807e-01 -6.3192816695e-01 -2.5814895883e-01 2.1279588732e-01 -7.8379363661e-01
2.4960494520e-02 3.9319090372e-02 -8.9221197568e-02 -2.1805900621e-01 -3.9060624890e-02 3.7505575286e-02 -9.8722671286e-02
1.6221693737e-01 -9.9885339449e-02 2.4404251706e-02 1.1394398628e-02 -1.6243969427e-01 -1.4443837286e-02 -1.1623337690e-01
3.1797552799e-01 -2.0608486835e-01 2.0449131436e-01 -1.2317378313e-01 1.1162744592e-01 -2.1121757272e-01 -2.4867518728e-01
8.5353026460e-02 1.2544563976e-02 1.9515873945e-02 -1.6876870693e-01 -1.5899936889e-02 9.5138089390e-03 -2.2707353716e-01
-1.1599293551e-02 6.5114175343e-02 3.2993079204e-02 1.4156944478e-01 6.6411900580e-02 -1.4020231582e-02 3.3831499202e-03
-3.2835148137e-02 7.7066087014e-02 4.4482454198e-04 9.0059659454e-02 3.8001895773e-02 -4.9390354712e-02 7.9168834078e-02
5.7576360856e-02 2.8657424107e-04 -1.0003931068e-01 -4.9855468092e-02 -6.3270177692e-02 -3.7119620111e-02 1.7085937933e-01
-1.1175810780e-01 1.5058036291e-01 2.1888785029e-01 5.0059769008e-02 -4.0708539965e-01 1.1232844917e-01 1.9964827318e-01
1.0525738168e-01 4.1661612993e-04 -7.9212337476e-03 -2.1081016686e-01 -2.5783876288e-01 2.0685957436e-01 -1.7813634178e-01
2.7778534786e-02 4.4543801529e-02 2.1635254068e-01 2.0568525835e-01 2.5454943681e-03 3.5475947813e-02 1.3512469456e-01
-2.5285365175e-02 4.5564037866e-03 -1.4065106421e-01 1.3426869610e-01 -4.9171693309e-02 -4.5083675235e-03 -8.8686657899e-02
-2.2791211783e-02 2.0635016813e-02 7.2199541161e-02 2.0467084825e-01 7.1062896910e-03 -2.4092990433e-02 1.1778867378e-01
-4.3235554741e-02 9.5254657638e-03 1.3201828404e-01 1.6183237110e-01 -1.0182578557e-01 -1.4153171833e-03 1.3126469975e-01
2.7487545707e-02 -2.0686592677e-02 1.1579225324e-01 2.6982737281e-01 1.3581754715e-02 -2.1813922312e-02 -2.5330626732e-02
1.3968979124e-01 -3.7361489318e-02 1.8384083130e-01 -5.8355896178e-03 -6.6314614385e-02 -3.0720204701e-01 1.1876450579e-01
-1.1721598923e-01 1.4067199371e-02 7.8767372447e-02 1.1591852433e-01 2.4838820863e-02 -5.9689214114e-02 4.0902220676e-02
-7.6732996501e-02 -1.5941181252e-01 8.6877298435e-02 1.3434863498e-01 -5.3896464347e-02 1.6677873782e-02 1.1706664930e-01
-5.7485545793e-02 -2.8383271493e-02 -7.7278200304e-02 -8.7776656407e-02 1.5354265011e-01 -6.5870860146e-02 -4.5613471193e-02
2.6929749022e-02 1.8591376345e-02 6.3342515945e-02 2.4268915640e-02 -1.8614301759e-02 -4.7856518391e-03 1.1418121167e-01
6.0768640850e-03 -1.9189981106e-02 6.7328523770e-02 1.8103725782e-01 -3.6915009639e-02 -1.5591523727e-02 2.3022958145e-01
-9.3151013974e-04 5.8331313090e-03 -2.0728603881e-01 2.3504580106e-02 -2.0506289024e-02 -9.1310873314e-02 1.1436483715e-02
-3.5693285596e-02 1.1081727059e-01 5.0278828825e-02 1.9855434764e-01 -1.4342656477e-01 1.0205265988e-03 -1.0924629358e-02
3.7116895208e-02 4.9864444760e-02 -4.0194288435e-01 -3.6804852637e-02 -6.6487724560e-03 -1.8687265763e-01 -3.8963911788e-01
-5.6119782684e-02 -1.8486231946e-02 4.8389580070e-02 -1.3045510751e-01 7.1521528599e-02 2.4724155448e-02 -2.9654178974e-02
5.0168885574e-02 9.2201758241e-02 1.2364766251e-01 1.5345245944e-01 -1.1792923040e-01 3.7264212021e-02 8.4466444628e-02
1.1274962410e-03 1.7821879218e-02 1.1864838464e-01 2.7442574609e-01 -3.6991472225e-02 -7.6055509830e-04 1.6656507716e-01
3.8498246859e-03 2.3450269385e-02 -1.2610102381e-01 -1.5537454421e-01 -6.5096501775e-02 1.0448509094e-02 -6.4830815738e-02
2.3378022429e-01 -3.7356306630e-02 -6.8683903132e-02 -7.7008251626e-02 -1.1671389008e-01 -2.4757216060e-02 -2.6800753198e-01
-4.2791844606e-01 1.7645905656e-01 -3.3068001714e-01 -2.8081077658e-01 -2.9974186985e-01 1.3911119935e-01 -5.5994910534e-01
-1.0663687334e-01 -5.5483194553e-02 2.9560657289e-02 1.5453472871e-01 -2.3827435846e-02 7.1659582822e-02 1.2129096341e-01
1.4225701612e-01 1.4171918560e-02 -4.0782822614e-02 -2.2947827115e-01 1.0873589700e-01 -1.2038449789e-01 8.7352745356e-03
-9.9530349140e-02 1.7158217285e-01 2.5619306514e-01 8.2352369194e-02 -1.5426553057e-01 -2.2715591260e-01 6.4413630934e-02
-1.0450613666e-01 -5.7893773599e-02 -1.2329460189e-01 -1.0990638510e-01 -7.6237639420e-03 3.2548167076e-02 -4.8793142368e-02
-8.3852002025e-02 4.5569038636e-02 1.2065795542e-01 1.8603161845e-01 2.8464121975e-02 -2.2757244453e-01 1.2094256191e-01
-8.4167161953e-02 -1.5128864923e-02 9.5211383074e-02 1.0770475436e-01 8.4617132265e-02 -9.9760424187e-02 2.5141385245e-02
3.8188759134e-02 -6.7317669689e-02 -1.2001765034e-01 -8.9866085947e-02 1.3919452719e-01 -7.7060393042e-02 -9.2922995389e-02
1.6747015230e-01 -1.7531260854e-01 -5.0605149441e-01 -5.9360123629e-01 1.9350251627e-01 -5.3368370199e-02 -4.2280301773e-01
3.1709653535e-01 -6.8945876206e-02 1.0159961633e-01 -2.0419474010e-01 -3.9576441199e-02 1.1970080985e-01 -3.5512531148e-01
-1.0189924104e-03 -1.3635568602e-02 7.2225816882e-02 1.9931072743e-01 -6.0637780688e-02 -2.6586612867e-02 1.9129151126e-01
2.9281354422e-02 -2.6636532405e-02 7.5790554871e-02 1.4258398101e-01 -1.0152590390e-01 -2.4667550780e-02 1.1544208451e-01
-4.6562047645e-02 3.6233803998e-02 -1.6919681265e-02 -6.3921333084e-02 1.3343794946e-02 -2.8736506067e-02 -8.8865909212e-02
7.5823445154e-03 -9.1684481962e-03 7.6148161291e-02 1.4209914422e-01 -8.4160725808e-03 -3.8323398790e-02 1.5539414415e-01
3.5557544521e-02 -2.2595160100e-01 -5.1136602374e-02 -1.5226667276e-01 1.5197178948e-01 -2.8683575900e-01 -1.3529215945e-01
1.7343115752e-02 -8.1971901067e-02 -2.8912161949e-01 -1.4731890777e-01 2.9762371889e-03 1.0936880246e-02 -8.0870757409e-02
-1.1124284025e-01 1.7801678245e-01 6.0935958341e-02 1.4247296638e-01 1.3477583572e-01 -4.4418151083e-02 1.9316438730e-01
5.8447996683e-03 -4.1781248771e-02 1.7981071769e-02 -1.8916307307e-01 -1.2827985927e-01 3.0731755683e-03 1.3712997516e-01
9.1930054837e-02 1.6764986124e-01 1.4492168999e-01 5.7570721209e-02 -6.3338088078e-02 7.7600048529e-04 1.0164047530e-01
6.0656420292e-02 -1.7094215931e-02 -1.9350143804e-01 3.0067967315e-01 5.9461305910e-02 -1.6053890693e-01 6.5462990841e-03
1.8042400119e-02 -1.6070392237e-02 6.0577605197e-02 8.3468635845e-02 -5.2659605382e-02 -1.6225577192e-02 8.3319665164e-02
5.9212872032e-02 3.6892838094e-03 3.9243996944e-01 1.5239676321e-01 -5.2041656539e-02 2.8720781468e-02 6.9532725897e-02
6.7924983345e-03 1.1658558834e-02 1.0529121100e-01 -2.6868629990e-01 -1.0125426156e-02 -1.0085685858e-02 2.1336814399e-01
-2.4167208332e-02 1.8211255469e-02 1.2522784232e-01 1.7169335335e-01 1.8753803674e-01 4.2705653530e-02 1.5413833136e-02
-7.8520043027e-02 -5.7950651421e-02 -5.2189148503e-01 -3.3286933634e-01 -4.9064257482e-01 -1.5744976252e-01 -1.4801009604e-01
-2.1844436710e-01 9.0696467729e-02 1.5884380313e-01 3.2339349512e-02 2.5099778030e-02 -1.6045870056e-01 1.8299636404e-01
1.4857676095e-01 -2.9881783401e-01 3.4615925289e-01 1.8973177751e-01 2.1681051464e-01 2.1421996405e-01 3.5881502856e-01
1.0682319096e-02 -2.1657377636e-03 -1.0279048912e-02 1.0108371626e-01 2.0226475466e-02 9.7439452380e-03 -5.8611513724e-02
-5.8460937738e-02 -8.3369482553e-03 -2.2060466479e-01 -1.6642678360e-01 -3.4709411146e-02 -1.5591163988e-01 -4.1936539570e-01
1.3234265005e-01 2.0264826838e-01 3.1224610232e-01 6.3074304215e-02 1.0549113912e-01 3.3357396578e-02 1.7083972070e-01
4.0623723006e-02 -2.1193235117e-01 -1.4125976085e-01 -1.7404610727e-01 -3.8125583825e-02 4.1214926511e-02 -1.3713641726e-01
1.8853622611e-01 8.5167232627e-02 2.2815634715e-01 2.6625977951e-01 1.2844146282e-02 -5.8659055125e-02 1.9466241312e-01
