5.9997754923e-01
5.0378777527e-01
8.3033873713e-01
8.1764619774e-01
9.7925609692e-01
8.1998845394e-03
7.7818120774e-02
-1.3066747743e+00
5.3349787693e-02
-1.7317079719e+00
-3.4129346631e-01
-1.1398411096e+00
6.6561122690e-01
1.7980168455e+00
2.2498136472e+00
2.2409199616e-01
3.8032829172e-01
-3.4389551144e-01
-3.7755175109e-01
-8.9522822821e-01
4.3854427484e-01
8.9066972725e-01
-6.9021290292e-01
5.7670065510e-02
1.2275110680e+00
-1.0948549944e+00
9.3023601505e-01
3.2641150684e-01
-9.7857840105e-02
-1.2620833293e+00
4.2690021400e-02
-3.5645464578e-01
-1.7562072537e-01
3.9198257322e-01
-9.2715799624e-01
3.4980001446e-01
6.7586177558e-01
-6.3234275894e-01
-1.7593726611e-01
-7.1348409730e-01
1.0684885750e+00
5.8819537865e-03
-6.2276123363e-01
7.1489162490e-01
-9.2647384834e-01
5.6709487354e-01
1.0264283259e+00
2.2813207366e-01
-9.4452273047e-01
4.9676553565e-01
1.6201287720e-01
-3.0337006781e+00
1.5918936176e-01
-1.7996294806e+00
1.3058505549e+00
1.5981946430e-01
4.9855723906e-01
-1.2688757572e+00
-2.4142661586e-01
-3.8266022145e-01
4.4522649466e-01
-5.8208796254e-01
-1.4595326424e-01
4.6318761976e-02
-8.5452344329e-01
-1.1395644205e+00
-1.2246216303e+00
9.0089177591e-01
-5.5404454972e-01
3.3495959224e-01
5.1725312995e-02
6.7484277177e-01
-2.4064970826e-01
-2.2851993542e+00
-1.3398426015e+00
1.5156503382e-01
1.5359145954e+00
-5.4190139432e-01
2.9859819682e-01
6.7706163017e-01
1.2395521551e-01
8.4118922188e-01
-4.2395227825e-02
-2.2033733949e-01
2.9106343931e-01
4.3054743118e-01
1.0844564530e+00
-5.4566075604e-01
2.7938721703e-01
-1.5183380877e+00
6.4858371008e-01
