3.7991502576e-02 -4.7307138712e-02 4.4616490106e-02 1.8572595263e-01 5.3947149162e-03 -9.6448677439e-02 1.9832639183e-01
-7.3912607693e-02 -4.2217510219e-02 -8.7925174867e-02 -1.8128820187e-01 -9.9824897308e-03 -2.1813866714e-02 -7.3736307526e-02
2.1480654649e-03 -3.2916764036e-02 -4.5820024216e-01 -1.0560905829e-01 -2.4359722149e-02 -1.6506179415e-01 -1.4445138428e-01
1.4970988249e-01 6.0220064034e-02 -1.1216676314e-02 -9.8895640755e-02 -2.3880258828e-01 -1.7869257026e-02 3.8057872605e-02
-8.9705945810e-04 -2.7735976821e-02 3.4420613164e-02 1.7009741654e-01 -2.8461935571e-02 4.1850915282e-02 3.7401919245e-03
-9.5928044513e-03 -6.4653563819e-02 1.2132744925e-01 -1.2853613102e-01 9.2555267129e-02 4.8983782315e-02 -8.1977933110e-02
-4.1465095681e-02 4.9039469630e-02 5.7126703717e-03 -9.5657331861e-02 7.6285547696e-02 6.6553286768e-02 -1.3879367547e-01
3.0701096874e-02 9.9450250443e-02 -1.3282005253e-01 -5.1577941736e-02 2.8476344395e-02 -3.2649335346e-02 -2.3691244833e-01
1.1310721724e-01 -8.8466588811e-02 -1.2628829267e-01 -8.4772250432e-02 1.8074929591e-01 2.4983610844e-02 -1.4421700906e-02
4.7279011743e-02 -1.7560849345e-01 7.1459823708e-02 -2.8485164392e-02 1.9809453628e-01 4.0159022537e-02 -2.4776028369e-02
1.9804228275e-02 5.9617748461e-02 -1.1203068159e-01 -2.3627155760e-01 -3.6924018138e-02 4.2635615624e-02 -1.4594303849e-01
2.8875806671e-01 -2.1733938893e-01 -1.4687066850e-01 -1.6989014920e-01 4.4190754349e-02 -3.5533298615e-02 -1.0886548815e-01
1.9560464174e-02 2.2939300008e-02 8.4619488474e-02 1.5628291300e-01 5.1772547838e-02 -8.2291697320e-03 8.8351685668e-02
-7.3970440988e-02 4.7019786608e-02 3.3994476174e-01 2.3685192635e-01 1.0634177470e-01 3.3820648509e-01 2.3350341736e-01
1.6337183016e-01 -1.7670294601e-01 1.5389385380e-01 1.1234048115e-01 -8.1781727395e-02 -8.3806327388e-02 2.0009648605e-01
-6.0590315759e-02 4.2579042383e-02 -6.6778227217e-02 -2.6255314866e-02 1.2443944805e-01 1.1791420581e-02 -2.0596678687e-01
7.4448486955e-02 -4.3162790041e-02 -3.7876197695e-01 -1.5102199172e-01 5.6597960019e-03 -2.0672727342e-02 -1.4241529178e-01
1.4190218965e-01 -8.2108646841e-02 1.7223170639e-01 1.5273649329e-01 2.0492798233e-01 1.0929676663e-02 9.6425667134e-02
1.1378979273e-01 2.9977138861e-02 -2.5117260795e-01 -1.8621940986e-01 8.2546534055e-03 2.5801422666e-02 -1.1412222951e-01
-2.9243474147e-02 1.3807942667e-01 -1.2946966452e-01 -8.5845428818e-03 -2.7605199551e-02 -9.8402604255e-02 -2.4412934774e-01
1.3313983226e-02 -5.9714386129e-02 1.0407512549e-01 1.6111129189e-01 7.3023389006e-02 1.7482829855e-02 -5.6567379336e-02
-2.9718018573e-01 2.3237536642e-01 1.8640410371e-01 1.7815119286e-01 7.0410145378e-02 -5.2238036866e-01 2.1988123058e-01
5.7097405834e-02 -1.1035792175e-01 -1.4706940671e-01 -1.8313683989e-01 -1.7128280975e-02 -2.3301527050e-01 -2.6293865008e-02
-4.3905045243e-02 2.5417479452e-02 -1.0347777772e-01 7.0719690076e-02 -6.4186787944e-02 -2.0763277612e-02 2.9340685298e-02
-2.4760091969e-02 -1.0035602913e-02 2.6483213704e-02 1.1646676509e-01 -5.8556268446e-03 1.8427071104e-02 3.3684626104e-02
2.4189689807e-01 3.0653076934e-01 -3.1221018392e-01 -2.2604186745e-01 -1.5594144607e-01 -4.9491866123e-02 -2.2758833316e-01
6.3081937413e-03 4.0492783476e-02 1.0930539871e-01 1.0320148666e-01 -2.9900432273e-03 -9.4254436606e-02 5.3307529777e-02
9.4955663166e-02 9.5831465433e-02 3.7483393531e-02 -1.7856733330e-01 2.7675549269e-03 1.5831561379e-02 -6.0006549380e-02
4.9889880525e-02 1.1880234974e-01 1.3047068964e-01 3.6703405141e-02 1.1302089038e-01 5.2653322706e-02 1.7432424157e-01
7.7431455773e-02 8.6694478256e-02 2.9955720199e-01 2.4359925358e-01 -1.5058276139e-01 4.9780090935e-02 4.0033654593e-01
-4.5092996004e-02 1.8108155153e-02 -1.6942472006e-01 1.1629238521e-01 4.5510537602e-01 1.1642940629e-01 -2.0655288634e-02
1.5978952188e-01 -7.1282690547e-02 2.7001636853e-03 -1.8671086237e-01 4.9753918576e-02 1.7839715988e-01 -4.4754174266e-02
-4.4587348393e-02 -1.2410380863e-02 -5.8782835112e-02 -6.9574642654e-02 -8.4163858021e-02 -8.7447235558e-02 -8.0554504514e-02
-1.1557597835e-02 -1.3721166534e-02 -7.0106456594e-02 2.8622391571e-02 -1.4961742725e-01 -1.1499492445e-01 -4.8808661452e-02
-1.2294056559e-01 -9.8993855806e-03 -1.4950702378e-01 -3.9228889597e-01 -1.3719720812e-01 1.3833807746e-02 -2.6834667751e-01
-4.6502628552e-02 1.6215746389e-01 1.3399307665e-01 1.6104625106e-01 -9.8687791472e-02 -3.8581755818e-02 2.7403276544e-01
-5.0415469703e-02 -7.1356530918e-03 1.2634023128e-01 8.7390922234e-02 3.3945701647e-02 -1.3216309059e-01 4.9081694351e-02
2.9782324958e-02 -2.3127070354e-02 -2.3551773734e-02 -1.2046206760e-01 1.7755454140e-01 8.8404855121e-02 -1.7042311473e-01
-9.5721438367e-02 -2.6516939196e-01 -1.8410400909e-02 -5.9034948492e-01 1.8327928005e-01 1.6527343226e-01 -5.3201034347e-02
-4.1708236820e-02 -3.4032139755e-02 -1.4862448338e-01 8.7866741032e-03 -8.2873097462e-02 4.2545094861e-02 -1.4498299736e-01
-7.0263523147e-03 -9.9144593476e-03 1.4245739738e-01 2.5217262757e-01 -1.6042369514e-02 1.9424711493e-02 1.7445825730e-01
2.1825556666e-02 -1.5811084776e-01 5.2994416999e-02 8.9060311161e-02 -1.4932523669e-01 -1.0784650844e-01 2.2077615504e-01
-9.7709657881e-02 -1.0993478465e-01 -1.8096035840e-01 -2.8118845133e-01 6.0061382533e-02 -3.5722073446e-02 -2.0452761717e-01
1.1653499826e-01 -1.7142795109e-01 -3.8167911485e-02 -3.9465258366e-01 1.0367171707e-01 -1.9380685943e-01 -3.9267451253e-02
-9.7761082096e-02 1.0689812088e-01 2.4344514719e-01 -6.0233057565e-02 5.3846655320e-02 2.3732746207e-01 -1.2124815564e-02
-6.3352441207e-02 1.3157786590e-01 -1.3056075125e-01 -1.7050360274e-01 -6.7321534961e-02 -2.4789534834e-02 -1.5131855301e-01
-4.5607467806e-01 2.4832989424e-01 -3.6022942753e-01 -3.5702068412e-01 -3.3863982434e-01 1.8003686876e-01 -3.4201492338e-01
1.7781600357e-02 4.3157910132e-02 -1.7215691353e-02 5.3991475520e-02 1.8489588902e-02 5.1649757854e-02 2.5071567678e-01
-1.4274114536e-02 1.4902003240e-01 -7.2285115409e-02 -9.0015570648e-02 -4.8818003449e-02 -1.9527199298e-01 1.3220269815e-01
9.9426153541e-03 1.6204154165e-02 2.1937302713e-01 -2.7762022960e-01 -1.9426575724e-02 2.6644480256e-02 4.5441875190e-01
5.6781496388e-02 -3.5530532150e-01 -3.1834209205e-01 -1.4574914675e-01 2.0798105153e-01 3.3775877592e-01 -4.3244000395e-01
-2.1780093948e-02 1.0013014777e-02 5.5043078912e-02 1.2695787107e-01 -1.2639696674e-01 1.2768461230e-03 1.7140643280e-01
8.1409327142e-02 8.4508078024e-02 1.5932579860e-01 4.3486475357e-01 -5.0368483399e-02 -8.4026249155e-03 1.4780920577e-01
-2.9315132336e-01 5.0036913618e-02 -3.2926573535e-01 -2.1893274431e-01 -1.4709174583e-01 -1.9126325109e-02 -1.7553918114e-01
7.2815293214e-02 -9.4563066483e-02 1.6170267150e-02 -1.0222109761e-01 5.7673017354e-03 3.8881821957e-03 -2.1155903434e-01
-1.9756807712e-02 8.4471119827e-02 -1.6832574808e-01 -2.0924690877e-01 -2.2717973093e-01 1.2890413206e-01 -1.2237795097e-01
3.3219313375e-02 -6.2196351185e-02 -1.3817053575e-01 -1.4239380164e-02 6.5255980846e-02 1.0528888484e-02 1.8511962115e-01
1.6663812407e-02 -1.0534275167e-02 -1.0063671387e-01 -1.7237210110e-01 9.9257533052e-02 1.0941451825e-01 -3.2680971651e-01
-6.2025825465e-03 6.1222312464e-02 -1.3534862158e-01 -1.4443915412e-01 1.5896753688e-01 -8.5498159057e-02 -1.8318361847e-02
5.4021814126e-03 -1.8449403410e-03 -1.1444062042e-01 -2.5984210337e-01 7.2331365033e-02 6.2925605180e-03 -2.0418597678e-01
5.4380199985e-02 1.1949007751e-01 7.7048830357e-02 1.2640421177e-01 5.3390350546e-02 5.0021910943e-02 -2.8881037790e-02
1.5571831385e-02 -9.3034949637e-03 9.9946766349e-02 2.4358151710e-01 -3.7466634540e-02 3.8726278107e-03 1.6400509159e-01
4.7139453265e-02 -8.6737174377e-02 1.7789614292e-01 4.2165720469e-01 1.2437730852e-01 -4.7106668468e-02 9.4092048410e-02
-4.3235049468e-02 5.2312233803e-02 9.3559118653e-02 1.1688082677e-01 3.4204787905e-02 2.1740747778e-02 5.6383894156e-02
-3.4422005376e-02 5.9817489692e-03 6.7190074327e-02 1.3295770623e-01 -6.9403954704e-03 -1.7402905322e-02 1.5200793870e-01
1.4412762192e-02 -4.1545599448e-03 1.0535323400e-01 1.1603966972e-01 7.0203649313e-02 -6.0627261228e-03 1.2107539777e-01
2.8701966035e-01 4.8491695111e-02 -1.2786646302e-01 4.0243143863e-03 1.1784527878e-01 2.8595649956e-01 5.6558119951e-03
-4.3494966701e-01 7.4449572119e-02 -6.4035153162e-03 -1.8720992183e-01 -2.1666342268e-01 1.8337979040e-01 -3.4134221342e-01
2.0633634669e-02 -6.9344533397e-02 -4.9823420527e-02 2.4940741766e-02 -2.0956430206e-01 5.6648671472e-02 9.0392672237e-02
-5.9580414165e-03 3.0905475368e-02 3.4336919530e-01 -4.1471852118e-02 -4.8739991394e-03 -3.5120150590e-02 4.0320402320e-01
4.0303781623e-02 1.9412290819e-03 5.4656902903e-02 1.8211341090e-01 4.3755739608e-02 -7.9186028983e-02 5.0402816331e-02
3.5889128348e-02 1.2398245220e-01 6.0585401491e-02 1.5453864794e-01 -4.7555285029e-02 2.1171534303e-02 2.3148689687e-02
8.7809144452e-04 -2.4556500008e-02 -1.7395112368e-01 -2.3391342570e-01 7.9377285560e-02 2.2994688000e-02 -2.0087047739e-01
2.6425640356e-01 -2.6485529048e-01 -1.8802506158e-01 -1.0269351887e-01 -1.1978965314e-01 -4.4257986014e-01 -2.9249922274e-01
-2.4826305928e-02 1.0963302116e-01 9.0455671461e-03 -2.7261879682e-01 -1.0322965647e-01 1.2759935556e-01 -2.4097636758e-01
3.3815813025e-03 2.2024819043e-01 5.2866112017e-01 2.9406506430e-01 -1.9324276220e-01 2.1079266740e-01 3.1165070271e-01
3.6676329454e-02 -2.0966391524e-02 -1.3991647416e-01 -3.0051297088e-01 -6.3767593872e-02 -4.1346727300e-02 -1.0915213343e-01
3.1020743671e-02 -5.0610191451e-02 1.0411676072e-01 1.7669225052e-01 -6.4985583296e-02 6.8270813659e-02 1.3764243962e-01
2.6662776516e-01 -1.1923942752e-01 -3.3278830258e-01 -3.1570655779e-01 -8.1577270665e-02 2.3794639787e-01 -1.7997751142e-01
1.1254566021e-01 -6.5214576864e-02 1.0323311424e-02 1.2712515246e-01 -1.1400961440e-01 4.0261900458e-01 4.3623525877e-02
-7.9404098201e-03 3.3855803702e-01 2.8064981515e-01 3.7201278332e-01 1.8071822754e-02 5.3814589425e-01 2.8281805298e-01
1.9506158582e-02 4.1398559752e-02 -1.3606109267e-01 -1.5329797919e-01 -4.4849289401e-02 2.0766132531e-02 -1.3383810849e-01
8.0750033282e-02 -1.4678477542e-01 6.2076258309e-02 -1.0114764507e-01 -2.9669341840e-01 1.4540630778e-01 -1.6938435730e-01
2.8636372176e-02 1.1055422956e-01 -3.4214662822e-03 7.6407110567e-02 6.5905554412e-02 -7.4396344103e-02 1.9503038503e-01
-3.3317459166e-02 3.7410197927e-03 -1.9729794386e-01 -2.2636861384e-01 2.2470728384e-03 6.5453873848e-02 -1.4790159448e-01
1.2069265362e-01 -3.8342013173e-04 2.7773770558e-02 3.1794570501e-01 4.6397888193e-01 -4.5577495808e-02 1.9485432431e-01
1.9817987213e-02 -5.1534375293e-02 2.6611390243e-01 1.5385217982e-01 9.2185585978e-03 -1.0163574701e-02 1.3077126521e-01
3.6652753907e-02 4.5025902773e-02 1.1723961219e-01 2.6288327392e-01 9.2055614703e-02 -4.5700923861e-02 5.5484573025e-02
-1.1253117501e-01 1.3541030563e-02 -4.3072596266e-02 -1.4109769172e-01 1.1091112853e-01 1.8255557641e-03 -4.3080502124e-02
-2.9752370936e-02 2.1285553636e-01 -6.3080682464e-02 -1.6575410701e-02 -1.6759000017e-01 -3.4781621351e-02 -1.1385283199e-02
-1.9868066976e-02 2.6888603707e-02 1.4335916026e-01 -6.8143610067e-02 -1.9055266415e-02 2.2097486328e-02 7.1093484373e-02
1.0459920062e-01 -4.7809297326e-02 7.3111641983e-02 -1.6087330601e-01 -1.2623927894e-03 -1.7171402184e-01 1.0344974750e-01
-7.1845631843e-03 -1.8593563389e-02 -8.9640000677e-02 9.1733412690e-02 9.7359269070e-02 -1.0626569082e-02 -1.5287940309e-01
4.0686434461e-01 -2.6341441236e-01 3.1010993856e-01 2.6864027747e-01 2.7421243324e-01 -1.7839289510e-01 2.0705407824e-01
1.5996270599e-01 -2.5593461411e-01 -3.0675010626e-01 -1.4040450045e-01 -1.9070036662e-01 -2.6851045485e-01 -2.4562490345e-01
4.3138027041e-02 -1.2027302797e-01 -1.1233121050e-01 -8.9201870319e-02 5.6958221754e-03 -2.8714354576e-02 -2.8537757267e-01
6.4511439062e-02 -2.4537085004e-01 -3.2545877313e-03 -5.9276764498e-01 9.2403424768e-02 2.4585955704e-01 -2.0904126086e-01
-1.0399493392e-01 -9.8306595927e-02 3.5346435623e-01 3.5969950427e-01 -9.7055497385e-02 2.3145129362e-02 1.1908357244e-01
-1.0061551570e-01 -4.0153883035e-02 -6.3634887672e-02 -3.7831225194e-02 1.0512103672e-01 -6.0371497386e-02 -6.2220408417e-02
2.5052162160e-02 6.3162396957e-02 -6.0286302671e-02 -2.7296873521e-02 1.4882183147e-01 9.2293935574e-02 -9.1917907885e-02
-1.0070745904e-01 -2.5346237195e-01 1.0475310240e-01 1.6113301370e-01 1.2317705672e-01 9.9892043708e-02 1.3318962391e-01
-2.0520627487e-03 -1.8721267921e-02 -1.2647349791e-01 1.2040302753e-01 -2.1186247820e-04 -8.1202793952e-02 1.0114001766e-02
5.4842096501e-02 -1.0511408296e-01 1.0525676193e-01 3.3276519392e-01 -1.2631072567e-02 -7.4422728585e-03 1.8329756843e-01
-2.8537254251e-03 -2.0631479001e-02 -1.3702071904e-01 -1.4039493963e-01 5.6350882551e-02 -9.9117609254e-03 -1.0749516574e-01
7.9440072669e-03 4.1269433989e-02 -1.2445759571e-01 -3.6910601057e-01 7.7599691490e-02 -3.2962892477e-02 -3.6922919180e-02
-8.5563939852e-03 3.6859330972e-02 -2.7261700072e-02 -1.0238403126e-01 -8.9967411167e-02 -1.4758934773e-01 5.9831715749e-03
9.3708169939e-03 3.9552565008e-02 8.1161528802e-02 5.8839533019e-02 -3.2871362031e-02 7.4819550267e-03 2.4939478806e-01
-1.1994996889e-01 -3.5422524582e-03 5.6201906893e-02 4.8989147121e-01 -1.5230284854e-01 -7.6763838252e-02 2.3165740100e-01
-1.0515766511e-03 1.4393920295e-01 -1.2913173984e-01 -9.3719238608e-02 3.5971141313e-03 1.8349186911e-01 -2.5843713077e-01
-2.5722071240e-01 7.7165821929e-02 -2.5486801085e-02 2.3304428852e-02 4.3724748200e-02 1.1145115609e-01 -6.7178150936e-02
1.1684677485e-03 3.5124027250e-02 -1.0356797698e-01 -1.6682863742e-01 5.6982024142e-02 -1.4884439579e-02 -1.2197964604e-01
1.7833403738e-01 1.2570499776e-01 4.3478344386e-01 -8.8547687837e-03 -2.7778526497e-01 -1.0235309955e-01 3.6601672856e-01
-6.0209475483e-02 -1.0477474785e-01 -1.1845477898e-01 4.7196458536e-01 1.9907598051e-04 -4.5242415494e-01 1.0724279880e-01
2.0610871007e-02 1.1660963386e-01 -2.4182954931e-02 -5.0111475139e-03 -1.7803870729e-02 3.3633403501e-02 -1.8583488045e-01
-1.3284522338e-02 -2.7251030704e-02 1.1258774287e-01 2.1061233644e-01 2.2582055994e-01 2.1770065400e-03 1.3011859278e-01
-1.7572874996e-01 -1.1400661440e-01 1.4526643376e-01 3.3731959363e-01 -1.6239544211e-01 -1.2221297647e-03 1.8725766195e-01
-2.0464386593e-01 1.5761216212e-01 7.1875905559e-02 8.4487183616e-02 1.6229686494e-01 -7.7437741628e-02 1.6939364880e-01
-1.0787815667e-03 6.4073143816e-02 1.4339270884e-01 1.4916086089e-01 -3.0695167789e-02 8.7600544390e-02 6.0963810438e-02
1.9377799914e-02 1.4966858825e-01 1.2804871191e-01 1.2998429468e-02 4.9646754448e-02 1.2497791182e-02 2.0252830703e-02
-8.4790524567e-03 1.3544841117e-01 6.1076447926e-02 -1.6246801450e-02 -8.4462032424e-02 -3.9911412555e-02 2.1196338399e-01
2.6041172112e-02 1.5284909365e-01 -2.1777601570e-01 -2.2631678137e-01 -2.9091219905e-01 8.0874009706e-02 -2.5053264480e-01
-4.4448700802e-02 -7.1771420232e-02 -8.0727661036e-02 -2.6705244847e-01 7.6673239507e-02 8.1628347071e-04 -2.0629740124e-01
-1.7142898379e-02 -1.5937225948e-01 -1.5274837618e-01 -7.0609118695e-02 1.0879497213e-01 -1.3630709703e-01 -8.8748874806e-02
4.3897254786e-02 -5.8722942855e-02 6.1633825157e-02 1.6568165532e-01 1.1696554705e-01 -1.3081510090e-02 2.8001564582e-02
-1.2845469672e-01 2.3326410066e-02 -3.1964519492e-02 1.4776222849e-01 1.0333890532e-03 1.9554021723e-01 2.1412690014e-01
-2.2326428563e-01 8.9526836559e-02 -2.5327046294e-02 -4.1833616060e-01 -1.3855040881e-01 1.4045750052e-02 -2.3314325781e-01
-2.3409511014e-04 8.2037194880e-02 -3.6272828703e-03 -2.0576666641e-01 4.1625311290e-02 -6.7008814673e-02 -1.1609207776e-01
-7.2335139127e-02 -7.4702822848e-02 1.3628707533e-01 3.1277237608e-02 1.2235524845e-01 -4.6305749922e-02 -3.3389108380e-02
1.0767212663e-01 5.8135654840e-02 -1.7695361754e-01 -4.6009427923e-02 1.1058253242e-01 -4.5508051514e-02 -2.2027696486e-01
9.5819470573e-02 -1.3791081302e-01 -4.4743618833e-04 -6.5077933104e-02 1.1252027776e-02 2.9498604068e-02 -1.8219941438e-01
-4.6958326319e-02 -2.8261959194e-01 -4.3583464002e-01 -3.5986259244e-01 3.5612319001e-01 -6.9363079458e-02 -3.4238771301e-01
1.0336927579e-01 1.2001304257e-01 1.9667653680e-02 2.6879362475e-01 3.1836576745e-02 -9.9200172706e-03 4.3728406385e-02
-1.9881790770e-01 1.5621925961e-01 -9.3937139905e-02 -1.2342334561e-01 8.7870024929e-02 8.8036826413e-02 -1.0851382263e-01
-5.0292705039e-03 6.2759621182e-02 -1.4936016511e-02 -1.2815492013e-01 -1.8008147502e-01 4.9336195772e-02 -3.2904323215e-02
1.3971345198e-01 1.2395169042e-01 2.4568145444e-01 5.1676223725e-02 -8.8504655812e-02 2.3279563467e-01 8.1772204242e-02
1.0563801481e-02 -8.4466438799e-02 -1.1639915362e-01 -1.8402612843e-01 -5.3723444194e-02 3.0070849120e-02 -2.9690533660e-01
-7.5060168170e-03 -8.7289736860e-02 -2.0369446309e-02 1.5700535373e-01 -1.0397765887e-01 -8.8852196213e-02 3.8240490236e-02
8.1127121886e-02 1.1914867399e-01 -4.3669817305e-03 5.4042372850e-02 3.2081575731e-02 -6.5486173138e-03 3.7353376307e-02
-2.4013577196e-02 -5.6344315380e-03 -1.2218222924e-01 -5.7214871256e-02 -7.4090673478e-02 2.8547422357e-02 9.6679301267e-02
1.0791778725e-01 -8.2739546025e-02 7.4087047671e-02 -2.8135872162e-01 2.2081726387e-01 1.2493423713e-02 -2.3083951246e-01
-1.2351379661e-01 3.4915579626e-01 1.4031156473e-01 4.3505189014e-01 -2.1108162489e-01 -2.2461666207e-01 3.0032635263e-01
-2.5728085201e-03 -2.9882331920e-02 7.6569560282e-02 1.8869873908e-01 -8.7986784953e-02 -6.7340717693e-03 1.0911797268e-01
7.8057160506e-02 -4.6393819861e-02 3.3622092319e-01 1.7426045676e-01 1.1348662409e-02 1.4122973524e-01 2.6588752788e-01
-5.4374199870e-02 1.3117107860e-01 -7.5134305283e-02 -2.7948324513e-01 5.3931235776e-02 1.4272075741e-01 -1.9962706665e-01
-8.8193781145e-03 1.1742327671e-03 1.0721137526e-01 2.2137893330e-01 -3.0965639838e-02 4.4322433787e-02 8.2419733325e-02
1.8167681929e-02 4.7671865529e-02 -1.1136544423e-01 -2.0330318923e-01 1.2651037934e-01 -3.0141531220e-02 -1.6921336149e-01
-8.1019653168e-03 -2.6972050589e-02 -6.5708872674e-03 1.2783822770e-01 3.6100984996e-02 -6.3432614349e-02 -5.2086332141e-02
-1.1233547521e-01 4.5222836504e-02 -1.5304516666e-01 -1.4073378499e-01 -1.4444759780e-02 -1.2092196993e-02 -6.8219548500e-02
-4.6076043314e-02 -8.3181940646e-02 -2.5592002260e-02 -2.1691180819e-01 -1.9453128895e-02 2.4242737514e-01 -6.8769335583e-02
-2.9364010427e-02 -1.3907545652e-01 -3.5703916002e-02 -3.4288750458e-02 -1.1812095737e-01 8.6945004800e-04 -2.3268225533e-02
-1.8503251829e-01 -1.6919462460e-02 -6.9551783466e-02 -2.5728488445e-01 1.4316489765e-01 -1.8246716102e-01 -2.5484469678e-01
5.4740635272e-02 1.2958270485e-03 -1.3016798069e-01 -7.4268978350e-02 3.6039094722e-02 4.8724656410e-03 -6.0054584531e-02
2.1810071887e-01 -7.2208353057e-02 -8.0734790329e-02 -2.8069128017e-01 3.2104565686e-01 -7.5700295443e-02 -9.7773812874e-02
-2.0913649547e-02 -4.6543864039e-02 -5.7886716737e-01 -3.6163208041e-01 -7.8102718445e-02 -1.3113807968e-01 -2.3974437302e-01
8.6005198190e-02 -3.9244405369e-02 -2.1514104790e-02 -7.0762998997e-02 1.7431792490e-02 9.6301336880e-02 -1.3223964845e-01
9.3159621540e-02 -1.6412389786e-01 5.5462158523e-02 3.7772064414e-01 1.7061932849e-01 1.2554137446e-01 1.3631926952e-01
1.6797703866e-02 -5.9014326221e-02 -1.3087242257e-01 -1.8899482246e-01 -3.3409340148e-02 3.9675580132e-02 -8.8368932295e-02
-1.4424363866e-01 1.6138620585e-01 2.0974977201e-02 9.9917292787e-02 -8.3870677708e-03 7.1630330756e-02 2.1891037215e-01
6.1340346385e-02 -8.5469538195e-02 1.3267411091e-01 3.7480521281e-01 6.1984287963e-02 1.2856464992e-01 1.8568283362e-01
-1.9038558827e-02 -3.7370046971e-02 4.1337011590e-03 -2.9162950001e-02 5.9561439137e-02 -2.6118604977e-02 1.6516043075e-01
-1.6785689829e-01 -5.6464106068e-02 -8.4875580435e-02 -1.4585094097e-01 1.2121726366e-02 -1.1675043346e-01 -4.0248562340e-03
3.7908768778e-02 -7.1884249776e-02 1.0124218317e-01 2.1239924528e-01 1.6845952420e-01 4.5960727408e-02 5.5270021463e-03
1.5031195011e-01 -1.0926798713e-01 -1.3882365788e-01 -2.9954524455e-01 -5.7031315859e-02 -3.9054878293e-01 -6.3586336382e-03
5.5601859029e-02 1.1798572017e-01 -2.4095719100e-01 -6.4196875011e-02 8.3979815322e-02 4.7961569521e-03 -8.7580090214e-02
-8.6529208143e-02 6.0124213223e-01 1.8524588262e-01 3.5227289352e-02 -1.5256494730e-01 -1.7700127225e-01 3.5120967147e-01
6.6545403338e-03 6.1872568778e-03 1.1066593763e-01 1.5517854787e-01 5.2410475277e-03 -7.3768475196e-03 1.7060152702e-01
3.2038602557e-02 -9.7049579027e-02 2.0759143234e-01 4.4060357275e-02 4.2735871432e-02 -8.2288536090e-03 1.8336690604e-01
1.8666827517e-01 -1.1945337073e-01 -5.5906805582e-02 -1.0004979498e-01 1.2952026581e-01 -1.9602933866e-02 -6.6518506950e-02
-5.7482034780e-02 8.3835911224e-02 -1.1474954325e-01 1.4908229249e-03 2.3488755157e-01 -4.2705844755e-01 -2.8308722910e-01
-1.9240552233e-02 -1.0385289213e-01 -1.4816277599e-01 -3.4524618494e-02 1.4345431270e-01 2.4109310812e-01 -1.9869384288e-01
-1.8507738732e-02 2.8431735042e-02 -1.2217920445e-05 7.8873897031e-02 -5.8824318080e-02 4.2004016071e-02 1.6796491714e-01
-6.5551939253e-02 -3.9890962387e-02 8.6395869659e-02 9.5506173541e-02 3.1249646205e-01 -3.2581947930e-03 1.0189091581e-01
-8.5508341643e-02 2.4171906116e-01 -2.6226735047e-01 -1.4571478871e-01 -2.3255841887e-01 -3.2605378918e-02 -2.9488851196e-01
-1.8232696108e-03 -3.5393686160e-02 1.8806604430e-02 -7.2816877192e-02 2.8475493669e-02 -3.8255678761e-02 -1.5964928191e-01
1.5118937759e-02 1.5511284673e-02 8.4070204158e-02 7.7045214134e-02 2.7940879500e-02 2.2482525492e-02 1.2190532714e-01
2.5139946908e-02 -1.2653575023e-02 1.3922454975e-01 2.4662985712e-01 -1.9137498834e-02 -5.0835289271e-02 2.2245772667e-01
6.1958842503e-02 -1.0841049653e-03 8.1738050773e-04 8.3550800770e-02 9.2107853707e-02 2.2243551068e-02 3.5712149873e-01
2.3698901910e-02 5.4533181914e-02 1.0865984050e-02 -1.5068004117e-01 2.2973221898e-02 -1.0047498465e-01 -1.4186636669e-01
9.7923149969e-02 8.5328808495e-03 1.0344981375e-01 1.5482071589e-01 -5.7426397659e-03 4.0632086132e-02 1.0805541437e-01
3.3460656772e-02 4.9889050989e-02 1.0472468531e-01 1.4475156320e-01 3.8286428872e-02 4.5230367818e-03 2.7095490618e-02
-1.5361028600e-01 3.8502014721e-01 -2.1787187496e-01 -3.5666910675e-01 -1.7692662691e-01 -1.2973028589e-01 -3.7181661839e-01
-2.4263555736e-02 7.1600707069e-03 1.0367746585e-01 8.8445380937e-03 1.6874636557e-01 -1.1113095157e-02 -4.9917420223e-02
8.5287267848e-03 4.2124727357e-02 1.6110650133e-01 2.5239748970e-01 1.5243947580e-02 1.8136355012e-02 1.0887975528e-01
-1.3358484651e-01 -2.1242870703e-01 -2.9367033305e-02 -5.3059895315e-02 -2.6373522748e-02 -1.6674923388e-02 6.9476450094e-02
1.3617105097e-02 -9.4667788554e-03 -1.2044057414e-01 1.3532819751e-01 2.8829510015e-02 -5.6483882358e-02 1.3884012373e-01
-1.5205133894e-01 -6.5704230127e-02 -1.5713650262e-01 1.9207306724e-02 -9.7133316213e-02 1.6098894756e-01 -1.0509368534e-01
4.0582422445e-02 1.1672996669e-02 -2.7408720261e-01 -1.4236198338e-02 5.5035688477e-03 6.5871226292e-02 -1.6934218403e-01
2.9521621647e-03 8.4510455680e-02 -6.5508949604e-02 -1.3962151180e-01 1.3154135911e-01 -8.2281511061e-02 -1.2088654702e-01
-7.0218809541e-02 8.6984897868e-03 -4.9050157719e-02 -6.0111321988e-02 3.6831559500e-02 1.8978530182e-02 -2.7099268514e-01
8.8309374554e-02 1.3435999021e-01 -1.1365007436e-01 -1.4899432174e-01 2.4229951640e-01 1.2894166468e-01 -1.1446574363e-01
-2.5705433851e-03 -1.7065829057e-02 -3.9035710410e-02 -1.0593547616e-01 8.1489222237e-03 3.3136499100e-03 -1.7275709158e-01
-2.6063483771e-02 3.0991043347e-02 1.7321634113e-02 -1.2445023455e-01 -4.5709577206e-02 -5.0080957953e-02 -1.5205781196e-01
-7.3216997405e-04 -9.3316977971e-02 -2.0475034908e-01 -2.9572337887e-01 1.1031137380e-01 1.3118760853e-01 -2.5908155403e-01
-2.5613887204e-02 -1.7752153137e-01 2.1784614697e-01 2.0296053878e-01 2.8850802713e-01 1.3366493093e-01 2.0463185248e-01
2.9176324331e-03 9.1772110424e-03 1.9112754474e-01 4.9141681198e-02 4.0952814817e-02 3.7747820252e-02 2.5845832051e-01
3.0087806581e-01 -2.0245696790e-01 -1.1744390119e-01 -8.8884442537e-02 5.9686280260e-01 -8.9353763680e-02 -1.8332206526e-01
1.2708007051e-01 -1.7159599920e-01 2.2326238543e-01 1.7972809914e-01 -1.0987454175e-01 -1.2800658788e-01 3.3667628421e-01
3.7801601707e-01 -1.7803434124e-02 -1.1373261427e-01 -2.9332282913e-01 1.9905538749e-01 1.0190366362e-01 -1.8285360580e-01
-4.2466127106e-02 -3.6266967771e-02 6.6433454926e-02 1.2783536605e-01 4.6967878701e-02 -7.1310662793e-02 -1.7587541767e-02
-2.5130994536e-01 2.2455712995e-01 -2.5776288380e-01 -3.8814676805e-01 2.0422489162e-01 -1.5893715370e-01 -1.8202035857e-01
