-1.4881229490e+00
-1.3936373891e-01
6.3153307530e-01
4.9708812248e-01
2.7623591554e-01
1.5845848940e-02
-6.5601145284e-01
-1.7107733872e+00
-9.6207547365e-01
-6.4496299585e-01
-9.1040617541e-01
-5.3059820967e-01
-1.8059914588e+00
-9.3778100098e-01
3.3034298395e-01
1.1464193537e+00
9.2760809224e-01
-1.3658822914e+00
8.3796734405e-01
-1.1697717160e+00
8.8760373377e-01
-1.8113142323e-02
3.8497753613e-01
-1.1335973300e+00
1.5379495814e-01
4.8106590172e-02
1.4523530044e+00
-8.9717425191e-01
-1.7019158872e+00
1.3574152008e-01
1.2850733527e+00
1.0374819727e-01
4.0329254940e-01
6.9271719277e-01
6.8084650835e-01
3.8004784825e-01
-3.9916435454e-02
2.7466481482e+00
-1.6725639072e+00
-3.5463383030e-01
2.1950032809e+00
-8.6478881477e-01
1.0562677370e+00
-3.4745964331e-01
3.0225370171e-01
2.5210852507e-01
7.2091324319e-02
1.3774404413e-01
-2.8408253220e-01
1.0079925486e+00
-1.4119958243e-02
-6.7069852785e-01
-2.7440779586e-01
-1.5158220174e+00
-6.9588452572e-01
-4.0644034584e-01
-1.1451226077e+00
-3.6725655605e-01
2.4547991703e-01
-4.4694697120e-01
-1.0442670008e-01
-4.4009768958e-01
-1.5352995204e-01
-1.2315360914e-02
-1.0713336918e+00
-5.2915858487e-01
-7.4907723880e-01
-6.0441203717e-02
-5.6293630769e-01
-2.9778072175e-01
2.9445042670e-01
2.0083564674e+00
-1.9111664996e+00
-3.6955689939e-01
4.5345890932e-01
1.0049510849e+00
-1.0086257310e+00
-8.2442248230e-01
-2.2139043883e+00
6.0563151916e-01
-6.5366845114e-01
3.6203235589e-01
1.8552985390e+00
-1.5942344571e+00
-5.0348394613e-03
-6.2590738693e-01
-5.0361564577e-01
-1.6716632703e+00
2.6126083006e-01
-9.8317026142e-02
4.3407310494e-01
6.0449930407e-02
2.1758120352e-01
-7.2881296785e-01
-2.7151754838e+00
1.0880841240e+00
9.8589298836e-01
-5.9110818531e-01
-3.4562450407e-01
1.9505673422e+00
1.2951541788e+00
-1.1317645434e+00
2.3288179411e-01
1.1718786109e+00
-8.5484588780e-01
-8.0435329618e-01
-9.9062153646e-02
-1.8354863001e-01
9.5925128548e-01
1.5800459162e+00
-8.4748330759e-01
1.0623284600e+00
4.7204123075e-01
-2.3012562652e-01
-1.0750835526e+00
-3.0129452754e-01
-1.8121900620e+00
-1.7554995638e-01
-2.9453301094e-02
-1.1317347826e-01
-1.2911911535e-01
3.1063816379e-01
3.0134851919e-01
-1.3498430761e+00
2.8626360426e-01
-8.7600739926e-01
-2.3971844255e-01
-7.3540745189e-01
1.6238631505e-01
-9.0070426381e-02
-1.2749860425e+00
1.1468425093e+00
1.3309037209e+00
-1.2939020459e+00
-2.6684506379e+00
1.0264919942e+00
5.9965039662e-01
-2.9754445483e-01
-2.2138394033e-01
8.9144134825e-02
7.6499175224e-01
-1.4422879482e+00
2.9681577098e-01
-5.8838105859e-01
7.1959039225e-01
1.2273760336e+00
-2.6522658981e-01
1.4571076034e-01
8.9373045930e-01
-1.6489860135e+00
-1.8656806056e-01
3.1950163992e-01
8.3712390484e-01
3.9791851143e-02
1.1725314546e-01
5.5181663841e-02
9.0000639019e-02
-2.0428618686e-02
1.2736876537e+00
4.8984088757e-02
3.0338560007e-01
-1.1795427477e+00
-2.0853245861e+00
9.4049645159e-01
-1.4079638802e-01
-2.1714617816e+00
-8.5651819620e-02
-1.1417978257e+00
-1.5093825101e+00
4.8446211771e-01
-1.1633931060e+00
-6.7720304666e-01
-1.5076757646e+00
9.0556949041e-01
1.5149803527e-01
3.2557817537e+00
-1.4756290742e+00
5.0747143635e-01
-1.5724095041e-02
1.5911607246e+00
7.0914520230e-02
7.0922473461e-01
-7.0424393019e-02
1.6309608120e+00
-2.2406007764e-01
2.2002474441e-01
1.5467916207e+00
3.2251439994e-01
-6.3760686279e-01
8.4528243848e-01
-9.8629070606e-01
5.6031350813e-01
1.0327835897e+00
-1.0215332571e+00
-7.9342364100e-01
-1.8301281703e+00
-6.9339492338e-01
-2.7902425801e-02
-3.6907127936e-01
-2.3497421358e-01
-4.2719672239e-01
-1.3304405103e+00
1.7612499062e+00
2.1302869764e+00
7.4006908895e-01
-1.6918482395e+00
1.5950867661e-02
9.4156561188e-01
-1.9283081681e+00
-4.8095366915e-01
6.7842216223e-01
1.3411920699e+00
-8.5777583294e-01
3.5857792433e-01
1.1360794872e+00
5.2814554792e-01
1.7365363801e-02
6.9417317850e-01
2.2685613425e-01
1.4637653997e+00
1.0180950496e+00
1.9299377306e+00
-1.3936872603e+00
-1.2328839294e+00
-6.1033360528e-01
1.7790632611e-01
1.3563453092e+00
-2.4637081984e-01
6.3638066325e-01
1.0502467301e+00
9.1863097998e-01
-2.1409870002e-01
7.0799806388e-01
-7.6102930273e-01
2.5357088537e-01
5.6855411537e-01
3.3332842735e-01
-8.1353599051e-01
-3.8161324250e-01
-1.7234694494e+00
-8.5352608159e-01
3.1705020790e-01
4.4559228906e-01
3.5348969906e-01
-2.4563185971e-01
1.0087075873e+00
-9.3189191687e-01
-2.0055889466e-01
