-3.3218287446e-01
2.2649968475e+00
-6.8659563372e-01
-1.7362645611e+00
3.8689759788e-01
3.6820586876e-02
4.6355623385e-01
2.1107033318e-01
-5.1997844939e-01
2.2180403409e+00
-1.0225608882e+00
7.4538327274e-01
1.9454332283e+00
6.8061520997e-01
-1.7137513418e+00
2.5211212497e-01
1.3048550810e+00
-9.0734583547e-01
-1.2636070864e+00
-5.0635768573e-01
-3.3907611472e-01
-7.9209530445e-01
1.6717995550e-01
-3.1315233385e-01
-9.9976625586e-01
-1.5565658218e+00
-3.4519082578e-01
-5.1507922693e-01
-7.8466660907e-01
2.0287867332e+00
-1.4657325993e+00
-1.0707010295e+00
1.3346349356e+00
2.5953493067e-01
-6.0545245142e-01
-6.2828275466e-01
-8.6047116883e-01
-1.0741473144e+00
-1.0972989021e+00
-6.0703484820e-01
-7.6420260694e-01
1.0170980040e+00
7.5162755932e-01
-1.7414998988e-01
1.1802757675e+00
1.5124078420e+00
-6.3284448394e-01
-4.2979836414e-01
9.6714908433e-01
-2.7582151446e-01
-1.1769836296e+00
-9.5851001753e-01
3.4045220075e-01
-1.3761888860e+00
4.9448327112e-01
-7.0824949360e-01
-1.7692656016e-02
-7.0816156168e-01
3.3187663664e-01
1.9885864529e+00
-5.4643127210e-01
1.1712459828e-01
1.5995603054e-01
1.2237695739e-01
-1.8566194847e-01
-1.0254533165e-02
-3.6745600378e-02
-4.0956255468e-01
-1.3298355918e+00
5.5926807481e-01
-1.2919083695e+00
-7.1835304006e-01
-1.6394819464e+00
1.9106221881e+00
-8.4693916301e-01
6.7110896232e-01
1.6968385469e+00
-4.8483338123e-01
1.2778825942e+00
-1.2938575092e+00
9.3316081480e-01
1.6110959939e-01
-2.2854883859e-01
1.4573695780e+00
-5.4257711579e-01
-7.0281536900e-01
-1.2191018793e+00
1.1961202667e+00
1.3678517323e+00
-1.5509462906e+00
-1.8120668633e+00
-2.6173437502e-01
-9.3818506842e-01
6.2538793249e-01
1.6862813077e-01
-3.7196800447e-02
-7.2055848199e-01
-9.4518216863e-01
7.7325073255e-01
-2.9009815034e-01
1.1246534970e+00
3.7314650807e-01
4.3611013225e-02
-6.9183919965e-01
1.5259994198e+00
5.0139697477e-01
1.5435730536e+00
-4.9967413638e-02
-7.8475638466e-01
-5.9314088617e-01
1.7091744545e+00
-4.1256062793e-01
1.2051081077e+00
7.3073976965e-01
-1.6231164687e+00
-1.2566703496e+00
-1.5300950389e+00
-2.0946984848e+00
6.9295552244e-01
7.6991756057e-03
1.3327755167e+00
-1.9226559163e+00
-6.1725194352e-01
1.1548816901e+00
-9.6805731979e-01
3.5425290745e-02
-1.9204598011e+00
-2.9429274716e-02
-2.4822871607e-01
2.1366798263e+00
1.8186175569e+00
-6.7692557129e-01
1.8749073869e-01
-4.3060851525e-01
5.6078165158e-01
7.1897999942e-01
-1.0964836224e+00
5.4173072728e-01
-5.6207901323e-02
4.2888854528e-01
-3.6911160017e-01
4.2377356408e-01
6.0657636318e-01
5.4150836587e-02
-2.7484042019e-01
