-1.6982303972e+00
2.7785695225e-01
-8.1608220550e-01
1.1807179093e+00
-1.1610423869e+00
-1.7690461234e-01
6.1739664059e-01
-2.0839153145e-01
1.0964803399e+00
6.9772879435e-01
-5.4938864803e-01
9.8091751637e-01
2.2422617736e-01
4.3488155098e-01
7.7266895124e-01
-4.2065081425e-01
9.8417145111e-01
8.9928887207e-02
1.2401684597e+00
3.8532963674e-01
2.5087252466e+00
5.8104982901e-02
-7.8668257930e-01
2.2223625587e-01
4.4387862556e-01
-4.2195458744e-01
-3.4425426661e-01
-1.3221939605e+00
3.0616276346e-01
5.1755375735e-01
2.1598404361e-01
6.5414764900e-01
-1.4150146862e-01
-9.7026417880e-01
-8.4730618862e-01
-6.0971020427e-02
-1.1112265307e-01
2.9030706994e-01
3.7743065642e-01
2.4249388731e-01
1.7010648890e+00
8.2171856697e-01
-1.0928477309e+00
9.7401899638e-02
4.1052424066e-01
9.5416590486e-01
1.3611844123e+00
-2.6428832734e-01
1.2649909547e+00
-1.3855083002e+00
1.2443951180e+00
-1.5771014562e+00
1.1441035003e+00
9.7663927512e-01
-8.5792520274e-01
3.8718706830e-01
1.5498924525e+00
1.3359085574e+00
-3.6313853594e-01
5.3571022303e-01
8.6271959186e-02
7.4981500908e-01
2.2055052343e+00
-6.8105931405e-01
5.9266931912e-01
1.6937362447e+00
2.6126718856e-01
-1.3959659000e+00
4.3136974104e-01
-2.2137967088e-02
8.1676550962e-01
8.2734893204e-01
3.2811937234e-01
5.0409270565e-01
3.6591843458e-01
-2.3559549016e-01
