-9.4167227745e-01
9.0982011672e-01
-4.9294837959e-01
6.2378996183e-01
1.0523851986e+00
-1.7123359206e+00
-1.2333846925e-01
2.1937337430e+00
2.2830875757e+00
-3.7767715851e-01
-7.2577328234e-02
9.1498524035e-01
2.5310842903e-01
2.8659144420e-01
6.5584207226e-02
-1.9412477218e+00
-7.0270766895e-01
-5.7001679603e-01
1.1167262305e+00
-8.0537233144e-02
-1.5300970686e+00
-7.4068573326e-01
2.1371295880e-01
2.1068794504e+00
-1.4145242571e-01
3.3589668438e-01
-1.3110879881e-01
1.6184850035e+00
-1.5630204838e+00
1.8857841153e-01
-1.5438967324e+00
6.7589879303e-01
2.8460125749e-01
-1.0630208010e+00
1.0413684264e+00
-7.6567006167e-01
-6.9553298584e-01
1.9290927117e-01
8.0896353779e-01
1.2715348027e+00
-2.0081176997e+00
7.7270208462e-01
-1.1105299283e-01
8.9997645886e-01
1.2705349260e+00
2.1278431755e+00
-1.3307258356e+00
9.5343556450e-01
-4.3325570945e-01
3.3959648900e-01
8.6196715510e-01
-9.6493105922e-02
-2.4962761096e+00
3.3374774487e-01
-2.3986087268e-01
9.0810527306e-01
8.9448137548e-01
2.0118300908e+00
1.4076907045e+00
-1.3823189070e+00
1.9860035294e+00
-5.0605607026e-01
6.2585266349e-01
3.0488758618e-01
6.0650609328e-01
8.3159130421e-01
-4.0122971917e-01
1.4988203028e+00
-2.5131755393e-01
7.9604681241e-01
-2.2285869970e-02
1.9848624979e-01
2.4465019693e-01
9.4733846228e-01
1.5248151461e+00
-6.9487013418e-02
7.9939097708e-01
7.4354019504e-01
1.3627314299e+00
-2.1881253144e-01
-1.0059494918e+00
4.6729251105e-01
-3.0786604896e-01
-7.0684416292e-01
-1.5910491329e-01
9.9857212844e-01
2.0440629701e+00
-8.0252805049e-01
-4.6197353678e-01
3.8512769311e-02
-8.7565623791e-01
-1.1801064778e+00
2.4570755858e-01
1.5655770528e+00
-6.3843418661e-01
-1.1383860504e+00
4.0366424756e-01
-2.3395674561e+00
5.6402523342e-01
-9.6594934499e-01
-6.6533538717e-01
6.8292966001e-01
-2.1697157287e-01
1.2058515330e-01
-4.5437578830e-01
-3.8580890967e-01
2.3662823584e-01
4.7167625320e-01
5.3448950456e-01
-1.5750373019e+00
3.1891564970e-01
3.5937907117e-01
1.5766427350e+00
-9.7972431119e-02
1.5422004485e+00
-8.2340719325e-01
-2.9699253773e-01
9.2250741099e-01
1.7679237591e-01
-4.6838281983e-01
-2.8421032195e-01
1.5518942692e+00
6.5554717598e-01
1.1952206632e+00
-1.0320950716e-01
-1.3071592321e-02
1.3851638635e+00
-1.0829521373e+00
7.5892612882e-01
1.6470689183e+00
-6.5599572789e-01
1.0442794327e+00
