-4.6590590682e-01
3.4037452626e-01
1.1935581797e+00
-3.5046901135e-01
1.2821607870e+00
-3.8459130520e-01
-6.4589496225e-01
1.0370332458e+00
-1.2064886788e+00
5.5087587898e-01
-1.0748826248e+00
6.6898618650e-02
-1.8244240392e+00
4.8864137304e-01
3.5760240995e-04
-6.6094606178e-01
-3.5891932576e-01
4.6696362619e-01
3.9512481430e-01
5.0792637937e-01
-5.3433547143e-01
3.3154140865e-01
2.5343006537e+00
-5.1335016294e-01
6.9065945518e-01
1.4826118669e+00
3.0507886582e-01
5.8874474901e-01
8.4160756964e-01
-7.4328079146e-01
-8.1005027324e-01
-7.2835395145e-01
1.5374031249e-01
-1.4930310002e+00
-6.4214516928e-01
5.7750440174e-01
5.8740682553e-01
9.2979017005e-01
-4.7956478337e-01
-3.9285818704e-01
-1.7092077193e-01
1.4459722649e+00
1.0296828681e+00
-5.2516690685e-01
9.3298386773e-02
-5.4569421039e-02
-1.0871850265e+00
-4.0580545588e-01
1.5049519283e+00
-2.4174689161e+00
-5.5267571552e-02
-3.3044256676e-01
-4.1237149460e-01
-1.6128032963e+00
5.6000920892e-01
-7.7168416757e-01
-7.2984708092e-01
8.4622113921e-01
1.0557812690e+00
2.2876978691e-01
1.4984178063e-01
-1.3967899198e+00
-7.0862428775e-01
-9.6237029120e-01
3.4440109997e-02
-9.4425537699e-01
3.9712447949e-01
-7.7842970388e-01
7.2209181509e-01
1.7189403199e+00
-5.1092520312e-01
3.4201977295e-03
1.5739104282e+00
-8.2902526591e-01
-1.7428372597e-01
-8.3459979591e-01
-1.2038580164e+00
1.9731647276e+00
1.2131995836e+00
7.5263597050e-01
5.1060831412e-01
5.4776246708e-01
-4.1083189814e-01
-5.8254381822e-01
1.9647787634e+00
-5.0921683415e-01
1.3028240275e+00
-1.0797879341e+00
-8.9407591976e-02
-2.6093688086e-01
-2.3051157856e-01
-3.9193490071e-01
-7.9117200040e-01
-1.0045768422e+00
1.2069100587e-01
3.1883637610e+00
1.1236622586e+00
-4.3536032060e-02
-2.3502209209e-01
-8.5220111751e-01
1.1829269671e+00
-5.3412564249e-01
-1.3767568514e+00
6.8468248120e-01
-9.8101059170e-01
4.7753614483e-01
1.3191064528e+00
1.0460054123e+00
-2.8162330544e-01
-1.2804430860e+00
-3.8874828769e-01
1.9635996703e-01
3.5664483684e-02
9.2704233142e-01
6.7106145778e-01
1.8905657580e+00
-2.4374751378e-01
7.7176698085e-01
1.3184305641e+00
2.6764499502e-01
-1.2266066857e-01
-4.3000123581e-01
1.3016380317e+00
7.7233746078e-01
-1.4484512551e+00
4.4301990348e-01
1.2888779467e+00
-6.0666196777e-01
1.1081824804e+00
8.3087383803e-01
-1.4826645289e+00
7.6792486300e-01
-1.3377530245e+00
5.5669641245e-01
-6.1028134799e-02
1.3763539969e+00
1.2458420966e+00
1.8801426627e-01
1.5878770435e+00
9.3074020758e-01
-5.6794279337e-01
5.5265031140e-01
