8.6602823914e-01
7.5109404946e-01
-5.0678350139e-02
1.8429217547e+00
5.4284580818e-01
9.6205758703e-01
9.7097908509e-01
1.9843323638e+00
7.3220398938e-02
3.3639227346e-01
-1.3944028656e+00
1.1061670501e+00
7.0110411777e-01
2.3857867805e+00
1.4771586192e+00
9.1662327727e-01
3.5522158977e-01
1.8209078531e-02
1.7166323422e+00
4.5801415893e-01
3.2306517573e-02
6.5775974548e-01
-9.4191780449e-02
8.6344368258e-01
1.9450255347e+00
-1.1973756418e-01
2.0233452971e+00
1.5325219955e+00
2.1845863771e+00
2.2786941211e+00
2.3052154734e+00
1.6211687292e+00
1.8644869983e+00
2.2373630169e+00
-1.2831386686e-02
6.6522164239e-01
1.7255746491e-02
1.8076079824e+00
8.5239688305e-01
1.0708262162e+00
6.5540164697e-01
1.9377390119e+00
1.8539827322e+00
-2.0054312913e-01
1.4165982868e+00
8.5541221419e-02
4.0432404959e-01
3.0864514821e-01
4.6815981158e-01
1.1891122171e+00
