-1.5717666549e+00
2.1001082421e-01
1.1088781304e-01
2.1974530038e+00
-1.3056976072e-01
-7.8866324458e-01
-1.7649177093e+00
-1.5083250263e-01
6.9014052335e-01
1.1020670325e+00
-6.5474115680e-01
4.7880380023e-01
1.3013062297e+00
2.0434374155e+00
1.1699297337e+00
5.5855721660e-01
1.5177964814e+00
-8.0662959080e-01
1.1091653141e+00
-1.0192726022e+00
1.6426175241e+00
3.2594543076e-01
-4.1128398110e-02
-1.0150778953e+00
-3.0001343331e+00
-2.3977392301e+00
-1.2590632850e-01
-7.6439687095e-01
2.1889874739e+00
1.4828027833e+00
-8.3202810273e-01
-2.2867799983e-01
4.9883434745e-01
-3.6248768708e-01
8.3378578551e-01
-8.9849056253e-01
-6.0599557095e-01
-2.8886532404e-02
3.9287635768e-01
-6.5492965836e-01
-1.3007363454e-01
1.2283841747e-01
-1.5980225765e-01
-1.0812338822e+00
2.6516956099e-01
-3.0042360733e-01
7.7836925885e-01
-1.7268966132e-01
2.4754345105e-01
-7.6321204346e-01
4.6031140199e-01
-6.8915657044e-01
-1.1416105208e+00
1.3162922769e+00
-1.3268921069e+00
-5.3921388682e-01
-6.8542403485e-01
1.1796410086e+00
2.8445483082e-01
-7.2239299091e-01
-9.3636224269e-01
3.9966043868e-01
1.4017649548e+00
-3.3388770173e-01
-1.0820979938e+00
-6.7998590207e-01
-3.3486823066e-01
8.6100718846e-01
-3.7444809097e-01
-2.8660510004e-01
8.3956305579e-02
3.9674839725e-01
-1.0111190592e+00
4.4233665425e-01
-6.5733356892e-01
-1.4554891622e+00
5.3696360768e-02
-2.8807446430e-01
-1.3088553603e+00
5.8770883499e-01
9.9006767605e-01
1.5890649992e+00
-1.4913222403e+00
2.9324215440e+00
8.2092763499e-01
2.2147291468e-01
-4.7307837319e-01
-6.9348003998e-01
9.5921452397e-01
1.0076653640e+00
-3.0310153650e-01
-7.7001724423e-01
-3.9698673656e-01
1.2319995096e+00
-5.8848438123e-01
5.7024662831e-01
9.3531108399e-01
1.8510561292e+00
2.6001909565e-02
-9.5108990436e-01
4.3394825348e-01
1.4675181504e-01
-5.0255705475e-01
-8.9307573111e-01
4.9681155241e-01
2.7947466055e-01
-1.4973143571e+00
-1.7102472188e-01
-1.0881766204e-02
6.9767063043e-01
-1.8940531158e+00
6.5982439653e-01
-5.6369621600e-01
-5.2062680922e-01
-3.4808597091e-01
-1.6085096724e+00
-1.1036687832e-01
9.4662043690e-01
-5.9411343130e-01
-3.2331024240e-01
5.1206864069e-01
2.0418859493e-01
-4.8381239708e-01
-5.6609943229e-01
3.6709283970e-01
1.1379605148e+00
-1.1931338672e+00
4.4006623023e-02
-2.5580559729e+00
-1.7842003766e+00
3.2714336430e-01
1.2929977813e+00
1.0657295159e+00
-5.5287197581e-01
5.0878242016e-01
-8.4451330979e-01
2.0343444117e-01
-6.7620876912e-01
-4.4370140413e-01
-1.7857248858e+00
-5.6693055028e-01
1.4594302549e+00
1.6593411407e+00
-9.5894508320e-01
1.5099598652e+00
1.2273678379e+00
-2.1802269831e-01
8.3533103772e-01
1.2833898380e-01
-1.2045440350e+00
