4.7860096451e-01
5.2015664260e-01
1.2615957778e-01
1.2634467483e+00
-9.6850605358e-01
1.0479256784e+00
8.7094744557e-01
1.1027605612e+00
-1.0614636893e+00
4.7920756688e-02
-1.3021404625e+00
-1.3377099781e+00
-1.7008782525e+00
2.1521801961e-01
-6.0054798822e-01
1.8916621355e-01
1.4025674563e-01
-1.8065501290e+00
1.1279962694e-01
1.1381794750e+00
-6.9823112559e-01
9.5968547631e-02
1.5759923020e-01
-6.0670693346e-01
1.3442047685e+00
-2.7605870739e+00
-1.1326673626e-01
1.2127471551e+00
6.7446786336e-01
-3.6772426747e-01
5.1068290935e-01
1.6596709704e-01
-2.2592285283e+00
4.2320264148e-01
1.0578402713e+00
9.2153668571e-01
2.0810135506e+00
-1.0972000118e+00
-5.3997612074e-01
-4.0109130306e-01
-8.7081070811e-01
9.2070632681e-01
1.8324370085e-01
-3.0011652801e-01
1.1457776507e+00
-2.2537358140e+00
2.4869430378e+00
-9.6679086142e-01
1.1825363155e+00
1.3577754133e+00
4.9027738587e-01
-1.7179686279e-01
-1.3843712276e+00
-1.6589664336e+00
5.7582253596e-01
-2.1901444008e+00
2.7857013741e-01
4.8408273736e-01
5.7345616219e-01
-1.9162464884e+00
5.5454262685e-01
2.7272824286e-01
-8.1254380152e-01
1.2580456474e+00
-5.9753502389e-01
1.0111005941e+00
8.0791057988e-01
-9.2503646550e-02
1.5203660942e+00
3.6517601968e-01
-2.0091858715e+00
-1.1217787548e-01
1.9248525720e+00
-1.0405350398e-01
4.3951750814e-01
1.0415843028e+00
-1.0544202788e+00
1.1094710315e+00
-2.5248346660e-02
-4.3018957788e-01
-4.5022001513e-02
-1.3816648693e+00
1.2855813820e+00
-5.1768760680e-01
1.0078905762e+00
5.1623372865e-01
7.8226637870e-01
4.3651931108e-01
-8.6697616801e-02
-5.7148296936e-01
-8.3625293790e-01
7.1607917022e-01
-1.3307251303e+00
-2.1001143093e-01
-1.9749955150e-01
5.1095510500e-01
-1.1311038150e+00
-7.2736424595e-01
-3.2301314396e-01
-2.2465963801e-02
5.8445821146e-01
1.0679891285e+00
-1.6981382138e-01
-1.0426263523e+00
5.4542491380e-01
1.5578456441e+00
-9.1929414481e-01
2.3948435127e+00
3.1827419021e-01
8.4423084674e-01
7.8224339381e-01
-3.0674219645e-01
5.8239302258e-01
1.8012000434e-01
1.4107570207e+00
-8.6044992956e-01
1.8748007124e+00
4.3201802244e-01
-6.7181082821e-02
-1.4341345453e-01
1.2712827570e+00
-1.1452059689e-01
1.0959936127e+00
-5.8397066096e-01
-7.8971257400e-01
8.1158293177e-01
5.2593504425e-01
-1.7113867320e+00
1.0241197298e+00
-6.9222918097e-01
-3.0856015339e-01
7.9918700818e-01
1.0184988697e+00
6.0055601440e-01
-5.8342643582e-02
-4.9612259526e-01
-4.6889097357e-01
-3.1268881288e-01
-1.2425768150e+00
-2.0658764470e+00
-2.2945721354e-01
-1.2179410024e+00
-8.7671605283e-01
-2.8198102432e-01
-3.4196867075e-01
-1.4430653472e+00
-1.2289503168e+00
-2.2182842293e+00
6.9572298503e-01
1.3633199291e+00
1.3186892542e+00
1.1736936615e+00
-4.5841953467e-01
6.7807611507e-02
-1.4918367521e-01
-2.4530968864e-01
9.5738478024e-02
-5.6211265796e-01
1.1652478816e+00
-9.2509826538e-01
8.0178864050e-01
-8.1577350868e-01
1.2843223399e-01
-6.2537250831e-01
4.0606720012e-01
8.6869898797e-01
5.2213857473e-01
1.9998261028e-01
3.5685168384e-01
-4.7101436359e-01
7.8082291443e-01
-2.6588747189e-01
1.8634312855e-01
-1.1212699325e+00
2.3062864027e+00
1.0811084268e+00
-9.2992376204e-01
1.8290847650e-01
-1.7416346083e-01
-8.2863415941e-01
9.9202584782e-01
-3.9956432939e-01
3.0197377879e-01
1.6897793605e+00
1.9358084129e+00
-9.7604195142e-01
1.5096346338e-01
-5.4300897118e-01
1.0531330599e+00
1.1854792101e-01
-8.0570633883e-02
-6.0567365926e-01
1.4132160638e-01
7.9497538352e-01
9.2055235328e-01
-5.1020237565e-01
-2.3652354915e+00
-2.9786652515e-01
2.0801543904e+00
8.3925373364e-01
6.0254223826e-02
3.4927899388e-01
3.4450437366e-01
-1.6846921852e-01
1.4848578056e-01
-1.9864004462e+00
-8.3963926931e-01
1.1311479848e+00
-2.3344285326e+00
2.2455605079e-01
6.8347866838e-01
-1.4127352891e+00
-2.3480538399e-01
1.1569458806e+00
