-3.9410737755e-01
1.2005292727e+00
1.3068447346e+00
7.8003431594e-01
-9.5892350913e-01
-1.4596603538e+00
-1.8045510059e-01
-7.1938171879e-01
7.3685300695e-01
1.2461827654e+00
-1.1514846230e-01
1.3335096758e-01
-5.9942776477e-01
1.1937599946e+00
-3.6803981692e-01
1.4341852842e+00
6.3530644909e-02
4.7040018979e-01
1.1756746408e+00
-1.0492561743e+00
3.5960495957e-01
-1.0905397018e-01
1.0607763348e+00
3.1111053802e-01
1.1079916352e+00
9.0541421726e-01
-2.6411826266e+00
-1.0458966481e+00
-1.5759657886e+00
1.2762065340e-01
-1.5645801369e-01
-2.3481022533e-01
-2.6172395170e-01
1.0095354624e-01
2.6479427605e-01
6.5083735195e-01
-6.0734894342e-01
4.2736699487e-01
-4.6601281639e-01
-7.0055342514e-01
-9.4153398405e-01
-1.3581091571e-01
2.8596146510e-01
1.2244937136e+00
6.4973953906e-02
8.5055390192e-02
-1.7951995446e+00
-1.2170009002e+00
2.5597469182e-01
3.6722127723e-01
-2.3033379097e-01
-1.4517919464e+00
-1.4003133535e+00
3.0867720879e-01
-2.4574038045e-03
-1.3488874706e+00
-1.3076766303e+00
-2.5942123616e-01
9.6408841855e-01
-7.6715943009e-01
2.2288361415e+00
1.0319894535e+00
8.1593285362e-01
-2.3981519174e-01
-5.6438940895e-01
-2.6142395485e-01
5.7442552140e-01
-2.1163281852e-01
-1.0581448849e+00
1.3907724114e+00
1.5728028683e-01
5.8278491510e-01
-1.6408816689e+00
1.7926523768e+00
1.3986544194e+00
8.8843069551e-02
-7.8974448761e-01
-3.9059187761e-01
1.1329382856e+00
4.7318465998e-01
5.5537668337e-01
-3.7645989868e-01
-9.4460312291e-01
7.2839790094e-01
5.2778353492e-01
4.9480416073e-01
-1.4539851579e+00
-4.0590146735e-01
-9.5061877039e-02
-2.5339516378e+00
1.2986259456e+00
5.3222248969e-01
1.3744440666e+00
4.5519409488e-01
-8.5939336412e-02
3.8475311739e-01
2.6042958040e-01
-1.3606754165e-01
8.1265797592e-01
2.9464122691e-01
-2.9961175296e-01
-1.1922670854e+00
-8.4601349517e-01
-8.5428395185e-01
-7.6144315611e-01
1.6906185342e+00
-5.9655653871e-01
-2.0707447485e-01
1.9355586339e+00
5.5369790513e-01
1.0136378478e+00
3.6347791430e-01
-4.8844242775e-02
-6.6778765609e-01
6.0670214488e-01
-1.3068263505e+00
-3.2921788734e-01
2.5672384349e-01
8.9093411243e-01
-8.8927789102e-01
1.6378021144e+00
-1.0912092282e-01
-6.5061948315e-01
-8.7652535519e-01
-1.9135644963e-01
-2.8102315001e-01
9.1321163217e-01
-1.0568882049e+00
6.2166314472e-01
7.4505640541e-01
-1.2357857571e-01
1.5468648741e-01
5.6120641983e-02
-7.3353197521e-01
-8.3819729487e-01
-1.1956311191e+00
3.9791651622e-01
-7.7183002855e-01
-5.6256402035e-01
4.7117692056e-01
-1.3697109014e+00
-3.1360476731e-01
-1.5296110151e-01
9.4921518096e-03
-4.9186743561e-01
2.5856569873e-01
6.6261583104e-01
-9.8211966518e-01
8.4332944577e-01
3.8616827406e-02
-2.9954422125e-01
3.3777165457e-01
3.2308137881e-01
4.3195807685e-01
-1.8575520279e+00
1.8422219617e+00
-1.8232811450e-01
1.4144670201e+00
3.0728864202e-01
-2.0821267766e+00
-5.3726377591e-01
9.8971369135e-01
1.7057271091e+00
2.5666724946e-01
1.2984233515e+00
1.1027842997e+00
1.5287447815e+00
5.5692633058e-01
4.4345612934e-01
1.2676113719e-01
-5.6604924769e-01
7.3527430175e-01
1.8695918252e-02
-4.7166533072e-01
5.3927531089e-01
8.0742922454e-01
-1.6254998701e+00
7.1812451068e-01
3.0168703509e-01
9.9025829563e-01
