4.4354751509e-02 2.3662361249e-02 6.2917831013e-02 4.4369936410e-03 -4.4777366127e-03 -1.1257825783e-02 3.0156974958e-02 -8.3209552038e-03 -4.3279762708e-02 3.2120939927e-01 -4.2667009046e-03 3.9334939341e-01 8.8862529831e-02
4.3660832603e-02 2.4316174320e-03 5.4576217490e-02 -2.9384216759e-02 2.8383869567e-02 -5.5989900035e-02 1.1575983697e-02 -4.1229568719e-02 -3.9309647660e-02 -6.7307519750e-02 -2.9149039388e-02 5.0193331468e-03 4.8916166633e-02
-1.6523868419e-03 4.9375442923e-03 1.5390869457e-02 -1.7552329360e-02 -3.6132569123e-02 -2.0910727225e-02 3.9837989943e-02 4.3278688806e-02 -4.4907076914e-02 -1.0584752800e-01 -4.2144191469e-02 -5.0722454758e-02 4.1262029695e-02
5.1593904824e-02 3.3586352463e-03 3.5300483809e-02 3.8711400629e-03 5.9779246768e-02 -6.6780024238e-02 -2.7084436622e-03 3.3559011902e-02 -3.5553458797e-02 5.1671244293e-02 4.4376501154e-02 1.2768951752e-02 -1.3606477945e-01
6.0394333605e-02 -7.2470734925e-02 7.9218733951e-02 -2.9715230113e-02 4.5219009284e-02 9.1140475662e-02 -3.1230933048e-02 3.2435854051e-02 -1.7412717340e-02 -6.8598809586e-02 1.0174939704e-01 -7.6640619088e-02 -2.1087658265e-02
-3.7740027538e-02 -4.0762062225e-02 3.5281442365e-03 -7.9112635039e-02 -7.3558407943e-02 -3.1923937852e-02 4.2908851637e-02 7.6420679947e-03 -1.9603017793e-02 3.4853559437e-02 -3.5944681013e-02 -3.1398505253e-03 -2.1234329659e-02
-5.1916703005e-02 -1.1673389428e-02 -5.3984681970e-02 9.4307175557e-03 -2.9649745535e-02 -2.5367050164e-02 -2.9693113138e-02 3.3471916936e-02 5.3378535735e-02 8.2290935138e-03 4.2184687887e-02 4.0222585181e-02 -1.3796144374e-02
-6.8023166483e-02 -7.3657310265e-02 -2.7552021962e-02 -7.6521850625e-02 -7.7153070050e-02 -1.0622193753e-01 7.7031315359e-02 -5.4824839671e-02 -6.8477590529e-02 -2.5222035270e-02 -6.1521616951e-02 -1.2360582262e-02 1.7963752697e-02
3.2679250519e-03 -1.9633546355e-03 -4.2836613783e-02 4.9614548059e-02 -8.2798175286e-03 3.7958084053e-02 -2.7890113333e-02 1.8585168846e-02 1.6018499092e-02 -1.7182853954e-02 9.0565501275e-02 3.6193901802e-02 3.0117452207e-02
-7.0725380423e-02 4.8811258596e-02 4.9778871533e-02 -8.4696243138e-02 -3.3740569346e-02 -9.2129473102e-02 1.5744766146e-01 -4.5903758341e-02 -1.6352515383e-01 -7.7994623466e-02 -8.4269097160e-02 -9.8699515600e-02 -1.4478888604e-03
-4.9246541298e-02 -2.4001291139e-02 -6.0130190355e-02 1.8401469546e-02 -3.3595777409e-03 -7.1712262703e-02 -1.5436875920e-02 -3.5729397981e-03 2.8820748584e-02 5.6810109253e-02 6.4167772163e-02 9.6054597599e-03 -4.7286422445e-02
1.8716404222e-02 3.1092996730e-02 6.7938780545e-02 -3.1998727827e-02 1.7178596406e-02 2.8166244539e-02 3.0543084511e-02 1.4604623048e-04 -4.9402211495e-02 -1.0934481497e-01 -2.0170220116e-03 9.1176805251e-03 1.8068162630e-03
-9.7471712478e-02 4.7562196236e-02 -3.8193672912e-02 1.3883745038e-02 8.6295803863e-03 3.8609561206e-02 1.6068022294e-02 6.6403971391e-02 1.3619415622e-02 -5.3173215298e-03 2.1459420054e-02 -8.6127238556e-03 -2.0280375906e-04
1.1824689015e-02 3.3980689313e-02 7.3731619285e-02 -3.7675936672e-02 8.2527158298e-04 -2.7820089092e-02 5.8792486292e-02 5.2242076091e-02 -4.4092196815e-02 -1.3016799531e-02 1.3252074374e-02 -2.8710607511e-02 -3.4734640255e-02
-5.8873149375e-02 1.9359448135e-02 -7.7138665349e-02 -3.7379894705e-03 -7.0604887456e-02 -7.6211573310e-02 -2.3712970106e-02 -3.8913275791e-02 -1.3262814707e-02 -6.0605079991e-02 -1.3742521099e-02 -6.0861567476e-02 -2.6543633596e-02
-9.3775396837e-03 8.2615360629e-03 -6.7926686713e-02 -9.6206580464e-03 -1.8538415088e-02 1.0060399181e-02 -2.4949046506e-02 -1.3057222345e-02 9.2891782862e-03 -3.8629788266e-04 2.3497292884e-02 7.9077957276e-03 1.5997233234e-02
4.1079583123e-02 -2.4614354245e-02 2.9372217352e-02 -2.9785015439e-02 4.6904894060e-02 -1.9522171931e-02 -5.2197168401e-04 1.3534311933e-02 1.0557649216e-02 -7.9139676817e-02 -4.8023638070e-02 -7.2362080264e-02 -4.4577270713e-03
3.0789116326e-02 -4.1614477218e-02 -1.5734934779e-02 2.5431633770e-02 -2.1952526024e-02 6.2567006328e-02 -5.5853605297e-02 4.9651421446e-02 4.1429983588e-02 -3.8891433222e-02 -4.9541930963e-03 -4.4201320836e-02 6.3327320400e-02
-3.3675883610e-02 9.5736051763e-03 -5.8657639780e-02 -7.1216254133e-02 -3.5978710932e-02 3.4838910832e-02 2.5222861292e-02 2.5334836715e-02 -1.6826011783e-02 -1.1675243225e-02 -6.5431753752e-02 3.4460983413e-03 2.3327301241e-02
-1.0647973009e-01 4.9248445224e-02 3.4541353710e-02 -1.8079298803e-01 -1.1523608392e-01 -2.4360132570e-01 1.4148639299e-01 -3.5679188725e-02 -1.4954948619e-01 -1.8772824728e-01 9.9069988026e-02 -6.4776942782e-02 1.9349875715e-02
1.1836869950e-01 -6.4894913723e-02 3.3988920711e-02 1.7702826360e-02 5.5605424241e-02 7.7663591153e-02 -5.4745476312e-03 -1.3364108695e-02 -4.6305628654e-05 -2.6467413887e-02 3.4798355654e-03 -2.5607787691e-02 1.8678754928e-02
3.4641843525e-02 2.3179078431e-02 1.0708646001e-01 -6.9529086408e-02 -3.0754848146e-02 -5.0646584758e-02 6.9329010115e-02 -4.5086319315e-02 -6.8822461479e-02 -9.6728575174e-02 -6.0893490454e-02 -7.7773264565e-02 3.5119738172e-02
-1.8443865619e-02 -3.0991798830e-02 -3.1482111012e-02 3.9988064304e-02 -1.4343485717e-02 -2.5057921438e-02 -1.7573698113e-02 -8.2163719939e-03 5.4132863257e-02 -5.2522097369e-02 2.9580001569e-02 2.2219126637e-02 3.3097179129e-02
-6.0759331450e-02 1.8179632034e-02 -2.4436283439e-02 -7.1714366640e-02 -2.3346129132e-02 -7.1572814953e-02 4.6642052424e-02 -3.8519190053e-03 -3.6696444961e-02 -1.4548933592e-02 -4.8527721462e-02 -3.3168999969e-02 -1.9033045764e-02
5.0670563981e-02 1.2347455862e-02 3.4043813213e-02 -1.6114395300e-03 4.7109716741e-02 -1.6874647165e-02 -1.1157418011e-03 -9.7977945182e-03 -3.1428715086e-02 -4.1753043720e-03 3.2276323910e-02 -1.4210559779e-02 3.0641122189e-03
9.1731215534e-02 5.6135902067e-02 5.5070246425e-02 -3.4821336082e-02 7.0455820449e-02 -3.8763145759e-02 -1.2377749994e-03 -1.3594696335e-02 -6.0010975741e-02 -1.3885994312e-02 1.1325758145e-02 -1.0062231638e-01 -2.2261218401e-01
-9.0647560250e-02 2.1861176029e-02 2.2316658335e-02 -1.4212354736e-01 -1.2096701122e-01 -6.4638721294e-02 3.9615010285e-02 8.3072310252e-02 -2.9436994863e-02 1.7942750435e-01 -1.1660874788e-01 7.4992153092e-02 1.9684227023e-03
-1.0915570775e-02 1.0570127179e-01 -1.2082118859e-02 1.8983578338e-02 -8.5929232697e-02 -4.7579019590e-03 8.5293143250e-03 -8.5121541066e-02 -2.9164862153e-02 -8.1053499724e-02 -6.7932595827e-02 -1.0130284370e-01 3.0312901449e-02
-9.9880513352e-02 -4.1406770931e-02 -1.5386610864e-01 -5.1914085390e-03 -1.4318055971e-01 9.6227270521e-02 -7.7851050871e-02 5.8690607814e-02 1.0753973312e-01 -1.0197896957e-03 7.4677387360e-02 3.3226519837e-02 -1.1807519918e-02
3.3756536661e-02 4.7287284719e-02 8.1963881569e-02 -1.8127645863e-03 6.0478642840e-02 2.5019393813e-02 1.7171976020e-02 -6.6701576109e-03 -2.0657211786e-02 -1.3675446419e-02 -2.0300163521e-02 3.6091001464e-02 -3.4380705740e-02
2.8251981489e-02 5.9655028938e-02 9.7974217462e-02 3.5059721669e-03 2.2913615874e-02 -1.8523787101e-02 4.7239679435e-02 -4.0624394704e-02 -7.2301400176e-02 -6.9723000279e-02 -6.0553266745e-02 -1.2275306625e-01 -1.2621526022e-01
-5.8719414621e-03 -5.0556062260e-02 -2.0491723875e-02 8.3723875921e-02 5.1665608358e-02 5.1306663890e-02 -2.0424011742e-02 3.8040081249e-02 4.6607719433e-02 5.3778819716e-02 2.6908225713e-02 6.5320502369e-02 -2.8049053926e-02
-8.0301087606e-02 3.3672768565e-02 -7.4667991125e-02 -6.1779851759e-02 -1.4415517279e-01 -1.7981828394e-01 -6.0692427241e-02 -3.0068083018e-02 -8.7488772075e-03 1.6813522178e-02 1.3429984572e-01 2.3890545399e-02 -1.2674734201e-01
2.1141871853e-01 -3.1637487113e-02 1.7482443456e-01 -6.6995249145e-02 9.8602426367e-02 -1.1459867725e-02 4.2926716358e-02 -5.3446644766e-02 -4.6580045140e-02 -9.7969727322e-03 -1.4492143742e-02 -1.3653419109e-02 -4.0039744108e-03
5.6664438182e-03 -3.5151076575e-02 5.9652031556e-02 -6.3442125812e-03 8.8816807863e-03 1.4626703633e-02 2.6720226604e-02 2.3526424173e-02 -1.5674650577e-02 -3.0348303907e-02 -2.1010719055e-02 -5.2833789405e-03 1.5361018813e-02
8.3745339018e-02 2.0347411795e-02 -1.7703481333e-02 -3.4735146106e-02 9.8242479256e-02 -8.8999905191e-02 -7.5023389089e-02 1.1764030129e-02 3.9985752186e-02 5.1498828262e-02 8.4904557421e-02 5.7930110141e-02 3.0195398816e-03
1.8437460385e-02 -7.5087583798e-02 -1.6522255072e-01 3.3047799112e-02 4.7892597356e-02 3.4802394106e-02 -3.5353726252e-02 -4.9438031679e-02 4.0589097589e-02 -6.2871259816e-02 5.4709235539e-02 -5.3807065819e-02 -1.7865985210e-02
-9.9123727489e-02 5.7397598260e-02 -6.9783810352e-02 5.1501402049e-02 -8.3495656354e-02 -2.1273896974e-02 -8.0534031386e-02 1.9375704364e-02 7.3214983108e-03 1.8581744635e-02 3.7434134810e-02 -1.4446039733e-02 -4.7752913687e-02
3.3277478271e-02 2.0167483431e-02 7.6056468211e-02 -4.5045681095e-02 8.3005921422e-03 3.5200376151e-03 2.0282767415e-02 2.9336726289e-02 -1.6536175440e-02 -2.7877432549e-02 -2.8016627704e-02 -3.3285373375e-02 1.9506724052e-02
2.3982463236e-02 -7.7199439813e-02 -5.9741476128e-02 -6.9279480857e-02 -3.2598787435e-03 -8.9727326766e-02 -7.0705997486e-02 -6.4798982959e-03 3.0000733371e-02 -2.6518269775e-02 7.3633173256e-03 -2.2718294487e-02 -1.7794020190e-01
-3.5629056761e-01 1.9320124982e-01 -5.0977547533e-02 -1.9376658079e-01 3.7294954033e-02 -6.5197611203e-02 2.0187080126e-01 1.7384175611e-01 -1.4660701228e-01 1.1942262307e-01 -3.1628829298e-01 -4.8385152404e-02 1.0390277592e-04
-3.0894332146e-02 -4.7773228242e-02 -1.5119141389e-01 9.9378334705e-02 5.8453915574e-02 1.3874825954e-03 -1.0366987805e-01 2.2726324603e-02 9.6687723556e-02 -1.8630012072e-02 8.6341852719e-02 -6.4103766584e-03 -4.7376424673e-02
3.7802699452e-02 -9.8393414128e-03 6.1465355020e-03 3.0182154948e-02 4.1766362068e-02 4.5570676390e-02 -7.9274833025e-03 1.6953635114e-02 1.8440345922e-02 -4.5153037331e-03 4.7087750341e-02 6.5176709657e-02 9.1419960503e-03
3.7507725722e-02 -1.4107518286e-02 8.0436351806e-03 7.3112478027e-03 2.5444115106e-02 1.5365398893e-03 -3.0485692284e-02 -5.2250185148e-02 -1.9017895296e-02 -4.4820373559e-02 7.7549665034e-02 5.7732393947e-02 -2.0567346059e-02
8.2029478962e-02 1.3966354237e-01 1.3602000740e-01 7.1906310470e-02 1.6398085765e-01 6.2512350035e-02 3.0018702218e-02 3.8238946445e-02 -2.9387915191e-02 2.9473453386e-02 -1.6328977829e-02 -3.7097525042e-02 -3.8176286685e-02
-3.6948383276e-03 4.0320376071e-02 6.5631782358e-02 -7.4401817473e-02 3.1755396088e-02 -3.9838371157e-02 7.0144433758e-02 -9.1674359031e-03 -8.8998767564e-02 -6.9923219725e-03 -1.0873430425e-01 1.9556565533e-02 2.4684085290e-03
-3.5574338649e-02 1.0493826983e-01 5.6772106584e-02 1.0632510221e-02 4.2214999648e-02 9.0784123544e-03 7.5949605588e-02 -6.2672031546e-02 -6.8507926784e-02 8.4407039654e-02 -8.4560031163e-02 1.3353651290e-02 -1.0327537825e-02
-8.4387001630e-02 4.3791784814e-02 -8.7593552774e-02 -7.7352581145e-03 -8.2503512433e-02 -5.4038046334e-02 -6.6881638770e-02 3.3386974991e-02 7.4676640870e-02 3.3226601527e-02 4.6921202833e-03 -3.5449020011e-03 -4.6009719591e-02
3.1780018468e-02 -3.4716158370e-02 -4.4131510314e-03 2.8389606641e-03 -2.7823421348e-02 -3.8576322711e-02 -2.1921277140e-02 -3.9093611715e-02 3.0343823309e-02 -3.9694712879e-02 4.5584598544e-02 1.2304873678e-01 -1.1850335362e-03
4.4469219108e-02 9.7906718909e-03 2.5314701072e-02 1.6135128612e-02 4.8981899952e-02 -5.3124709659e-02 -2.6198310442e-02 4.1122736050e-02 -1.5583513024e-02 -6.2993851673e-03 -2.3260088404e-02 -2.8680835573e-02 -4.9408265837e-02
-7.7851487946e-02 4.6943571138e-03 1.2566131064e-02 -1.3132997124e-01 -1.2304566858e-01 -2.2006079872e-01 9.6339001919e-02 -4.1854643950e-02 -1.0927647549e-01 3.5526592582e-02 -2.6741891483e-02 -1.0864158038e-02 5.4992578657e-04
1.4452976276e-01 -2.5205660661e-02 1.9073907654e-01 -7.0005984447e-02 7.1378523763e-02 -2.7430156706e-02 4.2861731670e-02 1.8564425099e-02 -3.9597276408e-02 1.0035950933e-02 -2.4694728859e-03 2.3745058651e-02 2.0260876803e-02
3.3922696924e-03 2.3418272741e-02 -9.7979267670e-03 -8.1563685705e-02 -2.0246589280e-02 -1.2279787702e-01 2.9958934737e-02 2.8890932512e-04 -2.4214380310e-02 6.3192085130e-02 -5.3003087997e-02 1.5922030839e-02 -4.8720586333e-02
2.2189766850e-02 -1.2296681273e-02 3.3377174944e-03 -5.0092353410e-02 -3.3303749581e-02 5.0643303983e-02 4.3208263049e-02 -3.7154057605e-02 -7.3015413505e-02 -4.5947864810e-02 1.7221619461e-02 4.9945603156e-02 8.0088202057e-02
-5.4796545857e-02 1.3573097878e-02 -1.1323345890e-01 3.7997464643e-02 -9.5622571014e-02 -1.3330830460e-01 -4.6280802728e-02 -9.2094577683e-02 1.7599967235e-02 2.3994756592e-04 -3.3642894191e-02 -1.1261251648e-02 -1.3523735640e-02
-6.3282989078e-02 5.2208367825e-03 -5.0310226511e-02 1.4698269809e-02 -2.1155147394e-02 -2.2959033326e-03 -4.0162711784e-02 4.2929040552e-03 3.3072781278e-02 -3.2238905133e-02 3.0076705088e-03 -1.0080805681e-01 -3.7087544398e-02
1.1739762177e-01 1.4061823934e-01 1.9192425785e-01 4.4671157423e-02 1.8172569186e-01 5.6321460884e-02 2.9686446200e-02 -1.5929010689e-02 -4.8162393247e-02 1.6973121544e-02 3.3833783910e-02 3.2191935575e-02 7.7021188146e-03
-1.5098824253e-01 -1.0144678781e-02 -4.7832430256e-02 -8.6717043743e-02 -3.4163266010e-01 1.9592808539e-02 1.1398822343e-01 -1.3896272814e-01 -6.4594441825e-02 8.4153619202e-02 -2.9638913891e-01 -2.4217396001e-02 -6.4051366713e-02
3.7737372715e-02 2.9512991773e-02 1.3136037447e-02 -2.0750988978e-02 9.0204182668e-02 -2.1404931714e-02 4.5769182123e-02 -8.3655931264e-03 -3.3938512422e-02 -1.0532880126e-02 2.6657504089e-02 1.0333749373e-02 -2.8919755745e-02
1.6611295623e-01 -1.6921743264e-02 -8.1012899688e-02 1.1987241341e-01 -1.8783128535e-01 4.9677193305e-02 -1.6741297468e-01 -2.1186473852e-01 1.0834585266e-01 2.4121778174e-02 3.0853670242e-02 4.9171474942e-02 6.3108904719e-03
-2.1839237849e-02 4.9145624863e-03 -4.8392863045e-02 7.0506913175e-03 -2.3778432045e-02 -4.0580507055e-02 -5.5774561846e-04 -3.2325248042e-02 3.7377659125e-03 -1.0295562649e-02 6.0989936889e-03 3.1037350925e-02 -6.3007045862e-02
-3.2727766581e-02 -4.5321374117e-03 -4.8594280738e-02 2.5117978609e-03 1.2784993467e-02 -2.7283330942e-02 -1.2448439767e-02 2.3890745732e-02 1.3213139812e-03 3.7272228637e-03 2.2484001640e-02 4.8800007364e-03 -6.2051456381e-02
4.4707619357e-02 5.2502531806e-02 6.9131916481e-02 -1.2525739005e-02 6.3643119407e-02 2.7594498705e-02 6.2873972036e-02 4.9462562067e-03 -4.2197316002e-02 -9.9210485155e-03 -1.2220597250e-02 4.2979729039e-02 7.6872593277e-02
1.2676695736e-02 -1.6932336872e-02 -6.8904208668e-03 2.8075951010e-02 6.8167247102e-02 3.0548748225e-02 -4.4156395043e-03 4.3155456645e-02 -1.4891447757e-02 -1.4247692033e-01 -3.5459642910e-02 -3.4271832964e-02 1.4840667364e-02
4.4993075803e-02 7.9845239806e-03 5.7354501143e-02 -1.3096858049e-01 -2.9807014214e-02 -7.0625037692e-02 4.9940970184e-02 1.5509380352e-02 -4.5737203657e-02 -6.2699713503e-03 -1.1318954926e-02 -3.2978997456e-02 -1.2956237250e-01
4.9848816163e-03 3.7879922897e-02 5.1411752960e-02 -1.8793521543e-02 -7.1626787414e-02 -2.4298921100e-02 3.2020814647e-02 -2.2431711462e-02 -6.2381742889e-02 2.4339309295e-02 -5.3320781461e-02 2.0132011656e-02 3.9503988153e-02
7.3494890558e-02 6.8204579420e-02 8.8715839854e-02 -1.3046054791e-02 8.4492498453e-02 -5.4532663100e-03 2.9150263287e-02 -3.4376634132e-02 -6.2999853233e-02 1.4885855881e-02 4.1935767587e-03 4.4036644989e-03 1.8515617403e-02
-7.7351878299e-02 5.1432522187e-03 -5.5690297839e-02 -1.5218085757e-02 -3.3440100455e-02 -4.3171985237e-02 -2.9473821042e-02 5.2487692434e-02 1.5269020778e-02 9.8741910265e-03 4.0322803064e-02 -2.2174822812e-02 -1.6432575309e-02
-3.2053622892e-02 -9.2580330176e-02 -7.5123059343e-02 5.1285016300e-02 -2.9126732520e-02 8.6924041565e-02 -4.3120554662e-02 2.1125980956e-02 7.1547472905e-02 -1.1518835522e-02 7.7241449182e-02 1.0661597580e-02 5.1627517377e-03
-2.9503415987e-02 4.0244655009e-02 -2.3500239484e-02 4.3778652734e-02 -3.3669303309e-02 2.5129222227e-02 -3.7164431827e-02 7.6903707378e-03 5.0126066793e-02 -5.2628855216e-02 1.6078104497e-02 -9.0878485469e-03 1.4082285662e-03
-4.8971828879e-02 8.7011640290e-04 -4.5296841818e-02 -6.3557270235e-02 -4.7945919449e-02 -3.2123731075e-02 -2.6310176431e-02 2.5889430274e-02 2.1670710224e-02 -2.4505989739e-02 4.1603116168e-02 -7.6989093613e-04 7.3344718839e-04
2.6132950089e-02 3.6405298273e-03 -7.2837642676e-02 2.7109857633e-02 4.3730231188e-02 1.9380612160e-02 -2.2208971471e-02 1.7603745161e-02 1.7107394038e-02 3.8609079295e-02 3.8812060218e-03 1.6450307657e-02 1.7349357522e-02
-3.7329471667e-02 -3.2878865599e-02 -3.7516138446e-03 -7.3700758340e-02 -3.2716131561e-02 -9.2254924531e-02 -3.4749113798e-03 -1.9434713568e-02 1.0159641813e-02 -3.4573237334e-02 -1.5533329072e-03 3.4122536672e-02 4.2541170433e-02
1.8407521359e-02 -3.9070119747e-02 3.5159488196e-02 -5.3115396025e-02 2.8423422932e-02 -6.4491581358e-03 2.5279488683e-02 -1.5801215698e-02 6.4390717246e-03 -1.2757199496e-01 5.9515811097e-02 -4.4057433520e-03 6.3055127872e-02
3.2663821030e-02 -3.7348520859e-02 -3.9310871058e-02 -1.5209133435e-02 4.1430389076e-02 -6.6832322627e-02 6.0055332048e-03 -5.1226974184e-02 -1.4829518599e-02 -1.4003473530e-02 1.3122227039e-02 4.4201122213e-02 1.9902333876e-02
-3.7496719985e-02 -2.0986020032e-02 -1.4250832223e-02 5.1150415612e-03 -5.3233825551e-02 1.3718298506e-02 -4.1099905098e-02 4.6554424222e-02 4.7461824071e-02 6.0642909587e-02 5.5445227904e-03 5.4498302870e-02 1.2752867189e-02
4.6604410328e-01 8.7144995155e-02 4.8652139351e-01 -5.2395488910e-02 4.3568188398e-01 8.8902482347e-02 1.3204077780e-01 -7.2198071148e-02 -1.3230796918e-01 8.1880107983e-04 9.2002237352e-03 4.2795653575e-03 3.9211559057e-03
-1.0517554454e-02 9.3691298800e-02 4.1454131734e-01 -3.2830160302e-01 -1.5283142254e-01 -1.7651709684e-01 2.3699990941e-01 1.1348722771e-01 -2.2863055913e-01 5.5004325346e-02 -2.4129453718e-01 -5.4012519112e-02 1.3428647830e-02
-5.2197740740e-02 3.1056907943e-02 -7.1923561549e-03 -3.1216636033e-02 -2.2720774714e-02 -4.9915730928e-02 7.7894712062e-02 -1.7987913036e-02 -6.9828361404e-02 -1.2950502296e-01 -5.1991335882e-02 -2.5489867291e-01 -6.5827029218e-04
3.0032386632e-03 5.2713189109e-02 4.0990128546e-02 -1.5028650532e-02 -7.6589465767e-03 -5.4779702789e-02 5.5694913255e-02 -1.2225681145e-02 -5.2834283966e-02 -7.6574245090e-03 -1.7873719906e-02 3.8083781785e-02 5.1564059934e-02
-6.7962082495e-02 6.5927551897e-03 -6.4621496526e-02 -2.8995325324e-02 -5.0181011918e-02 4.7982786534e-04 5.4619322399e-03 6.2830196465e-03 -4.7298751420e-04 -5.7559755291e-02 -4.5566564348e-02 -4.0773377069e-02 -1.0851045512e-02
4.6461607536e-02 5.9905407330e-02 9.7088190879e-02 6.3454068309e-03 -1.6596951899e-03 1.8214588524e-02 5.2475098149e-02 3.7992042851e-02 -3.5215127355e-02 2.3490387881e-02 3.1536269000e-02 6.6118114785e-02 3.8023901081e-03
2.2118927318e-01 -6.2092472186e-04 1.6913409408e-01 -2.2980913233e-02 -1.5267187509e-03 -3.8270378008e-02 2.5167786823e-02 -1.0863650963e-01 -6.1256406319e-02 -3.1826975686e-02 8.2873922415e-04 1.0506178478e-02 -7.0636731735e-02
-1.9935444426e-02 -1.1204698873e-02 -4.4152888428e-02 -1.4573850191e-02 -3.4614242363e-02 -4.0532029160e-02 2.0199241047e-02 1.2994696747e-02 -4.2365765807e-02 -2.2616476273e-02 -1.7774962031e-02 -1.7191580993e-02 2.0699432895e-02
1.7136637486e-02 5.8994153470e-02 1.1707601847e-01 -1.2214308269e-01 -1.8807993176e-02 1.2755131646e-01 7.6538819049e-02 4.0329735924e-02 -3.3141955350e-02 2.9193027484e-02 -5.0733523604e-02 7.6355770788e-03 6.0822323381e-02
-4.7412374672e-02 1.6041908328e-02 7.1603399389e-02 -4.2819115366e-02 6.4657968109e-02 3.4545945170e-02 6.1511005468e-02 7.9166859331e-02 -3.4363427106e-02 -2.6590411414e-01 -7.9956018615e-03 -2.3022464140e-01 4.3887025775e-02
-1.9832951882e-01 1.1386135169e-01 -2.3923964669e-02 -1.9798785163e-02 2.5563261079e-02 -1.0151770633e-01 7.0462411507e-02 9.3242540772e-02 -6.6635645736e-02 -3.6589839695e-02 -1.1004486022e-02 -2.3262278611e-02 -3.4866029290e-02
8.9807323572e-02 1.8299944570e-02 4.0079409706e-02 -2.3382325553e-02 5.5173974552e-02 -9.2399540355e-03 -2.8897233670e-02 -2.9301537313e-02 -2.5205595456e-02 -2.4623900336e-02 8.2915277294e-02 4.3965061160e-02 6.6075224171e-02
3.4762243941e-02 -6.1111455791e-02 -1.3644591074e-02 2.6132694037e-02 -5.5231072332e-04 -1.0402696511e-02 -6.0157784057e-02 -9.5047193659e-03 2.7490828846e-02 -1.5788091097e-02 9.2030593731e-02 -3.3394406061e-02 -1.9247797689e-03
2.6827595588e-02 -1.3022413724e-01 -5.9891417210e-02 6.4223259512e-04 -2.1500316240e-01 -7.7527083182e-02 -9.5761866216e-02 -4.6075060074e-02 9.2932619319e-02 -4.2093678178e-02 2.2808824059e-02 1.6408932304e-02 -5.5782925152e-03
3.1273294685e-02 -3.4202344915e-02 -6.5974754500e-03 2.4909446864e-02 -5.6342957529e-03 2.7938303604e-02 -3.4803874588e-02 3.4232239488e-02 3.2010869551e-02 -1.4602642565e-02 3.7960856024e-02 5.1199751905e-02 1.8976593354e-02
1.2485601440e-02 4.3158890769e-02 -5.8982424890e-02 3.6300599952e-02 1.5004345387e-02 1.2353087942e-02 -3.3653483406e-02 1.9963698011e-02 3.2490810050e-02 -1.4117744997e-02 8.5971505527e-03 7.0790516167e-02 -4.8430123617e-02
-4.8390769352e-02 3.4364988898e-02 -4.6485986614e-03 1.8902489307e-02 2.0915019229e-02 2.3862847149e-02 -4.6110213599e-03 4.0513162847e-02 2.8045801258e-02 -3.3289583645e-02 3.4166660875e-02 8.0345824991e-02 1.9758952560e-02
-2.5180458183e-03 -3.4688484997e-02 -5.9931967549e-02 -2.6153256175e-02 -2.5882904016e-02 -2.6657724516e-02 -3.7207924212e-02 2.2088456740e-03 9.6924435292e-03 -5.1800603828e-02 3.5370194998e-02 -5.3044959028e-02 -2.6417435630e-02
2.1721134292e-02 5.2559593210e-02 7.2857418925e-02 1.0881039580e-02 -1.0580378071e-03 -4.2601926756e-02 4.3750283789e-02 -8.7906094921e-03 -9.1776867889e-02 -1.0765447321e-02 -1.0107052432e-02 9.2245853735e-03 -1.3351662010e-01
-4.7421456861e-02 -8.5599379070e-03 -3.9961140169e-02 1.7522507575e-02 -1.9510723034e-02 -1.5751018225e-02 -5.8207738900e-02 8.4615136101e-03 1.4612002212e-02 -2.7336990647e-02 1.3698889427e-02 5.1126477960e-02 -6.0569468376e-02
2.1935672650e-01 2.0219107987e-03 1.8222812344e-01 -7.5915632789e-02 9.5909729594e-02 -6.6080708676e-02 3.5232905436e-02 -8.7893229796e-02 -5.9747518897e-02 8.0287607471e-03 -1.0196769957e-02 -2.4628589242e-02 -2.3733825365e-02
1.5479509144e-02 -2.5063917253e-02 -7.0016069186e-02 5.4674959996e-02 3.6183550406e-02 -2.1200095884e-02 -2.0470402238e-02 -1.4809094098e-02 7.2958845500e-03 -5.5283146240e-02 6.2112999427e-02 1.2242144545e-02 1.9684103501e-02
3.7227561045e-02 -2.4076298235e-02 3.2215733116e-02 -4.8436179472e-02 -1.6501357834e-02 -6.3431909422e-02 4.1804757881e-02 -5.2280087735e-02 -5.0534634580e-02 1.1978269141e-02 -6.7736404994e-02 -1.8761821162e-02 -2.9866106419e-02
-2.8641084602e-03 -1.9676863590e-02 4.9572043974e-02 -2.4023718201e-03 5.8992958848e-02 -2.1083271917e-02 3.4685652157e-02 4.9255105202e-03 -4.2345696679e-02 -6.8550779543e-03 -2.1445032674e-02 9.0618881931e-04 -1.2691716437e-02
-7.4619871572e-02 2.6828166933e-02 -2.0650093723e-02 -5.5518515228e-02 -9.0304890887e-02 -1.1820629321e-01 1.5514456592e-02 -1.9975297328e-02 -2.9466027679e-02 -9.5378188836e-03 -8.7286720462e-02 1.7097635099e-02 6.5482785318e-02
8.6283291080e-02 4.0026841511e-04 4.2450698101e-02 3.3385888886e-02 4.6876030950e-02 2.9987593046e-02 -3.0786955934e-03 -2.9962188221e-02 -3.7301796319e-03 1.8630274757e-02 3.1785460224e-02 3.6591482274e-02 2.1854897883e-02
5.2544177363e-02 -9.3862440200e-03 1.2325992293e-02 1.3730745172e-02 6.5541328028e-02 7.1004127746e-02 2.1288973271e-02 -5.6997942461e-02 4.0577919619e-03 7.9913653559e-04 -3.2882746037e-03 -6.7729257876e-03 3.9430876943e-02
5.9882894158e-02 -1.1406122982e-02 5.8778266828e-02 3.5774207176e-02 6.6835145134e-02 3.2634485858e-02 -2.3751345304e-02 -3.3124168882e-02 2.0509572252e-03 -2.7953602430e-02 -4.8904435483e-03 -2.1968443477e-03 -1.5789353154e-02
3.3721475168e-02 5.7940317599e-03 6.7031614660e-02 1.6641713394e-02 5.3133349092e-02 2.8805291623e-02 -3.4434162022e-02 1.6912691917e-02 7.4615441137e-03 1.8224072115e-02 2.0633075595e-02 3.2481976908e-02 -6.2464788461e-02
3.4327724321e-02 2.4775163351e-02 3.3501864206e-02 -4.5386751910e-02 3.2532707888e-02 -5.6047497850e-03 3.7693946698e-02 -4.2817768564e-03 -8.9959309688e-03 -6.7466068530e-02 2.1550115454e-02 2.9806221103e-02 4.9608504937e-02
4.9465693477e-01 -1.4072996447e-01 3.7256865917e-01 -1.8134261862e-01 2.8092032526e-01 -5.7263282367e-02 1.3108042277e-01 -1.6253049019e-01 -1.2469369958e-01 1.8697438522e-02 2.2437592070e-03 1.6387239389e-03 -3.1734333018e-02
-2.2276336413e-02 -1.8957875356e-02 -5.6658643758e-02 -1.2830477965e-02 1.8256141689e-02 9.3182759703e-03 2.9391587195e-03 -1.2277416445e-02 4.5291729895e-02 8.0585010152e-02 2.8028044488e-02 4.3991937510e-02 6.3761083050e-02
-7.2076325682e-03 -1.8037525103e-02 -3.9908800987e-02 -5.3437802380e-03 -1.9166384923e-03 -7.8729342466e-03 -2.5694885140e-02 3.2988125861e-02 1.8735533992e-02 -5.8034004196e-02 1.7505885132e-02 -3.1806747355e-02 4.8406059636e-02
-7.8261460375e-02 -7.5712546074e-03 -7.2085159305e-02 -9.3067035104e-03 -3.4596268738e-02 -3.8591575471e-02 2.7439295374e-02 4.6966866240e-02 2.1991064252e-02 3.8916533605e-02 -4.4986880053e-03 -5.9869469844e-03 -1.2907218597e-02
-4.2138572442e-02 -1.0396543311e-02 -4.6986112941e-02 -8.6396273476e-03 -5.1795932911e-02 -4.2499524172e-02 -3.0888618626e-02 2.2629643950e-02 3.3513303480e-02 -4.5010406398e-02 -1.5316483613e-02 3.3262012972e-02 -3.4305086472e-02
5.9697377591e-02 -2.9127337816e-02 -2.7758814380e-03 -4.9931557626e-02 3.8925138559e-02 -5.0567275588e-02 -1.5687458376e-02 5.9220229742e-03 -7.3305420816e-03 -4.4324322835e-02 6.5048309021e-02 -3.8288930142e-02 -1.6245997732e-02
-9.8399955995e-02 1.8245802116e-03 -3.9952193558e-02 9.6620377486e-03 -8.9484724669e-02 1.4719265661e-02 1.5378303982e-02 5.6544646151e-02 3.4064871179e-02 5.5149591225e-03 2.7730031105e-02 3.9915041794e-02 1.9848739207e-02
-1.2674998767e-01 3.3148045544e-01 2.8216056428e-01 2.5035371077e-01 5.4032131593e-01 4.7101765440e-01 2.1956950246e-01 1.7486783472e-01 -2.1550982063e-01 1.2242496869e-02 -2.0566722845e-02 6.2176576445e-02 3.2767713074e-02
4.4688648748e-02 -2.7001497104e-02 5.4043796670e-02 -3.4832395144e-02 -3.1803696114e-02 -1.8573816612e-03 3.2600157025e-02 -1.1825699087e-02 1.2411152304e-02 5.4079272105e-02 -3.9645006008e-02 2.1232562882e-02 1.1339677581e-02
-4.5135095179e-01 -1.9264769748e-01 -4.7803799549e-01 -5.4514310193e-02 -4.4749177005e-01 -1.5273226364e-01 -4.7849611393e-02 4.6334344073e-02 7.1985475117e-02 -9.7937972605e-03 -7.3910306933e-02 -3.5690164352e-02 -1.3350590642e-02
3.0485010101e-02 -3.5831316228e-04 1.1193453388e-01 -2.5540664253e-02 9.8676440032e-02 1.1412759516e-02 2.3287079579e-02 -8.1758290852e-03 -5.0591669583e-02 1.1330082648e-02 -4.5472834836e-02 4.0892240117e-03 -3.9870489165e-02
-2.6760236474e-02 -3.3515759922e-02 -3.8214004600e-02 -3.2379932570e-02 -8.8130468792e-02 -1.3455995727e-01 2.5049067570e-04 -4.6262875028e-02 7.9611585600e-04 1.2501148975e-01 -9.8462050903e-02 -3.0823926729e-02 -1.5327504874e-01
-5.6952139571e-04 -3.0796059023e-02 -2.6004774700e-02 -4.4928118574e-02 -4.3404636010e-02 -1.7139544389e-02 1.9422706476e-02 -4.1166331656e-02 -2.0572939735e-02 -2.8848991656e-02 -2.4587040105e-02 -1.1403164223e-03 8.6469179621e-02
4.4151452785e-02 -9.8860031746e-02 -3.8490092565e-02 -2.3991785197e-02 -8.3544960273e-02 -2.4499352035e-02 -5.6966571392e-02 -3.5875405471e-02 6.3891523783e-02 8.5935512212e-02 4.0221966885e-02 5.2382398616e-02 1.1106233627e-02
-5.8924937653e-02 -5.2932479810e-03 -5.6622256931e-02 -6.7215567402e-03 1.7167394628e-02 3.1509663642e-02 4.3157938278e-02 1.6935523421e-02 1.4292695798e-02 -1.8340339823e-02 1.8233236692e-02 3.6734608462e-02 2.0618152213e-02
8.8953566082e-02 -7.4646529871e-02 6.3357561199e-02 -4.4272313939e-04 1.9712794039e-02 4.4611506151e-02 -4.1699604749e-03 -2.6367654477e-02 2.3708538757e-03 3.7360175338e-03 2.7902313827e-02 2.1001317397e-02 -8.6889698915e-03
1.9814174324e-01 5.0483810447e-02 2.6703700503e-01 2.8528802803e-02 1.9599274714e-01 9.4237464301e-02 7.1265102512e-02 -9.0220230336e-03 -6.9349164882e-02 -1.7041965254e-02 -1.7307125723e-02 -5.4439915239e-03 1.0999976351e-02
3.5797882950e-02 1.9156290483e-01 2.5361226107e-01 -9.0114802393e-02 -1.6253576385e-02 7.1807452737e-03 1.5155100197e-01 -5.0879758577e-02 -1.5494489175e-01 1.4225717748e-01 -7.6887288856e-02 1.0654356533e-01 2.8416228269e-03
-6.3925116175e-02 8.8381431421e-02 -5.3599082811e-02 3.6352082463e-02 5.9974914820e-02 8.7626839867e-02 -4.8823617795e-02 8.0316332441e-02 8.1062042169e-02 2.9488563150e-02 5.7173441346e-03 -3.6176298466e-02 -4.6603945154e-03
4.0619693532e-02 1.1624708450e-01 1.0958654025e-01 -9.9486918606e-02 9.6371676133e-02 -4.1618087549e-02 1.1421648471e-01 -3.7138008782e-02 -1.2719460242e-01 4.4833550388e-02 -1.4015997023e-01 -1.0798393777e-02 5.4249295309e-02
-2.4321625543e-02 -2.9780579055e-02 -1.6921258833e-02 -1.8274658491e-02 -7.0636983846e-02 -6.3570401939e-02 2.7041774746e-02 -1.6990166943e-02 3.5562297665e-03 -3.8282253961e-02 -4.8403093681e-02 4.9060431154e-02 5.6239274108e-02
1.6243237627e-01 -3.1726111186e-02 6.4318314941e-02 3.6557351324e-02 1.5019831732e-02 2.9402468091e-02 -3.3835425661e-02 -8.5993889889e-02 3.7240182151e-02 3.4953078874e-02 -3.9728662641e-02 -1.3304149180e-02 3.1741771900e-02
-4.7354547288e-02 -4.2481904803e-02 -3.9531754583e-02 -1.2621772549e-02 2.4299703852e-02 6.7500472849e-03 6.4101712735e-03 3.2745055170e-02 -2.0346752057e-02 4.8113361991e-02 -1.9895355902e-02 2.1002351466e-02 6.1411498021e-02
-9.4368318157e-03 -5.0422454772e-02 -5.9050129303e-03 -3.5395301652e-02 -6.8561977119e-02 2.3433128326e-02 2.7752716592e-03 -6.3460671664e-03 -1.2285911771e-02 -6.2523144200e-02 -1.0503260655e-02 3.4920138811e-02 7.7513787855e-02
-1.6770654946e-02 -3.0167002966e-02 -6.2211839246e-02 3.9394775857e-02 -4.4062966129e-02 -1.8410223682e-02 -8.8671948189e-02 4.7721082101e-02 6.4051650293e-02 2.5620568746e-02 4.6864461728e-02 7.2595310904e-02 1.5508888725e-02
5.0188992405e-02 -3.0816404807e-02 1.4111485981e-03 6.2584835835e-02 5.9630877475e-02 9.8209611922e-02 -4.0773209592e-02 9.8229601032e-03 4.9031198361e-02 4.1478051526e-02 5.4833119216e-02 2.5137114624e-02 6.7332819631e-03
-2.0131976557e-02 -3.2845285935e-02 -7.8728788179e-02 -1.6029706710e-02 -1.3389576441e-02 -1.7566702052e-02 1.8787701903e-02 -1.5432250119e-02 2.3127064775e-02 -2.4369910762e-02 -4.4970307719e-02 -9.8425466317e-03 5.1710748298e-02
-6.4569492050e-03 -6.8324151270e-02 -8.6757704034e-02 1.4180418575e-02 2.2526535091e-02 -2.3955648907e-02 -7.0247835155e-02 2.5402871402e-03 5.0034938513e-02 -5.3825719285e-02 -4.6090557999e-02 -1.7757247448e-02 -8.4243698438e-02
5.9410840428e-03 -5.9544365570e-02 -4.7366132395e-02 3.9277224679e-02 -5.7520471218e-02 -4.4259422453e-03 -4.3711402706e-02 -9.2396329342e-03 4.4629771917e-02 -1.4809447631e-02 -3.2192741347e-02 1.0623122880e-02 1.5069434241e-02
3.6019696983e-01 1.0865269473e-01 4.3113171304e-01 -4.9153685677e-03 3.0391280808e-01 9.3993930807e-02 9.5041255958e-02 -2.8290389336e-02 -1.1539777806e-01 -1.2965648249e-02 2.1484404982e-02 1.7156376502e-03 -3.7601581896e-03
3.2886939276e-02 -1.0858005063e-02 4.6544181768e-02 3.6867450647e-02 5.4633523238e-02 -3.6276451040e-03 3.1925776745e-03 -1.0556054255e-02 -1.6162367527e-02 5.4242766152e-02 1.3837760147e-02 6.7538894731e-02 2.8482805282e-02
2.3511826971e-01 2.8631207686e-03 2.8518125485e-01 -1.3799161496e-01 1.4304807843e-01 -1.0654255617e-01 2.9304738577e-01 -2.5534002479e-01 -3.4356891951e-01 9.5024211543e-02 -3.6213194047e-01 -4.9869202584e-02 -7.9920690564e-03
2.1258032031e-02 2.7596071193e-02 6.5470263406e-02 -3.3344506245e-02 1.9368081845e-02 -7.9115700387e-03 7.1345763184e-02 4.0701452413e-04 -6.1955963513e-02 -4.8095098363e-02 -1.3838446041e-02 -2.2222276800e-02 5.9190234424e-02
-8.1095616910e-03 -5.0033040287e-03 9.6583112464e-02 -8.6199084389e-02 7.1329991337e-03 -3.4907371272e-02 1.0963717945e-01 1.8069500038e-02 -8.2412937303e-02 -4.3643935988e-02 -1.1750741829e-02 -5.2590310865e-02 -2.4785742394e-02
2.7292838240e-02 3.0911375346e-02 3.3192000558e-02 5.1734231641e-02 6.4685784566e-02 1.3036546560e-01 -1.4860780405e-02 -2.7984248513e-02 1.1507845946e-02 1.5689462689e-02 3.6986574168e-02 8.0212530961e-02 -2.2980919971e-02
3.7164537044e-02 1.6852626581e-01 1.3480658213e-01 4.6687250018e-02 1.4763132318e-01 3.8712776896e-02 1.8964209837e-02 2.8185516515e-02 -1.7168078406e-02 -1.6906778440e-03 7.6829823116e-02 4.8250073069e-02 1.6359969676e-02
-1.4097238041e-01 5.9679935540e-02 -1.3082714225e-01 -1.0130560703e-02 -9.0301798892e-02 1.4160801707e-03 -4.8914772764e-02 2.2506492127e-02 6.7919982993e-02 -4.2657264370e-02 2.5163879040e-03 1.0893092563e-02 3.9767898065e-02
6.9699538899e-02 -1.6017333537e-03 1.3735849773e-02 2.3027749420e-02 4.2483812778e-02 -6.1332430102e-02 -1.0621278653e-02 -2.8478163549e-02 -3.3241566598e-02 -3.7306219549e-02 1.7317845808e-02 5.7368561569e-02 -6.1954325826e-02
-5.1114419122e-02 -6.2583002528e-02 -8.8551265671e-02 2.7890611194e-02 1.4649059469e-02 -1.7217174650e-02 -2.3291609503e-02 -2.7552195665e-02 1.9616581472e-02 5.9038851320e-02 -1.6951356671e-02 7.7698028392e-02 2.4925972386e-03
-2.3949682407e-02 -5.1727116941e-04 -5.5791443453e-02 -9.6278874955e-02 -6.9340417744e-02 1.3952896773e-02 -1.5142137481e-02 -2.2402825370e-02 2.3163365824e-02 1.3587591155e-02 4.9722130557e-02 3.2132955493e-02 2.6073087050e-02
-9.6702880382e-02 2.9969124903e-02 -6.0848619329e-02 2.8500172254e-02 -5.6318545344e-02 -1.6200293123e-02 5.2928697775e-03 1.2111378931e-02 -5.8744821626e-03 7.5984000743e-03 -8.2340138407e-03 3.5058292947e-02 -4.4181849019e-02
-2.2911171487e-01 4.1818758062e-02 -2.7400328096e-01 5.7961390401e-02 -1.4547541699e-01 2.1257971928e-03 -6.1989619262e-02 9.4524623943e-03 6.0589797317e-02 -5.9708861631e-03 -4.7625345049e-03 3.5210657501e-02 4.0173558422e-02
4.7582521441e-02 -6.0641502606e-02 -3.9350162499e-02 1.4552490714e-02 -6.6873036767e-02 -3.0609798082e-02 -5.0125711339e-02 -3.7496401890e-02 1.2004807516e-02 -2.6980090500e-02 -2.5028019864e-02 -3.8722707929e-03 4.2666991773e-02
-1.2756963146e-02 1.7018793177e-02 5.0960210387e-02 -3.2202044271e-02 2.0099198807e-03 3.6647338056e-02 6.8172307947e-02 -6.4374529678e-03 -8.2267470290e-02 2.4352013783e-02 -3.5085181685e-02 7.0004078126e-02 1.3744549504e-01
2.2989735416e-02 4.7275170085e-02 3.8201505053e-02 4.9107662190e-02 6.7757764389e-02 1.7388133656e-02 1.0626107707e-02 4.3424503825e-02 2.0662851439e-02 -5.7270598512e-02 5.8414688388e-02 7.9150053416e-03 -3.0474727031e-02
3.2510446350e-02 -4.0045154489e-02 -3.1144206114e-02 9.7850885750e-02 3.3696777456e-02 5.9454131752e-02 -4.3067252951e-02 -7.1889933127e-02 6.3228307552e-02 -2.7356474321e-02 -5.3391470956e-02 -3.9764901905e-03 7.0400242364e-02
-3.0044990887e-02 -1.3870523558e-02 -3.0619113138e-02 5.5450465562e-02 -3.2978050335e-02 -1.9432464237e-02 -3.7289625962e-02 -1.1493840763e-02 -1.1660257136e-03 -1.3602235246e-02 -6.1605714216e-03 6.3516064727e-02 -3.2350264393e-02
5.8841524581e-02 -2.1789703733e-02 -4.6061770877e-02 2.6229042550e-03 1.6712670011e-02 -4.8262122463e-02 -2.5390872069e-03 -7.0390946298e-02 1.4998951779e-02 -1.0239107608e-03 -1.4082385815e-04 1.9119732048e-03 7.7865456051e-03
7.3908135904e-02 3.9859446103e-02 5.7882715353e-02 3.0543668528e-02 1.1128355798e-01 3.6408654762e-02 6.9194451033e-03 -2.4390504210e-03 -2.8874300179e-02 -2.1729166909e-02 1.5361025821e-02 -5.5729972953e-02 1.8871595404e-02
-1.4271774296e-02 -2.6926115977e-02 -5.5466916233e-02 5.7988247350e-04 -2.2989871659e-02 -6.6609790284e-03 -1.9901603326e-03 5.2008182633e-02 2.7806337888e-02 -5.9043713284e-02 1.5779848295e-02 -3.7762256635e-03 5.8865791810e-03
4.2630967361e-02 7.9817936317e-02 1.2029838874e-01 -3.4634919447e-02 5.6177123956e-02 -1.4392565449e-02 6.1413986102e-02 2.9928701137e-02 -8.0731758483e-02 -4.7479263526e-03 -4.7115774452e-02 -3.7681937783e-02 1.4478972285e-02
-5.9914100416e-02 -7.1711488539e-03 -6.2972844737e-02 -2.8915790800e-02 1.8277620127e-02 3.1848910427e-02 1.3654550419e-02 4.1091729301e-03 -2.4255116282e-02 -3.9698903702e-03 -4.5894754199e-02 2.1450305779e-02 1.1120094485e-03
-3.9127080386e-02 -6.1771409155e-06 -6.2137427598e-02 -2.6791253901e-03 -5.1912368367e-03 -6.8484787397e-02 3.5393056053e-03 7.6395165700e-03 3.8849861033e-02 5.6529505819e-02 2.5351476088e-02 5.0321246537e-02 -4.3051039962e-02
-6.3861612052e-02 2.5366347697e-02 -8.7628130005e-02 -2.0546732789e-02 -1.8178241847e-02 -7.3850644100e-03 -3.6229580668e-02 4.4502682905e-02 3.2568926709e-02 1.3769825781e-03 4.6573564297e-02 1.6461939453e-02 -4.3717520161e-02
-7.2837746981e-02 2.1878968339e-03 -4.6050024567e-03 -5.0125728395e-02 -3.9427914160e-02 -4.8110039197e-02 2.9559603319e-02 -6.5221318388e-03 -5.6547926938e-02 4.7181058458e-02 -3.9373622359e-02 1.2167671368e-02 -1.5232696288e-02
-3.1001285429e-02 -2.1758472448e-02 -1.2206512474e-02 -7.7612091994e-03 5.6647033421e-03 8.6782935392e-02 -3.0255821437e-02 6.1214020952e-02 2.8740804273e-02 -4.0834117473e-02 -1.4761886886e-02 1.4835776993e-02 3.2740055722e-02
3.4811973486e-02 -1.0591841386e-03 7.1240197400e-02 -3.3575798486e-02 1.7963609267e-02 -3.6675973289e-02 3.1161943383e-02 -2.0481215729e-02 -3.6056169080e-02 -4.9059707156e-02 -7.5662714584e-02 -5.9606668477e-02 -1.2032176567e-01
6.3276553451e-02 3.0892090267e-02 6.9679982754e-02 -1.4151334271e-02 4.8024258232e-02 2.6523444521e-02 1.3150426067e-03 1.8113769406e-02 2.2560398011e-03 -3.7951275932e-03 -2.0810334416e-02 6.8635180903e-03 -5.6388791450e-03
3.3726526518e-02 2.9622972192e-02 1.4611723953e-02 5.6308059931e-02 2.0127600186e-02 -2.4007325537e-03 2.5138564324e-02 -1.5724148053e-02 -6.9446514758e-02 3.0591531119e-03 -1.0705376909e-02 7.4708489451e-02 -2.1434407692e-03
-1.7540253780e-02 6.6288961590e-03 2.0289115385e-03 -5.2642359795e-02 -2.4496076280e-02 -2.9241880922e-02 5.2076303751e-02 -4.1648515488e-02 -6.3523868850e-02 7.7884081291e-02 -7.0694597860e-02 9.6063869724e-02 1.9831581474e-02
-7.2118864245e-02 1.1782699408e-02 1.0008720884e-03 -2.5451723756e-02 8.1064794419e-03 -2.3410343238e-02 4.9930694994e-02 -8.4484013803e-04 -2.9933050705e-02 -7.5803997367e-02 -6.7238487415e-03 7.5025408784e-03 2.2034635829e-02
6.9449129799e-02 -3.3140331237e-02 8.1674517721e-02 -4.7068730209e-02 4.3126913456e-02 -7.6044325079e-03 7.2268768703e-02 -1.2731063858e-02 -5.8998419987e-02 1.7792035299e-02 -5.0363568608e-02 -5.4758092422e-02 -1.3479026558e-01
5.8309656984e-02 1.2658265142e-02 4.1115558573e-02 2.0513361844e-02 5.4802268279e-02 -6.0267973842e-03 1.3955498962e-02 -6.6010119423e-02 1.9588700742e-02 -2.9061355143e-02 -2.5198520573e-02 -2.6859833257e-03 2.7572646966e-02
2.9543833981e-02 -7.3374028574e-02 -1.4250307343e-02 6.1039955090e-02 6.5200135405e-02 1.2059353120e-02 -3.9593738352e-02 2.1146056850e-02 1.3448938249e-02 7.5540801646e-02 2.4244473992e-02 2.0814680172e-02 -2.1403297374e-02
-5.0923544157e-02 -2.7459361508e-02 -1.9549141902e-01 1.5644670905e-02 7.0190854052e-02 3.6954835779e-02 -5.1968157129e-03 -6.0845743814e-02 2.3860411505e-02 8.2245746763e-02 -8.0797417063e-02 2.4478640227e-02 9.6060089289e-03
5.3276961390e-02 -5.2176446565e-02 1.6882624920e-04 1.6443101722e-02 -6.3405913073e-02 4.5788396018e-02 -2.9290369532e-02 -3.5306531755e-02 2.7656961009e-02 -1.8819051410e-02 -2.4579662053e-02 5.3574045610e-03 -1.6209901244e-02
-3.6228691809e-02 2.5566177241e-02 -3.1058299687e-02 -3.1383079792e-02 -2.3429181858e-02 -5.7207394907e-02 -3.6371836010e-02 1.0240113014e-02 2.1830992667e-02 -7.1968918920e-02 9.9839832701e-04 -8.1349025931e-02 -7.0424931521e-02
7.9367565650e-02 -8.7044392859e-03 3.6549589374e-02 7.5783277170e-02 5.7176993647e-02 6.2718977045e-02 -2.6599785290e-02 1.9547914636e-02 2.5906417859e-02 1.6571361463e-02 -1.7505748699e-03 4.8271783590e-03 -3.8064265244e-02
-2.0268411606e-02 -2.2411559329e-02 5.2576817694e-02 -2.2794508728e-02 2.5070248022e-02 4.0428182510e-03 4.9132256379e-02 -1.3237276492e-02 -7.0445668277e-02 -9.3380984016e-02 -4.3385774991e-02 -5.6965496108e-02 4.3159893631e-02
1.4040983468e-02 3.1105848060e-03 9.1297550878e-03 2.2275294909e-02 5.0728146749e-03 1.9092589074e-02 -4.9534328644e-02 6.9671771021e-02 6.9081397885e-02 -2.3734169030e-02 5.0506657877e-02 6.0312795582e-03 -3.1465089770e-02
-4.6094880074e-02 1.5291091692e-02 -8.3501132500e-02 -3.2642245834e-02 -4.1805376331e-02 -3.4866347934e-01 -2.1836429282e-02 -6.7938050787e-02 -3.4949301344e-02 1.0630277641e-01 -2.8670264136e-01 -3.7908174176e-02 1.5029904620e-02
-5.4924232891e-02 -3.7634211472e-02 -5.3812918314e-02 1.1114328644e-05 -9.7583589904e-02 -1.1904176308e-02 7.3817402880e-03 3.3433312376e-02 -2.5451584698e-02 2.4619933584e-02 7.8870164154e-03 4.4431540547e-02 2.6232153043e-02
6.5814789679e-02 -1.3349308257e-02 9.8824718002e-03 5.8645889012e-03 -4.5937949901e-02 1.9228466190e-02 -2.0768685919e-02 -3.8373337502e-02 1.9233759381e-02 1.6460849546e-03 5.5914775492e-02 8.9502878044e-02 1.6751314855e-02
2.1658406075e-02 1.1159822073e-02 3.6909701696e-02 5.2106963832e-02 2.7401803322e-02 1.0248949256e-02 -4.4354364803e-02 8.3512398204e-03 3.3257050665e-02 6.3728789495e-02 8.6666250047e-02 4.2776152606e-02 3.0009774240e-02
