-1.1445113542e+00
6.6046056890e-01
2.4815088375e+00
7.3851073585e-01
2.9528440609e-01
3.9092843383e-01
-1.1062948741e+00
8.3357728039e-01
6.7865742123e-02
8.9733067600e-01
8.6027792167e-01
1.2193850033e+00
8.9417972885e-02
-8.2357444806e-01
-8.0885313531e-01
-7.0349394073e-01
1.4094267649e+00
4.1549460323e-02
-1.0845303364e+00
-8.7333813640e-01
7.5707660939e-02
1.0439444899e+00
-6.6688888201e-01
-3.2886564632e-01
6.2223103258e-01
7.7638726577e-02
5.0195173386e-01
-6.1912571011e-01
-2.8048192268e-01
-6.3512947582e-01
9.9852148795e-01
-2.1988552041e-02
2.0713909816e+00
-9.8619632835e-01
7.7205710378e-01
-2.9555148873e-02
-1.0752080425e+00
6.0056908381e-01
1.3099665388e+00
6.5631057977e-01
-1.1914210623e-02
-9.4961070363e-01
1.4398496430e+00
2.9078817397e-01
-4.5729914852e-01
1.6597072605e-01
4.6488778860e-01
-5.8566785705e-01
-4.2309868857e-01
-1.1492243914e+00
-6.6089294788e-01
4.9145158442e-01
