1.9440115618e-01 -2.1068974090e-02 4.1338465418e-03 1.1232106122e-01 -8.2325802882e-02 -8.8664499498e-03 -1.1433082359e-01 -1.6841980009e-01 5.9720274117e-02 -5.7426889540e-03 2.0176149130e-02 7.8014644717e-04 -4.6379496233e-03
-8.0437682479e-02 4.3721420982e-02 -4.2266875264e-02 1.6033688351e-02 -4.3881691705e-02 -3.7399286531e-02 -3.5139784805e-02 9.0865359139e-03 1.4723323384e-02 2.8433705435e-02 2.5884280866e-02 -9.4093849929e-03 -2.1090049843e-02
-5.5692027842e-02 4.8323428707e-02 -2.5293855427e-02 8.5336095547e-03 -2.6579130819e-02 -3.4475341547e-02 -2.4547543081e-02 2.9943489300e-02 1.6465387510e-02 7.1849875591e-03 2.1622945472e-02 8.5202421719e-03 -4.4541450762e-03
-3.1394193604e-02 -2.4146639969e-02 -4.6898865151e-02 2.9822107965e-02 -4.3921608024e-02 -2.3484473732e-03 -1.9817740502e-02 3.3802028424e-03 5.1833984969e-02 -6.0478576861e-03 1.9040990161e-02 2.5909066734e-02 5.7641359072e-03
-1.1581603598e-02 -8.3524904021e-03 -7.0691149781e-02 -4.3330114843e-02 -3.0197443328e-02 2.6224542236e-02 -2.6291515802e-02 2.0522211081e-02 3.0726376262e-02 -1.5089823065e-02 -1.6952896196e-03 4.6590330268e-03 1.1352815023e-02
-1.8814924848e-03 2.5191020687e-02 -1.1883313961e-03 -2.2910093968e-02 6.0666597369e-02 4.1736927664e-02 4.8808818800e-02 -3.5883364681e-02 -3.6525239899e-02 -6.0188812621e-03 -8.5787033916e-02 -6.3623496320e-02 5.3263626198e-02
6.7831178493e-02 -8.8623016941e-04 7.5370059067e-02 -5.6239216610e-03 8.1865698102e-02 4.2487740321e-02 2.1108668506e-02 -2.4069844734e-02 -2.2572146869e-02 -1.4945294657e-02 -1.1598705991e-02 -3.1124064773e-02 9.5056028285e-03
1.6736372521e-02 2.2128441991e-02 -3.8942631219e-02 1.2209726892e-01 1.2033665859e-01 8.2693114901e-02 2.8317483781e-02 -8.0186211174e-02 -1.3400819846e-02 6.7372565369e-02 -1.4440306439e-02 7.2564112389e-02 -8.2820882979e-04
-5.6494508106e-02 1.3171074942e-02 -3.9935609312e-02 -2.0233172146e-02 -5.1273688533e-02 -1.3610346447e-02 1.1683586763e-03 9.9857538521e-03 1.5823921567e-02 2.6135792061e-02 -1.0298613117e-02 1.2408790357e-02 -2.1119527313e-02
-5.2713717380e-02 -3.2143064717e-02 -3.7777705129e-02 1.2381952207e-02 2.2623626885e-02 5.6063125995e-03 -1.0518106929e-02 9.8116785907e-03 -4.4549004335e-04 4.0881449931e-02 1.2861275288e-03 2.6184574655e-02 7.7007126492e-04
1.1649702471e-01 8.3328189574e-02 8.9999848711e-02 -5.5779632322e-02 1.2287370169e-01 2.6465981930e-02 2.1687120255e-02 -2.9679779900e-02 2.2027135059e-03 4.5289018077e-02 -2.0294635547e-02 1.2520074988e-02 6.3680423004e-03
-5.6865439960e-02 4.1811147179e-03 -2.9295573081e-02 -1.1363461044e-02 -2.5985006633e-02 7.1983172607e-04 1.4005776076e-02 -6.8993318471e-04 2.0227909270e-02 -5.1336252498e-02 -1.0509932406e-02 -1.1324635906e-02 1.4723995140e-02
-1.9019470483e-02 1.8811489816e-02 -4.4828675171e-02 -2.7623018039e-02 3.2402967162e-02 -2.2994876702e-02 -3.2325802943e-02 2.6401104425e-02 2.3459523966e-02 -1.3802969633e-02 5.3161905709e-02 -7.2244447162e-02 -2.9552203192e-02
6.0219296683e-02 -2.0291774959e-02 4.8954218968e-02 1.5595815033e-02 2.1728712880e-02 3.8600636452e-02 -2.0870938059e-02 -1.4803846032e-02 -8.0273821147e-03 3.3382650623e-02 -1.3660642525e-02 5.1959329822e-02 -1.4671913432e-02
-2.6468639795e-02 1.0927733775e-02 -6.8735194910e-02 -3.0073256303e-02 -9.7655987109e-03 7.5265572406e-04 -3.9441693355e-02 2.0473347449e-02 -8.2706558529e-03 6.4096901865e-03 5.7289948768e-02 2.8607372640e-02 -2.7199847370e-02
5.5505100014e-02 -2.8706011740e-02 2.2152947350e-02 -3.4386423732e-03 2.4835534393e-02 -6.9350585111e-03 2.3850596723e-02 4.2860264394e-03 -1.0674518980e-02 5.7986871564e-03 -2.5301822288e-03 2.1758222320e-02 4.4634777687e-02
3.9363851411e-03 -1.0767378410e-02 1.5839278811e-02 2.8853089977e-02 1.2907324503e-02 3.1084363781e-02 -1.5453695998e-02 2.6123555459e-02 -4.3448257760e-03 6.6676542507e-02 3.0323666804e-03 3.6665364492e-02 -1.1699857692e-02
-2.4310121095e-02 -1.7572274446e-02 -4.2652924780e-02 4.5815994378e-05 -3.9915424726e-02 -1.3416395316e-02 6.7896123525e-03 1.7676040065e-02 -3.2643250203e-02 -2.6346983091e-02 -2.6185717738e-03 4.2594976049e-02 1.0235004504e-02
6.0729476649e-02 -4.5002927788e-02 1.1391238113e-02 -5.4103836117e-03 -1.0954470902e-01 1.1905546778e-01 -3.6623780760e-02 -2.1375091637e-02 3.4873214820e-02 -3.2201924045e-02 3.9673965117e-02 -8.7458344514e-03 -1.1423126904e-02
5.9734118312e-02 -4.3193414098e-02 -3.7647877539e-02 -3.5347294163e-02 1.2232376523e-02 -8.6591862802e-02 -3.2919799073e-02 -3.9668945636e-02 1.6721818610e-03 -7.2602754126e-03 4.7876156072e-03 -7.1174137782e-03 -6.2929767596e-02
-2.0659976543e-02 -1.9068583965e-02 -3.0415286432e-02 -6.3824606683e-03 4.5806218467e-04 1.3662942475e-02 9.9005415076e-03 3.5861311834e-02 2.5224937733e-02 1.0859561195e-03 -6.5804812918e-03 -1.3860774587e-02 4.6481788337e-02
-4.5764857620e-02 9.3744374489e-03 -3.1992643488e-03 2.1439658992e-02 -1.1785557969e-02 3.5679866948e-02 -3.5325378129e-03 3.3997777019e-02 3.1037209996e-02 4.6640388721e-02 -4.2237066401e-02 3.2565012446e-02 1.9135215786e-03
2.1032720262e-02 3.4912589194e-02 6.3727270949e-02 -3.1574910256e-02 1.9236176806e-02 7.3517221298e-03 3.9635862710e-02 2.1602161266e-02 -5.7224143961e-02 -4.2105417958e-02 -3.7828316269e-02 -4.1446170930e-02 -2.3707379292e-02
-9.0189174374e-03 -6.5321653769e-03 2.5032703500e-02 -8.7869911105e-02 -3.4099612520e-02 -5.1145134947e-02 4.1313026964e-02 2.7542068791e-02 -2.7007919972e-02 -1.4989882487e-01 -1.9305275783e-02 -5.3842103507e-02 -5.2328762815e-02
2.8183486228e-02 -2.1616642439e-02 6.4084536632e-02 -3.7876429828e-03 1.5237854951e-02 3.2452620458e-02 1.6047825772e-02 6.1282248727e-03 -1.7310314357e-02 -2.0673637909e-02 2.4979295443e-02 1.8541830299e-02 4.0485143130e-02
-4.2337165519e-02 -2.4889983315e-02 -5.9736125575e-02 3.0664660912e-02 -9.7226797442e-04 1.7377935265e-02 -8.4541591632e-05 -6.5047692520e-03 2.0375273595e-02 -4.0611334521e-02 -2.3214172466e-02 -6.5582998860e-03 -9.9636474288e-04
-4.6251138569e-02 -2.1658791581e-02 -5.6003957106e-02 -8.9855442955e-04 2.8299053212e-03 -1.9001543613e-02 3.2957856035e-03 -5.0973890785e-04 2.0160798092e-02 6.0727509039e-02 -9.8320288070e-03 5.2152764992e-02 -2.2068949780e-02
-4.7432141922e-02 9.7097114867e-02 1.2480047562e-01 -6.8786688454e-02 4.9591777505e-02 -6.8377501244e-03 8.4647623570e-02 8.3003292841e-02 -8.0181213463e-02 8.0166700632e-02 -7.7240765246e-02 7.6421472192e-04 7.6357294880e-02
1.2937702118e-02 -4.2065616609e-02 -8.1086611836e-02 -6.8822925752e-03 -7.6785096415e-02 -3.9462785713e-02 -7.4760737604e-02 -2.2595745566e-02 6.4594541900e-02 3.5143640144e-02 1.3956452945e-04 1.0974727961e-01 8.1021330778e-05
-6.4428425960e-02 5.4562255210e-02 -2.3542343466e-02 1.3125835728e-02 3.7858056851e-03 6.2665681500e-02 1.9880238181e-02 -1.4695521807e-02 -3.7840311713e-03 -9.1668217100e-03 8.0564760330e-03 -3.8926555301e-02 2.5880934019e-02
-5.1706378540e-02 -2.6854085851e-02 -2.5401870356e-03 -5.0943088244e-03 -2.8064952235e-02 2.1450550224e-02 2.2297395975e-02 6.3147583955e-02 -1.1034306363e-02 -1.6799400860e-02 -7.0001651219e-05 5.7775097927e-03 1.8300947327e-02
6.1679331057e-02 -9.2322462459e-02 2.0443913800e-02 -2.0293284207e-02 -4.0292581890e-02 3.4588568093e-02 -1.8970549607e-02 -1.6007380023e-03 1.5675420370e-02 -3.3443829847e-02 4.5129685399e-02 -9.3924086735e-03 4.6503905743e-02
1.1228700823e-03 -3.0991432940e-02 -9.7621846114e-03 -1.9241751669e-03 -3.1666078824e-02 -4.5377136301e-02 1.6796991966e-02 -1.7107426104e-02 -1.9056261086e-02 -1.5857123970e-02 -1.3448191066e-02 3.0398956293e-02 -4.0544594159e-03
-2.6527278514e-02 3.1067455177e-02 -5.4650072353e-02 4.1329889887e-02 -3.6780811522e-02 -2.2507505025e-02 -2.4722055407e-02 2.0637178747e-02 2.6445679678e-02 -1.1993227728e-02 -8.4303576837e-03 -1.6466792455e-02 9.2751539406e-03
9.6542563873e-02 -3.0413972903e-02 2.1280838589e-02 -1.8853149413e-03 7.5582936424e-02 4.1167530326e-02 -4.5036107226e-02 1.3638835457e-02 7.0071396610e-02 1.0112732522e-03 -3.2853540523e-02 -3.7032733366e-02 -4.8987464010e-02
1.5846522976e-02 -5.6500931094e-02 1.8293778614e-02 -1.7848872099e-02 -1.6417859957e-02 -1.0355920719e-02 -2.8397409526e-02 2.6074609712e-02 3.4268453318e-02 7.9400693079e-02 7.5125711124e-03 1.0458808963e-01 2.9472668203e-03
-2.3022964803e-02 -1.8320106998e-02 -4.8331088179e-03 -1.0406609733e-02 -4.3701062080e-02 -2.6193388514e-02 2.1425572960e-02 -5.2592234372e-03 -5.6446107717e-03 2.0911656806e-02 -2.4401828454e-02 5.6709760575e-03 -6.1079115877e-03
-6.3998688206e-03 -1.5213768278e-03 -1.8826075952e-02 -6.5326140743e-03 -4.5610721080e-02 4.8476335660e-02 2.0771940565e-02 -4.7234669048e-02 -1.9503657011e-02 -8.7457653563e-02 -1.3381404379e-02 -4.9226606452e-03 9.0146971375e-02
-2.2569314910e-02 -2.1559049663e-02 -1.8397806380e-02 -5.4173771797e-02 2.1212476939e-02 5.9702102850e-02 1.3298992097e-02 3.4649014917e-02 1.3936027325e-02 -4.9792732542e-02 4.2354115732e-02 -1.9852746158e-02 4.8280550807e-02
4.0178456126e-02 2.1348041274e-02 7.5498266293e-02 -3.4620535338e-02 4.9490716787e-02 2.9941204086e-02 2.2275425750e-02 4.1977492298e-02 -3.5670033644e-02 2.1932773574e-02 -3.0346316183e-02 1.8381926858e-02 1.5957070261e-02
-2.2016749798e-03 2.5670085041e-03 2.8174296061e-02 -6.0519373953e-02 1.1178876211e-02 -5.1684280629e-02 5.6378642372e-02 -2.5182066276e-02 -6.6978542647e-02 -6.1566709960e-02 -7.3503558734e-02 -2.5718866623e-02 -4.5140220363e-02
4.0679508812e-02 -2.7160780191e-02 2.2781796962e-02 2.6402366119e-02 1.7194298695e-02 3.8244798233e-02 -5.8549903693e-02 9.3960957100e-03 4.6180408834e-02 -2.6344494967e-02 5.0971877651e-02 3.9096405124e-03 -1.4468555622e-02
-3.8334214648e-02 -1.7398715492e-02 -3.7680521308e-02 3.0016230310e-03 -1.2274105042e-02 -1.6753769743e-02 2.8224290893e-02 -1.7357545901e-02 -2.3405853048e-02 -1.3709892672e-02 -6.9697727774e-02 -1.7830117703e-02 3.5215590054e-02
-1.9576564101e-02 2.4353768483e-02 -1.4831456451e-02 -5.6200666278e-02 1.4833712494e-02 -1.2132809629e-02 4.0169859078e-02 6.6200064534e-03 -2.4935213386e-02 5.5338763129e-02 -8.9135012263e-02 -5.3051289675e-02 -4.0648973590e-02
2.0844715188e-03 5.0899378582e-02 5.6681131127e-03 4.4702044523e-02 4.7286578230e-02 7.0724614480e-02 -8.1893106410e-03 5.8258899877e-02 5.9447180468e-03 -2.7960422694e-02 1.9087970912e-02 -4.4910690404e-02 -3.1900401493e-02
-7.8168945925e-02 1.4488300981e-02 -4.5713034742e-02 -1.6102834845e-03 -3.8171867824e-02 -1.2777672808e-02 -1.9307170853e-02 3.3007834128e-02 -1.5334171185e-04 2.7442522953e-02 -7.6725015397e-03 -1.1342969727e-02 -4.3966896063e-02
-4.4901530942e-02 -3.9077088727e-03 -2.8374356175e-03 -9.3959738404e-03 -1.7202128910e-03 7.5825817540e-03 2.2915836337e-02 2.7467840825e-02 -1.3939833946e-02 2.8112001067e-02 -8.2389293067e-03 -7.1504914031e-02 7.2006485830e-02
-1.7665614824e-02 -2.5820267296e-02 -8.7537217070e-02 -4.1928541964e-02 -1.0002302178e-01 -1.2136131459e-01 -4.3731079696e-02 -5.1825144753e-02 3.7552337983e-02 -6.4654490180e-02 1.2765485880e-02 2.2447004490e-02 7.1778113668e-02
3.6952356721e-02 -1.5184941357e-02 -2.1921256173e-02 2.4038194165e-02 5.9699837984e-02 4.0180113332e-02 -3.4064837551e-02 9.1942261720e-03 6.5831080367e-02 -1.3429835473e-02 5.5718266433e-02 7.7613445171e-03 -1.2179660514e-02
-7.5226722409e-04 -1.9542224937e-02 -3.2554455661e-02 -4.7112014712e-02 -2.0116244184e-02 -2.9887074789e-02 6.2800949344e-03 2.0796375606e-02 -2.1741927610e-02 -1.6237356082e-03 -6.1668588718e-02 1.6535606445e-03 1.4101690527e-02
2.7018891855e-01 -1.5976024062e-02 2.1971915810e-01 -9.0731329621e-02 2.1752980075e-01 2.0379241658e-02 8.2334863930e-02 -7.3304448627e-02 -7.2767406598e-02 -1.8466979785e-03 8.0786198544e-04 -4.6676006572e-03 2.6992897972e-02
-3.0091169093e-02 4.8823285151e-03 -3.1741492903e-02 4.7474458761e-02 7.0479530639e-02 4.1271048030e-02 -2.3118967520e-02 4.4253678266e-04 1.2458715736e-02 -4.2409678836e-02 -2.1515500846e-02 -2.4333055186e-02 -1.5043424837e-02
6.6846358352e-02 -1.0905017920e-02 4.5923869507e-02 -1.9095503624e-02 6.9090255219e-02 -3.0233172464e-02 -1.7754577310e-02 -6.6235859658e-03 -1.8920544283e-02 2.5585710468e-02 4.7349524824e-02 -2.6290363071e-02 -4.4321246789e-02
-1.0728259927e-02 -2.2169036599e-02 -6.6515429596e-02 6.3281687094e-02 9.4890583612e-02 1.1536541051e-01 1.8127109134e-02 -4.5857258650e-04 -1.1987761104e-02 1.6260588124e-02 -1.0630491166e-02 -3.2825922304e-02 2.3183385357e-02
8.1581254150e-03 1.2948326337e-02 5.7397668972e-02 -4.5683393675e-02 1.4708497113e-02 -1.2937049644e-02 3.6552445339e-02 -2.6525122466e-02 -5.4043235675e-02 -2.6913835776e-02 -5.2019154797e-02 5.3506829429e-03 4.0534488485e-03
-2.7536997142e-03 -5.5367152736e-02 -1.8938413275e-02 -1.9672832445e-02 -2.4294808857e-02 -1.4567179461e-02 2.0589942614e-02 -8.2368402491e-03 -4.8453080479e-02 -3.2145293053e-02 -3.9310718003e-02 2.2413275918e-02 2.1164321993e-03
-6.6213565765e-02 7.6944447767e-02 -2.3063643930e-02 2.6468570943e-02 3.7484032024e-02 8.9742690586e-02 -2.8102512434e-02 6.9189691482e-02 5.0032308362e-02 -6.5497222255e-03 -9.9950859884e-03 -1.8673050103e-02 -9.7114274503e-03
-1.4521267795e-02 1.4418353939e-02 1.3671707968e-02 -5.0269779852e-02 -3.1646402195e-02 -2.8546261464e-02 6.5634041222e-02 -1.1635286084e-02 -7.7533092124e-02 -4.0185796784e-03 -3.1283242913e-02 -1.6672391093e-02 6.3638415586e-02
1.1142743362e-02 -9.3740824724e-03 -2.5710615500e-03 -1.0639724638e-02 2.7376273478e-02 6.5304933699e-02 1.0933356963e-02 6.8731073752e-03 -6.7581243471e-03 1.0220444776e-01 8.4809655122e-03 6.4979792968e-02 6.4375383186e-02
2.6829018265e-01 2.7092469806e-02 2.6789032441e-01 -3.1692379918e-02 1.7832905622e-01 1.1283494861e-02 5.7853042905e-02 -4.5516768740e-02 -7.7797751649e-02 5.3735616850e-03 1.3404494995e-02 5.3892669404e-03 -8.4645020174e-03
-9.0915671483e-02 3.9142977813e-02 8.1173795804e-03 -7.4785157446e-02 -5.6758179698e-02 -7.2847543487e-02 7.5383465864e-02 4.8541795614e-03 -5.2210761411e-02 6.4701452228e-03 -7.0491432769e-02 -2.0985461960e-02 -1.4008763398e-02
1.0894959082e-02 -3.6040812553e-03 -4.7419531518e-02 1.1607404894e-02 7.4640804071e-02 -1.8777856343e-02 -5.5222546416e-03 3.2990514643e-04 -5.0429199176e-03 -8.8248681724e-03 7.2079305064e-03 4.4868063816e-03 1.6676158606e-02
3.7618160279e-02 -1.3808008691e-02 3.0714270718e-02 -1.1467622252e-02 6.1640427800e-03 2.5304020647e-02 6.8117014704e-03 -2.3102117092e-02 -1.3973192266e-02 -1.6385727332e-02 -6.0070375728e-02 -4.8237004018e-02 7.5968199191e-02
3.7986651601e-03 -2.7839222217e-02 -1.9542788862e-02 -4.1720265050e-02 4.0461653968e-02 -4.5035389920e-02 -1.4209672463e-02 1.3351450259e-02 -6.0119500072e-03 9.3348784060e-03 6.5819933295e-02 -2.5451805442e-02 1.3900759831e-02
-1.5937045033e-02 -2.8320266000e-02 -1.0042362729e-02 5.3366543693e-02 -1.8228862753e-02 5.2487494631e-03 -5.1068325704e-02 4.6240436564e-03 6.8012546859e-02 1.1912954946e-02 2.6747289121e-02 3.3451897487e-02 -1.5884183702e-02
7.4529314546e-02 -2.8221723123e-04 1.1018387797e-01 -5.3263482539e-02 1.5172967349e-02 4.0580134819e-02 2.7151160326e-02 2.8468337816e-02 -7.4781638147e-03 6.1190831168e-03 -4.2614146869e-04 -3.6410770961e-02 -5.8850381696e-03
-7.0261523532e-04 2.4827276069e-02 -3.4116230524e-03 -5.0793583523e-02 1.3626881419e-02 -5.6382209523e-02 1.5348788548e-02 9.6070419223e-03 -1.2443321568e-02 -3.0260798677e-02 -1.3111961424e-02 6.0984110235e-03 -1.2254489851e-02
-8.0618040149e-02 1.0796660448e-02 -7.3439590233e-02 -1.7606014168e-02 -6.1283705901e-02 1.0966724562e-02 -1.0931706050e-02 1.5312479746e-02 4.9129416730e-02 1.2263853545e-02 2.1832177017e-02 2.3378492303e-02 2.7348446499e-02
-7.6856431210e-03 -7.9705612459e-02 -4.9133543337e-02 1.7535849782e-02 -3.2885451100e-02 -3.4161094889e-02 -3.9733960487e-02 1.1570812853e-02 4.8905526452e-02 1.3132395732e-02 -8.1251565211e-03 -4.4715537500e-02 1.4605097325e-02
-3.1085183017e-02 -1.4496144877e-02 -4.5225348619e-02 -1.7363727933e-02 -1.3497275093e-02 2.2893357535e-04 -1.8933044334e-02 1.4904465939e-02 -2.5246162366e-03 -6.1005836626e-03 -4.3906955694e-04 -2.6448393489e-02 1.5982419852e-02
-3.5270946753e-02 1.1029873210e-02 -2.0409738138e-02 1.8076091579e-02 -3.3174633980e-02 1.6129042648e-02 -4.4154141260e-02 4.3173380586e-02 6.0084950634e-02 -1.9651854022e-02 2.7590323006e-02 -1.6215447135e-03 -7.4246174150e-03
8.1528488737e-02 5.4342000389e-02 1.1606482828e-01 6.1148919487e-02 1.0511825792e-01 5.1060547542e-02 3.0903778885e-02 -2.7781575278e-02 -4.4667635320e-02 -5.2083317976e-03 1.4287261342e-02 2.0169325123e-03 1.4652417925e-02
3.0211057494e-02 -3.0071577378e-02 1.5559379440e-02 2.4587032077e-02 4.1677071526e-02 3.2506673493e-02 2.4565112415e-02 3.9047863485e-02 -3.5035947436e-02 7.0934035200e-03 -8.6644791506e-03 -8.9456761529e-03 -6.4117735663e-03
-7.2917780376e-02 5.0527030780e-03 -4.0378928610e-02 3.3132277264e-02 -5.0680898888e-02 -1.5439129866e-03 -8.6585265681e-03 1.7816970418e-02 5.4203475658e-02 -1.1928746882e-02 3.9802963119e-02 -1.3308490509e-03 7.7974240116e-03
2.7174514433e-02 2.2452460537e-02 2.3864630726e-02 8.7970170019e-03 4.6050260585e-02 3.6592121788e-02 6.1084784530e-03 5.0663341571e-02 2.8814376047e-02 -1.7225223539e-02 9.1529125316e-03 7.6326510035e-02 1.2259942627e-02
2.3232429054e-02 -3.7360655892e-02 -5.6516804337e-02 4.5435796916e-02 8.7665550065e-03 -2.3062511686e-02 -3.0145000467e-02 -6.0378138441e-02 3.7532392720e-02 -4.7668139417e-03 2.9747324054e-02 2.6672545113e-02 3.9017947321e-02
-1.7180930779e-02 -1.9568596873e-02 -5.8278674090e-03 6.7758524377e-02 2.3689440835e-02 -5.2611417886e-03 -6.4769365206e-02 6.7197919828e-02 6.5998362686e-02 -5.1662848945e-02 8.4482360703e-03 -4.2318405105e-02 1.5129902143e-02
-2.2146767376e-02 -3.0308521059e-02 -2.0895628933e-02 -1.5724356735e-02 -3.2570860809e-02 3.8576844198e-02 -2.8962217424e-02 5.2552699288e-02 5.6345438202e-02 5.7630171977e-02 4.1203688372e-02 4.0469776979e-02 -1.2710614585e-02
1.3135505027e-01 -1.2212146110e-02 1.4863942274e-01 -2.2857830625e-02 7.4869634049e-02 -1.5302078475e-02 5.0441621137e-02 -2.1403933065e-02 -3.7588794677e-02 2.6654121543e-02 7.6170957297e-03 -2.1383083240e-02 -3.4636451468e-02
2.7476003736e-02 -8.8007261084e-03 3.4623718131e-02 -5.6317149132e-02 -7.4988849172e-06 -5.1986422521e-02 5.6725173024e-02 -1.1413544832e-02 -2.9717441841e-02 2.6611110612e-02 -4.6238585168e-02 2.6336667744e-02 -5.3740741014e-02
-3.6957336508e-03 2.2185929226e-03 -2.6307740349e-02 2.1132372839e-04 -5.7255365605e-03 7.6744882846e-03 -1.7806848214e-02 8.5875422837e-02 4.1894278543e-02 -1.7410108389e-02 4.9644100683e-02 -1.3639333736e-02 -4.5176412932e-02
1.3749609987e-01 -1.1810031103e-02 1.3647483320e-01 -1.4822895713e-02 1.0037587758e-01 8.2278948013e-03 3.8686464879e-02 -5.1820102030e-02 -3.6855657633e-02 -2.3107440452e-02 3.1274415841e-02 -2.0590111618e-02 -2.9083897358e-04
-6.1152948408e-02 3.1804309674e-02 -1.8617947232e-02 -2.0066404261e-02 -3.4984223185e-02 -2.1141718714e-02 6.2073717164e-03 7.6114355822e-03 -2.5894961851e-02 -5.0019918592e-02 1.1820833457e-02 -2.7662530536e-02 1.2227095360e-02
1.2212155408e-01 8.2120180698e-03 5.8988311086e-02 6.0926549330e-02 1.4143098956e-03 4.1225554219e-02 -2.7193690963e-02 -6.3370480003e-02 2.9412183517e-02 1.4816267190e-02 2.3279097284e-02 3.1720870555e-02 2.6102072230e-02
3.0817970353e-03 4.1982150025e-04 -3.5389174244e-02 5.9732706607e-02 3.0210316244e-03 1.2612651910e-02 -3.7644497807e-02 4.2475119353e-02 3.8575052232e-02 1.1648799369e-02 3.5868727598e-02 8.0499783622e-03 1.3502475482e-02
-3.0262476397e-02 -2.2840113312e-02 -5.1868621568e-02 -2.1000598429e-02 -1.0356663483e-02 -2.1885067363e-03 -1.1688780913e-02 1.6378277627e-02 3.9103152534e-03 2.8182290087e-04 1.3556810021e-03 1.2463765958e-02 -3.9534821020e-04
2.7937391639e-02 -2.6730735457e-02 -5.2753916182e-02 3.6170498059e-02 1.0144550187e-02 4.0915796666e-02 -4.0777174659e-02 -1.0023233739e-02 3.1204542462e-02 -1.9569162862e-02 1.7921319016e-02 -3.0684277314e-02 1.0286391920e-02
-1.7787624019e-01 2.1726996132e-02 -3.8657231896e-02 -1.7619612158e-01 -2.1915870140e-01 -1.4506017340e-01 1.5151836299e-01 -6.4441283985e-02 -1.2180235768e-01 8.5021319711e-02 -2.4299333825e-01 -4.8489700238e-02 -8.3550869790e-02
-3.1159124764e-02 -1.6732984666e-02 -4.3284504989e-02 -6.9610758330e-03 -2.2039133886e-03 1.1525056932e-02 -4.6632783619e-03 2.3024044825e-02 2.2042305601e-02 8.9535520270e-02 6.5570824633e-04 1.5515944369e-02 4.0617912567e-02
-3.9580693960e-02 8.0892482182e-03 2.7771429496e-03 -1.2546608214e-02 -5.6024742398e-02 -1.7060366235e-02 -2.6332130737e-02 -4.4123678237e-03 -1.3636879594e-03 -8.7201767273e-02 -3.7575402233e-03 -4.0789450203e-02 -5.8278523261e-02
1.4938643571e-03 3.4697242478e-02 -3.5924891631e-03 -2.3658888621e-02 4.1370023367e-02 -4.5609016696e-02 -6.1240506531e-03 3.6838900230e-02 3.5048005189e-03 7.5613156200e-02 1.3480131400e-02 3.5882960325e-02 -9.6133315366e-02
-1.2499612126e-02 4.4520965191e-02 8.2857485353e-03 -4.7056390000e-03 3.4532130192e-02 -8.3078424194e-03 2.3057428002e-02 2.2305288145e-02 -2.2746741646e-03 1.6236541674e-01 -1.0416149342e-02 2.1153150146e-01 -4.7630003442e-03
-8.9777224939e-05 -3.6643485497e-02 -3.9947522228e-02 3.2026607903e-02 2.1662203615e-02 -1.1355270472e-02 -4.9091298230e-02 8.3083934309e-03 8.8983367863e-03 1.7136723491e-03 -1.3104311011e-02 -9.0451170798e-03 -3.3165087464e-02
4.2984285047e-02 -4.5799055676e-02 -4.5064396712e-02 1.9541321523e-02 1.4777558176e-02 4.9410942732e-02 -1.5484314387e-02 -4.0093129128e-02 1.6484856723e-02 2.3701728597e-02 -8.8862463634e-03 2.3043872782e-02 1.6635639171e-02
7.0016371815e-02 8.2995715827e-02 1.6163097305e-01 5.4131548509e-02 1.3023825061e-01 9.3123108298e-02 3.5733107378e-02 2.8327444676e-02 -3.4071015264e-02 -9.8174328745e-03 -2.6945005784e-03 2.1154876385e-02 1.4653771111e-02
-1.2009210102e-02 3.3203040193e-04 7.1621269288e-03 -7.3535143803e-02 -9.4749784811e-02 1.6116522153e-02 1.6654114903e-02 2.8039863002e-03 6.0409192555e-03 7.7168029024e-02 -2.2912264272e-02 9.4972816440e-02 3.6435288466e-02
-2.0810928196e-03 -2.8951487154e-02 -4.5093792279e-02 2.7558036520e-02 6.4080478940e-04 2.2625015040e-02 -2.8271067384e-02 2.0567266604e-03 1.7003904363e-02 -6.0555769741e-03 4.1060398018e-02 1.6728167969e-02 3.1551693560e-02
-5.5390080899e-02 -7.3681165015e-03 -6.3025181381e-02 -2.0803907092e-02 -1.1003507305e-01 -9.9182568449e-02 -7.5756654147e-03 -4.7932866295e-02 -1.9499422984e-02 4.3715655195e-03 -9.8300982768e-02 -3.5613601581e-02 7.5270392852e-02
3.8469285713e-02 8.0443090276e-02 4.6901572135e-02 -6.4116425438e-02 5.5741318935e-02 2.3439372689e-02 8.2619792715e-03 6.0325984540e-03 2.8643127157e-02 -4.3260242897e-02 5.0665920904e-03 -1.9274820163e-02 7.6874990677e-03
1.9350748087e-02 6.1002793140e-02 4.7684208263e-02 3.9226807595e-02 2.5930426979e-02 1.7626823586e-02 3.2447203238e-02 -3.5850432622e-02 -5.9160756430e-02 -4.1523981306e-02 -3.3005159765e-02 6.7960446488e-02 3.0845284976e-02
-1.0655841010e-02 3.3996163736e-02 1.6827218466e-02 -1.2041475852e-02 9.7278942711e-03 2.0830002751e-02 -3.6737294083e-03 2.5905804961e-02 -4.6971904539e-02 -5.5572885095e-02 -6.7704971546e-02 -3.2721405880e-02 -1.7641826548e-02
3.7328618017e-02 4.3050490307e-02 2.6990817064e-02 6.6351625044e-02 3.6155478696e-02 6.0427043483e-02 -3.4813682474e-02 -2.7289452972e-02 2.8453624928e-03 6.4131600084e-02 -2.1484153322e-02 3.9321734751e-02 3.3989544243e-02
3.4498772070e-03 7.5709517722e-03 3.4065083638e-02 -3.1254138088e-02 2.2925432144e-03 2.2047696835e-02 3.6748545651e-02 -2.1320544855e-03 -2.2965333045e-02 -4.2475254268e-02 -6.5854442567e-02 -7.2761877943e-02 1.3091763751e-02
-2.4440269828e-02 -8.9195325961e-03 -4.5425166717e-02 -1.5179952468e-02 -2.6711645187e-02 -2.1911978173e-02 3.4365741144e-03 9.9146290316e-03 4.2032195185e-02 2.5998933426e-02 3.3782742352e-03 2.0860356697e-02 -2.2244137519e-02
3.2088959982e-02 3.8144809584e-02 4.4290257017e-02 -2.8890706180e-03 5.5300682017e-02 -1.0666915965e-02 8.0174491541e-04 1.5717265084e-02 -2.1752167739e-02 -7.7201590523e-03 4.5435289267e-02 -1.0028482017e-02 6.2047036938e-03
-1.5346559879e-02 3.0095848297e-02 3.9955600011e-02 -6.5119346009e-02 -8.9750772733e-03 -1.6995965010e-02 3.5249027015e-02 1.0442814875e-03 -5.9039076802e-02 9.8968710726e-03 -2.1265839883e-02 -4.3325445392e-02 -1.1604360914e-01
-1.0525008812e-02 -8.2185789247e-03 1.9717443356e-02 -5.8192687366e-03 -4.0230111379e-02 -9.8160591892e-03 1.2375995314e-02 -2.8435342651e-02 -4.3516721744e-02 1.1288541479e-01 2.4048213435e-02 8.6416307070e-02 4.1720641996e-02
-3.7800806478e-02 -4.4587286765e-02 -5.8718688953e-03 -7.9403092403e-03 -3.3635320378e-02 -9.0697930684e-03 3.2004029398e-02 4.6348593983e-04 -1.8153015856e-02 -2.8485238982e-02 -6.4910722061e-02 -2.9741200595e-02 1.7230767708e-02
6.4652608605e-02 -3.2314903116e-04 8.2579202128e-02 1.7553260222e-04 4.2605365946e-02 1.7762437241e-02 7.4691156508e-02 -4.7788607884e-02 -8.2720792081e-02 1.7798393303e-02 -6.0750314719e-02 -1.9556108193e-02 -9.6191687875e-02
-5.6563317268e-02 5.6389448970e-02 -4.8899043653e-02 9.2639111280e-03 -3.9234762622e-03 4.9715723932e-03 -2.2948080155e-02 5.3715260065e-02 5.7583120841e-03 1.4676114783e-02 2.7506241834e-02 3.5378573104e-02 -3.5306584557e-02
4.4755593745e-02 -4.5711307742e-02 9.5046676431e-02 -2.6201235382e-02 -1.3545212905e-02 -1.7744528022e-03 9.9730344394e-03 2.6953871791e-02 -3.3102524170e-03 -1.4264000001e-02 3.8134405679e-02 4.6885502115e-02 -1.8855331306e-02
2.2983904459e-02 7.8552060125e-02 2.0035871910e-01 -1.3954719785e-01 2.3109129476e-02 -1.4924356076e-01 1.7225505981e-01 -2.5099076225e-02 -1.9073992627e-01 3.1666844361e-02 -2.0261809528e-01 -3.2807360993e-02 5.1661168374e-02
-2.2355224973e-02 -4.2981404095e-02 -1.0159496235e-02 4.2267926522e-02 1.7982841110e-02 2.6588122305e-02 1.1472620852e-02 -1.0547957533e-02 5.8445371092e-03 -1.0694347568e-02 4.2419440956e-02 7.6331003083e-02 2.1416484095e-02
3.0609543749e-02 -1.2358707255e-02 6.8034505370e-03 1.3240619155e-03 4.5239661316e-02 2.9210419112e-02 -8.0935184493e-03 1.3446881602e-03 4.1585379055e-03 3.0274229223e-02 -1.2190005527e-02 1.6071171841e-02 2.1702362575e-02
-4.1982645171e-03 -2.3493348278e-02 -3.7423437089e-02 -3.8276541115e-02 5.1453076670e-03 -3.1474851806e-02 3.4255469204e-02 1.0749760589e-03 -1.6833884771e-02 -1.6234322025e-02 3.8715016933e-03 -1.2069904022e-02 -3.9712239894e-02
-2.2273607692e-02 -4.2530391569e-02 -4.7845656258e-02 -2.4634279364e-04 -8.7844431124e-02 7.0484145865e-02 -3.5038764608e-02 2.7340249061e-02 3.5431266145e-02 -1.5015736178e-02 1.4464518598e-02 8.5521770241e-03 3.3820290647e-02
8.6256248302e-03 -3.7341757726e-02 -3.2170532468e-02 -2.2582452341e-02 -6.9528888627e-02 2.2278217582e-02 -4.1582536895e-03 -2.0713318599e-02 -6.4758690945e-03 -3.1206688705e-02 -8.9941822231e-03 7.1071851307e-03 3.6242891195e-02
1.6725714671e-03 1.2373544466e-01 7.2704429139e-02 3.3123210601e-02 6.6013296941e-02 3.1752783856e-02 2.9091967381e-03 3.8872099745e-02 -9.2322276043e-03 -7.8521147796e-03 2.0735159851e-03 -1.5203782721e-03 8.0988768059e-03
-5.8779420733e-02 4.6710371707e-02 3.5239217971e-02 3.9876150888e-02 8.3918504328e-02 5.8077544253e-02 7.9635427164e-02 2.4531907951e-02 -9.2849258407e-02 -9.8896729781e-02 -5.3955841069e-02 4.0841914587e-02 2.0845939712e-02
3.8630970218e-02 -8.3229422826e-03 3.7780512952e-02 2.3668828687e-02 2.1177611365e-02 6.2179221891e-03 -3.0746240496e-02 3.2157935026e-02 2.5032059395e-02 -4.9163155315e-02 4.5994767069e-02 9.5638110559e-03 8.8629618787e-03
1.7486382369e-02 -2.1940825916e-02 -6.6035045530e-02 3.5956434983e-02 -2.5348603833e-02 -2.3179883068e-02 -2.0391004341e-02 -3.8428017676e-02 -6.1691637352e-03 -3.0499547262e-02 2.6595810539e-02 4.9498327843e-03 1.0776565691e-03
-2.6286833234e-02 8.4414284725e-02 4.2644839723e-02 -2.1425449655e-02 -2.0200855199e-03 -1.0044650062e-02 6.3090688968e-02 2.4459414931e-02 -1.7443991366e-02 -2.3874082274e-02 -5.0146374355e-02 -2.3241784049e-02 -9.5764784653e-03
-3.0834402153e-02 8.5364976429e-02 1.5797194066e-02 7.2649942897e-02 3.9089465739e-02 8.9046409381e-02 8.2675426018e-03 1.9295329711e-02 -3.8588868301e-02 -3.3082559303e-02 4.2797105392e-02 5.6149625219e-02 4.0752800210e-02
-5.0637354955e-02 2.7913004499e-02 2.6471748923e-03 -4.0106052272e-02 -4.1538313167e-03 3.1117237093e-02 1.4189950539e-02 3.8126132558e-02 -2.6988119304e-04 -1.5204276915e-02 -1.7299273850e-02 3.3019334613e-02 2.5818586496e-02
-1.4335209032e-02 -3.0398877914e-02 -2.9777204769e-02 2.1162419473e-02 -2.8988964089e-02 -1.2595717164e-03 -2.0546510176e-02 8.4598125700e-03 6.3558272661e-03 -2.4131462168e-02 1.4777091200e-02 -1.2400025311e-02 -3.2206735720e-02
2.5848412599e-02 -4.9445721174e-02 1.0074189403e-02 1.0705003173e-02 2.7925726410e-02 -4.1116510764e-04 2.5666316794e-03 7.2030268940e-03 1.2324027398e-02 -1.0467075780e-01 2.6298190048e-02 -2.7154748747e-02 -2.6975222264e-02
-4.7975254231e-03 1.1820633549e-02 2.7279671514e-02 1.7133348484e-02 -4.6856885708e-03 -2.2919911592e-02 1.7796316721e-02 2.0006908779e-02 -3.0129226076e-02 -2.3945022564e-03 -3.1150111279e-02 -1.0844708073e-01 -1.2578209200e-01
-3.4682848368e-02 -6.1604744809e-03 -2.1506710111e-02 -6.5949581282e-02 -9.8581625341e-03 -2.1766128819e-02 3.9157807752e-02 -2.1064229852e-02 -1.9724701575e-02 -3.0814045969e-02 -2.2338900482e-02 1.6527268539e-02 1.8862473279e-02
1.1684392688e-02 -4.4481523850e-02 -2.9318437644e-03 -2.4137440577e-02 -2.0029819497e-02 -1.8439824761e-02 1.8631814417e-03 -2.6876491026e-02 -3.1020593263e-02 3.0182439092e-02 -5.2820934398e-02 -6.1860531529e-02 -4.1182372404e-02
3.1682054389e-03 -2.6269607425e-02 -3.8964365421e-02 1.4912575005e-01 1.5880264018e-02 9.1897323697e-02 -7.7634509627e-02 -1.8980968207e-02 5.3498832346e-02 -3.2159818179e-02 4.0435436921e-02 -1.3819920772e-02 1.5939357541e-02
3.4147371610e-02 2.6252144103e-02 -8.2436246890e-02 5.3895097300e-02 -1.5469127280e-02 -4.9779677201e-02 -3.1535599843e-02 -1.5126681252e-01 2.3262645192e-02 2.3135476889e-02 -2.2964310240e-02 1.0329048961e-02 -2.2895134219e-03
1.7962652498e-02 7.4316375982e-02 4.2782268662e-03 5.8799575444e-03 -2.3416174687e-02 -9.9349968190e-02 -5.8553890878e-02 -2.8977527112e-03 1.0500511171e-02 3.2063701297e-02 1.2929706942e-01 2.2593474914e-02 -1.0799757669e-01
9.9668306678e-03 2.8650603450e-02 4.2073701908e-02 2.6678769682e-02 4.3757280344e-02 6.3269451620e-02 -4.5915484177e-03 2.2289719658e-02 3.6325663961e-02 5.6603050721e-02 -3.7383416695e-05 4.4638400315e-02 -1.1970014575e-02
4.7165914780e-02 -4.1408201198e-04 2.1632455023e-02 -7.0563720016e-04 -1.8623504725e-03 2.8525751394e-02 -6.5494162797e-03 -2.0452203380e-03 -5.2830063183e-03 1.6165856858e-02 6.2480064404e-02 3.3729170388e-02 2.9514893645e-02
-2.1445711065e-02 -1.2302333581e-02 -4.2050506301e-02 1.1236081054e-02 -6.6938380770e-02 -1.9894616197e-02 -3.7911950587e-02 3.0582512406e-02 2.1404478647e-02 1.7772035193e-02 3.6951136247e-02 2.3149978316e-02 -1.0553767508e-02
1.3368674802e-02 -3.6876595903e-02 3.3487312954e-02 -8.6003099316e-03 1.4721014187e-02 -1.8915724308e-03 2.7510495790e-02 1.4382092789e-02 -2.9381542785e-02 7.7728586136e-03 -2.3582061537e-02 -4.1449090191e-02 6.5796903630e-02
-8.9363047330e-04 3.1702430767e-02 4.1551987670e-02 -2.0119162755e-02 3.4772679899e-02 -9.7349306281e-03 2.1601738621e-02 4.4824515200e-02 -4.0416395274e-04 3.7472427228e-02 2.8415422125e-02 1.2764960817e-02 -4.6259543302e-02
5.9858850494e-03 -2.2363811685e-02 3.0924023352e-02 -2.9646635593e-02 -4.3079719534e-02 -4.7874853118e-02 8.1354768445e-03 -4.0068659204e-03 -1.2230026908e-02 -5.5634252717e-03 -6.4740793833e-02 -1.4063471864e-02 4.2636711891e-02
4.8525904403e-02 4.5986904583e-02 8.4358769967e-02 -6.7512926799e-02 1.0269547898e-02 -1.1775777722e-02 -7.0780609971e-03 -2.4383189533e-02 -3.9303508660e-02 1.2077777896e-02 -9.3749735355e-03 4.2831770777e-04 -2.7828799729e-02
-3.0996255166e-02 8.6503203887e-03 -6.6338723693e-02 1.7342645905e-02 -2.6337931752e-02 2.8755948705e-02 -1.0269590117e-02 -5.7192669509e-03 1.1632665161e-02 1.1625233919e-02 -2.3329780205e-02 -1.8214591474e-02 1.3645916080e-02
1.9866736084e-02 -3.7281403435e-02 -1.3347089749e-02 -3.9901047126e-02 -8.0451596205e-02 3.3634693643e-02 -1.1002074568e-02 -4.3093318839e-02 2.8778838180e-02 8.2154101721e-03 -3.8394373432e-02 4.0457841931e-02 3.2815011133e-02
6.3789662035e-05 -1.9902222436e-02 5.9058332637e-03 1.4840969418e-02 -2.0210206028e-02 -4.3958516285e-02 9.8674430917e-03 -3.5459583004e-02 -3.3672298713e-02 1.2848731465e-01 -5.5287685163e-02 -1.8952118655e-02 -9.5680830864e-02
2.7424028528e-02 -4.6721188520e-02 -4.1981715164e-02 -1.7202858453e-02 -2.4185525543e-02 1.0855022635e-02 -1.9955694625e-02 1.6649122272e-02 1.8139829911e-02 2.0481088621e-02 -3.7429204160e-02 -4.3736148984e-03 1.7351077037e-02
4.6101841088e-02 -3.4085372028e-02 -5.2918808928e-02 4.0816565160e-02 -3.2873233843e-03 1.3156276002e-03 -4.5820149905e-02 -2.5166829608e-02 4.1750895518e-02 6.3037071768e-02 -1.9352040688e-02 6.5437432638e-02 -3.7070591765e-03
-5.9760503747e-03 1.4885156072e-02 2.8459000739e-02 -5.3770223414e-03 3.9756987092e-02 -1.2416706225e-04 3.1711531834e-02 2.6225199689e-02 8.7529691982e-03 -5.7859033988e-03 6.6347643463e-02 4.9436546931e-02 4.6720060829e-02
-4.9842329926e-04 1.7476042738e-03 -4.1217561983e-03 1.8366082775e-02 2.2410255732e-02 7.0882888814e-02 2.3838450101e-03 1.6165824333e-02 -1.3105444668e-02 1.9645782528e-02 -1.9639310274e-02 8.1670591741e-02 3.3910010144e-02
-5.3978414105e-03 -1.6395897327e-02 -8.2704846670e-03 -2.5093912840e-02 -5.1029561602e-02 -2.9227166701e-02 -2.3227036480e-02 -1.1958581119e-02 8.8197074031e-03 -1.4125882210e-02 5.5236193869e-02 2.0687682686e-02 -4.8745411909e-03
-1.4446252054e-02 -1.5391495018e-06 2.0194710668e-02 -2.6330120773e-02 -1.9175823660e-02 -5.4790703471e-03 7.1824213104e-02 -6.0415372360e-02 -7.5092681573e-02 -8.4453486793e-02 3.3734567405e-02 -5.5557829138e-02 -2.2016952399e-02
-8.0546808992e-03 -2.8778031533e-02 -4.0278712282e-02 3.8248027545e-02 3.1582040700e-02 -4.2350654721e-02 -2.6294812859e-02 7.1016030990e-03 1.9156744127e-02 -3.5621752160e-02 4.0291184335e-02 3.2585749531e-02 -2.6398699476e-02
2.7533832786e-02 5.1409700969e-02 7.4621333902e-02 -6.0088319289e-02 -2.2773669271e-02 -5.3627218072e-02 4.0809500005e-02 -1.7141639434e-02 -6.0044116616e-02 -4.4055519186e-02 -4.9472638888e-02 1.2151370898e-02 3.4614642688e-02
