-3.8438883457e-02 -4.4591383760e-02 -1.3449510279e-02 5.0150294863e-02 -3.0770443204e-02 7.6877840653e-02 -7.3485563500e-02 2.1386220319e-02 7.7160427366e-02 -1.8978568669e-02 2.2097291027e-02 3.2375689450e-02 6.6266173336e-02
-4.6122888214e-03 -1.6827075246e-02 -2.7674543464e-02 4.4588844278e-02 -2.2108224905e-02 2.9214481340e-02 -2.3985816292e-02 -4.7839682156e-02 3.8848693570e-02 5.5739123916e-02 9.0595872330e-02 4.0473140652e-02 4.5374805514e-02
-7.8642244325e-02 -2.6962105727e-02 -3.4965052200e-02 3.1190103093e-02 -3.5096263285e-03 1.3238130176e-02 -1.4101822848e-03 1.8832765025e-02 -9.6173169511e-03 3.2429283338e-03 -3.2122436930e-02 -9.4256644527e-02 -3.4783538566e-02
-1.4528876371e-01 4.1802053596e-02 -1.6379518140e-01 -2.0096712018e-02 -1.2437777787e-01 4.5718454261e-05 -3.4655611867e-02 4.6205020526e-02 5.5820720175e-02 -2.5650682363e-02 1.1651103043e-02 -6.8894859190e-03 -4.7359916086e-02
4.0774621818e-01 -7.3369989977e-02 3.4659851703e-01 -9.3237971355e-02 2.7833598518e-01 6.2848253160e-03 1.1757986601e-01 -1.3228569668e-01 -1.0407466503e-01 -1.7333606837e-02 -2.1799253562e-02 -1.4142496375e-02 8.1441568031e-03
-1.5743176561e-01 -7.6894527492e-03 -1.8821930217e-01 -1.9627307155e-02 -6.8469614797e-02 1.4929182521e-02 9.5456948946e-04 3.3226442779e-02 1.4262322465e-02 -1.6686499911e-02 -2.8285798223e-02 2.1724914779e-02 2.2585825487e-02
2.6780088114e-02 -1.0917846379e-02 2.5844428861e-02 5.2781643114e-02 -2.5719779260e-03 2.3026592923e-02 2.4191257821e-02 -7.7686107960e-02 -5.4721536286e-03 -2.5669400151e-02 7.4720188830e-02 6.7693475083e-03 4.4568777413e-02
5.4827464840e-02 -9.0085238109e-02 -6.1674193650e-03 -2.6804861658e-02 9.2436047089e-02 -5.3213072629e-02 -3.5873269510e-02 -9.1365284601e-03 -1.1724859834e-02 1.4902472675e-02 9.6625382155e-02 2.3308989252e-02 6.6391989859e-02
-5.0516413449e-02 3.6216192592e-02 3.8578449597e-02 -4.4258665955e-02 -5.1272054665e-02 -2.8974208676e-02 5.8512130337e-02 -1.2240463086e-02 -2.8361546302e-02 5.3333578989e-02 -6.6609072664e-02 -8.3399925951e-02 -5.4994568916e-03
1.4529839352e-02 -3.1861904196e-02 1.8888889532e-02 1.2120390667e-02 -2.0129182455e-02 -5.2604837151e-02 -1.5823727001e-02 -6.0923997704e-02 -2.1607383123e-03 -2.6229321556e-02 1.1565927782e-02 -9.5843204882e-02 4.9606216730e-02
-1.9555575211e-02 5.3763991292e-02 2.4910446392e-02 -7.2446118622e-02 -7.6961496459e-02 -1.2905987602e-01 7.5345428200e-02 -5.8398194832e-02 -1.2983563460e-01 -1.4297234315e-01 -1.0250171260e-01 -1.0224695987e-02 2.0824805862e-02
-9.1672546037e-03 -4.0088387964e-02 6.9851905530e-03 -2.1010965270e-02 -7.3994961146e-02 4.8131319507e-02 2.4927783189e-02 -4.1282585204e-02 -2.9207863004e-02 6.4813543840e-02 -1.2444310032e-03 4.3667832211e-02 7.8538896769e-02
1.6671503419e-01 2.7982837752e-03 1.5805694684e-01 -4.2427845929e-02 9.1633892938e-02 2.0965273742e-02 8.2182639770e-02 -4.9263496302e-02 -7.5588654408e-02 9.5749544834e-03 -3.8122831914e-02 8.8475999180e-03 -1.2927079693e-01
-5.3342405324e-02 4.7836028418e-02 3.0275576592e-02 -8.0027318911e-02 -3.7437032120e-02 -4.3922743326e-02 2.3446954332e-02 9.7821610793e-03 -3.2510794670e-02 -4.2700426562e-02 1.3177288453e-02 -4.5962199624e-02 -1.9313490423e-02
2.5618380066e-02 -5.3949201341e-02 -3.8425601687e-02 -1.0865818996e-03 -1.8345178469e-02 -6.6911388814e-02 -3.0148438039e-02 -3.5866996304e-02 -1.4832553314e-02 3.7266009593e-02 -3.7602838578e-03 -3.6987617956e-02 -5.8043908584e-02
-1.0498368916e-01 -1.2319233781e-02 -6.0366709041e-02 -5.3692280907e-02 -1.6943701009e-01 2.9942921508e-02 8.7993432524e-02 -6.9271439480e-02 -4.3390494932e-02 1.0084928559e-01 -1.6898515756e-01 1.2691193618e-02 -1.3823823962e-01
-4.8515200146e-03 4.4579936927e-02 7.1760466526e-02 3.1588857897e-02 -4.3502203398e-03 -6.5463663418e-02 3.8041568425e-03 -3.2491514283e-02 -4.9117001364e-02 -9.8396559580e-03 -5.0810448659e-02 -5.1490670512e-02 -3.8029549610e-02
7.9776588616e-02 -4.7598889394e-03 2.4194946067e-02 4.9168614798e-02 -3.4829862738e-02 1.1846810175e-01 -3.1730054326e-02 -4.5806424768e-02 -7.0858130448e-02 -1.5307731495e-02 -2.6014395100e-02 1.1355139798e-02 3.6198645570e-02
9.4797499730e-02 -1.6915883569e-01 -3.5743828070e-02 -1.0861957617e-02 -2.3366064290e-02 3.4430669799e-02 -3.0683825686e-02 -3.7032765927e-03 5.7308971865e-02 3.5223647823e-02 6.6976273226e-02 6.0884928577e-03 -3.0025224495e-02
-3.7311414077e-02 -6.2974532283e-02 -3.4125595445e-02 3.9449714826e-02 -2.5444483599e-02 1.3302948575e-01 -9.0636151811e-03 1.0293931742e-01 8.0964687666e-02 -8.3863252992e-03 6.7453761283e-02 -5.9713613686e-03 4.7957115721e-02
8.4681565473e-02 7.2748311841e-03 -1.3004069201e-03 2.2704301838e-02 4.9609143256e-02 7.4011068773e-02 -7.9081150906e-02 -2.4523200341e-02 6.7888414409e-02 2.3665480414e-02 5.6512713987e-02 -1.3080262118e-02 3.0485823654e-03
-1.9312487876e-02 1.9928761579e-02 2.3093696898e-02 2.4564409103e-02 -3.0735186881e-02 -8.2553924978e-02 -8.8158776649e-03 3.5432404496e-02 -2.4370882026e-02 -1.5237086477e-03 4.4011392593e-02 -3.8220511249e-02 -9.0735772295e-02
-4.3399356661e-02 2.0963609612e-02 8.4245205153e-03 -1.6471369674e-02 -1.7344362708e-02 -8.4136772970e-02 -1.0928997473e-02 -7.2227056129e-03 -2.2862599281e-02 1.1052323804e-01 5.6246203932e-02 -2.7509719743e-03 1.3119541715e-02
-4.6952499576e-02 2.2626603666e-02 2.8677789286e-02 1.4840740250e-02 3.1209561859e-02 -2.5843394584e-02 1.0772153946e-02 1.4127708339e-02 -3.0261248157e-02 8.8634355413e-03 -4.4789918148e-04 5.0663630896e-03 6.1407774504e-02
7.3742654197e-02 1.2879525085e-01 1.9055175089e-01 6.3560160742e-02 1.3455849215e-01 5.9059587917e-02 4.9372025578e-02 -1.2826068204e-02 -4.1537107815e-02 -2.0430473558e-02 1.2204773122e-02 -2.6049241691e-02 1.6596675445e-02
4.7558786736e-02 -9.8354053380e-02 -1.0116795731e-01 7.5754805534e-02 2.8983335817e-03 -5.6673527235e-02 -8.6242052686e-02 -2.3941202518e-02 6.4518299436e-02 -6.2004469398e-02 -3.4732070518e-02 2.8488356086e-02 1.0228856304e-02
-8.2442519431e-02 -3.4880072298e-03 -6.0577560362e-02 -4.7267226543e-02 -1.1522084224e-01 6.1982682180e-02 -3.1905006269e-02 3.7352422769e-02 5.6049737390e-02 -2.7054230625e-02 5.7199980948e-03 4.0145053796e-02 5.8875082964e-02
-3.0736888132e-02 7.6827231086e-02 -1.3861027248e-02 -2.1167663017e-04 2.3699709384e-02 -1.0310179203e-02 3.0261801236e-02 -1.5587533447e-02 7.2681408914e-03 4.2656972874e-02 5.0317440093e-02 1.3751504067e-02 5.8406175017e-02
1.5424805664e-02 -3.8500458259e-02 -1.1330054034e-02 -2.8957062845e-02 4.3833547190e-02 -8.9392446000e-02 8.8591669680e-03 -7.0373732595e-02 -1.1187669257e-02 1.9406282608e-03 -4.3865039759e-02 1.2491120138e-02 -5.2115955713e-02
4.9322667126e-02 1.2274534695e-02 9.3374174257e-02 -2.1786294709e-02 9.3721428306e-02 -4.5390136932e-02 -2.4229893707e-02 8.4710819544e-03 2.5955962138e-02 5.8179470396e-02 -7.8941132157e-03 6.3614941909e-03 -7.6287725095e-02
-5.7180649216e-03 -5.2450161336e-03 5.5362816561e-02 -4.5109608355e-02 -1.5489397927e-02 -7.1353124379e-02 7.1096155551e-02 -7.6825966902e-03 -6.0227664342e-02 -2.1179151119e-02 -1.8073302361e-02 -1.9062653882e-02 6.6043821862e-02
1.4360400642e-02 3.5123934108e-02 1.0170223753e-01 -1.0217732311e-01 3.7232247001e-02 -5.1412118024e-02 8.8737325586e-02 -3.3968721667e-02 -9.9811341219e-02 -1.4893110783e-02 -6.0837810285e-02 -7.7047249044e-02 -6.9597414206e-02
6.2311405768e-02 1.5639854677e-02 1.2542965813e-02 3.7751186767e-02 8.6916949339e-02 -1.2312746821e-02 -3.9094768113e-02 3.8735067175e-02 2.7792297713e-02 -4.0017519814e-02 9.4396617379e-02 -4.0260415365e-02 -1.4732568784e-02
-2.2569315560e-02 -1.6793271641e-02 1.4833013577e-02 3.5133524591e-02 7.6395200835e-02 2.7055792209e-02 6.2467642152e-02 8.2106547902e-03 -7.3386548084e-02 2.2722432288e-01 -8.7975284457e-02 7.8712533742e-02 -5.7109462151e-03
1.2812700363e-02 -5.5888571181e-02 -5.7509885098e-03 9.8718119071e-02 -2.9498291526e-02 4.5779384421e-02 -7.0871243319e-02 -1.4897371565e-02 4.8349612635e-02 -5.2276766699e-02 4.0226221342e-02 -1.1306410052e-03 -3.6794629292e-02
1.0489339870e-01 -1.9469069140e-02 1.0162054510e-02 2.5002023739e-02 4.1421866780e-03 -1.0708101661e-02 -6.3428964650e-02 -6.1570003577e-02 4.4085848990e-02 1.3279387427e-02 2.3276323001e-02 3.0411818985e-02 5.7885781229e-02
1.3711342339e-01 -3.4856713614e-02 8.2632301793e-02 -4.0927040625e-02 -8.1594268019e-02 -1.6953256864e-02 -1.1192841095e-02 -8.4655151658e-02 1.3765643918e-02 6.6249497938e-02 -6.0016898378e-02 8.3939030148e-02 -2.4908943612e-02
9.2659424422e-02 1.1568179618e-04 7.5233504640e-03 6.6940377653e-02 -6.8907556716e-02 -6.3171492361e-02 -1.4242557390e-01 -2.0036495335e-02 9.2383096798e-02 -6.2883821460e-02 1.1214636739e-01 3.2503931444e-04 -9.0415207109e-03
2.7542192553e-02 1.0006683970e-02 -5.8460104221e-02 1.0747387435e-01 1.3475144856e-02 -6.7221795766e-03 -6.2371999765e-02 -3.6940386008e-02 3.5231606137e-02 3.3815373664e-02 2.2325924688e-02 8.4543881641e-02 -1.2359448791e-02
1.2859598464e-03 -7.3885396803e-03 -1.5471909926e-02 3.6196453280e-02 1.0073875983e-01 1.5245739779e-02 1.4564278717e-02 -2.9850181393e-02 -4.6147232617e-02 2.8272031914e-02 -2.3406658374e-02 -6.8587328847e-03 8.0693223285e-02
2.2967558345e-02 7.4818288812e-03 4.4315528784e-02 7.9815196424e-02 3.4140891607e-02 6.5444699721e-02 6.8833436866e-03 -8.0816892132e-02 2.3246939580e-03 6.6837474773e-02 8.3021816664e-03 7.1924535740e-03 2.4184460325e-02
9.0931142891e-03 -1.6524592225e-02 8.4918636080e-02 -1.7696471719e-02 -7.3699773717e-04 -4.1359339058e-03 1.2060132579e-01 -3.8129017418e-02 -8.3198698931e-02 -4.5539588604e-02 -7.4467914743e-02 -1.7522760036e-02 1.7740735659e-02
-2.2433414400e-02 7.6770170921e-02 3.5132381187e-02 -1.4750365648e-02 -5.5038058660e-05 -3.3235818434e-03 7.1560391054e-04 4.3161234136e-02 -3.1152121896e-02 4.2220718557e-02 -8.7211464275e-02 -5.4412170389e-02 -1.5696185181e-03
3.2652339393e-03 -2.2580490644e-02 -3.0157271637e-02 1.3504331501e-01 7.3647354018e-02 1.2743428597e-01 -2.7634579003e-02 1.4734834409e-02 3.6629660782e-02 -1.8855507154e-01 6.1359740874e-02 -1.0823726632e-01 8.0324695615e-03
5.0554289633e-02 -3.4589093735e-03 4.0165021266e-02 -3.1383719185e-02 -2.3069466431e-02 3.3677500228e-02 -4.6642658978e-02 5.9362039373e-02 8.3095574635e-02 -4.8062629682e-02 9.2816011825e-02 1.8154778074e-02 5.9760613613e-02
-5.3192895721e-02 8.6178750693e-03 2.5883872002e-02 9.7937850763e-03 -7.5739662563e-03 -6.9271956888e-02 8.8655480515e-03 4.2317624670e-03 -8.3012486329e-03 -1.6568000339e-03 -2.8630097733e-02 7.2749679312e-02 -4.9334227272e-02
6.3336466337e-02 -1.1605873926e-01 3.0841225122e-02 -4.7049728809e-02 -7.2110277203e-02 -4.1251975936e-02 1.4567355277e-02 8.5240664773e-03 -8.2541685140e-03 -3.9027514388e-02 5.5159355060e-03 9.8739928316e-03 7.3878886562e-02
-6.2084398289e-02 5.2716388487e-02 -4.1739557069e-02 6.6049477733e-03 6.0004872418e-02 -7.3550992095e-02 -1.3316355035e-02 -1.4406524628e-02 8.0100911652e-03 -8.3943569903e-03 5.8194669784e-02 -6.7168230944e-02 -9.0738434898e-02
1.2960938149e-02 -1.1801222163e-02 5.2992493764e-02 -3.7732124541e-02 3.7863026863e-02 -4.5564536849e-02 3.6002823404e-02 -4.3102033267e-02 -1.4103855953e-02 1.9608038106e-02 -1.1331234213e-02 3.8502954906e-03 6.0146666333e-02
-5.0852840734e-02 1.7459310176e-01 9.6869561034e-02 5.9213557786e-02 1.5944455447e-02 1.7152058286e-02 5.2788012667e-02 3.7970962345e-02 -1.1076001604e-01 -8.4224222163e-02 -1.0857786374e-01 2.0799974710e-02 4.3494671257e-02
1.9102428336e-02 1.2784159497e-02 4.8324650628e-02 5.9818202554e-02 -8.0623228797e-02 6.5477370107e-02 -5.0756277395e-02 2.1381405350e-03 6.4871154149e-02 7.5849961728e-02 -1.0479612354e-02 3.3377829301e-02 -3.4388649680e-02
4.5568339674e-02 1.8858165874e-02 5.4351816757e-02 -3.5610625459e-02 -4.1634968700e-02 -3.5258770315e-02 -4.1150519121e-02 8.6502597828e-03 -1.4213758626e-02 1.3396126863e-02 6.9009088213e-02 -2.2198378717e-02 -1.7472989297e-01
-7.5755190450e-03 1.7453103381e-03 6.0560485527e-02 -9.4242762526e-03 -6.7806276393e-02 -3.5587828158e-02 3.3328702452e-03 -9.2725208218e-02 -2.0070462516e-02 3.1908762058e-02 -1.0594867573e-01 -2.3867207793e-02 5.8025109450e-02
3.0839715900e-02 -1.2711476610e-02 -8.3721793082e-04 6.7537240698e-02 9.3150278873e-03 3.9106413791e-02 -9.3683864345e-02 2.5798250717e-02 5.6607270121e-02 8.1024381344e-03 6.9096407019e-02 -5.7805461543e-02 2.4107631957e-02
4.6599566409e-02 4.8886504140e-02 6.0348325625e-02 -3.9022689473e-02 -6.1761509971e-02 -2.8773692250e-02 -4.6970260436e-03 -1.2927175677e-02 -1.7770250560e-02 -4.5618295749e-02 -4.9528120462e-02 -3.4440628921e-02 4.7283187579e-02
-1.7717097183e-02 2.0191040947e-02 -2.1747477075e-03 4.0728241645e-02 9.0468876133e-02 1.3990062718e-01 2.9429077566e-02 3.7836811133e-02 1.4568436717e-03 -4.3403525148e-02 8.7183709194e-02 -5.0847523496e-02 4.8298455923e-02
-1.3073564716e-01 2.1356709879e-01 2.2732128741e-01 -2.5889431994e-01 -3.3400038606e-02 -1.5000686195e-01 2.3312272577e-01 1.4098505826e-01 -2.0699720174e-01 6.2484339127e-02 -1.9202703118e-01 -1.9260271319e-02 -1.1871599057e-02
-4.5692292502e-02 2.7628634644e-02 1.1332245392e-02 -1.9086614754e-02 -1.4526697673e-02 1.1503719128e-01 -2.7722884769e-02 1.0712415655e-03 -2.1514330416e-03 3.1771265315e-03 1.0079952155e-01 7.5946365092e-02 3.3184169900e-03
-4.5907043541e-02 5.1780161807e-02 -4.9528423114e-02 4.4966275995e-02 -1.8024716657e-02 3.6297672246e-03 -5.8856528397e-02 6.7406520116e-02 -7.6937369926e-04 -5.8328027058e-02 7.1685852207e-02 -9.0963115513e-02 2.1123431636e-02
2.4686103444e-02 -4.1852386466e-02 -6.9176447139e-02 -6.5416914841e-03 9.6103352830e-02 5.3770404532e-02 -3.3394823249e-02 9.8124848766e-03 4.1990006358e-02 3.2390093215e-02 -7.7242425958e-02 2.0874057282e-02 3.9995347311e-02
7.5978630691e-02 -2.6354946615e-02 -9.2645392631e-02 1.9609985720e-01 -3.7714940100e-03 1.5189989253e-01 -7.6770878389e-02 -1.2407670407e-01 6.2511655912e-02 -2.6073540835e-02 1.3612059261e-02 5.3705488946e-02 4.6175585999e-03
-3.9788305634e-02 -5.5831185014e-02 7.8601285518e-02 -2.0096308729e-01 -8.4705264001e-02 -2.4391170023e-01 2.2535230985e-01 -1.2135753236e-01 -2.4034345917e-01 9.1284145392e-02 -3.3799694235e-01 -8.7845556497e-02 3.7449024671e-02
3.4490872412e-01 1.0775754234e-01 3.9365620877e-01 -3.5975716150e-02 2.8477611032e-01 6.6019791234e-02 8.9099411848e-02 -1.9490993806e-02 -1.0740754927e-01 -3.4233800723e-03 3.0303121155e-02 -6.7214830812e-04 -3.4499414497e-02
-1.5614269064e-02 9.2694229450e-02 4.1468432734e-02 -6.0128471396e-02 6.6252892211e-02 -4.2243048511e-02 2.2132003475e-02 3.5150565106e-02 -2.6689029311e-02 2.0089552453e-02 -1.1503681497e-02 -3.5786230520e-02 -7.2683682852e-03
-7.9931444130e-02 -2.0362722131e-02 -2.7017186316e-02 3.0648070570e-02 1.2111830661e-02 3.8231155196e-02 -1.9500247615e-02 7.2219354140e-02 3.2894550461e-02 1.9907645371e-02 -3.1697619897e-02 1.8331375526e-02 -4.8962029465e-02
3.3827042905e-02 -3.1283732781e-02 7.9556237967e-03 -1.0071734270e-02 3.6636276450e-02 -6.8316075274e-03 -4.4059580039e-02 3.2513503373e-02 1.2051572855e-02 7.7858273335e-02 6.9033520092e-02 3.4990359045e-02 -4.3890797281e-02
-2.1048677943e-02 -1.9171668117e-02 1.7638880270e-02 -4.3227394998e-02 -6.0682713790e-02 -5.0612659150e-02 9.4889299846e-03 -3.1939592779e-02 -1.3992422014e-02 -2.4029300709e-02 -9.4437080474e-02 -7.5570878997e-02 -7.9506691573e-03
-3.1452932539e-02 2.1006456144e-02 -1.0961588391e-02 -4.3826016141e-02 -1.7011346346e-02 -3.1664754560e-02 4.0502272214e-02 4.7482491438e-02 -2.7409352394e-02 2.4786362823e-01 -2.1983686558e-02 2.2951982087e-01 -1.1634638555e-02
-4.5122977662e-02 -7.7455136234e-03 -2.2693912462e-01 4.3494802535e-02 -1.5854504453e-01 -8.7662986388e-02 -8.2402658641e-02 -1.4838903692e-01 7.4283024338e-02 5.4662791925e-05 -2.5999228306e-02 1.1466342623e-02 3.4249946623e-02
1.2599289549e-01 1.2442583704e-01 9.6127690757e-02 2.1569099864e-04 1.7849535329e-01 5.6557216445e-02 3.7103177126e-03 4.1014139241e-02 -1.6408607335e-02 -7.9041201945e-03 3.1070993008e-02 -5.9777710053e-03 -2.0993035065e-02
-9.6152573677e-03 7.1970328723e-02 -2.7511676937e-02 9.1654806696e-02 7.5504619680e-02 2.7193932237e-02 -3.8585965531e-02 3.4915263774e-02 9.8138800012e-02 -1.3176360512e-02 2.2694813696e-02 2.0498565119e-02 1.2251843271e-02
3.9717029706e-02 2.2787662885e-02 -3.6264420985e-02 -3.9220867351e-03 2.1496663982e-02 -1.0094592919e-01 -5.7511080109e-02 -4.9253152659e-03 7.4179266499e-03 7.9025757089e-02 1.1956710081e-01 4.0584724255e-02 -4.0478228489e-02
-1.0405565174e-01 5.8282305484e-02 -4.9939364584e-02 -1.5550744232e-02 2.4923541356e-03 -5.5068937530e-02 4.1233720469e-02 5.4147801601e-02 -1.4245643098e-02 1.4396668261e-02 -1.1029002512e-02 -1.3743386153e-03 -9.8906399958e-03
-1.2844824375e-01 2.9800270568e-02 -7.2125338148e-02 3.6188758166e-02 -9.5378992060e-02 -1.7443199993e-02 -3.7347408479e-02 3.7155993849e-02 3.0617230934e-02 1.3238973134e-02 1.5667415991e-02 -2.9211476649e-02 1.3255581543e-03
1.9393358507e-02 3.5338615496e-02 9.3588451686e-02 -5.6918587784e-02 5.1335623305e-03 -3.3354178392e-02 3.9675508165e-02 -3.1687009612e-02 -7.3602728380e-02 -2.0391186107e-03 5.5176992092e-02 1.2874354976e-01 3.6289679586e-02
4.3424951798e-02 1.4119283563e-02 -8.3326363214e-02 1.6222939589e-02 2.9938581743e-02 -4.1991022154e-02 -2.4728075739e-03 -5.0456962252e-02 1.4208389863e-02 -2.7555741050e-02 -1.5771859732e-02 -7.5974813386e-02 -1.2396670924e-01
-7.6496741820e-02 2.5251390151e-02 -5.7170802423e-02 2.1669427768e-02 4.8838283386e-02 -1.0478404424e-02 -4.4217568494e-02 4.4802440372e-02 2.4123799473e-02 7.6132239677e-04 2.8298377397e-02 6.6338502303e-03 -2.4531485972e-02
3.1052385577e-03 8.7959881427e-03 5.6773759320e-03 -3.3488223433e-02 -2.6448235907e-02 1.4633890970e-03 -6.3526391979e-03 -7.8215714411e-03 -5.5722250405e-03 -3.5230805376e-02 -3.8113363779e-02 -1.7487954418e-01 2.5516193839e-02
-8.0791763426e-03 2.7500199287e-02 -5.9351259509e-04 6.4094680708e-02 3.6385006251e-02 -3.7063637412e-03 3.7710666766e-02 -1.1887808733e-03 -4.0783451883e-02 1.9414045635e-02 -1.3139691298e-03 -3.9715807541e-02 -1.7064300679e-02
-1.3170999430e-02 1.2268786251e-03 -2.4930115613e-02 1.0228496170e-01 -1.1726144231e-02 -3.4637136765e-02 -3.8503584477e-02 -6.3763479836e-03 5.5430664452e-02 7.4312444448e-02 7.2076437214e-02 3.4798451677e-02 -3.8380612237e-02
-3.9209158945e-02 5.1116003811e-02 -2.2328320177e-02 1.4490542442e-02 2.7747569855e-02 1.1224856574e-02 -2.4510173768e-02 8.2179337470e-02 5.7248379055e-02 8.6159780766e-02 -2.0931787305e-02 1.0733414277e-02 -2.7528080067e-02
-4.4114034693e-02 -2.4844786438e-02 -3.3103968922e-02 7.2267241927e-02 -2.0855532907e-03 1.1203990229e-02 -4.8565015049e-02 -7.9301115277e-03 -1.4144573809e-02 -7.5283673881e-06 6.8329924342e-02 6.7926419850e-02 4.4427393494e-02
-4.9457898399e-02 1.9109121042e-02 -1.7707900939e-03 -6.6176286776e-02 3.4250346628e-02 -2.7669116713e-02 3.6364441248e-02 3.8278772502e-02 -3.7133001162e-04 -9.0027408563e-02 8.9141580134e-02 2.5155207035e-02 6.7008461991e-03
-7.0253525060e-02 1.4311796223e-02 5.3327525200e-02 -6.8677119752e-03 5.5722717424e-02 -7.8768747834e-04 9.7606931358e-03 -1.5422855504e-02 -6.2296631816e-02 -2.9781465020e-02 -2.8279047511e-03 -1.9839444080e-02 -4.2803518476e-02
-4.1519374830e-02 5.7598922359e-02 2.0998697752e-03 1.0957075740e-01 8.4401641704e-02 1.0215749833e-01 -1.0584772547e-02 1.8903830279e-02 3.8456315708e-02 5.5687375855e-03 4.2037166225e-03 6.3266517033e-02 -3.8733059565e-02
-1.3983847385e-01 5.6099317493e-02 -1.1565052396e-01 6.7177979957e-03 -6.6526992227e-02 -4.2502012544e-02 -2.9469615762e-02 1.9296849872e-02 1.9466284991e-02 4.0383683363e-02 2.5384329589e-02 5.0205371184e-02 -7.4756190322e-03
-3.3650119183e-02 -7.1742759228e-02 -2.7743418440e-02 7.4665438779e-02 6.7368848490e-02 1.1381850978e-02 -5.3020192447e-02 3.2323604306e-02 3.1300043315e-02 -1.0156984120e-02 -2.4495811925e-02 -9.9761539188e-02 -5.8104580067e-02
-1.1789160602e-02 1.6993742732e-02 3.0994939519e-02 -4.1417035549e-02 -1.6288595062e-02 -4.6889603649e-02 6.3362020893e-02 -1.0710296394e-02 -5.1949086402e-02 -5.9962078470e-02 -4.9568288878e-02 -1.0565909468e-01 2.6768943354e-03
2.4567650075e-02 4.0310907496e-02 6.0698420610e-02 4.7567816974e-02 8.2490838097e-02 6.1148340942e-02 1.6057874557e-02 -4.9484142810e-03 3.2091469924e-03 -2.3182973691e-04 5.4985673369e-02 8.1901023028e-02 6.2987746739e-02
-3.2559362015e-02 -4.2068551517e-02 2.0849624879e-03 7.4250181251e-02 2.1486534062e-02 -3.6556241428e-02 -3.3468354164e-02 -1.8397592938e-02 5.5723311427e-03 4.6244574504e-02 -2.1164626637e-02 -7.8240903808e-02 2.6756990096e-02
4.0753537720e-03 3.8806010907e-03 1.8501220654e-02 -6.6222997071e-02 -3.0024038592e-02 9.4841684817e-02 4.2874197993e-02 2.7168629537e-02 3.6775342066e-03 3.9959040944e-02 -5.7575369381e-02 -1.7632769509e-02 4.5022022698e-02
2.8775850807e-02 -1.0233181242e-02 -4.8370338103e-02 1.6663116184e-03 6.7744854138e-02 3.5537449802e-02 -1.0451178321e-01 3.9757156249e-02 9.1644283419e-02 3.8493512947e-02 2.3196888208e-02 5.4815783185e-02 -3.1689494144e-02
5.2124531476e-03 5.8694360200e-03 -1.3738847163e-02 3.9437425410e-02 8.9732821672e-02 3.7879397149e-02 2.1411128083e-02 -1.5549269327e-02 -2.2226447318e-02 1.2840721810e-02 -1.8779877381e-02 -1.1269058211e-01 4.2152481533e-02
