-2.2061562892e-03 4.0853133487e-02 9.1138542343e-02 1.2027637066e-01 -7.4372642720e-02 8.5551877587e-03 -2.5525776133e-02
1.2013278886e-01 2.6966672973e-02 -5.4926776541e-02 -2.7596063186e-01 -1.2062589941e-01 -4.2064428715e-02 5.0093944739e-02
8.0095676789e-02 -4.0767204006e-02 -1.0753328439e-02 -7.4723790627e-02 -8.9238212320e-02 -6.0230166591e-02 9.8284980632e-02
7.5022238656e-02 1.3001026179e-02 1.5929078510e-01 1.6610249837e-02 -1.6403455098e-01 -1.2250233373e-01 3.1275655933e-03
-8.3576103991e-03 -1.8067257502e-01 1.2681437920e-01 5.5315171200e-02 -3.0982526495e-02 6.9316859195e-02 4.0462918801e-02
9.7702889473e-02 -4.4011192927e-02 6.5063225360e-03 -9.0454610195e-02 1.6444233649e-01 5.2475256859e-02 5.3947782784e-02
1.2458715157e-01 -1.4191026818e-01 -1.0197752957e-01 -8.7863500356e-02 7.8937641524e-02 3.0911045951e-02 2.0827434523e-02
1.0981499751e-01 -8.1579246246e-02 1.5195258495e-02 -1.2041409758e-01 7.4848911820e-02 1.3710941814e-01 1.1842800345e-01
6.0159980513e-02 -3.4053106493e-02 -7.0702341188e-02 -7.5843435456e-02 -1.3839249382e-02 9.1095693229e-02 -1.9437736967e-02
1.3584555003e-02 -2.5505320782e-02 -7.4813962811e-02 1.7006469121e-03 -1.2799674473e-01 -1.2199379735e-01 -3.1566771610e-02
4.8440815701e-02 -6.9647080029e-02 -2.7151770425e-02 -1.2197293198e-01 4.7615756285e-02 -8.3131531920e-02 2.5297588928e-02
-1.5104536040e-01 -9.1411341797e-02 -2.3552238565e-02 1.4973233172e-01 -1.4013441053e-01 1.5384965909e-01 3.3032143204e-02
-1.4011058645e-01 1.0353325113e-01 1.0713663957e-01 -2.4935129941e-02 6.0872473616e-02 -2.5916900685e-02 3.7074917446e-02
-2.4544641927e-02 7.3181312375e-03 1.0181044493e-01 -1.5850469563e-04 -1.3482331967e-02 -4.0686061899e-01 9.3116374309e-03
2.5663474162e-02 1.6303293019e-01 8.9799939183e-02 -1.6333735272e-02 1.0452204826e-01 -1.6940147190e-01 1.6390593611e-02
5.8760381670e-02 -7.1894694597e-02 1.4319570356e-02 1.5690077982e-02 1.9896131243e-01 -1.4927635855e-01 4.3292007879e-02
-1.0337558969e-01 3.4567643557e-03 1.5616107025e-01 2.2611116366e-01 7.9086018425e-02 -1.9881237578e-01 -2.7599033041e-02
3.6332422773e-02 -3.8357016798e-02 -1.4351788451e-01 -8.8447352791e-02 -4.2080634124e-02 3.4779184806e-02 3.0934252806e-02
-1.6515079672e-01 -1.0699073337e-01 2.5696663042e-01 -2.5662743286e-01 -1.3967836304e-02 -1.7102911094e-01 5.8005924516e-02
4.6922564931e-02 5.2297911108e-02 1.7863853337e-01 1.2557117648e-01 4.6399280660e-02 6.4335271883e-04 -1.1457274952e-01
2.3563232961e-02 4.2824018420e-02 4.3366963216e-02 1.6524074686e-01 5.4083338064e-02 4.1932574461e-02 -6.9728754260e-02
-1.4322628418e-02 3.6471367118e-02 -1.1565670524e-01 -9.1391679380e-02 -3.7292928062e-02 7.1417995895e-02 1.3620359073e-01
-9.8378975088e-02 2.4885012675e-01 -5.6401518438e-02 -3.4501631424e-02 -6.3850061034e-02 2.8819536358e-03 -2.0084280975e-02
1.0121189459e-01 5.1625959612e-02 -7.2782038847e-02 -1.7830441089e-01 1.2514013670e-02 -9.0235509181e-02 2.9451519379e-02
-8.6136441770e-02 -4.9748126798e-03 -9.3461468708e-02 -3.5677545630e-02 -6.9647204912e-02 2.0990030835e-01 8.2585525544e-02
6.0797842978e-02 7.0752727769e-02 1.1218856287e-02 -8.2308362976e-02 1.1133438910e-01 7.3832869147e-02 -8.1011873846e-02
-1.1002691439e-01 3.3794697159e-02 -5.2585688423e-02 8.9067741008e-02 -1.9914974180e-02 1.4496632680e-02 1.2748012021e-01
-3.5860003595e-02 -6.1725680866e-02 -9.2965083436e-02 3.0007443900e-02 4.0546278313e-02 3.0167300116e-02 -1.2515039620e-02
2.4811663449e-02 -7.3119239992e-02 -8.6389847243e-02 1.1223131376e-01 -4.6298197669e-02 8.6899187066e-03 5.0964572975e-03
2.6821711467e-02 -8.6007248604e-02 9.2921428889e-02 1.4302738862e-01 -1.2425100637e-01 8.9078945602e-02 -1.8703445625e-01
5.9615331791e-02 6.4001482488e-02 1.2914437844e-02 -1.2183539502e-01 9.1217658444e-02 -1.6269744080e-01 2.5456093855e-02
-1.5082747961e-01 1.1599167138e-03 -6.3487528919e-02 -1.8033815580e-01 2.5117371168e-02 -7.1414763211e-02 1.1057932431e-01
8.1009520242e-03 2.5546445659e-02 1.4883083197e-01 6.6783305387e-02 -4.7436099172e-02 1.0655167601e-02 1.2075285891e-02
-1.5611477303e-01 2.3382069722e-01 -9.4324292954e-02 -3.4054277375e-02 5.6887425924e-02 -1.4163349883e-02 -1.1955393378e-02
1.0092381828e-01 5.6070977888e-02 3.8375535239e-02 2.3120845759e-01 -4.2239945367e-02 -1.1154080945e-01 6.9095828914e-03
-9.0544978388e-02 -4.7785488231e-02 -1.1290646497e-02 -4.1487014102e-02 -6.3273595504e-02 6.5528153353e-02 4.9283649127e-02
7.5763785986e-02 -7.4817531050e-02 -7.7506299387e-02 6.1456536040e-02 -9.0659058758e-02 2.5224048922e-03 1.2490897431e-01
-1.5808504262e-02 1.1489181466e-01 -1.0052362327e-01 2.3345196464e-01 -1.5407973111e-01 -1.0337702454e-02 -7.5951488529e-02
4.8188270564e-02 1.4370456021e-02 -1.2477129914e-01 5.4341188334e-03 2.9317225553e-02 2.3816524938e-02 1.9743519312e-02
-3.0865567786e-02 1.9787560294e-02 1.7409374554e-01 -2.7146250640e-03 2.5690745335e-02 5.4974610223e-02 3.1858148235e-02
3.1269697893e-02 -4.2389240094e-02 -2.6877790076e-02 -7.3437751530e-02 9.4199026516e-02 -1.1960516773e-01 -1.1528497665e-01
3.4062168323e-02 -4.3907874868e-02 -1.5321976088e-01 1.8458208404e-02 3.9712007164e-02 1.8337420205e-01 5.8090426476e-02
3.3752800275e-02 -1.4880502124e-01 6.2102010516e-02 8.9883623360e-02 1.0723656836e-01 -6.7359779134e-03 3.4671345052e-02
-4.2932614393e-02 -5.9919000818e-02 1.7223159560e-01 1.2613768422e-01 7.1761984018e-02 -4.0813678709e-02 6.2309057099e-03
-4.5784456788e-02 4.8015304131e-02 2.9821736152e-02 1.2789521215e-01 -2.3039517035e-01 2.1689350695e-02 4.4813963450e-03
4.1726663308e-02 2.8791226886e-02 -2.4407877938e-01 -7.4330271856e-03 -3.4119876276e-02 2.0712751156e-01 -1.0385563222e-01
-8.3577295289e-02 6.3220785520e-02 9.8557865758e-03 -2.8978266934e-01 -8.7973762435e-02 7.3229840763e-02 -7.2298961046e-02
1.5640538608e-01 8.0420716199e-02 1.5003659619e-01 3.1249670292e-02 9.0871752649e-02 -1.6771856361e-01 -6.0636686125e-03
1.6539066889e-01 -7.8461798816e-03 -1.3662143824e-02 -6.9168867513e-02 8.9919781785e-02 1.2096503758e-01 2.9783663357e-02
-3.8582820024e-02 1.1652501762e-01 5.0262673392e-02 -4.4650294644e-02 -3.7345158966e-02 7.0286948791e-02 -1.6512633780e-02
4.1990250205e-02 3.5358826258e-02 -3.5479704266e-02 -1.8406288154e-03 8.3404978470e-03 1.0664297200e-01 1.6309984583e-01
3.9049538913e-02 -7.2158486901e-02 4.3329759951e-01 -3.8302357868e-02 4.8606428508e-02 -5.2991678802e-01 4.9557274869e-02
-5.2894239247e-02 -1.1754655132e-01 6.9967984883e-02 -5.6472468162e-02 -3.1973515428e-02 5.0606199996e-02 4.5395478343e-02
-1.4693617653e-01 1.3131296119e-01 3.5801740327e-02 6.6319073180e-02 5.6279094930e-02 8.0321878418e-02 -5.1588775171e-02
-3.9562253388e-02 1.2048030246e-01 -1.3232399600e-01 -1.3447187631e-01 -6.7927808544e-02 -1.1742330526e-01 7.2153866639e-02
-1.0203235904e-01 -4.2982005087e-02 -2.2734745446e-01 2.9808885835e-02 -4.9089473651e-02 -4.7924101698e-02 1.0180215001e-01
1.3674896854e-01 -2.7881168862e-02 -6.4402435334e-02 1.2877388824e-01 -2.3581154412e-02 6.0750387800e-02 -7.8104404737e-02
-8.5922581083e-02 -5.1457272148e-02 1.1670745550e-01 -3.2431459243e-02 -2.1755786367e-01 -2.3350017660e-01 -5.8932426219e-02
-5.7886819767e-02 -2.1626923183e-02 -1.9211102353e-01 1.3221537840e-01 1.7602754218e-01 7.5376821998e-02 5.1872681923e-02
-1.3942887654e-01 -6.5998843089e-02 2.3127396981e-02 -4.6506616101e-02 9.0441655917e-02 1.4361043172e-02 -1.0695671392e-01
-7.6770120312e-02 1.1317510010e-02 1.7004361252e-02 2.2146835951e-01 1.6275879806e-02 -1.5079051797e-02 2.3677224255e-02
6.1878110801e-02 5.1573229118e-02 -4.3255397453e-02 -1.1172172312e-01 -1.2014335178e-01 6.7216305215e-02 -5.9280642737e-02
-8.0180394794e-02 8.2946236523e-02 1.2365398316e-01 1.1441837988e-01 -7.8640275422e-02 -1.1194484099e-01 -3.6581537368e-02
3.3276438108e-02 -3.2038275971e-02 -7.9447560147e-02 3.2264901026e-03 3.5643929639e-02 -5.6913536854e-02 -1.1458818107e-01
6.6997118582e-02 -7.6512678091e-02 -1.5790873733e-01 -1.1312613102e-01 -1.0467033593e-01 9.5828793186e-02 5.7715299186e-03
-2.2325452798e-02 -2.1295719238e-02 3.8642113901e-03 -6.4553176895e-02 -1.4703863864e-01 3.3743181418e-02 1.1039923963e-02
3.5068734367e-02 -6.5617035350e-02 -9.8848764522e-02 -5.3394321937e-02 -6.9304423894e-02 -1.2577464197e-01 -1.0463256954e-01
6.6490197882e-02 -6.9750710486e-02 2.2196234409e-01 -1.4832640800e-01 1.0313913412e-02 -1.1738948801e-02 -1.6499329064e-02
6.9462033108e-02 -7.7610694839e-02 1.5462690599e-02 -1.4480149427e-01 -4.9620051395e-02 -1.8074248986e-01 -1.8976489668e-03
-1.3353844373e-02 5.2626381907e-02 -3.8932732564e-02 1.1022939704e-01 5.6856527368e-02 2.3628147934e-01 1.4280473841e-01
-3.6056290547e-02 -1.9490088428e-01 5.6932777986e-02 4.1776317983e-02 3.6541724667e-02 5.8519145127e-02 -8.3641599612e-02
3.5557243829e-02 1.4730989029e-01 8.4464616387e-02 -6.6827521576e-02 -1.5266793189e-01 2.6860641942e-02 6.9733780287e-02
1.9578645903e-01 -2.0968464581e-01 -3.7626118240e-02 8.8701440040e-02 1.7489281976e-01 -2.2777260024e-02 1.3154825735e-02
-6.8229610002e-02 1.6271433236e-01 1.5388157497e-01 4.3003451920e-02 -6.0512801587e-02 6.0776195243e-02 1.5179461833e-02
4.9083891560e-02 -1.0023340068e-01 1.9368603642e-01 1.2594164967e-01 7.0790758683e-02 -3.0465428798e-01 4.4045149048e-02
-2.5501328104e-02 1.3604562438e-01 -6.8492436354e-02 1.5921517410e-01 1.8422243368e-01 -5.0995614729e-03 6.8491340456e-02
-1.6445704528e-01 -6.4167350552e-02 -7.1620462660e-02 -1.0744105360e-02 -6.1296997911e-02 -1.0974693291e-01 -1.5767137591e-02
4.2475963709e-02 -3.4840883965e-02 -8.3849994588e-03 2.0923987189e-02 1.1347862519e-01 -2.3300145611e-01 -2.1726486948e-01
-4.1743134390e-02 1.7517600859e-02 -9.7414778117e-02 1.6932085922e-02 3.4976671303e-02 2.7465700787e-01 -1.4342012644e-01
-9.6450842925e-03 2.9379052290e-02 6.1308273287e-03 3.2030108562e-02 -9.9473536967e-02 9.0216991712e-02 2.8779579295e-02
1.0188218972e-01 7.8115858727e-02 8.5263520394e-02 -8.3322534340e-02 -7.7947201345e-03 8.1333497200e-02 -1.1060461881e-02
-9.4383879957e-02 3.4444377550e-02 -4.9298052975e-02 -3.2432536026e-02 8.8534115179e-02 3.2895644068e-02 -6.1455305531e-02
-6.8683299091e-02 -4.8275792028e-03 3.3695127761e-02 -1.1357431720e-01 -2.0848003598e-01 -1.0050344950e-01 -1.8739272457e-01
1.8311852440e-02 -1.7728688010e-01 4.7683865041e-02 -1.6329637416e-01 1.1360058248e-01 8.0546918166e-02 8.5106835372e-03
-5.0482235568e-02 8.2396138599e-02 3.4725029682e-01 -8.6454652623e-02 2.8138460647e-02 -2.3611558186e-01 1.2237592139e-02
-1.6670173779e-02 -4.9875881642e-02 -1.3935713232e-01 6.5374796634e-03 1.5228604747e-01 -9.0013123913e-02 -1.7848720647e-02
1.0854400311e-01 -9.2061142758e-02 -2.3316699947e-02 -7.6252558776e-03 2.0097552696e-03 -1.8195269559e-01 -4.3902336473e-03
1.0668762367e-01 -4.1114864504e-03 1.5795613637e-02 1.9840134146e-01 1.5982792576e-01 -5.3224416049e-02 1.0223877658e-01
-7.2368575146e-02 8.9161912024e-02 4.7602072507e-01 6.1360784717e-02 -2.9482807338e-03 -5.3791745648e-01 3.9822618288e-03
8.9641440929e-02 -3.9830189928e-02 3.2505410695e-01 -5.7213051492e-02 -7.5657417816e-02 -3.1767664550e-01 4.9793410161e-02
