3.1656883699e-01
9.3873568969e-01
3.2274652813e-01
5.1884904058e-01
5.2669697785e-01
1.1732434841e-01
-2.0120035226e+00
-2.1059947965e+00
8.2212849167e-02
3.5184492751e-01
1.4988990691e+00
2.0256666061e-01
-6.9634717251e-01
-1.6339336742e-02
6.7389021933e-01
-7.0992214831e-01
2.1641750394e-01
-1.6180271236e-01
3.4816479579e-03
1.0283584628e-03
1.6932559242e+00
1.6181777370e+00
-7.2983152811e-01
-1.1644325055e+00
-3.0770154176e-01
-1.0061453839e+00
2.9338589554e-01
-1.2298930049e-01
6.7707482092e-01
6.0379483734e-01
-9.8378170779e-01
-1.4993118101e+00
1.2703831618e-01
-2.1756636145e-01
-2.2622144499e-01
-3.8201568441e-01
-6.3076627786e-01
5.5623293831e-01
2.3572321080e-01
-1.1024189863e+00
1.1575258273e+00
9.9189695480e-01
-5.1829013303e-01
8.8218401089e-01
9.0297997898e-01
9.4618845181e-01
-1.7543234965e+00
3.4914597722e-02
1.8917778185e+00
-1.1531129724e+00
-1.7617361769e+00
-1.9032711164e-01
-8.5804230975e-01
4.4455839179e-01
-7.0118795765e-02
-8.7226974302e-01
-6.4066527772e-01
6.5499002170e-01
-1.4171812106e+00
-1.7009124218e+00
1.0435182323e+00
-8.0292875384e-01
6.8108809163e-02
-1.9958827713e+00
9.1283178156e-01
-1.1207601566e+00
1.0298827698e+00
-1.3430788970e+00
5.2184357703e-01
-5.3288213568e-01
-1.7235921932e+00
-8.8636937131e-01
-1.3480856377e+00
-6.0402751400e-02
1.0078019428e+00
5.5490142275e-01
-1.6790479830e+00
1.5973659455e+00
-9.1679720578e-02
1.3518750125e+00
6.0849861847e-02
5.7930223601e-01
-3.6840856388e-01
5.8515766385e-02
-1.9471531099e-01
-3.2050542758e-01
2.5514187935e-01
-3.6048078476e-01
1.5067564600e-01
3.4668810248e-02
-5.0811686564e-01
1.8668378063e+00
3.9980501803e-01
-3.7977467281e-01
1.2559702904e+00
-1.5353265840e+00
5.0639844509e-01
6.4083916923e-01
-3.9206166934e-02
2.7372400836e-01
-1.4908438207e+00
1.2419004389e+00
7.8205359364e-01
3.5476851518e-01
6.6227854104e-01
3.6207293056e-01
1.5458487642e-01
-6.1693059785e-01
-1.6679996202e+00
-1.1211366251e+00
6.9602564128e-01
-7.7762306293e-01
-1.5638029341e-01
1.2116683405e-01
1.8980746987e+00
-6.1381094618e-01
1.8714779198e+00
3.9613693963e-01
-1.1011185230e+00
-8.5232021812e-01
9.0588877429e-01
7.0859487583e-01
-2.9188672013e-01
1.8903973841e+00
1.9141170259e+00
4.7306049937e-01
-6.0255482992e-01
-1.0784152417e+00
-1.0545573771e+00
-3.7313911353e-01
-3.8339151434e-01
-7.4367812717e-01
-1.0614301478e+00
-4.3238362240e-01
-1.4352465462e-01
-1.2438837131e+00
1.2652963829e-01
-2.0123298062e-01
-6.8331799449e-01
