-4.1586816180e-01
-3.2096752281e-01
-6.4022676309e-01
1.2428681593e-02
1.0594995001e+00
-4.0234478466e-01
2.4497182571e+00
-1.0113657248e+00
-9.7556705277e-01
1.5056681978e+00
1.0011841314e-01
-1.6035095522e+00
6.5290634516e-01
-9.8504132884e-01
1.1774994770e+00
-8.5750403357e-01
1.6625318738e-01
6.8467145150e-01
1.9670637384e+00
-1.8039846518e+00
9.2204475331e-01
1.4131505543e-01
-2.8337941261e-01
6.6745378433e-01
1.7017915484e+00
7.8777117880e-01
4.0116657823e-01
-7.1279185696e-01
5.1915089822e-03
-4.4997125633e-01
1.1933184269e+00
1.0835905940e+00
1.0563246198e+00
6.0109550097e-01
-8.2821842825e-01
8.9817781392e-01
-1.4284414468e+00
-9.4745593852e-01
-5.7860981480e-01
-6.3032638479e-01
-9.7291468418e-01
-5.6411738107e-01
-4.3805524489e-01
-4.5861014179e-01
8.2727798349e-02
-1.2203422385e+00
-9.1022715733e-01
8.3502463987e-02
3.7716906665e-01
3.7058122610e-01
7.5864335247e-01
9.4777800031e-01
4.4854624836e-01
1.4726628476e+00
-1.3398724303e-01
-4.8192789880e-01
5.8136064912e-02
1.0787885650e+00
5.9976236444e-01
6.7538500011e-02
1.0262049379e+00
-5.5834119103e-01
6.7020678300e-01
2.3862458583e+00
-4.7095530625e-01
1.5361850061e+00
3.7673945886e-02
-1.2479956616e+00
-1.0110763405e+00
2.3039766006e-01
9.6985969598e-01
-2.9203357044e-02
9.7195679581e-01
-4.5424295723e-01
-3.8096050034e-02
2.9104470392e-01
-8.2674732985e-01
4.5870475134e-01
-6.3987960401e-01
-4.4068869826e-01
1.4133301462e+00
1.3963462643e+00
