-1.2749765291e+00
8.2571416547e-02
-1.3204637228e+00
-6.9596306355e-04
-1.0352074465e+00
-6.3586682473e-01
1.1505372811e+00
-5.0191771465e-02
1.0216537100e+00
7.7045608569e-01
-1.1053486797e+00
1.3130050363e+00
-7.9335688128e-01
1.8040012807e-01
1.8773734933e+00
1.5249608245e+00
-1.4519423861e-01
-1.5210212828e+00
-3.2899873454e-01
2.7620719647e-01
5.0721580670e-01
1.4312863622e-01
5.5217356381e-01
-5.1695963202e-01
2.1455596338e-01
1.0805331619e+00
3.9842561645e-01
5.0682156698e-01
1.1417526578e+00
1.4035608729e+00
1.2886185108e-01
-2.2938611455e+00
6.6320342687e-01
1.5272017490e+00
-1.6623500880e+00
-1.8235580153e-01
-5.5212695868e-02
-2.2952892214e+00
2.6734849274e-01
-1.7435042145e-01
1.4504185101e+00
5.1508655847e-01
8.9034830314e-01
-4.9032741796e-01
1.6148848369e+00
-3.1998486822e-01
2.8020269324e-01
9.3189270366e-01
-7.6827724432e-01
-7.7471971848e-01
-1.2504451560e+00
-6.0774951253e-01
3.5156894964e-01
2.6470459842e-01
-1.9541843931e-01
-3.0660047007e+00
2.9317315459e-01
-1.0618714295e+00
-8.4804261145e-01
9.6627387764e-01
-7.8863471847e-01
-1.2399061255e+00
-7.6693068193e-01
-2.6448841598e+00
-3.7807296124e-01
9.1432370642e-01
-1.8619091000e-01
-4.0943781769e-01
4.1619356052e-01
8.8463927721e-01
4.7505940800e-01
-4.2158611007e-01
1.9468182812e-01
5.1112005905e-01
8.5520183779e-01
8.7995770655e-03
4.5987694692e-01
6.2188779533e-02
-3.6280344820e-01
-1.2087843043e+00
-4.0830827569e-01
-1.2019242438e-01
-4.7507691147e-01
1.1648704126e+00
-7.2586531571e-01
-1.7534522702e+00
3.1401761015e-01
-1.7264183311e+00
1.2414692208e+00
-7.2985698647e-01
2.4704761413e+00
3.6108007332e-01
-2.8574016497e-01
-1.3702401348e+00
-8.4638647213e-01
1.4486154622e+00
2.0050613514e-01
1.1195837822e+00
5.7381633025e-01
-9.2998363275e-02
4.3184645223e-01
-1.4240923203e-01
-5.8912757370e-01
5.0595934807e-01
1.1471296619e-01
-1.4511709458e+00
1.9501382313e+00
-7.2151412892e-01
6.0333583504e-01
7.0488790290e-01
1.7649819678e-01
-9.3092719619e-01
6.8686699869e-01
-1.6115593674e+00
-5.9217241360e-01
9.3574306848e-01
-2.4862989644e-01
-3.3718169617e-01
5.4235793075e-01
-5.5876100680e-01
3.7601185527e-01
6.8383439606e-01
-1.0507282330e+00
2.1124007354e+00
-1.7650385938e+00
2.1051319891e+00
-5.2323787541e-01
-1.0740405913e+00
1.3097695186e+00
-1.3694234082e+00
-3.5159952168e-01
2.8119615580e+00
2.6703737859e-01
4.5959341859e-01
-9.6814573582e-02
-1.4266721532e+00
3.2157144278e-01
-6.7989905734e-01
-2.3061928392e+00
-8.8077045413e-04
-1.1039952923e+00
-4.3735096910e-01
-6.3788566634e-02
5.2970933840e-01
1.8734943969e-01
7.0743921693e-01
-1.1726487220e+00
-3.0826350551e+00
3.4543312973e-01
2.2926310930e+00
-1.4574067379e+00
1.1774846591e+00
9.6146129624e-01
-4.5879149320e-01
-7.7833979283e-01
1.1567812003e+00
3.7075176380e-03
1.3789737066e+00
7.2091657144e-01
1.0778496959e+00
1.0771725053e+00
-1.5803137515e-01
1.4156345782e+00
9.7758982691e-01
8.1970861003e-01
-1.0333297025e-01
-9.2251501216e-01
9.8473721223e-02
-1.1127050753e+00
-1.7871980463e+00
-1.9779878398e+00
6.0205066896e-01
-1.3894567402e+00
-8.6104025055e-01
-3.5389939598e-01
1.0272671470e+00
-1.2401368699e+00
2.0715520366e-01
8.4303718181e-02
9.9561767114e-01
-3.7224627764e-01
1.5490380999e-01
1.2747493393e+00
5.4558738545e-01
1.2751405094e+00
-3.1788821140e-01
-1.6150189895e+00
-2.4983881616e+00
6.0576118660e-01
1.4170779616e+00
-3.9627634650e-01
-2.0344404136e+00
1.1099796744e+00
-2.1861919849e-02
-1.6067460579e+00
-7.9466416852e-01
-2.3580680088e-03
2.5107804762e-01
-2.4096894098e-01
-1.6233775601e+00
-2.1888219643e-01
-1.9939527014e+00
6.1323470696e-01
-6.7610283518e-01
2.0459041523e+00
-6.8434911758e-01
-9.6836747275e-02
-1.8366121667e+00
-9.8066391240e-01
3.7464594330e-01
4.7279559239e-01
1.4836197597e+00
-2.0399669791e-01
-6.6819265282e-01
9.0293888924e-02
3.9297938362e-01
-1.9508572747e+00
-2.4082708197e-01
5.9851505562e-01
-6.1029216910e-01
-5.2986846287e-01
-1.3498539964e-01
-8.9700264773e-01
-4.7636114410e-01
1.0722402116e-01
-4.3636583392e-01
3.1326823760e-01
