-1.1467968871e+00
6.9746921666e-01
9.0017870085e-01
1.7347646422e+00
6.5245230431e-01
-1.4393368523e+00
2.1188679460e-01
3.1006622004e-01
-7.5861169659e-01
-7.2544956684e-01
1.2673708969e+00
1.7376027473e+00
-1.9501009955e+00
3.2846260110e-01
-8.2790530034e-01
9.6052645599e-01
1.3533105894e+00
-9.2986815864e-01
-1.0420173425e+00
-1.3964336193e-01
-3.6277091799e-01
3.7810851692e-01
-1.0606277431e+00
-3.0676133704e-01
-4.4699695990e-02
5.1280662444e-01
5.1334980722e-01
-2.2124408988e+00
9.8575019073e-01
-1.3348261269e+00
-4.5175927867e-02
1.0980668983e+00
1.1401965081e-01
-1.8095877836e+00
-1.7542861681e+00
-1.4017025333e-02
2.6204971644e-01
9.7134477366e-01
-1.0387647125e+00
-1.2263026725e-01
1.5322065972e+00
-5.6707623251e-01
5.3450604685e-01
2.1014312619e-01
1.9166637007e-01
5.0567054891e-01
-1.4341019718e+00
-1.5588438807e-01
3.4103216546e-01
9.0330365064e-01
-8.6346747152e-01
-5.5985131887e-01
-9.6793106378e-01
1.6786651855e+00
-3.4860923315e-01
4.9173601165e-01
2.8134112534e-02
-9.6899662786e-01
1.3048124823e+00
-3.2673250494e-01
-1.0277920929e+00
3.6351346834e-01
2.1253267852e-01
1.4268796984e+00
-7.8953215074e-03
7.0710967691e-01
5.9278704474e-01
-8.1421109575e-01
6.8307496378e-01
-5.8100098776e-01
-3.2249937125e-01
-9.2346269043e-01
-2.1922176300e+00
-2.3072183701e+00
-1.1178774641e+00
-7.4666258706e-01
8.8336615715e-01
1.4275946517e+00
-4.9900795998e-01
-8.7045292550e-01
2.5333653255e+00
2.7192044785e-01
1.3425507201e+00
9.7912847194e-01
1.0215140028e+00
5.0271729151e-01
-7.4537031748e-01
-5.8466306765e-01
1.6994149521e-02
3.8968282850e-01
-1.4951358465e+00
-1.8783238405e+00
5.6130526964e-01
-1.1509586457e+00
-2.5469046616e-01
-1.0328152516e+00
-2.8019689948e-01
6.6337902029e-01
-1.1562724601e+00
1.2496087013e-01
-4.0595642427e-01
1.7482674113e+00
3.3016212337e-01
4.6538676834e-01
2.1671539939e+00
-2.6501357539e-01
1.0731039127e+00
-7.7115706763e-01
-9.0044364100e-01
1.2588905814e+00
-2.1876788138e+00
-3.9315904047e-01
8.6027413414e-01
-3.0212709161e-01
-8.7194481154e-02
-3.0922729180e-01
5.0134979490e-01
-2.2441280328e-01
1.3933787344e+00
-4.9203628867e-01
1.3473035057e+00
