-1.4714964990e-01 -2.4139470227e-02 -1.1570554449e-02 -2.1345267549e-01 -9.8912973513e-02 5.3491385082e-02 -2.1719991830e-02
-3.7782115984e-02 1.3628821795e-01 2.5860023342e-01 -5.2664024891e-02 -6.1133996983e-02 1.9769614063e-01 1.2469654311e-02
4.2580372014e-03 5.1703969112e-02 -1.2508351936e-01 3.3291542276e-02 1.3416110885e-02 2.9945689447e-01 4.9047164742e-02
7.2515702026e-02 -1.3114954073e-01 3.7762997332e-02 3.5986371526e-02 9.4144741850e-02 -3.0482901470e-02 -3.2149386945e-02
-4.0506801849e-02 3.5929216663e-02 2.6909982690e-02 -1.9965434788e-01 3.3072797316e-02 -2.4215279435e-01 3.6356357690e-02
4.9162347159e-03 -3.7049918936e-02 1.7942507931e-01 9.7383956212e-02 1.9082527776e-01 -1.3542925220e-01 1.4617606290e-01
-8.7086993258e-02 -8.1198105342e-03 2.3832789281e-03 4.7239247105e-02 -1.1529368334e-02 3.0758184212e-01 2.2611627049e-02
-2.1042417635e-01 8.7754980395e-02 1.1095063857e-01 5.4687659632e-02 3.3632928211e-02 -5.9058730351e-02 -3.4401159760e-02
8.1579479022e-02 7.6916228048e-03 1.0721607528e-01 1.2702650248e-02 -4.1263033732e-02 -1.2492503179e-01 -1.9051314571e-01
-2.6318348861e-01 2.9043873767e-01 -1.0882296768e-01 -1.3107827755e-01 4.0182914407e-03 -4.6867761963e-03 -2.2433870858e-01
-9.0428443822e-03 -5.9491495685e-02 2.4921429223e-01 -9.8890784642e-02 -5.9142249554e-03 2.1581834570e-02 2.5438922556e-02
-1.8374528528e-01 2.7961358214e-01 3.7884100921e-02 -2.1008967735e-02 1.3260113595e-01 -2.1845471030e-02 1.8686774160e-01
8.8761989352e-03 -4.2530128545e-02 1.0593115002e-01 -8.4489265845e-02 -3.9584724734e-02 5.2390220210e-02 -1.2636719174e-01
-3.5510775371e-02 5.1162489147e-02 2.1625901200e-01 -2.4174118120e-02 1.4862648606e-01 1.7270577665e-01 1.2406461439e-01
-9.2456518841e-02 2.1974042512e-04 -1.3578620409e-01 -5.4286483930e-01 6.7197768370e-02 -1.8454186585e-01 -3.9243810794e-03
-2.0238706064e-03 2.3103155079e-02 1.6464924926e-01 4.2388518214e-02 -8.4499955636e-02 -1.7923006338e-01 5.3042064376e-02
3.7562364297e-02 -2.5420451972e-02 1.8339606164e-01 -8.5367752490e-03 2.1519811079e-02 2.0237883567e-01 -3.6360140168e-02
-2.0549898486e-01 -1.9062567491e-01 1.2873966653e-01 -1.7635393069e-01 -4.4191927121e-02 1.3283151790e-01 -2.1303568552e-01
-3.4997499208e-02 5.0037211125e-02 -1.5908093229e-01 4.7459090737e-01 -1.4961237651e-01 -3.3632042298e-02 -2.0078669832e-01
2.0832519267e-02 -2.9382128765e-02 5.5803934062e-03 1.5620245909e-01 -7.8294695842e-02 2.1423799874e-01 -1.5560924012e-02
-6.3509803266e-02 8.0953871395e-02 1.2170858258e-01 1.5069125278e-01 -1.1515226176e-01 -5.8028861413e-02 1.3966212759e-02
1.8799346184e-01 3.8878650064e-03 -2.0684709934e-01 -4.8146271970e-02 1.4477716145e-01 -1.1628138614e-01 -7.3147448122e-02
1.3644545123e-01 -9.5682719483e-02 -1.4256454361e-01 3.1934361559e-02 -3.3607782331e-02 1.3240248695e-01 9.5052864172e-02
-1.3200849817e-02 -7.3883430923e-02 -1.0007340808e-01 5.6181623292e-02 -1.4410603778e-01 -1.6978894360e-02 8.0641650074e-03
-2.8431631762e-02 1.9999721826e-01 2.7809477524e-01 -3.8143596255e-01 -6.6804709808e-02 1.3935076313e-01 -1.8316835230e-01
-2.1329146966e-01 -1.1558326400e-01 -7.8191525406e-02 -9.9264494881e-02 -4.0050787619e-02 8.1238487395e-02 -5.2885780364e-02
-4.9795396592e-02 -2.0117594208e-02 -1.8134492071e-01 -8.6469285267e-02 1.0130589048e-01 3.0568617845e-01 -1.3752809193e-01
1.8105086905e-02 -3.7626290713e-03 1.9408872892e-01 -8.0874157963e-02 -8.9460127752e-02 5.3615879147e-02 -2.7910395600e-02
6.7021215726e-03 -3.1925780856e-03 -3.7211622526e-02 2.6323410765e-01 2.7583775147e-01 7.0816970051e-02 -1.6123236114e-01
2.1982592878e-03 -9.7792253170e-03 -6.0845104735e-03 3.2316232374e-02 4.8789395597e-03 3.2908061601e-01 -1.5422332302e-01
-6.6125117784e-02 -1.5177521340e-01 -3.8827823537e-04 -2.8893847474e-01 1.2337635354e-01 -8.4412060089e-02 4.7136307606e-02
7.6335026853e-03 4.5241014923e-02 -2.4497050590e-01 4.2136080909e-02 -4.5802954314e-02 2.6946214612e-01 -6.6406609105e-02
-6.7798648317e-02 2.5275464848e-02 2.6932379776e-01 2.0560898640e-02 -1.4421937360e-02 -5.0779164018e-01 6.1451566148e-02
-6.2881615821e-03 2.5637876605e-02 1.6057190108e-01 -2.8577215700e-02 -2.4130322444e-01 1.0741736987e-01 -3.9708420345e-03
2.7425489860e-02 1.0039255972e-01 1.4013828755e-01 2.0675366645e-01 -1.0615937374e-01 3.1396123658e-02 -2.1572237838e-02
-7.9017323616e-02 -3.3827014987e-02 1.5081442061e-04 -7.6893234879e-02 1.0236261573e-01 1.1007828742e-01 -1.1145834228e-01
5.9899322513e-02 -2.0578110011e-01 -8.3868661140e-02 2.9402945108e-02 -2.0775217744e-02 1.7086539157e-01 1.6545522758e-02
1.9361927237e-02 1.2884183679e-01 1.2213573925e-02 5.3355835916e-02 2.4154725000e-01 -4.1896584800e-02 4.4866924699e-02
-4.2109899148e-02 2.2498430388e-01 2.0101180703e-01 1.0836032198e-01 -2.2021024935e-02 -4.5490728963e-03 -1.0038233646e-01
4.5746385402e-02 1.6913060842e-02 7.8607166553e-02 4.2015760472e-01 1.8910532595e-01 2.3840580740e-01 2.0509762823e-02
-1.0008442453e-01 -2.5459605643e-01 -7.0331118636e-02 2.5254597320e-02 8.0597822211e-02 -3.9012913820e-04 3.2357811736e-03
-2.4582786416e-02 1.9169230965e-01 1.5976145253e-01 -4.3871209401e-03 -2.4001516737e-01 2.3226140940e-01 -3.9887054369e-02
-1.3421334010e-01 2.6697530130e-02 1.1364631357e-01 1.2907326815e-01 3.7566119407e-02 8.7662575109e-02 1.2525802438e-01
-7.2636027806e-02 -2.8529396711e-02 1.0593524354e-01 1.6900715174e-02 1.0414613096e-01 -1.3448882668e-01 -2.0579827483e-01
-5.7408570632e-02 5.2329216786e-02 -3.6768905121e-02 -3.8502540121e-02 7.7153958590e-04 -2.5948923913e-01 -1.3680702123e-01
-2.5766135350e-01 1.1259302938e-01 -1.4974177381e-01 4.4094943191e-01 -3.1188857765e-01 -6.2673725602e-02 2.4201150731e-01
1.0322011449e-01 -1.8334256989e-01 -2.3584607054e-02 -5.6044948156e-02 1.2895027869e-01 -2.3475432141e-01 -5.3910121722e-02
-1.1705856467e-02 5.5769616555e-02 -8.5245895083e-02 1.5668552701e-01 -5.1784789839e-03 2.1212981898e-01 -2.5379268909e-03
7.7511393877e-02 1.7519711624e-02 -5.2208953917e-03 -2.2493914660e-01 4.8227710313e-02 1.7186750279e-02 4.1329803495e-03
-8.3024449866e-02 -5.7766332809e-02 -5.5809032493e-02 -8.6220170930e-04 -6.0188236625e-02 -2.8964274024e-01 6.7226814600e-02
-9.2015382521e-02 2.8323448998e-03 1.4883042938e-01 2.3992731444e-02 9.3172279798e-02 -1.3123089635e-01 -2.4311486045e-01
3.6504664672e-02 -3.8464122309e-01 -4.0854826858e-02 -4.0655979009e-02 -1.3620459690e-01 2.4593469022e-03 -1.4304924754e-01
-2.2567146179e-01 -1.7961201513e-01 4.3436048676e-02 1.8346132703e-01 3.2052200907e-01 -1.7508737414e-01 -9.6202036567e-02
5.7766153246e-02 1.3817086956e-02 -4.0288034382e-01 -9.0531614604e-02 8.5251859229e-02 -1.2960155300e-01 1.9311060636e-05
4.1577331679e-03 -5.4972831271e-03 -6.8793051568e-01 -2.4001557029e-02 1.4248832634e-02 7.6736076469e-01 -3.8826579429e-02
-1.6877738212e-01 1.5313702530e-02 1.3753645113e-01 1.6376227814e-01 1.2669030742e-01 3.8932913617e-02 7.2820585467e-02
-1.1439158855e-01 -5.2493937630e-02 -2.5635505477e-01 2.6179868119e-01 -9.3162565444e-02 -1.1405632560e-01 3.9253910624e-02
8.8681187799e-03 -1.1802927284e-02 3.0903726990e-01 5.8678398670e-02 -1.1666885439e-02 -3.4431767645e-01 3.8402945611e-02
-2.5537829817e-02 1.2501167527e-01 3.8004609458e-02 -5.4778578628e-03 -9.9267864612e-02 8.8912363511e-02 2.3036001425e-02
3.9602565887e-02 3.6271375896e-02 -2.9423019196e-02 -6.1618876950e-02 1.1874561432e-01 2.1950614187e-01 9.4167475535e-02
-1.4245380275e-01 -7.6495818219e-02 -1.6089360264e-02 5.9526632830e-01 -9.5260950365e-02 3.6344619974e-02 -2.7978103139e-02
-6.2716012127e-02 1.0534703625e-01 -5.6638833064e-02 4.2362236523e-01 -1.0639050120e-01 -3.3048490013e-02 1.1864564865e-01
6.8864576635e-02 -2.6473890582e-02 1.3407010854e-01 -1.0167411203e-01 1.1842721299e-01 -1.0294678176e-02 1.0311007488e-01
7.4953949402e-02 1.7529469000e-02 1.2696705247e-01 1.8593398804e-01 -1.1149064096e-02 -8.4319588405e-02 7.1746059064e-02
5.2221197187e-02 9.7235356820e-03 -2.2954749633e-02 -1.0186340721e-01 1.5529370863e-02 2.2281569740e-01 -4.8417207182e-02
-3.6836143349e-01 5.0610175157e-01 4.1691505477e-02 -6.2110017011e-02 -6.3549152700e-01 1.7777925317e-01 1.2169449573e-01
-2.0440774388e-01 2.3106796261e-01 -1.9458580885e-01 -2.5518022821e-02 -2.1886570193e-02 1.8716936203e-01 -1.1566439036e-01
-6.5179194386e-02 6.1690545799e-02 3.8583130939e-01 5.1532976458e-02 4.3141108300e-02 -3.1664178194e-01 1.5771451447e-03
-6.4801739143e-02 1.1320876153e-01 -1.2151670608e-01 -8.7048959912e-02 -6.2786234390e-02 3.0689258128e-01 -1.0619633371e-01
-2.2160747255e-02 -2.1756984336e-02 5.3335499136e-02 -2.1149968184e-02 1.2475168057e-01 -3.0897475016e-01 2.8740941502e-02
3.7878078199e-01 -1.1265408994e-01 2.2400829018e-02 -3.5343325530e-02 4.5265291677e-01 -1.1784857710e-01 -4.9633641133e-02
4.1352157524e-01 -5.1329835887e-02 2.5929603993e-02 2.4123311120e-01 2.7498741664e-01 2.0865824061e-02 -1.3213737212e-01
4.2083298471e-02 -7.7267813757e-03 1.1501046434e-01 -8.8341954237e-04 3.5312395793e-02 8.4990678185e-02 1.0943876248e-01
-1.1060796609e-01 2.0111512134e-02 -3.8249959634e-01 3.1617426528e-02 1.6045592079e-02 3.2511063044e-01 -3.7677196482e-03
-3.8715884213e-02 8.8087084981e-03 -3.6774584366e-01 -7.8035372539e-02 5.7247765871e-02 4.2511499981e-02 -2.9030881016e-02
3.2814275801e-02 -1.0000773445e-01 -1.1869951045e-01 4.8760278173e-01 4.5417605617e-01 -1.1759132143e-01 -1.4385417868e-01
3.3674103035e-03 3.9438907494e-03 -3.1364055302e-02 -1.0316887170e-01 -2.4687440803e-02 -1.2207925347e-01 1.7851352203e-01
-2.5461478128e-02 1.3507595715e-02 2.7716273031e-01 4.8928733306e-02 -1.0993063020e-01 -4.6760836288e-02 1.0221570083e-01
-3.2309447386e-02 1.3185211231e-01 3.3764816948e-01 -1.5511459582e-02 -3.5210414319e-02 3.2766629909e-01 1.2558405692e-01
2.8566087481e-01 -1.9815851128e-01 -3.1205499599e-02 -2.0137173405e-01 -5.0982866079e-02 -1.8083721978e-01 8.7077000647e-02
-5.9893986883e-02 1.1759024290e-01 -1.0514551908e-01 -3.4351157524e-02 1.7862792217e-01 1.0222717496e-01 6.2032628194e-02
1.3033715489e-01 -2.6295652976e-02 1.3476300246e-01 5.3299332642e-02 1.3523744986e-01 -2.9727595623e-03 9.7537066545e-02
-2.1379271544e-02 -4.0813647249e-02 -2.6621649642e-01 7.6545042550e-02 1.6671621418e-02 2.7618398875e-01 -1.0229590872e-01
-8.3862807970e-02 -1.6125001451e-01 -1.3502373178e-01 -7.9750361070e-02 9.8461110532e-02 -1.2144519022e-01 -6.5956923097e-02
1.0524421143e-01 -2.7375914191e-01 9.8659603207e-02 1.5544645448e-03 2.6408208041e-01 -8.6527322869e-02 6.4412069255e-03
3.6416918804e-01 -2.1271383749e-01 -1.2155148158e-01 -2.5646424886e-02 -1.9591423165e-01 -5.6918846917e-02 -7.2266593659e-02
-3.1209067838e-02 5.4207458833e-02 1.3634677986e-01 5.3951301734e-03 -1.9429120525e-01 5.2546561511e-03 -1.8948619048e-01
1.0488130058e-02 1.5157454337e-02 -1.8330367326e-01 -2.1640743625e-01 1.5476321876e-02 -1.1000268125e-02 -7.1332780166e-03
3.7371978864e-01 -2.9617482333e-02 -2.5362970469e-01 -5.4484131215e-02 5.0381924360e-02 7.1367432028e-02 2.4425379475e-02
2.2088751657e-02 -2.4031404027e-01 -4.3219999306e-04 6.9205262077e-02 3.9187871893e-02 4.2021972202e-02 1.2698336252e-01
5.2246826586e-03 5.0959198219e-02 -1.3675185286e-01 -5.1437093116e-02 8.1240286691e-02 1.5604989723e-01 2.1778158053e-02
3.8532197886e-02 9.0133845145e-02 7.7653066960e-02 5.7836004320e-03 -1.8676201546e-02 -1.4272562711e-01 -3.3971850631e-02
-7.5969412923e-02 8.6396507124e-02 9.0583830914e-02 1.2754779426e-01 -8.5388305655e-02 -1.3248986736e-01 -3.7883053325e-02
2.9707615490e-02 3.4393855460e-02 -1.5427107910e-01 -1.2954970560e-02 3.3177934074e-02 1.7959928182e-01 1.1679006744e-01
-1.6558410895e-01 1.5867600434e-01 -9.5562451534e-02 -2.7099493336e-01 1.7190256341e-01 -1.0749176084e-01 8.6235866754e-02
-4.8725672755e-02 3.4650185071e-02 -9.6103472956e-02 8.7450996903e-02 -1.3341530612e-01 2.4133062600e-01 -1.1373313489e-01
6.3104080132e-02 -7.9277378997e-02 3.4217156184e-01 6.1603819652e-02 8.5649296250e-02 -1.4307412843e-02 -8.0148607114e-04
4.4091010515e-02 -3.1103433659e-02 -2.0181710801e-01 -1.4047079382e-01 -1.8533497684e-02 2.5976888466e-02 2.0740688747e-02
1.5281713988e-02 -2.4519618370e-02 1.5900745392e-01 7.1677121716e-02 -5.5196073036e-02 -1.4827571617e-01 4.0423623806e-02
-3.0217714252e-03 1.7626093938e-01 5.2776727751e-02 5.8590936627e-02 6.6579584942e-02 -1.2581616341e-01 7.9319357664e-02
-1.3034107416e-01 -2.1403486112e-01 1.7316218323e-01 4.0920041346e-01 8.8134964362e-02 8.4419424673e-02 -9.8958265781e-02
2.8012900334e-01 2.6548836839e-02 -9.1820551154e-02 -1.4372706036e-01 3.2462015471e-01 -1.9036665375e-01 1.3997053634e-01
5.3141299304e-02 2.1276292666e-01 -6.8993384935e-02 1.6391666442e-01 -3.1436907740e-01 6.8633880020e-02 6.9670884304e-02
2.0110380493e-02 7.0496560752e-03 1.1681380939e-01 -3.4501380029e-02 -1.1262048555e-01 -1.8077882094e-01 2.0330588980e-02
-5.3496414474e-02 4.1022636905e-02 -7.6646378685e-03 4.6312366232e-02 7.9510982066e-02 -3.2186570240e-01 -7.3935872675e-02
-6.0851137133e-02 -5.6257065920e-02 -2.0011184270e-01 -9.3434385778e-02 2.7444633497e-02 -5.6471152655e-02 1.0507680782e-02
-1.1037908679e-01 6.3861400384e-02 -9.9788541331e-02 5.2208970718e-02 -2.2648666537e-02 2.2020805413e-01 -3.5520154900e-02
-1.0647009140e-01 -9.4788520942e-02 1.1816486500e-01 -1.9078011280e-01 -7.6369476637e-02 4.2742222296e-02 1.9189760846e-02
1.7996386581e-01 3.8913718632e-02 3.1081085056e-02 -2.6620137987e-01 -9.7132572712e-02 -1.6729219433e-01 -5.3839208756e-02
-2.7109173115e-01 6.4103405596e-02 -3.7117069587e-02 2.3024318953e-01 4.1301780748e-01 4.9873795205e-02 6.4296275332e-02
-2.1541963545e-02 -1.3476865821e-01 1.1726675287e-01 1.0463678698e-01 4.1361327547e-02 1.8451328257e-01 2.6149679255e-02
-1.1278453931e-01 9.0255749303e-02 5.1933011863e-02 1.4332020429e-01 5.1220868234e-02 1.5234881979e-01 4.5070348494e-02
-3.9056597846e-02 -1.7783439287e-01 4.0914293223e-02 -1.6531838775e-01 1.3289619637e-01 1.3455850465e-01 2.6658177301e-02
-1.7081624585e-01 2.2977047898e-01 5.2807683067e-04 2.9331408418e-01 -1.7082010326e-01 3.3971647580e-01 -1.6654621976e-01
-9.2331705741e-02 -1.5564075837e-02 8.9504026807e-02 2.9542789330e-01 4.8562217572e-03 2.7217582881e-01 -3.4164205062e-02
-3.5682959221e-02 2.2758612684e-02 1.9033641586e-01 1.2369432229e-01 -3.4728229465e-02 -9.4256994314e-02 -7.1755361243e-02
-5.5732742044e-02 -5.4522936395e-01 5.6807335231e-02 2.1872763791e-01 -3.5287096157e-02 5.5833403829e-02 5.6316967542e-02
-7.9700427640e-02 1.3940858010e-02 -1.7773573210e-02 -2.9231424926e-02 1.4682389083e-01 2.6291417340e-01 -4.9220543860e-02
-7.2316328947e-02 -1.6777582542e-01 -1.6833888161e-01 -6.8859054106e-02 -1.4841273812e-01 5.6172090163e-03 1.5770153065e-01
1.6468891516e-01 -6.2044844201e-02 1.3785289129e-01 -2.1399645899e-02 1.1623510805e-01 8.7349362422e-02 1.2812056961e-02
6.4722692824e-03 -2.1333034462e-02 1.5651123268e-01 2.5941008250e-02 2.1080364193e-02 -4.1787924291e-01 -1.2628584029e-01
5.5834402090e-02 1.3026653027e-01 -2.4720836301e-01 -1.0942108278e-01 1.7340151244e-01 2.5752146629e-01 1.4717717359e-02
1.7236208033e-02 4.0271957645e-02 -7.6363941434e-02 -3.5182791839e-02 -5.8584418164e-02 1.3978120129e-01 2.3406707638e-02
-6.7466774130e-02 -3.1782777641e-02 -3.4488812904e-01 -1.6992182094e-01 -2.0832516929e-01 -1.1656715605e-01 -9.0462124492e-02
-9.2536134201e-02 -5.4727704275e-02 -2.3411266531e-02 -2.8754906335e-02 -1.2327942816e-01 -1.2843838401e-01 -3.2720834710e-02
3.8212103907e-02 -3.2660750249e-02 -6.8888347576e-03 -1.7180398715e-02 6.2392342935e-02 -3.0164559492e-01 1.6701008642e-01
-5.7841659388e-02 5.7496928878e-02 3.4808137870e-01 8.5624153052e-02 3.9681897736e-02 -2.0854076611e-01 4.2989138432e-02
-7.2298718731e-03 3.6880722240e-02 -6.5344623110e-03 1.4500377880e-01 2.1819671970e-01 9.1109898774e-02 -2.7233360269e-02
3.2035680679e-02 6.3813135798e-02 2.9030777943e-01 -1.1831781444e-02 2.1284413636e-02 -4.2301375410e-01 -2.8610277923e-02
7.0046888022e-02 2.2671373407e-02 -4.5763846681e-02 2.3389921648e-01 1.3153366429e-01 -2.2455253767e-01 -3.2411760410e-02
-2.8394621258e-02 -1.2436330705e-02 -2.2059596085e-02 2.5908620514e-01 -6.1943661080e-02 -8.1706618142e-02 6.2518634169e-02
-1.5057975628e-02 1.0867198118e-01 1.0660515214e-01 2.4708009535e-02 -1.1739940765e-01 -2.1910106999e-01 6.6393207821e-03
5.0243205598e-02 -4.8467477754e-02 1.2734849601e-01 3.6124306487e-02 7.5597938926e-02 -1.1824956861e-01 1.2362273634e-01
2.0588615640e-01 -3.1396858715e-01 2.9803330975e-01 4.7052474628e-02 2.1439355420e-01 2.1338880439e-01 -4.4781375484e-02
-3.2508344964e-02 -7.3543140271e-03 1.2342237655e-01 3.0428768665e-01 1.8310771332e-01 -1.0319623612e-01 8.0007753320e-02
1.7280130099e-01 -8.3815413610e-02 -1.0191578302e-01 -1.4655910925e-01 2.0286161797e-02 -4.0094097444e-02 3.4643952242e-02
-7.6351164681e-02 7.8314532375e-02 5.1693379921e-02 6.3020839404e-02 -1.2487268528e-01 -1.4188192880e-01 -2.0516912810e-02
