2.4332478557e-02 -2.0999136818e-01 6.8965655001e-02 8.5199033036e-02 1.5619037234e-01 -1.4912223714e-01 -1.1068551201e-01 -1.3317892797e-01 9.3945331986e-02 -3.3852669223e-02 1.1407959416e-01 -5.8030635779e-03 -7.4968506371e-02 -1.2014096032e-01 -1.5223960298e-01 1.0563292264e-01 -3.0083383113e-04 1.3639522755e-01 -4.8415524742e-02 3.2183307398e-02 -8.5660033151e-02 -1.4706357119e-01 -1.2009587969e-01 -1.0729622599e-01 -1.2195161807e-01 -1.2272282491e-01 6.5344148122e-02 -7.2444262064e-02 -1.2545875409e-01 -4.2995917115e-02 -6.7579331795e-02 1.7365902521e-01 7.0642621835e-02 2.1706982818e-01 2.1631477751e-02 6.7476835180e-02 2.1360707934e-01 -1.1636454458e-01 1.0617829861e-02 -8.3312743430e-02 -1.6042514745e-01 -1.1595445829e-02 3.7483312653e-03 -1.8332798045e-01 -1.3664327030e-01 -6.5502154044e-03 -2.2550960872e-01 -2.3227565467e-02 4.8848416649e-02 -2.2500489025e-01 8.4590357795e-02 3.4824044817e-02 1.8681209879e-01 9.3450117723e-02 -1.7174097209e-01 2.4084556949e-01 -1.3009241956e-01 1.4481777344e-01 -1.9250787398e-01 5.1990006108e-02 1.6193521632e-01 1.3178670436e-01 6.5051612997e-02 8.7865089412e-02 7.0987607253e-02 6.3577082612e-02 2.5438027310e-01 -1.9964913395e-01 -1.1723645201e-01 1.3202759249e-01 2.8328595691e-01 4.0075266283e-02 1.1119180838e-02 -8.0729452674e-02 3.4693117873e-02 -9.4894593623e-02 1.4479050087e-01 2.2956951391e-01 5.5702310495e-02 -1.4360587828e-01 3.5085645867e-02 -1.2400320808e-01 9.8930605538e-02 -4.1200884946e-02 8.3708756965e-02 2.0016542256e-01 7.4969177727e-03 -2.1550923804e-03 2.1558372392e-01 -2.6577491784e-02 1.3826878525e-01 -2.0591751343e-02 2.0264164447e-02 7.5388034924e-02 -3.2776525494e-02 -3.9169220242e-02 -3.5492765718e-02 7.6477193010e-02 -1.9865789390e-01 -2.3438334224e-02 -9.7762359984e-03 4.6874265192e-02 -6.4471001484e-02 -1.7394856897e-01 6.7191851438e-02 -6.7632467009e-02 -1.5065002153e-01 2.5923159431e-01 8.7411988968e-02 5.1551239385e-03 -1.6116290177e-01 3.1793094014e-03 1.8310071656e-01 -5.5163493303e-03 -8.3795944624e-02 2.3736173983e-01 4.7485683792e-03 -3.6644615828e-03 -2.3088721452e-01 -1.3829470242e-01 9.7782670830e-02 -5.5866003146e-02 -2.3419336284e-02 -1.3477441658e-01 1.6562551516e-02 3.5255745657e-02 -1.3670006925e-01 6.9023635518e-03 -1.2798496056e-02 -1.2236470996e-01 -1.0401777568e-01 4.9816179282e-03 5.2782410870e-02 -5.1441139960e-02 1.2534479916e-01 -8.1558676431e-02 1.8372451282e-01 1.8005196491e-01 1.6430442056e-01 -6.4793455770e-02 -2.8670580287e-02 -2.4414532847e-02 1.8407283564e-01 -2.3707340200e-01 -6.6905996310e-03 1.0801099004e-02 -4.4716941045e-02 1.2949887398e-01 2.3777796163e-01 -6.7948565420e-03 -6.5968435431e-02 -1.8166575259e-01 -2.4422735400e-01 -2.5189148579e-02 3.3066383592e-02 -6.4148747251e-03 8.8182334458e-03 -6.3710153818e-02 -4.7015799519e-02 1.5895888567e-01 1.1526394543e-02 -7.2169615280e-02 2.4739851711e-01 1.7204244227e-01 1.4980141014e-01 -8.7166283451e-02 1.1672159762e-03 -3.0741885597e-02 -4.0939939278e-01 1.2856231322e-01 -3.4419968088e-02 6.7359216992e-03 -4.2520709848e-02 2.7080706620e-03 1.7078496830e-01 -4.7450256003e-02 -1.4745829176e-01 6.8576313367e-02 -1.9827126239e-01 -2.0208134956e-01 9.1834011873e-02 -8.6823669300e-02 -1.0693658458e-01 9.1814515199e-02 -2.7079318227e-01 -2.3220715063e-01 -1.5459079571e-01 9.2496845216e-02 -1.6992527572e-01 -4.8790528703e-03 -6.9886444844e-03 -3.0614743138e-02 1.8828413806e-01 1.4497494327e-01 1.5910797695e-01 3.8526765397e-02
-5.3471732017e-02 3.3577131773e-02 1.4521903518e-02 2.4580839982e-01 1.2578013306e-01 1.0243885946e-01 -1.2064974784e-02 -3.6071039712e-01 -9.6324895239e-03 3.5996338655e-02 1.7816271365e-02 -3.0682562401e-02 7.2414148023e-03 6.6212320400e-02 -1.5830925474e-01 -1.7244654722e-01 -9.4227191291e-03 1.2172704220e-01 -1.2176668247e-02 1.7325751249e-02 -2.4387001451e-01 2.0407938397e-01 -9.7655098493e-02 -2.0825036910e-01 2.2173343299e-01 9.3804309304e-02 -1.2448359144e-01 7.1763322570e-02 2.4644911188e-02 -1.6148657098e-01 2.8471636737e-02 1.8220343702e-01 -8.0487046411e-02 2.5255444270e-02 1.0111629616e-01 -2.1105011362e-01 -2.6267436049e-02 1.9462036188e-03 1.5233594762e-01 1.8558961428e-02 5.1029836382e-02 1.4248299584e-01 -9.4693483089e-02 9.3240518455e-02 -2.3088201241e-01 2.5456109706e-02 8.1927437455e-03 1.5348473249e-02 -9.9387044596e-02 -1.7048583006e-01 9.6090230308e-02 2.5399592689e-01 -2.2935837273e-02 -8.7168621470e-02 -2.9871061284e-02 -2.4266487827e-01 -1.4803252390e-01 2.4777512661e-01 -2.3544238839e-01 -1.0204235952e-02 2.9951107793e-02 -5.1587043854e-02 5.7808563127e-02 2.0783980659e-01 4.7680662022e-02 2.5350941851e-01 -1.5354497540e-01 -1.0871459447e-01 3.6263817291e-03 -1.1325217788e-02 3.5798932396e-01 -4.1529495620e-02 3.6151267997e-02 -1.0578655374e-01 -1.6372795751e-01 -2.6859432804e-01 -1.3476442583e-01 -4.6242140621e-02 -4.0055625254e-03 5.5470115968e-02 1.5070492395e-02 1.3249260153e-01 1.6033211153e-01 2.7773345887e-02 -1.3760299257e-01 -7.6012467370e-02 1.3609445098e-01 5.1967678695e-02 -1.6314925542e-01 2.1173971648e-01 2.5233471807e-01 2.4437745254e-01 -3.1012179380e-02 -1.6887513259e-01 1.4546998956e-01 3.6697888871e-02 1.4086004463e-01 6.0975954285e-02 5.0439584630e-02 -7.1817556880e-02 3.4630869089e-02 -1.1582525279e-01 -1.2381911927e-01 1.0146842450e-01 1.1543909807e-01 -8.7401862256e-02 1.8760543917e-01 -9.7561659060e-03 3.2464593428e-02 -2.7425800396e-01 2.6097955142e-01 1.4552994455e-01 7.5760905386e-02 -1.0693412640e-01 9.6129071193e-02 2.0148276824e-01 -3.3985273126e-02 9.5054106652e-02 8.9319700936e-03 -7.6832350727e-02 -1.3916500112e-02 1.2099247175e-01 2.0055896903e-01 -2.3080072446e-01 -5.4790940436e-03 9.3241077088e-02 -1.0878612390e-01 -2.8249515026e-01 1.4599324744e-01 8.0275460948e-02 -2.5125109615e-01 -3.1317548812e-02 1.3242482708e-01 -2.8247064004e-01 -4.7082161676e-02 2.4394706194e-01 -6.4259129328e-02 1.1521014382e-01 8.8517695073e-02 -2.5828598619e-01 2.7654190680e-01 6.0801277841e-02 -1.0350443264e-01 1.6415213334e-02 -5.1222644772e-02 1.6354938892e-01 -3.8900101400e-02 -4.2348628751e-02 6.6605905122e-02 7.4005661704e-03 7.3165083366e-02 2.4426455764e-01 -1.6905978480e-01 2.1894570848e-02 2.6601967121e-01 5.0906708936e-02 1.0014275585e-01 1.4721337323e-02 -2.0036599052e-01 -1.2158337795e-01 -6.7901070129e-02 2.1155277490e-01 2.0906434189e-01 1.8300893412e-01 -8.5528374173e-02 8.7203852595e-02 -2.2233209603e-01 -4.5447875993e-02 5.6730681033e-02 3.3903602713e-03 -2.1529197932e-01 4.0586787305e-02 1.5565303967e-01 -4.5388863099e-02 1.4809175719e-01 1.2320566065e-02 -2.5520491192e-01 5.6653815268e-02 2.2698814021e-01 -8.7380176929e-03 -1.2518157234e-01 8.6843122623e-02 -1.5420391127e-01 9.5691286975e-03 -2.4815068168e-01 -2.4142553929e-01 -2.0864566279e-01 -1.9116657623e-01 2.6572296062e-01 4.0293985752e-02 -3.7260141687e-02 2.1382293908e-01 8.3781704887e-02 -1.3483317693e-01 6.1269219972e-02 -3.2914482524e-01
-1.5206195255e-01 7.0029120628e-02 -1.2469772068e-01 -1.9930507630e-01 -1.4694787651e-01 -2.9920072709e-02 8.0293152151e-02 1.4964826673e-01 -7.7866452458e-02 2.6522167218e-01 4.7190119906e-02 1.2498337106e-01 -2.1333976158e-01 -6.4227772681e-02 1.9293804398e-03 -1.2091206228e-01 -4.6979425873e-02 1.3439283769e-01 7.3937499765e-02 7.4444460870e-02 1.9499221548e-01 4.0559219722e-03 9.3061205185e-04 1.2920175733e-01 4.4016902304e-01 -9.6782692321e-02 -2.2085384236e-01 -4.1963585704e-02 2.1334851355e-01 1.5290861428e-01 -7.8103053243e-02 1.1291348857e-01 -1.4063339027e-01 -5.7366456766e-02 -1.9526246330e-01 2.9113077992e-02 2.7321743328e-01 -1.1293910676e-01 1.1049627243e-01 5.8906840275e-02 -9.2242897374e-02 -2.9106985513e-02 3.0551501751e-02 1.7498563215e-01 -7.7642712008e-02 1.5535072266e-01 7.5869191976e-02 -1.4845005422e-01 -4.4249627185e-02 -2.7851202423e-01 2.5341928696e-01 -1.7231634686e-02 -1.6460834885e-01 -1.2681135600e-01 -4.4397448634e-02 -4.6422750282e-02 -1.5167006973e-01 -2.5595490982e-01 -5.7192103851e-02 -1.2829176707e-01 1.7237437480e-02 -1.9006299049e-01 5.8494518739e-02 -7.7153563410e-02 3.2677253725e-02 -4.5352436953e-03 -4.8363830712e-02 4.5205677685e-02 2.6550117291e-01 7.2064029327e-02 -3.7880467516e-02 7.9370593692e-02 -5.0110923911e-02 -1.8300114894e-01 -1.0340581945e-01 -5.1692169925e-02 -8.8003747014e-03 -8.5799074085e-02 2.2989781806e-01 7.9885355667e-02 -1.1853792351e-02 5.4713707879e-02 -8.2460449892e-02 6.5184618564e-02 1.8774348929e-02 -1.8545830290e-01 5.0578891216e-03 -7.1959273550e-02 -1.8739374475e-01 4.7981913444e-02 -2.6060171136e-01 1.2781573613e-01 7.5410059004e-02 1.8367548296e-01 -1.3297198453e-01 -9.0021921963e-02 -4.4086871581e-02 9.9282798847e-04 4.1139705029e-02 1.9888009307e-01 7.8782364822e-02 2.6914953581e-01 -1.4203257404e-01 -6.2498448171e-02 1.6980176600e-01 1.0774700137e-01 1.2395513654e-01 -2.5772700356e-01 5.3730854832e-02 -7.2479650481e-02 -1.0704055402e-01 7.4807492371e-03 -9.0199423161e-02 8.6649695953e-02 1.9906362801e-01 -5.7483513436e-02 7.5288124401e-03 -1.1757000825e-01 2.7004453038e-01 -4.0406000879e-02 -1.3398728741e-02 5.2973434395e-02 -8.8733009884e-02 -2.2396515307e-01 2.4629862626e-02 -9.5921365704e-02 -3.2737238211e-01 -5.1516151356e-02 8.5704024143e-02 -1.3360675348e-01 7.5823309660e-02 6.5483587455e-02 3.7024544272e-02 1.0390304316e-01 -1.2607293423e-01 -2.6190126570e-01 7.5482532827e-02 -1.9823852022e-01 1.4419842450e-01 1.4886828010e-01 9.1931352474e-02 1.4260436173e-01 -8.6766610514e-03 5.6646935249e-02 -1.1540332845e-01 -2.0635822839e-01 -9.9492379565e-03 3.4931122469e-01 1.2251260855e-02 -2.6848774449e-02 -3.7766783641e-02 -3.0986235787e-03 -2.2091061757e-01 -2.3383190114e-01 -1.4657323450e-01 -2.5043827406e-01 -1.1646899617e-01 -1.1222790942e-01 1.0091468894e-01 -1.7667382663e-01 -9.2899746340e-02 2.9818535350e-01 1.4956382147e-01 1.1452211018e-01 1.7601072665e-01 7.0141568784e-02 -1.5728910243e-02 1.4325428707e-02 4.9578543594e-02 -5.8794629650e-02 9.0083951620e-02 -3.1110432481e-02 -9.9892401239e-02 -2.9125061021e-02 2.2426201864e-02 1.6907031070e-01 -1.0248505824e-01 -7.3887930675e-02 -1.2455176249e-01 1.6708555783e-01 -8.3622822975e-02 1.6723494926e-01 6.2238155594e-02 3.6338615416e-02 2.3435468627e-01 3.0754016799e-02 -2.2285295820e-02 -3.0405788614e-01 1.7410841481e-01 4.0344112058e-02 -4.3812833586e-02 4.0305059189e-01 -5.3895979761e-02 8.2221560844e-03 -1.3590777443e-01 2.0830598755e-01
-7.0488903957e-02 2.1137479571e-01 -7.7571065460e-02 -8.6804646551e-02 -3.2601754266e-01 -9.0652086077e-02 9.0337202668e-02 -1.7289142923e-01 -1.0473573222e-01 7.3421287728e-02 7.4485676271e-02 -3.0629918350e-02 2.6613406580e-01 -5.4887095497e-02 4.3071585763e-02 4.8041736837e-02 2.2599881878e-01 -6.3366828937e-02 -2.5103585174e-01 2.1705119793e-01 1.2391987474e-01 1.4248689158e-01 8.5941787664e-02 1.6381623828e-02 1.2218417204e-01 -1.8511900021e-01 3.7025225967e-02 -1.6184663365e-02 -1.9972049634e-01 2.4023705544e-01 -2.8946361133e-02 1.0421819170e-02 -1.3963152648e-01 -2.9821109161e-02 -1.2488027023e-01 1.7702759073e-01 -7.3310764304e-02 -1.5430758823e-01 -7.1418375004e-02 1.4652114840e-03 1.7874136156e-01 -3.1906443199e-02 -1.1149166675e-01 -1.2263930579e-01 2.9590988030e-02 1.5441714884e-01 -3.6281787919e-01 1.1803314071e-01 8.9529814014e-02 1.8145066401e-01 2.8577325409e-01 -1.0967327088e-01 2.6185480567e-01 -8.0438430859e-03 1.4019718178e-01 -4.1671731718e-02 1.2440039190e-01 1.9543260072e-01 2.4699592985e-01 3.2750225669e-01 -2.1953797216e-01 -1.3779646711e-01 8.1342961214e-02 5.8463159839e-02 6.4442873376e-02 -1.2815301419e-01 4.4774212738e-02 1.4141719598e-01 -9.9179821732e-02 2.5963127434e-02 6.4753712774e-02 9.3447766507e-02 -1.1368317531e-01 -3.4957958662e-01 -1.2033835904e-01 -1.8380213214e-01 -5.7586527751e-02 2.1279332166e-01 7.3683913343e-02 -5.7400995461e-02 -7.4831670335e-02 3.9843387086e-01 1.7165893983e-01 -7.7170486215e-02 8.3950871796e-02 -6.3871413380e-02 7.6215659391e-02 -3.3629035026e-02 -1.2067898587e-01 2.2760088980e-02 4.5428180318e-02 1.4660836059e-01 1.5629895800e-01 -3.5217007813e-02 -9.9122744862e-02 5.2555459656e-01 6.9022060314e-02 -6.9365457220e-02 -2.0332361099e-02 -7.6676229710e-04 2.1236851384e-01 -5.0338486544e-02 1.1361113943e-01 -2.9733335353e-01 1.4491987652e-01 -2.2145968072e-01 -3.3150675054e-01 -2.8455395449e-03 -1.0207570431e-01 2.7320642340e-02 7.5761506536e-02 1.8764889104e-01 -1.5874952206e-01 1.2163956048e-01 -4.0393902089e-02 1.9490357541e-02 -1.2029714859e-02 -3.4242165680e-02 -3.2925709189e-02 -2.0167061219e-01 -7.1579935474e-02 7.5739957125e-02 4.0031687015e-02 -3.4537490927e-02 -1.4521181876e-02 -2.1404459994e-02 -1.3122041543e-01 -8.5252981878e-02 9.7318067780e-02 1.9338653215e-01 2.2096480663e-01 4.5559793521e-02 2.9997783582e-02 -1.8251693484e-01 -2.9216260710e-02 -2.0367487566e-02 -2.2099818693e-01 1.0183596146e-01 4.4529865233e-02 1.8091568032e-02 7.7643598868e-02 -1.1616117854e-01 -7.5984848604e-02 1.1914972084e-01 5.0592738554e-02 -1.7745561185e-01 -4.4769098993e-02 5.5324514670e-02 1.9667530441e-01 8.3117794464e-02 6.8538598673e-02 2.0741252104e-01 2.6179837266e-02 -1.1395558982e-01 1.0852437508e-01 -1.2657157546e-01 1.9545777466e-02 1.7956855415e-01 2.6063282663e-01 6.5854902274e-02 -2.5539979045e-02 -1.3719334147e-01 -7.2750070888e-03 2.7626393822e-01 1.2358787446e-01 -3.0674384945e-02 3.9410501532e-02 1.7112217214e-01 -1.1871948119e-01 1.7323475875e-02 8.1591846964e-02 -2.5826478388e-01 9.4641760343e-02 1.5667590811e-01 -1.1695729340e-01 -1.4547662214e-01 4.5514358441e-01 -1.5283494659e-01 1.1587702028e-01 1.4603703926e-01 5.5859226103e-02 1.2266914518e-01 -3.0783664692e-02 7.0014448740e-02 -1.5390286786e-01 -8.2318470217e-03 2.7480703872e-01 5.2404087935e-02 3.9450796301e-02 -1.6761343708e-02 1.9256467510e-01 -2.6638786328e-01 -5.1446331274e-02 -7.1125405007e-02 7.0356918059e-02 1.7197169434e-03
1.9613513888e-01 -1.4168232455e-01 1.4161808539e-01 5.1642626606e-02 8.2701957973e-02 -3.3006041719e-02 -2.0269849639e-02 1.3856404689e-01 2.2126150367e-01 8.4340622625e-03 -6.9074865244e-02 -2.3366417837e-03 3.8270480501e-02 -3.0243812848e-02 -5.8943708425e-02 -4.1620561084e-02 9.9912831286e-02 6.6810737467e-02 1.2102272250e-01 -1.2265784058e-01 -5.3478586771e-02 -1.2104965803e-01 1.7507749005e-01 -1.2195785969e-01 -1.0078350768e-01 4.6154366319e-02 -2.0571145114e-01 3.7599074275e-02 -2.5081884884e-03 -1.7265243704e-01 1.4263719310e-02 -2.0943059941e-01 1.1728555692e-01 4.8065698551e-02 9.2834668204e-02 -9.3531145151e-02 1.0845272071e-01 -2.0830716940e-02 -1.2443965509e-01 1.3422924765e-02 4.4263585875e-01 1.9408085385e-02 -7.6948859401e-02 3.4979132095e-01 4.2083499323e-04 -7.6092595239e-04 -8.1335215780e-02 -2.6738358011e-02 -4.7321416870e-03 2.5121163850e-02 -2.4582243988e-01 1.7322616202e-01 4.0515383493e-02 2.6371520165e-01 -1.1817533676e-01 -1.1868574299e-01 -1.5658834095e-01 -1.7004544535e-02 6.6265283989e-03 -1.8652057342e-01 -5.0072450522e-02 -2.2067493580e-01 9.5790457560e-02 1.7985451855e-01 2.7239625223e-01 -2.7338478206e-01 3.8652976958e-02 1.2301954389e-01 -8.5547543969e-02 -1.1599602878e-01 5.4153685673e-02 -1.6733687704e-01 1.0328414872e-01 3.3485343193e-03 -2.7016326820e-01 1.7668257250e-01 3.1261794491e-01 -1.0840068204e-01 -1.2029960222e-01 3.8733223817e-01 -4.5287045301e-02 1.4668773858e-01 6.8189029306e-02 1.3900218277e-02 9.8211711498e-02 1.6888483353e-03 -2.2791224381e-02 2.1559245989e-02 -8.8477899519e-02 8.2247077368e-02 3.8351902474e-02 8.2522100804e-02 -1.1206242807e-01 -1.0082548942e-02 -7.8064894490e-02 1.3169462875e-01 7.6492375542e-02 1.4017218624e-02 -7.5721299254e-02 1.4290680929e-01 1.1615133352e-01 5.8937512919e-03 -3.2395016464e-02 1.7686236714e-01 -1.1576719198e-01 -7.6808188721e-02 -6.2513659510e-02 1.3964090810e-01 1.2292929756e-01 -3.1095648559e-01 -1.7164646891e-02 9.2788688645e-02 2.5424861124e-02 8.3853678959e-03 -2.9783803673e-01 2.0229072962e-01 -7.3239227596e-02 7.5783051195e-02 -5.8066895656e-02 -9.2590366943e-02 3.5001299499e-02 -1.6859593199e-01 -1.0122909519e-01 -1.5920285708e-01 -2.5706404292e-01 2.4087544386e-01 1.2989988805e-02 3.5388158021e-02 -4.3003276611e-02 2.2847242978e-01 4.3705556898e-02 -1.1435890101e-01 -1.5310105327e-01 7.0161475141e-02 1.4679023759e-02 1.4107441411e-01 1.9633651260e-01 5.6134057960e-02 -1.9533026727e-01 5.8493924407e-02 -1.1384073187e-01 -1.3518080475e-01 7.3755796419e-02 7.5876195840e-02 1.4616586576e-01 -2.0291221460e-01 1.4488259824e-01 2.7274167881e-02 4.5143295671e-02 2.7734244959e-01 2.3770045363e-01 1.4545988269e-01 -4.8026051495e-02 -1.0014431611e-03 1.0174663387e-01 1.1476350444e-01 4.5013537457e-02 -6.9624535055e-02 -1.8255625070e-01 -5.2427068987e-02 2.3538114153e-01 -9.0406866280e-02 -3.0314031217e-01 1.2271578955e-01 2.1753511863e-01 1.5169793883e-01 2.2522866493e-02 1.9696948691e-01 -1.5647664619e-02 2.2268590054e-01 -9.2528390178e-02 1.0216609620e-01 1.3801611964e-01 -6.1237410325e-03 1.7319654356e-01 3.7966941220e-02 9.9844483222e-02 -4.7294431044e-02 1.7388881986e-01 2.1754034441e-02 2.3875166834e-01 1.3514646868e-01 5.9490061639e-02 4.9861078038e-02 -3.0389736924e-01 1.0328017128e-01 -6.0671586739e-02 2.3744821308e-01 1.0790647603e-01 -1.9261060517e-02 -3.2688745756e-01 4.2446177295e-02 7.8444854261e-02 2.4834411224e-01 -2.1998287929e-01 -8.2496943377e-02
-2.1049540923e-02 -8.4080346942e-02 1.6605801877e-01 1.6243946139e-01 2.1722559224e-01 -1.9307585597e-01 -8.8656864491e-02 3.3832678867e-01 -3.7630407898e-02 7.3565889428e-02 8.8810142780e-03 -2.3090329237e-02 -1.0726506418e-01 9.1744706167e-02 -1.3202416101e-01 1.3611145634e-01 1.4070142592e-01 -1.9242126109e-01 -3.0426514122e-02 1.9152380496e-01 2.1825646412e-01 -1.1845311495e-01 2.2803039359e-01 7.4227473752e-02 1.9128092209e-01 -1.8334422675e-02 2.0744264803e-01 -1.8307867585e-03 -6.0650053499e-02 1.9436938015e-02 -8.9515609146e-03 -1.5924501820e-01 3.8549421979e-03 -2.5461581418e-01 1.3345356637e-03 -2.5693432622e-01 2.5024976615e-02 -5.0459419019e-02 2.2165256049e-01 -1.6462860476e-01 -2.5928494200e-01 -4.1029147249e-02 1.8994314129e-01 -2.5733620821e-01 2.3064723806e-01 1.4598680572e-01 4.8786198787e-02 -8.0843271336e-02 -1.7286142167e-01 -8.2354964071e-02 -1.6155092928e-01 8.5748517764e-02 3.1531109365e-02 4.2166223281e-02 2.4370736591e-02 -2.4874819678e-01 -8.0360658098e-02 -1.4105074043e-02 7.3790582752e-02 -9.9369464091e-02 5.5096403327e-02 1.0748084757e-01 -2.0328508344e-01 -2.7061318943e-01 -2.1179111026e-02 8.5697514702e-02 -2.3619651026e-01 -7.2761945725e-02 -4.2366831606e-02 1.0874018433e-01 6.2020348477e-02 5.8502611449e-02 -1.3674873523e-01 -5.2652585242e-02 1.2284402330e-01 -4.9870224570e-02 -1.9111905608e-01 1.4536150009e-01 9.9621862779e-03 -1.3382868897e-02 8.0679428858e-02 4.1724045834e-03 -1.4104623717e-01 1.4527029417e-01 1.1808070416e-01 -4.7559430671e-02 3.2116451446e-01 -7.9981793302e-02 -1.5957539891e-01 1.1285435961e-01 1.1732459091e-02 1.4971660113e-01 -9.3973002315e-02 1.5008441284e-01 -1.6445278266e-03 3.7726623331e-02 2.9044081980e-03 1.0008528454e-01 -1.6274151587e-03 -1.0711827723e-01 -1.2532846868e-01 -3.4215521004e-01 1.9183381909e-02 7.0417649308e-02 6.5644051951e-02 1.5761595864e-01 3.6077288426e-01 2.8924283998e-03 -6.6164435800e-02 2.4840065220e-01 2.6086953932e-01 -1.4349067117e-01 -3.6582701855e-02 1.9704416573e-01 3.1734508687e-01 2.4286912272e-02 -2.0429648327e-04 8.2248899769e-03 -6.3771611262e-02 -3.7595256515e-01 -1.4053065395e-01 -3.6390938401e-01 6.6866047241e-02 2.1902613663e-01 -3.9624592733e-02 9.3977765726e-02 -5.5183775384e-02 -1.2008182732e-01 -2.2657614293e-01 2.4783862677e-01 -1.0004474016e-01 1.3308777136e-01 -2.0338043383e-01 -4.6907553144e-02 -2.0537231210e-01 -9.9706350491e-02 1.6842035274e-01 -2.4492583624e-01 2.0361576414e-01 7.7276244186e-02 -1.5010760338e-01 -2.2188345818e-01 -9.0411641510e-02 -2.8295465580e-01 -2.4726411719e-01 -1.0492726697e-02 -1.0893226973e-02 2.1797337967e-01 2.1597555351e-01 -1.3121420936e-01 -5.1763378848e-02 1.8906879119e-02 -8.8180384029e-02 7.2709452245e-03 -3.4413187776e-02 5.5960277252e-02 -1.4150822639e-01 1.5213598872e-01 -6.8719242490e-02 -2.9155460910e-01 8.9461524485e-02 2.2827306930e-01 -2.9199623483e-01 8.1720241535e-02 -3.7770627356e-01 -2.6013185532e-03 -1.2955835279e-01 -6.2208749546e-02 4.0581653195e-02 -1.1617369117e-01 -4.8512133418e-02 2.5131334139e-01 1.8187830910e-01 6.1920907280e-02 9.2256152609e-02 -2.0519652682e-01 -2.6039345367e-01 -3.3440916462e-01 -7.3023443119e-02 -9.5848437738e-02 -3.0927396363e-01 -1.8041014238e-01 -3.8627458713e-03 -1.5551264104e-01 9.3702845905e-02 3.5436472394e-02 -1.7130694693e-02 -1.9767548409e-01 2.0710069655e-01 -4.3755361543e-02 7.1940000714e-02 -5.8924419149e-02 -1.2972855862e-01 1.3717287264e-01 -1.8137615327e-01 -1.8090921050e-02
-6.6844955821e-02 -8.5714248927e-02 -4.2350706773e-02 1.8773144595e-01 1.4187025353e-01 -2.2494515246e-01 1.1585024558e-01 -5.1527404956e-02 -1.1229776410e-01 -1.6633230935e-01 -2.5834145477e-03 -8.7830916776e-02 1.3530079556e-02 -4.5772574226e-02 2.0073752537e-02 -6.1875063453e-02 6.0319176832e-03 4.5662565646e-02 -1.9784086242e-03 -1.0107018660e-01 7.5370697039e-03 -1.4253973617e-01 1.0673627423e-01 1.2014945147e-02 4.9317259530e-02 -1.3805079415e-01 3.6241094053e-03 -7.8397000181e-02 6.7176620840e-02 4.5711951457e-03 1.0574275881e-01 1.2640269163e-02 6.8016607868e-02 -2.0393900841e-01 -2.7382611635e-01 1.5885376890e-01 -1.7148085506e-01 -1.4214954005e-01 2.3447736958e-01 -2.5894102243e-01 7.8398966915e-02 -2.1518974043e-01 -5.1340725606e-02 2.0639834644e-01 -2.0433078850e-01 1.0061651921e-01 -1.6689401482e-01 1.1013739684e-01 -1.5826024371e-01 3.0273961007e-01 1.2144598751e-01 -2.4715273046e-01 6.8353420204e-02 -5.7953231942e-03 -3.3936750553e-03 -9.6418701938e-02 -1.8572353435e-01 -2.8708852972e-01 9.5786165894e-02 6.5615876969e-02 -1.2835368354e-01 1.6573979682e-01 -2.3951111113e-01 9.3112968697e-02 -5.8487339743e-02 -2.4680363819e-02 -1.2237517011e-01 1.7748643693e-01 -3.2131607865e-01 -1.7046648266e-01 1.5524068838e-02 -2.2638509130e-02 -1.0866254254e-01 3.4383552535e-02 1.6053414194e-01 1.0996323516e-01 -2.8577063698e-02 -6.0387916601e-02 -6.6276056919e-02 1.3544069553e-01 7.5454560152e-02 9.1619791282e-02 6.0726226336e-02 1.3328467309e-02 1.8516569369e-02 -1.9502990965e-01 1.3847088358e-01 7.4390662123e-02 -6.0534758486e-03 -8.7191777446e-02 -9.1096516333e-02 5.6358265519e-02 -2.9114979326e-02 3.2496652879e-02 7.6234779316e-02 -1.3120844978e-01 -1.9455103360e-01 1.5428574368e-01 -1.1369656646e-01 -7.3908971874e-02 1.3905719376e-01 2.8799518010e-01 5.1714657994e-02 -2.0957271820e-01 -9.5177827651e-02 1.1896852145e-01 -4.6315634256e-02 -1.0524688073e-02 4.4065420608e-02 -5.3731097656e-02 -1.6004628685e-01 2.3077921771e-01 1.2059339125e-01 -3.5628551928e-01 6.0295972028e-02 1.0404657619e-01 1.5154706828e-02 -1.7831987743e-01 7.3742777212e-02 -1.6755469283e-01 2.2235465110e-01 4.1491811533e-02 1.0665591766e-01 -1.4849796624e-01 -5.0331547226e-02 2.4897030919e-01 -7.1877181560e-02 -4.8113939809e-03 4.3085048615e-02 -1.2804189149e-01 -7.0780844253e-02 -4.2254873957e-02 1.1494099075e-01 1.0597740867e-01 -1.6701724458e-01 -5.3432733281e-02 -1.4854260951e-02 -1.6641823132e-01 1.8475578524e-01 -2.0963017393e-01 9.9674291422e-02 -1.3119162023e-02 -5.3419499036e-02 5.7387466709e-03 -1.3231512799e-04 1.0090351427e-01 -6.0773317576e-03 -1.6634129684e-01 -8.0223125082e-02 -5.2466947326e-02 3.3170685857e-02 1.7761595132e-01 -2.0286127623e-01 1.9542774334e-01 -1.8117804127e-01 6.7023267071e-02 4.0988839712e-02 -1.1248009536e-01 -1.3130169250e-01 -1.6930764064e-01 -5.3523900406e-03 -8.6974327322e-02 -4.8383176711e-02 9.6640982873e-02 -2.9938943247e-01 -2.1093500143e-01 -1.2762297648e-02 -2.6113459687e-01 -9.7531325091e-02 -1.5026255620e-01 -2.0478765340e-02 6.0980015119e-02 -8.8798444307e-02 -2.1761094020e-02 1.9567038346e-01 2.0790057286e-02 2.5965193554e-01 -4.1020449026e-02 1.9121753211e-01 9.1212854033e-02 -4.7990960523e-02 -2.4759941541e-01 4.6254992399e-02 2.0226637426e-03 -1.8696739643e-01 1.2621194188e-01 1.0648320984e-01 1.0950719604e-01 7.4686250502e-02 -1.3782522475e-02 -5.0272111730e-02 1.8344513625e-01 -1.4420204840e-02 7.4952293722e-02 -5.1258473657e-02 -2.4910525080e-01
5.5095850800e-03 -2.2588800504e-01 -1.3824021547e-01 -2.2187372627e-01 3.1178029974e-02 5.3361312422e-02 -1.0772547548e-02 1.5656450660e-01 1.5318849877e-02 -1.7116277036e-01 1.3040709074e-01 9.9076562522e-05 -1.8260099738e-01 5.7252245660e-02 -5.7557199208e-02 4.7328419111e-02 7.7753906091e-02 -5.7084278866e-02 4.9162090527e-02 4.3673289518e-03 1.9611802703e-01 -1.2420231366e-01 -6.1148166014e-02 -3.2113091147e-02 6.5174708288e-02 -5.5852480185e-02 -1.5389293629e-01 8.1387560852e-02 2.4062830971e-02 -5.6961318787e-02 -2.1387678334e-01 -9.6824406700e-02 3.3465587121e-01 6.4414709574e-02 1.8277673421e-02 2.9500728964e-02 -1.3096995487e-01 1.2118053088e-02 -7.8129761516e-02 -8.5841731995e-02 3.0925673289e-03 4.0599654380e-02 3.6465673458e-05 2.9675451649e-02 -9.0875383525e-02 5.6243551097e-02 -5.1996137713e-02 -1.4862807660e-01 -1.8471202910e-01 -1.6096333143e-01 -7.1938405843e-02 -1.7228285279e-01 -1.8049965263e-01 -1.7703719911e-01 -7.8872026232e-02 -7.5320624042e-02 -9.0449223254e-02 2.3235839009e-01 1.9084517865e-01 -6.1336562023e-02 1.0233289497e-01 1.1307239455e-03 -2.3493411721e-02 1.6800300539e-01 3.2061221255e-01 2.1304348981e-01 6.1251705483e-03 -1.4865774233e-01 -9.2250179173e-02 -1.1663526876e-01 -9.6869666820e-02 -3.2858661082e-01 1.3920858721e-01 7.6270547836e-02 9.7615948953e-02 -5.4220940617e-02 1.6962608092e-01 5.2286326362e-03 3.2947187688e-01 3.2044554819e-02 -9.5813490518e-02 -3.2761289983e-01 1.1714019550e-01 -7.6817834709e-02 -7.8913144105e-02 1.5556606136e-01 1.9843011970e-01 3.3166981992e-02 1.7553203002e-02 1.1255016771e-01 5.1730552139e-02 -8.1018979294e-02 9.8031201136e-02 -1.2316341095e-01 -1.2190611963e-01 -1.1124470399e-01 -3.5689137997e-02 6.3796282256e-02 -5.2333981999e-02 -5.1420059145e-02 8.4942706222e-03 4.3325410342e-02 1.1105833483e-01 -3.0522957753e-01 3.9925894645e-01 -2.4939660855e-03 4.0715628703e-02 -1.8413896886e-02 2.9418067963e-02 -2.5167670249e-01 4.8777971715e-01 -2.7664998345e-01 1.6225618318e-01 1.5492323162e-02 -9.8969332490e-02 -4.0483595066e-01 7.5300594501e-02 1.1593932077e-01 -1.1471576217e-01 -9.1991724987e-02 4.2010817807e-02 1.6700987384e-01 -3.8515687739e-02 1.1502496406e-01 5.9383560952e-02 4.8806416992e-01 -3.0049510433e-01 -8.1538631805e-02 -2.7854072929e-01 1.6693604379e-01 -4.4043408994e-02 2.2525988232e-01 1.2614116889e-01 -1.2385810463e-01 -1.5042847529e-01 1.5310200303e-01 -3.5961501308e-01 -1.6236870259e-03 -7.2974717559e-02 2.5495936307e-01 3.0814717637e-02 -1.1940169759e-01 8.9718686962e-03 2.3699599712e-02 -3.7206199651e-01 -1.2550616605e-01 1.5394588068e-01 1.7564171141e-02 -1.1355526305e-01 -5.6268873444e-02 -2.6662538340e-01 -8.2053132195e-02 1.2788444718e-01 1.2467903925e-01 6.6288201553e-03 -1.1822495056e-01 -1.1131033696e-01 1.9715105013e-01 -2.6138105661e-01 -8.4646259070e-02 -7.7518459438e-02 -2.3562313479e-01 1.7246797073e-01 -2.6138400502e-01 5.7644115126e-03 -1.6066065666e-01 -8.2929953395e-02 1.2051887661e-01 2.3606635033e-01 -8.0475046553e-02 -1.3567194280e-01 1.2576827001e-01 -1.8476120788e-01 -4.0255221384e-02 -3.5467765799e-02 1.3390523315e-02 9.1010246116e-02 6.1441156073e-02 1.0307293836e-01 3.1568835711e-01 -1.8082712436e-01 -1.2144598222e-01 1.0400645213e-01 1.3046805676e-01 -7.4609513223e-02 6.0121911643e-02 -1.2329965442e-01 1.6770074535e-01 1.9731165301e-01 1.0704430916e-01 4.4772095181e-02 5.0680154999e-02 3.6433267782e-01 -1.7382692172e-01 3.3553954267e-02 2.9393716520e-02
1.8624239879e-02 3.3548883680e-02 1.2489672129e-01 -2.1856918983e-01 -6.7595777253e-02 8.9907609242e-02 1.0258954134e-01 2.9250479622e-02 -2.0683067759e-01 3.0414324634e-02 1.0894405233e-01 3.9865935749e-03 -1.1963979764e-01 -2.4544170001e-01 -1.4380402589e-01 5.2921531622e-02 -9.1618654225e-02 7.7189915718e-02 -1.9931818234e-01 4.8577074140e-01 2.3307888348e-01 -1.5426847653e-01 -1.7314680554e-01 -1.4119347692e-01 2.0542393627e-01 7.5692054978e-02 1.5399891159e-02 -5.9628049565e-02 4.3207859165e-02 4.5296164548e-02 -1.0452588291e-02 1.9208517463e-01 -1.3254803863e-01 4.1181394520e-02 -2.4627272854e-02 8.5743996562e-02 1.4977805790e-01 9.8174357180e-02 -9.2865206060e-02 9.0988390743e-03 -8.3717543067e-02 6.8106284182e-02 -2.2498916006e-01 -9.3091309004e-02 -2.8394023443e-02 -8.0315505667e-02 -3.8757300101e-01 3.9868051232e-01 1.4583224182e-01 -1.1566317946e-01 1.1402926035e-01 -1.6177072540e-01 -3.3957080915e-02 9.5570247007e-02 9.6685559702e-02 -7.4826553226e-02 1.8615523155e-01 4.9547838944e-02 -5.2817887101e-03 5.4440219565e-02 2.9532584063e-01 4.2414479800e-02 -3.9224944403e-03 2.1822590427e-01 2.3401558228e-01 3.0083646829e-02 6.4225777250e-02 -2.4030785850e-01 1.3525473059e-01 2.8941339643e-01 7.3734537280e-02 1.6216238638e-01 -4.7886812672e-02 -3.1157892822e-01 -1.9187510628e-01 -8.3206155259e-02 -1.2023488284e-02 2.4696191224e-01 -7.2543491215e-04 1.0254504899e-01 -1.6500186310e-01 1.2253724831e-01 8.6522441664e-02 -6.5196386755e-02 2.7192409077e-01 -7.3078261631e-02 -2.0192025911e-01 -2.2052864390e-01 4.2527048543e-02 -1.9211094994e-01 -6.6990618629e-02 1.1799930199e-01 8.3997744511e-02 3.0539743703e-02 -9.0227783638e-02 2.3818980080e-02 -2.0278087264e-01 6.3852656787e-02 -5.3652247694e-02 -1.6865368829e-01 2.0576501355e-01 1.4723780975e-01 1.7948664245e-02 -2.0368521741e-01 6.7816368768e-03 -1.4251352956e-01 -2.1583556192e-02 -3.6194918931e-01 2.0996560137e-01 1.2995660463e-01 -1.4752925614e-01 -6.1283608689e-02 1.6561973353e-01 1.7605539589e-02 8.5206539847e-02 -5.1215617144e-02 3.7943633945e-02 2.4953996326e-02 6.7399551732e-02 -4.5591376995e-02 -6.0943396892e-02 -5.1367127380e-03 5.7884981971e-02 1.2457143773e-01 -1.0298231446e-01 -6.7535316866e-02 8.0018043852e-03 1.4779709812e-01 1.3290735692e-01 -3.4382960038e-02 -1.1146654546e-01 2.8844372597e-02 8.2904544295e-02 9.2778918523e-02 6.8818238031e-02 -1.4230936033e-01 1.8183156257e-01 -1.8263658946e-02 2.6568806595e-01 1.1700310833e-02 2.9136812739e-02 -3.1946097367e-02 -1.0605080751e-01 -2.2197322299e-01 8.9041694227e-02 1.4069621761e-01 1.2754262594e-02 -1.0993530604e-01 -6.8340176829e-02 2.3811772367e-02 1.0273960560e-01 1.3052403131e-01 6.1909652092e-02 -1.4575228468e-02 -1.2649154850e-01 -2.1055217352e-01 -4.6666164731e-02 8.0789696457e-02 -9.2016423371e-02 1.6956715877e-01 5.8868724983e-02 -3.9780010535e-02 1.7847610850e-01 2.5092048088e-02 1.1339148330e-03 -2.7184901669e-02 -3.4617312937e-02 3.7920540694e-02 -1.2005710343e-01 1.9450455396e-02 -1.1949661877e-01 4.5518319931e-02 9.6817070595e-03 1.2403883492e-01 4.0112442456e-02 5.3351609391e-01 -1.1481783449e-01 -1.0359346125e-01 -4.5881748712e-02 -2.7238659336e-03 -9.9553524053e-02 -1.4369864486e-01 -1.0254426251e-01 3.8350856161e-02 -8.7615236172e-02 -4.0990973387e-02 6.1673707207e-02 -1.1143731529e-01 9.2466574303e-02 6.6441084962e-02 2.5130552208e-01 5.8743473546e-02 2.4779970123e-03 -4.1421624139e-02 8.7631621085e-02 -2.3056867977e-02
-2.4283369466e-01 4.3686872856e-02 -8.2208481390e-02 2.0074297739e-02 -1.7451654219e-01 1.6877993630e-01 2.9241199972e-01 -8.1134851871e-02 -1.7187742028e-01 1.4799723908e-01 -5.6489055467e-02 -2.2474372326e-01 2.2300975648e-01 -1.7934155972e-01 -2.8864343889e-03 1.4730094567e-01 3.9359902363e-01 1.7432111308e-01 1.1978585479e-01 7.1509240661e-02 -1.3256281396e-01 -6.6047011565e-02 5.6219210425e-02 3.4151395429e-01 2.3338481778e-01 1.6887005057e-01 -9.3795611715e-02 -5.2563907040e-03 1.4208779676e-01 7.6986470988e-02 6.7878862475e-02 2.4041589383e-02 6.2367643852e-02 2.5668174555e-01 -1.5024097718e-01 2.6515925209e-01 -2.0491632441e-01 -2.7269075872e-01 -8.1982150411e-02 -1.6903394121e-01 -8.2110614500e-02 1.6588744868e-01 -1.3615079815e-02 -1.9761201763e-01 -3.2715248304e-01 -4.0905398464e-02 2.0113319456e-01 -1.0501738806e-01 -1.1776640280e-01 3.9859852526e-02 1.5868382497e-01 3.2486051149e-02 8.8510252951e-02 -2.0591439528e-01 -1.2142816017e-01 -1.5459320442e-01 -1.3362018547e-01 -5.5556315094e-01 1.9156097605e-01 -2.0102345578e-01 3.6573550665e-01 1.7017203751e-01 -3.7256906454e-02 1.9908564647e-01 -1.0175768902e-01 6.4124356480e-02 8.4261862202e-02 1.4127371987e-01 7.1219689907e-02 6.6114488894e-02 -2.6201309686e-01 -2.4927330728e-02 -6.2700455567e-02 -5.3724595955e-01 1.4068859042e-02 2.4890377398e-01 -3.0130359962e-01 -4.2763537232e-02 -2.5532150909e-01 -1.8423583916e-02 -2.3062763725e-01 -1.2877384984e-01 2.4431129569e-01 -2.4988627056e-01 -2.9604886568e-01 4.3253789022e-02 1.6803235053e-02 4.4875675371e-02 -2.5288666736e-01 1.5621351308e-01 -6.9177824219e-02 -2.1908215849e-01 1.2480907625e-01 2.1930594446e-01 1.3514260867e-01 -5.1357857611e-02 -1.0008583741e-01 1.5540880204e-01 -1.7029191482e-01 1.0848280000e-01 6.4336184604e-02 -8.5849283639e-03 2.3936547088e-01 -1.5997868751e-01 5.9982152413e-02 -1.4053510908e-01 1.7192606380e-02 -6.6759735577e-02 -2.3650667995e-01 2.1515333187e-02 1.2525057222e-02 -1.4849528682e-01 1.2708627794e-01 -1.9484556480e-01 1.4402678253e-01 -1.3446327996e-01 -2.5201411826e-01 -3.0650295952e-01 9.4236288040e-02 -1.9955359288e-01 2.7036240258e-01 -2.2564837252e-02 3.0940135817e-02 1.3387062986e-01 1.0911022393e-01 -1.7200965646e-01 7.6535457958e-02 3.1566243136e-01 1.0692795992e-01 -1.2747790827e-01 1.4137054354e-01 9.3093749650e-03 -3.8458239059e-02 1.0324163538e-01 5.8020178965e-02 6.2189790816e-02 -1.8767077041e-03 1.8292249668e-01 -1.1234571416e-01 9.0847480749e-02 -2.0917092778e-01 -5.2183094322e-02 1.2704393321e-01 7.7773584585e-02 -1.3803374560e-01 -1.4124373291e-01 1.8145842342e-02 1.8365382749e-02 1.5198892100e-01 -9.8655614040e-02 -1.5767337120e-01 -2.1683244999e-01 -1.0251138755e-01 -1.7716999358e-01 2.6107755079e-01 1.2653709904e-01 2.9157401400e-01 1.0433021108e-01 -6.1737294547e-02 -1.6341188915e-01 1.3087176216e-01 1.0759994665e-01 -5.5555893247e-02 2.8445514308e-01 -1.7350254109e-01 -2.4995108594e-01 -1.2977966065e-01 3.2376656905e-02 -1.3701140645e-01 -1.7718244042e-01 6.3949185600e-02 -1.2471670892e-01 1.8451280026e-01 2.7510185644e-01 -1.3930155222e-01 1.5516280745e-01 4.1881302473e-01 -7.8856865471e-02 -3.2291983011e-01 -1.4818497567e-01 -2.0975199055e-01 -1.8276190454e-02 4.2435788842e-02 6.6096667328e-02 -5.0913377586e-02 1.4973612722e-02 1.3138808777e-01 -1.0905542449e-02 -8.7851569983e-02 -4.9783348570e-03 -1.2624428542e-01 -9.8148032630e-02 -2.6041709166e-01 -2.5469528744e-01 -3.1189975454e-01 -3.3342404212e-01
-4.3574795444e-02 -2.9972541357e-03 1.2987152013e-02 2.7154832202e-01 -9.4460103280e-02 1.5330128180e-02 -1.3909893286e-01 -1.5207843242e-01 1.1158007007e-01 -6.5022521033e-02 -1.7346021054e-02 -4.7282683952e-02 4.9021207868e-02 -1.0100222619e-01 3.9991344345e-02 -3.1738333318e-01 1.8534813792e-01 -1.2618812002e-01 3.0687708420e-01 -2.1709697538e-03 3.2086621718e-01 -1.0453985526e-01 2.1060752632e-01 1.7081858846e-01 -1.0092178253e-01 7.1657550142e-02 2.5852928574e-02 -9.8014659427e-02 2.1507445181e-01 2.7756541098e-02 1.7973815385e-01 2.2129678848e-01 -7.9257058328e-02 4.5855169236e-01 -8.6423067403e-02 5.3325361476e-02 -1.3751355399e-01 1.6961369914e-01 2.9342126211e-02 -4.8993360235e-02 -4.1705034810e-01 1.3139722339e-02 -1.3847813681e-01 -1.5848463252e-01 -8.9299949177e-02 1.8501576863e-01 9.4228962736e-03 9.1483083221e-02 1.2340849104e-01 1.3951074969e-01 -2.6366319761e-01 1.0136590145e-01 -1.0118816287e-01 1.0659064581e-01 -2.4122050602e-01 1.5352333139e-01 -1.3940838932e-01 7.8006821243e-02 -2.2203856493e-01 -1.9981562511e-01 9.4614255213e-02 1.9387634599e-01 1.5725546237e-02 -1.5719536583e-01 -2.9048345219e-01 1.3659893903e-01 -2.1603800000e-02 1.1764020325e-01 3.3827063680e-02 -1.9241541009e-01 -1.3578806206e-01 1.4501066394e-01 -1.2647873072e-02 3.8240285583e-01 -9.5592317647e-02 7.5485467819e-02 -2.1164222633e-01 -1.3343709951e-01 8.5223886792e-02 1.9039081121e-01 1.3802140234e-01 -4.3567764696e-01 -7.8028549815e-02 8.2572880561e-02 -7.6551009173e-02 -8.1908366569e-02 7.0451786037e-03 2.5625336532e-01 1.0731879373e-01 -7.7298658760e-02 -2.1892040595e-01 7.0485776242e-03 -6.4488143677e-02 -1.2904196863e-01 2.9761824427e-02 4.4150284796e-04 -1.9065803831e-01 2.1009361092e-01 -1.6824681447e-02 1.7767203571e-01 2.1262503314e-01 -9.1335711331e-02 -1.6054934436e-02 2.2368012512e-01 2.5992532568e-01 -3.8175540601e-02 2.3123996143e-01 2.8979989716e-01 1.1403741290e-02 -3.7202989425e-02 1.9515789290e-01 2.2098740986e-01 -4.7538021002e-02 1.6496838847e-01 6.6979239649e-02 -2.0957453454e-01 1.0589591037e-01 -3.0116131202e-03 -1.3147397765e-01 1.5781947229e-01 -1.5219225263e-01 2.3518671495e-01 -4.6318600899e-02 -1.8613580078e-01 5.7781581987e-01 6.5049769721e-02 1.2526136326e-03 2.5521247578e-01 1.5121501538e-01 -1.1554755219e-01 1.5631672926e-01 -3.5953535515e-02 3.1073946730e-01 -1.4443081278e-02 -3.4612089358e-01 9.9617678074e-02 2.4162005701e-01 2.6833522483e-01 -1.7807342341e-01 -1.3134210108e-01 1.3518416114e-01 -5.1583742288e-01 -2.3705169987e-01 1.0844045178e-01 1.5222650712e-02 5.8080270882e-02 -4.9027750389e-01 -1.8233029617e-03 1.4104882160e-01 -2.3294547698e-01 -1.8357213940e-01 -1.2867217943e-01 7.3734483056e-02 1.1641945407e-01 1.5630217932e-01 -2.0558290349e-01 2.3574904100e-01 7.2963011077e-02 5.1512294925e-02 -2.5339552640e-01 -2.8938588661e-02 2.4027429543e-01 -4.7355527898e-02 -4.6219157309e-02 6.5296834367e-02 4.5750408651e-02 -1.4295673347e-01 1.3766447994e-01 3.9095444423e-02 -1.0823101725e-01 1.3084969148e-01 -5.9694040230e-02 1.2548032600e-01 -4.9340938985e-02 -9.4121368017e-02 3.9955681494e-02 -2.9372048944e-02 -2.3463487950e-01 2.0011426772e-02 -4.7886580763e-02 -4.0158863582e-02 1.6964293747e-02 1.5343898189e-01 -1.8741744116e-02 6.3150588728e-02 1.0512445122e-01 8.0520652972e-02 8.9324229879e-02 1.0568300929e-01 3.3894562721e-01 1.5000506587e-01 -1.9296955170e-01 7.2698273009e-02 1.2905358722e-02 4.0719398946e-02 3.7892480339e-03
-1.3501278403e-01 -7.1031236012e-02 -8.0334235031e-02 7.6311078918e-02 1.7884723229e-01 -1.2081125516e-01 2.3563267555e-01 1.0867414292e-02 2.1979730318e-01 -1.0353916260e-02 1.0885242183e-01 -1.1262499982e-01 2.4577260755e-01 -1.3508340793e-01 -1.9179063237e-01 -5.4864510464e-02 8.0736372557e-02 1.8276324127e-01 -1.8769189180e-01 -1.6056191576e-01 1.6096992927e-01 2.1399017484e-01 -4.4767430807e-02 -5.0874283471e-02 -2.5930704127e-03 -1.0753265575e-01 -9.1406697571e-03 9.2380443339e-02 -9.8825426032e-02 -4.8948780667e-02 -2.1314154680e-01 -4.0097410444e-02 1.6796942591e-01 2.5915622062e-01 -2.3842796762e-01 -2.4837370767e-01 6.2867701687e-02 -2.8054174341e-01 -9.1010911634e-03 1.8049563819e-01 -8.6423324388e-02 -1.7917767816e-01 2.2634804142e-01 -1.7426464360e-01 -1.9846959139e-01 -1.3301862125e-01 3.7802138888e-02 1.5601457314e-01 -6.9355813459e-03 5.5713257443e-02 -2.6781849513e-01 -1.9783696663e-01 9.6092322013e-02 4.4877892144e-02 -1.7015908027e-01 -1.1456852609e-01 -1.2128385672e-01 4.9710410738e-02 -4.1968170420e-02 2.4088167078e-01 -1.0797699141e-01 5.5917856058e-02 -1.5156708325e-01 -1.2843800487e-01 -4.6325938210e-02 1.0258630424e-01 2.4241109078e-01 2.7242427428e-01 -6.1077330815e-02 -2.3410280941e-01 3.9111453708e-01 2.4239959868e-01 1.0243188096e-01 -2.2543776314e-02 2.0198384118e-01 -8.8881096098e-02 -7.9096043959e-02 1.5682868298e-01 1.3519538608e-01 -9.1757391589e-03 -6.3577037370e-04 2.7895973125e-01 -1.0617618173e-01 1.7784492176e-01 -9.9007446893e-02 1.8760962029e-01 1.3892424875e-01 5.8219284317e-02 1.5141948487e-01 6.7735590693e-02 2.3842560808e-03 -2.5803501386e-01 1.0846067492e-01 1.0269346969e-01 -3.6760318221e-01 9.3505559261e-02 1.7245361576e-01 1.0881575095e-01 2.6560780907e-02 -1.8247708504e-01 6.1713690226e-02 1.1534390739e-01 -3.5211620957e-01 2.2700636648e-01 -1.0396189386e-01 -1.3988158455e-03 5.3701851565e-01 -1.0187384397e-01 -1.3662059856e-01 -5.7310988620e-02 9.9435852832e-02 4.1906228446e-02 2.5623668523e-01 -1.4568828878e-01 1.2340787442e-01 -8.5740912610e-02 5.5431664622e-02 1.0857497621e-01 -2.4250107589e-02 1.8637557429e-01 2.6601748666e-01 3.1485272955e-01 -4.4223971921e-01 -2.0255216316e-01 8.5518190700e-02 6.6472641960e-02 -3.3647306534e-01 1.9506106250e-01 7.7662916020e-02 9.3408997626e-02 -1.1546291648e-01 3.1950927941e-03 5.6202720781e-02 -4.7857548216e-02 -8.0245954969e-02 -2.1187553645e-01 -4.7255619421e-01 -1.4016491728e-01 1.1534430417e-01 3.4217327171e-01 -7.2059323883e-02 -6.2495534465e-02 -3.0037055612e-01 -9.4811125279e-02 2.2490263057e-01 -2.2282442615e-02 2.9334758241e-02 -1.1398726477e-01 -3.6337529384e-01 -1.0861937151e-01 2.9541994152e-01 9.3464101967e-02 -1.4756005988e-02 2.8371139094e-01 -1.7918300536e-02 9.5930625286e-02 -6.0255654622e-02 1.3216745902e-03 -3.0452308541e-02 1.5244591356e-01 7.9832392441e-02 2.1111375435e-02 -1.2240441165e-01 -8.2862407069e-02 -1.8759861710e-01 -5.1972209326e-02 6.9427103888e-03 -1.9603687377e-02 8.9205649123e-02 4.3647551646e-02 2.4500769745e-01 1.9429397052e-01 -1.3013285820e-01 5.2425238306e-02 5.9108308882e-02 -3.0044094351e-01 4.6058616881e-02 1.3657979607e-01 1.5355678356e-01 1.7595299367e-01 -1.2666030557e-01 5.8112528367e-02 -1.9052766615e-01 2.0128927578e-01 -1.9440348700e-01 -1.6458431381e-01 -2.1354907638e-01 2.8196127102e-01 1.2454845956e-01 3.4910430499e-02 -1.4842838265e-01 4.8690116093e-03 1.5766592543e-02 2.8370642476e-01 -3.3204850030e-02 5.9076296510e-02
3.0035235928e-02 2.8257385377e-02 2.2341242855e-01 -3.1689786250e-02 2.5773481746e-02 2.0291590001e-02 -1.5227188514e-01 -7.8815253563e-02 -1.6496411753e-01 1.0318088481e-01 -2.3202575911e-01 -1.2091414022e-01 9.9277538780e-02 1.0228265467e-01 3.0519293348e-01 -1.2876057666e-03 1.2112359323e-01 -1.0542845893e-01 1.8466369260e-01 1.9252587195e-01 -5.5667481173e-02 -9.2290999873e-02 2.1793570101e-01 -1.1225904416e-02 -7.7450886102e-02 3.3464317828e-01 7.2743869561e-02 -7.6871793357e-02 -8.4534357684e-02 6.9160742377e-02 9.9764158671e-02 5.3551615581e-02 -8.8286284684e-02 -3.3249957239e-01 4.8954645062e-02 7.7397702171e-02 -3.7474147031e-02 3.2633045214e-02 2.8859825073e-01 -1.6949278680e-01 -2.4073753786e-02 -2.4884941040e-01 -1.7816796224e-01 1.0291835468e-01 9.9015657700e-02 4.4071858148e-02 -2.5433841956e-02 -2.2450787544e-01 -1.1196897654e-01 -8.6748328563e-02 9.7354377496e-02 1.1469403974e-01 -2.0706325834e-02 -7.2418801885e-02 -6.7173288245e-02 -5.4623314444e-02 -9.5605781927e-02 1.7145321838e-01 -2.4349464530e-01 -9.4687218500e-02 -8.1476103766e-02 7.3200446396e-02 -8.9929377126e-02 -2.6873157385e-01 -1.4300060388e-01 1.4280033788e-02 4.0211357447e-02 1.0713895286e-01 -2.5274233012e-01 6.1063212428e-02 1.8046247849e-01 -2.4970763721e-01 -1.2248733077e-01 2.8092743034e-01 -1.1459678644e-01 1.2110374097e-01 -1.3300177953e-01 3.7415939936e-01 1.9942800214e-01 1.8975861496e-01 -4.5105492700e-02 -2.4142490404e-01 -2.8509476074e-02 -7.9791451438e-02 -1.6104819095e-01 2.0219177302e-02 4.1452829094e-01 2.3138424450e-01 1.5905991257e-01 1.2176258118e-02 2.6274083923e-02 9.5821861106e-02 3.1292553519e-01 7.8950021201e-02 -8.1237650066e-02 -2.1909955050e-01 -6.4109962140e-02 1.5133612431e-01 -1.8204421831e-02 1.9804048521e-01 1.9119803957e-01 2.6743814697e-01 -1.1773056220e-01 -5.1658978584e-02 2.1455404876e-01 1.5455962518e-01 1.2116210305e-03 1.1766690868e-02 1.1517340521e-02 2.3875029067e-01 -1.0660950230e-01 9.3911510854e-03 1.4667329224e-01 1.8636356346e-02 -1.0524176281e-01 1.8512720557e-01 -7.8223557673e-02 1.6192189675e-01 6.6675012618e-02 -2.6733534533e-02 -7.3290938153e-04 -6.0044144291e-02 -3.5735667050e-02 -2.0530541803e-01 3.1486738597e-01 -2.9752685780e-02 7.0478485347e-02 -1.3306957588e-01 -3.1571703935e-02 -2.3801948493e-01 -4.6355007972e-02 4.7151895771e-01 -2.2382063569e-01 6.2905840918e-02 1.4458788663e-01 -1.3699852630e-01 -5.5810701228e-02 -2.3172285697e-01 2.1205637964e-01 1.5994430192e-01 7.7060926834e-02 -1.6770232138e-01 1.8262345540e-03 -1.9943598009e-01 5.5754757925e-02 1.4861117604e-01 -9.5598729883e-02 3.4208413136e-01 -3.7637719784e-01 2.2600656009e-02 2.3076264097e-01 -3.9793286567e-02 1.0371357424e-03 -1.5657799488e-02 1.3262404670e-01 -1.1229227737e-01 9.2280384160e-02 1.6722218683e-01 -3.4839495908e-02 1.4090111206e-01 9.8910242785e-02 3.1820418818e-01 1.2087345671e-03 -4.1990232659e-02 -6.2637267281e-02 1.0011914926e-01 -2.4818673485e-01 1.9924973399e-01 3.3042313962e-02 6.8180793061e-02 1.7303118189e-02 -1.0420480443e-01 -1.1562439657e-01 6.2545450825e-02 1.7225681709e-02 -3.8810691771e-01 1.9745874369e-01 -5.3024992266e-02 3.5701097239e-02 7.2657202798e-02 -2.4898834014e-01 4.2692352128e-02 1.2666679271e-01 -3.3160313045e-02 1.5592179068e-01 -3.2213520042e-02 -7.6970777122e-02 -2.0101877279e-02 -6.8229736339e-02 7.4527474881e-02 -2.1772409739e-02 -5.5515140671e-02 1.3870935258e-01 -6.4485078285e-02 -8.7870510275e-02 -1.3942626690e-01
