-1.0976738894e-01
1.2081074389e-01
-4.8278189647e-01
1.0144647153e+00
5.9841670546e-01
-4.9493757109e-01
-6.2417088686e-01
-7.6267058224e-01
8.5754767357e-01
3.0096779426e-01
-5.7142817551e-01
3.6240769705e-02
-6.6873904946e-01
4.1863491836e-01
-2.9947797417e-02
-7.7111001539e-01
1.0839736724e+00
-1.9376202220e+00
-1.1083399756e+00
-2.2138712739e-01
-5.6119090817e-01
1.2036241814e+00
1.3600011372e+00
-7.9325475493e-01
-7.0847519202e-01
-1.7988799023e+00
-4.3868143004e-01
-4.8478832164e-01
1.5544462389e+00
1.0961381451e+00
-7.0806051390e-01
-2.4445531179e-01
1.1975162241e+00
-1.6996338540e-01
-4.8888805623e-02
-5.6376204416e-01
-1.6223827029e+00
3.0660382667e+00
4.7653106624e-03
-7.3653191728e-01
-9.7574899749e-01
1.7568120633e+00
-3.3920339866e-01
-1.1377161616e+00
2.4954082721e-01
-3.3621076475e-01
1.6071661510e+00
-8.5672397933e-01
-2.2775226217e-01
-7.4348093716e-01
-1.4604226791e+00
1.4216439608e+00
-2.1669121824e+00
2.4685445706e+00
5.2454199515e-02
4.6840995236e-01
-8.5468369234e-02
1.0212174502e-01
1.4965774618e+00
7.4144327502e-01
4.4223774643e-01
-6.5061812281e-01
-6.8121454584e-01
-9.9365375202e-01
8.4153399641e-01
1.5512477812e+00
-1.1091023639e+00
1.5977914431e-01
2.7275514855e-01
-2.1613348784e+00
-8.1156990686e-01
-3.8962034588e-01
-7.4169614213e-01
6.3689910776e-01
-4.2722070338e-01
1.0930582313e+00
-1.0923825011e+00
-5.1803080357e-01
9.6755890687e-01
-4.1176175952e-01
-1.8954570308e-02
-7.7480842219e-01
7.0416253656e-01
6.6445347867e-02
-1.7470042252e+00
-9.3090087635e-01
-1.4100524650e+00
1.1403076900e+00
9.5298158839e-01
-5.7104828193e-01
