-2.0516221513e+00
-1.0386185342e+00
6.3801009496e-01
-1.8937488935e+00
-9.7955499880e-01
4.8758954598e-01
7.4709482779e-01
-1.2945926124e+00
2.1534979132e+00
-7.4150466642e-01
1.1770056960e+00
1.2080835403e+00
2.2688752915e+00
-1.0576989058e-03
-6.0347359773e-01
2.6413451276e-01
-9.3092587472e-01
2.2749287427e-01
3.6916285509e-01
2.2216603097e-01
-1.9614919685e+00
2.5379271243e-01
1.6481796123e+00
-5.2410825838e-01
-5.4920856982e-02
-2.3535095149e+00
3.4149433218e-01
1.7624690003e-02
1.5355629998e+00
6.9807914914e-01
-1.4370540310e+00
-8.0435309330e-01
1.0827683707e+00
-1.3908983017e-01
-1.4354561289e-01
-6.9614839473e-01
-2.7484462721e-01
-1.0997528254e+00
6.4809550785e-01
-1.5499587856e+00
3.3838815470e-01
1.8946058390e+00
-1.4144914862e+00
-1.5745928235e+00
1.1104295493e+00
5.0831963265e-01
-1.3248355387e-01
5.0725235554e-01
-2.0330325787e-01
-2.2687076269e-01
-4.1357498965e-01
4.3207214695e-01
1.1497363770e+00
-4.2947068760e-01
-3.5711192952e-01
-2.1244780639e-03
-8.0307871591e-01
1.1497145901e+00
7.1445634140e-01
7.2620092632e-01
-1.3187834752e-01
6.5665509285e-01
1.4964283310e+00
1.3526882958e-01
-4.8248930448e-01
9.1748904439e-01
4.9097090315e-01
1.1144238399e+00
8.7339939471e-01
-1.4952858028e+00
1.5151784470e+00
7.8480494446e-01
-1.4675822922e-01
-7.4382758024e-01
-1.5972199592e-01
1.5467764134e+00
-6.0014982071e-01
6.9082683697e-01
2.6224586100e-01
2.3147718704e-02
2.2926750790e+00
-2.2419715516e+00
-4.5222034304e-01
1.4185789263e+00
2.0787176146e+00
7.2269273432e-02
-1.6121217862e+00
1.7080144705e-01
-9.8252510268e-01
8.2898840504e-01
9.5387484558e-02
