-7.8892159423e-02 -1.5933193304e-01 -1.6015887435e-01 -1.4303201773e-01 1.9809560139e-01 7.7638055618e-03 -2.0638135674e-01 1.6187948973e-01 -1.9855724057e-01 -1.2273290149e-01 1.7703135715e-01 1.1747334241e-01 1.4858814053e-01 -1.8561263438e-01 1.8818873266e-02 -1.8897616922e-01 -8.0937370800e-02 -2.5822347709e-01 -2.5840554248e-01 -4.2830259607e-02 -8.8653108203e-02 -8.5034979431e-02 3.9067681511e-02 -2.1910971193e-01 -4.0583622425e-02 -6.4585204382e-03 1.0367825678e-01
-1.8001271363e-02 2.3839890386e-02 -5.8617128253e-02 -7.6363088663e-02 4.0060665133e-02 -9.3586170467e-02 -2.8419379137e-01 3.7055998119e-02 -2.9647723251e-02 -1.9081752258e-01 2.5611875334e-01 -6.1962909674e-02 6.5959144415e-02 1.6783928852e-01 -7.6930457139e-02 2.3909429726e-01 9.5518002394e-02 -1.1029932718e-04 2.1513983708e-01 -1.0245795625e-01 7.9849009351e-02 1.9353669448e-01 1.7336226447e-02 5.0506956050e-02 1.3496893903e-01 -1.6121699437e-01 2.5869618887e-01
1.9870357467e-01 -7.6853149988e-02 8.7530043906e-02 -1.3161293538e-01 3.2042271510e-01 1.9075357819e-01 -1.1509028809e-01 -1.1666069538e-01 -1.8832808624e-02 1.5780296446e-01 6.5945768715e-02 -8.5991464797e-02 -3.2000605446e-01 3.2684851150e-01 -6.5051933308e-02 1.7774032667e-01 -7.7098601298e-02 1.6576376768e-01 3.0040503940e-01 -2.1394586786e-01 6.8463592951e-02 6.5967166564e-03 -1.7878436291e-01 -2.6526832196e-02 -2.8553620810e-02 -3.9128004902e-01 -1.3106368696e-01
1.9831625061e-01 1.7488604244e-02 -1.8423591340e-01 1.3406644474e-01 1.7478724801e-01 9.4143707359e-02 -5.8561610544e-02 1.6617050929e-01 -1.1793734412e-01 1.9794304694e-01 5.6291895300e-02 7.7486885189e-02 -3.8743909729e-01 9.3808759137e-02 8.7988256901e-02 7.4095256757e-02 1.6272954493e-01 -8.0796079809e-02 -9.5488227790e-03 1.6647690217e-01 3.7402685918e-02 -1.7772533351e-01 3.9670561498e-01 -2.8437656201e-01 -1.2639607434e-01 -2.0453735152e-01 4.0714273628e-02
9.3331015594e-02 1.3329131452e-01 1.3733402484e-01 -4.5489638196e-04 3.9390941293e-02 -7.4944272940e-02 4.8134888567e-02 -2.7375465858e-01 5.9423285214e-02 -3.6537490907e-02 9.4111040363e-02 -2.4288049225e-01 1.8161317366e-01 1.0676764170e-01 1.9976131206e-01 -5.1842731184e-02 2.0125689321e-01 -1.9959227794e-01 -7.5297447245e-02 2.1067815616e-01 2.5433110414e-01 5.5937224135e-02 1.1650074944e-01 5.5844414218e-03 9.4074782128e-02 4.1366618011e-01 -1.1465878591e-01
-2.0729165534e-01 8.4165141850e-02 -2.1441526242e-01 8.2606451174e-02 -1.1736557704e-01 2.0003813013e-01 1.3601228365e-01 1.3253828314e-01 -5.4791104776e-02 -1.6124047887e-01 -2.0980752358e-01 1.8527948667e-01 1.2449658011e-01 -4.4121409644e-01 -2.6147864098e-01 8.5355630005e-02 -6.7570233480e-04 1.0998643218e-01 8.6685046391e-02 -6.4515586276e-02 -2.7534281282e-01 -7.9173147860e-02 -1.5802945680e-01 -5.3826442569e-02 4.2040965496e-01 2.2806930134e-01 -5.0312919760e-02
-1.0104808620e-01 1.1465401932e-01 -2.9715368540e-01 1.1271117242e-02 -3.6051726378e-01 -2.1543137419e-01 1.9816920501e-01 2.7659245199e-01 1.7541629883e-01 -3.0075799968e-03 9.0437797204e-02 3.2694921830e-01 -3.1923470781e-01 -1.7939149035e-01 5.7623571329e-02 -1.6669523655e-01 -2.4460130284e-01 1.0094363907e-01 -2.6729914325e-01 -3.4256506823e-01 -1.6374511191e-01 2.4497179464e-01 -1.0113374306e-02 -4.7437072814e-02 2.1003853838e-01 4.3275568485e-02 8.0462687131e-02
3.2558641804e-01 -8.2916567004e-02 8.8798348532e-02 -2.2328409679e-01 -6.9488368393e-02 -1.1060458478e-01 -2.9085078568e-02 -9.3795685296e-02 -1.5728141910e-01 -1.2845717925e-01 1.3894949435e-02 3.7872504822e-01 -5.4854815724e-03 8.4037820850e-02 -2.5890375923e-01 -1.7604819545e-01 1.4723858050e-03 -1.1728626231e-01 -7.4580839656e-02 -1.7276763534e-01 1.3319265666e-01 -2.6335965919e-01 2.4276758062e-01 -1.4501078353e-01 1.8458955807e-01 -1.9119489316e-01 2.1216825638e-01
1.5449697663e-02 -5.7416661815e-02 8.3363245590e-02 -3.7765359469e-01 -2.1508518160e-01 1.6416366949e-01 -1.6517766849e-01 5.2410709255e-02 -8.2890109968e-02 8.1364044573e-02 1.9013364994e-01 1.3061467364e-01 -2.9639795560e-01 1.0904314166e-01 2.6535039137e-01 1.0653395011e-01 -2.8439597293e-01 6.8213936242e-02 3.3177517918e-02 -2.8698350227e-01 -5.8520373302e-02 1.3756934747e-01 -2.6962470075e-01 -3.9504063700e-01 -7.2914635513e-02 1.4643302486e-02 -5.1784834269e-02
2.0763241112e-01 4.4163159450e-01 -3.1155682511e-01 8.8821704732e-02 2.8973110527e-01 -6.4338723615e-02 2.6570703408e-01 3.1646398553e-01 2.7855459370e-02 3.5144299585e-01 3.3983257197e-03 1.1750593926e-02 1.7556660405e-01 -1.3823055804e-01 -4.1825539065e-02 -1.8560391016e-01 8.4328243770e-03 -1.9865050442e-01 1.1322239273e-01 -1.6254699011e-01 1.6616260789e-01 2.0838082118e-03 -9.8913410112e-02 8.9559205793e-02 2.7735027890e-01 2.4472768024e-01 -2.1511453331e-01
-1.3946358083e-01 1.6890463648e-01 -4.2222948334e-01 3.4017615013e-01 -2.9092338779e-01 2.7430823280e-01 1.1456875760e-01 -4.3921727543e-02 -1.8467804709e-01 -4.4010557147e-02 1.4067654613e-01 3.2912857347e-02 -4.5369580751e-02 -6.9808041709e-02 -9.7156745050e-02 1.1157619548e-01 -1.4439557788e-01 3.5033463650e-01 -2.1944868868e-01 -1.5626772037e-01 3.7534767293e-02 3.9617167120e-01 -1.0106699060e-01 -2.0969641316e-01 1.3388176272e-01 -6.6961330354e-02 1.3549329392e-01
1.2618395628e-01 1.3569921646e-01 -4.9029390627e-02 3.1229796038e-01 1.0836137788e-02 -1.8554454944e-01 8.3199223837e-02 -1.4879410396e-01 1.7929327873e-01 6.6536974702e-01 -3.7052528633e-02 1.3092495564e-01 3.9973797776e-02 -9.2902573927e-02 1.5684045108e-01 -9.2242229171e-02 1.8931548235e-01 -1.7673639136e-01 -5.8324071179e-02 1.3606957894e-02 1.0031319656e-02 -2.6864024832e-01 -2.1289067042e-01 3.4149551576e-01 -8.1876676620e-02 1.8945370248e-02 7.6986157074e-02
-1.2049334220e-01 4.1672400480e-01 -2.9564849932e-01 -1.0892512292e-02 -3.4882440368e-02 -2.5756573856e-01 -9.4683927414e-02 -1.3508942653e-01 5.2126139878e-02 -1.3837229770e-01 1.1199209022e-01 -5.6055420827e-01 -6.1172863823e-02 1.4511419729e-01 -1.8566201485e-01 6.1069912313e-02 -2.7386872235e-01 -2.6853178662e-01 2.0743275761e-01 1.9437558514e-02 -2.4481924588e-01 1.9100498050e-01 2.5767435880e-01 3.2471819366e-01 3.4834793871e-01 3.0346215918e-01 -1.0687944668e-01
