1.2876070557e-01 3.7803757804e-02 5.9411291674e-02 -3.7466755091e-02 7.5699350968e-03
-2.7095274688e-02 1.5208362348e-01 5.4417194395e-02 -3.0277062005e-02 2.8981584161e-03
6.9191416121e-02 -2.4744404879e-02 -6.6446146109e-02 -3.9357377445e-02 -1.4707630538e-03
-2.7241450856e-02 -1.1007702668e-03 -6.2844271642e-02 5.8322295321e-02 -3.2727917248e-02
-1.1877231588e-01 -6.3884694768e-02 1.3105614428e-01 1.9167039848e-01 -1.0464415280e-01
-7.5753164811e-02 -1.6039343817e-02 -1.8915313598e-02 -8.0004482245e-02 9.5160094443e-04
-3.2657329346e-01 2.2113597015e-01 8.9150175042e-02 1.8346034951e-01 -8.3101154463e-02
-9.4841498866e-03 -8.3710430395e-02 6.4942093172e-02 9.3887695594e-02 -1.7637799025e-02
-3.1842722139e-01 3.6064738642e-01 -3.3360214187e-02 -2.2809556155e-01 -1.1404334526e-01
-4.0526283247e-02 -1.2682962924e-01 -2.2021775867e-01 -6.6680690197e-02 2.6938628905e-03
4.7365410387e-02 -9.6240719406e-02 2.5724790913e-02 1.8937458098e-02 8.6039962377e-02
-2.6167765186e-02 -1.0490447050e-01 -4.3526071091e-03 1.3306744221e-02 -2.7349598071e-02
8.0429194792e-02 -1.4748610820e-01 1.1479055887e-01 -2.0350121592e-02 -2.5608527498e-01
-4.3191709696e-03 -1.9913033697e-02 -7.2200928893e-03 -3.8974819185e-02 -6.9671309860e-02
6.5807758988e-02 -1.6912838459e-01 9.2053172734e-02 1.8126218985e-01 2.6792037427e-01
-8.7556779245e-02 2.7868014361e-02 -1.3672610322e-02 -3.4584441497e-01 -1.0745626341e-02
-1.0093882691e-02 -3.4644426570e-02 1.8553058028e-02 -9.3593504550e-02 8.5592756805e-03
-5.7874270218e-02 8.3350872250e-02 2.6933856823e-01 4.1785531787e-02 1.2734915942e-01
-1.1345417141e-02 8.9939298641e-02 -9.4989275297e-02 5.8393444159e-02 -2.9617112555e-03
-5.2444512189e-04 9.2615783845e-02 -2.9512859953e-01 -2.0341853484e-01 6.9473489405e-03
4.7798910767e-02 -1.3800554838e-02 -2.6893012300e-02 -7.0605934317e-02 1.8058564872e-02
2.9236521761e-02 6.5962091155e-02 4.5000726002e-02 -2.9652524146e-02 -1.3161953271e-02
8.1296907807e-02 8.7993973433e-02 -5.2329852126e-02 -4.8662202537e-02 -4.1546309819e-02
6.9506140936e-02 -3.6186401751e-02 -6.4913346274e-02 3.5273412511e-02 9.1038831712e-02
6.6572647183e-02 1.0499063065e-01 -6.6659538009e-02 1.3511323582e-02 -4.6389731411e-03
8.9330115126e-02 -2.2624440439e-02 -2.0923004348e-01 -1.1094327032e-01 2.9819889044e-02
-5.7948932061e-02 7.7026366916e-03 -7.8274267977e-02 -3.5840923609e-02 -7.3180108023e-03
-1.7431195061e-01 5.3765382175e-02 1.5351150725e-02 -7.9745415996e-03 -4.0337248971e-02
1.4245741935e-02 -1.4714427884e-02 8.0925534589e-03 1.9333433745e-01 -5.8567667823e-03
8.1755552211e-02 2.2976703223e-02 -2.9077703482e-02 -5.4112261238e-02 -2.3896391431e-03
7.1278051146e-02 -7.5868563378e-02 1.3134326922e-02 2.3597547164e-02 9.3713292103e-02
8.9456501140e-02 4.6406527967e-02 -3.5305156892e-02 1.2464376051e-02 3.1646262039e-03
-5.3204974203e-02 4.9675521632e-02 9.1011733817e-02 1.6243041527e-01 1.5903264913e-01
-2.1706260618e-02 1.4184726283e-01 -7.0318524479e-02 -1.9588803725e-01 -2.5121968629e-01
1.1304262390e-01 -7.4993531951e-02 6.1858271628e-04 1.4750062049e-01 -6.1353567711e-02
3.7236336457e-03 -5.1670851291e-02 -2.4850454776e-02 7.1043669926e-02 2.8925037423e-02
-1.4556186595e-01 7.2936300446e-02 -5.7140848593e-02 3.1149220231e-02 -1.1858104866e-02
2.3757319423e-02 -6.2233719330e-02 2.0640158974e-02 5.9163107794e-04 3.0630913884e-02
-1.4905173326e-01 8.8180693801e-02 -1.4962600900e-02 1.0193105240e-02 -1.2730832037e-01
3.0402260971e-02 -3.9470535771e-02 -8.3149698588e-02 -5.3435678796e-02 1.5382717467e-02
1.0113878723e-01 1.1140727160e-02 -4.9330335402e-02 4.6192675438e-02 -2.9420326897e-02
8.3111746487e-02 8.0614921681e-02 3.0933925342e-02 -7.0559283017e-03 4.6511049991e-02
7.6735376551e-02 -8.4964907470e-02 1.2473537080e-01 1.8002556624e-02 2.0214911495e-01
-8.6084876315e-02 3.8602856457e-04 2.3395380781e-02 3.8331401847e-02 3.0958511568e-02
-8.7341416203e-02 -3.4941799316e-02 2.3417806891e-02 6.9892105255e-02 -6.4972643306e-02
5.6257489929e-02 2.8852565825e-02 -9.9882332091e-02 -1.3539929702e-02 4.5637841604e-02
5.0785608475e-04 8.8791159870e-02 3.8547943856e-02 5.5057165288e-03 4.6108267758e-02
6.5747288625e-02 -1.4953954026e-01 5.2299835497e-02 -2.3891073650e-02 3.1505223891e-02
5.4678196208e-04 8.0006810424e-03 2.2847859112e-02 -2.6717582142e-02 5.8113667092e-02
-2.7357282720e-01 2.4027524183e-02 -1.1894608123e-01 2.0965037501e-02 5.7871642440e-02
-4.7546053988e-02 -5.4376641696e-02 -1.4922022062e-02 7.2791618749e-02 -2.2123723609e-02
-1.4921839584e-01 6.5620311377e-02 -2.2876183884e-01 1.5756535007e-01 8.2573703913e-02
2.8722685312e-02 7.4906440793e-03 -7.3834114145e-02 -1.3449084519e-01 -3.4312191736e-02
1.5274182146e-01 -1.3485518717e-01 -1.0277334888e-01 1.3965249639e-01 -1.4436938061e-01
-1.2015690847e-01 -1.6396033099e-01 4.9376598175e-02 1.0943160773e-01 -3.4306311324e-02
-1.6841612219e-02 -1.0128517451e-03 -4.2914749663e-03 6.9408448590e-02 3.8549411441e-02
-1.4485937528e-01 -6.6246378773e-02 6.9844824401e-03 9.9181924758e-02 -8.6265216421e-02
6.8132634455e-03 4.8719711092e-02 7.7608026925e-02 -7.6281575514e-03 9.4866638579e-03
-5.2367079777e-02 4.2001757717e-02 1.3671863884e-01 2.2178912226e-02 3.4131564565e-02
-1.3664470139e-03 5.1786102206e-02 -6.7782505741e-02 2.2888847658e-02 7.7078130435e-02
-3.2415941305e-01 4.5438935813e-02 -1.5459723440e-02 -5.9533120135e-02 -1.1585048790e-02
1.1506556553e-02 -1.3110378378e-02 3.2085468492e-02 1.1474610602e-01 -1.6811869398e-02
-1.2273203649e-01 -4.4175324550e-02 -6.2072483339e-03 -2.7019607988e-02 7.3469237765e-02
1.0254461441e-02 -4.9526143479e-02 5.8639994971e-02 -7.4663270085e-02 6.2228201314e-02
1.6245089765e-02 1.3108499734e-01 2.3750180280e-01 -1.1236380366e-01 -2.7780835652e-01
9.3161059369e-03 -2.8579147854e-02 -4.3706703479e-02 -4.1765745111e-02 -1.3733660104e-02
3.6775644075e-02 2.2116903808e-03 -3.9104137698e-01 7.8213896945e-03 1.6015776802e-01
-2.2946022915e-02 -2.0166044193e-02 1.4300537087e-01 4.0838697540e-03 2.0095498378e-02
4.8890961256e-02 7.5949092398e-02 2.3982651529e-02 -5.2415847276e-02 1.0313179369e-01
2.7794652127e-02 -5.1427340147e-02 8.5609827970e-02 -6.5439480681e-02 -3.6765238711e-02
3.6701394137e-02 4.2313168542e-02 -1.8323514513e-01 -8.0430371769e-02 -1.0366046490e-01
-4.8713475139e-03 5.0619050351e-02 2.6768782342e-02 3.8227696694e-02 -9.1972170211e-03
-8.8898693969e-02 -1.7028972805e-01 -1.3689640756e-01 6.6674815808e-02 -5.1530995969e-02
-4.5132914855e-02 7.3007897427e-02 1.2694126146e-02 2.6740502389e-02 -1.1521637745e-01
5.1089383526e-03 -1.7285816113e-01 1.0724808814e-01 -1.5343731858e-01 7.7137836540e-02
5.9867652418e-02 -9.2001425317e-02 -1.8316611722e-02 3.3460402957e-02 -1.0122458019e-01
7.2328482163e-03 -4.4970280724e-02 8.3760988213e-02 -3.8337838376e-02 4.5918369649e-02
1.1143065657e-01 -1.2311504515e-01 -7.8652628130e-02 -4.7887523685e-02 6.6260295339e-02
-6.1909587826e-02 -1.3299125098e-02 1.1458660793e-01 -5.1568983473e-02 -1.2366424285e-02
-1.3075205503e-01 1.1302370200e-01 -1.9100188821e-01 1.8156715347e-01 -4.2461740938e-02
4.8125210501e-02 5.0894202499e-02 4.0613400415e-02 1.5291749382e-02 8.3941773730e-02
9.5997813133e-02 1.5267585179e-01 -1.0612994986e-01 3.6379534954e-02 3.3060678653e-02
1.5062008371e-03 6.7161001064e-02 1.0222308537e-02 1.4574024867e-02 1.0041192203e-01
-3.0029060663e-02 -3.5377440678e-02 -9.2526153628e-02 1.1525490347e-01 -1.5103877552e-01
-3.6204763069e-03 -1.1887838699e-01 -5.1952359302e-02 -1.5537280835e-02 2.0213547785e-02
-8.5226715243e-03 2.9368767761e-02 5.4113517988e-02 -3.5772895064e-02 1.2947488311e-01
-2.2417630452e-01 1.1932889974e-01 -6.3226600370e-02 1.4006410832e-01 3.3743905340e-02
-2.4850934110e-01 -1.3790613975e-01 3.8404904356e-03 -3.2688599007e-02 -7.1435628514e-02
-4.6359405002e-02 -8.5761233072e-02 1.6170890220e-02 -7.5163713650e-02 -8.7431524112e-03
-2.7878308610e-02 -2.3113504595e-02 1.9629375600e-02 -8.8919955107e-02 -1.7117806936e-02
4.2551925658e-02 9.1646417687e-02 4.6957011883e-02 -2.8796860441e-02 1.6689104125e-02
-4.2699326494e-02 -2.6034919847e-02 1.6608003173e-01 -1.3678050092e-01 4.3594183009e-02
-5.9948843655e-02 -4.4006527376e-02 -3.4105059703e-04 -4.4713650875e-02 -8.9193015828e-02
4.1396861567e-02 -6.8593002153e-02 -1.0477001589e-02 1.6181742731e-01 4.4977198039e-02
7.3700174559e-03 1.8943378843e-02 6.2235589211e-02 4.0149025438e-02 -1.9698382136e-02
-9.0029510691e-02 2.4045590451e-01 -1.3994809309e-02 -2.0838862725e-01 -1.7071933978e-01
-1.1262900589e-01 -8.7039236078e-02 -6.3723821965e-02 -3.5662751931e-02 8.8073670184e-02
4.5089540660e-02 -9.5921418520e-02 -1.0708812333e-01 2.3440388586e-02 -4.9356422236e-02
5.7346603802e-02 1.0411742895e-01 1.4335873630e-01 8.6758986564e-02 -1.0696730568e-01
-1.7708007981e-01 -7.9023632132e-02 -1.5591234208e-01 -3.4364297290e-02 2.4712798188e-01
-4.5146783756e-02 1.1826570010e-01 -3.7874617481e-02 -8.1502758236e-02 -1.6044833614e-01
6.7779165523e-02 1.7865823056e-02 4.0414927575e-02 4.9720144356e-02 -3.0421460414e-01
-2.5390030595e-01 1.6388771977e-01 7.9099306010e-04 -7.9361097286e-02 5.4875084604e-02
-5.7340261580e-02 -5.1428250825e-02 -2.5341851933e-02 -8.4137246337e-02 -1.6184281257e-02
-4.5072530891e-02 -7.2744338592e-03 1.7638834056e-02 5.6660656044e-02 -4.1060437838e-02
-3.8507375575e-02 -3.7060829253e-02 1.1705004342e-02 -7.5439732981e-02 -1.6054214675e-03
1.0121298213e-01 -2.0700930635e-02 -3.8584882711e-02 3.1495708085e-02 -9.9791252228e-02
-3.0760784993e-02 -1.0497027391e-02 2.0252281394e-02 9.1327398572e-02 2.5719599428e-02
-1.2634009035e-01 -2.2912888832e-02 -1.8929516950e-01 -3.5879399078e-02 -1.9380449263e-01
-4.6990180504e-02 3.4122773010e-02 3.0536146050e-02 8.1493878946e-02 -7.5827929997e-02
-6.0814080616e-02 3.0767970364e-02 4.5339183488e-02 -2.2607944221e-02 8.0843401938e-02
4.3778088804e-02 1.1989117167e-01 1.1721717555e-02 -2.2649199563e-02 -2.3057709320e-02
5.4103556056e-02 5.1940845414e-03 -2.9345886647e-02 -6.0516843796e-02 -3.3096295163e-02
6.4983230928e-02 -4.5606292193e-02 7.8068331509e-03 -3.2038738259e-02 8.0378756157e-02
1.6541323916e-01 -4.4251903408e-03 1.0457665211e-02 3.0553923479e-02 -2.3908768334e-01
6.7534005562e-02 4.5785997582e-03 3.2860258963e-02 7.9253852534e-02 1.3650403269e-01
-7.7472542498e-02 -9.0477371526e-02 -2.0866401966e-02 5.5472004899e-03 2.1158541596e-02
-9.8802242206e-02 -1.0818011488e-01 1.6347658517e-02 2.9330589804e-02 -5.8360626809e-02
1.2480577909e-01 1.8741072950e-01 -1.5155302383e-01 1.7056854651e-01 -5.5600094475e-02
-7.5865411691e-02 3.7390045734e-02 -5.4813795822e-02 3.8677444284e-02 1.1702533263e-01
-1.3936227181e-01 4.0974073574e-02 -2.3836080966e-01 6.5988343015e-04 -1.6455999504e-02
-4.0139133744e-02 -4.3565728282e-03 -2.1407044575e-03 1.1864674419e-02 -1.0489950790e-01
5.1410275674e-03 -5.7292393151e-03 -1.0671993329e-01 -6.6896961950e-03 -1.3266779421e-01
-7.9578945232e-03 1.2411998936e-02 -6.0530730928e-02 -3.6987974024e-01 4.7793472276e-02
9.3731706319e-03 6.4343265950e-02 -1.4650764296e-02 -1.3744035766e-03 6.1189671634e-02
-8.9521157552e-03 5.5712624400e-02 -1.0345858647e-01 -6.7764811195e-04 5.7872769178e-02
2.0641231679e-02 4.4167866295e-02 -1.2468141179e-01 1.7663706974e-01 4.0739754271e-02
9.3576559612e-03 1.2994785691e-01 4.2410468779e-02 -1.0307793593e-02 1.9551344442e-02
8.1540530434e-02 7.4264084109e-02 -1.0580763854e-01 1.8962841029e-01 -6.2910662184e-02
7.1782813537e-02 4.2293961793e-02 2.6185542470e-04 -5.0930189424e-02 -2.1711815382e-02
5.3631333381e-02 -1.7063556875e-02 6.7230516688e-02 4.1598739539e-02 2.0904844763e-02
1.5749073821e-01 2.6361127501e-02 3.6717234086e-02 -7.8259309982e-03 -5.5774030623e-02
-3.9019688162e-02 3.3004985860e-02 -3.4371850881e-02 -3.3824182697e-02 -6.3276746813e-02
2.9104642190e-02 -5.5454511402e-02 2.6878194200e-02 1.6571401476e-02 -4.2081394018e-02
2.3329669520e-02 1.8424712423e-01 6.4782380760e-02 7.4080752400e-02 -2.8693146381e-01
2.4790366358e-02 -6.4385465700e-02 -1.1499787381e-01 -1.5820799045e-04 2.8469509585e-02
-3.3263256117e-02 1.2338848511e-02 1.4932017569e-01 6.4598391172e-02 -1.0739203865e-02
-6.5095857944e-02 -3.1410720351e-02 5.9949572013e-02 2.2899183231e-02 1.0374657767e-01
-9.6822300989e-03 8.2892313051e-02 -6.4269228882e-02 -6.6882140655e-02 4.2086419348e-02
4.0759333997e-02 -3.3936076642e-02 6.1584572914e-02 -1.5887603567e-01 -7.2312247847e-02
1.9365251512e-04 2.3331588040e-02 1.3835006066e-01 1.2900131150e-02 8.7549226448e-02
-3.5465612276e-02 -8.1026247132e-02 -7.3713292985e-03 3.5906602350e-02 2.1981776879e-02
3.2369677123e-02 -1.1480588394e-01 -9.8997879822e-02 -2.9215095290e-02 8.1302701667e-02
