-9.7095673128e-01
-1.4100031515e+00
-1.8990702832e+00
-1.4531117546e+00
-1.3838324802e+00
-9.8430423427e-02
-2.8051818295e-01
-2.0849516025e+00
-9.4574892486e-01
1.0091644662e+00
1.5133379575e-02
7.1548545220e-01
5.8787299051e-02
4.1579502958e-01
6.5618715813e-02
2.2998422143e-01
1.3367773310e+00
-1.4502031352e-01
-3.5618392408e-03
7.5400422038e-01
-1.3134618083e+00
9.5159841097e-01
1.1252260538e+00
-1.1541470396e+00
1.1988379909e+00
6.5696011415e-01
-1.8865448796e+00
-5.9937737663e-01
-8.3313025052e-01
2.2493431033e+00
7.7862105366e-01
-1.1682517597e+00
6.2730532353e-01
-8.0948932013e-01
-2.3223475422e+00
-6.8377880013e-01
2.8337389038e-01
-7.9631201302e-01
-2.1626313924e+00
-1.2714721204e+00
-8.7567677583e-02
1.1213935521e+00
-6.5269905145e-01
7.8106428021e-01
7.9977724564e-01
2.2080338022e-01
1.1385749910e+00
5.3507802797e-01
7.4569468500e-01
-9.7581432160e-01
6.8624904550e-01
-6.5596414343e-01
-1.1290944189e+00
-6.6040195598e-01
-2.7422044619e-01
1.0790901841e-01
-5.9883505553e-02
1.0023768998e+00
-6.0200013209e-01
1.8249008283e+00
-2.9904894815e-01
-1.0873824068e+00
-9.6742288335e-01
-5.2558902915e-01
-3.0195581605e-01
1.6933215173e-01
-2.2564257649e+00
6.0465212476e-01
-4.9435621209e-01
-1.3467805813e-01
-2.8928830927e-01
-1.7334253469e+00
5.3514162550e-03
-7.4261432029e-01
1.4373617813e+00
-1.4446193835e+00
-8.0971112294e-01
6.0470167081e-01
8.7561861174e-01
2.9406514385e-01
9.5827393338e-02
3.9506520878e-01
-2.0315971003e-01
-1.6339501665e+00
-1.5227044988e+00
9.8023620645e-01
-2.4727612142e-02
1.7543047253e-01
7.1019552517e-01
1.8103909763e-01
2.9177235203e-02
1.2992437221e-01
-3.6316527250e-01
3.0257175673e-01
1.9763758027e-01
2.1331262829e-01
8.1010880527e-01
-1.4188688700e-01
-1.1276546501e+00
-7.4714845530e-01
6.3531962463e-02
6.7998880246e-01
