2.0515066459e-01 1.3989242430e-01 -1.1839344011e-01 2.0218409643e-01 -1.2354266798e-01 1.4300003162e-01 -3.7421483991e-01 -1.2298175740e-01 -1.3626614396e-01 -6.7967201779e-04 7.0036161874e-02 4.2489584895e-02 1.2284263467e-01 -8.6705742916e-02 -1.9030783337e-01 3.1270393373e-03 -6.4593578205e-02 -1.8616103365e-02 -1.3294377526e-01 4.8738581423e-02 -2.1863611350e-02 -1.5689561160e-01 1.4815647377e-02 -3.1091103119e-02 -1.2578218379e-02 3.0440232126e-02 -9.5127848037e-02 3.3304705434e-01 4.5717344437e-02 -2.3205597997e-02
2.2022613459e-02 9.5294016401e-02 -5.8204446877e-02 -3.8531664581e-02 -3.3413993243e-02 4.4352786985e-02 -1.4974090205e-01 2.3967582746e-01 -3.8097320447e-02 -5.9349079289e-02 1.5884126034e-01 -6.1283276726e-02 2.5359738366e-01 2.7902198811e-01 -1.3683238713e-01 2.6954758347e-02 8.7638142031e-02 1.8347674850e-03 6.8028364800e-02 -1.4342085848e-01 -8.8684864861e-02 1.1579923951e-01 -1.9909717116e-01 -1.3904055892e-01 -3.6800755171e-01 9.1120454486e-02 4.0241606289e-02 1.4792076687e-01 -1.4531424455e-01 2.2500302592e-02
-2.3003755396e-01 -8.1704169596e-02 6.7099477825e-02 -1.6846662684e-03 -7.3408524807e-02 -1.2597338019e-01 -8.5477357149e-02 1.9051338245e-01 -1.8851678242e-02 -1.2887135818e-01 6.9928365289e-02 -1.8047058526e-01 -9.5007654680e-02 1.3579765367e-01 2.4959527748e-02 1.9392132260e-01 2.9799879461e-02 2.1491092690e-01 -4.1159734437e-02 -1.4164352633e-01 1.0964963163e-01 1.3872441367e-01 5.9388023769e-02 8.2493042729e-02 1.2633372226e-01 9.2021248517e-02 7.6358022882e-02 -2.7776896288e-01 8.5194614736e-02 -1.3085196889e-01
3.7344067660e-02 3.5787864351e-01 -1.7056431145e-01 6.5726584579e-02 -6.1055741395e-02 4.2410600255e-01 -1.4646473375e-01 -4.7819589927e-02 -3.6223712749e-03 -1.7075528866e-01 -4.5133013482e-02 -1.5122767899e-01 -2.9313230426e-01 -9.0000516712e-02 -2.4083990602e-01 -7.5315817720e-02 -8.7066168301e-02 1.3214383582e-01 -8.2245445358e-02 1.4505061503e-01 -8.4069456986e-03 3.2273186459e-03 1.0792826607e-01 1.3611003824e-01 2.0607564541e-01 5.8264849629e-02 -1.9091951702e-01 -7.5180764731e-02 1.6087039450e-01 -9.6255963692e-02
6.0062396196e-02 1.7713415076e-01 2.0011299807e-01 -5.1947494259e-02 2.5702710063e-01 -1.5019797668e-01 3.0935258149e-01 2.7028923001e-02 -2.7503468980e-02 1.0970085370e-01 -1.5257911137e-01 8.4576382129e-02 5.1561461110e-03 -1.0909260457e-01 8.2144981176e-02 -7.3588913908e-02 -7.9114955788e-03 -1.0270989989e-01 1.3258278044e-01 -1.2636398848e-02 2.2022438561e-02 1.2955055772e-01 8.3778874779e-02 -1.9297128774e-01 -1.4745231275e-01 -1.2205221149e-01 2.2578963444e-01 2.7010824878e-01 -1.2476191813e-01 9.4769982158e-02
3.9739011049e-02 -1.4639019310e-01 -1.3408294962e-01 2.5391796669e-01 -3.2617791541e-02 -6.1625493748e-02 1.0385990930e-01 -2.5274761557e-01 1.6202908694e-01 1.5541844446e-02 2.2924226675e-02 -4.9191715469e-02 5.4543546911e-02 -7.7187536930e-02 1.0226461348e-01 -2.9124909144e-02 1.5040933160e-01 4.6364767281e-02 1.9421123455e-01 -1.8334834497e-01 1.4727172686e-01 -3.3974784488e-01 -1.9196395951e-02 2.5635556306e-02 9.4185113930e-02 -5.9123251362e-02 7.9554064267e-03 -1.0195576916e-01 5.2096227424e-02 9.9291488037e-02
-7.6768179755e-02 7.4689985677e-02 -6.4156372179e-02 -1.3798331865e-01 -1.2524883657e-01 -1.0604265499e-01 4.9743285054e-02 -6.6422713844e-02 -3.0588515273e-01 -4.2789026494e-02 1.2243763868e-01 5.1827199249e-02 -1.3643796582e-02 2.5783599611e-01 -1.8917740084e-01 2.2385810214e-01 1.4909282879e-01 3.4467062296e-02 -6.8579114655e-02 -6.8920592220e-03 -8.0487767382e-02 -1.3800738027e-01 -8.6482184847e-02 -7.4732000737e-02 -2.6100282045e-01 7.4320109616e-03 1.0901480162e-01 5.6424608642e-02 -8.4763334814e-04 1.6985565842e-01
4.6283372275e-02 9.0686222948e-02 1.4177978621e-01 2.0172604476e-01 -8.5298042297e-02 -2.0841234192e-01 -5.1977322190e-02 -1.8119978858e-01 -4.2962590421e-02 9.0646517200e-02 3.1866618832e-01 1.1987681377e-01 2.1197898187e-01 -3.9093969483e-02 -9.5518751186e-02 6.2569355021e-02 -2.9781503774e-01 8.7353171070e-02 -9.7350116200e-02 3.3887575234e-02 -9.1233698240e-02 3.9030444510e-02 -1.2185778025e-01 -7.9026285267e-03 2.7160387018e-01 1.1995459600e-01 -5.0188702602e-02 1.7230923951e-02 8.4650348646e-02 -3.4184332349e-01
-1.2387268952e-01 -1.7746992641e-02 9.6510919729e-02 2.2052664481e-01 -3.1220056300e-01 -3.0985338139e-01 -2.6125309155e-01 2.4537338027e-01 -1.3683265340e-01 -1.3226139110e-01 1.8455003339e-01 -2.2574127249e-02 -4.3923357996e-02 2.0341618114e-01 -1.0979402759e-01 3.6512723740e-01 9.8660808652e-02 3.6944344852e-01 -1.0044193287e-02 -2.7214503696e-01 2.1162516088e-01 4.7502634007e-03 3.6419371830e-02 -6.6138540563e-03 -3.0964116234e-01 6.8639566197e-02 1.1835085344e-01 8.4692473954e-02 -6.8357544723e-03 -1.5624314517e-02
-2.0932214467e-03 -1.2530862944e-01 -2.7256264938e-01 -1.6697691471e-01 -1.4486072135e-01 1.0690587910e-01 -6.8326999534e-02 -2.2816800832e-01 2.4349397759e-01 -1.1595495099e-01 1.2811138056e-02 5.9156276834e-02 1.3035505428e-01 -6.8325782137e-02 2.1213535970e-01 1.2146350445e-01 -8.6992025551e-02 -2.1444357024e-02 2.8223309126e-01 1.1046724454e-01 -2.0805333866e-01 -1.7657990503e-01 3.9227780883e-01 2.7919981182e-02 9.7016828735e-02 -6.2066909963e-03 1.2528918433e-01 -1.8877445570e-01 -4.9330214212e-01 2.4771060640e-01
-1.5935745734e-01 -3.4227092555e-01 1.0649147094e-02 1.1380907520e-01 -2.7201541780e-02 7.3574298770e-02 1.0561097835e-01 -2.1087902835e-01 1.4244756818e-01 1.0246206253e-01 -2.7344382974e-01 2.8468433990e-01 1.2768108878e-01 2.1136214497e-01 -1.1957909059e-01 4.0099244656e-02 9.1125106223e-03 -2.5011907126e-01 -1.8177383384e-03 2.4648842082e-01 8.5576656657e-02 -1.2348184230e-01 -2.5583081343e-01 -2.7735835728e-01 -2.6722754651e-01 2.7836639467e-02 1.0087421877e-01 2.6942334202e-01 -1.6008019227e-01 1.7272121012e-01
-9.6464843042e-02 8.0740212787e-02 3.3273587928e-01 -7.4438542053e-02 4.1541246504e-01 2.3862977377e-02 -6.6336009638e-02 -1.0562581494e-01 1.2171862345e-01 1.0825118983e-02 8.5157739438e-02 -4.3513123427e-02 -2.5217296194e-01 -4.2101343096e-01 -6.3247463003e-02 -2.4419398747e-02 1.9476365635e-01 -2.3320248145e-01 2.6417277721e-02 1.4625277737e-01 -1.7719088973e-01 1.5727182483e-01 -1.4680305519e-01 -4.7758233012e-02 1.6258878850e-01 -4.7810139274e-02 -2.2709236865e-03 3.3514208528e-01 1.6188529477e-01 -8.6115578076e-02
3.1275068660e-02 2.7823454745e-02 1.6726955806e-01 -3.3720686595e-01 -2.3707698042e-01 2.6535127467e-01 1.5943689834e-01 -3.5375272805e-02 -1.4097344604e-01 1.7350227802e-01 8.2659464602e-02 -1.3487377484e-01 2.2898628671e-01 1.2062828921e-01 1.3104358719e-01 4.2345014927e-01 1.5961320227e-01 -9.1441840193e-02 2.3708434911e-01 -1.8072920590e-01 -1.7286995866e-01 -1.2218450679e-01 1.1720752675e-01 -1.4929859163e-02 1.7028006469e-01 -2.4593915551e-01 7.2237908981e-02 -3.2236886865e-01 -2.1986562181e-01 2.3964949250e-01
