1.9514970805e-01
-5.8851510150e-01
-1.5730734194e-01
2.2196485752e+00
-8.7681990096e-01
3.9951641827e-01
9.4775965558e-01
-1.6778759778e+00
-1.9625686818e-01
-2.5732418695e-01
5.0074420120e-01
-1.1855638308e+00
-2.1691962065e-01
3.3125766318e-01
9.9165042136e-01
6.2570460098e-01
-1.6701822501e-01
-4.6209029625e-01
4.8711347892e-01
-2.1840556040e+00
2.2513470318e+00
2.1972275419e+00
8.8837442494e-01
-2.2699860532e-01
9.8661150752e-01
1.5283400629e-01
-3.1588187285e-01
-4.4196786042e-02
-1.8009320355e+00
-1.0668802456e+00
3.6304032702e-01
7.2077485162e-02
-3.5977526742e-01
-5.4246909485e-02
2.6800561825e-01
7.4708103272e-01
-8.6855737316e-01
7.0328615435e-01
7.2962425680e-02
-3.3211410175e-01
-2.0696724573e-01
9.3171081025e-01
2.1403753680e-01
9.9688367090e-01
-6.0965434329e-01
1.4710519988e+00
3.5600371711e-01
1.1991918311e-01
2.2756048670e-02
-1.6038127057e-01
6.9960150774e-01
-2.6845042609e-01
-8.7415447770e-01
-2.4783090432e-01
4.9771286237e-03
1.1869262473e+00
1.9353066582e-01
4.3122748399e-01
-7.0494075660e-01
1.1560612609e+00
9.1967550407e-01
1.9288511328e-01
4.4203560635e-01
7.1698105387e-01
6.3712901453e-01
-7.0195187019e-01
