-4.1727883181e-02 9.6665438173e-02 -1.4330618818e-01 7.4866448892e-02 -4.1833431394e-02
-4.6945322475e-02 -9.1463173484e-03 -2.7299913836e-01 7.6681293208e-02 -2.5729782755e-02
2.4297749047e-01 6.4604243217e-02 5.1366570979e-02 -2.4809462836e-01 -3.5908897273e-02
3.5255557042e-02 5.6923307105e-02 -5.3577124448e-02 -1.5499961977e-01 1.1911415625e-01
-5.1373234693e-02 1.4269914272e-01 -2.2716272952e-01 -8.4404500606e-02 -6.6115867921e-02
3.7836771777e-04 3.4575092104e-02 -1.9477523207e-01 -1.0767681965e-01 2.4561111482e-02
-4.4558894073e-03 5.9727657948e-02 1.1169078941e-01 -1.7071034141e-01 2.7932472835e-02
-5.7410587897e-02 2.0254000195e-01 7.1755178440e-02 -6.1313968571e-02 1.0751301694e-01
-6.7324853127e-02 6.6321596023e-02 1.2818445778e-01 -1.2043293963e-02 4.9188846011e-02
-1.4289873891e-01 3.5968161819e-02 -1.4308682748e-01 -3.2963127979e-01 -1.0696184022e-01
-1.1548082501e-01 -1.0621599049e-01 -1.7013147658e-03 -4.9939581971e-02 -8.8410765854e-02
5.7361547565e-02 1.4272204766e-01 3.6912753194e-02 -2.6034992941e-01 9.9814248628e-02
-4.8258555133e-02 1.8321916257e-01 -1.1891185729e-01 -1.6959261849e-01 -1.9552289953e-01
-4.4276154009e-02 9.1866194369e-02 -5.9917440562e-02 1.8613859762e-01 9.6828946759e-02
-9.0036316495e-02 -1.3407016775e-01 1.8292586022e-01 -1.1444634998e-01 -7.6692033374e-02
7.5926227775e-02 5.6468186924e-02 1.5154482633e-01 2.0098879437e-01 7.0574850797e-02
1.2255124955e-01 -6.8705877948e-02 2.0001213269e-02 -1.4102315160e-01 -5.9429870524e-03
-2.4322357861e-02 -5.6952140616e-02 -1.7709121026e-01 -5.4749379935e-03 -9.2515217840e-02
2.8672451963e-02 -1.3304935334e-01 -2.9023730114e-02 -1.6296650731e-01 -5.0001117154e-02
-1.0466371272e-01 2.6921295484e-02 2.2428670315e-01 1.2392108277e-01 -7.5654526912e-02
-3.3100392665e-02 1.2087251501e-01 -1.3058696466e-01 1.8995122647e-01 5.4275700721e-03
-1.7096957201e-01 4.6310326134e-02 -1.4244305619e-01 1.0877099163e-01 1.0346980396e-01
-2.5617164144e-01 -6.4887019176e-02 -1.6894213518e-01 -1.0878443297e-01 -2.9076122328e-02
4.1402991167e-02 -6.2953634384e-04 6.7195437856e-03 1.8554979890e-01 1.5108984428e-01
3.2890195906e-02 -6.6960807247e-02 -1.0558573247e-01 -6.5075666388e-02 -2.5129667916e-01
1.2986675520e-01 1.0420958509e-01 -1.7281805931e-02 7.6624441842e-02 -1.2267329250e-01
-1.0707452956e-01 -1.2855782905e-01 -6.5469629513e-02 1.3382996760e-01 1.2299976646e-01
1.1021690740e-01 3.3983117907e-01 1.9046017507e-02 -1.1143570544e-01 5.0108454269e-02
-8.8994329092e-02 1.4255702138e-01 6.2123850466e-02 6.2001326346e-02 -8.2700476161e-02
2.5047322533e-02 -1.0170889698e-01 -6.6704786235e-02 -1.0985455411e-01 -2.6397899057e-01
1.0587517004e-01 5.8959759866e-02 1.2722307320e-01 -2.5494662414e-01 1.6132470874e-01
-5.8232685678e-02 2.6756490942e-02 9.4644399192e-02 1.8119659609e-01 4.0583867549e-02
3.2497761475e-02 6.4258886139e-02 1.1183748544e-01 2.8775788066e-02 -2.2964930884e-01
7.9834401910e-02 1.6684206457e-01 -5.1639477980e-02 1.4891432603e-01 1.0107244105e-01
2.7445743015e-02 2.9013208918e-02 -2.9233613338e-01 8.7712193258e-02 -2.3559210437e-01
-4.5972574006e-02 4.5326180525e-02 2.3076965010e-02 1.5716599718e-01 3.0673833014e-02
7.7251128877e-02 -7.5282417613e-02 -6.9655300603e-02 1.6697021596e-01 6.0119888465e-02
-7.4676065548e-02 2.4118239735e-01 -5.7609872160e-02 1.3327133864e-01 -1.7483885139e-01
-1.4666099666e-01 -7.9727173162e-03 -2.0558936900e-01 1.7365041901e-02 -2.4749460955e-02
-2.9030426671e-01 6.0673296624e-02 1.4977473535e-01 1.4288671799e-02 -1.8846571999e-01
6.9376968343e-02 -1.4502742602e-01 -7.0694768256e-02 1.4817178998e-01 9.9759473897e-02
-1.7679703144e-01 1.9008210834e-01 1.6238336105e-01 -3.0392586759e-02 -5.9765623428e-02
1.6485334469e-01 4.9798482714e-03 -1.0376129335e-02 -1.6944166210e-01 -1.0801033460e-01
9.9529065471e-02 6.9929629090e-02 -1.7302089746e-01 -1.0048329573e-01 2.0124940407e-02
4.7823878987e-02 -3.4225376949e-02 7.3122068312e-02 -1.1837096575e-01 -1.0454782671e-01
-2.7083524975e-01 5.0414137784e-02 3.5333514094e-02 -4.0462433222e-02 9.7468807794e-02
4.2847554536e-02 2.5191088138e-01 -1.8761490011e-01 -7.4509031322e-02 2.5005849340e-02
1.8798547619e-01 -1.0410873135e-01 -2.5186520397e-02 1.3683294665e-02 -1.1207508380e-01
-6.3310974459e-02 1.5865566738e-01 1.5666875732e-01 1.8179212022e-01 -1.2060467654e-01
5.2944561091e-02 -1.0811106228e-02 -1.4634478053e-01 2.0368162085e-03 -6.5564284299e-02
-5.3270475176e-02 1.7168616088e-01 7.7196140360e-02 -8.5326935478e-02 -1.4721491917e-01
-6.9165710490e-02 8.8259540184e-02 -1.0909611366e-01 -1.2587176237e-01 9.8890640413e-02
5.9642739578e-02 1.1416435937e-02 1.6395114633e-01 6.5136653722e-02 -3.0518787647e-02
-2.3367308524e-01 1.7044041562e-01 -2.4806151734e-02 -6.8010633570e-02 -2.2171385060e-01
-7.9788279106e-02 -1.0103290759e-02 -5.0357233424e-03 -4.1942376179e-02 -3.5305842534e-01
-8.6325957603e-02 8.4439117490e-02 -4.4741884344e-02 -1.1790064611e-01 -7.6940609041e-02
-1.2216211148e-02 1.4704828181e-01 -6.0983008739e-02 1.9142178284e-01 -2.8048882001e-01
-1.4058029713e-01 -6.1405279651e-02 -2.0279207468e-02 1.7324294485e-02 1.3166132910e-01
-2.2810977866e-01 -6.0154764311e-02 2.0096871469e-01 -9.6462694283e-02 -1.0088773164e-02
8.2994735226e-02 4.6375533164e-02 -1.8036265696e-01 1.0558385090e-01 4.2644651087e-02
2.7817104459e-01 -1.2632891072e-01 1.8494717135e-01 -1.6053164386e-01 -1.2099824134e-01
-1.1433959742e-01 1.2307365878e-01 -2.5542896718e-02 -6.7130574681e-02 -5.7586997986e-03
-1.5231574231e-02 -1.0719207210e-01 1.5534168336e-02 -3.9581499615e-02 1.3863604090e-01
1.5595454990e-01 7.5636785022e-02 -9.5608768569e-02 5.7436662070e-02 -1.2034278201e-01
5.2432236606e-02 -6.1295060391e-02 7.8797222547e-02 -1.6632024416e-01 1.2787551829e-01
1.1577671642e-01 1.6383802428e-01 -8.9612481365e-02 -1.9690155443e-01 -4.6319518607e-02
-6.1979910354e-02 9.4546901820e-02 2.3580960693e-02 1.0207140380e-01 1.9903281780e-01
4.5477232249e-02 -9.0444048453e-06 1.0614015522e-02 -9.8222366328e-02 3.6914976197e-02
2.3476182585e-02 -3.6453192194e-02 7.0765711143e-03 -2.4346960204e-01 -3.5213587277e-02
1.3325397853e-02 -2.8779923368e-01 -1.5522170508e-01 -2.7793165497e-03 -6.9737332941e-02
3.2341866945e-02 -7.2517993317e-02 -3.4059690755e-02 8.1983915973e-02 5.8882384769e-02
-7.6648764743e-02 -2.2174663526e-01 -8.5708264661e-02 -5.5444080711e-02 9.4349014561e-02
7.7822631580e-02 6.4642937762e-03 2.4958654333e-01 -1.0695467209e-01 -9.3557631621e-02
-9.3340188309e-02 9.2163607480e-02 1.5482224882e-01 1.4331076259e-01 -1.2219519822e-01
1.2210738616e-02 -1.5860904880e-01 -2.4715828133e-02 1.4768601176e-01 -9.2915690516e-02
-3.1953987195e-02 -1.5141703260e-01 1.0889342890e-01 2.6940817451e-01 -6.7229864415e-02
3.0683620905e-02 7.4095833049e-02 8.8720326254e-02 -2.5273198601e-02 -1.8598226117e-01
2.2432515767e-01 -8.1045517666e-02 -2.4551077321e-01 -1.6717267980e-01 1.1993744106e-01
3.3562971416e-02 -9.6892367740e-02 1.8526980675e-01 4.9711825139e-03 -1.8148076844e-01
3.0574283041e-01 -4.5805073929e-02 4.6058829490e-03 1.0834862692e-01 2.9937327345e-02
-1.1126619271e-01 1.2088911470e-01 -1.8119744094e-01 7.1669718984e-02 -8.4017981395e-03
-6.7654006505e-02 1.2538703271e-01 -8.5397011538e-02 -1.6243177200e-01 -6.0522251972e-03
2.2790949580e-01 3.2693182095e-02 2.2395722513e-02 9.9504825122e-02 -1.9132632348e-02
-1.8017483214e-01 -1.7415411284e-02 6.5355200041e-02 5.8843724923e-02 -7.4652358829e-02
-2.5296386961e-03 -7.4241014957e-02 1.2148999910e-01 -2.7662654620e-01 2.0737219799e-02
-1.5796767342e-01 -1.9566793729e-01 -6.1777959539e-02 -1.3254560392e-01 1.3518361647e-01
-9.0456720876e-02 1.5653096818e-01 2.1302479358e-01 -5.9882103344e-05 -6.7061815197e-02
6.2017920388e-02 1.3210365760e-02 1.3266638297e-02 -1.1394397052e-01 -3.9097156197e-02
7.3459345896e-02 1.6096066233e-02 1.4537941520e-01 -8.2464452861e-04 1.7643801407e-01
1.3129864482e-01 2.5181640160e-01 1.1436659244e-01 1.4812297245e-01 1.0583523682e-01
9.2014116318e-02 1.1221624512e-01 -6.3163390633e-02 2.6948397737e-02 -8.8153805907e-02
4.5312951111e-02 -2.0796296329e-01 -2.1070380860e-01 1.7484355569e-01 1.7633650983e-04
