2.7565867777e+00
-8.1952333268e-02
7.0563256962e-04
1.4524894125e-01
-7.5566329467e-02
3.3368735363e-01
1.6425387092e+00
-5.7655769254e-01
8.4940217389e-02
-1.3099154717e+00
1.1191355791e+00
3.5980668912e-01
6.2681365922e-01
3.9017852254e-01
6.3682342233e-01
7.2477873976e-01
-3.9645619342e-02
-3.5723268820e-01
6.7836612011e-01
4.2022374262e-01
4.9273470800e-01
1.4376969885e+00
1.1891463070e+00
1.7499187688e-01
1.6801090623e+00
3.0191963428e-01
-2.6344180350e-02
9.4641240448e-01
3.2866274662e-01
2.5593774423e-01
6.7395135749e-01
1.5720449937e+00
2.9302286676e-01
1.1839234289e+00
-7.3501025234e-01
-8.2140727026e-01
-7.3130725961e-01
-1.1553401135e+00
4.5319420036e-01
2.0363895877e+00
1.2281337729e-01
-4.7663400856e-01
6.4818385028e-01
-5.2854151760e-01
1.7074651248e+00
1.8204948151e+00
-9.1797946075e-01
7.5518223344e-01
-3.6727611730e-01
-6.9363054776e-01
2.5641933374e-01
-8.2224406986e-01
