1.6605204549e-01 1.6122736250e-01 -4.4747327861e-02 1.7461021317e-01 -2.0878967158e-01 1.2579341594e-01 1.9336792508e-01 -2.4299001163e-03 1.9186192305e-01 2.9311397371e-02 2.9801550793e-01 1.7096029253e-01 -1.0904136919e-01 7.6892496348e-02 -1.7631964079e-01 -1.2737742578e-01 -6.2880973708e-02 1.5289148928e-01 -8.3969365023e-02 -2.0101320863e-02 1.0693247065e-01 -1.5916332442e-01 -1.9676510314e-01 8.3082807153e-02 -5.2225725355e-02 3.7741204297e-01 -2.7435705753e-02 3.2228526307e-01 6.4876599755e-02 5.7324206333e-03 -2.2282462897e-01 3.0433380834e-01 1.8117583804e-01 -2.1245545956e-01 2.3800595477e-01 4.1766097043e-02 5.8672172007e-02 -2.9630953986e-01 2.3652726011e-01 -1.2717402176e-01 -1.2123813208e-01 1.3131082480e-02 5.7717785735e-02
-2.3820884146e-01 4.6788673966e-02 -2.8788778096e-01 6.4411749053e-02 9.5356330086e-02 -2.7272674443e-02 5.1625183480e-01 -8.2756390949e-02 -1.8868581957e-01 7.0132924833e-02 3.8482088357e-01 9.4551212580e-02 -2.8098324553e-01 -8.7136432656e-02 1.2591093026e-01 -3.7780721615e-02 -3.7755183313e-01 5.4139620181e-02 1.0740616124e-01 1.5457033159e-01 -4.5369305970e-02 -5.1230215014e-02 1.0581351831e-01 1.0834547130e-02 1.3630957916e-01 2.5482230100e-01 -9.9600404716e-02 -1.3078989912e-03 2.7475918544e-01 6.5086040179e-02 3.0737858294e-01 2.3611265511e-01 -9.5845295523e-02 -6.1886279142e-02 1.3409930436e-01 -2.5381861603e-01 -1.6441105253e-01 1.6733607444e-01 -1.4420210891e-01 -2.9602215781e-02 5.1546994975e-02 1.7088478417e-01 1.0344754546e-01
1.8116700645e-02 9.3343163102e-02 9.4621880712e-02 -2.9204199760e-01 -2.4093593441e-01 1.4745797668e-01 1.6936691130e-01 -7.0367279635e-02 3.2149411867e-01 1.9190437027e-02 -9.4434940990e-02 2.2265584956e-02 -1.5224976195e-02 -4.0952838458e-02 -2.4350474975e-01 -7.8220450908e-02 1.1056048076e-02 1.7293318249e-01 -1.8157450527e-01 -8.0291194418e-02 -9.1077311977e-02 -1.5270767578e-01 -3.6925715102e-02 7.2837690562e-03 9.8106018054e-02 -1.0778942759e-01 2.0067692192e-01 -2.6304943461e-01 6.6552097851e-02 9.6935549423e-02 -2.0871937219e-01 -1.4997239115e-02 4.3670641472e-02 1.9552700186e-01 2.8135525702e-01 -7.6473856101e-02 -1.6949116983e-01 -7.7934511358e-02 1.2814940776e-01 2.8496035656e-01 2.8645744492e-01 -2.5150269921e-01 1.3289023931e-02
-1.5558127029e-01 -2.2960681392e-01 1.7511354494e-01 -1.2448916368e-01 6.4489813951e-02 1.2308007163e-01 -1.2391543893e-01 -2.8575786704e-01 1.9186066990e-01 4.6856730756e-01 -4.4546777324e-01 -4.2563455465e-02 6.0609191151e-02 -3.3454174601e-01 8.6056932579e-02 -3.0627962801e-01 3.4079568319e-01 -1.0463145657e-01 2.6292303091e-01 -1.1454939697e-01 2.1872861360e-01 -4.3106421751e-01 -1.6281145780e-01 -2.1971569035e-01 -2.1658772560e-01 2.0375028135e-02 -2.9488294291e-01 1.5265911201e-01 -4.7823036349e-01 -1.9831537917e-02 -1.3802944264e-01 1.1666709166e-01 1.7867959849e-01 -1.7709492313e-01 -1.9484108674e-01 1.6118283911e-01 -2.1340944938e-01 -1.0951647486e-01 4.5308086150e-01 2.4887050224e-01 -3.4903905680e-01 1.3615660963e-01 -3.2914486496e-01
4.7173397538e-01 -6.5629989338e-02 -4.1614637257e-02 1.4746850750e-01 -6.0145320317e-02 -5.9158035274e-02 1.9097588953e-02 4.6428126451e-04 -1.1679447350e-01 2.2680376433e-01 1.6318073911e-01 -3.6326445878e-03 -4.3059230038e-01 -3.2844348915e-01 1.2472569406e-01 -4.2647721222e-02 -1.2345157594e-01 7.0062375369e-02 8.9283375233e-02 2.7664530270e-02 2.1576259197e-01 1.0370766010e-02 1.8745138203e-01 -6.1403844978e-02 1.0389482163e-02 -1.7719679028e-01 1.5307838939e-01 1.1217884259e-01 3.8854170069e-03 -7.8849625566e-02 2.0661013457e-01 -4.3158309326e-02 -1.5346953791e-01 -1.4807143318e-01 1.0873796380e-01 1.8843993013e-01 -5.9245051562e-02 1.3113876123e-03 1.8945162309e-01 -3.9151648965e-01 4.8945656272e-02 1.5247286549e-01 -2.7589192620e-01
-1.9221353989e-01 -3.0714527627e-02 9.5969872113e-02 -1.4702174239e-01 9.3668977613e-02 -1.3259065994e-02 -1.7951339163e-01 -1.3076296202e-01 1.5960602795e-01 2.1251013000e-01 -2.4482927711e-02 1.3355737490e-01 -2.0873805834e-01 -8.0345978648e-02 4.0863522304e-01 1.2837068109e-01 2.3673539179e-01 7.1568063595e-02 -1.3356460103e-01 -3.0397701705e-02 -2.7506688570e-02 -2.3296490100e-01 -6.5567244207e-02 1.4976936697e-01 -3.0392323672e-02 -2.1237325122e-02 6.1678647880e-02 2.1392417762e-01 -1.8206814907e-01 -2.2859306393e-01 8.0242365942e-02 5.6504153371e-02 1.5373543979e-01 4.9125781452e-02 5.0253050178e-01 1.4315842985e-01 -7.9549302255e-02 2.0718793449e-02 5.0199590422e-02 -1.8484882526e-01 -1.5579643629e-01 -1.2150403858e-02 -4.7370766076e-02
-1.6486638781e-01 2.1698617841e-01 2.9206396985e-02 1.8315924233e-02 -3.8617501997e-01 -1.9507805439e-01 -4.6793450273e-02 -1.1516537309e-01 1.3104887705e-03 -2.2985064505e-01 -8.6308689148e-02 -2.3423546059e-01 7.2962564771e-02 -4.6451197783e-02 1.6522785077e-02 -7.4654694289e-02 -1.9925626992e-01 -1.0504706465e-01 -2.8634594029e-01 -5.2973335622e-02 -1.8063398159e-02 6.1543113564e-02 1.4194833473e-01 -1.7514134231e-01 -1.2254159053e-01 1.0815657928e-01 1.7893905461e-01 6.7268410358e-02 9.4778853450e-02 1.4468794228e-01 -2.3852647415e-01 -6.8718483551e-02 -1.8206456100e-01 2.7906834989e-01 2.2676584561e-01 -1.9795130792e-01 6.5480655967e-01 3.4602382912e-02 2.7913088702e-02 -2.5847331568e-01 -3.5189259994e-03 7.8793521715e-02 2.9416628457e-01
2.0666772380e-01 -2.9068211826e-02 2.2713728619e-01 3.2522070939e-01 -2.4717119019e-01 2.6213268335e-01 -1.3356973622e-01 9.8497881609e-02 1.0849509171e-01 1.4066157387e-01 2.5822427942e-01 -2.6786301635e-01 2.3173361401e-01 -3.1440095755e-01 -3.8970786736e-03 2.8616768418e-02 -2.3200067732e-01 -2.4859887907e-01 3.7474852532e-02 1.6060156297e-01 -1.2167031291e-01 -1.1636818344e-02 -1.3770282022e-01 4.2363459350e-02 -1.0478202680e-01 -6.0548852822e-02 1.6412868250e-01 -1.4514350160e-01 5.1016273548e-02 -1.0600930153e-01 -9.1281879199e-02 -2.8013304482e-01 1.9367263885e-01 -2.4621379111e-01 5.2831007146e-02 2.3986974743e-01 -4.1888494742e-01 -2.3300430757e-01 -1.3442893824e-01 9.5347979407e-02 -2.9901853986e-03 -3.1834834488e-01 1.7206366961e-01
-1.4757723501e-01 -2.1012511794e-02 7.2426158803e-02 2.2016888114e-02 -3.8710369065e-02 -4.3768417820e-02 -1.2337715312e-01 2.8096397722e-01 -1.4952603104e-01 1.3313074944e-01 2.5509200555e-01 -3.6178821926e-02 -4.1274062774e-01 2.5999216637e-01 9.0949630790e-02 -2.1427503044e-01 9.0328366103e-02 2.3817555272e-01 1.3861955088e-01 2.6452434772e-02 1.5555872673e-01 -4.1107877173e-04 1.0314663438e-01 -1.9483642649e-02 -1.3570488042e-01 3.3947606644e-02 2.4146603468e-02 -2.9401165168e-01 -7.6096613740e-02 -1.2893639373e-01 1.4115500589e-01 -2.5511845102e-01 -7.8857356779e-02 6.0740911964e-03 6.9396075682e-02 1.8870101074e-01 -8.2566501583e-02 -1.9654519464e-02 4.2532821250e-02 -6.1317603171e-02 -1.1570468052e-01 1.7399315740e-01 -2.2989200731e-01
2.6752421123e-03 -5.6357505713e-02 -1.2034335844e-01 -1.3713222916e-02 6.5075428691e-02 1.0812581161e-01 -2.5339894229e-02 1.2269985320e-02 -3.1373373120e-02 -6.9830233949e-02 -1.0327189485e-01 9.0660415183e-02 -2.8915438807e-01 3.4140237256e-01 1.0967181650e-02 9.6089872538e-02 3.5609725694e-02 -2.4416845431e-01 -4.5439817831e-02 3.2723531899e-01 9.1753216460e-02 8.9270171687e-02 1.8194760552e-01 5.3760421767e-02 8.6169328491e-03 1.1836512865e-01 6.0341510055e-02 -1.3400137547e-01 -1.1191213421e-01 -1.5762626449e-01 1.8080395818e-01 -1.5272685662e-02 -4.8495419158e-02 5.8343209382e-02 2.8828035019e-02 -5.1060060020e-01 2.2888696239e-01 -6.8267081495e-02 -2.0917206856e-01 9.6198649376e-02 -7.6647640395e-03 -2.8245555703e-02 -1.8708139853e-01
5.5685654273e-02 -4.2875652944e-02 -7.9168806387e-02 -4.4393196602e-01 -3.9320984832e-01 -7.7842094253e-02 2.4501399408e-01 -4.0045009269e-01 -4.1448321669e-02 9.0075116144e-02 3.6679141941e-02 -7.5553246243e-02 -5.8843725059e-02 1.3373059529e-01 -6.0407380375e-02 -5.4149264665e-01 1.7458282185e-01 4.8190336629e-02 -2.1139652746e-01 -3.0172373706e-01 4.2088487363e-02 -2.8123413112e-01 3.3979800132e-01 -1.1103761882e-01 -1.5133763821e-01 1.0636340065e-01 1.3285177808e-01 -2.1064052512e-01 -1.9466877242e-01 2.2080727270e-01 7.8472473685e-02 -4.6557337049e-03 1.3466767697e-01 3.9821577501e-02 -8.4024557154e-02 -7.9054103525e-02 5.3916847254e-02 -2.3055213629e-01 -1.0794118710e-01 -2.2216673479e-01 3.6744641038e-02 -4.9444973089e-01 -3.1843029070e-02
1.6601302333e-01 -1.6403695687e-01 -3.4674185148e-01 -3.6680142877e-02 -9.3766267305e-02 -9.2541906323e-02 -8.9721347605e-02 -3.0996310293e-01 1.9025202210e-02 -2.2918666109e-01 -3.4969291903e-01 -2.9053736455e-02 -3.5878848505e-01 2.6739803146e-03 1.8587782651e-02 1.1671535051e-01 1.7317972575e-02 5.0125430196e-02 -2.3871120402e-01 6.9097181800e-02 -6.8693003422e-02 -3.5095162753e-02 -1.4455959135e-01 1.7265800479e-01 7.3276167063e-02 1.7358217148e-02 1.5322792580e-02 6.6043041317e-03 4.7098261226e-01 -5.3733878304e-02 6.2251402903e-02 7.4345863941e-02 -2.4355214731e-01 -9.8555479396e-02 7.5363798731e-02 -1.0241649936e-01 3.0443979103e-01 2.8899996138e-02 -1.2482648078e-01 -3.5326244007e-02 -9.7347798278e-02 1.4014461128e-01 1.1348268695e-02
-1.2855862713e-01 -1.3669822116e-01 1.9492986488e-01 -1.8728232293e-02 1.6136000741e-01 1.2295494670e-01 8.3933441265e-02 2.1356276871e-01 -8.5290039188e-03 8.2705347717e-02 1.8904386364e-01 -1.1955778139e-01 -6.7943532158e-02 -1.3745725282e-01 1.3088913651e-01 9.2350428412e-02 -2.4889326451e-01 -7.8781899181e-02 -1.0665871320e-01 1.1542125403e-01 2.5270042102e-01 1.4493280771e-01 -1.1230461441e-01 -7.8871182442e-02 -4.9640798405e-02 -3.8211912412e-01 6.2349761113e-02 -1.3791136505e-01 -1.0154726991e-01 6.2261011757e-02 9.4852827818e-02 -5.2811554515e-02 8.9077391225e-02 -5.9314505426e-02 1.7104426828e-01 -6.5754306219e-02 -3.9837812427e-01 3.5369130643e-01 4.0257178840e-02 1.7097524161e-01 9.3201075183e-02 -2.9437648899e-02 1.3808417784e-01
1.2431117180e-01 6.5576010668e-02 -1.0839907654e-01 4.0756779076e-02 -3.6064103056e-01 -2.1672459408e-01 1.9011594471e-01 1.1652829859e-01 1.6850152006e-01 -1.9034203659e-01 2.0372632056e-01 2.2000210964e-01 1.9710994320e-01 -3.7086893392e-01 -1.5130552104e-01 1.1608638951e-01 -3.5675959557e-01 6.1690636368e-04 -4.2961018632e-02 -8.7209012311e-02 -1.7103451337e-02 1.1610550860e-01 -1.2763201906e-01 2.4472183189e-01 1.2014365390e-01 2.8632634152e-02 -9.3288442628e-02 -1.3010392251e-01 6.9624302404e-03 8.8596410389e-02 2.0717098509e-03 -2.9296257494e-01 -2.8025485362e-01 2.3036578514e-02 3.0050605941e-01 8.7061402553e-02 -1.0073618766e-01 6.6724065560e-02 9.0307380590e-02 1.6565679395e-01 -2.4088249000e-01 9.4893543098e-02 -1.5100080728e-01
4.3768969921e-02 9.0521970973e-03 -1.1679939323e-01 1.3951860155e-01 1.9781177377e-01 -1.2521272876e-02 -1.4802457849e-01 -1.2115499493e-01 -1.4508816057e-01 1.2750697703e-01 -1.2250855501e-01 3.0367623771e-01 1.0982789802e-01 6.0599074290e-02 -8.7424516433e-02 -1.5666208541e-02 -9.8017267656e-02 3.2481336659e-02 7.0459857852e-02 -2.9893481064e-02 -1.9529979863e-01 -2.4031843365e-01 1.2795964149e-02 -1.9762788202e-01 1.4693634753e-02 4.6589882783e-02 3.0933987147e-01 2.5133846973e-01 5.3207466331e-02 1.8443251360e-01 -1.3661915881e-01 1.5012992558e-01 3.0800221376e-02 7.6419465832e-02 1.4912441363e-01 -7.5544657554e-02 5.3594002595e-01 1.2545610359e-01 6.7809124447e-02 -1.1400781812e-01 -1.0994450646e-01 -3.4553736423e-02 2.7514003397e-01
-1.6714272333e-01 2.1153490471e-01 -8.4384761044e-02 -2.4169553657e-02 -1.4360246282e-01 1.7682281669e-01 -2.3727653753e-01 1.1577172096e-01 -7.7857381201e-02 -3.8244882825e-01 1.7085331652e-01 -9.2294714982e-02 1.9148774651e-01 2.6891699681e-02 3.8072259024e-02 7.6234084716e-02 1.7430559675e-01 -1.6052219337e-01 -4.6734592913e-02 1.9599064895e-01 1.2158045304e-01 -3.8329635930e-01 -9.9803045725e-03 9.2473928905e-02 1.6728334953e-01 6.4525707111e-02 -2.0396995410e-01 -2.3350973431e-03 9.9975305466e-02 -1.4136475795e-01 2.8167794435e-01 -4.9529114295e-02 4.9253647040e-02 -1.0229104035e-02 -7.8727270047e-02 -1.1007834229e-01 3.6461279846e-02 -1.7625484863e-02 1.5150804952e-01 -3.2651830560e-02 2.0053306707e-01 -1.2676835117e-01 2.6894176580e-01
-3.0744910350e-01 -2.9815811164e-02 -1.2482557269e-01 -8.5537987262e-02 8.9202994809e-04 2.4918767928e-01 -6.5458241615e-02 2.0470185446e-01 -2.6886304602e-01 4.1347194641e-03 1.4566999010e-01 1.0299532711e-01 -5.8184152878e-02 4.7853029320e-01 -3.8268221911e-02 -7.0335053635e-02 2.0690570922e-01 1.1389533613e-01 3.6755793822e-02 4.1776572299e-02 -1.3976536668e-01 -9.8510162850e-02 -1.4557263316e-01 -3.3238851463e-03 -1.9309890429e-01 7.0446745972e-04 -2.2731570055e-01 1.6477652935e-01 -1.3526688847e-01 -1.3839129866e-01 2.8334247887e-01 -9.3698486933e-02 3.0918569931e-01 -2.2481241082e-01 -1.6200598836e-01 9.0034797262e-02 -1.4136659937e-01 -2.2495569727e-01 2.6460750518e-01 -3.6443724116e-02 -4.7004685828e-02 2.1373720147e-01 -3.2447716576e-02
1.3377000999e-01 -2.4800118687e-01 -7.4383983309e-02 6.2293916419e-03 1.7284975800e-02 -3.0642433048e-01 2.5163874530e-01 -3.2848457785e-02 2.0956387569e-01 -2.1558321982e-01 4.1282146225e-02 1.7021143609e-01 2.3114592145e-01 -9.6033343932e-04 -5.0919612450e-02 -2.4359384117e-01 1.1819331200e-02 1.2763681894e-01 -2.6318946188e-01 -2.6012026478e-01 1.7688483805e-01 8.4937940235e-02 -1.5343148746e-01 6.1165822948e-02 -5.0560410116e-01 1.7141199445e-02 -2.4502107564e-01 -1.8432706872e-02 -2.7090276233e-02 -1.9739294494e-01 -1.8027321258e-01 5.4788317738e-02 1.0278564161e-01 -2.2213871438e-02 -2.9968576347e-01 1.3586802870e-01 -3.4646306552e-01 2.0911744514e-01 4.4467391819e-01 2.0667536571e-01 4.3667016584e-01 4.3625845163e-01 -1.8139677251e-01
2.9086813862e-01 -6.3757302407e-02 7.5681548876e-02 -8.8474600821e-02 -1.4636928351e-01 -3.5014596884e-02 -1.5661715950e-01 1.7798451716e-01 9.0061214378e-02 -3.8040715254e-02 1.2160247980e-02 1.8375190323e-01 1.4271901980e-01 -1.4048753497e-03 5.2017039508e-02 -1.6184207545e-01 -9.0402155517e-02 -4.7056291797e-02 4.3215541483e-02 1.6755190064e-01 -1.0217061201e-01 2.9072972155e-01 -1.6772525291e-01 4.2796806501e-02 2.1289815825e-01 -1.5919298449e-02 1.2778499060e-01 3.5980748056e-02 7.2021894642e-02 -3.7070553456e-02 1.9746936671e-01 3.1168644377e-01 1.6737065649e-04 1.6479101185e-01 3.0037992740e-01 -4.5715658335e-02 2.2549715443e-02 -1.8162790094e-02 -2.5060520917e-01 3.9443049500e-02 -5.6797401015e-02 -9.3944880298e-02 3.0487571715e-01
-1.6489847656e-01 6.9271924339e-03 -1.0717344964e-01 6.8165725818e-02 5.4056166477e-02 3.0101743846e-01 1.3794977573e-01 5.0671803513e-02 -4.1607489886e-03 1.4607902813e-01 2.2375244857e-01 -4.8786313362e-02 3.2120614826e-01 1.2883145313e-01 -3.1667739837e-01 3.6587940281e-01 1.3243014464e-01 -4.6723430322e-01 -1.4203912161e-01 5.0929368768e-02 -2.9827602874e-01 -1.5172718662e-02 1.0554064923e-01 -1.9955389793e-02 2.2673450078e-02 9.9423050689e-02 -1.4303726319e-01 2.2636784142e-01 1.5553956100e-01 2.0531786355e-01 -3.8891570921e-02 -1.7377632020e-01 1.3471610399e-01 -9.6850882724e-02 -1.5527464993e-01 8.5816392441e-02 6.0791686121e-02 -1.4273528570e-02 9.7384738183e-02 1.7727918474e-01 -4.6413242905e-02 1.2005576525e-01 -2.9770224693e-02
-2.2155690164e-01 -9.6695211782e-03 1.0199419561e-01 -4.4725820088e-02 -1.8596513603e-01 2.0165475052e-01 -2.0177817028e-01 9.7646080371e-02 -2.2697749839e-01 -2.0698680720e-01 -2.1942538542e-02 -2.4031736119e-02 8.6549506099e-02 -2.3672187049e-01 1.0911542454e-01 -1.6267223294e-02 -5.4593471690e-02 -1.3996601886e-01 1.8070072959e-01 -3.5324190737e-03 3.1961287911e-01 1.7504189985e-01 1.5136972871e-01 2.0576443206e-01 2.8943036812e-01 -1.4562358255e-01 4.1043437631e-02 -1.1784011816e-01 -2.5584553095e-01 -1.9284074073e-01 8.0960788103e-02 -2.2361070050e-01 -1.3025787710e-01 3.2061990732e-01 -4.4498313923e-02 8.6462384039e-02 -2.7590748577e-01 -3.2633731599e-02 -7.5252893826e-03 6.7311826860e-02 7.6910896447e-02 -6.4422678434e-02 1.1407155524e-01
-2.1438239264e-01 9.4880810645e-02 1.7502242626e-01 1.7347775309e-02 -1.4720053677e-01 -1.9562696919e-02 -1.4969243414e-01 3.7588175092e-01 -4.0536269239e-02 -5.3339329273e-02 -7.3674646447e-02 6.7661177521e-02 -2.2393064316e-01 1.4283994709e-02 -1.1968971194e-01 -2.8214378682e-02 4.9990724589e-02 1.7093794327e-01 1.6477178978e-01 4.9051423409e-02 1.3204004236e-01 -2.7004746415e-01 2.0042161431e-01 1.0280945149e-02 -5.9774246919e-01 5.6956387775e-02 -7.7452575379e-02 1.7782780788e-01 -2.0476532366e-01 -1.1987088192e-01 -7.0804590485e-03 3.1866706699e-01 -1.5647555260e-01 1.7781718369e-02 3.7965160270e-01 9.2275462675e-02 3.6440408072e-01 -1.2140304146e-01 2.3259664761e-03 -1.5618456035e-01 -1.2892951450e-01 8.4283057304e-02 -1.4605196370e-01
8.8762125625e-02 5.3531845892e-02 5.4727028692e-02 6.7355118680e-02 9.3752759025e-02 -2.6826460482e-01 -3.7049153668e-01 9.0342641879e-02 9.5912654035e-02 -6.7236153386e-02 1.5772270511e-01 3.9352260381e-01 -4.6631108083e-02 3.2102101145e-01 2.3120223143e-01 -8.0428764141e-02 -1.9339901229e-01 1.3055016015e-01 1.2017835493e-01 2.1845474499e-02 -1.5181914797e-01 -4.1238694654e-02 1.2137618238e-01 2.4640527940e-02 -1.1047995015e-02 -2.6709893731e-01 -3.2303477018e-01 2.9136421314e-01 2.4703521839e-01 1.7568376733e-03 9.5057807106e-02 -5.2828597364e-03 1.5434568609e-02 -8.1575092678e-04 -7.5482189193e-02 3.4138159987e-02 -2.9540327251e-02 2.2003621993e-02 3.6279878225e-02 1.7409545204e-02 -6.9154388939e-02 6.8786856005e-02 4.1227820584e-02
-2.1853821887e-01 -5.5010556413e-02 1.8076842047e-01 -1.4466329108e-01 -2.1467236723e-02 -1.1245841127e-01 3.3107133901e-01 -1.6800494117e-01 -1.9437903281e-01 -9.9464556728e-02 -3.5259831815e-02 -2.2475532028e-01 2.3912943335e-02 4.4036902906e-02 4.4131446129e-02 1.2073401731e-01 5.1062976775e-01 1.1350548300e-01 -1.1987634614e-01 1.9272114577e-01 -8.4656007837e-02 -6.9529131297e-03 2.2475090528e-02 1.3799047106e-01 5.3594052789e-02 2.3920454015e-01 -1.1898991052e-01 -2.3145285077e-01 1.5627772819e-01 1.8514620058e-01 1.9564973418e-01 -3.6756319919e-01 -2.1330731702e-01 2.5892132018e-01 -3.4327890156e-01 -4.6066744890e-02 -3.9226444240e-01 -9.9512126774e-02 -2.1468251259e-02 1.0437485866e-01 1.6793751380e-01 1.0332515727e-01 -2.8875466082e-02
1.0643692082e-01 -3.7937926524e-01 -2.3446780540e-02 -1.0102699284e-01 1.0552234366e-01 1.3113441682e-02 9.6941323811e-02 4.5005688350e-02 3.0734294741e-03 2.4673436707e-02 -1.0950982463e-01 -2.2842936668e-01 -2.1670329526e-02 6.9750157393e-02 7.9729028857e-02 7.6667401576e-04 -8.4233221729e-03 -1.4544000007e-01 1.0968272290e-01 1.0965978525e-01 -1.0885213728e-01 1.8138862173e-01 1.1007850729e-01 -8.9381659992e-02 -1.7296697044e-01 -2.9293795412e-02 -8.5180251841e-02 1.3157818207e-02 -7.5379947273e-03 1.6302807223e-01 -7.8234181563e-02 -9.3620803197e-02 2.6560147256e-02 -3.4949252713e-01 1.8918466489e-02 2.8768624559e-01 -1.7889884160e-01 -2.5157076308e-02 -1.2701294835e-01 -3.7094956752e-02 1.6752802292e-02 -4.5131919268e-02 -1.6204959090e-01
-1.5078641484e-01 7.4508596534e-02 3.3042298270e-01 9.9693565386e-02 -8.0103831565e-03 1.0096723697e-01 -1.6482930784e-01 -2.3491838644e-01 1.6608504728e-01 2.8071437897e-01 5.1442617983e-02 -1.4583832536e-02 -2.9850797775e-01 -8.9031233628e-02 2.5114985469e-02 4.2680096164e-02 -1.5668308778e-01 -3.0673968956e-01 1.1848647596e-01 1.1875219052e-01 -1.2997277792e-02 -3.5519047879e-01 2.2111024306e-01 2.6217504112e-01 -6.1822364518e-02 1.3566318345e-01 6.7280968181e-02 -2.0246203600e-01 1.4860563747e-01 -3.1002163255e-01 4.3371762409e-02 6.6918644503e-02 7.8585399321e-02 -1.0384977885e-01 6.6567837294e-02 -6.8425169114e-03 8.2767372976e-02 1.3290981990e-01 8.9813798170e-04 1.2817004288e-01 -2.9744856859e-02 -5.9564464727e-02 7.2790324595e-03
-7.9408632754e-02 -1.0562030082e-01 -1.3712734658e-01 8.9496691937e-02 1.1416582747e-01 1.6056824070e-01 -1.9976682981e-01 -3.7565185799e-02 -3.0875913707e-02 -7.0466126721e-03 7.6019662374e-02 -3.6709543534e-02 -1.6471033792e-01 1.4689940029e-01 8.4098193511e-02 2.7401388754e-01 3.2552379869e-02 -1.7717314588e-01 -3.2552194159e-03 -1.5141771505e-01 1.0272761072e-01 4.7580579325e-02 -1.3690356174e-03 -8.4785824875e-02 -9.4984237751e-03 -7.5706889312e-02 1.3121705680e-01 2.2613817391e-01 -2.7085894344e-01 -3.4981783015e-01 2.0015004481e-01 -4.7966366259e-02 5.5194857376e-02 9.7530841277e-02 -7.1622210848e-03 5.5325767596e-02 -4.6458775880e-01 8.4785965056e-02 -1.2408968395e-01 -3.1406270142e-01 1.4532279594e-02 2.6381892340e-01 3.1561884457e-01
