1.8944553184e-01 5.0923566700e-02 6.6941818157e-02 -1.8835957021e-01 2.8282690264e-01 -2.4546768182e-01 9.0338386152e-02 -3.2855026220e-02 1.3366023855e-01 2.4248187072e-02 1.5832657855e-01 -8.2948065651e-02 1.1732165264e-01 4.7166368588e-02 2.1807154452e-02 1.9883922328e-01 1.2214483780e-01 5.3292354277e-02 -1.4309881778e-01 2.2103228089e-01 2.8935414918e-01 -5.9791282473e-02 -6.4441240253e-01 -1.7504876963e-01 -3.3500823695e-01 -9.7845872449e-02 -9.6821290348e-02 1.1776157669e-02 -3.4468964731e-01 4.4192760273e-03 3.5263619947e-01 3.0113184677e-02 2.8793433878e-03 3.1314685506e-03 3.5343275480e-01 -1.2339378834e-01 9.6625912904e-02 1.7911195622e-01 1.7832576010e-01 1.0631534297e-02 -3.6764842646e-02 -1.2264696038e-01 -1.6109134969e-01
2.2629209700e-01 -5.0226281386e-02 -1.9935692616e-02 8.1205958077e-02 -1.7171999769e-01 -1.6679927149e-01 6.2797578955e-02 2.3194192371e-05 -1.4486415881e-01 3.3888896025e-01 -2.7257668603e-01 7.7035493482e-02 -5.4390689820e-02 1.3373836561e-01 1.7729154089e-01 9.2996342791e-02 3.0210432379e-02 -2.3111791318e-01 8.3171002373e-02 -2.3454133152e-01 -1.8961412302e-01 2.4062319213e-01 1.4917547253e-02 -1.6744990237e-01 1.2742837183e-01 5.1278515889e-02 1.0492204740e-01 1.6381193525e-01 -3.5952859785e-02 -3.9229558928e-01 -1.5621666339e-01 -5.3952633945e-03 4.6092394035e-01 2.0180854621e-01 -1.9895584246e-03 -2.8710211196e-01 -2.1245055132e-02 7.3698144492e-02 2.5942337900e-01 -1.7423690216e-01 -2.6431185224e-01 -1.1450209977e-01 7.4018602849e-02
1.1430884021e-01 1.5746386139e-02 1.6542936002e-01 2.4587824687e-02 1.6286026103e-02 2.3002244923e-02 -6.4886739197e-02 -3.1982338818e-01 -2.2757765501e-02 -3.0252009324e-03 -4.6669031839e-02 -1.8170806741e-01 -6.1588747034e-02 2.7118355110e-01 4.5336293613e-02 2.0808482442e-01 3.1930478001e-01 -1.0128560790e-02 8.6312359282e-02 6.9338875314e-02 -1.2559530806e-01 2.5722835797e-01 9.9747911279e-02 9.8926037844e-03 -2.7324328726e-01 5.9854407212e-03 -1.6306320598e-01 3.0011959012e-01 2.7033848799e-01 -5.8785779363e-02 6.4306136182e-03 3.8011835387e-02 1.1665717098e-01 1.5649300059e-01 2.5443830236e-01 4.3795139788e-02 7.1666417368e-02 1.4015385034e-01 -1.6879984731e-01 1.3296518117e-01 6.3209266232e-02 -8.3983749329e-02 -2.2898495858e-01
3.6043539469e-01 -2.8474279270e-01 -8.3879513658e-03 3.5413965967e-01 -2.5392310957e-01 1.2509062297e-03 -1.7883409355e-01 8.5498992366e-02 -1.9671688470e-01 -1.1026908603e-02 2.1974705689e-01 -8.0213003804e-02 8.4696556070e-02 6.2476544146e-02 2.0480904077e-01 1.9445504911e-02 -1.2631871954e-01 -6.1777015703e-02 2.0935741263e-02 1.3884653758e-01 -3.2625666334e-01 2.2129423615e-02 2.3587266838e-01 -1.5450768540e-01 -6.1548646775e-02 6.4444253023e-02 -8.6124237152e-02 -2.3108709402e-01 3.4952736461e-01 -1.3327791008e-01 -2.6097447587e-02 9.5749750004e-02 -2.4900950176e-01 -5.9593680288e-02 1.2288693664e-02 -5.8241427750e-02 7.0713968656e-02 -5.4906199642e-02 -3.6682823343e-01 4.7692300911e-02 1.6171295881e-01 2.8236186637e-01 3.5231871617e-01
5.2622225949e-02 -7.2207398772e-02 4.6466747871e-02 -7.5881207089e-02 2.1546591734e-02 4.6384293934e-02 1.6759825656e-02 -7.9198951559e-02 4.6536278970e-02 -2.1320817973e-02 -1.6119013260e-01 1.7970334042e-02 -1.2339190420e-02 -1.3768009934e-01 1.4188994563e-01 2.7935057509e-02 -1.5635769283e-01 -2.6025506704e-02 5.0714428860e-02 1.6890421434e-01 -3.7807130182e-03 -2.4024504757e-02 -1.5300105646e-01 -3.5385366837e-01 8.5261818589e-02 -3.2761521969e-01 1.2846595304e-02 -1.1578572571e-01 1.4338455777e-01 9.8041805621e-02 4.8649302885e-02 -1.0676989005e-01 1.2171755844e-01 3.4046923323e-02 6.7396843053e-03 1.1445426329e-01 7.1117574125e-02 2.7536033300e-01 1.4262607831e-01 2.6057216275e-01 -6.2595001814e-02 3.1386867826e-02 3.3795717512e-02
-4.8324153426e-02 1.0085344671e-01 -1.7077928448e-01 1.3589951149e-01 3.7122175642e-03 1.2746942126e-01 -6.0655403332e-02 1.8514554962e-01 4.6489052378e-03 -4.2275150568e-03 -1.8024053835e-02 -1.1623906336e-01 -1.2544885646e-01 2.6029301686e-01 2.7033113603e-02 9.7009996986e-02 -5.6437108069e-02 2.4462157371e-01 -4.5677821443e-02 1.2344856246e-01 3.8534136348e-02 -2.6812087227e-02 -1.0591012262e-01 -2.7485140038e-01 -1.2082197307e-03 -1.4821320517e-03 1.0997334631e-01 -1.3459420548e-01 6.2901412029e-02 -1.3031797711e-02 8.6340477976e-02 8.9717564826e-02 -3.0100338329e-01 7.1309764998e-02 3.0395315492e-01 -3.0939010437e-02 -9.6555632700e-02 1.1267287954e-01 3.4110068410e-01 -3.1121646344e-01 -2.7450022264e-01 -1.3960993481e-01 -1.5060914906e-01
6.1030553800e-02 -3.3830495569e-01 5.2887590030e-02 1.2534558419e-01 -2.6076214811e-01 1.5319315485e-02 -1.7323422179e-01 -3.2352393327e-02 1.4755514583e-01 2.1921297356e-01 -1.6344660762e-01 5.1443134770e-02 -1.8962508994e-01 -1.7316049502e-01 6.4266738306e-02 3.4703580774e-02 1.3330641635e-01 -5.3769873108e-03 -2.5774543118e-02 5.0859766078e-02 1.0877726250e-01 -2.7589604291e-01 -3.0677033005e-02 -3.5677523178e-02 -4.1690254112e-02 -1.7658573929e-02 -3.5681767179e-01 2.6067251420e-01 -5.6601075613e-02 2.3984918893e-01 -3.3416187730e-01 1.2511797819e-01 -8.5446534058e-02 4.2667697201e-02 1.1454679089e-01 -1.4272425490e-01 1.0221589977e-01 -2.4575276959e-01 3.1300736718e-02 1.2211861036e-01 -1.1214606278e-01 -1.5716506263e-01 -1.3531775516e-01
-2.4454688656e-01 -1.8960657989e-02 -6.1645637146e-02 -2.8770874466e-01 1.6624531275e-01 5.5436605884e-02 2.9847152123e-01 9.4665414640e-02 5.3364453587e-03 -2.0021466689e-01 -4.5431657699e-02 -1.3784303432e-02 -3.6532912583e-01 2.8027735917e-01 -1.1171668210e-01 -1.1271299046e-02 2.9174380588e-01 3.8263555747e-02 7.5723028601e-02 -3.5732051787e-01 4.6662293632e-01 -1.8312717150e-01 -7.3966996153e-02 5.5661163679e-02 -1.4752732407e-03 -4.3040732906e-02 2.8113853437e-01 1.4866517505e-01 -9.4493158186e-03 6.6148658937e-02 1.0000641316e-01 3.0501503728e-01 8.3310829412e-02 1.8687557152e-01 8.4068371548e-02 1.6224645629e-01 -3.1388156119e-01 7.7351952666e-02 2.3855343069e-01 6.1475859022e-02 1.5354486926e-01 -4.3649347166e-02 5.4467795288e-02
-3.4529981427e-02 -2.3178848034e-01 1.7518489882e-01 -4.7768585578e-02 9.1630391240e-02 -2.1936186159e-01 -1.2427963167e-01 3.0395851166e-01 9.0245797338e-02 -3.5444224819e-02 -1.9057069911e-01 -1.1121941889e-01 3.4077722924e-01 -5.6394760971e-02 8.7790431259e-02 -3.1233819116e-01 3.6175301661e-02 3.6241045257e-01 2.5592941979e-01 4.8793958413e-03 -8.8983199858e-02 -1.2517107282e-01 1.6369958704e-01 1.3284728642e-01 -2.0156045443e-01 -1.2143150352e-01 5.0984975149e-02 -5.4125951702e-03 8.4903501568e-02 5.7762165239e-02 1.7600932738e-01 1.2976639260e-01 1.4333341298e-01 3.4444517067e-01 -1.6975421717e-01 -1.1649654094e-01 2.0412126327e-01 -6.7895863370e-02 -1.9073641939e-02 1.1986634413e-01 1.3122538918e-01 1.5341431396e-01 3.8685347396e-01
9.3738517889e-02 2.1061916353e-01 -2.6558623034e-01 -1.1652929793e-01 1.5955258429e-01 1.5396885991e-01 6.6205353569e-02 -1.3126632621e-01 -6.8405188826e-03 -3.3609655029e-01 3.2347962247e-01 -1.5932148383e-01 7.9452397726e-02 1.6798634512e-01 -1.8809870803e-01 2.9233543380e-02 2.1659708135e-01 1.0112253370e-01 6.0470084047e-02 3.6352783563e-01 2.3052655235e-01 2.2402582784e-01 6.9247156435e-02 1.5104948435e-01 -4.2180540030e-02 1.8693953148e-01 -2.3957960396e-01 -1.0273461261e-01 -5.2761146122e-02 -1.3662687035e-01 1.2472259922e-03 -1.8852095337e-01 -2.3265393032e-01 -2.1460754939e-01 -1.7016818436e-02 2.8576400774e-02 1.3473520695e-01 2.8615888453e-01 -1.7465106834e-01 -4.3235768384e-02 1.3677782433e-02 2.9737619929e-01 2.7600245429e-01
9.8520884138e-02 2.5353998459e-01 1.4087189392e-01 3.0161909172e-02 -1.6164039072e-02 -1.7114580677e-01 -4.4552411856e-02 -1.3453493920e-04 -1.3671499744e-01 -2.7816796659e-01 -8.6356297449e-02 1.9064071280e-01 7.3677071667e-02 -6.4843047505e-02 -1.5299750521e-01 2.4239615909e-01 9.0247083726e-02 -1.0629359712e-01 -1.2105307023e-01 -4.8489047056e-02 -2.6653897252e-01 6.1768305747e-02 -3.6286808772e-01 8.6056011297e-02 -2.1968241881e-01 1.9683139202e-01 -2.1761977345e-02 1.6903288259e-01 -3.0110587524e-02 1.5333446564e-01 -9.9031565832e-02 -1.2695995033e-01 1.8722666484e-01 -4.1080390560e-02 8.6657238342e-02 -8.4618399805e-02 -1.5159310520e-02 -9.2993260273e-02 4.0600535050e-02 5.9031769640e-03 -2.2002904212e-01 -1.4500199393e-01 -1.7822349654e-02
-5.2045869367e-02 -3.7098614969e-02 9.5357187471e-02 2.3019974121e-02 -8.8228271334e-02 6.9541275624e-03 8.1826807176e-02 -1.4617996005e-01 -2.5267448965e-02 -2.0580695092e-01 1.3145082799e-01 3.7725919271e-02 -1.0426411385e-02 -1.6580267798e-01 -2.6962173232e-01 -6.8231098162e-02 3.4976145412e-02 8.1206545560e-02 -4.8717066394e-02 1.6154051666e-01 1.6005819365e-01 -3.0148165555e-02 -2.2243029057e-01 1.2209525994e-02 1.8427413920e-03 -1.1486483963e-01 -1.7251656592e-01 -1.3079386408e-01 -5.8401456245e-02 -3.4659673444e-02 -1.6249110709e-01 -1.7597070717e-01 -3.2873196389e-02 9.3482093354e-02 2.0021594009e-01 3.2028090973e-01 3.5914158592e-02 -4.1965263292e-02 2.0310661261e-01 -6.7355248949e-02 6.1103961032e-02 -2.2195836705e-01 1.4257887655e-01
-2.0424931063e-01 -4.4923315788e-02 2.5950887350e-02 1.3496453457e-01 -4.1167303987e-02 1.3442829948e-02 1.3213176326e-01 9.7973179083e-02 -1.9245826971e-01 2.7818995058e-01 9.8358638646e-02 1.6950203367e-01 -2.7599471856e-01 -3.0966743812e-02 7.3536398057e-02 1.9660428391e-01 -1.3921750528e-01 -1.0847841767e-01 -5.4593654913e-02 -1.0015620366e-01 1.0697948247e-01 -7.4263573415e-03 -2.5196691041e-01 1.2458563810e-01 -1.4521850892e-01 2.7408643579e-01 -1.7838808620e-01 2.4124309869e-01 -7.2190502780e-02 -3.2146031152e-01 -6.5743274784e-02 1.7999458022e-01 2.2210255658e-01 3.7214463946e-01 -2.5871426585e-01 1.7295502088e-02 -9.7621641666e-02 1.6965524528e-02 -4.2374381875e-03 6.2616938033e-02 2.0018718864e-01 2.6144414816e-02 -2.4937763450e-01
-1.7581431117e-01 4.8549270879e-01 4.0330807696e-01 -5.6317331282e-02 -2.5467673410e-01 -1.3876895727e-01 1.1581121656e-01 -9.1900114809e-02 4.7154421709e-01 -1.4501371063e-01 5.4952372801e-02 -9.6542959129e-02 1.5873981666e-01 -1.6098266366e-01 -2.4137965915e-01 1.8375075003e-02 -1.6784457473e-01 2.0587082990e-01 -1.0297523536e-01 3.2128559417e-03 -1.1719313851e-01 -6.6469941967e-02 7.5198607679e-02 -2.5801388906e-02 -3.6822418019e-02 9.5849521272e-03 -2.9657210877e-02 1.4169332091e-01 -1.7523697076e-01 1.9072079369e-01 -6.2654257607e-02 -1.1698034062e-01 6.9591407301e-02 -9.9708134105e-02 7.5970272538e-02 2.1473531911e-01 -2.5597760721e-01 6.7826520387e-02 5.6978610180e-03 -1.8222298036e-01 1.8708957438e-01 6.6416824797e-02 -1.4662766497e-01
-7.7239694534e-02 -3.6508334820e-02 -2.3290854078e-01 1.3683040190e-01 4.4771051252e-02 6.8348445147e-02 9.7399066640e-02 -1.7916633635e-01 -1.2359853683e-01 -1.3480028964e-01 -7.5036824416e-02 1.1606275835e-01 -9.2096908206e-02 -9.4647973655e-03 -7.0177718744e-02 6.2354309190e-02 1.0792064216e-01 2.0836574637e-01 -5.0938737311e-02 -1.2351138744e-01 1.4444063088e-01 3.8805999682e-02 -2.2106963417e-01 -9.0589940415e-02 -1.6304995209e-01 9.2657091422e-02 -1.4466854502e-01 -1.4423503841e-01 -3.6572935945e-01 1.9532241892e-01 3.4009307869e-02 -2.7441299067e-01 -6.1538274289e-02 4.2279149231e-02 -9.3488586259e-02 6.3740847522e-02 -3.4079807064e-01 -1.2403140320e-01 -9.9124267892e-03 -6.9615821778e-03 4.7057968318e-02 1.8993553157e-01 1.1534051754e-01
1.4503959439e-01 -1.3707088003e-01 2.0699854144e-01 -1.5331208086e-01 1.2462107305e-01 -4.0059641581e-02 -1.4376039178e-01 -2.9909467572e-02 -1.0438815925e-01 -2.1630774304e-01 -1.5543137724e-01 -3.7340986067e-02 3.9115292968e-02 -3.0956678448e-02 -1.4117589965e-01 7.5584889474e-02 -9.3153923781e-02 7.4735599424e-03 -1.7484195365e-01 -7.2877488684e-02 1.1036567056e-01 2.1654254109e-01 -6.9021842917e-02 1.0954206036e-01 8.8672495721e-02 -3.5610301660e-04 2.2299946259e-01 -1.7993426415e-01 1.5445699484e-01 1.5721638220e-01 -5.4901281487e-02 -2.2779922919e-01 -1.4122825564e-01 -2.5435656309e-01 -7.3373207590e-02 -3.1186684539e-01 -9.5209257997e-02 -9.3122342171e-02 3.3496630619e-01 -2.3814022479e-02 -2.9434388583e-01 -6.0949980361e-02 8.8014269186e-02
-2.7234028965e-01 1.0393573187e-02 -2.0425062032e-01 -2.4370468527e-01 -9.4527261463e-02 4.7408727357e-02 3.5081975627e-01 -3.0430148609e-02 -1.0040450904e-01 1.3995198265e-01 -4.0705880934e-02 5.5980732589e-03 1.9613831441e-02 -2.7747510847e-01 5.9422790750e-03 1.6439084759e-01 7.4243730568e-02 1.9925828094e-01 -4.2788588199e-01 1.8464854225e-01 -8.1105945655e-02 2.7811911897e-02 -5.7131900606e-02 -1.2022426046e-01 -6.9724693873e-02 2.6854041872e-02 -2.1257566417e-01 -1.8909693786e-01 7.2923245793e-02 -1.2556898936e-01 -1.0980803333e-02 2.1558390744e-01 -6.1839499326e-02 -5.6250878453e-02 1.2180121442e-01 -1.4703036987e-01 1.0365756054e-01 1.8817253563e-01 -7.1495134686e-02 5.7999523312e-02 1.1199453386e-01 5.8826602115e-01 -1.0360853143e-01
-7.6452072977e-02 7.0773273147e-02 1.4846041792e-01 -5.5952975563e-02 -5.0261518609e-02 6.0000047904e-03 -3.6693076505e-01 -2.4760296737e-02 5.6460745078e-02 1.2169890743e-01 4.6745048610e-02 6.9633788480e-02 1.5387037878e-01 -4.2606459040e-03 2.5572385124e-01 2.6976718750e-01 -7.1756179730e-02 2.2590402319e-01 3.2519648676e-01 -5.4675398303e-02 -1.4986651111e-01 -1.4020107247e-02 5.9669770051e-02 1.3390141132e-01 -1.3157989900e-01 7.2398076904e-02 4.1646053902e-02 9.9167477544e-02 -6.3398216816e-02 6.5945760121e-02 3.4589063290e-02 -2.1168628372e-01 -1.2405153874e-01 1.0549165828e-01 2.7210924739e-01 1.5858293930e-02 3.2129725768e-01 -6.4737975419e-02 -1.4029638209e-02 -1.4484065276e-01 -4.0490129544e-04 -2.5990082249e-02 1.3065499565e-01
-1.9751745471e-01 -1.2440531613e-01 2.4806368009e-01 -1.2704116352e-01 1.6781517127e-01 2.2019428091e-02 1.3996473000e-01 2.4382212332e-01 -1.0840175260e-01 3.3713200453e-01 -2.5532488996e-01 -1.9172854085e-01 -5.5440253838e-02 -1.8266380461e-01 -1.7895281917e-01 -2.6236098819e-01 3.1709083327e-01 6.0804466197e-02 1.7135417396e-01 -1.1055766475e-01 1.2586474373e-01 1.6682260316e-01 2.1256656999e-01 -1.6929986005e-02 -6.4884922145e-02 -1.9439482206e-01 9.8216780428e-02 7.3993855971e-02 6.2368256560e-02 1.8167961621e-01 -1.1793161395e-01 -1.4887671289e-01 3.5157084379e-01 1.1649912040e-01 6.2244867514e-02 -8.2661178360e-03 -8.7434224370e-02 4.1825967803e-02 1.9896170888e-02 -2.4918934018e-01 -1.6499924166e-01 -1.9764500323e-02 2.1589614983e-01
-6.1214127261e-02 1.1560623005e-01 -5.4659666733e-02 -6.6907497148e-02 1.6763421715e-02 -7.8412038093e-02 4.3428632354e-02 -2.7859725679e-01 -2.1829804631e-01 5.2749095158e-02 3.5149932173e-02 1.8007437668e-02 -3.4133027804e-02 8.0715439841e-02 2.2067279811e-01 8.5071808284e-02 6.0613462383e-02 -5.5986761195e-02 -1.4997772745e-01 -5.8967862362e-02 2.3025405112e-01 2.9893646543e-02 2.0020724530e-01 9.4704473997e-02 1.6520685615e-01 -4.5693357335e-02 -8.6101361462e-02 -3.1630689936e-01 -1.2829530375e-01 1.6344718190e-01 8.5520503568e-02 -1.9338005543e-01 -2.0177281562e-01 1.2246638174e-02 -3.3164186691e-01 -1.7122735144e-01 -1.5577805021e-01 8.9509970140e-02 1.1396806401e-01 -3.4281228677e-02 -7.9091561524e-02 3.5453422111e-02 -1.0203723641e-01
-1.8986674517e-01 -1.1791202657e-01 3.2438080886e-01 2.3041296829e-02 1.0007945386e-02 2.1545356141e-01 -3.7969559526e-02 1.3266682950e-01 1.8998265760e-01 -1.7363771869e-01 2.8959721094e-01 1.1898568741e-01 2.6847756305e-02 1.8677050061e-01 1.3217766707e-01 -2.2059097277e-01 2.5854863861e-01 -9.4418273256e-02 -5.6226448800e-02 6.3474761986e-02 -9.6794073234e-02 2.4443748064e-01 -5.2222708303e-02 -5.7367971241e-02 -5.6599897117e-02 5.5057462187e-02 -5.2198442473e-02 -7.6983541434e-02 1.5999911698e-01 5.8667773330e-02 7.7253105664e-03 1.4156958960e-01 6.7497307689e-02 -7.7815138462e-04 4.9828516774e-03 1.3766879605e-01 5.6904487786e-02 -2.0161495414e-01 -9.0642072085e-02 -4.1254265401e-02 1.6251442278e-01 5.6460603046e-02 -6.4906644625e-02
2.0728397281e-02 2.3279276145e-01 -2.4790679929e-01 5.7300031973e-02 -1.8243152944e-01 -5.3159578468e-01 -7.4998211013e-02 2.0670121301e-01 1.9513591621e-02 7.7542678190e-02 1.4287737922e-01 -1.0123528273e-01 6.5910942718e-02 1.6182862691e-01 3.9174008967e-02 4.1139533981e-02 -2.3857146891e-01 4.1896427135e-02 -1.8333352718e-01 1.9008379662e-03 -7.4619586222e-02 -2.0389526795e-01 -1.5826365945e-01 1.0506411163e-01 -9.7004096843e-02 3.5777225386e-01 1.5876377467e-02 1.0162421905e-01 8.9728279799e-02 -1.9604103305e-01 -2.0955702016e-01 -5.8225577531e-02 -1.8185441498e-02 -2.2863374192e-01 9.3602175029e-02 -3.9219165887e-02 -3.0076854981e-02 -6.7548254012e-02 1.8050185310e-01 -1.0421107898e-01 -1.1084374628e-01 4.4968422983e-02 -3.5936011272e-01
1.5340441363e-01 -2.6975238597e-02 -9.0250683253e-02 1.4265168544e-01 1.7498932493e-01 1.1743665879e-01 2.0634857613e-02 8.7339081334e-02 4.0252043674e-02 9.9035529945e-02 -1.3736154505e-01 3.2076135291e-02 1.1979266400e-03 3.8757205534e-02 1.3984992081e-01 3.5617152071e-01 2.7913578198e-01 -9.3615099516e-02 -2.7570666329e-02 1.7907762083e-01 7.3117122973e-02 -3.1205114488e-01 1.6563134806e-01 -1.2464991208e-01 -7.2893076394e-02 -9.9628106935e-02 -1.1932943399e-01 -1.9986792626e-01 -9.6392742519e-02 -1.2188809603e-01 -1.8119386563e-01 6.2280523771e-02 -2.0427951937e-02 3.7232845108e-01 2.0706378168e-01 -2.1319838233e-01 9.4817067052e-02 1.6322423401e-02 -1.2827999080e-01 2.9592251250e-01 -5.0482834559e-02 1.8453283367e-01 3.4304096535e-02
-2.1565575206e-01 1.4483253476e-01 -2.4807884306e-01 1.3514638033e-01 -1.9551652173e-01 -1.8623547354e-01 4.1303886662e-01 -4.1565249637e-02 1.6418763216e-01 1.2225294949e-01 -5.6745871620e-02 -3.8738760985e-01 1.7207832124e-01 -1.3371982269e-01 -2.4156354494e-02 -3.0442875009e-01 9.4111488320e-02 -1.6235318154e-02 1.9932038379e-01 1.8956140623e-01 -4.2643815960e-03 -1.3594855699e-02 3.0903365161e-02 4.7729405464e-02 -4.5447704931e-02 -9.4123842717e-02 -1.6187184887e-01 -9.0256275959e-02 1.0137965147e-01 -1.4381259369e-01 3.4213270986e-01 -1.0027530996e-01 -9.3554258700e-02 1.4040896564e-01 -1.1212552620e-01 6.1038244546e-03 9.5968154272e-02 -2.0068698956e-01 -9.4926185424e-02 -3.5966328697e-02 2.4430644208e-02 6.4599329884e-02 1.8134023895e-03
2.6934862722e-01 -5.2902554185e-02 -8.5795847791e-02 -1.0485757926e-01 -1.4742166302e-01 -2.7679347173e-02 3.2660144452e-02 1.2759904894e-01 3.5659593324e-02 3.9171772643e-02 6.1399344342e-02 -2.2792094642e-01 2.0564575220e-01 -1.2670826151e-02 -6.0713091563e-02 1.6288183920e-01 1.6650712657e-01 -8.4528048770e-02 6.3918720517e-02 7.3902099239e-02 2.6875541024e-01 -5.8850908728e-02 -1.6202656071e-01 1.4024548839e-01 1.2213704031e-01 -2.2116846244e-02 -5.6521782257e-02 2.1295201515e-01 -5.4304919813e-02 -2.3774495612e-01 1.1696925795e-01 6.9484346191e-02 5.7818198933e-02 -4.9816170194e-02 2.2672786926e-02 -2.8360560530e-02 -7.8572291270e-02 -2.7063174642e-01 1.2705127861e-01 1.0632140394e-01 -1.6666444072e-01 -1.4082851099e-01 2.1162949799e-01
7.0712932814e-02 -6.5119346640e-02 -2.0077321107e-01 7.3807494073e-02 1.9441973413e-01 -1.2960763155e-01 2.7628225551e-01 -1.4011285659e-01 7.2654685635e-02 6.8234359087e-02 5.2073567245e-02 1.5789153500e-01 1.8656857407e-01 8.6151400517e-02 -3.8293233927e-02 -4.6254630584e-02 9.0062697397e-02 -9.4044883700e-02 -3.4969857845e-01 2.1254507698e-03 1.4801344241e-01 -6.2962403564e-02 -1.4816273499e-01 2.8303405471e-01 2.6659934186e-01 4.9927511134e-02 1.9387711500e-01 5.5995804007e-02 9.0181428475e-02 -9.0097705445e-02 -2.0823037290e-02 -1.2831354617e-01 1.6973177138e-01 6.2310072814e-02 -1.6609881346e-01 -1.0189423911e-02 -1.8802257575e-01 1.0774597920e-01 7.3786976469e-02 -5.3073719752e-02 7.2335603507e-02 -4.8538838006e-02 1.4772787628e-01
9.6311612582e-02 -2.5216903218e-01 2.6959259920e-01 -8.4772355433e-02 2.1166587158e-03 -3.3940616140e-01 -3.4402141500e-02 4.0104633267e-02 3.4666086775e-02 -2.9185459510e-03 1.7043218774e-01 -1.7669825268e-01 -8.8129946904e-02 -1.6167675453e-01 6.7471042137e-02 -1.2475997579e-02 -7.4898894144e-02 3.5683977703e-01 -1.0174852979e-01 9.9595663942e-02 -1.5257352106e-01 9.0386271532e-02 -1.9729619882e-01 -2.1968425344e-02 -2.7378645021e-01 3.1342404403e-01 7.5539196683e-02 7.4387992415e-02 1.3527347325e-01 1.5789364417e-01 -5.3051500437e-02 -1.3627179451e-01 -8.1168874851e-02 -3.3863830409e-01 -9.2808452638e-02 2.3809063438e-02 3.4756246502e-01 -1.4334909311e-01 1.1727109703e-01 5.7470318199e-02 -1.4253734786e-01 -1.5186253087e-01 -3.4717961444e-02
