5.9588668026e-01
-1.4799569744e+00
-8.1175062775e-01
-1.4716090660e+00
-4.7507869990e-01
-2.8086855032e-01
-8.5611172771e-01
-1.3653914554e+00
1.8371625721e+00
-4.1872887950e-01
-4.3280997949e-01
-1.3392517368e+00
-2.5351486568e-01
5.1020242983e-01
5.0119316520e-01
-9.6064109073e-01
2.9112659868e-01
3.7197603507e-02
8.6955554530e-01
-6.9395633432e-02
-5.8760582586e-01
-9.8410000098e-01
-1.1538440610e+00
2.1730250333e+00
-2.2298371515e-01
-2.1324893956e-01
1.1327130478e+00
1.7655042046e-01
-1.1142071616e+00
6.8193637809e-03
-6.6018191847e-01
1.8258384715e+00
-4.5274976470e-01
5.9127113284e-01
-2.3556546833e+00
1.4035034542e+00
5.1907951264e-01
1.1853069002e+00
7.8084140165e-01
-4.8175949890e-01
2.7552945284e-01
-1.5816080337e+00
2.8906050419e-01
-3.8137915254e-01
7.3503677689e-02
4.0046729878e-01
8.6721452229e-01
1.2994179591e+00
1.3528825171e+00
1.2444767315e+00
-2.9490795434e-01
-1.3794669980e+00
-1.7565251842e-01
-8.1417898608e-01
9.7212693567e-01
2.0053868098e-01
1.3154770736e+00
-1.3432044934e+00
-2.0210605434e+00
