-1.2302639212e-01 -1.4161758007e-01 1.5118849338e-01 -1.7402275352e-01 -5.5302016229e-02 2.5259668240e-02 -5.7463690741e-03 2.6163106476e-03 -1.9020372608e-01 4.2174985554e-02 -2.1304215424e-03 1.6965100176e-01 -1.2609857374e-01 -1.6909040122e-02 -3.0494662025e-01 6.8445643832e-02 1.5768845700e-01 -9.8416258759e-03 3.9266638099e-03 1.8320734853e-01 9.2141182682e-02 2.0478530502e-01 6.8274634822e-02 1.2341205280e-01 9.3958584615e-02 2.6956260462e-02 -8.3709341814e-02 2.5344011298e-01 -1.9953900493e-01 9.8988395184e-02 2.5725011031e-01 -1.9694041889e-01 -1.7095410314e-01 -8.5280188063e-02 -1.0764512898e-01 2.6020068590e-01 -2.6603395225e-01 -1.4480867297e-02 1.0303299418e-01 -4.2429151950e-03 6.8447861127e-02 3.0598548473e-02 -1.0101079220e-01 -7.6330331421e-02 -3.3033573443e-02 2.2542646699e-01 2.5999782819e-02 -8.0670290812e-02 1.4035729721e-01 1.7737022063e-01 -5.8267908105e-02 -7.3183820925e-02
1.4390209881e-01 -9.7157472945e-02 1.3315096763e-02 2.8143912578e-01 -2.5757896203e-02 -2.1649802059e-01 1.2124728423e-01 -1.2924939497e-01 1.8203593068e-01 -3.2118229920e-01 -7.2759244071e-02 -3.5298121948e-01 3.7851374545e-02 4.8601017688e-02 -7.7781693262e-02 -2.3188725923e-01 2.1386404296e-01 1.6877107734e-01 -3.3740155162e-02 -1.5314259155e-01 -2.0303310204e-01 1.0224967876e-01 -1.4383157505e-01 -1.6109768845e-01 3.5599998361e-02 4.3785225956e-01 2.9484242601e-01 -1.8754389832e-01 -1.6561198734e-01 -1.5066004965e-01 1.7836549036e-01 1.4423537700e-02 -5.0113118843e-02 1.7121014499e-02 6.0678669561e-02 2.8521434253e-01 3.9803836694e-02 5.4589469148e-01 -1.5587827440e-01 -4.7361235036e-02 -1.0811088190e-01 1.2677543801e-01 1.1976780077e-01 -1.0820328622e-01 -9.8698114123e-02 -5.5515862281e-02 -1.9285775570e-01 2.5959072680e-01 -2.1418405493e-02 -3.2091419429e-01 2.2113285765e-02 -3.6842663788e-03
-2.9058007486e-01 -4.2001393939e-02 -1.8942601343e-02 -3.4178135061e-02 1.3642444966e-01 2.0081239135e-01 -4.5166924801e-02 2.4351976500e-01 -1.6573283173e-01 2.1782736718e-01 -9.8780170302e-02 2.3941694444e-01 -1.5204957028e-01 2.3065740169e-02 1.0310469208e-01 2.0702935370e-01 -2.1051895818e-01 -2.0661749597e-01 1.6054622261e-01 3.8790126945e-01 3.9729257765e-02 -1.3742573249e-01 1.6320870766e-01 1.5925593183e-01 -3.6455695505e-01 -1.7088970451e-01 -1.3122683884e-02 7.8712704993e-02 1.4049715093e-01 -2.4933205619e-01 -8.2756625098e-02 -5.7476999347e-02 -6.4244024638e-02 1.5693161849e-03 -2.0811799858e-01 1.6584437900e-01 3.4484859736e-02 -1.6012246990e-01 2.0693097887e-01 3.3486867272e-01 1.3393992900e-01 2.2588039497e-01 -3.0365415262e-01 2.4565145300e-01 2.4026611281e-01 2.6804509370e-01 3.2310670218e-01 1.9730343710e-01 -1.0433745078e-01 1.8894093523e-02 1.8954313051e-01 2.1489361433e-01
-4.6646443636e-02 1.1857354314e-01 1.1443052470e-01 4.2017844723e-02 -2.8033872565e-02 1.0701665851e-01 6.6476815445e-02 -5.7419027641e-02 1.7659691994e-03 3.8753168869e-02 1.5160725206e-01 -3.6410959271e-02 1.6561100064e-01 1.5059608668e-01 7.0039173225e-02 2.1249684283e-01 -2.5348511894e-02 9.0732746729e-02 -9.1973313627e-03 -8.1514387556e-02 5.7553281939e-02 1.3195232205e-01 1.0806172748e-01 -6.4869755759e-02 -9.0791615640e-02 -1.3968932500e-01 1.6214744643e-02 7.4749784453e-02 -5.3483352783e-02 -2.5781799314e-02 -7.6336491015e-02 -2.5076964903e-01 -5.4640515075e-03 -8.5475473219e-02 -3.6060112655e-02 -3.5654717870e-02 3.2615008355e-02 -7.0532351928e-02 1.0624616395e-01 -1.0575652918e-03 1.7010427632e-01 -4.1564265884e-02 -1.0974966768e-01 -8.1404094753e-02 -1.2837115014e-01 -7.5687382649e-02 -2.3060497625e-02 4.3859387184e-02 1.2370445981e-01 -5.0623313656e-03 7.0818084712e-02 -5.3664823987e-02
7.6809812364e-02 2.0385671717e-01 8.1046970250e-02 3.9846704422e-02 -6.1733198915e-02 9.2561559214e-02 -1.8668904249e-02 -7.7081192027e-02 -1.6878036244e-02 -6.6747966783e-02 1.3372369062e-01 2.1266970877e-02 2.4557221452e-02 -2.8324530445e-02 -2.9661553251e-02 2.2301945478e-01 -2.0066462142e-02 9.1268962122e-02 1.1705098227e-01 8.4658735006e-03 -2.4273710522e-02 6.1292746842e-02 -1.1480483732e-01 -8.1164459439e-02 -6.2517142500e-02 -2.1534813360e-02 -8.3700775748e-03 1.1586907493e-01 -1.1907418015e-01 -6.5815797286e-02 -5.1391634353e-02 1.3439005010e-01 -2.6917589302e-02 -2.0659489185e-02 -1.7238472478e-01 8.2246159376e-02 2.1749731267e-01 5.7367138165e-02 -9.8119806071e-02 -1.7837969673e-02 8.2231786902e-02 -1.2637651979e-01 -1.2005470454e-01 -2.0372855314e-01 -6.9819821651e-02 -1.4580757641e-01 -8.3153140618e-02 8.7244728470e-03 1.4145769232e-02 6.6644807322e-02 5.1357787606e-02 -8.0517951054e-02
9.3140273114e-02 -3.0509507162e-02 -1.4342183252e-02 6.4116752502e-02 1.8673524704e-01 1.7720772386e-01 -3.5563092280e-02 -4.6758785326e-02 4.5454048305e-02 9.2276319469e-02 1.5445523023e-01 -9.9671902396e-02 2.1625891477e-01 -4.7155175470e-03 -7.5641281707e-02 -1.3289812033e-01 5.6626151909e-02 -2.4557209561e-01 -1.0075846080e-01 4.1999202815e-02 -1.6311262487e-01 4.0746550042e-02 -1.6123694883e-01 -1.0008648514e-01 1.5145214220e-01 3.9035500667e-02 -1.2948604871e-01 -2.1299673527e-01 -3.8407352603e-02 1.4176824425e-01 -1.7525470148e-02 -2.3459087411e-03 -3.1251557110e-01 -1.8035921576e-04 2.1211702029e-01 8.1088789190e-03 1.9106316329e-02 3.3070511194e-02 -6.7170487629e-02 9.6204154917e-02 -7.2646639105e-02 7.8212877494e-04 5.8512025960e-02 -1.1512966449e-01 -1.3874648316e-01 -1.8903914967e-02 -1.1461629225e-01 -6.0714234880e-02 2.6463608277e-02 -2.4701554571e-02 -8.5563900041e-02 -7.8223027119e-02
1.8991524438e-01 -5.1151023361e-02 -1.0701460928e-01 -8.4638365475e-02 -1.4241354527e-01 -6.3230757720e-02 -8.3947651462e-02 2.4582557303e-02 2.7703751937e-02 -6.9134373353e-02 1.9964902861e-01 -1.3537748991e-02 9.7174889976e-03 5.1537753129e-02 -1.0884317812e-01 -5.5832075073e-02 1.3008547150e-02 -2.9934024023e-02 1.2173873627e-02 1.0638443655e-01 2.5537283918e-02 5.2663445293e-02 1.0282874318e-01 1.4325319307e-02 2.1740546093e-02 3.4388454838e-02 -6.3332691365e-02 1.1323937569e-01 1.5510369593e-02 3.0188357222e-02 -2.6291825784e-01 -3.2627964166e-02 6.5906960737e-02 -3.9200322598e-02 -8.3428898750e-02 -2.3971878429e-01 -7.1966095497e-02 1.8438480255e-02 -2.0243705010e-01 -1.8353969426e-01 5.9889072320e-02 -4.8091224350e-02 -7.4805904626e-02 -6.6016961356e-02 -1.2773149501e-01 -2.2429805786e-02 8.0057531094e-02 1.0844303724e-01 -1.7074667386e-01 6.6888657979e-02 7.4678639173e-02 -7.9431141824e-03
2.7121463929e-02 -5.5351620848e-02 1.9545424343e-02 -1.1066450224e-01 4.7012527328e-03 1.2223297220e-01 -8.0626044532e-02 -4.2316918304e-03 1.1045249384e-01 2.0427463922e-01 -1.0963495087e-01 -5.5974754168e-03 -3.2380348170e-02 -5.0009131628e-02 8.1701094667e-02 9.8742855703e-02 -2.7731915094e-02 7.9285208776e-02 -2.7993009950e-02 3.1587779414e-02 -9.0560430482e-02 -1.0206309269e-02 3.7045098301e-02 -3.2627615350e-02 8.1259592253e-02 -1.2498841660e-01 -1.5568079190e-01 1.1830968823e-01 4.5093451246e-02 -7.4218875453e-02 -1.2229392306e-01 -2.2169257218e-01 1.3013137804e-01 -6.6621679973e-02 9.7714190970e-02 -4.7763763351e-01 7.4707734498e-02 -3.8690548523e-02 5.0614801444e-03 1.1721865665e-01 2.2933859183e-01 3.1450095286e-02 -8.3988905687e-02 3.4664065937e-02 1.7684797916e-02 4.4516128763e-02 1.3676403632e-01 -5.6372824177e-02 2.8534984274e-02 -1.1728479718e-02 2.0166814250e-01 -8.4283375020e-02
1.2979492927e-02 1.7708554632e-01 -9.7064156643e-04 -5.0204036136e-02 -2.4917207901e-02 7.0639397791e-03 4.9471560714e-02 9.8787101051e-02 -3.1025110793e-02 -2.2455227018e-02 2.7759510778e-02 -4.4330701034e-03 2.5781316492e-02 -1.6020391719e-01 -1.0464768593e-01 -1.2596294513e-03 1.4151020448e-01 -8.5475800873e-02 9.6311687772e-03 -5.0579559016e-02 -3.4622057943e-02 1.5274742294e-01 1.6971892263e-01 -9.5962947633e-02 -2.4853407205e-02 -3.9805401884e-02 7.2796251581e-02 7.6983182153e-02 -2.6628432645e-03 -1.0240425486e-02 -1.7632276124e-02 1.1548673121e-01 -2.4063631346e-01 -2.0583455077e-02 -1.3486717955e-01 2.2046328125e-01 1.8619571842e-01 9.6168238310e-02 -1.0467234535e-01 -5.1936744875e-02 -8.5013270149e-02 -1.3340029326e-02 2.5290080259e-01 -5.5561081131e-02 -1.8717226399e-01 1.4408660928e-01 -1.1603640501e-01 -6.0120189833e-02 1.5239319320e-01 -1.1189693648e-01 -2.6665509873e-02 9.3958951899e-03
1.0891103045e-01 -1.2742887902e-01 -1.4316994793e-02 4.1195439015e-03 2.5353517020e-02 -2.5840089339e-01 -1.0739983105e-01 -1.5952133202e-01 7.4661993928e-02 -2.1509698186e-01 -1.0180798838e-01 -4.9454518032e-02 1.5520558002e-01 7.9108711679e-04 -1.4980994334e-01 -1.5734667297e-01 1.4135909931e-01 1.8937829282e-01 -1.4480716187e-02 -9.6193947882e-02 1.2614688489e-01 1.4136764645e-01 2.1737058973e-01 1.6437546132e-01 -7.1006812026e-02 6.9453723394e-04 1.8844792582e-01 -1.3295625672e-02 5.7460409076e-02 -2.7032742295e-02 1.7149561421e-01 -4.5276461651e-02 -1.5424771321e-01 1.3453768270e-01 2.2432587858e-01 1.0112946638e-01 -2.4153936200e-01 -6.9855870687e-02 -6.5922390506e-03 3.0726499712e-02 -2.2135071051e-01 2.5022712999e-02 -4.5446331942e-02 5.0444194626e-02 -2.3653479421e-01 1.3261889371e-01 7.0889411821e-02 1.4856629219e-01 3.6187158852e-02 1.4489971698e-02 8.5909432798e-02 7.7413759807e-03
2.5053330390e-02 -4.8105490880e-02 1.6017293885e-02 -2.8470831633e-02 -3.2385128443e-02 -6.1940415318e-02 1.7364667821e-01 -1.0098307224e-01 -1.3805836370e-01 1.3274717948e-01 -1.1737412688e-01 -6.6142204129e-02 2.1542669853e-01 4.0728202283e-02 3.6676713912e-02 -1.5415701623e-01 -9.3045300184e-03 -1.4004557130e-01 -8.8943791906e-02 1.0419317061e-01 -1.4855490111e-01 8.0493875954e-02 1.6078722910e-02 -3.3821235448e-02 3.5440913058e-02 -4.7295839773e-02 1.8461245261e-02 -5.4771634082e-02 9.3058114632e-02 7.3000382977e-02 -5.7207139201e-02 -1.0582925996e-01 1.4463502107e-01 2.2987015332e-02 8.8132446511e-04 5.1569221768e-02 3.5098711227e-02 6.6755634935e-02 -7.6441206075e-02 -9.5781673972e-02 1.0732304152e-01 -5.9023890463e-02 3.8763442521e-03 -6.5616396873e-02 -5.7522053091e-02 -1.0461111327e-01 5.2439643257e-02 -6.7208267862e-02 2.1824902738e-02 -9.4761248173e-02 7.1859316136e-03 6.2990358202e-02
1.2445790851e-01 -1.5415069261e-01 1.0350144974e-02 -1.7203484886e-01 -1.0189919358e-01 1.9521812810e-02 1.0014160500e-01 -1.5593296690e-02 -1.6573417063e-01 1.4228775141e-01 -2.4920994513e-01 -1.3309399472e-02 8.1117814452e-02 -7.8543303044e-02 -1.0347131726e-02 -3.1655650019e-02 5.1061522266e-03 4.6738672836e-02 9.7722370526e-02 -1.0124256883e-01 -8.2306502900e-02 1.5097964669e-01 9.6092721002e-03 -8.4539928409e-03 3.6506619617e-03 -2.2695285967e-02 -7.4103362727e-02 2.6342969945e-03 4.2992906722e-02 1.3243671791e-01 -9.9716412875e-02 -8.6160206289e-02 -2.4367498715e-02 -1.7737123406e-01 -2.2687033243e-01 -3.9317560497e-02 1.4996823490e-01 -8.0383848343e-02 1.3244307400e-02 -9.4098235626e-02 -2.6700790576e-02 -8.8599286102e-02 -8.0499687326e-02 4.3293154372e-02 -3.2574408429e-02 -6.5352064937e-02 -6.3895775962e-02 5.2450957016e-03 1.4177645637e-01 -1.0362983998e-01 -4.8093014441e-02 -3.5363482935e-03
-8.9561489589e-02 -8.8062031100e-02 -9.2862149181e-02 -2.1006558393e-02 -4.4007469572e-02 6.6209322847e-02 -4.5635786038e-02 -4.6391044073e-02 -4.3347693856e-02 6.8729584702e-02 -1.6142065395e-01 9.9500876324e-02 -7.7571470392e-02 2.9323075653e-02 1.4130785370e-02 2.5454510252e-02 6.3009873618e-02 2.8704921895e-02 9.1014118705e-02 4.2267279303e-02 -6.4208086508e-02 1.5807312450e-01 2.1241358300e-01 9.7153340140e-02 1.6213516290e-01 2.0023423978e-03 -3.0473245945e-02 -1.0104888064e-01 1.5512806990e-02 1.1428654948e-01 -8.0853383523e-02 1.4089391877e-01 -1.3162326163e-01 9.0591123023e-03 1.8220051177e-01 1.0141772423e-01 2.3669293326e-02 6.1495948624e-02 8.3142733265e-02 -7.1523791406e-02 -5.1558625136e-02 6.6442116267e-02 1.1282741072e-01 -1.3506643406e-01 -2.5272325531e-02 -1.0068324143e-01 -4.9236221870e-02 1.9417667720e-02 2.5024704727e-01 9.5090161514e-02 -1.7341028328e-02 1.1755828512e-01
1.8090297188e-01 -1.2427687214e-01 -7.0998475200e-02 -6.8733634537e-02 -6.7017277063e-02 -2.6441849166e-01 1.1658731517e-01 -3.4565543148e-02 -3.2991261288e-02 -2.3349650426e-02 -2.6611072894e-01 3.5662215216e-02 9.2867793163e-04 8.6895611192e-02 1.8409851355e-01 -4.5110202390e-02 1.1888712738e-01 3.4382078126e-01 9.4205100572e-02 -1.0582370841e-01 1.4696972211e-02 5.2915222983e-02 -1.8529492134e-02 -2.2523799525e-01 1.8936080192e-01 1.6039581682e-01 1.3310840255e-01 5.4835644630e-02 -1.3220605985e-01 -7.6260167500e-02 -1.2389932735e-02 -9.6176697795e-03 3.8053138773e-02 1.7393304880e-01 4.4170358673e-02 7.6997552716e-02 -7.4050124690e-02 -7.5204772578e-02 -1.6375316909e-02 -2.9166021255e-01 -2.2891425701e-02 1.2235556757e-01 -8.6069828324e-03 3.0878124920e-03 5.5909529449e-02 -2.8317377714e-03 -7.4841679221e-02 -3.3287604857e-02 3.6625825910e-02 2.3622745947e-02 1.0754853260e-01 -1.9273695459e-01
-5.2767877458e-04 7.8944778538e-02 6.1217253915e-02 1.9311602329e-01 -2.1066957645e-01 3.1471463221e-02 2.0446838985e-01 3.3548958575e-02 -8.2338676537e-02 -9.0605951311e-02 -8.7545094809e-02 -4.8220518844e-02 -2.2419775690e-02 1.6033885637e-01 8.5286794631e-02 -4.5088256246e-02 -6.4111517390e-02 -1.9290930276e-02 1.2990672654e-01 -8.9057882927e-02 -1.0845428127e-01 1.1602451744e-01 -5.4641701064e-02 -2.2894066427e-01 -1.3254961118e-01 9.1518259344e-02 7.6386832903e-02 -2.0568651411e-01 -1.5625376162e-01 2.7101191104e-02 5.7174063938e-02 1.3878634741e-02 1.9359566638e-01 1.1207748638e-01 -1.3053646149e-01 -1.7950350949e-01 1.0535762232e-01 2.3496668260e-01 4.6950858425e-03 -1.2347172180e-01 1.3750876026e-01 1.3064322304e-01 2.8792165244e-02 1.2530396922e-01 6.6117312688e-02 -3.8736030950e-02 6.2355883546e-02 -4.0677036904e-02 1.2876346890e-01 -2.1995892041e-01 -9.0635522114e-02 1.3884746663e-01
-9.0486893228e-02 -1.1176044113e-01 1.6479112868e-01 -8.0052332059e-02 2.0141902258e-02 -5.3943773856e-02 4.6594574264e-02 -6.1661871869e-02 5.0168323205e-02 4.7296696398e-02 1.3407539490e-02 5.3767984475e-02 4.3745067134e-02 -1.0418110629e-01 -3.9173169498e-02 9.2559760469e-02 -3.5069529283e-03 1.4375232647e-01 4.1557386237e-02 1.5919078758e-01 1.3020507954e-01 -1.0514913145e-01 8.7935321611e-02 1.0321643578e-02 -5.6432225896e-02 -1.2172194117e-01 5.9180671562e-02 -3.8320470685e-02 -5.7201458371e-03 4.7284161486e-02 6.8725887033e-02 2.2373263826e-03 5.3710380769e-03 -5.3361052259e-02 1.6148046055e-01 -1.9599342458e-01 -2.2914828000e-01 2.4584109357e-02 -4.5660633620e-02 8.2710764616e-02 -2.7076419164e-02 -2.9870148980e-02 8.0227947080e-03 9.8107446548e-02 1.0059338762e-02 -4.3800211801e-02 -7.3417534449e-02 6.3002518915e-02 -1.6982796802e-02 4.8598629750e-02 6.0600951153e-02 -2.3273691683e-02
4.8886781901e-02 1.0442985901e-02 7.3661836101e-02 1.3245271508e-01 9.1028300558e-02 -7.2357882883e-02 -1.6120377599e-01 -2.5022867313e-02 3.0487784350e-02 9.8998156301e-02 4.1425756348e-02 -6.7360215525e-02 3.8013681591e-02 -1.4703564461e-01 -9.6980381826e-02 5.8482993767e-02 8.1184740866e-02 -4.5494708991e-02 -9.8636168453e-02 -7.0186011733e-02 -3.0999703496e-02 5.0980675026e-02 7.3360630212e-02 -1.2807064518e-01 8.5719426155e-02 -9.7419606526e-03 -2.0918400118e-01 -1.1000388048e-02 2.0244798903e-01 7.3711157720e-02 -1.5191463786e-03 -4.2156778285e-02 6.1523230466e-02 -1.4657363297e-01 2.4657869649e-03 -5.4613857081e-02 1.8328783536e-01 9.5588059211e-02 -9.0511484235e-02 -1.7368134161e-03 1.4447355287e-02 -1.2326969982e-01 7.2585720871e-02 -3.2490594053e-02 5.7431644223e-02 -9.8390278257e-02 6.7146458808e-02 -5.2819421753e-02 5.4528820758e-02 -4.1899453832e-02 -1.2470038082e-01 4.9219674573e-04
-1.0248480517e-01 -4.4268038817e-03 1.2504529603e-01 -5.2342713641e-02 -1.5623011574e-02 2.0226812761e-02 5.1837977024e-02 -3.1584153870e-02 6.3320620353e-03 -2.3375869105e-02 6.0890432457e-02 -1.1651057709e-01 -3.5350520868e-02 6.8884045126e-03 5.4409094430e-02 -1.5695000928e-01 9.2634748632e-02 9.2190917130e-03 4.7596844505e-02 5.8578237721e-03 -1.5810051474e-01 6.7175420873e-02 7.8123620521e-02 -2.6560278255e-01 -1.2324752195e-03 6.6927839884e-03 -3.6934834257e-02 -1.5899201241e-01 -2.0218482432e-01 5.5669222827e-02 1.2436412689e-01 3.0568585572e-02 7.4578266405e-02 -7.1676581813e-02 -2.2453135406e-02 3.4679168988e-02 1.6116884121e-01 4.3449411626e-02 4.4052229723e-02 -3.7992620789e-02 -8.3269481416e-02 -4.9042823519e-02 -1.1395428850e-01 5.4858992447e-02 4.1397141120e-02 5.6043052444e-02 -3.1134465638e-02 -1.6380212736e-01 1.8474231043e-01 7.4957215365e-03 -8.3664035174e-02 -4.8511918547e-02
1.5451730045e-01 3.8996116584e-02 -1.3300019836e-01 -1.4455070153e-01 -2.1192763126e-02 -1.3323638430e-01 -8.6627618847e-02 -1.8113183962e-01 8.4885811303e-02 -2.1328264813e-02 1.0337472785e-03 1.8831630899e-02 9.5440982209e-02 1.9977152839e-02 8.0577961758e-02 -8.7194649944e-02 -1.1177552991e-03 -1.8025891495e-01 1.0327925108e-01 -2.4265869645e-02 1.9124670658e-01 -9.0306085994e-02 -4.5552236113e-02 9.5311491671e-02 -5.4749071729e-02 -2.7769293075e-02 -6.9328610297e-02 -8.5057787884e-02 -4.6092082827e-02 -5.7097128685e-02 4.9150116752e-02 -3.2124735162e-02 3.5144279038e-03 -4.5181952124e-04 1.1134604024e-01 -3.8357422088e-01 3.3208316945e-02 -1.1155767653e-01 -2.8364529891e-02 -1.4517209030e-01 1.3860161413e-01 -1.3316334551e-01 2.5579288729e-02 -1.8095175949e-03 6.6643297617e-02 -5.8870330005e-02 9.3394139064e-02 -1.0538953829e-01 -5.2196761049e-02 1.1894837774e-01 2.0430589881e-02 1.9400368372e-01
-1.5805921256e-02 -5.4831399477e-02 -1.7586087828e-02 -1.4684283612e-01 2.7448330671e-02 -1.6404168638e-01 -4.4820812579e-02 -2.5265258725e-02 1.0869732602e-01 -1.0718904974e-01 1.0580100978e-01 1.2840518129e-01 3.8520219306e-02 4.1813236310e-02 -6.8690170776e-02 6.5656669404e-02 1.1672484926e-01 -7.2444100388e-02 -8.2064554111e-03 -2.0061848736e-02 1.1220163343e-02 -5.1317362673e-02 -4.8842202802e-02 3.0711182278e-02 -8.9203063484e-03 8.4977241176e-02 1.3341337736e-02 -5.3714209480e-02 -6.3884042117e-02 1.1259795182e-01 -6.3722560617e-03 8.7364392082e-02 -4.5631124701e-02 -4.8544391395e-02 -6.1323852818e-02 -1.3469809535e-01 -1.3913245583e-01 -1.5043489925e-01 -1.1766036237e-01 -6.0613912421e-02 7.9068397869e-02 -1.0773552144e-01 1.5442523364e-01 -3.0941098582e-02 -1.4130281014e-01 4.0939661436e-02 -1.1084814756e-02 -1.8484334921e-01 7.0105031938e-02 4.2344892397e-02 -3.2056991723e-02 -7.4025809449e-02
-1.5483086216e-01 2.0060422404e-02 -2.9476866877e-01 -9.6202237838e-02 3.4620727389e-01 1.6095164410e-01 -4.5069462249e-01 1.2447329929e-01 -4.9285225856e-02 9.0235396841e-02 -1.1016471226e-01 5.2294667083e-02 -1.2550041465e-01 -1.7416035577e-01 -2.0463336131e-01 -2.3481053787e-01 1.2077912263e-01 -2.2921876051e-01 1.4090974480e-01 3.0679451888e-02 8.9146229070e-02 -3.1914857905e-02 1.6239998104e-01 5.5599320264e-02 -1.4735609623e-01 -2.2275611196e-01 -7.9286076943e-02 2.7587337791e-01 1.6904176498e-01 -1.1970885370e-01 1.4977456257e-01 -1.8617936930e-01 1.0319015340e-01 9.0358967527e-03 2.6989509941e-01 3.3342464207e-01 -4.5001311524e-02 8.6001230695e-02 6.6523029442e-02 2.6629371164e-01 -2.3287036204e-01 -8.8600662353e-03 -9.8089912702e-02 1.4706918312e-01 1.8144121496e-01 3.3461792881e-02 1.1925581510e-01 1.1426223732e-01 -1.5404147063e-01 -8.8610254713e-02 1.4090895379e-01 5.7605842022e-02
-1.0341395972e-01 5.9437362429e-02 -4.0055708979e-02 6.3537831605e-02 4.9130675136e-02 6.8404199935e-02 -6.2461470773e-02 2.9004609440e-02 -1.8272182298e-02 -1.4228586059e-01 1.9018997429e-01 -1.0793955600e-01 -7.2223009213e-02 3.2469312776e-02 -8.5070328483e-02 4.0437307353e-02 3.3883454060e-02 -7.6516673423e-02 -1.0068482607e-01 -8.1441624688e-03 -1.3069082134e-01 7.4717979883e-02 -7.5949110354e-02 -9.1185887976e-02 -6.5955054974e-03 1.9649799652e-03 -8.4392176529e-02 -1.1525169435e-01 -8.0969538899e-02 4.3550350169e-02 -6.1464733817e-02 -3.4569623286e-02 -1.1459870232e-01 -1.9000315438e-01 -9.0157792607e-02 1.5282767324e-01 -5.3253688344e-02 1.6414257643e-01 -1.4595835917e-01 1.4173110354e-01 -2.3877705937e-02 -6.9024769639e-02 6.6295423607e-02 4.6615726934e-02 1.9093702380e-01 -6.6899618343e-02 -8.4868520974e-02 -1.8159382483e-01 1.1901686741e-01 -8.3054973809e-03 9.6198956055e-02 -9.8629536770e-03
5.5174545483e-02 1.2058195261e-01 1.1031741505e-01 -1.3744904884e-03 -1.2278088189e-01 7.9456736697e-02 -9.1818339387e-02 5.4151575445e-02 2.1560182053e-02 -1.2810807599e-01 -1.8512634911e-02 5.2934286300e-03 2.6262210386e-02 -1.3901057076e-01 1.3877211569e-01 -9.6921046714e-02 -3.7028387242e-02 -4.8245991841e-02 7.1921034094e-02 1.0056447965e-02 4.6772722662e-02 -1.7331756153e-01 2.1597260914e-02 -1.8615061132e-02 -2.1650622205e-02 -8.6836019347e-03 -4.5443599927e-02 5.5550547313e-03 7.1390814597e-02 -6.0931321145e-02 2.9544708165e-02 2.0760689898e-01 6.0223544336e-02 7.6501364656e-02 5.6933069500e-03 5.5182898930e-02 -9.4033404474e-02 -1.8561768720e-01 -1.5340217287e-02 -8.9307391997e-03 1.2969497079e-02 2.0556422939e-01 -9.6816438827e-02 1.2320993277e-02 1.8281820086e-01 6.4138205070e-02 5.1458412783e-02 1.0201713579e-01 -1.0177272799e-02 -2.2552284706e-02 -7.4136733484e-02 7.6795129839e-02
1.0777174086e-01 -1.5222790466e-01 1.2533993287e-01 -8.8060175829e-02 1.4018661395e-01 -1.3477533443e-01 6.0946011049e-03 -4.7058416682e-02 1.0599858808e-01 -1.7515400054e-01 -1.1475665569e-01 7.9708085549e-02 2.7218665391e-01 2.7928016750e-01 -1.4678822406e-02 -6.5153835710e-02 2.3515512254e-02 2.5985923841e-01 -1.0934336649e-01 3.7577143870e-02 -8.8165044537e-02 1.0252129086e-01 4.0194839688e-02 -2.6327793846e-01 -1.7021422084e-02 1.2531216647e-01 7.3746962697e-02 2.5970999461e-01 -1.2323811398e-01 2.0191797374e-01 1.7685606509e-02 -1.1704771317e-01 1.0215164286e-01 -7.8844490536e-02 1.0959351513e-01 -1.2521250178e-01 -3.5932441082e-03 -1.1527811754e-01 2.7242908835e-03 -1.6205169944e-01 4.4628100690e-02 2.2120882839e-02 -1.2325375563e-01 -2.1420062402e-01 1.3163165471e-02 -1.8645153233e-01 5.3295588179e-02 -2.6308256300e-02 3.0688296762e-02 7.6484449234e-02 3.1875718860e-01 -9.4026269354e-02
6.8149057540e-02 2.9740339208e-02 -1.7613094470e-01 -1.8282189166e-02 2.4780869127e-01 -1.6325493153e-01 4.0322498192e-03 6.7319548595e-02 1.1155158228e-01 1.4436500080e-01 -2.3316898801e-01 -3.3833227998e-02 -5.3593204813e-02 -1.2799808826e-01 7.7032129575e-02 -6.3600446252e-02 -9.1486667851e-02 -3.2639603855e-01 -7.6967037273e-02 -2.2015306258e-02 7.8629261215e-02 -1.2077925586e-01 1.1037296706e-01 8.0273149293e-02 -1.6179279551e-01 -2.0437040228e-02 -1.9497265776e-03 1.1859692809e-01 1.9032066206e-01 -1.5978132647e-01 -2.7373168760e-02 -7.5437952951e-02 -1.4400843056e-01 1.1208968631e-02 7.8500305381e-02 3.9665782144e-01 2.1465942349e-01 7.2379395146e-02 -7.5474125347e-02 -6.9906282416e-02 -1.1875052094e-01 -7.6992734297e-02 1.2541680424e-01 1.0373812483e-01 -6.3248108451e-02 1.5792745133e-01 -1.4910627009e-01 2.4401838530e-01 -1.6405582409e-01 -1.2109898512e-01 -8.7778787474e-02 -6.7503481032e-02
-5.3410302890e-02 2.1238050916e-02 -1.9086714605e-01 -2.5200015665e-01 -5.3797786617e-02 -1.2978550379e-02 -1.2260995638e-01 3.6494426793e-02 3.8433790304e-02 1.5803278121e-01 1.2517025990e-01 1.5764215746e-01 4.9114732498e-02 2.7872433974e-02 -1.5975053934e-01 -1.6437450311e-02 -2.0862007560e-01 -1.0673490305e-01 -8.1784993459e-03 7.8142205097e-02 9.3019626763e-02 -5.8840827811e-02 -3.6611268727e-02 7.1477853955e-02 -1.9810840019e-01 9.3841050185e-02 -1.7478600809e-02 1.9643473076e-01 1.5550732631e-02 1.1950635764e-02 1.0199430954e-01 -5.4976670225e-02 1.6065012671e-02 1.0065622286e-01 9.7682179171e-02 9.8761444002e-02 -1.3253752256e-01 2.5331902442e-02 2.0077107984e-01 2.4134680513e-02 6.3854074756e-02 -1.8368891623e-01 1.0097725759e-01 5.2497651196e-02 1.6106113967e-01 9.9580996473e-02 5.7270642730e-02 -3.7252067550e-02 -2.2149297972e-01 8.5718808076e-02 -7.6458907696e-02 -4.8881854542e-02
5.7827466898e-02 1.4029733908e-01 -1.2388853609e-01 -6.9760685143e-02 4.5731817543e-02 -3.1518465422e-01 -2.1489564463e-01 -5.2267191048e-02 1.6553027495e-01 7.4776414269e-02 -3.1746115364e-01 -9.4693456213e-02 8.6947135303e-02 5.4627759439e-02 8.1360978227e-02 -8.5644397707e-02 -2.0942878591e-01 -1.5096658213e-01 7.6417927686e-02 -6.8311635320e-02 2.7049924069e-01 -1.1845983070e-01 -2.2927196369e-01 2.5534216288e-02 1.2803256143e-01 5.3929810928e-02 -4.8739705778e-02 -6.2112041541e-02 1.2609419813e-01 -1.4931124430e-01 -1.3475538944e-01 5.3858277312e-02 3.9153350887e-02 1.5749432113e-01 -2.5180330895e-01 -1.8437188573e-01 5.9343525180e-02 -1.1716398840e-01 -1.4179001788e-01 -3.2464509134e-02 1.6997807951e-01 -3.2642886912e-02 -4.6209332393e-02 1.3534861080e-01 -1.5284451522e-01 -1.7314031596e-01 6.3619508304e-02 1.0622414067e-01 -8.6727455005e-02 3.1362507375e-02 -3.6460078767e-02 7.1095095812e-02
-9.8582601952e-03 -5.9887985833e-02 8.2215755094e-02 -1.3326874461e-02 -4.0213301331e-02 -2.9889770482e-02 -7.0929210667e-02 -2.3589392130e-02 1.1669783932e-02 1.7360568070e-01 -2.4595341768e-01 9.5687610522e-03 8.8213012043e-02 -1.2018445786e-02 -5.3954051666e-02 4.2988075875e-02 -2.1864029704e-03 1.3344204124e-03 1.1166521851e-01 1.1410717104e-04 -9.3026615656e-03 -6.4537351125e-04 1.4912922985e-01 -6.1620408884e-02 -8.8886860745e-02 -1.4008856092e-01 7.7791924519e-02 -5.4805375069e-02 8.1560895735e-02 5.0310925034e-02 3.2615443838e-01 -6.2995544540e-02 -4.2889359920e-02 4.5513767716e-02 3.0551959132e-03 4.1417003893e-01 1.1500568084e-02 -7.8378737415e-02 1.4815458233e-01 1.4747882954e-01 -2.4633419008e-01 4.4082074994e-02 -3.4616445032e-02 -7.9230383330e-02 -2.0247396689e-02 2.1355485273e-01 8.9176968982e-02 4.2933696207e-02 -2.8685658769e-02 8.7635898745e-03 2.0924039976e-01 -1.6156605606e-01
-1.3953454706e-02 -9.9127865492e-02 2.3363598408e-02 -7.7991596204e-02 4.8101834902e-02 -4.5378485854e-03 -5.3033001604e-02 -5.4450404506e-02 -5.6156213745e-03 1.9812628388e-01 7.1267063511e-02 -6.9107899828e-02 -9.3094336852e-02 1.4088040537e-02 -4.7875191488e-02 -4.9866322566e-02 1.0399628548e-01 -1.0370646194e-01 -1.4609425086e-01 6.3990606536e-02 6.9412019809e-02 1.0910507593e-02 9.6310282907e-02 -1.3580376251e-01 -5.2222969620e-02 -1.7633941166e-01 -1.1913306648e-01 3.4696726765e-02 5.5834519970e-02 -1.5741162122e-01 -8.3040950605e-02 7.3790490227e-02 3.7250344140e-02 8.6424928992e-02 -9.9070771624e-02 -7.2316026412e-02 -1.2201705306e-01 7.9674518007e-02 2.3692974997e-02 5.9098630274e-02 -4.7928818710e-02 6.9320228855e-02 -1.1689664835e-01 -9.8348049758e-02 -9.3498547312e-02 1.4254405391e-01 -1.3130463339e-01 -2.6852857381e-02 -1.1763763235e-01 7.6845464159e-02 -1.8089642959e-01 7.8777728029e-02
4.5171952034e-03 4.2097896496e-02 1.9650354581e-02 -1.6044745751e-01 -5.3694180183e-02 3.7207943763e-02 -7.6288759161e-02 -5.9165622871e-02 3.7341658392e-02 5.5646662281e-03 -1.0586109317e-02 -4.4294674047e-02 4.3554323714e-02 -1.7199159855e-01 -7.9053421525e-02 -1.0551152503e-01 -3.9564249971e-02 2.0827762559e-02 -1.1043014388e-01 -4.8235940381e-02 -2.7640436243e-02 -5.6417795657e-02 5.3107505093e-02 6.6462753846e-02 2.0542071736e-01 2.5569956567e-02 8.4207425085e-02 5.7020145378e-02 1.2474458495e-01 -1.3470021258e-01 -1.1775353556e-01 9.7555376837e-03 6.8342776819e-02 3.0733271058e-02 1.4249358366e-01 1.3234570841e-02 1.5505601066e-01 -1.5818542071e-01 -1.2019715351e-01 2.6521789144e-04 7.2617023825e-02 -1.4345472706e-01 -1.9895962822e-02 5.5658327345e-02 -1.2295583425e-01 3.6468508171e-02 1.4856347155e-02 -7.0973734841e-02 1.4140905789e-01 -7.7364339600e-02 -1.7742683440e-02 -1.0969339439e-01
-1.3101808688e-01 1.7893710841e-03 2.7142435588e-01 9.8680218778e-02 -2.6788024490e-02 6.5041957347e-02 1.4991766651e-01 -1.1915029940e-01 -8.5102532689e-02 -9.1100293231e-03 -1.8712305365e-01 -1.0348713461e-01 6.0239656021e-02 -6.9197468281e-02 -6.2102915665e-02 -1.3612375889e-02 -7.8208286664e-02 1.6869911709e-01 -5.7332497098e-02 7.5470823556e-02 -1.9304216937e-01 1.3847532552e-01 1.4950245354e-02 -9.3660425523e-02 1.2640608374e-01 -8.5958320698e-02 1.8286624503e-01 -1.1792055050e-01 -5.6655146365e-02 -1.7055576248e-02 9.6629893447e-02 -8.5474553301e-02 -5.6004950081e-02 -7.7194760633e-02 -1.1196397317e-01 -6.5029334098e-02 -4.5980508268e-02 -1.1653641103e-01 6.2147542207e-03 6.4337658639e-02 -2.9413423729e-02 -1.5281540494e-01 -6.8599505782e-02 1.4953480206e-02 -8.4732680684e-02 -4.5044221172e-02 -6.3241966443e-02 -3.7433680765e-02 2.3848439693e-01 -5.7833428906e-02 5.0600512293e-02 -6.2445858035e-02
-7.5555657074e-02 2.1541116508e-02 3.5706692294e-02 -1.0339450847e-03 8.3638370883e-02 -8.7191727249e-02 1.5925643164e-01 6.8044459605e-03 -1.0011099662e-01 -1.9005627955e-02 1.4830757361e-01 -1.4312660944e-01 -1.3230954392e-01 5.9953883317e-02 5.6917224367e-03 -6.7992006836e-03 -5.0891302683e-02 -5.1247829598e-03 -5.1782906637e-03 -3.3350059213e-02 9.3645279731e-02 6.0457939267e-02 -1.6491313034e-01 1.1477758126e-01 -9.7909952874e-02 -6.1398856428e-02 1.0894142547e-01 -1.5863545322e-02 -1.7613617353e-01 9.1731592732e-02 2.5255488899e-02 9.4352955918e-02 -9.4846224632e-02 -5.5600716497e-02 -9.6294266654e-02 -7.9254142891e-02 -1.5172923383e-01 -4.4519986042e-02 1.1194094336e-01 -6.9846347196e-02 1.2373876201e-01 -7.3360529639e-02 -6.0787483295e-02 -1.0694677519e-01 -8.1200185094e-02 -7.9438193058e-03 -1.0564712694e-01 -3.1504797734e-02 -6.3216181737e-02 7.6843000725e-02 -7.0737097174e-02 1.3208036314e-01
-2.0946662755e-01 -1.0019292888e-01 5.2809589021e-02 7.5375462142e-02 6.3909243735e-02 1.2341828637e-01 1.8621047907e-01 3.4141423716e-02 -1.0268248238e-01 8.7780903104e-02 2.7976773166e-02 3.4255142499e-02 -5.7472307096e-02 -1.7587574979e-01 1.0126313774e-01 3.8211961578e-02 1.7373123417e-02 9.7252943232e-02 1.0294645586e-01 -4.2362440916e-04 2.2506366771e-02 7.1807843925e-02 -2.0917620543e-02 2.2215831427e-02 -1.7373912197e-02 -1.4021220768e-01 -1.2348972246e-01 3.3074236510e-03 -1.3205275891e-01 3.6972462247e-03 1.4096799873e-02 -1.2570124829e-01 4.0164122065e-02 -9.1972509686e-02 -5.8110634487e-02 1.0259356353e-01 1.0156709893e-01 -5.3240032345e-02 8.6116683707e-02 4.7771744327e-02 -1.8979679552e-02 8.5250194732e-02 -1.3395414931e-01 1.2057285435e-01 -6.9942485006e-02 -1.0231040989e-01 2.0254333310e-02 -1.4374948584e-03 1.9652392150e-01 -1.4703351472e-02 1.8487065976e-02 -2.6915843706e-02
-6.4334081123e-02 -3.5282588595e-02 -3.5761711002e-02 -7.7424231152e-02 -4.1605421462e-02 -6.8525211908e-02 -1.1309367953e-01 -2.0032330492e-02 -7.1237229744e-02 3.0553397285e-02 1.5223762085e-01 4.7475417955e-02 -1.1594605045e-01 -7.6462126603e-02 1.0344035177e-02 -8.4486303045e-02 5.8369832465e-02 2.0341122083e-01 -4.4119971605e-02 -1.1001992365e-01 1.6551766139e-01 5.4820162085e-02 2.9177675137e-02 -1.5581856051e-02 -1.4594284611e-01 -9.7358108707e-02 -1.8759991126e-02 -1.4532563190e-01 -4.1219515580e-02 -1.7742634097e-01 -1.2280927582e-01 8.0848112933e-02 -6.1837707277e-02 9.1704082652e-02 9.9351762683e-02 -4.3881499054e-02 7.5319753332e-03 -3.7141223387e-02 -1.0639211331e-01 -2.9603769784e-02 1.2807092134e-02 -5.8447614938e-02 -6.9992733356e-02 1.1881503238e-01 9.1506801309e-03 -2.3641976311e-02 2.3987157609e-02 2.5229462688e-03 -4.3033812482e-02 9.3669703702e-02 -2.0628310245e-02 -7.6102110713e-02
1.3212015201e-01 1.5853683000e-01 -1.1249345481e-01 1.2096442416e-01 -1.4229906455e-01 -4.8699171974e-02 -1.7514508770e-03 -3.1134931883e-02 5.2588181030e-02 4.1138866978e-02 4.9739793740e-02 -1.5933378298e-01 -1.0915901253e-01 -4.0600312846e-02 -1.3047699010e-04 -3.4222836216e-02 -1.5444315631e-02 3.8845631537e-02 1.1311839411e-01 4.9118082143e-02 2.6755621276e-01 1.3980000870e-01 -7.4658254804e-02 2.2785539404e-01 -2.1452184111e-01 1.0814646665e-01 5.0763231456e-02 -8.9657777268e-02 3.3395471490e-02 -7.9809373417e-02 -5.6888093195e-02 1.4918784585e-01 -1.1123089579e-01 -3.2759179742e-02 4.2429279582e-02 9.2200313417e-02 -6.4850377790e-02 6.3750166909e-02 -1.5652638063e-01 -8.8210487047e-02 8.9358639904e-03 -6.0614021776e-02 1.1596050484e-01 9.2102346835e-02 -4.6573252325e-03 3.4282498708e-02 -1.2324152106e-01 -3.2292632944e-02 -6.9319192312e-02 3.3277028576e-02 -3.2291608414e-01 1.8654325120e-01
7.6110874453e-02 9.3162652479e-02 6.3565806420e-02 7.9520513171e-02 -5.4004151716e-02 5.4703347715e-02 5.3085405463e-02 -8.9646925218e-02 -1.8194668833e-01 -4.4392039908e-03 1.3977740442e-02 5.0576573858e-02 9.2798126622e-02 -2.0980598991e-02 1.2422786170e-02 7.1123855429e-02 2.1608645332e-02 7.7527795989e-02 9.5345653147e-02 -5.0934475041e-02 -8.9434902415e-02 2.5229397515e-02 6.0287222192e-02 -1.0032058914e-01 -9.0037526493e-02 -9.9495009843e-02 -9.6519790475e-04 4.8713905937e-02 -1.0987480193e-01 -1.4912794418e-01 4.8608700511e-02 4.4785818731e-02 -2.0586545491e-02 -1.7471964545e-01 8.6846477439e-02 1.4975380291e-01 2.2008187519e-01 3.4186075969e-02 3.1857792264e-02 2.6683600169e-02 6.1383222868e-03 -3.3872368962e-02 -1.2192708054e-01 4.5104364201e-02 7.8317881108e-02 2.4880717540e-02 3.8810209520e-03 2.3974266636e-02 1.0717452465e-01 -1.0374730347e-01 -5.2315007668e-02 -2.2072018141e-02
-7.5609580541e-02 1.2096163126e-01 -9.9812784033e-02 -1.2095392851e-01 5.5010941888e-02 3.9706887396e-02 -1.6358908625e-01 -4.1241201077e-02 -1.2840121950e-01 7.6359297901e-02 9.3106213840e-02 -1.5620841191e-01 1.6413823443e-02 2.7977486486e-02 4.9843529376e-02 6.2745610158e-02 -1.4948759162e-01 -5.6645526769e-02 6.0158422450e-02 -1.4315544917e-01 -2.0163491469e-01 -7.1834281172e-02 2.2032796028e-01 -7.1368474102e-02 -4.2350966370e-02 -4.2906799699e-02 -1.8117483658e-01 8.5125300034e-02 1.0682579348e-01 -1.1672095372e-02 -1.2020479388e-01 -5.3430691246e-02 2.1774361665e-02 7.5611892824e-02 -1.9347983747e-01 1.1151168115e-01 -6.2650983562e-03 -1.0717890361e-01 -2.3821053064e-02 7.7381283784e-02 -4.7276925193e-02 9.7368560637e-03 1.1373422410e-02 5.9487610618e-02 3.8246157942e-05 -7.8516455926e-02 -5.5040261724e-03 6.9809072301e-02 -4.9524447484e-02 -1.1140437081e-01 -1.9093350819e-02 1.7822908129e-02
-7.7437900677e-02 -6.5888718471e-02 -7.2517513006e-02 2.8970012837e-02 -1.4195165032e-01 1.3793779817e-01 -2.6713676571e-02 7.1676234849e-02 1.3670350995e-03 1.6324189868e-01 -1.0031882636e-01 -1.2884706334e-02 -8.9895478164e-03 -7.7179762218e-03 6.4966534524e-02 8.2712721437e-03 1.1686026653e-01 1.3308023777e-02 2.8949042992e-01 2.6787136501e-02 -1.8683101202e-01 1.4626628195e-01 1.1623320763e-01 6.8934870389e-02 -3.2041564361e-02 -8.2064924461e-02 -1.1382810915e-01 -5.6056002539e-02 4.9516304706e-02 -1.1332699463e-01 8.2356429360e-02 3.1339155596e-02 -2.9698029654e-02 -1.0496332862e-01 1.0730976577e-01 1.6619017963e-01 2.1130197037e-01 -1.2463411714e-01 -1.7293300348e-02 -4.2062350734e-02 -5.2532474136e-02 7.9007964698e-02 1.0226157748e-01 -6.3733616021e-02 -1.0625424415e-01 -1.0315095133e-02 3.3054717675e-02 1.1490494115e-01 1.2809374219e-01 -2.5542185761e-02 -5.7334459395e-04 1.8198504536e-02
1.0558073478e-01 -1.8464352704e-03 1.3112227858e-02 -7.9911453052e-02 -1.2170775920e-01 6.4106288686e-02 -7.2064676085e-02 1.6135577897e-01 1.2244100542e-01 -1.6624278444e-01 9.8317838313e-02 3.7306814926e-02 -2.3665710723e-02 -5.6347306930e-03 1.2135481937e-01 -1.3207289099e-01 6.6534491492e-03 -7.1844855737e-02 -1.3367478914e-01 -1.0815548785e-01 1.7524659138e-01 -3.6165319144e-02 4.4043250728e-02 3.0095498506e-02 2.8410429133e-03 9.1097619797e-02 5.0191158761e-02 4.0167865715e-02 -6.2050140506e-02 -2.2069845724e-02 -6.8086272725e-02 1.6926351553e-02 -1.3100313486e-01 1.4094505725e-01 1.5382328655e-01 -9.2036768841e-02 -1.2484698888e-01 -4.3194664904e-02 1.1548527400e-01 6.6483768774e-02 1.1126776009e-01 -8.3305856582e-02 -4.1247053116e-02 4.6282743715e-04 6.7617566712e-02 3.5123715171e-03 9.3361115167e-02 -6.3915927032e-02 -5.6839254675e-02 1.6102320691e-01 -7.1811825247e-02 -1.6318855679e-01
