-6.2043447599e-02 6.1205260928e-02 2.4029599803e-02 -6.8068345912e-02 -1.7432996739e-01
7.1970250535e-02 6.9980893477e-02 8.9816420247e-03 3.5133393777e-02 -3.9002458595e-02
7.8028747337e-02 -1.2056174003e-01 -5.4799124832e-02 -2.8864292393e-02 6.1202378117e-03
-2.6350990968e-02 -4.4887512072e-02 1.5573352580e-02 1.2610024792e-01 -1.6152619132e-01
6.5551873516e-02 6.4343688942e-03 1.6948939741e-02 -4.2006177525e-02 5.1891487793e-02
3.6678156642e-03 4.7410291621e-02 9.9119323673e-02 7.8815476571e-02 -6.4809445752e-02
-6.4505897770e-02 3.3323812602e-02 1.6937743216e-02 -8.6340630817e-02 -6.7713954003e-02
1.0732901600e-01 6.0155581617e-02 1.0775192158e-01 -1.0496975352e-01 -7.7609402578e-03
5.2624198370e-03 -7.4940449451e-03 4.3125827098e-02 8.0280730357e-02 2.4693967999e-02
-3.2757513579e-02 9.7644650756e-02 3.2608770888e-02 -5.0193634693e-02 2.8821237746e-02
1.2907585370e-03 9.1926387104e-04 4.5407866432e-05 -6.2841900360e-06 4.4451627147e-04
4.0719566177e-02 5.1497857647e-03 -6.2950690157e-03 3.8981432259e-02 1.0587834481e-01
1.4086863319e-01 5.6096504070e-02 1.0375002767e-01 6.1731221920e-02 -6.7766200205e-02
-5.3670403420e-02 -7.0245024447e-02 9.6626527671e-02 -9.1783768430e-02 5.8570251899e-02
4.2440095397e-02 9.2717467761e-03 -6.1781605359e-02 5.3852011283e-02 3.1655270978e-02
2.6567963611e-02 8.5481066034e-02 5.1135127028e-03 -1.6619813862e-03 -1.1966797388e-01
2.1118639497e-02 8.5801443576e-02 -4.3484493371e-02 1.7108724682e-03 2.7051875569e-02
-4.4490289639e-03 -1.9613393140e-02 -1.3392569941e-01 2.6344369352e-02 -1.8422290179e-02
-1.0265020711e-01 -1.3223586531e-02 5.7577867058e-02 -7.7216497452e-03 -1.1998588264e-02
-8.0997360904e-02 3.1196364614e-02 -4.8864173170e-02 3.3105905571e-03 -7.8681663091e-02
1.2495981501e-02 3.4877656225e-02 -2.8448273143e-02 -1.0201400477e-01 -2.1721932099e-02
-5.5272518066e-02 -5.0075577312e-02 -5.1436496834e-02 -7.3752110651e-02 1.2195566244e-01
9.8653469832e-02 7.3525878143e-02 9.1535520514e-03 3.6212841794e-02 -7.3576600753e-03
3.3139988054e-02 -5.1994673783e-02 3.4275276178e-02 2.2191721351e-02 2.5041530192e-02
-9.8443858037e-02 -3.0648911619e-02 -6.9940186087e-02 -9.8695245866e-02 -6.8091707850e-02
4.3698011558e-02 5.7658786025e-02 -2.6737522404e-02 6.5814631977e-02 -2.0574035971e-02
8.9250964185e-02 1.0354552220e-01 3.7557742967e-03 7.6359168457e-04 3.5058249309e-03
-2.8064420914e-02 -3.0498375472e-02 8.5162713453e-02 1.2028230129e-01 -1.4923085675e-02
4.6147677699e-02 -8.3451234540e-03 1.9584524986e-02 -1.0657180230e-01 4.7720939145e-02
5.1986982596e-02 6.3413119530e-02 5.3137838275e-05 -8.9596199706e-03 4.9967062382e-02
4.4241774518e-02 2.4785562967e-02 -9.1048220614e-02 1.4591012295e-02 1.0277520805e-01
-8.9290674615e-02 -2.5960459218e-03 2.9442855389e-02 -6.3141703394e-02 -4.7853346859e-03
-3.0940027740e-02 -8.1195926545e-02 -4.6239542542e-02 1.4212074526e-02 3.5289414674e-02
9.7573048331e-03 -8.5102232061e-02 -2.5753593243e-03 3.4122678721e-02 1.2010100482e-01
7.8790441384e-02 -1.7782938700e-02 -6.6350211487e-02 -6.7256006562e-02 5.3885566857e-02
3.5618068303e-02 9.1783992740e-02 1.2555269921e-02 -4.2928891209e-02 -4.8075446886e-03
5.5394783920e-02 4.1940326375e-03 1.1514083572e-01 1.0108533314e-01 1.1598342736e-01
-1.2371989875e-03 1.3213201084e-02 1.5147572791e-01 3.4894499353e-02 -4.8993234778e-02
2.6082556997e-02 8.8156726817e-02 -5.0128725049e-02 -5.4054548522e-02 6.8676341267e-02
9.9775644759e-02 3.9241905663e-02 1.8909386598e-02 -5.8586152704e-02 7.2939844901e-02
1.4220474607e-02 2.1439753732e-02 -1.3830164595e-01 1.2444159207e-01 8.9278779505e-02
4.3037493709e-02 9.5412889434e-03 1.1446839961e-01 3.3933647977e-03 -1.8755417573e-02
-7.1702359620e-02 -3.8120920230e-02 6.5465324856e-02 4.1132592967e-02 1.1790578400e-01
-9.0846069938e-02 -5.9806286292e-03 6.9931766326e-02 9.6817119398e-02 8.0131928873e-02
-1.1332776951e-01 -1.0788379193e-03 3.3985337642e-02 2.6539142130e-02 -4.5998276855e-02
2.2300039606e-02 4.7043581527e-02 5.4750627912e-02 -7.1713222385e-03 1.1045056593e-02
-3.3277564064e-02 1.0899301372e-01 2.5130144650e-02 6.3211510221e-02 3.2854040663e-02
-7.5224217276e-02 -1.0034438936e-01 7.7769728046e-02 -3.1521325832e-02 8.7146305763e-03
-3.9253864642e-02 9.3741573888e-02 3.4853558093e-02 2.9252946711e-02 -3.7893079793e-04
-5.7300447716e-03 1.0474086408e-01 5.4845968137e-02 6.3054266173e-02 -5.7477015326e-02
7.7887947834e-02 9.2801385114e-03 6.0632991033e-02 -1.0744264936e-02 1.4831028095e-02
4.5489232115e-03 -1.4549008791e-02 -4.8239953488e-02 8.8331487522e-02 6.5565603085e-02
-4.2109191491e-02 -4.2198724742e-02 -4.8286202064e-02 -3.0765285497e-02 -9.6218881314e-03
1.5619326744e-02 -1.1731452187e-02 2.2979105990e-02 7.3629035384e-02 7.4078011346e-02
2.1918017167e-02 -2.3616775526e-02 -8.1328478392e-03 5.7781375130e-02 1.1783147601e-01
-1.0609139777e-02 3.5436340382e-02 -5.4679610850e-02 -3.5474624213e-02 2.4904315159e-02
-6.3528662847e-02 -1.3735054450e-02 5.0559235001e-02 3.6775256516e-02 -1.0789852003e-02
8.7700831885e-02 -2.5742700700e-03 -1.7992891337e-02 9.2966905806e-02 -2.5444086545e-03
1.5455551948e-02 6.3669180882e-03 -6.1387311972e-02 -1.0706107790e-01 6.5384257581e-02
-1.7933116702e-02 -1.5541278861e-02 9.0775726208e-02 -2.3081728732e-02 6.4983257017e-02
-2.0649530075e-02 -8.4203464232e-03 3.5692046640e-02 6.7281374861e-03 -9.8730153116e-02
-3.0586152736e-02 5.1677414863e-03 -2.7157444790e-02 1.3873186719e-01 -2.8816502751e-02
-1.4808801892e-02 -1.2485670242e-01 1.1081596437e-02 -4.7758623392e-02 -5.0373310600e-02
-8.5189394456e-02 5.6346394496e-02 -4.1011554162e-02 1.1419701021e-01 5.0947176841e-02
8.0966085220e-02 9.9312899471e-02 -2.5648497080e-02 7.2047623906e-03 5.4724783977e-02
4.2305630157e-02 2.4535378738e-02 -1.4775750236e-02 -5.4553068005e-02 -7.3571988668e-02
-1.3359424929e-02 1.7242681827e-01 -3.4841821847e-02 3.0075154087e-02 4.7672574295e-02
-2.7791979189e-02 1.2786102834e-02 8.7980568682e-02 9.5595511659e-02 -9.4860843862e-02
3.0116261812e-02 -9.0473630138e-02 1.9938948708e-03 3.8210264085e-02 5.8479344672e-02
9.4206862039e-02 -5.0184192657e-02 -7.9416642828e-02 3.4664534311e-02 -3.9757286425e-02
-1.0185641516e-01 -5.6646712622e-02 1.3002095940e-02 3.2794133574e-02 -2.9709531877e-02
-1.4379680613e-01 7.5752550908e-02 1.5589387901e-02 -2.2658950312e-02 2.2720292311e-02
-7.3538551367e-02 -6.3070916079e-02 -6.0354160279e-03 -1.3216187785e-01 -4.4219994063e-02
1.1236147196e-01 1.4469004586e-02 3.7758460530e-02 -1.3899548293e-01 -2.2471618213e-02
8.0671129315e-03 2.0123117566e-02 4.4509042760e-02 2.8984115384e-02 -7.6960737640e-02
-3.3741010812e-02 -3.4573478298e-02 5.4184888378e-04 3.3806698050e-02 1.4953837082e-01
5.7872865013e-03 1.2600774848e-01 5.1714903006e-02 8.9489610538e-02 2.9105038581e-02
2.4451978422e-02 1.1762349473e-02 1.1044321108e-01 -5.0289219976e-02 5.2612164565e-02
-1.1515063255e-01 6.8034343313e-02 -1.4722563516e-02 6.6866945011e-02 -4.3401322199e-03
3.3232663850e-02 1.4281996574e-02 -1.1863945167e-02 -1.4012668634e-01 -3.9819216813e-02
-6.9433801676e-02 6.6968837033e-02 1.2873085517e-01 1.4607270674e-02 4.6321097492e-02
9.3541299492e-04 2.0550978148e-03 -1.4977974058e-02 -5.3512732207e-02 3.0402530214e-02
6.4297492989e-02 -7.0102003757e-02 8.7298096042e-02 6.0993503712e-02 4.7448768997e-02
7.2955706069e-02 -5.6875621709e-03 5.8000672439e-02 -4.0642056634e-02 -2.1513658076e-02
1.9068297746e-02 -5.5777129683e-02 3.5058541769e-02 4.1539985805e-02 -4.2089690313e-02
-1.1785343442e-01 3.5060723069e-02 -1.0688610733e-02 -4.3002129084e-02 -3.0741891835e-03
4.8637239846e-02 -2.8861635532e-02 1.4338011120e-01 -3.1035850554e-02 -9.2083224791e-04
-5.5704425504e-02 1.0726883823e-01 -2.9389512230e-02 7.9587658185e-02 2.7960514379e-02
-5.3318573219e-02 4.2932012608e-02 6.1199339786e-02 -1.1662840652e-01 8.1165195729e-02
3.5401403489e-02 -1.2580477552e-02 1.0159345096e-01 4.4039581223e-02 8.3112759707e-02
3.9083568840e-02 4.5942448837e-02 3.2061185112e-02 8.9947144286e-02 -1.1179117243e-01
1.0122559562e-01 4.8542114837e-02 -4.6614909586e-02 -7.9817010870e-02 3.5298733691e-02
-3.5103733313e-03 -5.3267863223e-02 -1.3950026229e-01 4.9562524924e-02 -2.5851057069e-02
1.3625879775e-02 4.3340884719e-02 -1.0919073559e-01 2.6670805398e-02 -2.8385069007e-02
8.9597875500e-03 1.2261455320e-01 -5.0469064794e-02 8.8857752168e-03 -1.2064743283e-01
2.4649129709e-02 -5.0253959493e-02 2.9588136335e-02 -2.9904495937e-02 -9.9651364380e-02
-3.2140257654e-02 -1.0458531513e-01 -2.3443102105e-02 -5.7439635174e-02 3.9755720991e-02
-3.6866994377e-02 2.8119938479e-02 4.7567895755e-03 -1.1959798194e-01 -1.3593951072e-02
-5.2190442853e-02 -1.5146474682e-01 6.7950516362e-03 1.3352924606e-02 3.2508439652e-02
1.1277758764e-01 -2.9034229057e-02 1.2082090727e-02 1.4326148815e-01 4.1065557135e-02
3.5106818139e-02 9.3995453739e-02 7.7404486791e-02 -7.1024755455e-02 1.0954895271e-02
-5.4780609139e-02 -5.9059701093e-02 -5.0009625352e-02 -2.5206525589e-02 1.7139581611e-02
-3.4069991656e-02 -8.6681529489e-02 8.3251552702e-02 -2.9858835144e-02 -2.1656184304e-02
2.7641515839e-02 -5.7530275035e-02 -1.3309376772e-01 1.0168360242e-01 3.3748055636e-02
-5.2263890698e-02 8.9110328125e-02 -2.9171785457e-02 5.6107970105e-02 3.1906748659e-02
-2.3706487077e-01 -3.6196706674e-02 3.2987566654e-02 -1.1972628795e-02 9.7012236292e-03
3.0318156534e-02 1.4825577565e-02 3.8468562932e-02 1.0654131200e-01 7.5262584761e-02
5.7331400793e-02 5.1484391551e-02 -2.1730681868e-02 -6.1188579151e-02 -1.8555173345e-02
2.5144951343e-02 3.8660224347e-02 6.8426172186e-02 3.6868159653e-02 -7.1663134068e-02
2.4632960365e-02 5.7764817661e-02 2.5916052514e-02 5.6091057759e-02 6.0808544696e-02
1.0434748987e-02 7.7236698863e-02 -3.8205057793e-02 -1.5740439724e-02 -1.2612682254e-01
5.8170851539e-02 -5.1538087795e-02 5.7473657571e-02 5.4712560625e-02 -2.1808764048e-02
-7.6803431903e-02 -1.1929818477e-03 -1.7497541888e-03 7.5011848402e-02 -3.7009188020e-02
1.5662592546e-01 5.0003860574e-02 2.8805712212e-02 2.3962167152e-02 -1.3412886716e-01
-1.1978003578e-02 5.3520348401e-02 2.3379879160e-02 1.0381527287e-01 2.5637171770e-02
-1.1655237417e-03 6.4236987692e-02 5.0833717812e-02 -5.3333275923e-03 6.0903751760e-02
-7.1037479593e-03 -2.8466304501e-02 8.8242854122e-02 -1.7791461465e-01 1.1100141858e-01
5.4641836509e-03 3.4802610076e-02 -6.6982532783e-03 -7.4828412023e-02 7.3721923838e-03
5.1667006478e-02 7.0651091215e-03 -3.6393698922e-02 -6.8278483784e-02 -2.3888350406e-02
6.2267990161e-02 -1.5530629605e-03 6.1825733104e-02 4.7108410457e-02 7.1890505426e-03
6.7539260216e-03 1.2043606873e-01 1.0808300731e-01 5.8043140303e-02 7.0726447383e-02
-7.4891693617e-02 3.7350025029e-02 -5.6211074192e-02 7.3231760251e-03 -7.9804198398e-02
-7.8416182382e-02 7.1908007149e-02 4.8110666482e-02 -1.0817741621e-01 -5.6610762194e-04
4.2099598076e-02 3.3643623155e-02 -6.9496256556e-02 5.2181781562e-02 -5.4514538002e-02
-4.1755801736e-02 -2.5535508698e-02 -5.8794026622e-03 3.2902463679e-02 -9.7305472654e-02
1.8544790988e-02 -5.3299399063e-02 6.1155225572e-02 6.8873983607e-02 5.9087481022e-02
9.1381519193e-02 -4.4202566907e-02 -5.7730298213e-02 -2.2445194287e-02 -1.2258937356e-01
-4.6138078209e-02 5.7826209888e-02 7.9788012979e-02 -1.9074834199e-02 3.5202006902e-03
2.4014707094e-03 9.5847997925e-02 -5.2028385955e-02 9.5700768150e-03 -1.5352844996e-02
-1.5435652691e-01 3.4237321503e-02 1.3264663199e-02 1.8432552897e-02 3.1568574192e-02
-1.9535602706e-02 -1.6768201684e-02 -3.4331434645e-02 6.9730596335e-02 4.4627716350e-02
-3.5865791540e-02 -1.2898201554e-01 2.7996081556e-02 1.3802181750e-02 6.3113684845e-02
-9.2957145804e-02 -2.8173069744e-03 -1.2774994188e-02 7.7071811738e-02 3.2940263307e-02
-1.2319709063e-02 4.6566918120e-02 3.5583037577e-02 1.3371282015e-01 -1.1301888652e-01
-6.6237898423e-02 8.8259817865e-02 -3.6392973131e-02 6.0977328953e-02 9.4017499139e-03
7.6138761681e-02 -1.4283096343e-01 2.3468368146e-03 1.6570273529e-02 -4.0006239764e-02
-5.4090501920e-02 4.3601907511e-02 8.9530000397e-02 2.0328774675e-02 3.9868854749e-02
-4.4467261894e-02 -9.2016015261e-02 6.4708489064e-02 4.4903376112e-02 -9.6466667078e-03
5.5304948966e-02 1.8893349920e-02 -2.6539143550e-02 -9.5297173651e-02 -4.7622975843e-03
7.1734308233e-02 -1.2082485578e-01 4.3049841924e-02 1.6107836873e-02 3.1453951750e-02
-1.8888889842e-02 9.6687286592e-02 8.7443445072e-03 6.6266113122e-03 3.9870881290e-02
-5.4438902947e-02 -3.6849937893e-02 7.2595134213e-02 6.5563910396e-03 4.5787139732e-02
-3.5535457630e-02 -3.0996256884e-02 -1.3621226611e-01 1.3521683745e-02 -2.2423260790e-02
-1.4290045134e-02 5.5618063740e-02 -2.7521523217e-02 -4.4422171381e-02 -1.2725230057e-01
1.4633945955e-02 8.8681716752e-02 5.7068710386e-02 3.9663392238e-02 3.9434210410e-02
-3.5813794545e-02 -2.0084748068e-02 9.6047124783e-02 4.1431489579e-02 -1.3851209406e-01
2.8939386769e-02 -1.0850996495e-01 1.1883061593e-02 -1.2053057190e-01 -4.3689504397e-02
-7.5661616722e-02 9.2574290907e-02 -3.2906632308e-02 -4.9092355350e-02 -3.6776727926e-02
-2.0034101053e-03 -5.3402448114e-03 5.1775889670e-02 7.4987137105e-02 -1.0447446717e-01
8.1242016705e-02 -4.4472810538e-02 -7.6698018670e-02 8.4087080689e-03 -1.3905995966e-01
2.4511597226e-02 1.4714386246e-01 6.5125624908e-02 -2.4908344038e-02 -5.8371407421e-02
6.9177400772e-02 -8.6693773483e-04 7.0600232975e-02 -1.2072895326e-01 4.7197065551e-02
