-2.1735075041e-02 -2.1285441500e-02 -1.1703035295e-02 -2.0960899108e-01 -8.9281860203e-02 1.5327754324e-01 -4.8822249779e-02 -1.8504759709e-01 -1.0207889126e-01 -1.5457510534e-02 2.9047877328e-02 -2.1715570380e-02 -2.3815358189e-02 -1.8934475221e-01 2.2781613028e-01 -1.4367424870e-01 -1.3229324960e-01 6.8597542880e-02 -4.7927233154e-02 1.1326547972e-01 -1.0578476259e-01 -2.0211353427e-02 -5.0099592866e-02 -2.6650676974e-02 -1.0697118278e-01 -8.9327533793e-02 -1.1551584466e-03 1.0060803725e-01 2.1173892891e-02 -9.2888528431e-02 1.7751550801e-01 8.6954432944e-02 1.7242259647e-02 -2.0795056099e-02 -7.8664566155e-03 9.2971034385e-02 9.7578324820e-02 -8.3897576560e-02 -1.6566457995e-01 9.9423995508e-02 5.7861763860e-02 1.1079272015e-01 1.1673301002e-01 5.2639721735e-02 8.0475293675e-02 4.2004588605e-02 -2.1703045742e-01 -1.7855772571e-01 3.0008399923e-01 2.2852223411e-01 2.7370644274e-02 -1.2147875984e-02 3.3912492529e-02 -1.2226648334e-01 -3.8650236013e-02 2.3178386121e-01 8.6336391281e-02 -4.2907320156e-02 -1.5657596478e-01 -1.9858713920e-02 5.0795928979e-02 1.8493924757e-02 -8.3797190303e-02 6.8482399737e-02 1.0911855995e-02 -1.4323595466e-01 -3.5995415750e-01
1.7377919836e-01 1.0362717206e-01 2.4548658125e-02 -1.9652071163e-02 2.3050806224e-02 1.8396818861e-01 2.5306894077e-02 -2.5323807484e-02 5.9466653898e-02 1.4254380807e-02 1.3501619284e-02 4.5745322040e-02 -8.6228358305e-02 2.7253779231e-02 -2.7152270499e-01 1.3767420283e-01 -1.1858238451e-01 -8.2638770430e-02 -3.0187232217e-02 3.0284228277e-01 -8.2113067517e-02 -8.1296080570e-02 1.3881243474e-01 -2.1063475262e-02 -1.3654615079e-01 4.0191099035e-02 1.6496924352e-01 2.4148273042e-02 2.1908719807e-01 -8.7451046432e-03 -1.4347035718e-01 2.0716700173e-01 3.7743860387e-02 -1.8287092243e-02 -6.1085720346e-02 1.4781298083e-01 -1.4576407810e-04 1.0537034998e-01 -1.2666514272e-02 9.0281864107e-02 3.2076143598e-02 -1.2334585687e-01 -8.7543084617e-03 6.6883792516e-02 -6.4902550655e-02 7.4918399916e-02 1.7454498456e-01 -1.4032864487e-01 1.4577852956e-01 -2.5454961346e-02 -4.9603944610e-02 1.0202384480e-01 -1.2352854483e-02 1.3002277457e-01 -9.0394933889e-02 6.6699408602e-03 9.8086766135e-02 -1.1743083762e-01 5.5536834416e-02 1.3545881594e-01 9.5175195537e-02 4.3994081997e-02 -1.5365296104e-02 6.6159494593e-02 7.0426690947e-02 8.3361434108e-03 7.9345244916e-03
8.7284439519e-02 -1.6234153685e-02 9.0195100519e-02 1.9316041413e-02 -3.5576648350e-02 -4.8715717788e-02 -6.0771918613e-02 9.3583648063e-03 5.2180116767e-02 -2.6612015869e-01 1.1335232587e-02 -4.0530273393e-02 7.8936273517e-02 1.5309944230e-01 1.0933269571e-01 -6.9215361864e-02 1.0407473005e-01 -9.8135421557e-02 1.6827020067e-01 1.0696326767e-01 5.2747496526e-02 -3.0103383091e-02 -1.9935436095e-01 1.9681191907e-03 2.2254725148e-01 -1.2115877061e-01 1.3729939134e-01 1.2062710597e-01 1.7028118270e-02 -1.0504802354e-01 5.0902590890e-02 -5.1477741064e-02 -6.2844638857e-02 1.2577587214e-01 3.8397758542e-03 -6.6298378576e-02 -1.6399610631e-02 -4.1549188287e-02 7.9615028848e-02 -2.0370629737e-01 -4.9028323189e-02 1.2464861468e-01 1.5061390974e-01 -1.4434484745e-02 1.2709196957e-01 1.9069503852e-01 -7.5382873665e-02 2.0728108380e-01 9.6835018305e-02 6.9011329137e-02 3.0502252929e-01 -6.0211424379e-03 1.6390605140e-02 -1.3406338900e-01 2.5495100568e-01 1.4279725511e-01 -3.8046549265e-02 -1.6993712815e-01 8.0238349688e-02 -1.3724277972e-02 1.8969226337e-03 3.4906478496e-02 -2.9300533819e-01 1.4905112786e-01 2.7015233673e-02 1.2995589292e-01 -1.3054577777e-01
1.1810810534e-01 1.5241133213e-02 1.2260020962e-01 2.5430219838e-02 1.3130936348e-01 -1.7333939804e-03 5.5303435997e-02 2.5869803598e-02 3.5128016338e-02 3.3002119240e-02 1.4373422264e-02 -1.7488831685e-02 1.5495189823e-01 7.7885386833e-02 7.8180163357e-02 -1.1279317787e-01 1.8149412329e-01 2.0087008831e-01 2.7337309942e-02 -3.0103798151e-02 -1.0021216634e-02 3.9310314976e-02 6.3859517494e-02 2.0498417706e-01 6.1035445298e-02 1.7077805545e-01 1.8459197284e-01 8.9158017006e-02 -9.1521309704e-03 8.0169700249e-02 7.0349828752e-02 3.2884333217e-01 7.0029801461e-02 -1.8268136191e-02 1.7897099700e-01 1.1873050639e-01 -1.2030080052e-01 2.4185808168e-02 9.5260974897e-02 1.5293703527e-02 1.2724599336e-01 -3.9034130261e-02 -5.0337677641e-02 -2.7846020788e-02 1.0459586997e-02 7.3122592446e-02 5.9488447858e-02 -1.2919596453e-01 1.3001130181e-01 -8.7827300783e-02 -6.6472784193e-02 1.0820300377e-01 9.1726066341e-02 -2.0555431866e-02 8.2240875734e-02 6.3524617373e-02 1.0249761868e-02 6.7857357473e-02 -1.5729615147e-02 7.5161368875e-02 7.5933315840e-02 -1.1746645487e-01 -1.2028750999e-01 2.1358668620e-02 -7.9544717861e-02 -1.0174083502e-01 3.0212523488e-01
2.4060972495e-02 -5.5950433113e-02 1.3664733708e-01 -2.8329714865e-02 -1.3256026727e-01 8.8703202864e-02 2.6278490852e-02 -2.4975737415e-01 7.4264808388e-02 1.1516553214e-01 2.8097119968e-01 1.9289340823e-01 2.3870787333e-02 -2.0641141408e-01 1.3219934749e-02 -6.1190930504e-02 -9.2511224948e-02 -8.4861605487e-02 -1.5299774436e-02 2.1043416106e-01 2.3008205963e-01 -3.3843477009e-02 1.2742426972e-01 4.1616457003e-02 -6.9425853597e-02 2.1440992844e-01 5.8321155599e-02 4.9931661290e-02 -1.4684963096e-01 5.1721091316e-02 1.8324583750e-01 1.5848096500e-01 9.8929664023e-02 2.1139496947e-01 2.3241501299e-01 -6.4261223382e-02 -2.2868067023e-01 1.4823254599e-01 5.0297042768e-02 1.8855253088e-02 3.1342629595e-02 2.1498823883e-02 1.3551336224e-01 2.9659187979e-03 2.1662325415e-02 9.3136307063e-02 5.8620497287e-02 2.5089355296e-02 4.3951139962e-02 -6.5735997261e-02 -1.7785769448e-01 1.9848182052e-02 -1.5952304591e-01 1.5942183814e-01 -4.4134898232e-02 8.5614163655e-03 -7.8157970364e-02 1.6308920589e-01 3.0679603380e-02 7.2060064848e-03 1.2819118890e-01 2.8844665096e-02 -2.9531532604e-02 -1.5112978787e-02 -1.6502417854e-02 1.0689973076e-01 6.5741137570e-02
6.3290400385e-02 -1.0382831475e-01 8.4766580958e-02 2.3991609232e-02 -4.1090665718e-03 9.6518093228e-02 -4.2243522344e-02 -7.5786561064e-02 1.8438537108e-02 -1.0252856027e-01 -4.1649110229e-02 2.8867238621e-01 2.7864754208e-02 1.4132514614e-01 -2.7812152341e-01 1.2303945504e-01 9.2664083931e-02 -3.5167782689e-02 -1.5550895115e-01 -1.1475151127e-02 2.3607665391e-01 1.6949081052e-02 -1.1355479306e-01 7.3274743652e-02 5.3193947984e-02 -3.1608333014e-02 -7.3423285850e-02 -2.3800714348e-02 -7.9222391570e-02 -4.7788289416e-02 2.1888264596e-01 -1.8211330146e-01 -1.3294122149e-01 6.6442632404e-02 -1.8824105433e-02 4.7216424019e-02 -3.7344223996e-04 -2.8781450413e-02 -1.9121564791e-02 7.2433304938e-02 -3.8903925863e-02 1.7748197671e-01 1.0568906245e-01 -1.4036979254e-01 -2.3774387250e-02 1.9082328423e-01 2.3821854776e-02 6.6832489320e-03 2.1841603433e-06 4.9150785099e-02 6.2267786574e-02 -2.3789769937e-02 -5.1307246001e-02 -1.9914279912e-01 7.4517352592e-03 -1.0677402910e-01 -4.5161131718e-02 2.6290463503e-01 -9.9914197317e-03 2.4338675085e-02 -4.2406653458e-02 -5.0477188347e-02 -2.5251763233e-02 6.1214874048e-02 -4.8749035434e-02 5.0403065206e-02 4.0192459975e-02
1.9456982296e-01 -1.3861264898e-01 1.2254496331e-01 -1.1250299087e-02 -9.8740632836e-02 7.2618353111e-03 6.4415644212e-03 1.3453704581e-01 3.7558612853e-02 3.1143220119e-02 1.0686645946e-02 1.2068798186e-02 1.4938365862e-01 1.0347686315e-01 1.3546250901e-02 6.2024395989e-02 -9.0721065509e-02 4.7016340447e-02 -6.3730460897e-02 -2.5700826991e-02 1.2236822843e-01 -4.2499135212e-03 1.6482011747e-01 -9.8633486269e-02 2.0362830736e-02 -1.0054262579e-01 7.8492037971e-02 6.3010431974e-02 -1.9679296248e-01 -2.2577097738e-01 2.1096249657e-01 8.8225154883e-02 6.5396226026e-02 2.3269733232e-01 2.1772015805e-01 -3.5089763871e-02 -1.9024624296e-02 1.2585506484e-01 2.2186866610e-01 -1.1612319698e-01 -7.1103020286e-02 6.2029141668e-02 -2.5054222863e-01 -2.2368984105e-02 3.2695189026e-02 4.4628569877e-02 -1.1750786297e-01 -2.9252405485e-01 4.3691921141e-02 -1.6317545563e-01 -5.4524596883e-02 -7.8358754799e-02 1.4202999523e-01 -8.1375890312e-02 1.4431538532e-01 -3.7796114197e-02 -8.9447942907e-02 6.2916883935e-02 2.0400866953e-02 -1.0977394655e-01 3.3505406019e-02 -1.1905094543e-01 -1.4789024003e-01 -6.1867381718e-03 -2.5380144659e-02 7.7272489441e-02 4.6015091731e-02
5.4030279637e-02 7.8721780598e-02 -1.3020017402e-01 -1.8688794332e-02 -1.4271180114e-01 3.5601279950e-02 -4.7195032853e-02 -7.0460759389e-02 2.2156042727e-02 -8.9828375647e-02 -1.1996436575e-01 8.3949731180e-02 -6.8310549790e-02 7.2947184134e-02 -1.5576663587e-02 -8.6873513288e-02 7.1569611143e-02 -8.5865046971e-02 -1.6189019925e-01 9.1791242339e-03 1.5391072481e-01 3.1437500287e-01 9.4514433121e-02 -7.7536260507e-02 5.3954073755e-02 -1.1062248005e-01 1.6523303641e-01 2.2687345837e-02 6.6769439915e-02 7.4178323198e-02 6.6748775205e-02 7.4833505309e-02 6.2835620603e-02 9.6363254083e-02 -6.1861483808e-02 9.1947623492e-02 5.3854939316e-02 7.7334306995e-02 3.1314966011e-02 -4.5994372479e-02 -1.8298633813e-01 1.0520647490e-01 7.7170983281e-02 8.7075444459e-02 1.9148981244e-01 6.3627998293e-02 -1.6369173207e-01 3.1175604480e-02 -6.5920076133e-02 1.2806690639e-01 -1.3389285062e-01 -7.6977930407e-02 -1.0309987205e-01 -1.1794667461e-01 2.4288431192e-02 3.2165219804e-02 -5.5457674648e-02 3.7308617576e-02 3.7326270391e-02 3.0629434682e-02 -1.3587029915e-01 -5.7350211646e-02 1.0034232230e-02 6.0938965948e-03 2.0378854299e-01 1.6608080544e-01 -1.1476730647e-01
-1.4300111443e-03 -3.6795576306e-02 1.2204078947e-01 -5.0633292149e-02 3.9780388762e-02 1.3318106021e-01 1.2067288268e-01 2.8470376963e-02 -2.0322310306e-01 8.8133037504e-02 4.9134025460e-02 1.0225700084e-01 -2.7362518087e-02 -4.7647397704e-02 3.7686484054e-03 8.5643753519e-02 -9.7023058832e-02 5.0257208720e-02 4.3473275423e-02 2.1579170550e-01 1.5512320161e-01 -1.7500885681e-01 1.3082721555e-02 -1.0420478423e-02 3.6690048013e-02 1.1221704214e-01 -1.2482150759e-01 2.0497503648e-01 1.8944088449e-02 6.3193715197e-02 4.8582857021e-02 5.9766306907e-02 1.1927161526e-01 7.9456069598e-02 2.6625346080e-01 1.6689540441e-01 -9.9089001227e-02 -1.2225159979e-01 -1.8426421490e-01 2.0775205510e-02 4.3802789786e-02 -1.4619662429e-01 2.7090765118e-01 -1.9605671821e-01 5.9901754271e-02 -1.9374947462e-02 1.6388118126e-01 -6.4664497260e-02 1.0874490430e-01 -1.1046644807e-01 1.1458324114e-01 1.5984480247e-02 8.3535541596e-02 -1.4735242855e-01 2.5522101430e-02 2.7005877860e-01 2.9260086828e-03 7.9396990710e-02 -1.1679007801e-01 -1.0722752544e-01 -9.5786095680e-02 -1.4284242739e-01 1.5050645213e-01 -2.8690194945e-03 1.1165427967e-01 1.7436138389e-01 1.6649714955e-01
-3.3043489169e-02 -7.9580687212e-02 -2.9418964909e-02 -9.9391967352e-02 5.5293849761e-02 7.0649036814e-02 4.8069594775e-02 1.4112163694e-01 -1.0173584718e-01 -1.4503920644e-01 -1.4977684011e-02 -6.5128521758e-02 1.9157465107e-01 9.2581440296e-02 -5.7370816650e-02 -6.2269007936e-02 -8.0023720473e-02 1.6465824493e-02 -3.4265184356e-02 -1.2021482151e-01 1.5241659104e-01 -2.7332913615e-02 5.1060192298e-02 -7.8034167967e-02 -5.8500324681e-02 -4.9019796073e-02 6.0867309412e-02 -1.2258041818e-01 1.2048377371e-01 -5.2936371403e-02 2.4195072677e-02 -2.3390839836e-02 2.3372339929e-01 -1.1983048286e-01 -2.3907925536e-02 -8.2517323481e-02 5.8186589893e-02 3.8572546601e-03 -1.7529514953e-01 -1.7772305113e-02 -1.0763263382e-01 6.2875781059e-02 4.4867193139e-02 1.9482317215e-01 -5.2937619131e-02 1.8403672809e-01 1.1317506341e-01 -1.4916704764e-01 1.5360443776e-04 1.8782367857e-01 7.1658951354e-02 -1.8414043026e-01 1.2030275382e-01 1.6843319184e-02 1.3231971906e-01 2.1310869326e-01 7.7485660128e-02 -5.1355084957e-02 2.9716679701e-02 4.2063931106e-02 -7.0485666192e-02 -1.3210337076e-01 1.2029189713e-01 -2.2016986294e-02 1.0634582715e-02 9.2751610647e-02 -1.2114130942e-01
-3.5862018594e-02 7.9591130513e-02 7.0396339832e-02 -1.0562423694e-01 -3.9710217438e-03 -1.2156083948e-01 -7.1766135368e-02 -3.6951133915e-02 -2.1741080443e-01 -6.4089436119e-02 1.5095664963e-01 1.2212133799e-01 5.4788186600e-02 -6.7275254020e-02 -4.0442239354e-02 -7.3056217991e-02 2.3741755699e-01 -2.0636642304e-03 8.7332999217e-02 5.9684002441e-02 5.8677242349e-02 1.5667698178e-01 1.8597802735e-01 -1.3559953699e-02 2.5994954442e-02 9.2377636638e-02 6.6350808691e-02 -8.6202709577e-02 2.2474161827e-01 1.3413535389e-01 9.2661856229e-02 1.1918357269e-01 -1.3381403681e-01 1.3965173533e-01 -4.7394362910e-02 1.1421309804e-01 1.0834328635e-01 -5.4867441115e-02 -1.6350778225e-01 -4.2748744330e-02 3.1742542267e-02 9.5517835064e-02 6.4985751295e-02 -8.6983737922e-02 1.3691511423e-02 -3.6966920259e-02 -6.6650665696e-02 -1.5654849506e-02 1.7793123392e-01 -7.8131106309e-02 2.0892675692e-01 1.5935408889e-02 5.2486664870e-02 1.2504126352e-02 -2.0074131413e-01 1.2863277055e-01 2.4301452672e-01 8.2531229639e-02 2.3853540307e-02 6.1323319683e-02 -1.3212883076e-01 3.2321462123e-02 1.8728794491e-01 -1.0193553950e-01 -1.3366862182e-01 -7.9583159672e-02 -3.8028634733e-02
2.6171774720e-02 2.8806206103e-02 1.7570613425e-01 6.3632317826e-02 9.5491709386e-02 1.6150597423e-01 2.1899333352e-03 1.2045385154e-01 1.0704423507e-01 -1.4701532093e-01 6.3090702276e-02 -2.6436259412e-01 2.4068390356e-01 -3.3781107066e-02 -2.1644866705e-01 -6.5401013345e-02 9.5167439668e-03 -3.6190650275e-02 -3.4589100829e-02 -4.6632557756e-02 1.2520244025e-01 1.6983915922e-01 -3.4372771254e-02 -1.7695844163e-02 2.3670656793e-02 1.0682968041e-01 -1.7662517405e-02 -1.8062697911e-01 1.1649534205e-01 -8.1101654154e-03 -2.4284633366e-02 -3.1206825208e-02 -6.6617735159e-02 -4.5614809365e-02 2.1609024437e-02 -9.6035804620e-02 8.4134970036e-02 6.0476526207e-02 1.1559431992e-02 3.9240967619e-02 3.1917477840e-02 -6.1203372979e-02 1.6586488835e-01 -8.8358172309e-03 9.9457233561e-03 7.1264783720e-02 -7.3521327562e-02 1.8037838155e-01 -1.0738680915e-01 -4.2946953607e-02 6.7688785586e-02 -8.6732883094e-02 2.7240536622e-02 3.0156179435e-02 -7.1646125731e-02 -1.7613833611e-01 -1.0614095408e-01 1.4372788292e-01 1.6313484256e-02 4.2704849065e-02 6.4981427204e-02 7.4401977170e-03 2.8665590648e-02 3.2507289434e-02 -2.1016776115e-02 -5.3916341346e-02 -1.0940516571e-01
-1.0836393239e-01 1.4442418714e-01 4.8567128554e-02 -6.1358329657e-03 1.2370418446e-01 5.2028356450e-02 2.0237885493e-02 -4.3530326078e-02 -1.2564719865e-01 -1.8917357192e-01 2.7504692191e-01 1.4980404294e-01 -7.5881765779e-03 2.4902979811e-02 -4.7876777547e-02 1.2173500400e-01 -1.2254004121e-01 5.7236404809e-02 -4.4054162341e-03 5.4474643879e-02 -8.5801537280e-02 -1.7294197478e-01 6.5724994531e-02 3.2031414008e-02 3.5405989177e-02 1.7494319722e-01 5.8789778268e-02 -4.1311624909e-02 1.0397089889e-01 6.6095656527e-02 5.0144568086e-02 8.0286944943e-02 1.4684454676e-01 -2.1909753451e-01 -1.2970631807e-01 -2.0765776192e-03 1.6476698425e-01 1.0169089845e-01 1.0672892200e-01 1.0337618966e-01 1.3411959612e-01 3.3003400735e-02 -1.7579626840e-01 -7.7730104442e-02 -1.0851850875e-01 2.5252755713e-01 1.5751331026e-01 1.7770301647e-02 -1.0411202353e-01 1.0069553710e-01 -7.2008724432e-02 -2.6541671114e-02 1.5511014068e-01 -9.5824874706e-02 -8.1547143989e-02 1.2666327632e-01 -1.7981541329e-02 3.6094927761e-02 1.2623338829e-03 1.4886881065e-01 1.2212159248e-01 -1.3882974051e-02 1.4583606148e-02 1.2543295940e-02 1.1714871808e-01 -2.4575636600e-01 1.5240001664e-01
2.3128853875e-01 -3.1758251705e-02 6.6320328762e-02 6.8178827054e-02 2.6039166518e-02 9.2422822598e-02 3.0861028569e-01 1.1887606619e-01 -1.4188312661e-02 -5.8056697336e-02 -9.7977355238e-02 5.3377851085e-02 4.7800801534e-02 1.2586468940e-01 1.6921147270e-01 1.2959217830e-01 -1.0802672370e-01 -5.5455451499e-02 4.0180522602e-03 3.4074796398e-02 2.7493171135e-01 -6.3240028509e-04 1.0659252776e-01 1.3141625641e-01 8.0281718940e-02 5.8367901991e-02 -1.2706792876e-01 9.5330151063e-02 3.6847146376e-02 -6.2159022723e-02 2.0224158201e-01 1.1019210211e-01 1.5043454663e-02 1.1629593109e-03 5.1024723459e-02 1.6266797097e-01 1.2059789449e-01 -1.8384416099e-01 1.1911751245e-01 8.2624444141e-02 4.0148216094e-02 1.7361676238e-02 2.8113580849e-02 6.9396449233e-02 2.6702559828e-02 -1.1286923451e-03 -1.2683437283e-02 -5.7367016252e-02 -5.5722862475e-02 1.1859763197e-01 -1.5161852133e-01 -1.8464196706e-01 7.4486069153e-02 3.4381286765e-02 4.9205942928e-02 4.4355090613e-02 1.3857706038e-01 2.8993980196e-02 1.6641896319e-01 -7.9048556681e-03 1.3089297277e-01 -4.5906709245e-02 -5.5866424333e-02 1.3469675079e-02 1.8642939497e-01 -9.3927593284e-02 -1.8293654197e-01
-1.2973064483e-01 -1.2814524559e-01 -5.2073641012e-02 -8.6074871195e-02 -5.7019587409e-02 6.2481366796e-02 -1.6878696873e-02 -1.7066871169e-01 5.1533827103e-02 9.0876553636e-02 1.1029064122e-01 1.1566820987e-01 -5.0833426307e-02 -8.3757436374e-02 -1.0425985181e-01 1.8824280795e-02 -4.3024466329e-03 -1.1873864012e-01 2.6438077104e-01 -6.6464020807e-02 -1.0193291873e-01 8.2692507839e-02 3.8532913166e-02 -4.8009334909e-02 -6.4547538260e-04 -2.4647107517e-02 3.7385131720e-02 2.4228809832e-02 8.1982923111e-02 -7.6963891600e-02 -1.8381438187e-02 2.4385025398e-01 3.1751951867e-03 -1.3574314319e-01 -1.0143095485e-01 -1.2360012495e-02 4.4920800278e-02 2.5533856138e-02 2.8766040901e-02 1.0680124478e-01 2.5067405902e-02 4.2389905169e-02 -7.1625260402e-02 -1.0410454390e-01 -7.8371832857e-02 -1.7955043170e-02 1.4793402355e-01 -3.7306347704e-02 1.1078067593e-01 2.3722576275e-01 1.6667965142e-01 2.3248566057e-02 -8.6304941292e-02 1.8684162197e-01 3.5516050160e-02 1.6515701769e-01 1.9241256501e-01 -9.4686995154e-02 -9.4096593442e-02 1.0327075821e-01 -4.4171737785e-02 2.3302194110e-02 1.6748154818e-01 -1.6501935409e-01 -2.8416378269e-01 -8.5222146476e-02 -3.4252256618e-02
3.3838520417e-01 2.9985272356e-03 5.6687032762e-02 -9.5893835999e-02 1.0519197184e-01 1.5179357464e-01 -1.0661323853e-01 2.7701971975e-01 9.3837141569e-02 2.6790616087e-02 1.8492827296e-02 -7.0441298466e-02 1.7556325567e-01 1.7770298546e-01 7.9643083891e-02 -6.8791639654e-02 -6.8813418984e-02 -2.2462674807e-01 7.0414309729e-02 -2.0681379297e-01 8.4870296777e-02 1.1181268379e-01 9.3003294258e-02 3.7088634478e-02 2.2853382884e-01 -4.6124245954e-02 -1.1623286629e-01 2.3337392052e-01 -7.9107900822e-02 -2.3388266811e-02 2.7931308833e-01 -1.9825418812e-02 1.0235547172e-01 4.4431867587e-02 -2.7426614597e-02 -8.2665187383e-02 1.1165277103e-02 -2.4343382411e-02 6.9195662319e-02 -4.0981290728e-02 -1.8704558567e-01 1.8803424208e-01 9.8871062392e-02 3.2635727639e-01 1.1683515292e-01 -1.9458059562e-01 -1.0553032710e-01 1.9679124778e-01 1.1150100846e-01 1.6696730388e-01 9.1135249020e-03 -1.1685941443e-01 2.2349360218e-01 -2.0625237629e-01 2.4265917863e-01 1.1753442882e-01 -5.9359921974e-02 1.4516079307e-02 8.0192091316e-02 4.7482492072e-02 -5.6482267725e-02 1.3456534756e-01 -6.5463180615e-03 1.8684144777e-01 -1.9847099540e-02 -1.8940698277e-02 -9.8853710289e-02
-1.0326497731e-01 2.7254384888e-02 1.4941874894e-01 2.1237084236e-02 -9.3390253220e-02 -8.9418941855e-02 1.3261586096e-01 -1.1002978455e-02 -1.9161365326e-01 -9.6710789778e-02 2.1085862856e-01 1.0927528321e-01 7.0455087677e-03 5.1391900618e-02 1.0654729977e-01 -6.6210933096e-03 9.1652049193e-02 -3.9585371164e-02 1.0990537227e-01 6.0083117206e-02 9.9240350471e-02 1.0689709601e-01 -2.9889186735e-02 -4.5942036164e-03 -3.3345406680e-02 -5.0002086282e-02 -5.9323625900e-02 -7.2487861885e-02 1.3291621609e-01 -3.5156239960e-02 4.4811836834e-02 -8.7098152721e-02 -6.6674502501e-02 1.6219041746e-02 8.5520178235e-02 -4.7787385393e-02 -9.3798904681e-02 2.6566416962e-02 1.0988246406e-01 2.7169821964e-02 3.9890109464e-02 7.4882000762e-02 9.3052454156e-02 -1.1297959272e-02 -4.8889613529e-02 2.4834140947e-02 1.7696136738e-02 8.2725839709e-02 -1.6686753553e-01 -9.7671688157e-02 3.3781106885e-02 9.9291530949e-03 -8.5495195489e-03 7.3358321627e-02 8.1099912365e-02 -9.6696889415e-02 2.7538351358e-01 1.1365472965e-01 4.5058289620e-02 -7.0605135182e-02 2.3102422853e-01 -8.0782791539e-02 -3.6683437831e-02 5.6977123363e-02 8.8009917025e-02 -8.3318344668e-02 2.2624852334e-01
-5.4450657568e-02 9.3038201944e-02 1.0833655903e-01 4.6026430676e-02 -2.4816828484e-02 -5.3756001025e-02 3.4577989239e-02 -2.2202116073e-01 1.9963585039e-02 1.0295647186e-01 -2.5046421434e-02 1.9638675593e-01 1.9080515603e-01 -1.0897997451e-01 -4.3532361482e-02 2.7190854790e-02 1.1042550070e-01 2.0736469090e-01 5.3250621299e-02 -1.1842938419e-01 -4.5084259823e-02 -4.0384349071e-02 1.8098394197e-01 2.8729726739e-02 2.6037406956e-02 1.0462739495e-01 9.4289428793e-02 -6.6553647319e-02 -1.6784034676e-02 -3.4411929691e-02 -6.4383039831e-02 1.2280126148e-01 7.4877614362e-02 -8.9784001291e-02 2.1580482706e-01 -6.1448475993e-04 1.5304180491e-01 -1.2059849834e-02 -7.2096547370e-02 5.2875515234e-02 1.8531681982e-01 -2.8507715574e-02 1.4352716040e-01 1.4247325474e-01 -8.1792341934e-02 1.7060527296e-01 -3.3921642551e-02 -3.0234024504e-02 1.2219622678e-01 -1.0339425072e-01 -3.0371636951e-01 1.2849226935e-01 1.0312289550e-01 -3.7862652416e-02 -2.9962385772e-02 5.0544049908e-02 8.5536714798e-02 -6.5265067377e-02 5.6320903521e-02 7.0942940109e-02 5.2186001050e-02 1.0400976818e-01 -2.9719773090e-02 2.5555040811e-01 5.7257860468e-02 2.8472116392e-03 1.8982260553e-01
7.1353181133e-02 3.1627453542e-03 -3.7938282975e-02 -8.0108282528e-02 1.5416015600e-01 2.2148480089e-01 -1.1338595544e-01 -1.3499620041e-01 -6.2276176335e-02 -7.4249495191e-03 -1.7498088579e-01 6.3256046049e-02 -5.8209050602e-02 -1.9442234016e-03 8.8271133816e-03 -1.0746024594e-01 -1.7339751899e-01 1.8925008001e-01 1.5220391721e-01 -1.6246398987e-01 2.7237941359e-04 5.8338818576e-02 1.7714385946e-01 1.4994297266e-01 -4.9911613177e-02 2.7104213320e-01 -1.9030784501e-02 7.2327363173e-02 -5.6427975642e-02 5.0423886214e-02 -6.2528258805e-02 4.7893960643e-02 -1.5195153708e-02 1.3955711036e-01 2.2465510045e-02 1.5642019406e-01 -6.4844681686e-02 -2.1734340704e-02 -1.7173595811e-01 -1.1632012596e-02 4.4644645181e-02 -6.7665508733e-02 -2.3758624001e-02 2.1907930078e-02 8.0915155402e-02 -1.0077862975e-01 2.1876766303e-01 7.1923432788e-02 -4.9100966360e-02 -1.1033536216e-01 1.6210484826e-01 -6.6454341002e-02 -2.3993982028e-01 2.4729191102e-02 -1.0975225248e-01 1.0828221280e-01 1.8292036338e-02 1.9039658462e-03 2.2785709979e-01 -9.8621560189e-02 1.3417337845e-02 4.3793395419e-01 7.3279324328e-03 -1.7009078000e-01 -3.9581248360e-02 8.9764106413e-02 -1.1861340749e-01
-7.5978890648e-02 1.2462171459e-01 -6.9618786559e-02 7.3300312713e-06 -3.4807722240e-02 -1.6487463402e-01 -8.6905404742e-03 3.6757406635e-02 1.1889813793e-01 -2.2943217295e-02 2.9272784165e-02 -9.1514095160e-02 -2.0650155111e-02 1.6035601120e-01 2.0002584049e-03 -8.2430958785e-02 1.6347381604e-01 6.8846926776e-02 1.1408635439e-01 5.3057929251e-02 6.7965237358e-02 -6.1256717522e-02 6.6156848608e-02 2.5923387911e-02 2.1360560538e-02 2.0103131337e-02 1.6098406013e-02 -9.8259222610e-02 4.0609350290e-02 1.6063525957e-01 1.2822895673e-02 8.3452590572e-02 -1.3008815244e-01 1.0238736069e-01 7.0543945288e-02 8.2589450526e-02 -2.4396573439e-01 1.8020968612e-01 -1.8622369047e-01 2.1794738445e-01 9.7230302064e-03 -1.8821366883e-02 -8.7948522006e-02 3.7812857897e-02 -2.5601505867e-01 1.5076045031e-02 1.3451653329e-01 -2.0999244914e-01 -8.1334982183e-02 -1.0362822452e-01 1.0221785204e-01 4.5312616555e-02 -6.0631884115e-02 1.6080556782e-02 1.7543095688e-02 5.8804757414e-02 -5.8735745843e-02 4.0495496695e-02 1.3377191523e-02 1.0241421017e-01 5.4939752539e-02 8.3639380758e-02 5.9572371408e-02 3.1044580663e-02 -1.2221040927e-01 5.5296990737e-03 2.9730885204e-02
-1.9490115631e-02 9.8495724761e-02 -1.2505169917e-01 2.7878191243e-02 -1.6236232751e-01 1.8388878997e-01 -4.4548094244e-02 -8.4076721508e-02 1.4189124298e-01 2.0389577043e-01 -9.6004166605e-02 7.3574528956e-02 2.2435296665e-01 1.8403281806e-01 -4.3789889537e-03 1.6061638482e-01 2.0298509262e-03 1.4214382553e-01 -1.0245991386e-01 7.9290279002e-02 -1.3396273952e-01 3.5447624132e-02 -2.7920869597e-01 -4.0797953391e-03 -4.2069193679e-02 1.1006332270e-01 -2.3139604112e-02 1.2574784966e-01 -2.5723118242e-01 -6.6468626944e-02 -7.6901335236e-02 -7.6532072369e-02 1.3737696601e-01 9.1615487316e-02 1.8979812453e-01 1.8541735787e-01 -1.0097140003e-01 -2.9097947090e-02 -1.1191948305e-01 4.3902609333e-02 -8.4208183073e-02 -9.2577885439e-02 -7.6707837015e-02 4.1240325852e-02 3.7453027683e-02 4.9468708533e-02 1.2531262375e-02 2.0720526645e-03 1.8133057199e-01 4.6276925569e-02 -1.5034385399e-01 -5.7336777827e-02 -2.9714947840e-02 -1.2981278191e-02 2.8897160695e-01 1.3519963104e-01 -1.6882567449e-01 -3.7994097265e-03 -3.3750719588e-02 1.4289586038e-01 1.9286810091e-01 1.8708327405e-01 7.9686674454e-02 2.8242240274e-01 9.1240805865e-02 -1.4321952496e-02 1.1390582290e-01
-5.9011843868e-02 1.1043515784e-01 3.7536866307e-02 1.2419321227e-01 8.3713023155e-03 5.4993071860e-02 -2.5091753931e-02 3.5136186893e-02 5.0539852675e-02 5.3415614140e-02 1.4404918910e-02 -7.9434675288e-02 2.1172667215e-02 7.9504930103e-02 -2.0051234952e-02 5.6383477664e-02 1.3600661165e-01 -4.5466180317e-02 1.4313092238e-01 1.8503339468e-03 4.7362280341e-02 -6.1783430160e-03 -1.9986133392e-02 -1.3334463870e-01 1.6940344999e-01 5.7005243385e-02 2.7199114826e-01 1.5986147696e-02 -9.3119330306e-02 -1.8948170354e-01 1.1090782677e-01 6.3171297478e-02 1.2632880416e-01 5.9581057518e-02 -6.8286809802e-02 1.4799001113e-01 1.9557387590e-01 5.1010872614e-02 3.8111307492e-02 -5.1276882178e-02 2.7044969735e-02 -8.2134772548e-02 -4.0049532112e-03 -4.6031942643e-02 -1.4170435442e-01 -3.3542608221e-02 8.1339130729e-02 5.7772954257e-02 -6.6403168153e-02 1.8208304901e-02 1.0900540025e-01 -3.7489383543e-03 -1.4635259922e-01 5.2953197604e-02 6.9830957608e-02 -1.7455531594e-02 2.0461585379e-03 2.2815582839e-01 -8.6176965481e-02 4.4364787284e-02 -1.6854617510e-01 1.8921541446e-01 -1.9803045678e-02 9.6911540728e-03 -7.6685258138e-02 -2.3128716916e-01 1.6819291440e-01
-1.4922639263e-01 5.9294835389e-02 -6.1423143491e-02 -7.5551154663e-02 -6.4632926643e-02 1.3727052499e-01 1.0489463320e-01 1.5510397805e-02 -1.4506986747e-01 9.4593093776e-02 8.9835450615e-02 2.1751277676e-02 3.8576491581e-02 -1.6555985232e-02 -1.4312821343e-01 2.2931601250e-01 6.8392281329e-03 2.7897416864e-01 -1.9223963381e-01 1.7899429484e-02 5.9413002189e-02 3.4356591676e-01 2.6326341333e-01 6.7226756219e-04 3.3589819466e-02 -1.2030734767e-01 -4.1936420421e-02 -4.5508684393e-02 4.0576197425e-02 6.9822277604e-02 1.1470206486e-01 -3.4779118279e-02 -2.7611184246e-02 -1.2314987446e-01 5.4402359987e-03 6.4592991557e-02 -3.6776766279e-02 -1.1818211615e-02 -4.0951846165e-03 2.0267884693e-01 -1.1384368444e-01 1.2098401877e-02 6.6884016041e-02 1.3582683609e-01 7.1349106903e-02 2.2048404018e-01 2.4323386137e-01 1.2225353936e-01 4.0878578231e-02 -1.2600522646e-02 -3.6681807122e-02 -2.6047610156e-02 6.8102583170e-03 5.6035341799e-02 -1.4451414068e-01 9.5802320557e-02 -9.8507746427e-02 -3.7469580827e-02 -8.2511507072e-02 2.1884255195e-01 1.3049848008e-01 -1.2211986112e-01 1.2702301921e-02 1.0191899971e-01 1.6392803803e-01 -3.5361765388e-02 8.1851816728e-02
-1.0944163508e-02 5.4416790621e-04 1.2357395464e-01 7.3367396886e-02 1.0198218720e-01 -1.0375282857e-01 -1.0205776522e-01 -2.5226233601e-01 9.6647831912e-02 -9.8338415245e-02 1.5888778819e-01 6.9605849804e-02 -1.5011280388e-01 1.6855359203e-01 5.4846661532e-02 -1.6668548690e-01 -4.5493299088e-02 -5.5960342087e-02 1.2137094099e-02 1.2723421433e-01 -2.7773023157e-02 8.2775261278e-02 6.5348213381e-02 1.0775768176e-01 2.3212901496e-01 1.4350559616e-01 -2.2375173810e-02 -9.9342436967e-02 -3.5358168072e-02 -6.0528565543e-02 2.4326302138e-01 1.5415125709e-01 -1.6366384924e-01 2.2518026012e-01 7.0372111761e-02 4.7808974058e-02 8.2536556905e-02 2.6884972389e-02 -1.0447615980e-01 -8.4113914165e-02 -2.1273392608e-02 5.3804357346e-03 -2.4441971396e-02 1.5492074267e-01 9.3007538911e-02 9.9310617538e-03 -5.4029645253e-02 -5.7579553568e-03 1.9837053174e-01 -6.8180777039e-02 -2.5800901116e-02 1.2555889976e-01 7.3918826060e-04 -3.2370089704e-02 6.6462763009e-02 3.5489559281e-02 1.2840091083e-01 4.9534363658e-02 -7.4367494342e-02 -1.6856634139e-02 -1.3871810769e-01 1.7102279319e-01 -1.7863973901e-01 8.4711059856e-02 -1.2206390262e-01 -1.4499857910e-01 -5.6372983377e-02
-2.4458828970e-01 2.0265181416e-01 3.9882404073e-02 1.3923427515e-02 1.8217582266e-01 -3.1115340607e-02 -6.2061911082e-02 -1.0820377672e-01 -1.4133736144e-01 5.8185357687e-02 -5.5821255057e-02 8.3348105148e-02 9.3420180057e-02 -4.9203344471e-02 -5.5876945947e-02 3.2534153743e-02 1.4819906480e-02 9.6806873177e-02 -6.1509955912e-03 -1.3162476199e-01 1.4798039328e-01 6.6194732694e-02 -9.9454735067e-02 1.3879068446e-02 3.1886903049e-02 2.1981119569e-01 -2.4877798442e-01 1.0199859018e-01 5.6923168744e-02 -1.3111667354e-01 5.0417741956e-03 -3.4715369172e-02 6.3361568320e-02 2.5583974743e-02 -8.8781059267e-02 1.7528040017e-01 -5.9592768810e-02 1.0366489670e-01 -4.5035539430e-02 2.3388458356e-02 -3.6156878660e-02 -1.5240135280e-01 -1.1897466103e-02 1.5960061657e-02 -5.9151043334e-03 -2.0593303727e-01 -1.3851423209e-01 -1.7521686508e-01 -4.2752542240e-02 5.1035633904e-02 1.1611549020e-01 1.7524720849e-02 -2.2201943503e-01 1.2405934734e-01 -2.6158201750e-02 7.5811987842e-04 -2.5251756357e-02 -4.6331013723e-02 2.2336686926e-02 1.2626220167e-01 -8.9648912105e-02 -9.5384592431e-02 2.4250560017e-01 -3.3568598460e-02 7.5314752921e-02 5.9479436117e-02 4.6386886874e-02
1.0948055242e-01 -1.6177540160e-01 8.5500655801e-02 -1.1254624840e-01 3.4073644936e-02 1.0683448267e-01 -5.7672951421e-02 9.0176791600e-02 2.2573779810e-01 6.3442516014e-02 7.1529696243e-02 -2.6415992435e-02 1.0943830472e-01 -4.4263140989e-02 -1.0006912211e-01 -2.9289656233e-01 -5.1398070322e-02 -1.6004385197e-01 -1.5071358721e-01 -6.3529346735e-02 1.3297041220e-01 -1.1982366978e-01 -7.6707199998e-02 1.7758387089e-01 1.5499401585e-01 7.8359710142e-03 -1.7953304602e-02 -4.7329762893e-02 1.0918228272e-02 5.6492372389e-02 -5.9907893128e-02 8.4817094107e-02 -6.4661248429e-02 -8.5164989738e-02 1.7918242967e-02 -9.0795084287e-02 1.0256895782e-01 1.2396394828e-02 -2.8672129796e-01 1.1345549773e-01 -2.0856619181e-01 -9.6542987236e-02 4.5684095112e-02 -1.3474833990e-01 4.7066713376e-02 2.5414189631e-01 -7.0730519799e-02 -1.0736850530e-01 6.5813332639e-02 4.1759799813e-02 1.9821163283e-01 1.2945319669e-01 -3.7535965373e-02 -1.1244713312e-03 7.3829514591e-02 2.1195896336e-02 -5.7590831111e-02 -1.9817811843e-01 3.4771464640e-02 -2.9019047744e-01 -3.6129504632e-02 1.1598850316e-01 1.1314708167e-03 1.4477341733e-01 5.7538810852e-02 7.8615499763e-02 2.2616176231e-02
-3.5802411045e-02 5.7171810424e-02 1.0078672660e-01 7.8680995888e-02 4.6142750952e-03 -1.0356277737e-01 5.6659932439e-02 -2.4960764086e-01 -1.9231230866e-01 3.3072658077e-01 -1.3189832277e-01 2.8183737443e-02 -1.0636634519e-01 1.6816187958e-01 6.5316241589e-02 -6.2814619568e-02 1.6963813090e-02 -6.9459228581e-02 -1.3536891406e-01 -6.0447674600e-02 2.1980931485e-01 1.0107207067e-01 1.9352442652e-01 -3.0196457813e-02 -1.9026832188e-01 -1.7893466802e-01 2.5962403700e-02 -4.3975690282e-03 -3.7494594208e-02 9.1748477441e-02 3.3994930615e-02 1.9191238492e-01 -3.6453659239e-02 -2.1641018653e-01 -7.6126493118e-02 2.6982027348e-02 2.4177730633e-02 8.0361736652e-02 -8.8235784370e-02 -1.5421429859e-02 1.5838699120e-01 -5.3785725583e-02 -1.3600469619e-01 -1.2360584301e-01 -9.0921067384e-02 1.2433130545e-01 2.6635050024e-01 -1.4660581207e-01 1.5846377607e-02 -1.9857238947e-02 7.9714582017e-02 -1.4008328161e-02 1.8274639062e-02 6.8665733568e-02 -2.6907391892e-02 2.1307228298e-01 -1.3487081368e-01 -1.0253036422e-02 -1.9510713899e-01 5.2812208559e-02 1.7359040860e-01 -2.7629102361e-02 1.3767018347e-01 6.2552927349e-04 -1.2011361709e-01 5.7670333670e-03 -1.6933162323e-01
-3.3068483170e-02 -1.3812079474e-02 2.5243237875e-01 1.7406779224e-01 1.5942616856e-01 4.8975813574e-02 3.8755825442e-02 -3.2116195390e-03 -3.8749580329e-03 1.3262198947e-02 1.4519494118e-02 -2.1766172307e-02 2.9940868053e-02 -1.1090964408e-01 -5.0928644385e-02 -1.4642599732e-01 6.3095394476e-02 -7.8694598264e-02 7.1702298105e-02 -1.5709325105e-01 7.1479384694e-02 -1.8276479812e-01 1.8989385036e-02 -8.0452582670e-02 -1.2419921914e-01 1.5328901129e-01 9.5624373896e-02 -1.6248346771e-01 -1.5577610137e-01 -1.5285099740e-01 5.1350658108e-02 9.9195738417e-02 -8.1930311455e-02 9.6036499977e-02 4.9788382873e-02 2.5822685847e-01 1.2480196331e-01 1.6243959982e-01 -6.0621508018e-02 4.7778527743e-02 1.1547547934e-01 -7.0917081098e-02 -6.7927636709e-02 7.4997985984e-02 -5.8443547867e-02 2.8326031968e-02 9.3736031978e-02 5.4381357945e-02 1.4700341427e-01 -1.6265431346e-01 -1.2993609472e-01 2.0022935063e-01 -1.8953941072e-02 6.4018576737e-03 1.8747473536e-02 2.5082308232e-02 1.0088898373e-01 1.3211016507e-01 6.4400646390e-02 5.9831907995e-02 5.6052068193e-02 -1.4228705376e-01 -9.1370600327e-02 -1.2895607546e-01 7.1932791102e-02 -1.1300983636e-01 -3.3087922568e-03
-1.0319369280e-01 -7.8854629761e-02 7.0056572632e-03 -7.6696581299e-02 -2.4524612964e-02 1.3055760424e-02 6.1253447260e-02 -8.6609483811e-03 -2.4589008300e-02 3.9380735001e-03 8.2494843945e-02 1.0672529412e-01 1.2102204687e-01 -1.7361814024e-02 1.3283809988e-01 -1.5032071685e-01 -9.8602169397e-02 9.4241935231e-02 2.0820203037e-01 1.0457274489e-01 -8.2393892796e-02 -5.8627449703e-02 -8.0289085980e-02 7.6709231323e-04 9.4979255318e-02 1.8051403078e-01 -1.8419789039e-01 5.0798413923e-02 -3.2639947502e-02 -1.7788279344e-01 1.9383756193e-02 -1.8548797691e-01 -7.8508034975e-02 1.0277474195e-01 6.4996558325e-02 7.6288125006e-02 1.7907382673e-01 -1.7299044326e-02 4.2923644898e-02 6.3441649381e-02 1.2003761087e-02 1.3447183144e-01 5.8755787637e-02 -3.7988502494e-02 -7.2517654734e-02 -7.2332166891e-02 -2.9933038961e-01 5.6685181677e-03 -1.2136235745e-01 -2.0843008446e-01 1.0821802588e-01 1.3426173097e-01 9.3830805677e-02 9.8049285821e-02 6.6781385205e-02 -2.7566309435e-01 1.3294440813e-01 -1.3517184675e-01 6.6347770535e-02 -2.0313080331e-01 -5.9460285927e-02 -4.4494706555e-02 8.6614994222e-02 1.8499830421e-01 9.3121991009e-03 -6.5904005800e-02 3.4613322750e-02
-1.3155044318e-01 1.2020141378e-01 3.8904849244e-02 -3.0920241594e-02 1.0767134980e-02 1.1762676621e-01 2.8529651458e-03 8.5265401980e-02 3.4156926883e-02 -3.4005888090e-02 1.8421236544e-01 1.2996212474e-01 1.3880123093e-01 -6.1141730162e-02 1.1009041880e-01 -3.3297994587e-02 1.2317625313e-01 -6.1199078888e-02 -2.5854985263e-02 -6.9321056151e-02 -7.1960029123e-02 8.3597363693e-02 8.4726542138e-03 -5.0173825574e-02 -3.4876401022e-02 -1.2056607230e-01 -1.5625288151e-01 -3.9069190323e-02 7.4887749270e-03 -2.1311952701e-02 1.2002516784e-01 1.9287905125e-02 5.6466105478e-02 -1.7507708383e-02 -1.3002983047e-01 1.7759848811e-01 9.5457820872e-02 -1.2458785930e-01 -9.3507366728e-02 -1.9683246610e-01 -7.4382657033e-02 1.7746700136e-01 4.8022603435e-02 -1.5756657608e-02 6.5134311637e-02 -1.2813204498e-01 6.2916143767e-03 -1.0892943421e-01 1.0606338380e-02 -8.2090530616e-02 -3.7977433240e-02 -2.9541017982e-02 3.2611152342e-02 6.8781253801e-02 -2.1496726416e-02 -1.6007634278e-01 1.3409461037e-01 1.0745627671e-01 -1.2841335429e-01 -2.1775164890e-02 -3.6247507788e-02 1.1711573254e-01 2.8764254941e-02 -5.4161496552e-02 -2.2930549161e-01 -4.5033896256e-02 5.2527330163e-02
9.0028184239e-03 -2.0688825581e-02 -1.2216826080e-02 -6.9933682598e-02 9.1053587313e-02 1.4926207814e-01 -5.6679684878e-02 2.2452404568e-02 8.3359958846e-02 1.1537227761e-01 1.2059725005e-01 -7.2788493256e-02 9.3723759839e-03 -2.1070081454e-01 -3.0126791613e-02 6.1641949749e-02 1.5777663057e-01 7.1758968133e-02 -2.2427808179e-01 4.9037846684e-03 6.5928990756e-02 2.9342345089e-02 -1.3752986932e-01 1.3417946305e-01 -1.4571265690e-01 7.7595050867e-02 -3.7791278141e-02 -1.5644247187e-01 -1.3282668665e-01 -1.3123724698e-01 2.6031800373e-02 1.4703116010e-02 2.4553437832e-02 9.8710201592e-02 4.5126494116e-02 4.8925457039e-02 2.4905534104e-01 1.5309585697e-01 -1.0412833873e-01 7.5167501734e-02 -2.6395000745e-03 -6.8273103182e-02 8.9681462474e-02 -4.6609148628e-02 2.0312176433e-02 1.5742308062e-01 6.4711291282e-02 -1.7622904745e-01 -1.2756131830e-01 1.3052769842e-01 6.7812704775e-02 8.3532801568e-02 3.4563080662e-02 1.8317442610e-03 4.5575937977e-02 2.1358483701e-02 1.1403141622e-02 6.6934607135e-02 -1.3042972331e-01 1.3206768967e-01 1.3303072314e-01 9.6305753555e-02 8.2921139754e-02 2.2471729264e-02 -3.8522129456e-02 -5.0901969167e-02 1.0993812909e-01
1.1476634075e-02 9.3110924910e-02 -2.0028660295e-02 -2.1359266475e-01 -2.1614402620e-01 2.1754843397e-01 -2.6782629398e-01 4.2984210414e-04 1.2430820230e-01 -1.6943965267e-01 -1.1445701661e-01 -2.2746488006e-01 1.9789138140e-01 4.7427082519e-02 -1.3684360629e-02 3.3469274979e-04 -2.5042015646e-03 6.5976380786e-02 -9.0393403404e-02 -1.1065651201e-01 -1.2576040344e-01 1.0897697193e-01 -9.4669815644e-02 1.8173085938e-01 -9.5870299216e-03 -7.9774222017e-02 -1.2057855542e-01 2.5812068143e-01 6.6974118531e-02 -2.0562663518e-02 -7.8200786790e-02 -1.7695222172e-01 -8.4055577030e-02 2.6074796166e-02 8.5676738030e-02 -1.2779536050e-01 1.0933359886e-02 -2.7991819632e-02 -8.2056947829e-02 3.6289312836e-02 -7.6590071175e-02 7.9974954824e-02 -1.7449672122e-01 1.0271898342e-02 -5.1246180473e-02 2.5712982000e-01 4.6865796775e-02 -1.8060071663e-02 1.2623803389e-01 -1.8182043539e-01 2.7377036193e-01 -1.9463376254e-02 -5.5264904918e-02 -1.1751180464e-01 1.9663715901e-01 8.4521051663e-02 3.1316209363e-02 -4.0182662844e-02 -1.6305530448e-01 -4.6619577077e-02 -9.1530978563e-02 -1.0006149833e-01 -1.0914320524e-02 1.6505487890e-01 1.7368262421e-01 2.1082822094e-01 1.8637188365e-01
-1.6133952624e-01 -3.7985713930e-02 -1.7295793375e-01 5.6228170865e-02 -5.0175697612e-02 4.6785830649e-02 2.0766364091e-01 2.1420004035e-02 1.9913188838e-02 3.4548646974e-02 3.5789894066e-02 -1.6006934706e-02 1.1140456515e-01 7.5111372849e-02 1.3545327888e-03 -5.0152544241e-03 -8.9217021236e-02 -1.7700549298e-01 7.8559189919e-02 -7.4771169703e-02 4.4354620544e-02 2.4463977333e-01 1.6445802281e-01 1.2488588765e-01 -5.6020748913e-03 4.3598760472e-02 4.7770280192e-02 1.1481331198e-01 -2.1505520810e-02 7.5603148559e-02 4.0048695818e-02 -1.2183290753e-01 -7.5466873882e-02 -3.8822949455e-02 6.8391454925e-02 1.6963727510e-01 2.1281725196e-01 -1.4707127645e-01 6.9236668671e-02 1.1163376251e-02 8.3892034565e-03 -1.2474291287e-02 -2.2583661419e-02 4.9836431150e-02 2.4095774298e-01 6.0032782537e-02 -1.1843174517e-01 6.9597625494e-02 -3.0503493102e-02 -9.1771880553e-03 8.2746302948e-02 7.1630123838e-02 1.9864347426e-02 -1.5080444233e-01 -1.3960816289e-02 -1.1972600592e-02 -6.2292444338e-03 -7.3087314667e-02 2.2349561531e-02 -9.2320451592e-02 9.2917937875e-02 -1.6115425409e-02 5.9751589574e-02 4.5746847612e-02 1.5050583603e-02 4.6834561851e-02 -8.9313216248e-02
1.1916758625e-01 1.4961831114e-01 1.8323095996e-01 6.4898769384e-02 2.2301098097e-01 -1.1070692853e-01 1.0072585792e-01 3.5651788387e-02 2.7911783966e-01 6.2257175073e-02 7.3558890414e-02 -3.7131822642e-02 -1.5394387812e-01 8.5878862615e-02 7.9748850102e-02 -8.0641354203e-02 1.2534184018e-01 6.0751730304e-02 1.6107929014e-01 2.7109101958e-01 1.2609640254e-02 -1.3222700431e-01 -1.0681800950e-01 -5.0915649884e-02 1.1549239833e-01 -5.3488363599e-02 1.0668374858e-01 5.9884982411e-02 -1.3025511877e-01 -5.8781504404e-02 1.6450453092e-01 2.2183172179e-01 -4.5543171367e-02 1.3729725247e-01 7.5523697052e-02 7.9624129338e-02 -1.9256553586e-01 -1.4701652533e-01 -6.2271240452e-03 -1.4078663329e-01 7.5508444661e-02 1.5855571356e-01 1.1278130319e-01 -8.2816299082e-02 8.3282607333e-02 -7.8483585581e-02 1.8648607715e-01 4.9501337024e-02 2.6762089448e-02 5.2565261751e-02 1.0737089813e-01 -1.1341168227e-01 -2.2488750287e-02 -4.7354101255e-02 9.8645889792e-02 7.8303865549e-02 1.1615833626e-01 7.0040416367e-02 -3.0822435834e-02 -2.9631531103e-02 -1.1095983584e-01 7.0328621078e-02 -3.4998417981e-02 -1.1471650575e-01 -5.3828935686e-03 -1.5852210100e-01 1.8772084731e-01
6.3859255559e-04 3.4874405857e-01 -1.1633872094e-01 -1.4758863273e-02 -2.6376010196e-02 -3.4915093168e-02 4.0724857416e-02 -4.2182964825e-02 -1.2118798680e-01 -3.1231593830e-02 -1.4112887234e-01 -1.6053798968e-02 -6.5332433790e-02 1.7129074712e-01 -1.0863739036e-01 -3.1217519058e-02 8.6050777520e-02 5.4329503104e-02 1.1259686916e-01 -5.5564689394e-02 2.9433185708e-02 1.4386581109e-01 -1.6456277135e-01 7.1398240244e-03 7.8457686556e-02 1.7620597299e-01 9.4922217251e-02 -3.5140620813e-02 1.2808851080e-01 -4.0662598316e-02 -1.6595662444e-01 -2.3615099758e-02 -8.8068991797e-02 1.3248525430e-01 -1.1677455126e-01 2.5200932955e-02 -1.3862089196e-01 5.2661749296e-02 1.5058409587e-01 1.9715166932e-01 7.5737561328e-03 2.9654076802e-01 -1.0010889179e-01 1.1482397619e-01 -1.2265397157e-01 1.7929960180e-01 9.9993110359e-02 1.5734435688e-02 -4.4476119619e-02 2.0096321556e-02 1.2484591075e-02 1.5944224922e-02 -1.3761063831e-01 3.1422844833e-02 -9.0971710083e-03 -2.4302140394e-02 -1.5738736370e-01 1.1493174284e-01 2.3549676106e-02 1.0950984100e-01 5.5800823424e-02 -2.0368433735e-01 1.9877864255e-01 -2.4347965364e-01 2.3705781854e-02 1.3859690146e-02 4.6673208140e-02
1.6128830404e-01 1.0346813511e-01 -3.2231358476e-02 1.4450282916e-01 -1.3458143125e-01 7.4499661071e-02 -2.1176890757e-02 5.7507889695e-02 -7.4211505374e-02 -1.3837937143e-01 -2.6491401142e-02 3.4987816235e-02 -1.2881237158e-01 -1.8207912779e-02 5.6757146320e-03 -1.8631805452e-01 2.0982645325e-01 -3.5737566827e-02 3.6262096995e-02 -1.3145467327e-01 -1.8239295272e-01 9.2943588800e-02 6.2058397948e-03 1.5193820957e-01 2.1377943856e-01 -1.1539575940e-01 -4.2502799173e-02 1.2942801201e-01 1.1440277339e-02 -9.7891662782e-02 -5.6483293009e-02 -2.7770853078e-02 -5.3643444770e-03 5.6018304411e-02 -7.3131891438e-02 -9.1412943640e-02 1.5772713810e-01 1.1919683063e-01 -7.9238191281e-03 -9.6487459678e-02 -1.0088120515e-01 -3.8172277303e-02 -1.2328547994e-02 -6.7807899899e-02 3.8827744828e-02 1.0054841236e-01 2.9957584171e-02 -5.3622915454e-02 2.8248673703e-01 1.1939736252e-01 -4.1744892481e-02 -5.2576622209e-02 1.0592863680e-01 1.2100338170e-01 -4.9742618554e-02 2.1290485140e-01 -1.6293361485e-01 -7.1011632950e-02 7.2610176623e-02 4.5810212064e-02 -2.5287420751e-01 6.8508876165e-03 -7.3766322128e-02 7.5474574723e-02 -2.3441703615e-02 6.0854092532e-02 -1.5687178212e-01
