9.4275279626e-02 7.4017792950e-02 -6.8501745170e-02 -8.1332462048e-02 -1.0833944134e-01 -9.2887069031e-02 3.8522448853e-01 -6.0434548996e-02 -1.0319140466e-01 -2.2423384744e-01 7.4220488640e-03 -1.2366503621e-01 -2.5209266989e-01 -6.6903077648e-02 -7.0942032856e-02 6.1600325683e-02 -1.8696264742e-02 2.1385389874e-01 -7.1932425033e-03 1.1603864755e-02 7.2164782242e-02 2.1067278404e-01 1.0442544199e-01 -1.7259668400e-01 5.3725931438e-02
-9.2282847649e-02 1.1655423542e-01 -1.4189480317e-01 9.6744939928e-02 2.8945454448e-01 -1.5831720573e-01 -6.9547736711e-02 -1.3966096820e-01 1.2233829044e-01 -4.5991684463e-02 -2.1143262692e-01 3.6442547080e-01 2.8360901863e-02 7.3742854005e-02 5.4243784512e-02 2.1627930117e-01 1.2514318759e-01 7.7437688356e-02 -1.7811384689e-01 -8.8425092751e-02 1.6973402500e-01 -1.5030279201e-01 -3.5032769585e-03 -3.7279428989e-02 -1.4556288668e-02
5.1468155273e-03 -1.6574558453e-02 3.5631899297e-01 6.5483267773e-02 3.0909158915e-01 2.0587296469e-01 -2.4290921360e-01 -2.2548122932e-01 -2.0857232137e-01 -1.5828242269e-01 2.0021713265e-01 2.2839020345e-01 5.8151648641e-02 8.2485770526e-02 -2.3516450364e-01 1.1249769038e-01 -4.4575136252e-03 3.0804090141e-02 1.9641912613e-01 -1.5657416528e-01 -6.6003733355e-02 -4.9394437677e-01 -2.9995954980e-02 1.2110906278e-01 6.6590918729e-02
6.2747112419e-02 3.5822481363e-01 1.2154037103e-01 -2.7197000544e-01 -3.2688460054e-01 2.0978625252e-02 -9.0788029288e-02 9.0102248339e-02 -1.7548703643e-01 -1.6412611203e-01 1.4692084972e-01 -4.2516475920e-02 1.0455576913e-01 2.7606132544e-01 -1.2811162495e-01 -3.3127409766e-01 1.2746265285e-01 -1.2335659172e-01 -7.9240486007e-03 -2.0151385870e-01 -3.5655865720e-01 1.5164245081e-01 -7.1129123252e-02 2.3334097792e-01 1.9498354345e-01
-4.5579756322e-03 1.0277235638e-01 -2.1229864250e-02 1.1123434459e-01 -4.0914993170e-02 -2.0399829416e-01 4.0967855275e-06 2.2133247301e-01 2.5974002445e-01 -5.9338415896e-02 -2.3885084067e-01 -2.2571375140e-02 -8.5070758915e-02 -8.3881158943e-03 -3.8354287324e-02 -7.0891265111e-03 3.8194518338e-01 3.3038080252e-02 -1.3032193220e-01 1.7377788334e-01 -9.9724593606e-02 3.6529428665e-01 3.0033490858e-02 1.4824385924e-01 -7.7067379702e-02
-1.6245130125e-01 -3.5814375277e-01 -8.1904746363e-02 -1.3041553485e-01 -1.5865395658e-01 1.1754567705e-01 4.1620141207e-01 -2.1202824515e-01 4.0282620772e-02 2.7742762804e-01 -1.9041929858e-01 -2.5009283367e-01 -1.9077208230e-01 1.2024772322e-01 2.1735694499e-01 1.5509268066e-01 1.7001553552e-01 -1.2364676582e-01 -4.0037167723e-01 -7.0900457797e-02 8.6038900901e-02 -5.0125218375e-02 7.1424459877e-02 -2.6339229971e-01 9.7591089312e-02
-2.1678474575e-02 -1.6873958126e-01 4.1918256505e-02 -9.4640111458e-02 -1.1879644405e-01 5.8691577753e-02 9.0912387564e-02 -4.1796383293e-03 6.0262596478e-02 1.8780449123e-01 -3.0387543546e-02 1.4674942363e-01 2.5447488401e-02 -2.5360114880e-01 1.1148206957e-01 2.2912082115e-01 1.5082886289e-02 -2.4189361400e-02 6.1450265752e-02 3.4823568970e-02 1.1199884305e-01 2.3483654755e-02 -5.3288640954e-02 -9.7755256908e-02 -7.0993732650e-02
2.3038984344e-01 1.2768229534e-02 1.0041783352e-01 1.6063935490e-03 2.1781779930e-01 2.4266152500e-02 -7.2262424726e-02 3.4554075836e-04 4.0302655140e-02 1.1872788977e-01 2.0716539381e-01 2.0980740549e-01 1.3449529240e-01 -3.2055843334e-02 -8.1829954181e-02 2.0435471691e-01 7.5675597929e-02 2.0020451430e-01 1.3450664679e-01 -2.0123482303e-01 -1.5580662882e-01 -2.7684087938e-01 4.5751085692e-02 -2.3985897978e-01 -2.2107705866e-01
-2.1095780362e-01 -1.1374636214e-01 3.8860528068e-01 -1.5376443469e-01 1.7725033845e-01 3.6643584078e-01 2.2416953117e-01 -2.3439440570e-01 -3.3324454406e-02 -2.4807386938e-01 -6.9503370338e-02 1.3567956216e-01 6.7179888817e-03 1.9767747951e-01 -1.8749864915e-01 2.8825743509e-01 9.1967611055e-02 3.4649015930e-01 4.4804721063e-03 -3.4540752411e-01 -1.6145378452e-01 -2.5969510259e-01 -2.5287993770e-01 -2.8893739647e-01 -1.5333356728e-02
-9.4763640380e-02 -1.4281652103e-02 1.1878679415e-01 6.6365141270e-01 -1.1616522848e-01 1.8373366893e-01 -1.3731432207e-02 2.3176692339e-02 4.1224305898e-01 -1.9842827431e-02 -1.5863592115e-01 6.7667804823e-02 -1.0687266861e-01 -1.8711590889e-01 -1.4248197844e-02 3.3328599285e-02 1.1476661779e-02 1.7977808740e-01 -8.1691587704e-02 -5.1537925418e-02 6.2803648269e-02 -1.6890558503e-01 1.2449949715e-01 -1.8639428110e-01 3.0229221201e-01
4.4151846464e-01 -1.4300152039e-01 -1.6598248779e-01 -1.1213697553e-01 1.4293280333e-01 -4.0778670628e-01 9.5525839762e-02 1.0415723308e-01 1.3038710885e-01 3.8810941253e-01 -1.7998875592e-01 -2.1119443721e-01 -1.9084617857e-01 5.9280719116e-02 -2.8520588246e-01 1.0657324118e-01 3.4345053628e-01 1.5815598570e-01 -5.2775054731e-02 8.7328894020e-02 -1.4868081566e-01 -3.7915517441e-01 2.0285297055e-01 4.1194213269e-04 -3.8937719172e-01
2.5263487186e-01 1.5221916486e-01 -3.8053959502e-02 -3.0958989542e-01 1.8147393080e-01 -1.0914796803e-01 -7.2021904803e-02 -3.7994240617e-02 -1.9011287578e-01 2.1354661076e-01 2.5555659236e-01 1.1275784916e-03 6.6003785390e-02 2.0627991285e-01 -3.5423351267e-03 1.0897171638e-01 -1.4725923746e-01 2.1343930072e-01 -8.0156331624e-03 1.1842980510e-01 1.3469530439e-01 -1.0073391623e-01 -2.2590005447e-01 4.6471509343e-02 -1.4373174085e-01
-1.2657222334e-01 -1.8309421720e-01 -1.9192507347e-01 -1.7709447925e-01 -4.9116764561e-02 -8.0994826166e-02 1.7076874728e-02 -1.9038972394e-02 2.0551963085e-01 7.2609930332e-02 -8.4632380179e-02 1.1553833871e-01 -2.1779367743e-01 -2.7101229844e-02 3.1484391783e-01 4.1088357601e-02 -1.4912747860e-01 -2.4482599895e-01 1.9933450140e-02 1.7276576056e-01 1.9971747284e-01 -2.2192056492e-01 -4.1512223620e-02 -1.5181834342e-01 -4.9478384029e-02
