1.0365434954e+00
2.7652769148e-01
4.4374771830e-01
-1.8625124834e-01
3.0178038511e-01
-7.6144312721e-01
-9.9139573471e-01
-2.8651495623e-01
9.8344740795e-01
-9.8344474829e-01
1.3117651326e-01
4.4149702565e-01
9.1979102817e-01
8.7489016016e-01
2.6805146671e-01
8.7476200274e-01
7.5732928271e-02
1.2522910960e+00
-8.0400459572e-02
9.9604059363e-01
-4.6058187325e-01
1.1956313229e+00
5.6742491885e-01
4.5468086820e-01
1.0999984479e-01
1.7640471917e-01
1.4047927158e+00
1.5829102219e-01
4.9656252634e-01
6.4927588324e-01
-8.4879083463e-01
1.0236400794e+00
8.8294737910e-01
2.1168756993e-01
4.8324754127e-01
-1.0808471832e+00
-8.9392980364e-01
-5.4234740821e-01
1.6356140710e+00
-8.2378296039e-01
7.9061819545e-01
3.6152824914e-01
-1.3215084856e+00
5.1969791340e-01
7.0444974724e-01
8.7848433631e-01
-9.7097712297e-01
-7.6230361125e-01
-3.1901002721e-01
-7.4996789959e-01
2.4103787297e-01
1.1051731081e+00
5.8352090972e-01
-1.1319127321e+00
2.9083031931e-02
-1.2850823952e+00
7.2905803652e-01
-8.9847820325e-01
