1.1959236295e+00
1.4545130481e-01
2.3903828037e+00
-1.6762617870e+00
1.2121759680e+00
-4.9311414782e-01
-5.5330749231e-01
1.7862798810e+00
6.5723451481e-01
1.1000728905e-01
4.5184391048e-01
6.4772385306e-01
5.5197655189e-01
7.4839111256e-01
3.5708145683e-01
-7.2870334841e-01
-2.0871956543e+00
4.3340871764e-01
2.1582147013e-01
-1.9601284211e-01
1.0226996277e+00
-6.3817028704e-01
-9.6203586018e-01
-2.7966578161e-01
5.7971326835e-01
1.3003936311e+00
-1.9722030559e+00
1.0968286092e-01
-1.2730045502e-01
-3.4147931589e-01
9.9953806621e-01
-5.0726037618e-02
-1.9341347694e-01
