2.4031822818e+00
2.6763421076e+00
5.7467972868e-01
8.9228101927e-01
-8.3886751768e-01
3.9060227113e-01
7.5055311929e-01
4.2854467123e-01
2.5721996777e+00
-4.6970162218e-01
-6.3054273323e-01
3.5784675448e-02
-3.0312365142e+00
1.2158957603e+00
-3.0245191306e-01
7.1109087377e-01
5.4043965697e-01
-1.9316750014e+00
-1.4354481823e+00
1.8042384533e+00
1.1670938539e+00
2.0216525910e-01
1.8405726489e+00
3.4876094405e-01
1.6779043761e-01
-1.1241466519e+00
6.3914092441e-01
-1.3944816424e+00
-8.5635770045e-02
7.9955390119e-01
-2.0030917723e+00
8.6702718092e-01
1.0293580508e+00
8.9270620577e-01
1.4674114972e+00
-1.0407558778e+00
1.9052189672e-01
1.1352137394e+00
