6.8620563267e-01
-7.6097844809e-01
1.3681681382e+00
7.3018023378e-01
1.3912003025e+00
6.7913613371e-01
-1.0415404076e+00
-1.3761918326e+00
-1.7379906599e+00
-2.3792117618e-02
-2.2482919578e+00
-1.1482778086e-01
4.0958142053e-01
8.5967555500e-01
1.7769487802e+00
3.6336516191e-01
7.7767910531e-01
-4.9334683320e-01
-1.7883188096e-01
-2.2273891252e-01
-2.4767874122e+00
9.4239021973e-01
-1.1173088572e+00
7.4668980435e-01
9.0900750670e-01
7.4647528633e-01
1.2355007188e+00
1.8148825635e+00
-1.0062474391e+00
1.4101100406e+00
-1.0757700289e+00
3.1721908584e-01
5.8646662839e-02
-1.5347251756e+00
1.4169885803e-01
2.0576751238e-01
-1.0152776714e+00
-6.6386324899e-01
1.1578022886e+00
1.5075462223e+00
-6.9835439582e-01
1.2228755239e+00
-1.7824644614e+00
