4.8607375208e-02 6.3843047898e-02 1.3780574637e-01 5.1452327915e-01 2.1184214043e-02 -1.6716684447e-01 -1.9077566145e-01 1.9496809452e-01 -1.3903914867e-01 2.6818612588e-02 -1.1122580022e-03 -1.2423719370e-02 -3.0665048733e-02 -2.4037898891e-01 -5.3159675282e-01 -2.2937635776e-02 -1.8249790306e-01 -3.4083588503e-02 -1.4394325336e-02 1.7618594974e-01 1.5206700004e-01 -1.7720435551e-01 -3.0323267691e-01 8.0271611717e-02 -7.0896743837e-03 -5.0064912069e-01 -5.6725194391e-03 2.0307055974e-01 7.9030428635e-02 -3.4918634698e-01 -1.6988038362e-02 -2.1369967078e-02 5.6131780636e-02 -4.3099918055e-01 1.6034089129e-01 -1.3901268401e-01 -2.1367634573e-01 1.7747684452e-01 9.7496661143e-03 -1.9459503941e-01 9.9029196514e-02 2.5591379762e-02 1.7733835330e-01 -1.7612011428e-01 -2.9106770391e-02 2.8413207008e-02 3.2793277658e-01 -3.8412872433e-02 -1.6559565862e-01 1.0673012866e-01 -2.2335863349e-01 -9.9472084058e-02 2.4808920175e-01 2.0782886451e-02 9.4856866435e-02 2.1193716204e-02 -4.7693224504e-02 2.8602257593e-01 -2.1351946773e-01 9.3672230260e-03 -3.4252695274e-02 1.7060342292e-01 -6.1073171362e-02
2.0800938811e-01 2.6082144433e-01 -8.5571240089e-02 5.4325888258e-02 2.6406525065e-02 2.2533016772e-02 -6.8673298523e-02 3.7512390217e-02 -3.6332155962e-02 -7.9284380447e-02 -7.0276582210e-03 -6.9149320318e-02 -1.9134949847e-02 -7.7354783124e-02 -1.4908812665e-01 6.1750830453e-02 -1.3245172316e-01 -1.2930414348e-01 7.5239124993e-02 9.4725921041e-02 -3.5591771844e-02 4.4440381261e-02 -8.6083789673e-02 -5.6188170138e-02 7.5548337734e-02 -1.8124312871e-01 -9.2731904242e-03 -3.4044960878e-02 3.6119299948e-04 -4.3231534714e-02 -4.6194929827e-02 -6.2256409915e-02 -2.9924810480e-03 -4.7555752128e-02 -1.7312508764e-02 -1.3314083528e-01 -8.8879846455e-02 -1.2752688084e-01 -6.5101917483e-02 -5.0741111152e-02 -7.1969035185e-02 -4.2563890830e-02 8.0744354359e-02 -1.2982894829e-02 4.7129221502e-02 -9.8547012623e-02 3.3165820059e-02 -1.4013027547e-01 -1.2586568563e-01 -2.5297952049e-01 -8.2656382027e-02 1.3533085992e-02 5.8021405311e-02 -5.1358706131e-02 2.4527056737e-02 2.2685017885e-01 5.0821261799e-02 6.3284565700e-02 1.0415142154e-01 5.3346256142e-04 -6.9791762544e-02 2.1974359614e-02 5.9321043115e-02
3.3772336902e-02 1.7077067973e-02 3.6048820307e-02 1.0029297662e-01 -2.6905084053e-02 -7.2086704435e-02 -3.2141387789e-02 2.8792517982e-02 6.0069203461e-02 -8.6179089429e-03 9.4428782877e-03 9.6064671917e-02 -1.5171038014e-01 3.5619201861e-02 -1.2137273707e-01 -9.5241494592e-02 -1.2324648085e-01 -3.4876210599e-02 -4.4133035080e-02 1.5332933867e-01 4.1303565315e-02 8.8370028267e-02 -9.5457182013e-02 -9.6552367453e-02 -3.6453288535e-02 -1.2778177369e-02 1.5693010474e-02 1.9206391494e-02 -1.5502835000e-01 -1.5598291164e-01 -8.4099853372e-02 8.8490939527e-02 -2.9586209369e-02 -2.1015211237e-01 3.0920500225e-02 -3.2416288930e-02 -3.8031440596e-02 3.8049024971e-02 2.1100321738e-02 2.5368632801e-02 -1.3267957848e-01 6.4274895693e-02 -2.7574307626e-02 -5.7775600534e-02 3.7010569270e-02 1.3908429594e-01 -2.2945990421e-03 -2.5559772077e-03 -8.1736492637e-02 -8.3858940367e-02 -9.5309127054e-03 1.2841520049e-01 -5.9661075372e-02 -7.2719544453e-02 1.7438250469e-01 1.8170906702e-01 -8.3100728112e-02 -1.6689236073e-02 -2.3067884762e-02 -1.2155975582e-01 2.3748707628e-02 3.4258031293e-03 -1.7739523492e-02
1.1803459895e-01 1.5030758849e-01 -1.6311919393e-02 2.2713798740e-02 -3.6695421950e-03 4.3736476326e-02 4.0464393846e-02 2.8208527617e-02 -6.0749345996e-03 -1.7746774842e-02 2.9034368170e-02 4.5779566054e-02 1.7213773136e-02 -1.7705706820e-02 5.3878806189e-03 -2.9669329693e-02 -3.8831753465e-02 -1.1118922071e-02 3.7665007491e-02 -1.5387158880e-02 -4.1288762594e-02 3.3971714597e-02 1.0494998228e-01 5.3220029325e-02 -1.9047423810e-03 -1.8537264334e-01 5.1985178015e-02 3.2854875980e-03 1.4039055587e-01 -3.3892637929e-02 -3.0234401991e-02 3.3380850687e-02 1.1535973333e-01 2.8800485551e-03 -5.4312573910e-03 -1.3211647216e-01 -3.0705826054e-03 -2.8165031259e-02 3.4414912038e-02 5.1212692056e-02 3.2098428596e-02 -3.7266155115e-02 -9.3036922124e-02 -1.5429803725e-02 8.2329513709e-02 -3.0575939285e-02 -5.4689556877e-02 -2.3454109379e-02 -2.2314121522e-03 -8.1822537360e-02 -1.1489196476e-01 -1.7749243196e-02 2.6518237983e-02 6.3552271550e-02 5.5330887400e-02 4.3024723888e-02 -5.5393247223e-02 2.0406956371e-02 8.6173292382e-02 -6.3889685472e-02 -8.0791422359e-02 7.2188491949e-02 3.5580161199e-02
1.3078698282e-01 3.2896836821e-01 2.2665131197e-03 3.0838677748e-01 -1.6489309539e-01 -1.4025507006e-01 3.1792699353e-02 3.0260188261e-01 2.2509805801e-01 -1.3025624278e-01 2.2969285927e-02 -2.4624933631e-01 7.0097780392e-02 -2.1221672887e-01 -3.9141312802e-01 -8.6920928182e-02 3.5717672743e-02 -1.7647553458e-01 -1.3935119972e-01 -2.0018949651e-02 1.8292401209e-03 2.3289214638e-01 1.4478271597e-01 2.1759288478e-01 -8.3388482531e-02 -3.5886045653e-01 -6.6880120745e-02 5.6914523988e-02 -3.1823482315e-01 -1.3285355890e-01 -2.1541751504e-01 4.8561444471e-02 2.7331011192e-02 -2.5127739180e-01 -2.5479284202e-01 -2.1533974826e-01 -1.4287860396e-01 -5.0468277868e-02 -8.7117244769e-02 -1.1502462859e-01 -7.1728257644e-02 7.4804382956e-02 -6.4542569761e-02 7.3519941516e-02 1.0185751946e-01 1.1912236933e-01 2.2096046842e-01 -2.3410466462e-01 -9.5607616370e-02 -2.2596565456e-01 3.2927064391e-02 -6.1253275003e-02 2.0960672922e-01 -2.0316293938e-01 4.8013285104e-01 5.7328567789e-01 4.1317391372e-01 2.6915178405e-02 -2.6176495229e-01 -8.4303487647e-02 -2.5022890659e-01 2.7789800857e-01 -1.8302147247e-01
-5.0373193973e-02 -9.5971096712e-02 1.2299736329e-01 3.3060835900e-02 -3.9173702371e-02 2.5424891079e-02 1.0852555419e-02 -9.3793975779e-02 1.5748205578e-02 -1.2108133666e-02 5.7760019563e-02 -5.8968675417e-02 -7.0904067635e-02 1.7308046998e-02 -6.1847080419e-02 2.9762307343e-02 -2.0801797219e-02 -1.1387555292e-02 1.4358762959e-02 2.1976062565e-03 2.0233549991e-01 -5.4261022520e-02 -2.0741397756e-02 -5.2205479672e-02 -8.9238180676e-03 8.5916501046e-03 6.8333935618e-02 1.1333762541e-01 -9.2655077216e-02 -1.1629423832e-01 -2.5672392855e-02 -2.4906571587e-02 -4.2116787942e-02 -3.1855964767e-02 -3.4094954494e-02 -2.1809453677e-02 -2.6272262145e-02 -2.4664134480e-02 -2.1228507050e-01 -6.5996942484e-02 8.1081973523e-02 9.1331408030e-02 1.2286829821e-02 -6.9199188181e-02 6.5168080368e-02 1.3955841658e-01 1.3778585871e-01 1.0780633831e-01 -9.2493494390e-03 2.2486877609e-02 -5.0125505130e-02 1.2434568576e-02 1.2549180251e-01 1.2172490443e-02 2.5569443687e-02 -4.3213069831e-02 -4.9928702952e-02 2.5751001789e-02 -2.3464183259e-02 -4.0643857726e-02 1.3758422284e-01 5.1673164647e-02 -2.9627127108e-05
-6.0349700654e-02 -1.6145145587e-01 7.2571820501e-03 2.3996370754e-02 2.5725699811e-02 -1.3898323071e-02 -6.4050082438e-02 1.8249188404e-02 5.6717940412e-03 -3.0723671911e-02 -6.1504844205e-02 -4.7354567312e-02 -8.8545323257e-02 6.5278518229e-02 -3.2876811014e-02 -3.1350330680e-02 -2.9364576841e-02 -2.0643065868e-02 -6.5049369290e-02 6.0409174577e-02 9.3666682242e-03 -2.5688522176e-02 -6.1391762132e-02 4.8628794327e-02 -4.6549625907e-02 1.2393854142e-01 2.7982631176e-02 1.8035861195e-02 -1.5422297853e-01 1.5454224130e-02 4.2910294172e-02 6.3668575853e-02 7.8174264906e-03 -1.0460233834e-01 7.6254057423e-02 9.9887963139e-02 -4.8768951091e-02 -1.2404371746e-02 -2.2743657728e-02 2.8921831947e-02 7.9387096355e-03 -6.9453151838e-03 2.4175324837e-02 2.6939496602e-02 -4.4461023667e-02 4.2428191841e-02 4.3447327082e-02 6.0031455079e-02 -7.7663786821e-02 3.9069818072e-02 1.1413453702e-01 -5.3146724563e-02 6.2223911994e-02 -5.7188857139e-02 1.5802364486e-01 2.2921513645e-02 -4.7853333463e-03 3.4693528972e-02 -1.2763106196e-02 -4.9057838178e-02 8.2138905191e-02 6.2002928467e-02 -1.9038354233e-02
-1.6388548330e-02 9.8504152824e-02 -2.7003000609e-02 4.6346219997e-02 4.0154169116e-02 -2.1427500263e-02 1.1504704619e-02 1.8706555110e-02 -3.3355834114e-02 6.1372808078e-03 2.2556841512e-02 9.2446012716e-02 5.3406395248e-02 4.4080200339e-02 8.5514394025e-02 3.7678901890e-03 5.0256517093e-02 1.3689136208e-02 -1.0266915882e-02 -6.7163561129e-02 -1.0544762613e-02 6.1358601893e-03 -1.3738087931e-02 6.9636162190e-02 -3.1778166323e-02 -4.2795236621e-02 -5.1862203531e-02 5.1245628317e-02 9.7480132079e-02 -3.6256567458e-02 7.3046681578e-02 -5.2778428466e-02 2.7354727130e-02 7.4131225400e-02 8.2137502433e-04 -7.3982757659e-02 5.8937480183e-02 4.5134324923e-02 9.7412596992e-03 -1.3976950243e-02 6.4657559431e-02 -3.0717765783e-02 5.5235589829e-02 -4.7759229441e-02 1.5089899067e-02 -9.2224178490e-02 8.0244443344e-03 -4.3344677186e-02 1.3985710823e-02 4.0802854139e-02 -8.1728699282e-02 -1.1001791086e-01 -1.1613946002e-03 2.5074784880e-02 -1.2853664751e-02 -1.8634234537e-02 -2.9326583041e-02 4.2431927678e-02 7.2978198543e-02 -4.6446942628e-02 -3.4128650399e-02 7.8019087554e-02 1.9178877465e-02
2.0241868502e-01 6.6920140766e-02 -2.3864775227e-02 5.2732768007e-01 1.1576050789e-01 1.4931790157e-02 -2.7016112770e-01 -4.0098943110e-03 -2.9101201114e-02 -4.2690810656e-02 -2.9652429514e-02 2.5708280099e-02 -7.8235697625e-02 7.2274318842e-02 1.0284445176e-01 9.8937238258e-02 -1.5410095572e-01 5.7722794928e-02 9.8223217378e-02 1.8315556622e-02 7.4765783264e-02 4.1162461030e-03 -1.2647513248e-01 3.2820180312e-02 3.9186154188e-02 -1.7298319218e-01 7.4088384985e-02 1.2618767729e-01 1.5704618779e-01 -6.3450357448e-02 -3.3395324394e-02 -7.0412698524e-02 1.7489907094e-01 -4.6297796767e-02 2.2890778002e-02 -4.0424446139e-02 3.7299404297e-03 5.9945198878e-03 6.9881107138e-02 -6.3805556462e-02 9.9448238973e-02 -1.9083359216e-01 1.0678824895e-01 -9.7401677809e-02 -2.7131606969e-02 -2.6689785241e-02 6.1655405640e-02 2.0997490223e-02 -5.1107344150e-02 -8.4788387444e-02 -1.1316006455e-01 -4.9669550714e-02 1.4978933212e-01 8.4716599746e-02 -1.5144329614e-01 -2.1457645591e-01 -1.2204513410e-01 1.0734692152e-01 5.4947264031e-02 -1.1025653463e-01 1.6568602120e-01 7.7941888296e-02 7.8625417751e-02
1.3337017830e-02 2.9604424592e-01 -1.0584348027e-01 -4.5177129321e-02 -1.3635364245e-01 -1.0198348525e-01 -4.2022383226e-02 4.5132254249e-01 1.6919276374e-01 -1.3588714186e-01 -9.5617094838e-02 -1.0022809453e-01 9.4359957510e-02 5.7002804954e-02 -4.0953632170e-01 -1.7831535562e-01 1.2370915559e-01 -2.7155759103e-01 -2.3218001890e-01 1.6756036831e-02 -8.6713082391e-02 1.5344395282e-01 1.5161560307e-01 3.9834350172e-02 -1.2620192593e-01 -2.8840257718e-01 9.4272680943e-02 -5.8244713982e-02 -1.1200130225e-01 2.4900828442e-02 -9.5387988408e-02 2.4741998196e-01 -1.0537682464e-01 -3.1023778436e-01 -1.9376601681e-01 -1.8396123767e-01 1.1656374607e-01 -6.6657874442e-02 -1.2074626887e-02 -1.8321302352e-02 -1.8261696360e-01 -5.5693787200e-02 -2.6568604177e-01 1.4618902042e-01 1.1306927231e-01 2.3428981434e-01 7.4051129655e-02 -2.7142545743e-01 -9.2903769966e-02 -1.3062657238e-01 1.8558938688e-01 1.1835976053e-01 -9.6890674193e-02 -2.6560761873e-01 5.3572591573e-01 4.7426260356e-01 4.1085669684e-01 -4.2822924426e-02 -2.6660613505e-01 -1.2742619291e-01 -3.0966696046e-01 2.6314229211e-01 -1.8776705700e-01
4.4896426738e-02 -1.6767496386e-01 -1.9838650785e-01 -2.7360236737e-02 -4.2478050067e-02 -3.9060463279e-02 1.5575916003e-01 -3.2543602687e-02 7.0453373320e-02 -1.1345618590e-01 -1.1552241207e-01 1.4136202284e-02 -5.7810851855e-02 -1.0874905782e-02 4.2116908591e-01 -6.0698484187e-02 -2.8460420396e-02 -2.0590662962e-02 -1.3682812997e-01 1.4895021886e-01 2.7204116353e-01 -2.0238955278e-01 -2.5023146565e-02 -2.2129893648e-01 -5.2270522971e-02 1.0650003451e-01 2.1507374245e-01 2.3306482218e-01 -1.1806769783e-01 -1.6358623153e-02 -9.0360035150e-02 5.8440819621e-02 -1.6793692995e-02 2.4347525661e-01 2.0932108437e-01 2.5540168351e-02 1.6638786523e-01 -3.5392138610e-01 -9.2995720852e-02 -1.3010873653e-01 1.3545163408e-01 1.6464738020e-01 -1.3392855686e-01 -1.8763011443e-01 2.9192096124e-01 9.6061526023e-02 1.2759085028e-01 8.6226083602e-02 2.1238646282e-01 1.8261181208e-01 1.2043580928e-01 2.2549535737e-01 4.9046140014e-01 9.4793907578e-02 -1.2812377486e-01 -1.0628862196e-01 -4.5686492994e-01 1.0041186298e-01 1.1128237945e-01 -4.3961489408e-02 1.8014870117e-01 -2.9473970232e-01 1.0265082540e-01
9.7803176247e-02 6.6998695683e-02 -3.5261605298e-02 -3.3618889660e-02 5.3565785455e-02 1.4389287667e-03 -4.6739015715e-02 2.0196997384e-02 -4.5249575330e-02 5.2245595948e-03 6.9181043854e-02 7.6195119738e-03 -4.5111971427e-03 4.7374064959e-02 3.7125781408e-02 -2.4604248230e-02 -1.1630003101e-01 5.6859056679e-03 1.3522006768e-01 -4.5559646971e-02 -2.9409712504e-02 4.6530961601e-02 4.2506994999e-03 -3.2656342291e-02 8.8420076562e-02 1.2861240903e-02 -2.7045604703e-02 -2.9945793161e-02 7.1789188178e-02 4.0151231373e-02 8.5764427454e-02 -4.7622455308e-02 -1.1026079479e-03 -2.1458351708e-02 -1.5422181992e-02 -3.2230924682e-02 -1.0489591025e-01 -1.2552141639e-02 1.0733977062e-01 -2.7778152288e-02 -1.2760502845e-02 -6.0802346777e-02 4.5156310779e-02 5.7326722388e-02 3.2732786769e-03 -1.3902103472e-01 -1.2620008445e-01 2.6721084464e-02 -6.6177825121e-02 -8.4532456970e-02 -6.9518200498e-02 -5.5022954215e-02 -9.3812246483e-02 7.2479074124e-02 -4.1025847770e-02 8.2667703168e-02 3.0631090889e-03 -1.9979672562e-02 6.1674764943e-02 1.1693916464e-01 -9.3942741702e-02 8.2861015615e-03 1.1091970125e-01
2.2993095788e-02 1.3770711587e-01 -4.5005797802e-02 -9.5979515716e-02 -1.3196004139e-01 -6.2731273939e-02 5.6175161168e-02 1.9649161224e-01 2.9405615090e-01 -1.6220544814e-01 -4.9437860872e-03 -2.1229234169e-01 3.1100100101e-02 1.5465320578e-01 -8.4583789061e-02 -5.2193018139e-02 1.1341366718e-01 -1.6765459563e-01 -3.5515745707e-01 -9.4548530870e-02 -2.9530375999e-02 1.9055093630e-01 1.5453402982e-01 9.0876419736e-02 -1.2592551157e-01 -9.4765699014e-02 5.6245105784e-02 -4.7115547452e-02 -1.5585236337e-01 2.0278920921e-02 -1.2042894448e-01 1.0262371208e-01 -9.9365836973e-02 -1.0367845113e-01 -1.3313053533e-01 -7.0358257256e-02 -3.5727578978e-02 -2.3971105465e-01 -1.6705686149e-01 -2.5732159370e-02 -1.2802987010e-01 -8.0766155572e-03 -3.7280594948e-01 1.1358927059e-01 2.7608273701e-01 9.5627479043e-02 7.9847550405e-02 -1.4370482294e-01 2.2303056198e-01 -1.7275490457e-01 1.3167843412e-01 1.4631458198e-01 8.2357004626e-02 -1.4789873885e-01 3.1361351389e-01 2.3451089479e-01 1.5444182798e-01 -7.3389342169e-02 -1.1383840070e-01 -1.4385081404e-01 -8.5789413924e-05 1.9156962822e-01 -1.4552814510e-01
5.4455913212e-02 1.0648089237e-01 -7.4809386487e-02 -4.2230116071e-02 -1.9840359100e-01 1.4440272427e-01 2.1998299087e-01 -4.1240003956e-02 1.1080006691e-01 -6.4720178821e-03 5.1704424193e-02 4.4161523931e-02 1.4274076646e-01 -8.0230666617e-02 -1.7207248942e-01 -1.5245713473e-02 3.9430161792e-02 -1.5925180563e-01 4.0360078441e-02 8.8566745504e-02 7.2122577075e-02 -1.3443430373e-01 -9.0670478405e-03 -1.4658660704e-01 1.1219225765e-01 -7.9537392244e-02 -8.9803757544e-03 1.5807455749e-01 -6.8109774010e-01 -9.5082617906e-02 -3.0374502710e-02 9.3187409129e-03 -6.2905006766e-02 1.4851166932e-01 -1.4091194994e-02 -1.7586715794e-01 -1.4654013958e-02 -1.6963692975e-01 -9.1963658854e-02 -7.0850961062e-02 7.8904418810e-02 3.3577179145e-01 -8.6450267020e-02 -7.4745031539e-02 7.7707695661e-02 -2.7808557659e-02 4.2620685161e-02 3.7790990378e-03 -1.6612649831e-01 -2.0420497506e-02 -6.6743670891e-02 2.5719606768e-02 1.2262083008e-01 6.7939242631e-02 4.0022743591e-02 2.7650074670e-01 -1.9003527129e-01 1.7095154181e-02 2.0341726416e-01 1.3749521836e-01 -1.5243898481e-01 -1.3946177346e-01 1.3788220228e-01
-5.1640924821e-02 -5.0495655129e-02 -1.9809284177e-02 -1.0947372617e-01 -7.8901149572e-02 -4.9643149953e-02 4.4153636854e-02 -1.3074701038e-02 9.7527585148e-02 -7.1024299809e-02 -3.1540486500e-02 -9.2041972983e-02 7.7350638887e-02 1.5395656623e-02 -5.9654932125e-02 -2.1469873229e-02 -1.7131419165e-04 -6.8891696936e-02 6.3807393678e-02 5.1861491096e-02 1.8839655003e-01 4.3823413677e-02 -4.1535347204e-02 -8.5409227646e-02 -2.8834926011e-02 8.5706031550e-02 9.3889720676e-02 1.1435175132e-01 -1.1897398962e-01 -5.7881748575e-02 -1.2552630587e-01 1.6740649863e-02 -4.4644853347e-02 -2.8167437439e-02 -3.9486651396e-02 3.5600519384e-03 7.7720083782e-02 -1.2205161573e-01 -8.9323845246e-02 -4.6095393696e-02 -3.8263692828e-02 1.5935584286e-01 -1.2907818345e-01 4.2256420351e-03 1.2065772541e-01 8.9794027072e-02 1.2058266546e-01 3.4974347620e-02 -2.3613316155e-02 1.0187971382e-02 8.9302432295e-02 7.7403506791e-02 9.4224861987e-02 -5.0812554210e-02 2.6372634339e-02 -1.0652706919e-02 -4.2524443660e-02 -2.7013514973e-02 7.1133953032e-02 2.1104369775e-03 7.9305910574e-02 -1.4707720414e-01 -1.2719290342e-01
1.4893569233e-02 -1.1995808611e-01 -1.7982078522e-03 -4.1497571929e-02 5.7939852540e-02 -3.9529537396e-02 -8.3152595633e-02 8.9147245013e-03 -5.4336603868e-02 -2.2770468628e-03 -8.5523021480e-02 -7.6767775071e-03 -8.6368858736e-02 1.0851502413e-01 2.8658269072e-02 4.2486428030e-02 -5.5655064600e-03 3.2387662756e-02 -8.6888504954e-03 1.0109381532e-02 1.1079952991e-02 1.9861499363e-02 -3.8133576899e-02 -6.4951537338e-02 -9.9851615261e-02 1.2449465264e-01 6.5521661040e-02 -6.7463508024e-02 -1.1586092450e-01 7.6375880986e-03 9.2352257405e-02 -1.4928585289e-02 -8.3515327355e-02 -4.4021647349e-02 1.6699978910e-02 1.1665815075e-01 -2.0594158167e-02 9.5297708071e-02 -5.7753002487e-03 3.4727332409e-02 1.3513714532e-03 6.9362574885e-02 4.3014048545e-02 1.1659699317e-02 -3.7442113973e-03 1.2819645946e-01 4.7361939450e-03 1.4317762296e-01 -1.3436938477e-01 7.8941111000e-02 9.8422365344e-02 3.0119902646e-02 -1.5504220069e-01 3.0030879005e-02 4.1729390936e-02 9.9518299326e-03 -6.3503506860e-02 -2.6471463906e-03 -6.8245623826e-02 -5.4118999103e-02 7.0088946611e-02 -4.7179344893e-02 3.0190751082e-02
-6.7945885056e-03 1.2835856184e-01 1.7715728939e-02 3.9882370893e-02 -2.2890150010e-02 9.2701913560e-03 4.7483941904e-03 8.5976529721e-02 4.1303426516e-02 6.2880528720e-03 -2.5022895798e-02 1.4327796084e-01 -4.9535102493e-02 -1.8140190804e-02 1.2258221004e-01 -3.6170823554e-02 1.1853698594e-01 -2.5791683282e-02 -6.9602865352e-02 -5.7162825922e-02 -7.9697989140e-02 -2.1412481390e-02 5.0504086970e-02 -4.4340640792e-02 -1.1488399459e-03 7.9141909067e-03 4.4514295505e-02 7.0719986279e-03 1.9144138751e-01 9.1694856023e-02 5.0282453846e-02 1.0261187496e-01 5.2967384086e-02 2.0694601099e-02 -2.6869576811e-02 -2.8366697772e-02 6.0080622564e-02 7.0816825027e-02 1.4908913582e-01 -2.1239788015e-03 1.7078778165e-02 -1.6293710435e-01 2.8548965601e-02 2.7664397731e-03 2.3440547130e-02 -7.2223541753e-02 -3.6988851044e-02 -9.7402130087e-02 2.5904000060e-02 -1.5121900967e-02 3.4938580592e-02 -1.3465801418e-02 1.1342757532e-01 8.5505430442e-03 -2.7856499682e-04 3.3815002891e-03 -9.4845190975e-03 -6.6477090062e-03 9.2402755454e-02 -9.9845775442e-02 3.4906649791e-04 -9.0538793302e-03 -1.6748752632e-02
5.0266310177e-03 -2.4731071384e-01 -1.5829958241e-01 -5.1800520527e-02 -8.9599929613e-03 -1.9821631856e-02 -1.1421724154e-01 -7.8058887899e-02 4.6461124620e-02 1.3201859026e-02 -2.1817135315e-02 4.1708161792e-02 -5.9395876030e-02 4.9799533111e-03 -3.7897115277e-02 -2.4131041684e-03 -5.3336218693e-02 -1.0678718876e-01 1.6723152227e-02 1.8871815086e-01 2.7562795679e-01 -9.1515335171e-02 -1.6644402899e-01 -2.6608167377e-01 -1.3963870603e-02 1.0177749385e-01 1.2934092403e-01 1.4645747740e-01 -1.1518747890e-01 -6.3139129662e-02 -1.0364879998e-01 -5.1679388597e-02 7.7544878369e-03 -5.5322361981e-02 2.5227710149e-01 1.3354300549e-02 5.4786881599e-02 -2.4121802903e-01 -9.9501420887e-02 -5.0566000179e-02 8.0225634167e-02 1.7665296576e-01 -2.4575794850e-02 -2.1959627203e-01 1.3664176716e-01 7.2583400509e-02 -7.0456601204e-02 4.1897749759e-02 -1.4190681964e-01 2.6218036493e-02 1.0026381559e-01 2.2034729021e-01 1.8415584088e-01 1.5105277416e-01 -1.0032160600e-01 1.2712009845e-01 -8.9698740987e-01 1.1856428793e-02 7.0465709439e-02 8.7038568937e-03 2.3678408303e-01 -6.2624037169e-01 1.4020159670e-01
9.8915006073e-02 6.5904912297e-02 -8.2571380782e-02 -4.5566718798e-02 -2.7710349856e-02 -2.8751263117e-02 -6.4361136636e-02 -3.3771442759e-03 2.5774030568e-02 -1.1533716320e-01 -5.7454503907e-02 -9.3484684348e-02 -3.8613729308e-02 4.5739369291e-02 -4.3844428034e-02 1.6469339367e-02 -6.5808882275e-04 -5.3901479628e-02 5.8077208604e-02 2.5990612544e-02 -5.7552545397e-02 1.5679852652e-01 1.3024210070e-02 -1.1296951737e-01 -2.5890599046e-02 1.2731063700e-03 4.2526103438e-02 -8.0573260678e-02 -1.3673054088e-01 1.8800495988e-02 -3.5558199449e-02 -3.3619169379e-02 -5.0479369466e-02 -8.8920955987e-02 -4.0868871452e-02 7.9302859531e-03 -1.1378774892e-02 -3.6941050076e-02 9.8804194919e-03 7.0915542862e-02 -6.4676620177e-02 3.3711116789e-02 -8.7118340787e-03 2.4949287597e-02 6.6282152643e-02 6.4134166140e-02 -4.3593965257e-03 -2.3548929378e-02 -4.5612384022e-02 -1.5530872284e-02 9.9838573104e-02 7.3853169395e-02 -4.5036247391e-02 -9.5805611233e-02 -2.6025807363e-02 1.2009105514e-01 8.5818173749e-02 -6.1342984756e-03 -2.2031688478e-02 -1.2628339681e-02 -2.4821190058e-02 -4.8134181603e-02 -4.0983415252e-02
9.2396709490e-02 8.5307641977e-02 -7.8409191325e-02 7.5847138927e-02 -1.5302027509e-02 -7.5113819535e-02 -1.1549302227e-01 1.2693004805e-01 -2.1365281031e-02 -2.7112203642e-02 -9.2261897722e-02 -3.6602244873e-02 -4.6135220403e-02 1.5363556726e-02 8.1304733576e-02 4.4190041524e-03 2.2616525514e-02 -2.8059870916e-04 9.2075154950e-03 -6.6203226935e-03 -6.8000061466e-02 -6.3532702429e-03 -6.9604157187e-02 -4.2013261277e-02 2.6516762116e-02 -7.5020563592e-02 5.3279094577e-02 -6.9051049735e-02 1.3854109105e-01 -1.1720564879e-01 -8.8722518071e-02 4.5897552618e-02 8.3855688588e-02 2.4014256023e-02 6.6830173518e-02 -1.4018898150e-02 6.4337258969e-02 -4.2645542515e-02 1.1072207419e-01 -6.7280062207e-02 2.7596402676e-02 -1.8849149375e-02 7.8038027496e-02 3.8078980179e-02 2.9345062551e-02 2.6111202714e-02 -5.2740966259e-02 -4.9510317207e-02 -7.5326502947e-02 -1.2615048514e-01 2.2666420621e-02 7.9657881924e-02 1.0253506522e-02 -3.2943282796e-02 6.1973297042e-03 9.1218711194e-03 -4.3123205759e-03 5.1078454491e-03 -6.7017209865e-03 -8.5640404042e-04 -3.5412176066e-02 1.0248995941e-02 -2.0579343231e-02
-1.8894250720e-01 -9.3379753038e-02 1.1075712630e-01 -1.9445773860e-02 -1.1481758041e-01 1.1046115995e-01 4.5561111730e-01 -1.8468076374e-01 1.4843347175e-01 1.3582181741e-01 1.0034515152e-01 4.1769199076e-02 1.3904840055e-01 -1.1687330439e-01 -1.2453743453e-01 -3.2758778065e-02 -3.3570618116e-02 -4.5259487064e-02 -8.8864342618e-02 3.7089855190e-02 1.6187304421e-01 -2.1018103047e-01 5.0874762477e-02 7.5399488138e-02 -3.4714725798e-02 -6.4881592056e-02 -3.1130027557e-02 2.1370547890e-01 -1.8650414772e-01 -2.3792670851e-02 -1.1315544496e-01 -1.0795549884e-02 -4.5857768585e-02 7.6904527583e-02 -9.3746659002e-02 5.8626124401e-02 2.5851878456e-02 1.3838924481e-02 -2.7080387744e-01 -1.2533321522e-02 1.5019233783e-01 2.8768868713e-01 4.2146170823e-02 -1.3488193282e-02 -1.5811077459e-02 4.0025803672e-02 7.9461395852e-02 9.3123662730e-02 1.8549709390e-01 1.6739541160e-01 1.3676595784e-02 -2.8282481651e-02 4.7626262560e-02 2.8635249976e-02 -3.2064732624e-02 -9.1143625645e-02 9.2371551448e-02 5.5357073253e-02 -6.8292646347e-02 1.9952527959e-02 -5.3912764129e-02 -6.5035570074e-02 1.1583622182e-02
-7.0984700744e-02 -4.2187903469e-02 2.8792740933e-02 1.1474399424e-01 -4.4052024886e-02 -8.1999977561e-02 1.2919047672e-01 7.1997356031e-02 -3.1650196230e-02 3.4934547170e-02 -7.9499478689e-02 3.7692549816e-02 1.2637335414e-02 -2.2407434961e-01 -3.0551905834e-01 -5.8611745913e-02 7.4776599901e-02 -6.0827744429e-03 -1.0390061393e-01 3.7590067744e-02 3.9416040613e-02 -9.8746788457e-02 -5.6378896494e-02 2.3075830793e-02 -8.4317916451e-02 -2.6009142024e-01 6.5150283191e-02 2.3309223051e-01 -4.6071223339e-02 -5.7779749745e-02 1.0596053789e-03 5.1685192064e-02 6.8594131335e-03 -4.7342103307e-02 -1.9999910453e-02 -1.3060983312e-01 1.8379181891e-01 -3.3672293085e-02 -6.0717942924e-03 -6.5332414406e-02 1.0039608233e-01 7.0020404429e-02 -3.0762914316e-02 -3.4329495912e-02 2.3677267255e-02 -2.2997455178e-02 5.3735599166e-02 -3.8082531115e-02 1.0626065234e-01 1.8351229054e-01 -6.9310631307e-02 -4.7894188566e-03 1.0374997983e-01 -1.3543593639e-02 1.6432756393e-01 -1.0076291481e-01 -2.2691417896e-02 -1.2243454930e-02 -1.1260943972e-01 -5.7516551014e-02 -2.2735396456e-01 3.6399021990e-02 -1.1364730995e-02
2.3075564342e-02 4.5613032945e-02 7.9042890328e-02 1.2798427792e-01 9.2532131266e-03 9.7955734276e-02 2.6518789827e-02 -9.6183180824e-02 1.6790925458e-02 -1.1729626809e-01 -8.4124480039e-02 -1.2914645677e-01 -5.4316097207e-02 3.8525108249e-02 7.0659941319e-02 5.4508349036e-03 -8.3258982312e-02 1.9428616467e-01 -1.6934014067e-01 -3.9387040283e-02 1.7537263926e-01 4.3174692317e-02 -3.4481496042e-02 1.3695493129e-01 -2.5393187446e-02 -7.6972726797e-02 -6.2426606064e-02 1.9084945952e-01 2.9539244302e-01 3.4838796979e-02 -4.6012021839e-02 -8.2574400985e-02 7.0004105802e-02 1.3434348928e-01 -2.2154343069e-02 4.5634791730e-02 -6.8894782203e-02 -1.8709088472e-02 -1.0806996716e-01 -2.0403749286e-01 2.0094184085e-01 -1.3805321356e-01 4.7496082499e-04 -4.9221811823e-02 -3.3736093943e-02 8.3341334587e-03 1.2899583294e-01 1.2229263312e-01 4.8601284304e-01 3.7579077852e-02 -3.4707964016e-02 5.9386605803e-03 6.8111302737e-01 1.9522885185e-03 -8.3749769300e-02 -5.8909886196e-01 1.7907527225e-01 1.3446991915e-01 -2.0262295950e-02 -5.0158418746e-02 2.0330477469e-01 1.2430854943e-01 -2.4248735537e-01
-1.8668461191e-02 -3.0026353451e-02 2.4683900375e-02 4.8793461993e-02 -7.4388802707e-02 1.0263337735e-02 -5.4333167456e-02 1.3161545357e-01 6.3406724044e-02 5.6496891159e-02 -9.1451896687e-02 -4.8205974898e-02 -7.3580910488e-02 -9.9609180282e-02 -1.1912729801e-01 -5.5686743372e-02 9.3043620309e-02 5.0533752192e-02 -2.8935441438e-01 4.1026056167e-02 1.9918363860e-01 -3.5478006584e-02 -1.0046344064e-01 2.3129442396e-01 -2.7059193961e-01 -1.5406952405e-01 1.5586986189e-01 3.1929397385e-01 4.1881551009e-02 -4.8810384539e-03 -1.4820477701e-01 9.5582280797e-02 1.8210084220e-02 -1.2425691689e-01 -4.0017120659e-03 -7.4356687247e-02 -8.5200459319e-03 -8.9512127835e-03 -7.7878992578e-02 -5.4453413492e-02 5.1189065085e-02 -3.0315461953e-02 -2.4138524081e-01 -2.9661977748e-02 2.0266116947e-01 1.5225249708e-01 1.2656367721e-01 -3.5515035362e-02 1.9750276392e-01 1.6364064524e-01 2.2631482472e-02 -1.5892893984e-02 4.1983442156e-01 -4.0516831035e-02 1.0438685295e-01 2.6032113042e-02 -1.2391343855e-01 1.1740757731e-01 -2.1463863693e-01 -1.6206295311e-01 1.7033112496e-01 5.4938997404e-02 -1.9035792717e-01
-1.9811005380e-01 -3.0469013656e-01 8.5566478128e-02 -8.8788352464e-02 -3.4214796672e-02 -5.3646239571e-03 5.1181655364e-02 -3.7888387495e-02 -2.1754084975e-02 1.0339509458e-01 -4.8265346193e-02 1.0434859316e-01 1.6937057837e-02 -4.0493274402e-02 3.0798862950e-02 6.0406650770e-03 2.2877013841e-02 7.3527467686e-02 -3.1142174333e-02 1.4577976448e-01 -1.8511097699e-02 4.9286015070e-03 -6.5463239908e-02 2.4814938278e-02 -1.5444791711e-01 6.0867967644e-02 -5.9987974720e-02 -6.9405143255e-02 -1.1716892820e-01 7.7122137073e-02 8.1067782384e-02 -5.4749196416e-02 -6.6447210567e-02 -9.5471970234e-02 9.1886449741e-02 1.7531203363e-01 -3.0574716926e-02 1.4330294931e-01 1.2905386578e-01 6.7407401426e-02 7.7601298387e-02 -1.3422225386e-02 2.0479028231e-02 -2.3333425155e-02 -5.2465524986e-02 -1.8482939642e-03 -2.8133564201e-02 1.3186734330e-01 3.5306900676e-02 2.8340048057e-01 3.3036243450e-02 -9.1655357134e-02 -4.8469593972e-02 -4.8688944601e-02 -9.9333804520e-02 -2.2518934553e-01 -1.0645530426e-01 -3.3561987515e-02 -6.0496740565e-02 -1.6309565031e-02 6.3083633892e-02 5.7912327985e-02 2.3066229353e-02
4.5167933019e-02 -4.8363747620e-02 1.9400991506e-02 1.0133142413e-01 6.2167323219e-03 -6.6168440991e-02 -7.3591299258e-02 -1.9848855272e-01 -5.1579134595e-02 2.8152203285e-02 6.1745975783e-02 -8.2822317273e-02 -7.0845771345e-02 1.3740618272e-01 3.0977242264e-02 5.6283012426e-02 -1.8716971373e-02 9.7189174789e-02 4.6346727603e-02 1.4976921791e-03 -1.2084253017e-01 7.4654509803e-02 -1.1104311576e-01 -1.4401043500e-02 -4.2296658223e-02 6.8148163874e-02 -2.0564835014e-02 -2.4687258101e-02 -4.2974193869e-02 -4.1675874800e-02 1.1442305181e-01 -8.6255251531e-02 1.5618311139e-01 -3.9772030899e-02 3.1603095660e-02 2.8757348835e-02 -4.5836580952e-02 -2.7094697725e-03 8.6235393278e-02 -2.1735903084e-02 1.1635936846e-02 -1.4116629665e-01 5.6243616130e-02 -5.4774334060e-02 -6.4667096606e-02 -3.7815604977e-02 5.5240112576e-02 9.6827159941e-02 -3.5580783675e-02 5.1240823315e-02 1.3356165429e-02 4.1379765263e-02 -1.0003749562e-01 5.8318046186e-02 -9.3162635545e-02 -1.1118562508e-01 -1.2408414380e-03 2.6494720796e-02 -7.1661242759e-02 3.5241502991e-02 1.2582498945e-01 -5.4952713588e-02 -1.4054577078e-02
-3.9698129995e-01 -3.6319952473e-01 1.2832983610e-01 -4.2582248503e-01 -1.1448362530e-02 1.8243072860e-01 5.7057338616e-01 -4.1889466397e-01 -1.2967833064e-02 8.9042696452e-02 1.0593363664e-01 3.9479327182e-02 2.0837616069e-01 -9.3075795786e-02 1.8244345003e-01 3.9003280633e-02 2.2457569510e-01 1.3275125954e-01 2.5251708819e-02 -1.0104069495e-01 -1.4776882536e-01 -1.0923542933e-01 1.5000003426e-01 7.8708008089e-02 1.5484915793e-02 4.2037908273e-01 -1.2937107415e-01 -7.1521782115e-02 -1.3813680012e-01 1.8933561620e-01 1.3102369532e-01 -1.0400413698e-01 4.6448858474e-02 6.7083932475e-01 -1.5038469273e-01 9.8343788882e-02 5.1623586010e-02 3.0705340224e-02 -9.7706512161e-02 1.8332533325e-01 9.4601993987e-02 1.2025850386e-01 7.0163395277e-03 5.9119560131e-02 -1.0603640220e-01 -3.6598062959e-02 -6.7385309591e-02 2.4727595502e-01 5.6884665143e-01 2.7404140409e-01 3.6668933686e-02 -8.0819736832e-02 -2.7804745094e-02 5.7213178406e-02 -5.2153122317e-01 -6.5096574636e-01 1.8466284494e-02 -1.4753243083e-01 2.1456670150e-02 6.3298511260e-02 2.9789273258e-02 -1.4253772583e-01 -8.6189846994e-02
1.7948652190e-01 6.7444891346e-02 -4.1534168511e-02 3.7597981923e-02 1.4596564149e-01 -3.1041260360e-02 -1.9421654194e-01 -4.1115361308e-03 -6.6733675976e-02 -1.0019865431e-01 -1.5827453568e-01 -1.1451384749e-01 -3.5388707829e-01 1.2370387326e-01 2.3189658693e-01 2.9746959962e-02 -5.0457104273e-02 2.1063785948e-01 -9.0726444928e-02 -1.0978385829e-01 -9.8739049156e-02 2.5220799600e-01 -8.0335319775e-02 2.4375837971e-01 -4.4714549341e-02 1.6236895241e-03 8.4818535754e-02 -7.7894867047e-02 5.5396890878e-01 1.8064125535e-01 -7.4933821790e-02 -7.3658212219e-02 1.7692516362e-01 6.7677826495e-02 6.7587415554e-02 1.1920667512e-01 -8.0067375498e-02 1.6439770176e-01 1.1910813095e-01 -1.0794069525e-02 -1.0454453758e-01 -4.9492217029e-01 1.8222672220e-02 -1.3547634830e-02 4.8290424268e-03 1.0980904757e-01 -2.5617911727e-02 -1.2312381763e-02 9.9729113917e-02 -3.3322113934e-02 2.7291188650e-02 1.5305080119e-02 5.5097723495e-02 -7.6096994665e-02 -1.9028748465e-04 -3.6939573652e-01 -1.7218355676e-01 1.3646962585e-01 -8.2890290386e-02 -1.7612338674e-01 2.4481238561e-01 1.4285505305e-01 -1.0350015920e-01
-2.3863354159e-02 -3.1735674107e-02 1.3407863878e-02 -2.4395008679e-02 -3.8451500713e-02 -5.3573324768e-02 3.3310162013e-02 3.1883116844e-02 -5.9972006922e-02 9.6217170988e-02 4.5188484416e-02 1.1039720269e-01 -7.8268218539e-02 -1.5578482371e-02 1.1984522924e-02 1.1195170816e-02 -1.6170745267e-02 1.7750695963e-02 3.5654311307e-02 -6.5951445914e-02 1.3075904147e-02 -8.2789728434e-02 -7.5912610897e-02 -3.5279698425e-02 6.1362258112e-02 4.5953410156e-02 -8.4325291096e-03 -6.9782250176e-05 1.0391259100e-01 1.1346532459e-01 1.0861184838e-01 6.4859481567e-03 -1.3842272483e-02 1.2302341693e-02 -5.4127762048e-03 1.1487612852e-02 9.8824475354e-02 1.1497410731e-01 6.9449375301e-02 1.0715852675e-01 -6.4884685110e-02 -6.7215894860e-02 2.3873318691e-02 -5.7544074068e-02 3.6857345727e-02 -3.8079712046e-02 -9.2256664534e-02 3.5922889669e-02 -4.8880202981e-02 2.3784070847e-02 -2.7792508305e-02 -4.2409976496e-02 5.8189873355e-02 7.1323077927e-02 -1.4188110266e-01 -5.1632282266e-02 -8.8736572478e-02 -4.6271843711e-02 3.3078315762e-02 -2.3052784367e-02 -2.0486695278e-02 7.0259132667e-02 9.7589339073e-02
1.8399993826e-01 2.4324966381e-01 1.3900915604e-01 4.5840512840e-01 4.7404572572e-02 6.0977241368e-02 -1.3450599044e-02 -2.4988843566e-02 -2.4634875159e-02 6.6631263130e-02 3.3277258119e-01 -3.5132175616e-02 1.7250588821e-01 -1.9973175006e-01 -5.9027509522e-01 1.7019366607e-01 -1.9795536300e-01 -4.2581120475e-02 1.8085246042e-01 -5.7036144850e-02 1.1998681095e-01 -7.4552223248e-02 -7.6451680708e-02 1.9232135031e-02 5.2078775653e-02 -5.1889751295e-01 -1.5539079992e-01 8.0322937574e-02 -4.3766383489e-01 -3.6292052538e-01 -3.1201805972e-02 -5.4263353942e-02 1.3810381230e-01 -1.6930135256e-02 -1.2162279716e-01 -2.4606180559e-01 -3.1849020956e-01 8.3457377165e-03 -1.5468849548e-01 -1.6360416040e-01 1.1488290266e-01 1.6991135692e-01 2.1871064439e-01 -7.3491151985e-02 -8.5672281283e-02 -1.3706728053e-01 1.1791608668e-01 -7.8437193583e-02 -1.6145425298e-01 -1.5736152363e-01 -4.4260847149e-01 -2.8639159495e-01 1.1215888158e-01 1.3545117776e-01 -1.2409022878e-01 1.5141121045e-01 4.0933380042e-01 1.5178103225e-01 4.7076931448e-02 1.7841042175e-01 -1.4618503090e-01 8.4127569405e-02 3.7471612805e-02
-1.1311370465e-01 7.9499905716e-02 4.4464774211e-02 -8.0888501427e-02 -4.0538206532e-02 5.8432078002e-02 8.8064804309e-02 2.1577717387e-01 -7.1416816302e-02 9.6823757262e-02 8.0427554796e-05 1.3017536864e-01 3.0089616242e-01 -1.4353438962e-01 -6.2270105790e-01 -3.0225626203e-02 1.3527328261e-01 -1.0852739245e-01 -1.5593380742e-02 1.1175808166e-02 -3.4906092888e-01 -7.9804511431e-02 1.0498170236e-01 2.1815765456e-02 -9.2653028548e-03 1.0748489573e-02 -7.2879721058e-02 -2.3623481140e-01 -1.7223941298e-01 6.0776336134e-02 1.2316449600e-01 7.6734256646e-02 -8.3536443435e-02 -2.5503923189e-01 -2.4519432024e-01 7.1344748878e-02 1.0095754161e-01 5.7186146952e-01 1.2545569642e-01 2.3311327568e-01 -3.8665637360e-02 1.3137543846e-01 4.7000869168e-02 1.4395386958e-01 -3.2928358857e-01 4.0033292657e-02 -1.4886811496e-01 -1.3309292171e-02 -1.9704867519e-02 6.3526315191e-02 -3.8929249225e-02 -5.8001905812e-02 -6.4814209603e-01 -2.7106059839e-02 1.5122742518e-01 2.1482573068e-01 6.3900708135e-01 -9.1755701780e-02 -1.1860695607e-01 5.8427874018e-02 -5.4104561088e-01 1.7009281800e-01 9.4666356686e-02
-4.0104688915e-02 -1.8676539451e-01 2.1375187434e-02 -3.9604064793e-02 2.0165039983e-02 -1.1981148931e-01 -6.3051564273e-02 -3.0256540701e-02 -1.5353596671e-02 7.4135244281e-03 -9.8831286135e-02 1.5217631072e-01 -6.9326827345e-02 -4.1948576119e-02 -4.1048365853e-02 -6.8153390066e-02 -8.6472490514e-03 -9.5053850880e-03 1.3418842846e-02 7.0788412418e-02 1.7268564819e-01 -1.8442256810e-02 -1.9915556775e-01 -5.4596842136e-02 -6.3918525489e-02 5.3942025829e-02 6.4126224972e-02 9.2667585999e-02 -1.0252651787e-01 -3.5985813750e-02 -1.8564884049e-02 -4.0349294652e-05 -6.4214334397e-02 -1.0710868914e-01 7.3482010058e-02 1.0909369825e-01 1.1361018162e-02 4.6130153896e-02 -9.0354893232e-02 -2.6398234012e-02 3.2286649038e-02 7.5708894621e-02 -2.7701799873e-03 -1.3597474389e-01 2.7380713089e-02 5.7149151585e-02 4.0960029242e-02 -6.8389695061e-04 -4.6654044390e-02 1.3849813739e-01 -3.8760810072e-02 -9.8443284017e-03 2.1010260148e-02 6.1998692705e-02 7.7128828772e-02 4.4412923883e-02 -3.6901997861e-01 3.4221988111e-02 -1.7215150308e-01 -1.3483510169e-03 2.1279111689e-01 -1.0064538644e-01 8.8939571418e-03
9.6361731380e-04 9.0057317298e-03 -2.0352288366e-02 -1.4048231354e-01 3.4527881759e-02 2.1643991005e-02 5.2855124010e-03 -9.6372834559e-02 5.4037651760e-02 -1.1667866613e-01 -5.8922502184e-02 -1.1342894693e-01 -4.6327216768e-02 1.2947779072e-01 3.3971919071e-01 -2.4776429767e-02 -5.0952326664e-04 3.7147665665e-03 -9.3886350425e-02 -3.8303733213e-02 -5.3984608918e-03 7.9670565556e-02 -1.0000980362e-01 -2.7956757765e-02 -2.0665415164e-02 8.5792175951e-02 2.8260075631e-02 3.6071010431e-02 8.0618684485e-03 -2.1594187907e-02 -6.2406792602e-02 -3.7305942564e-02 -1.9332514467e-03 2.3483960111e-01 -8.6000981388e-02 1.1663432519e-01 -8.0851741527e-02 -1.2737775680e-01 1.1640017124e-02 -5.9416472690e-02 8.0233318711e-03 3.3203181923e-02 -8.1288140871e-02 4.2494307564e-02 2.0778453066e-01 8.6793640625e-02 7.4567509354e-02 5.8756896288e-03 5.3441220282e-03 7.1111216854e-02 1.8112830680e-01 1.0732321634e-01 -3.9437395175e-02 3.1267751021e-02 -3.3032824886e-02 2.4474499483e-02 -2.3272026328e-02 -9.2319340454e-03 2.6231915117e-02 -3.2380548339e-02 1.4022742957e-01 -7.6823434396e-02 2.8601950657e-02
-3.2712510526e-02 -1.2754246973e-01 -9.5854148363e-03 -2.5687822147e-02 1.3361643606e-02 -7.3483761226e-02 -6.5546369318e-02 2.8829143093e-02 5.2334898163e-02 2.0785129809e-02 2.7579282010e-02 -9.1847026933e-02 2.4873201168e-02 -8.7530590085e-03 -9.3863500656e-02 2.4321862469e-02 6.8563050811e-03 -2.8840793511e-02 -4.3245690933e-02 8.5098683006e-02 -2.9636806860e-02 4.3919193080e-02 -6.3557440487e-02 9.6219186139e-03 -4.4534300795e-02 1.0629182587e-01 -4.2847077622e-03 -6.7669150775e-04 -9.9006296291e-02 4.2842032146e-02 2.9477561307e-02 2.3176232692e-02 -7.0486863096e-02 -1.7630788476e-03 -1.1738418094e-02 3.8740964165e-02 -2.2553243371e-02 1.0073026609e-01 -6.8643920226e-04 4.4733044420e-03 -6.3210120507e-02 5.1287894072e-02 -3.9527722929e-03 -3.8632991694e-02 -2.4243666330e-02 1.5116025931e-02 8.1466390558e-02 -2.3994587706e-03 -1.2297632988e-02 3.6786537899e-02 7.7353307362e-02 -2.3315201285e-02 3.4791233177e-02 -4.0044872410e-02 5.4350145651e-02 3.6683817547e-02 1.0433854164e-01 -2.6676615949e-02 -8.4018977848e-02 -4.2430681993e-02 1.2673308758e-01 -7.2724966949e-02 -1.2283457989e-01
-2.7280098185e-01 -1.5918271670e-01 1.1151799920e-01 -2.5216106937e-01 -7.0114076565e-02 -9.8084394340e-03 1.4595683333e-01 1.2969165957e-02 3.5001875482e-02 4.4889489945e-03 -1.0528988232e-01 3.7428131333e-02 -1.0487216954e-02 -3.3450564223e-02 1.2268095730e-01 -6.7582559741e-02 1.7522326457e-01 4.5041552137e-02 -5.3784837278e-02 2.3595281689e-02 -1.9013520777e-02 -1.5361773450e-02 6.2698630198e-02 1.0085293755e-01 -8.3184601327e-02 2.2169950732e-01 -4.2169169620e-02 -1.8918546916e-02 3.1433535625e-02 9.6946824550e-02 3.5647109852e-02 1.0267177431e-01 -7.5452018902e-02 1.2986145869e-02 -8.9653210177e-02 1.6076275595e-01 2.6351657765e-01 6.8460196864e-02 7.3004589914e-03 6.1044430429e-02 -2.7210680288e-02 8.1821034327e-02 -1.5163491194e-01 5.7577415713e-02 -2.5812040133e-02 1.2163080616e-01 -1.7102237535e-02 1.2495286789e-01 1.2727449965e-01 1.8148769595e-01 2.0048379328e-01 4.1067006649e-02 -1.5422175784e-01 -7.6676285580e-02 3.2010273336e-02 -8.2228783589e-02 8.8682710504e-02 -9.2410539595e-03 -1.3329076268e-01 1.4759633028e-02 9.2250291464e-02 4.2435810796e-02 3.7203918809e-02
7.2613734143e-02 -2.6530956023e-02 -2.8068589138e-02 1.4552173464e-01 -1.6769107463e-02 -1.3490611979e-01 -1.6830367395e-01 2.3184829272e-01 3.6932987463e-02 -1.7657100949e-02 -3.6803482507e-02 8.7203699605e-02 4.7824973756e-03 -6.8145562173e-02 -2.3142745173e-01 -7.9798823500e-02 -8.6252802310e-02 -2.1175860853e-01 9.5844281768e-02 1.5909136630e-01 6.8231683951e-02 -7.4194099987e-03 -2.4736143066e-01 -1.4276590780e-01 -4.1788819986e-02 -7.6164544086e-02 1.1288119826e-01 -1.9018964004e-01 -2.6411018686e-01 -2.7246990168e-01 3.6768948364e-02 4.4875320066e-02 -1.3953591619e-01 -4.6699526808e-01 9.7940352979e-02 1.2066473685e-02 7.8983808930e-02 -1.2606771395e-02 9.6136602136e-02 4.6253880563e-02 -1.1988429276e-01 1.5075767776e-01 -2.1992859089e-02 -1.3144117269e-01 -1.8757896383e-02 8.5677224297e-02 2.4449479378e-03 -1.9289819431e-01 -3.4102475514e-01 -6.5810724856e-02 4.8726379109e-02 2.3053870502e-01 -1.6303505711e-01 -3.2304987274e-02 2.6154994892e-01 4.6629658068e-01 -1.4980063864e-02 -1.8813086166e-02 -7.3784236179e-02 -1.0379006118e-01 -1.9677447299e-02 -4.6103911200e-02 9.8258517741e-02
4.8819960538e-02 -1.0221876844e-01 5.4888398491e-03 8.9071242049e-02 7.2834791313e-02 4.4752046009e-02 -6.6548455431e-02 -1.1008714970e-01 7.5556948058e-03 7.8941955068e-02 9.7809202509e-02 -1.2813716345e-02 -9.2751260362e-02 2.2771250676e-03 -6.6834216878e-02 4.7382689922e-03 -8.9478067709e-02 5.6315644742e-02 1.4154119564e-01 -1.1583031056e-02 -7.8959572997e-02 8.5008176600e-02 -4.5570430198e-02 -8.7060665299e-03 6.1653757152e-02 3.3034238272e-02 6.0205529350e-03 -1.5542212297e-01 -1.6056222852e-01 -3.0208533358e-02 -1.1716051254e-02 -4.8814999869e-02 -1.3942052174e-02 -4.2143855251e-02 -6.9979734817e-03 9.7256389275e-02 -1.5878439565e-01 2.9556118477e-02 -5.3643181840e-02 -1.7541107179e-02 7.1783097384e-02 -8.5776730137e-02 5.1139927192e-02 2.1517837106e-02 -9.3936468012e-02 8.9246129678e-02 -2.7659267594e-02 -4.5684771246e-03 -1.1296419774e-01 -8.0361101223e-03 -2.7670494319e-02 -3.6788278703e-02 -2.3733588622e-01 8.2695982640e-02 -1.3863485498e-01 2.2916617848e-02 1.8497335781e-01 2.8696651566e-02 -1.0529517063e-02 -6.1960496435e-02 -5.3001252257e-02 1.6902185995e-02 -1.9894922591e-02
1.3482764038e-02 1.1023685455e-01 -2.6612286899e-02 1.9448337995e-02 1.2071402527e-01 2.3963180723e-02 -1.1461474988e-01 1.3644297296e-02 -7.0860542475e-03 -5.2544814783e-02 -2.7988876907e-02 5.9471589318e-02 -6.9799403674e-02 1.2172114276e-02 -1.6120139238e-05 6.9474551712e-02 -4.7824667461e-02 -2.6643906618e-02 7.7748532784e-02 -3.2481637480e-02 -7.9034823276e-02 -4.4358049464e-02 -1.7766442260e-02 -7.6176475236e-02 5.6333367144e-02 -2.7450230458e-02 -2.9755531375e-02 -8.9696231681e-02 1.3003918096e-01 -3.2935086952e-02 3.6250532629e-02 3.2914051731e-02 5.8581005132e-02 5.9546351891e-02 5.4706436592e-02 9.9398624384e-03 -5.0792728822e-02 -7.3940961369e-03 1.9650594089e-01 -6.8266548180e-02 -5.7260113737e-02 -3.7748840965e-02 4.4107860746e-02 5.5692632204e-04 -3.1271328133e-02 -8.5755217622e-02 -1.9935834124e-02 -8.3516613508e-02 -1.1754627409e-01 -8.4463187196e-02 -4.6000405232e-02 2.4871673084e-02 -2.9384091371e-02 3.6533394367e-02 -2.6797188156e-03 4.4985612696e-03 -1.1519751633e-01 4.8315220233e-02 2.3174690952e-02 2.4515008041e-02 -5.0370281261e-02 -1.1160596341e-01 1.0991561676e-01
8.9772688828e-02 5.8412357629e-02 -1.2850620869e-01 -1.6174457813e-01 -1.8552641144e-02 8.3488074118e-02 1.7007710625e-02 -2.1807144898e-01 1.0748642660e-01 -1.2843729352e-01 6.9045616987e-02 -2.4233417459e-01 2.9366868202e-02 8.3354556244e-02 1.9792997858e-01 1.0586714598e-01 -1.2345405441e-01 2.3082137833e-02 7.7159619454e-02 -9.9972173244e-02 2.9568790524e-02 1.1500153301e-01 -8.5513230363e-03 -7.2354582535e-02 2.1668381020e-02 1.4888060512e-01 3.4970793428e-03 -7.7709698919e-02 -2.2795658369e-01 -6.4168857560e-02 5.7109861554e-02 -8.3318876328e-02 -1.9158069408e-02 2.9510746524e-01 -8.9116998230e-02 -2.6323917884e-02 -1.3037908769e-01 -4.5523626911e-01 -1.0529435336e-01 -8.8310129444e-02 -5.0448391878e-02 2.1742984528e-02 5.6111239523e-02 -3.5883870392e-03 1.4829646447e-01 -3.1074080248e-02 2.8762610897e-03 2.8409935054e-03 8.5629067857e-02 -1.4839493495e-01 1.3420136618e-01 -2.0147335708e-02 -8.0926406458e-02 -1.8426856125e-02 -1.4477148249e-01 7.3708205341e-02 -4.8919908637e-02 -2.1120778743e-02 1.6667587258e-01 8.8887537859e-02 7.5946169478e-02 -1.4320184032e-01 -5.4691974898e-02
-3.5121388027e-02 4.2189968340e-02 4.9275978125e-03 1.8212085493e-02 3.2041515335e-02 5.5599147249e-03 4.9718642568e-02 6.9947615127e-02 -6.8709902237e-02 -2.1359344472e-02 1.1661582005e-02 3.1366803709e-02 4.1433495463e-02 -3.8297484978e-02 -5.2879539726e-02 1.4447265705e-03 3.2647521723e-03 5.6586048511e-02 5.5010147490e-02 -2.8655203250e-02 -1.3474374338e-01 -6.9961707682e-02 -8.3932772776e-03 -3.6773881246e-02 1.5795523594e-01 -5.7418686305e-03 -3.9916456430e-02 -1.1580903853e-01 3.6157366780e-02 -2.1271251511e-02 4.8828928902e-02 3.0030820192e-03 3.0932817026e-02 -5.8680180259e-02 -5.4962351917e-02 -3.9500600687e-02 2.8223885018e-02 3.6345040152e-02 6.0811668650e-02 2.6375634678e-02 2.1903975654e-02 -3.6342516719e-02 -1.9720126157e-02 8.8015695134e-02 -3.0699462008e-02 -4.0060049570e-02 -8.8583350794e-02 -4.6286127425e-02 -2.5492791712e-02 -2.4452638128e-02 -1.1838475553e-01 1.2374277685e-02 -9.2266340627e-02 1.0933840646e-02 -8.6030595433e-02 -2.1293165762e-02 6.3565304718e-02 -4.7144605810e-02 -5.0317503313e-02 2.3235097926e-02 -2.0738646173e-01 2.1411839551e-02 1.1525717231e-01
1.8504021000e-01 3.0012311027e-02 1.9329986833e-02 3.0623139819e-01 5.6625402321e-02 -1.3486145074e-01 -8.3376857060e-01 2.7556512450e-01 -1.0584665843e-01 -2.9028757692e-02 -6.1732030380e-02 1.0425961193e-02 -9.6990609972e-02 -1.7203000951e-02 -1.7453167931e-02 3.0548469189e-02 -1.9165264041e-01 -4.0937754356e-02 9.4138378219e-03 5.0363907198e-02 -5.9359968658e-02 1.1974423383e-01 -1.4351138859e-01 -1.1606786656e-01 3.0044885038e-02 -5.5676544351e-02 7.2517529935e-03 -2.1542349180e-01 2.2009781442e-01 1.0180983721e-02 -4.5093222193e-03 9.8196758633e-02 5.7238198234e-02 -5.0975836088e-01 8.0887521930e-02 9.0341044594e-03 -7.7755527465e-02 2.2077655746e-01 2.5894428334e-01 5.5308756227e-02 -7.9883324105e-02 -2.0447111035e-01 1.4893716817e-01 -5.7206393759e-02 1.5404772264e-03 8.2414628194e-03 -3.6664598506e-02 -1.8263769616e-01 -6.2143873216e-01 -1.7757248210e-01 -6.3067232721e-02 6.5265845054e-02 -8.9571756370e-02 9.7963974617e-02 1.1654258855e-01 1.5160847564e-01 -4.7160538232e-02 2.1680740335e-02 -1.4057133974e-02 -3.7528369244e-02 4.3285339666e-02 4.1123943913e-02 7.8934490422e-02
-7.5182979254e-02 -8.5737071927e-02 1.8019035752e-01 5.1782126743e-03 1.4267194519e-01 1.9949897752e-01 3.0228442062e-01 -3.7254413442e-01 -6.7466059549e-02 -8.0037646955e-02 1.3954825011e-01 -1.2215005793e-01 8.0298479849e-02 -3.9210179034e-02 1.9110160097e-01 1.6372499583e-01 -3.2233433481e-02 3.2834843064e-01 -5.3929797210e-02 -9.7220693960e-02 2.1071062793e-01 -1.0190227740e-01 4.6878092678e-02 1.2691295161e-01 1.0982260687e-01 -1.6019693228e-02 -1.6221501395e-01 2.8483432656e-01 1.5709559127e-01 2.6736223652e-02 9.6679638276e-02 -1.0423004785e-01 1.2069839119e-01 4.9119335992e-01 -5.7536214265e-03 -3.5376450015e-02 -6.1595266360e-02 -2.3093348136e-01 -1.0129385452e-01 -1.4363903593e-01 3.1362753440e-01 2.7124230256e-02 1.5139517896e-01 -1.6175666628e-01 2.5059360916e-02 -1.1457063905e-01 1.0598919028e-01 2.3363627358e-01 3.9163856840e-01 1.3603719793e-01 -1.3019129199e-01 -1.8836962646e-01 3.6096325661e-01 9.5297278681e-02 -4.8583027225e-01 -4.8536230361e-01 -9.8227754422e-02 1.4834894063e-01 1.6371115175e-01 6.1606665593e-02 6.1430490456e-02 -3.7566781726e-02 -7.7328652015e-02
-1.4080045361e-01 -1.0181835721e-01 4.3545395245e-02 -1.2761034012e-01 -7.4381827304e-02 8.7140344312e-03 -5.1005608322e-02 1.0424118043e-01 3.5737210455e-03 3.1775170683e-02 -4.7241150400e-02 -7.1916028083e-02 -5.0770903929e-02 -1.1381140785e-02 2.3098491155e-02 -2.5220588165e-02 5.1102159430e-02 3.3715568808e-02 -7.0113070061e-02 -1.1794645569e-02 3.6322577648e-02 5.0615718230e-02 7.7465047466e-02 -2.7445526869e-02 -5.4676427575e-02 -1.7898821882e-03 6.7789192536e-02 6.8308650818e-02 -7.2621553340e-02 2.7919599718e-02 -1.5222810086e-02 3.7273345754e-02 -2.2433233317e-02 -1.1884985457e-02 2.6189914061e-02 7.7875930574e-02 1.6915760880e-02 -3.0540304116e-02 5.3032691565e-03 -2.3119862816e-02 -3.6386898297e-02 -1.3153672861e-02 -8.0167816102e-02 -8.1226551460e-02 1.0422070230e-01 1.2032633831e-01 9.6297125297e-02 -7.3832023576e-02 7.0837364523e-02 5.7220561717e-02 1.3584984102e-01 1.0319719195e-01 -1.2560651639e-02 -7.5812114997e-02 8.5694834482e-02 9.8832523101e-02 -4.1151660379e-02 1.1592971430e-02 -6.0757517264e-02 -1.0297465690e-01 4.2218118148e-02 1.9250577646e-05 -4.4609410954e-02
1.5914682571e-01 2.4998331085e-01 1.0064702714e-02 4.7222286665e-01 -3.5197057818e-02 -9.4037273190e-02 -2.1956629539e-01 1.8303906616e-01 -5.3618211687e-02 -4.6759836631e-02 -2.2450200027e-03 -3.2756515188e-02 -4.0264163644e-02 2.0806783805e-02 -1.7578867907e-01 1.7722339895e-02 -4.7182146609e-02 4.4690458407e-02 -2.3995419137e-02 -1.7741626632e-02 -2.6360015194e-02 8.5363922045e-02 -7.1905130436e-02 1.6629128727e-01 -2.4497443061e-02 -4.6085093038e-01 2.7433656561e-02 1.3989750199e-01 2.4102203700e-01 -7.9913077304e-02 -9.8652551567e-02 4.1796472911e-02 9.5997661546e-02 -2.1585847303e-01 -1.0293404747e-03 -1.5111953239e-01 -2.3448019296e-01 1.7847958675e-01 1.0201073443e-02 -7.5471892663e-02 -2.0787535380e-02 -2.4567964539e-01 1.5356553032e-01 8.7917621606e-02 -5.5402572970e-02 4.0804850137e-02 1.8376313665e-01 -3.5975621780e-02 4.5646980039e-02 -7.8283878891e-02 -1.5013047233e-01 -1.1170829213e-01 1.1521816095e-01 4.3931312688e-02 1.0974138707e-01 1.2481715946e-02 4.1230143545e-01 1.5720753533e-01 1.1945086314e-02 -8.1048923188e-02 -1.5892754441e-02 4.9441734230e-01 -1.3320745167e-01
7.3750649025e-02 9.1212614440e-02 -1.4516893232e-01 2.2930047703e-02 -3.2416607321e-02 1.0251825026e-01 -6.0499719931e-02 -2.0886728118e-02 1.4023414446e-02 -4.0054262946e-02 3.2398685918e-02 1.8461214917e-02 2.1836425430e-02 2.3696828628e-02 7.5285712746e-02 4.0333842916e-02 -8.3406246217e-02 -1.1848793987e-01 7.9557055394e-02 8.0811188724e-04 -5.4220806604e-02 3.0398392880e-02 -5.4757832358e-02 -1.4642741623e-01 1.0938864017e-01 -1.6807152062e-02 2.5990862608e-02 -1.4856677012e-01 -2.7130429985e-02 1.7692243740e-02 2.9272789345e-02 -1.1610726000e-02 -8.7883972162e-02 1.2799604449e-01 -3.2211926494e-02 -9.4394201125e-02 -7.8918531073e-02 -2.5485020972e-02 4.5828498687e-02 -3.5115270533e-02 2.7360015886e-02 -1.6703600168e-02 1.0279174152e-01 -1.4772542728e-01 5.4348902013e-02 -7.5084473208e-02 -1.5115935012e-01 -1.2754047232e-01 -1.9841904934e-01 -2.1748087049e-01 3.4689259270e-02 3.5783568320e-02 -5.6045501439e-02 4.6505713207e-02 -1.3258199618e-01 2.3915238463e-01 -1.7876438013e-01 -1.1250131723e-02 9.2588868875e-02 9.4645342540e-02 -9.8403788767e-02 -9.0220555879e-02 9.4418674114e-02
6.1241997527e-02 9.3057598810e-02 -6.4531799142e-02 1.0645707987e-02 3.8148712901e-02 -1.6524350021e-02 2.7506108382e-02 -1.4783328044e-02 -2.5875580702e-02 1.8602118825e-02 -2.5652367820e-02 2.8554646490e-02 2.6278647962e-02 3.0898558733e-03 2.5260229029e-02 3.5306933850e-02 9.1950132774e-03 -5.4470728891e-02 1.3801590883e-01 -1.5880048944e-02 -5.7394907925e-02 -2.0198718890e-02 5.7541793127e-03 -7.4651635422e-02 9.6662174193e-02 -1.5939551702e-02 -2.4950213913e-02 -4.7607011852e-02 -4.0072356008e-03 -1.2423291655e-02 7.9489264869e-02 -9.0415658074e-02 -2.7683009974e-02 -2.3217588160e-03 -4.9162229513e-02 -1.2415045466e-01 5.0041242894e-02 4.7202192160e-02 4.9799761296e-02 5.8453400914e-02 -4.0009244664e-04 -3.6115145509e-04 7.8652690736e-02 4.0477419700e-02 6.0213859255e-02 -5.6758748314e-02 -6.1366034211e-02 1.3091376931e-03 -1.1422003168e-01 -6.6205195490e-02 -8.0016643137e-02 5.1378180747e-02 -6.2630861426e-02 8.8146705781e-02 -8.6075502185e-02 8.9437515858e-02 -1.6450735192e-01 -7.1821765623e-02 6.0315613609e-02 1.6588552075e-02 -9.5538188422e-02 -3.0103289524e-03 1.1423228039e-01
2.8685233086e-02 -1.7913242130e-02 4.3479036931e-02 2.2406111624e-02 -3.6929181175e-03 4.0838622367e-02 -5.5291854715e-02 -7.4058189695e-02 5.2122476771e-02 -7.9719698473e-02 3.3364116656e-02 -4.1235180809e-02 6.1684346018e-02 3.6698491305e-02 -4.2574734553e-02 2.5433564526e-02 -3.0038156247e-02 -6.8294704160e-03 -4.1529125100e-02 -3.8402237912e-02 7.2518619083e-02 2.3470865541e-02 1.1294969525e-02 5.7333137877e-03 -8.6074533960e-02 -2.5194994324e-02 1.6207851107e-02 3.6896534798e-02 -9.3193262904e-02 2.0567407398e-02 -1.6100428673e-02 6.8272691819e-02 1.6715047661e-02 -5.6712626788e-02 -1.8872844470e-02 5.1331849644e-03 -1.1828909745e-01 -7.1695014972e-02 -1.0738604150e-01 -3.1225505520e-02 6.2776147682e-02 1.7256083029e-03 -3.1393534982e-02 2.1830892625e-03 4.8690877214e-02 1.3961914381e-01 1.0256798537e-01 -3.1552804214e-03 1.5740448537e-02 -2.9656530753e-02 5.8106441217e-02 3.7949957693e-02 7.4596264241e-03 -9.8664140820e-02 7.9289603636e-02 5.2802920105e-02 1.7755872903e-01 -1.1735379355e-02 -9.2018594822e-02 -5.1608877708e-02 1.8932810416e-02 1.1413433566e-03 -6.0671818476e-02
-1.3000769408e-01 -1.8679161276e-01 1.9089340363e-01 2.0251587049e-01 1.2964330698e-01 -2.7175242440e-01 -2.0632435199e-01 1.7723285349e-01 -1.4927362179e-01 2.2875575747e-01 -6.3500997068e-02 2.4406098726e-01 4.9196924111e-02 -1.3146281990e-01 -3.2691087994e-01 -1.1751527660e-01 1.1847228341e-01 1.5230012264e-01 1.9218274536e-01 1.7958227310e-01 -1.3634097069e-01 -1.8661895828e-01 -1.3636335542e-01 1.1738548177e-01 -1.3318103240e-01 -7.6339310228e-02 -5.5701008116e-02 -7.0781948893e-02 -3.6802534738e-02 -9.6641193595e-02 8.4644055005e-02 4.0250510097e-02 -2.1684551588e-02 -4.2920234604e-01 7.5284339883e-02 2.0005930932e-01 1.9347961330e-01 3.9981373479e-01 2.3369197863e-01 3.3048942383e-01 -1.0497282998e-01 -1.6810484963e-01 1.5805758856e-01 -8.9775190347e-02 -2.9705677647e-01 8.8760451198e-02 -1.2806266759e-01 4.9417694574e-02 -2.3318345766e-01 2.6101139717e-01 -5.3542004648e-02 -1.9608336643e-02 -4.0666795278e-01 -1.1389353810e-02 9.3480388848e-02 -1.5652690623e-01 1.5707078398e-01 -7.3483354271e-03 -2.7249953290e-01 -5.3964105270e-02 -1.1004420015e-01 3.8781134152e-02 6.4401578856e-02
7.0034270132e-02 1.5785677808e-01 -1.4441335776e-01 -1.0061250203e-01 -8.2576007507e-02 3.0644899350e-02 1.1032557262e-01 8.3529397205e-02 1.5933413304e-01 -1.1348944182e-02 -3.5932217137e-02 -6.5220034195e-02 1.2198923215e-01 1.9537250270e-02 2.0129237028e-02 6.1517387674e-02 1.1733619135e-02 -2.0177389174e-01 -2.9952061024e-02 -4.4226584301e-03 -6.1432301619e-02 2.2990929490e-02 6.1696280331e-02 -1.6026719933e-01 8.1687355430e-02 1.4167073064e-01 4.5969092924e-02 -4.1279778197e-02 -2.8936621975e-01 -5.0132960091e-02 1.6301256137e-02 6.7341818729e-02 -2.9065171885e-02 4.6809258154e-02 -1.2224692713e-01 -1.1652890052e-01 1.0945651754e-01 -2.1123452976e-01 -3.1660628012e-02 -4.9410591402e-02 -2.2494637077e-02 1.4996096509e-01 -6.8958831221e-02 7.2239442910e-02 1.4148785555e-01 -6.7921190783e-03 -1.4264796860e-01 -1.7603265353e-01 -1.7062872068e-01 -1.8505702193e-01 4.6606828104e-02 9.1286847581e-02 -1.3771450909e-01 7.9145610934e-04 9.9997005564e-02 7.1782271092e-01 1.1194226197e-01 2.9275564132e-02 4.8180826399e-02 8.0895484865e-02 -2.9061795091e-01 -6.5484609743e-02 8.3926728363e-02
-2.2166579110e-01 -2.6161157367e-01 5.2112645597e-02 -9.5952159692e-02 -1.2018632077e-01 -2.5022214597e-01 3.4625480238e-02 1.6445147604e-01 1.1686108097e-02 -8.3783896092e-03 -1.5385507906e-01 4.2456110055e-02 1.0607655630e-02 -1.1865341952e-01 4.4081880257e-02 -2.3937664619e-01 2.6554132791e-01 -1.1000394876e-01 -3.3471877066e-01 1.5932375949e-01 2.0550752414e-02 -1.6401544126e-01 -1.9722834667e-02 9.1243942810e-02 -2.0959329166e-01 4.7661283912e-03 9.1123699223e-02 7.4350160390e-02 8.8048662699e-02 -8.7574578064e-03 -8.8581030268e-02 1.9034752071e-01 -1.2937796938e-01 -1.9163101525e-01 7.9711481231e-02 7.0456340458e-02 5.6105059461e-01 1.3969651518e-01 2.6652057613e-02 7.5778392986e-02 -1.2652871134e-01 4.3891982685e-02 -3.3997834745e-01 1.3851337806e-02 6.6376594389e-02 3.2817297636e-01 1.4107741234e-02 -4.7364525540e-02 -5.1180699797e-02 2.9477774457e-01 1.4062915089e-01 2.4874177417e-01 -8.7086386281e-02 -8.5368910449e-02 2.4554720530e-01 1.2322630807e-01 -2.4196631342e-01 -7.3057197810e-02 -1.6967023171e-01 -1.9822935305e-01 1.7275795048e-02 -5.1913689709e-02 1.1658135577e-02
3.9366113718e-02 2.0218335266e-01 -4.0835265897e-02 3.3036482771e-02 -4.0178849571e-02 8.8836046895e-03 8.2461202036e-02 9.1234487665e-02 4.0381768919e-02 -7.8035243180e-02 4.4655299759e-02 -1.4981971102e-03 6.8666735773e-02 5.2610800050e-02 -7.7134933190e-03 -2.4516037301e-02 1.1376904208e-02 -2.7108139588e-02 -3.2192712961e-02 -1.2709402516e-01 -5.5381104599e-02 -1.0768127033e-02 6.3332414563e-02 3.0326322666e-02 2.2567301653e-02 -1.0066557997e-01 -4.2789152203e-02 -1.4059600490e-02 5.6386755968e-02 1.9329204739e-02 -1.7355040149e-02 -1.4903688541e-02 -3.6511437116e-02 1.0715807899e-01 -1.6029933285e-01 -9.4457763797e-02 -3.2425942530e-02 -4.5280613110e-02 -2.2197172351e-02 7.7261100912e-03 2.2864399176e-02 1.3116095233e-02 -6.1394157257e-03 1.4763119667e-01 -7.7307084716e-02 1.5807518343e-02 -1.5441899445e-03 -7.3858056646e-02 1.1784657559e-01 -1.0919696567e-01 -6.7226726613e-02 -8.5620155308e-02 9.8300329708e-02 -4.0004998409e-02 2.4751576213e-02 9.9085943462e-03 5.0249585030e-01 -3.2315793679e-02 1.1283658058e-02 2.4582631020e-02 -1.6229175279e-01 1.6327633260e-01 5.1734593052e-02
1.1691346149e-01 9.9929529029e-02 1.1854038260e-01 2.0314120421e-01 6.4338091742e-02 -2.1247301358e-02 -2.3262173278e-01 8.6119413597e-02 -6.0608510668e-02 5.6919469161e-02 6.2951218861e-02 5.9426677232e-02 4.4482204635e-03 -7.4812128900e-02 -4.1110490296e-01 4.3555651886e-02 -1.4432268054e-01 6.4720286404e-02 1.0714071933e-01 -5.9446449364e-03 9.2209518301e-03 6.6093550778e-02 -1.5963410537e-01 6.5334231772e-02 -1.0505878580e-02 -1.4413765526e-01 -2.5395807131e-02 6.4687820334e-03 -1.7334867634e-01 -1.1021872204e-01 4.1703090583e-03 -5.3801478209e-02 7.7422555853e-02 -1.2775219226e-01 -9.9837109162e-02 -6.1085919404e-02 -2.5823108036e-01 2.6955552835e-01 9.0759323925e-02 -1.4058265262e-02 1.9954256203e-02 6.1616992828e-02 1.3853694586e-01 2.9423327934e-03 -1.3105088292e-01 -9.6398569461e-02 1.1608565199e-01 1.1929429037e-02 -1.5903839443e-01 -8.1409463594e-02 -1.0446447767e-01 -1.6816642842e-01 -7.5532005116e-02 -1.5473859232e-02 1.9223855214e-02 1.9359466285e-01 4.3461752995e-01 6.8977079509e-02 -8.5689017484e-02 5.3661925554e-02 -5.7039789983e-02 2.1148035849e-01 -6.4420307733e-02
1.0368929060e-02 -1.0838362861e-01 9.3995207559e-02 -1.2473164915e-02 -1.2011388974e-01 2.4546500888e-02 -3.3437340620e-02 -6.2990737159e-02 6.5139357779e-02 -2.7756302572e-03 2.7375008591e-02 6.1923445754e-03 -4.2578283294e-02 8.9783606450e-02 -6.4111391335e-02 3.7226544154e-03 6.2144146205e-03 1.0098065096e-02 -1.3649812484e-01 6.6555102648e-03 -4.9255699496e-02 4.0450350169e-02 -5.6860016022e-02 8.3934099176e-02 -8.9812921256e-02 -4.8935245027e-02 2.4426808280e-03 1.0572676046e-01 -7.7001067969e-02 -5.4821098911e-02 7.9248010493e-02 1.2134809578e-02 2.8786304633e-02 -2.7313378614e-02 -6.2062903219e-02 6.3009483443e-02 3.8374803045e-02 7.3639468262e-02 -1.1551137474e-01 4.1290015637e-02 -4.8750427065e-02 4.6053269379e-02 -1.5688660758e-02 4.9400418932e-02 1.6817451730e-02 4.8460748683e-02 -1.6108390713e-03 4.1421260335e-02 2.5607279295e-02 4.9440928885e-03 3.8523361387e-02 -5.7352913899e-02 -2.2573040213e-02 -4.7297573730e-03 3.3227673313e-02 9.4952804133e-03 1.6955257839e-02 -5.7277215715e-02 -9.5405117688e-02 1.2362363317e-02 1.0237696114e-01 1.2847816322e-02 -4.1604270690e-02
1.9916685310e-01 2.4460811578e-01 -1.0081800295e-01 -1.5566012297e-01 -9.6898664110e-02 1.9570939746e-01 2.8672265006e-03 -1.0297551867e-01 1.1024120210e-01 -1.6407993893e-01 6.8975573151e-02 -3.3828095747e-01 -9.3030747967e-02 2.2162313507e-01 3.3954992136e-01 1.4115506665e-01 -8.7324800013e-02 9.4564563850e-02 -1.6918986786e-01 -1.6607193246e-01 -5.1226902499e-02 1.8911227810e-01 1.1633543752e-01 7.8909397074e-02 5.0650405067e-03 1.4388837741e-01 -4.5496905086e-02 -6.8480797519e-02 1.4675202369e-01 1.5671126016e-01 -6.1692396108e-02 -3.5492826689e-02 1.0486751495e-01 5.7360512169e-01 -5.5487782016e-02 -1.0578154994e-01 -1.7497913854e-01 -4.9796205810e-01 -8.3473505972e-02 -9.9895392240e-02 -8.3334551351e-03 -1.6307836000e-01 -5.3431305375e-02 8.5964131353e-02 2.5156373621e-01 -3.0702658062e-02 3.8177283380e-02 6.2407509092e-02 2.9903713464e-01 -2.0939961949e-01 1.1941324018e-01 -9.4270435189e-02 2.0094870633e-01 -6.6665541126e-02 -6.1876579635e-02 -1.4678178755e-02 1.8723022493e-01 3.6671649306e-02 9.1983655392e-02 -5.8328633116e-03 6.2636437478e-02 1.2247295322e-01 -1.5773571833e-01
-2.9823276882e-02 1.5145230071e-01 -3.7265211692e-02 -1.4672586668e-01 -3.6377822842e-02 -1.3248023657e-01 -3.6357604339e-02 3.2396182375e-01 3.1506343098e-02 -3.4636359640e-02 -5.3241653012e-02 2.8170764204e-02 -7.9266747659e-02 7.9331351184e-02 1.3006351341e-01 -4.6646142772e-02 8.0256775613e-03 -1.0640258882e-01 -6.7468119757e-02 -7.6074640022e-02 -2.4740281357e-01 2.5100675362e-01 5.0751564016e-02 -5.4968119115e-02 -1.0790738280e-02 1.0814425292e-01 4.8212891235e-02 -3.2420036039e-01 1.7731321907e-01 2.6141430856e-01 -4.4892169609e-02 5.5386472492e-02 -5.0242320271e-02 -8.3329765327e-02 -1.1310984640e-01 5.3425557800e-02 1.5741654852e-01 5.4861369902e-02 7.6947173487e-02 1.1068169021e-01 -2.5081181209e-01 -2.0389860627e-01 -7.5406030010e-02 1.6205305282e-01 1.2552821520e-01 3.9392604632e-02 -1.9758561122e-01 -2.2675672343e-01 -2.3998775632e-02 -7.3150251900e-02 1.2976036248e-01 1.9379676349e-02 -6.3263174610e-01 -8.0885400464e-02 5.0485797826e-01 2.6709178903e-01 1.3258245751e-01 -9.7137286522e-02 -4.4622756914e-02 -8.2110174111e-02 -7.9011173081e-02 7.8850101395e-02 -1.3128172568e-02
-3.9691582000e-02 1.3296599365e-02 -1.8167337153e-03 -2.3538756635e-02 5.6472030611e-03 6.9467120360e-02 5.2540088002e-02 7.2357080298e-02 2.5512309688e-02 2.3544353099e-02 -4.7289353461e-02 1.1804474128e-01 1.3745328702e-02 -2.9068848764e-02 -1.2258111389e-02 -2.9472812253e-02 6.6933347184e-02 4.4346460237e-02 -2.1126446970e-02 -6.4945662886e-02 -3.9612509575e-02 -6.3210480178e-02 -1.2304464430e-02 -3.7027987346e-02 1.9063988856e-02 -5.3337738361e-02 2.9923739029e-02 5.3433729698e-02 1.6279106835e-01 -2.7699136704e-02 1.0244711900e-02 3.6256398222e-02 -1.6394178605e-02 1.7193712003e-02 3.1206957543e-03 -8.4056096192e-02 2.9084592206e-02 -6.3634966446e-02 1.0315949673e-03 3.8483878997e-02 1.8693103541e-02 -1.0074969707e-02 9.1511070973e-03 2.1428704702e-02 3.4801756818e-02 -2.7635244349e-02 -1.4495358845e-01 -7.7489689244e-02 7.2185485837e-02 -1.6806499281e-02 -7.2761048062e-02 4.8881317792e-02 7.2551903899e-02 2.2173681532e-02 -2.9344008640e-02 2.1990610869e-03 -3.2122453105e-02 -7.1243904525e-02 -4.1514530617e-02 -3.1955167120e-02 -1.3173513283e-01 1.4905577152e-02 -5.5501720237e-03
