2.0349899151e-01 -1.2059376671e-01 1.2255185035e-02 3.6162279764e-01 2.5713588885e-01 4.7969046615e-03 4.2682654633e-01 -1.1170639175e-01 -4.5955623396e-02 -6.1935016861e-02 3.2900241454e-02 2.0924021316e-01 -5.1212803945e-01 -4.3494367280e-02 1.7782889505e-01 -1.9567818101e-01 9.1601334028e-02 -1.6544019318e-01 -2.0491925521e-01 -3.1483760535e-02 -1.0986964881e-01 1.2432550061e-01 2.0518065119e-01 1.6756194067e-01 -9.5266420312e-03 -5.5753528345e-03 -3.5156795738e-02 2.0294305062e-01 -1.6407167796e-01 -1.6041179195e-01 -1.5954596463e-01 1.7929530151e-01 2.5115807252e-01 -4.4784655028e-02
-7.6434403939e-02 7.5017638342e-02 -2.0635076169e-01 1.2883570938e-01 2.2640174884e-01 -1.3654976082e-01 1.3704622520e-01 -2.2137416134e-01 1.7315969713e-01 2.4331879183e-02 -7.9109582989e-02 4.6396191895e-02 -1.3877515407e-02 3.2696781626e-02 3.7877567798e-01 1.9679903760e-01 -5.9701662324e-02 -2.0539912542e-01 7.3553418783e-02 -3.7184740257e-01 1.8583190175e-01 7.8823158445e-03 -1.6547194929e-01 2.9820446756e-02 1.1191243518e-02 -1.2790609210e-01 2.7734522563e-01 3.5553436211e-02 2.3964799202e-02 -3.1702945275e-02 1.6718703137e-01 7.0620814826e-02 1.2748802718e-01 6.0884404315e-02
1.4475010230e-01 -1.5873144066e-01 -1.2563868733e-01 -1.1186537883e-01 -1.5369475665e-01 -1.4475068000e-01 -3.5060100363e-01 -7.0124449563e-02 1.0893209733e-01 1.9498449719e-01 -4.1042662370e-01 -4.3835928080e-02 -3.8284251905e-01 1.0121594491e-01 -2.5128578165e-01 -3.0558110753e-02 1.2072409666e-01 -2.1250458641e-01 1.2969826792e-01 1.1762746887e-01 1.0183455128e-01 3.1383412358e-01 -5.5793517578e-02 -3.6204458101e-01 -4.2960992682e-02 2.1382816997e-01 -4.2243792337e-01 2.1756743137e-01 -1.9853751340e-01 -2.4939925700e-01 8.8459570521e-03 2.9942612925e-01 2.8304587528e-01 -7.7659783775e-03
-3.7775160782e-02 -1.3545790144e-02 3.9724988364e-02 1.2548614696e-01 -2.1631207108e-01 4.0218393571e-01 1.3857551994e-02 8.4006163669e-02 -1.8575782353e-01 4.9061497271e-02 1.2153084662e-01 1.0011645531e-01 -7.9093623339e-02 -1.2764587672e-01 7.4870892235e-02 -3.4701831440e-01 6.2251649973e-02 -2.7593121011e-02 -1.4180243891e-01 1.3946868610e-01 3.1418614876e-01 9.6361746034e-02 1.4449128775e-01 -3.3372575572e-01 -1.2092230901e-01 2.2695849223e-01 -1.3362017632e-01 1.6921409253e-01 1.9161961874e-01 -1.6126279387e-01 3.3649006138e-01 9.4313512378e-02 4.7094020190e-01 1.0696095434e-02
2.3295307903e-01 1.7165982960e-01 -1.3169126918e-01 -2.2201365216e-01 -1.4009698107e-01 -2.8273573528e-02 2.3884362993e-01 -1.7555035306e-01 -3.6539634552e-02 1.9300842419e-01 -1.2625887184e-01 -4.1553018608e-01 -2.9655648762e-02 -9.0168786878e-02 5.7258672594e-01 -9.6688755876e-02 8.0955048018e-02 -2.3605559399e-01 -1.9744641617e-02 2.5483126474e-02 8.3787665255e-02 -1.0666407546e-02 1.3361698603e-01 -1.9058439863e-01 -1.1225680027e-01 3.5823713634e-01 -2.5877791829e-02 -1.5069000344e-01 -1.8767467175e-01 1.8396386897e-01 -2.4555729360e-01 -8.2613184464e-02 1.0054973639e-01 4.3170885456e-02
1.1571092404e-01 2.0561417341e-01 -2.7503465235e-01 -1.1283835892e-01 1.6029168872e-01 -1.1655414501e-01 3.0902700176e-01 -9.6137312678e-02 -1.2374841715e-01 -7.4076840857e-02 -1.0592022467e-01 1.8120291402e-01 6.2457447509e-02 -5.4908867891e-02 3.4805985680e-01 -1.0463708181e-01 2.1200749708e-01 -2.3747252820e-01 -7.1840150885e-02 8.5438848157e-02 1.5784557323e-01 1.0773270048e-01 2.5673429847e-02 -1.1178072766e-01 4.1643774576e-02 -1.4336123684e-01 2.4279980761e-01 6.3759797136e-02 -2.0409169047e-01 2.4670227687e-01 -3.8432610956e-02 6.1655296687e-02 4.4043767540e-02 -1.8611419177e-01
1.5773180169e-01 -1.5896655301e-02 -2.9052617184e-02 -2.3025372552e-01 1.0301285069e-02 -7.2188264942e-02 5.8817295817e-01 8.8443806954e-02 3.8016160057e-01 -1.1281632306e-01 -7.4840689667e-02 -1.1157211168e-01 -1.2830423896e-01 -1.0932749085e-01 3.7533397153e-01 1.5190297244e-01 -3.4638984652e-01 -1.0136438904e-01 3.9909164047e-01 -1.9693079266e-01 9.8671013769e-02 -1.3225009195e-01 7.2929064071e-02 2.9630526396e-01 1.3571208159e-01 4.8133089913e-02 1.7437298349e-01 -5.6372752612e-02 2.6878324566e-01 3.0671226019e-02 2.0190301561e-01 8.8702408597e-02 1.0850165353e-01 -3.3665225470e-02
-1.7477334144e-01 -6.3551837568e-03 -6.7895497056e-02 -1.0665304504e-01 -2.0962758989e-01 8.6886084682e-03 -1.4168756827e-01 1.9403518396e-01 -2.9303792672e-01 -1.2321280086e-01 -2.3219253811e-01 4.6346747261e-02 1.0794292511e-01 -7.8740319922e-02 6.0605834199e-02 -5.0492283685e-01 -2.3112755655e-02 -1.1636965606e-01 4.4150784503e-02 2.8643326482e-02 3.3233028257e-01 1.9481660571e-01 -4.2022846860e-02 -7.5576578480e-02 -2.5352860227e-02 3.3835133082e-01 3.3318424626e-01 -1.5812867921e-01 7.6079512427e-02 -6.6745637592e-04 -2.9068781849e-01 -1.2468561498e-02 -3.5555554272e-01 -2.7763995795e-02
-1.3636867436e-01 1.0185907221e-01 9.2609242497e-02 3.1741413160e-02 1.2556226343e-01 2.5090986896e-02 -5.6557026783e-02 1.7638439627e-01 2.4683474300e-01 2.4552408605e-01 1.0166538181e-02 -3.4456237740e-01 1.5180044773e-01 1.2897786618e-01 -2.4617431763e-01 -1.5068169322e-01 3.3513022340e-01 -8.8046672984e-02 -3.8037426788e-02 -9.3861716706e-02 9.0108513819e-02 -1.4381242962e-01 -8.6343784565e-03 -6.2437735848e-02 2.0410572646e-01 8.9215775039e-03 8.1978484456e-02 1.8832051642e-01 2.8256825671e-01 1.6547071548e-01 1.0329105111e-01 -1.0392450443e-02 2.1027061156e-01 -1.5053396337e-01
-2.7118186028e-01 -3.1199972622e-02 -9.0159141984e-02 -1.0665008742e-01 -3.6134970073e-02 1.8053294040e-01 -2.2986301463e-01 1.5717418633e-02 -2.5570321983e-01 -8.5376673091e-02 2.1828139572e-01 -2.7780953985e-01 1.4666799980e-01 -1.6294678936e-01 -1.6961492852e-01 1.5543141652e-01 2.2159361436e-02 -2.2615894354e-01 2.3754599917e-01 2.0744358773e-01 -4.3079492176e-01 -1.8612872903e-02 6.4599260467e-02 -1.6733777522e-01 8.2524322644e-02 2.1591506484e-01 -5.0210670486e-01 -3.5446182158e-02 -4.9317372464e-02 7.8741108114e-02 1.1020507222e-01 7.0093027936e-02 7.6893191483e-02 -6.8333495260e-02
1.0288260894e-01 8.8814086564e-02 1.4661973770e-01 -1.5619736021e-01 2.4133789531e-03 -3.0382294939e-01 -6.5637391640e-02 4.6137436851e-01 1.5651307523e-01 2.3945935408e-01 6.5345976483e-02 4.0868959716e-03 -4.5720225232e-01 -1.3770272421e-01 -8.5273685165e-02 -2.1682522140e-01 -2.7338725699e-01 1.3149536872e-01 8.6912870403e-02 2.9270362458e-01 -2.3125686863e-01 1.8150019354e-01 -4.8867324827e-02 1.6239700181e-01 4.4390764726e-03 -1.5684453273e-01 4.1954044757e-03 -1.2027122344e-01 1.8953083906e-01 2.0696097577e-01 2.3408308960e-01 9.8523901107e-02 -1.6694713732e-01 7.9345712773e-02
2.3298818390e-01 -1.1543389057e-02 -2.1405669536e-02 -1.6279406066e-02 2.6097189994e-01 -1.7618414228e-03 4.4518311756e-01 1.1795449095e-01 -1.1084007267e-01 -7.7989222811e-02 -2.6500063751e-01 -1.1911989481e-01 4.0638916671e-02 1.7370671114e-02 8.2651555352e-02 2.2495720219e-01 -6.3824042004e-02 1.7433672872e-01 1.2714847475e-01 1.9135259641e-01 6.1840451462e-02 4.0824002475e-01 -1.5413956778e-01 -1.1391569922e-01 5.6755827330e-02 2.8062038749e-01 -1.5804560588e-01 2.3944564833e-02 9.8832897978e-02 2.5479876773e-01 -1.6474544190e-01 1.8848004670e-01 -3.0546083776e-02 3.8869856113e-01
2.1041857971e-01 -1.7334261506e-01 1.1445594273e-01 6.0829920434e-02 7.2729572694e-02 -1.3037393796e-02 -4.3025852486e-02 5.0561071698e-02 -1.1512510380e-01 -1.4536456984e-01 3.4019192223e-01 -1.5064503692e-02 1.6367042438e-01 -1.1748610289e-02 1.0611139156e-01 2.1283519839e-01 -3.0842750936e-02 -6.5604484063e-03 -5.4795618154e-02 -2.1432946987e-01 -2.8552850869e-01 -1.7123965906e-01 -2.2330843901e-01 -3.9486887585e-02 3.9228788442e-02 -4.9844357801e-02 -1.9792577695e-01 8.8763197859e-02 6.7647676401e-02 3.5896877950e-02 1.2938510646e-01 -1.9810417314e-01 4.4937442429e-02 4.2634119976e-02
-3.6853175525e-01 2.8809576813e-02 1.3492236445e-01 6.0493719274e-02 3.3598027752e-02 -3.6329099675e-01 -2.9556795729e-01 5.6265690794e-03 -1.9519401162e-01 -1.6690174211e-02 1.7915825344e-01 2.8507756084e-01 -4.0460273030e-01 -1.6795139767e-01 -1.2937807003e-01 -1.7961847029e-01 5.0758317537e-02 -8.6822240809e-02 -2.2528613704e-01 1.0090192707e-01 6.2286572276e-02 -2.1039372775e-02 3.0376910992e-01 1.0290068969e-01 2.0886825529e-01 2.5151960356e-01 2.2916601882e-03 -2.2624909785e-01 -3.7708839295e-01 1.9682821463e-01 -8.1226836722e-02 5.6885394977e-02 2.7136126515e-02 -7.5933370453e-02
4.8339588077e-02 8.0238970508e-02 -1.1765020987e-01 -4.4189608167e-02 -1.2311809639e-01 2.2237747973e-02 -1.0623564102e-01 1.2805890882e-01 1.5387839513e-03 -1.5511230419e-02 -4.7189560265e-02 -4.4173728142e-02 1.1195091569e-01 -9.7899693159e-02 -2.0829185509e-01 4.5621599261e-02 2.5726769712e-01 1.4395637395e-02 3.2650518854e-01 1.8777402373e-01 3.0938560131e-01 -1.7951145591e-01 5.4222897350e-02 2.8935085964e-01 1.6044809926e-01 -3.0514402076e-02 -2.0617516100e-01 1.9122896734e-01 1.6211796336e-01 3.1432019804e-01 -4.4536288816e-02 3.3710571132e-02 1.3270178189e-01 -1.6727247641e-01
-7.6470557258e-02 2.9273877198e-02 -6.1921072981e-02 4.8288065427e-01 -1.8290010875e-01 -6.6289675392e-02 -1.1141206421e-01 -1.2424564183e-02 3.7269395853e-01 -1.5535033610e-01 -4.1095437448e-03 2.9880579125e-02 2.6510849937e-03 5.8250077986e-02 -1.3558216203e-01 8.5007321758e-02 8.8252981150e-02 -2.8883860145e-01 -5.0562587918e-02 -9.6061198467e-02 -2.8915469075e-02 2.3962159727e-01 -3.5915426543e-02 -3.7682489278e-02 1.6506422028e-01 -1.8510963620e-02 -3.5344443423e-02 2.8965116957e-01 5.6177971431e-02 -4.7779763927e-03 -1.3368510265e-01 5.1897395288e-02 -1.0176605154e-01 1.1093687332e-01
2.8900404440e-01 6.7193235109e-02 -2.8093418731e-01 2.3333155657e-02 -2.0528896946e-01 -1.8824954583e-01 1.5068349771e-01 -1.0911642149e-01 -3.1759812034e-01 1.4654665903e-01 4.0132339712e-02 1.4106842844e-01 -7.8462719819e-03 1.1554525217e-01 1.1864972659e-01 -6.8111352255e-02 2.2676999462e-01 -3.1651378470e-01 1.0209024040e-01 -1.8333926374e-01 1.4690889350e-01 1.7355620754e-01 -1.4098597149e-01 6.7082479808e-04 3.0234568978e-01 -1.8528329483e-01 8.4260227047e-02 -4.1762094589e-01 9.6665893578e-02 2.5765717544e-01 3.6648198667e-02 -1.0280526794e-01 1.1951431174e-01 7.6590664239e-02
1.2903826694e-01 -1.5064894226e-01 1.1023644854e-01 -4.1324192333e-01 2.5006137026e-01 -2.5822723532e-01 3.0626179747e-01 -3.7718343035e-01 -1.5554491856e-01 1.8722682939e-01 -1.6092425525e-01 1.3317094543e-01 1.3791100111e-01 -5.3302513421e-03 -9.1832684325e-02 1.3888230381e-01 -1.0634521450e-01 1.1889571895e-02 -5.1519689141e-01 -4.4047738697e-02 -4.0692085848e-03 -1.2099263584e-01 -4.0152680648e-01 1.6444082535e-01 -1.9701853874e-04 -1.1096204090e-01 -3.6045450051e-01 -1.0046922756e-02 -6.0442900902e-02 -2.2760274329e-01 4.6293079384e-01 -1.7800975465e-01 -2.4756808114e-01 -1.2104419231e-01
-2.7176009708e-01 1.6434615347e-01 -9.8645896724e-02 1.9979139621e-01 1.1443087856e-01 1.7477634766e-01 -1.4678558465e-01 1.5892534274e-01 -1.2286906089e-01 -1.7639906311e-01 -1.4339602483e-01 -6.2392708329e-02 6.5826610493e-02 -1.0635747239e-01 -1.3136984478e-01 -1.3351253672e-01 -2.3945620323e-01 -6.2456888192e-03 -2.7855928690e-01 6.9047026383e-02 -3.6474900790e-01 -8.0526708981e-02 -6.4667639403e-02 -2.5566029931e-01 -4.9978718293e-02 4.2874187893e-02 6.3450641935e-02 2.2096887055e-01 2.1351996212e-01 3.6209871589e-01 7.8455023882e-02 -3.6253657958e-01 5.0423457487e-02 6.9574211220e-03
7.1096659834e-02 -9.7974928659e-03 -1.7962612514e-01 2.9519506375e-01 -1.8899602398e-01 -2.9797154493e-01 4.3439300086e-01 -5.0723084170e-03 -3.4271606889e-01 -8.5854403631e-02 1.6489340180e-01 -1.4637153884e-02 -2.7019767872e-02 1.8124386859e-02 -1.5660778879e-01 1.3806228804e-01 -2.2905505391e-01 1.1174356777e-01 -9.1991079227e-02 9.3865778950e-02 2.4441048567e-01 6.7946606747e-02 1.0309741581e-01 -1.2730901799e-01 1.3571153807e-02 1.9287741612e-01 1.0720903051e-01 2.6080074424e-02 3.5963615639e-02 2.8768250134e-02 2.8368946168e-03 -6.7514281975e-02 6.7453338176e-03 -1.7041864849e-02
1.5743277194e-03 6.0376996458e-03 -9.9514362764e-02 -3.6533609652e-02 1.5393384414e-01 -2.1727009234e-02 -1.5898432124e-02 -9.8709329082e-02 -3.3273353977e-01 1.4314576510e-01 -2.6922780367e-02 1.5933723012e-01 5.9218934030e-01 1.1836972860e-01 1.1950484018e-01 -1.0321158488e-01 5.1522359940e-01 3.8198623578e-02 2.1654756436e-02 1.7374538140e-02 -2.5122300870e-01 3.4641790883e-01 -5.1899391641e-03 -1.6491395733e-02 9.2784586228e-03 3.1209618484e-02 -2.7698463433e-01 1.7018909885e-03 2.5116824900e-01 -5.9325888853e-02 -2.3933406909e-01 -1.2397030814e-01 1.7645420910e-01 -3.9539069900e-01
6.0278200580e-01 6.6630914278e-02 9.8776963197e-03 3.8720683379e-01 9.3310184551e-02 -7.0353043432e-02 4.8891537387e-01 -4.5077580708e-02 -2.4442038252e-01 -1.0743591790e-01 2.0058076967e-01 1.3345760596e-01 -1.7467031068e-01 2.7107249326e-02 7.0261342935e-02 4.5785142911e-02 4.4704602094e-02 1.1879719967e-01 1.2482519466e-01 -7.1216378310e-02 1.7643141237e-02 -2.5883349548e-01 2.5754611055e-01 1.0855302858e-01 6.0940855552e-02 5.9739902500e-02 -9.5063623894e-02 -1.4918264265e-01 -4.2330946650e-02 -4.0333816289e-01 -3.0848014874e-01 3.4007445517e-02 6.5031000852e-02 1.7244652960e-01
-5.1671745631e-02 -1.1718861317e-01 1.9869950235e-01 -9.0609268218e-02 -1.5557305920e-01 2.0675902649e-01 -5.7808570689e-01 2.9646510499e-03 5.2399983874e-02 3.2787876321e-01 -1.1353296136e-01 6.8708400519e-02 -1.3400616098e-01 -2.8180908275e-01 2.8320087301e-01 -1.6917549900e-01 -9.3501731927e-02 1.3950979986e-01 7.1288212391e-03 2.5796006187e-01 -1.1518314382e-01 -3.7569511901e-02 -1.2468529166e-01 -1.6468971583e-01 4.2050990168e-02 6.3790883753e-02 3.8276798131e-02 1.6212263343e-01 -1.5237474519e-01 1.5406298259e-01 -1.0513288201e-01 -1.0771416792e-01 9.0777134419e-02 2.0714908027e-01
8.5367601095e-02 4.0113502515e-04 2.8293028031e-02 -1.9112728047e-01 -2.9719005261e-02 8.7985126661e-02 4.2230967558e-01 8.2571639869e-02 1.5915705855e-01 -7.8759933638e-02 -1.4603339284e-01 3.7842347909e-01 -1.6505526982e-01 2.2977694558e-02 2.8353915507e-01 -3.8142135139e-01 -7.4865639032e-02 -2.7366276147e-01 9.6334391317e-02 1.4043054517e-02 4.9325059192e-01 -8.9951302069e-02 -9.8272609574e-02 1.7534566062e-01 1.7463047060e-01 -4.6499014613e-05 6.8607021011e-04 -3.3317225470e-03 6.0562138957e-02 1.7448033469e-01 3.4195625467e-02 5.0542627387e-01 -2.7109143852e-03 1.4749620990e-01
