-7.2791119834e-01
-1.8667167496e+00
6.8152608884e-01
1.5140271285e+00
-1.0718794443e+00
1.4922027236e-01
-9.2240713602e-01
5.5693298977e-01
-4.8189389188e-01
-1.5028336274e+00
1.2156877521e+00
-9.3351713378e-01
-2.1795670367e-01
-5.3566323771e-01
6.1550610706e-01
3.3617616979e-01
8.0659650346e-01
6.9505827742e-01
-9.9695934042e-01
3.3184072694e-01
1.2106596642e+00
-2.6339761540e-01
-1.9999406722e-01
4.3694208086e-01
-1.1756977407e-03
-1.1782325255e+00
4.0670570535e-01
-8.8064738022e-02
-1.2419306501e+00
1.7511378168e+00
-8.4410532104e-01
7.1429477857e-01
6.4197777547e-01
-5.3460004526e-01
-1.0491812539e-01
1.2718752717e+00
-7.3265015442e-01
8.9253320811e-01
-2.0040565542e-01
7.6215112626e-01
9.1208112022e-02
5.0603039423e-01
-5.0527842171e-01
9.2849624985e-01
5.5003773928e-01
-5.3063740384e-01
-8.0240672560e-03
-3.4207005404e-01
-1.8568792962e-01
-1.4642481709e+00
9.8067711370e-01
8.3547740388e-02
-7.7168521342e-01
-2.1173065315e+00
-7.5725982450e-01
-1.3150511824e+00
-3.7708712116e-01
-1.6489056210e+00
-6.6889300592e-01
-4.7990829629e-01
-6.5675236193e-01
9.9388674689e-01
-3.7992984729e-01
1.6722163060e-01
-4.1787262286e-01
1.9188676942e+00
9.8838608929e-01
-1.4463215371e+00
7.7170900174e-01
1.0124110482e+00
3.3512489152e-01
2.4569263177e-02
5.0264128327e-01
-3.0129610150e-01
-1.4736567746e+00
2.1566310148e-01
