9.3843856190e-02 -1.6458190773e-01 2.5469906838e-02 -5.0996937730e-02 -4.1982639045e-02 -1.7450017292e-03 -1.8859625334e-02 5.6026384501e-02 -8.0033700040e-02 3.0007975938e-02 -9.7797070696e-02 8.3029185279e-02 9.4880278968e-02 1.1235415959e-02 1.0308491052e-01 -3.0630146004e-02 -8.6403335435e-02 -1.3704949318e-01 -3.1933946428e-02 -6.1088492989e-02 -3.8628084077e-02 5.2046708902e-02 -7.6100306425e-02 -1.0149959662e-01 3.8621392067e-02 6.8799081711e-03
-8.3104309945e-02 -1.6293974679e-01 -7.5228818507e-02 -3.1578754889e-01 -1.0649714225e-01 -1.9346973734e-01 -1.4306122864e-02 1.4231450797e-02 -7.1229076503e-02 -2.3434669822e-02 -8.9396717805e-03 -1.3764218604e-02 -6.3869784665e-02 -9.2030442460e-02 2.2772907449e-02 3.6280198586e-02 -2.4636629454e-02 1.1848773043e-01 2.4815385008e-01 -1.4823621497e-01 -3.0493491760e-02 -2.9700442789e-02 -9.8481012678e-02 -6.0553079921e-02 -5.6327842953e-02 7.0494642223e-02
-8.9055913575e-02 3.6576365762e-02 6.7675610980e-02 1.8226168452e-01 1.8586421446e-02 8.1172381070e-02 -8.0969964268e-02 -8.3372479360e-02 -3.5367306340e-02 -1.1689392640e-01 8.0838657594e-02 6.1527664587e-02 2.2878901212e-01 -4.4369961178e-02 4.9806403612e-02 1.8770606551e-01 -6.9066298760e-02 -9.9877282009e-02 -6.0050923015e-02 1.7407694335e-01 -3.6504523287e-02 -3.5108888622e-02 -3.3763734644e-02 1.3402089098e-02 -1.9051984923e-01 3.0112817062e-02
-3.3827325398e-02 1.5344811076e-01 1.0203087529e-01 1.3036697228e-01 -1.3429030889e-04 1.3878166502e-01 1.5196313453e-01 -1.7540858150e-01 1.4070563826e-02 -1.7172400745e-01 -1.4073244833e-01 2.4181501651e-01 9.2532109883e-02 1.2750929405e-01 1.0407117258e-01 1.2125114981e-01 -1.5299504442e-01 -9.3298225893e-03 -2.7632961435e-01 -4.0562946578e-02 7.0507264828e-03 -7.6244449642e-02 -2.7788981414e-02 3.5222805606e-02 -4.5305022659e-02 4.4348186116e-02
8.8279999472e-02 -2.2256332486e-02 6.4853574885e-02 -1.4325105431e-01 -6.7492673049e-02 -2.3789512675e-02 1.7348090171e-01 -8.7693966570e-02 6.0514192521e-02 9.2474967447e-02 -6.0668860449e-02 -1.7838055817e-02 -1.2121154677e-01 2.1678881412e-03 -1.6305878647e-01 -1.7827403465e-01 2.0838025619e-01 1.6622813751e-01 1.1314656060e-01 -7.8342438506e-02 -7.8651610209e-02 -3.4139763237e-02 6.3452703218e-02 3.1349453240e-02 1.0983347406e-01 -1.0301611314e-01
5.1654851050e-02 1.0415699725e-01 -1.5548902425e-01 6.8741901823e-02 8.6284056027e-03 5.9168478111e-02 -1.5438248973e-02 1.3080265220e-01 2.0689066951e-01 1.9172361740e-01 2.5901886880e-01 -1.6682878067e-01 -1.6937045832e-01 -1.4496099518e-01 1.1977769013e-01 -7.8817737228e-02 3.8837948369e-02 1.1087711635e-02 8.9584439363e-02 6.6421800701e-02 3.0128576460e-02 -3.7667644075e-02 7.4735100694e-02 -5.9272262609e-02 3.5994093613e-02 1.1009196676e-01
9.7174705888e-02 -2.0230580305e-01 -1.0463811959e-01 5.0696455668e-02 1.1641009355e-01 3.3142494008e-02 -5.0967667835e-02 -5.5016719547e-02 6.4634847244e-02 2.0351529053e-01 1.2481117549e-01 -1.0427049436e-01 -9.6936531548e-02 -1.2429157466e-02 7.9305433173e-02 5.7878694991e-03 -1.1422364607e-01 2.5864879204e-02 1.8139097493e-02 -4.3556147049e-02 -8.8868976145e-02 1.5903652144e-01 2.3855272255e-02 2.1584943874e-01 9.9434291813e-03 1.4158377234e-01
5.9074065857e-02 -1.7485631400e-02 1.3067245242e-01 7.0030974054e-02 7.8375277600e-03 7.3598834743e-02 -1.0220684299e-01 -3.5512369515e-02 -2.4901829342e-01 7.2494439114e-02 -1.3574920890e-01 3.1175376981e-02 1.7706946519e-01 9.2658402730e-02 7.6246263469e-03 9.9462333855e-02 -3.4087545271e-04 -1.0197632855e-01 -6.9460839573e-02 1.2864165910e-01 -1.3913541989e-01 1.7119938989e-01 -5.6557203445e-02 -2.3676914081e-02 2.5477922342e-02 -2.6521215674e-01
1.3660314895e-02 -1.2247771652e-01 -8.6151420508e-04 3.0371589543e-02 -2.5256045382e-01 9.8421099041e-02 1.2919228912e-03 -2.3874685007e-01 -2.8238873013e-02 2.0035855166e-01 2.7884546739e-01 1.7367215669e-01 6.3896686234e-02 -2.7077891083e-01 1.8992596766e-01 8.3402687138e-02 -1.7639824580e-01 -1.9815459894e-02 5.9024321598e-02 6.7376435589e-02 -2.9152491608e-01 -5.1992110294e-02 4.5936392696e-02 1.4472251431e-02 -2.4383012349e-01 5.5051695551e-02
-5.5733586634e-02 7.3997626030e-04 1.8370268965e-01 -1.9302145259e-01 5.6940701529e-03 -2.8471310042e-01 -5.4524258777e-02 -8.9598173129e-02 2.0746224656e-01 8.2446416724e-02 4.4731773468e-02 -7.3620476850e-02 1.7314251015e-01 1.1801216823e-01 -1.7636894895e-01 -8.0167434244e-02 9.5022508379e-04 9.0620028707e-03 -2.2941072173e-02 2.0358025652e-01 2.2930996607e-01 5.1882213770e-02 1.7108006040e-01 -3.1243929609e-02 -1.1210613417e-01 -1.0833040434e-01
7.2758976212e-02 -1.7312373682e-01 -3.4270012004e-02 -1.2786195320e-01 2.6970766209e-01 1.8825210795e-01 -1.7280112531e-01 1.1780442203e-01 -5.5972441711e-02 -1.3294138995e-02 -2.3058438234e-01 -2.4690823011e-01 -9.7618878636e-02 -8.5993483521e-02 -1.6481085120e-01 -1.7350088435e-02 -1.6874927934e-01 1.6171937029e-01 1.0220320879e-01 -2.2451730808e-01 9.9037361452e-02 1.5127830996e-01 1.3262777107e-01 -1.2609197458e-01 -4.7687657214e-02 -7.0519890223e-02
8.0022645180e-02 -9.0516775785e-02 1.7078287073e-01 4.3696852224e-02 1.1894773084e-01 -1.7604680955e-01 1.1067661391e-01 -1.3198236915e-01 -1.8428203860e-01 -4.6956968157e-02 -2.3419724895e-02 2.9331310260e-02 -1.5319853516e-01 1.7483157811e-01 9.1087077872e-02 1.2698455700e-01 2.7406711448e-01 1.2992894668e-01 -9.7161785104e-02 -2.8557443857e-02 -1.1575446006e-01 3.2074599270e-01 5.6467525448e-02 5.2636030508e-02 -1.9864626595e-01 3.3385140819e-01
2.5357761299e-01 4.2257723457e-02 2.8445960154e-01 8.9473552245e-02 1.8062523619e-01 -1.2964018462e-01 -2.0559776320e-01 6.8584807816e-02 6.1575032141e-02 1.2962377202e-01 -1.2967401850e-01 -7.1471015770e-03 -6.9461154833e-03 -7.2379312568e-02 -5.6106887778e-02 -2.3139593671e-02 1.9971976818e-01 1.9644521515e-01 6.9488376300e-03 -1.6614748028e-01 3.4727877458e-01 -1.4727017339e-03 5.5674412371e-02 -4.3743284603e-02 2.1664441986e-01 -3.0192885950e-01
