-5.2751800940e-02 -2.0288961914e-02 4.4907721734e-02 -7.6347852461e-02 6.0321643347e-02 -9.7873680883e-02
3.5235651383e-02 -9.2285916890e-02 -2.0112984663e-02 5.1496213084e-02 4.9147295840e-03 -5.1626542147e-02
9.4582394505e-02 -7.0561209469e-02 -1.0832471597e-02 4.7166021103e-02 -4.4899113169e-02 -3.3555983910e-02
3.8646130303e-02 -1.0678756687e-01 -4.9795101421e-02 9.7915481583e-02 -1.5782770980e-02 -4.3801077452e-02
1.4046578634e-01 8.7741027873e-02 -3.7686682783e-03 1.9187981029e-02 -1.2100707348e-01 -5.5304153358e-02
-8.9393215309e-04 -8.8822489458e-02 6.0425833779e-02 2.2141581432e-02 -9.6200608115e-02 -6.1979404649e-02
-7.8817642425e-02 5.8165970659e-02 1.3641440444e-01 -8.6717499805e-02 1.2713034511e-01 -5.3760178207e-02
-5.7306062327e-02 3.5802619044e-02 3.4316384624e-02 -1.0104831823e-01 1.7967758334e-02 -6.8451526163e-02
-8.1796114281e-02 4.2184136049e-02 -6.7528106078e-02 3.2125402079e-02 1.7194693904e-01 -1.4520901699e-01
2.8689673415e-02 -5.0262144199e-02 6.3310390043e-02 5.5420596970e-02 5.2664882452e-02 1.2446246486e-01
-3.7695434557e-02 -6.9037804151e-03 -1.3284860972e-01 -1.0554816133e-01 1.4763582446e-01 -1.4118916521e-01
-3.8367539455e-02 2.4469566711e-01 8.5855470699e-02 7.2982028726e-02 -8.1015774302e-02 2.5092006216e-02
1.1015044699e-01 1.1588395292e-02 4.0639543106e-02 -3.2114054258e-02 4.4882336824e-03 -1.5501430540e-01
-3.2323324954e-02 4.1807456525e-02 -4.8689975265e-02 -1.9533871907e-01 -2.7945281444e-03 -9.8211625643e-02
4.4629668303e-02 1.7372297462e-03 1.0538967695e-01 -2.6987347348e-02 -1.3220020401e-01 6.6486819032e-03
8.7213184030e-02 -9.2795978444e-02 4.8580100065e-02 3.8934115458e-03 6.3883317830e-02 2.1298578477e-02
-8.9676295448e-02 -9.5685101685e-02 1.1087938473e-01 3.5218700040e-02 4.4080967326e-02 1.5233887820e-01
-9.7191748068e-02 1.6171303576e-01 -1.0032518637e-01 1.6049461385e-02 -3.2749170139e-02 3.7151974162e-02
5.9209104326e-02 2.9574175254e-02 6.7465043682e-02 3.9171877669e-02 4.0138759125e-02 -2.2842578972e-02
9.2580900323e-02 7.9137092032e-02 -2.0908207777e-01 -1.2808425110e-01 -7.9271414779e-02 -8.3460232905e-02
1.2352537506e-03 7.2666957130e-02 8.3021617950e-02 1.2791826037e-01 -8.4643114580e-02 8.5693494282e-02
-7.0739442464e-02 1.0511830425e-01 -1.1109781080e-01 3.4535800355e-02 -1.0915341379e-01 -1.2564488767e-01
7.4284113676e-02 -6.3333816241e-02 -1.3895827532e-01 -1.2189927418e-01 6.0268113963e-02 -8.4477090213e-02
-5.8720556278e-02 6.8064625434e-02 2.6763531283e-02 1.7900217714e-02 4.3150558383e-02 -2.3513188264e-02
-7.6435507473e-02 -5.1587558607e-02 6.9593204487e-02 -5.0883717055e-02 8.5640751618e-02 -7.1022700177e-02
9.2608915198e-02 -1.0393731409e-01 -3.9052539188e-02 -4.4468235163e-02 6.7019233933e-02 -6.2088157279e-02
1.6059965265e-02 -1.0356820017e-01 -2.7263345929e-02 1.4150445325e-01 -8.5053453698e-02 9.0225284518e-03
2.7248151215e-02 9.6921766986e-02 9.8815632424e-02 -7.3313028739e-02 5.8747748987e-02 -2.1996528967e-03
4.3172601965e-02 -4.6633292733e-02 3.9716303811e-03 -8.8686515988e-02 4.6449706752e-02 1.1827477053e-01
-1.9267879552e-02 2.0510985260e-02 2.1805236695e-01 2.0800032621e-02 2.1814750302e-02 5.8098442579e-02
-7.9577392796e-02 1.6497388423e-01 4.4608343614e-02 3.2135609765e-02 1.8072343330e-02 -9.3457289368e-03
9.0817562035e-02 -5.3609294299e-02 8.7105221972e-02 -9.1898868617e-02 4.5527040796e-02 1.1318353896e-01
-1.1350364321e-01 5.3802622156e-02 1.0253026678e-01 -1.1948171710e-02 -1.4007859489e-02 -5.2911510084e-02
3.8437737140e-02 -3.9663979491e-02 -1.3541503577e-01 -9.9596210356e-03 -1.5709074055e-01 -9.0629710598e-03
-6.7995213904e-02 -8.0423508847e-02 -6.2209210623e-02 1.8675982099e-02 -2.9671198948e-02 -7.0244809309e-02
2.3490609353e-01 2.5805461353e-02 9.3741456069e-02 -1.2315718196e-01 5.6009901545e-02 2.0077245317e-01
3.3301231756e-02 -1.3817486913e-01 1.6857469947e-02 -3.1312073832e-02 4.6405317573e-02 5.8040196423e-03
7.3925083152e-03 7.3997728115e-02 -6.2854278291e-02 -9.8533552439e-02 -3.7350413423e-03 -1.3691348790e-01
-1.0759327262e-02 -8.6919060750e-02 -1.8211533189e-01 6.5907015997e-02 9.6279292569e-02 1.1411247657e-01
9.9956589542e-03 1.4096298162e-03 2.9298205724e-02 -1.5684817635e-01 -8.4549117628e-02 1.7054130363e-02
-2.1908847494e-02 -4.8988177846e-02 -4.7698237345e-02 5.0468663919e-02 2.0571115312e-02 9.0413164910e-02
8.2165530923e-02 -1.1967235492e-01 -1.0448790167e-02 -6.8488920659e-03 7.4813066930e-02 2.9295727044e-02
-1.1527818813e-02 5.5614017272e-02 2.0262267513e-02 -7.4485236269e-03 1.5458212968e-04 3.2959408230e-02
1.7557187071e-02 3.5121160827e-02 -1.4554719137e-02 -1.2454611172e-01 -1.1538731706e-02 1.1908360053e-01
1.3835589421e-01 -1.4812647277e-01 1.0544642843e-02 1.2942910212e-01 4.5646422086e-02 3.4004655547e-02
7.1957500176e-02 9.4116102522e-02 -3.7495407345e-02 3.1344328611e-02 -6.7102466419e-03 -1.3456798352e-02
3.2555247855e-02 -5.3270850877e-04 2.0804540376e-01 8.1241074558e-02 2.7985720178e-02 -1.2853248447e-01
-1.0025210011e-01 -1.4399694323e-02 7.8186965516e-04 -1.3548858283e-03 -4.1259198103e-02 9.6741556020e-02
2.8182767697e-02 1.5311553401e-01 -6.5094339815e-03 9.3643229716e-02 -1.0171829089e-01 -5.5814315760e-02
-1.2623791138e-02 -4.0180658525e-02 7.4789462651e-02 -1.1822432715e-01 5.5634440371e-02 -1.0452448534e-02
-1.7874096687e-02 -6.5901755996e-03 6.3842791339e-02 5.2578929745e-02 -8.5301633472e-02 1.8431412224e-01
-3.5123920759e-02 1.1529509468e-02 -8.6451429866e-02 1.1635021848e-01 4.4649538188e-02 -5.7621610881e-02
-6.8693137987e-02 2.0039600095e-02 -3.2712752873e-02 4.7503079591e-03 5.1475072408e-02 8.3986293823e-02
6.9251650696e-02 -6.5047294037e-02 1.2424604110e-01 4.2425800105e-02 4.2516268372e-02 9.2864999879e-02
-5.0201773557e-02 6.1702843577e-03 -1.8931643797e-02 -1.1992272764e-01 -1.0101078710e-01 -2.5982884677e-03
-1.9682008085e-01 1.3736620287e-02 4.5035419610e-02 4.0933374323e-02 8.9175130860e-02 -5.7875974725e-02
3.8364463623e-02 -3.6733522402e-02 7.7208187009e-03 -1.1863979687e-01 8.1267855006e-02 -9.0501355721e-02
-4.7361651760e-02 -1.2176132146e-01 2.6959830523e-02 1.0112654809e-01 5.6555941034e-02 -5.5796220730e-02
-6.2914542934e-02 1.0800515724e-02 8.8806378199e-02 5.4098953400e-03 -1.2863931082e-01 -1.7861805153e-02
-1.8828489403e-04 -9.8425010702e-02 7.7936659878e-02 1.0287445075e-01 -8.0925077994e-02 -5.3709864679e-02
3.2961912836e-02 1.6866591562e-02 -9.1716108611e-03 -2.3495019659e-01 -8.5684529446e-02 -3.1972572664e-02
-4.1729994633e-02 -5.0498738423e-02 1.2590811562e-02 9.9838723028e-02 -5.3740573663e-02 -5.6289034997e-03
1.2274157421e-02 3.1710576368e-02 7.0456993693e-02 -1.1962362384e-02 -1.4638308866e-01 4.7679126154e-02
8.3756982663e-02 -5.4639412795e-02 -1.0571856179e-01 4.6958347423e-02 -3.4930934187e-02 -1.5496288033e-01
5.5935232416e-02 5.8956851823e-02 -4.8588931117e-02 3.2006304039e-02 -7.7100277540e-02 1.1060367704e-01
1.9451848178e-02 9.7094388364e-02 8.9291850673e-03 -4.6099107733e-02 -2.6404200395e-02 -9.6671604501e-02
8.6933972045e-02 -1.1010747716e-01 1.1975661249e-01 -4.4701859401e-02 -4.5645223256e-03 1.0612073049e-03
9.6798745319e-02 1.8622165390e-01 -5.9276840465e-02 -3.6664766170e-02 -9.4478177766e-02 -8.4933709556e-02
-5.9277073257e-03 -1.0725911510e-01 1.0802808408e-01 -1.0321469250e-01 -5.1159885792e-02 -2.5871592691e-02
-4.0274489996e-02 -2.6429760954e-02 -1.3110177834e-01 4.6121077143e-02 2.7229873577e-02 -7.8652749550e-02
-1.0564416364e-01 -2.3288441986e-02 3.6915136353e-02 3.2666135837e-02 6.7350346149e-02 8.9394036658e-02
8.8849549532e-02 -4.6095831973e-02 1.8161175828e-02 8.7158588830e-03 8.1046770199e-02 -6.1215941508e-02
-4.5991387396e-02 -2.0824941603e-02 -6.6930138335e-02 -3.5415695190e-02 2.3582344608e-03 -1.3474869054e-01
1.3184542929e-01 4.7411856902e-02 -5.3670420120e-02 -1.5563338138e-01 1.6832393299e-03 -5.8258110081e-02
-1.9090590444e-02 -6.3991363921e-02 1.5138929058e-01 -1.4996113206e-01 -1.3983766055e-01 2.1849437844e-01
1.3279733085e-01 -9.2538963480e-02 -1.5531745391e-01 -3.8796054693e-02 -4.9293823697e-02 -1.5160308045e-02
-3.0672101037e-02 -1.1614393668e-01 -1.1314668164e-02 -1.1885553934e-01 6.7370802342e-02 -1.8427898792e-01
5.8030854283e-02 -2.8532447597e-03 -4.6509903652e-02 7.8232334463e-02 -6.1698275818e-02 -1.2854515657e-01
2.5650717131e-02 1.4217238557e-01 -5.6854067344e-03 9.7364623271e-02 -1.0236006128e-02 2.7459146659e-02
1.5558004257e-01 2.1523154653e-02 -2.5157591568e-03 -1.0636688540e-01 6.6332583305e-03 2.9156438141e-02
2.6908625241e-01 -8.0448216594e-02 2.1003815653e-02 -9.8215386983e-03 -9.5869966968e-03 3.8764793108e-02
2.0630537974e-01 -1.9981594026e-02 9.6267266357e-02 -5.6154343405e-02 7.7227476897e-02 -1.0218307324e-01
-6.8472792877e-02 -8.8993449041e-02 8.6270146830e-02 3.7489139108e-03 1.1956344337e-01 1.0982663497e-01
-9.1887072091e-02 -5.9185725265e-02 1.7177980828e-01 -2.7734583839e-03 -4.1433790223e-02 -9.3381150545e-02
-7.4948495784e-02 -6.8581173772e-03 -1.5631914677e-01 -2.6407398123e-02 2.0566245708e-01 -1.9568789614e-03
2.3002456175e-02 -2.2919338309e-02 7.9073378669e-02 6.3464833553e-02 -1.9718245665e-02 5.8823912899e-02
7.3702554813e-03 -3.1107166215e-02 3.9635600413e-02 -3.0376624612e-02 -1.4372664092e-01 2.0676602851e-02
-6.4510949159e-02 4.0166160418e-02 3.3802178470e-02 -1.1961911847e-01 -1.8643912398e-01 -2.2456631655e-02
-1.5404518279e-01 -1.7509855772e-02 -8.3524120662e-02 9.0794495908e-02 -5.9487575540e-02 -1.4662936249e-01
2.1159652095e-02 1.9235623159e-02 3.9323298678e-02 -1.2480374528e-03 1.6353705092e-01 1.1329220408e-01
-1.7971228523e-01 4.2175154557e-02 3.4188486826e-02 -7.4793210594e-02 -5.3314470837e-02 1.3583014233e-01
-3.5509444343e-02 3.1324717784e-02 -8.9538009479e-02 -2.4426498379e-01 4.4174305189e-02 1.3713353879e-01
-7.0203181280e-02 -1.2246789590e-01 6.9416834537e-02 1.4826261609e-02 -8.2086911084e-03 1.3876267059e-01
3.0662590239e-02 9.9440742073e-02 -5.7677091746e-02 -7.5405655696e-02 -1.4103011914e-01 9.2754422864e-03
-1.5595997298e-02 -6.9493946460e-02 1.1038865044e-01 7.9911950677e-02 7.6483758590e-02 -1.8547431165e-02
4.1552520265e-03 5.7347518845e-02 -9.4703815948e-02 -6.4530964698e-02 1.2511581307e-02 1.2257240727e-02
-1.7418308781e-01 1.4653383702e-01 -1.1542599058e-01 8.3016892684e-02 8.4238036730e-02 1.0367330477e-02
2.7220731932e-02 1.2778298347e-01 -1.7095645892e-01 8.8354797203e-02 5.8280370535e-02 3.5305862425e-02
7.1867527656e-02 -6.4317387502e-02 -4.6011162634e-02 -9.5884304118e-02 -7.0848235789e-02 1.6478408671e-01
-7.0613103866e-02 -6.1882229328e-03 -1.5498526775e-02 6.2261435489e-02 -4.3521214764e-03 -1.4091844748e-01
8.2182137994e-02 -9.7212218293e-04 1.1020304640e-01 4.4288856836e-02 1.4248561398e-01 -1.5881934720e-01
1.1848836143e-01 -1.0233510944e-02 -1.6540677545e-02 1.0999024354e-01 7.4447472019e-02 1.1043350949e-01
1.0562088334e-01 3.4756746845e-02 3.7795918556e-02 8.0885202929e-02 2.0267906682e-02 -6.4581445296e-03
3.8395858088e-02 7.8517155265e-02 -5.1558216050e-02 7.2558771123e-02 -1.0378920913e-02 7.5231951759e-02
-7.4238414160e-02 -5.3716904436e-02 -1.3359822330e-03 4.4675417789e-02 1.1507952514e-01 4.6832286479e-02
2.6210402236e-02 -1.8164379522e-01 -1.0284298996e-02 8.4348371063e-02 -1.2683258908e-01 -5.4788689830e-02
-6.5312708375e-02 1.0659311843e-01 -1.1542609188e-01 -7.2796813922e-02 -4.3208334740e-02 -1.1590704952e-01
-1.2433286520e-01 -1.4376432065e-01 -2.4370182418e-01 -6.6104711351e-02 -6.9287312867e-02 3.1432094780e-02
4.3037785248e-02 -5.6356400138e-02 1.9846283486e-02 6.1476253491e-02 3.1767974018e-02 -7.9048435227e-02
2.5959270665e-02 4.4400039944e-02 -9.0297448055e-02 1.5408044215e-01 5.9490560719e-02 -1.5529405444e-01
6.1788057751e-02 6.9809790623e-02 2.2230640396e-01 -4.7556646377e-02 4.8763777551e-02 -1.5261715821e-01
