2.2604644529e-01
-7.9414772364e-01
5.9656176329e-01
2.9020393800e-01
1.0719096820e+00
5.0235638545e-01
1.7205410662e-02
1.2887979607e+00
7.8603256683e-01
-6.9940633910e-02
1.5741117919e+00
-8.1364305304e-01
8.8376434522e-01
-8.6742468368e-01
7.0087061849e-01
8.0202050609e-01
-5.5504075326e-01
7.5366374459e-01
-8.5505466358e-01
5.8165802682e-01
5.2245649575e-01
-1.0182755188e+00
-1.0481451462e+00
1.2066693746e+00
1.5192542836e+00
1.5982895422e-01
6.5774384093e-02
1.1417075984e-02
1.3439924714e+00
1.0247088542e-01
-9.9563126407e-02
7.8895267407e-01
7.4899654554e-01
6.8204033330e-01
-6.9187554634e-01
-8.0371152326e-01
1.3253534336e+00
1.2643675827e-01
6.4404872532e-01
