-5.7630723210e-02 -9.3693141350e-02 -8.3011544085e-02 1.2523871626e-01 1.7918884767e-01 2.2010545065e-01 -6.3863756737e-02 -1.4943467598e-01 -1.5665278994e-01 -3.9799330638e-01 -1.6801653757e-01 8.5294849352e-02 -1.2541771855e-01 -7.3834988728e-02 1.4554776223e-02 1.3651770297e-01 -8.6564979420e-02 -3.1919551790e-02 1.4774718084e-01 -6.4880622513e-02 -1.3268986874e-01 -1.3306165527e-01 4.5827361850e-02 1.8057193294e-01 -7.8571041292e-02 9.4620856057e-02 1.7611504667e-01 1.3764283871e-01 4.1739558626e-02 -2.0691175806e-01 6.4546928271e-02 -2.9302607385e-02 -2.5888363080e-01 4.4839685564e-02 2.3545641460e-01 1.2323678082e-01 -1.1466699275e-01 -4.6597462162e-02 -6.2274931390e-02 1.0153939403e-02 -1.0760962170e-01 8.1367629321e-03 -1.1469480896e-01 -8.8845927685e-02 5.7872027997e-02 1.1173581025e-01 1.9843849775e-02 -5.3145674678e-02 -5.6847083940e-02 1.2901971339e-01 5.5816369525e-02 -1.5898632797e-01 -1.1972540694e-01 -8.8870533565e-02
-1.7530408678e-02 1.3415907974e-01 -2.3357797924e-02 -1.2278538654e-01 -1.0145520005e-01 1.0591313624e-02 8.1572570530e-02 -3.3083349626e-02 -5.2798306359e-02 -5.4699558076e-02 1.7937166091e-02 -1.3273032725e-01 2.4535566308e-02 1.9879234646e-01 -5.4432462946e-03 7.1601538325e-02 6.5277291743e-02 3.2999525061e-02 1.7360144903e-01 1.7879168544e-02 9.1450897788e-03 -1.3721480032e-01 1.2177572927e-01 -3.7395746843e-02 -1.4784399768e-02 -3.2218283619e-02 5.7314818782e-02 1.8834128668e-01 6.1156743773e-02 -2.6285873414e-02 -1.4718642202e-01 -2.1751874436e-02 -4.3620951280e-02 1.6637050679e-02 8.6601950411e-02 -2.5136343787e-02 2.0518148870e-01 -3.9853187545e-02 -6.9403910918e-02 -5.8242993409e-02 -2.2286076056e-01 1.0207300517e-01 5.1340343354e-02 -2.9643714165e-02 1.0808286121e-01 3.3967309041e-02 6.2145404214e-03 -4.3927261058e-03 -5.6476563532e-02 -8.9460484709e-02 -2.0341714487e-03 -1.5041447303e-01 -2.2950367818e-02 1.0095953348e-01
9.8392387340e-02 -3.3094775863e-02 3.2699551012e-02 -1.4163903836e-01 -1.1868155828e-01 -2.0241675210e-01 -9.9624539116e-03 -1.2062053317e-01 -8.5233700280e-02 -1.1850343352e-01 -7.5997392455e-02 8.6355979203e-02 -4.6727702349e-03 5.6417891440e-02 5.1324935501e-02 3.6058708963e-02 -5.1100698586e-02 8.2393139737e-02 -8.2541638667e-02 -7.5468294809e-02 -1.0208049097e-01 8.7454255391e-02 -5.8329444428e-02 -3.5658325683e-02 1.2192518878e-02 -2.3321614600e-01 1.7729118007e-01 4.4242042069e-02 3.3036758796e-02 1.5573116968e-02 7.0060651592e-02 -3.6034529788e-02 -6.6557193694e-02 1.1222903495e-01 9.9794385940e-02 1.5046211567e-01 -8.3768946302e-02 -2.2522250237e-01 1.2663622244e-01 -2.2833678024e-01 4.0295533889e-02 1.8193760156e-01 8.2627208586e-03 -1.6304395113e-01 4.5284630890e-03 -1.8935953367e-01 7.9056874240e-02 2.9998738497e-03 1.3086168228e-02 5.9775544106e-02 -3.4153006359e-02 -1.2453192648e-01 2.6374367853e-02 -2.7287992428e-02
-9.6102132837e-02 -1.8884934434e-01 4.4218091637e-02 -1.0416359748e-02 -2.1714631669e-01 1.5822174146e-01 -8.1780862262e-02 -9.9177078372e-03 5.9651541033e-02 3.0349950458e-01 3.8595683168e-02 -1.0836550126e-01 5.1365356627e-02 5.7537655102e-02 -7.2365432409e-02 5.5700636991e-02 1.8168946787e-01 -2.5183051810e-01 5.1794302953e-02 -9.1938857472e-02 -1.9533467161e-02 -4.2387584376e-01 -7.5395274431e-02 -1.1000994250e-01 2.7370360374e-02 4.7802311651e-02 -1.1713731388e-01 -1.7208386563e-01 3.1330672064e-03 -1.0251227594e-01 1.7241856913e-01 5.9053282634e-02 4.9477922813e-02 5.5263810794e-02 2.5952666531e-02 1.3358382225e-01 -1.6238115264e-03 -1.8024824577e-01 1.3682563705e-01 -6.7031603782e-02 -1.4484824377e-01 4.3066083746e-02 -2.2706403146e-01 -3.1038860763e-02 2.7795957617e-02 -1.2566141091e-02 1.0575245939e-01 1.5184353136e-01 -2.9240798370e-03 5.5446332757e-02 -4.1670820584e-02 3.9189157796e-01 -2.6485707542e-02 3.4814527225e-02
6.8323661059e-02 4.8849161321e-02 5.1575201732e-02 -1.9092051102e-01 -6.6385519747e-02 -1.6913137012e-01 2.9600318353e-01 -3.2434454486e-02 -7.8291294901e-02 6.8293063070e-02 1.3391366208e-01 6.9191006599e-02 -1.9185776714e-01 1.2696288179e-01 1.6138929862e-01 4.7049451097e-02 -1.8319986385e-01 1.2310015241e-01 -3.5683908026e-02 3.5538176601e-02 -3.0215693778e-03 -4.5112923685e-02 1.7119182357e-01 -7.7168714881e-02 -8.4182894470e-02 -1.8972492271e-01 8.0943489169e-02 1.6114231548e-01 8.2583170840e-02 -5.9307711443e-02 -1.7744333577e-02 -1.4230976010e-01 9.6500391821e-02 -1.3151078327e-01 8.7663182421e-02 -2.0314448957e-02 4.0249674384e-02 2.7310911198e-02 2.0400636127e-01 -1.1721146679e-01 7.5427717670e-02 1.2312734081e-02 -1.3513213686e-01 4.5413491870e-02 -2.6339363543e-03 -4.8488922148e-02 -2.0794895978e-02 1.3214780139e-02 -5.8220830088e-02 1.1060434948e-01 1.2609056810e-01 8.6142108747e-02 1.6267546894e-01 -8.5729528415e-02
-2.0184553878e-01 -1.4587587549e-02 -3.1697157839e-02 1.4377354255e-01 -1.2160018814e-01 7.6472816607e-02 3.4341141203e-02 -2.4068078570e-02 4.1638700669e-02 -7.0024796605e-02 7.7088395093e-02 -4.2762361441e-02 6.1216232068e-02 -7.1438041669e-02 9.3309357031e-03 -1.8151511744e-01 -1.4607270523e-01 2.0340596163e-02 5.3426725992e-02 3.9783132997e-02 -4.4337237163e-02 1.4034520858e-02 -2.8188373364e-02 -4.7086513592e-02 -4.2901152542e-02 1.3465212042e-02 -4.6557055036e-02 -1.2018251217e-01 -5.0077643963e-02 -7.6449732508e-02 2.2124823877e-02 -6.5307980285e-02 -5.8561956771e-02 4.8074747800e-02 1.7584039899e-02 -2.8647379882e-01 1.9572000063e-01 6.0908938399e-02 2.3604182654e-02 -5.3124628663e-02 -2.7189581421e-01 -3.0490242178e-01 5.1994201892e-02 8.4570291049e-02 -7.3288793578e-02 1.1765001222e-01 1.6834964325e-01 -2.6933332442e-02 4.2672639462e-02 1.4262831685e-01 -1.7010957170e-01 1.1306957807e-01 -4.3017365435e-02 4.9357839595e-02
2.3356682092e-01 9.4688801925e-02 3.7059782711e-02 -6.9296281215e-02 -1.0569993881e-02 5.0794974681e-02 2.9996832661e-02 -1.8726742604e-02 -4.4594230805e-02 -1.9806884998e-01 8.3951015004e-03 1.0068406123e-01 -1.5999641657e-01 4.2762504846e-02 6.6425331339e-02 -3.6287216150e-02 -6.1082687006e-02 1.1997004034e-01 -2.9996071793e-02 -2.8630849389e-02 4.2077826083e-02 2.0552563617e-01 -1.8059692408e-01 2.4152160165e-01 2.0193857803e-01 7.9676133287e-02 6.7777805525e-03 -3.1807837108e-02 6.1518582112e-02 -1.7214015640e-01 -1.7530312456e-01 -4.8469878232e-02 3.2671069622e-02 3.3717641967e-02 5.5006590466e-02 3.0266652756e-01 -2.2428566105e-01 -5.4696927407e-02 -3.8519512472e-02 5.4318482999e-02 5.1055501910e-02 -4.1026652405e-02 6.8356709676e-02 -5.3283322174e-02 9.3690379289e-02 -7.0086366501e-02 -2.4218136353e-02 -2.1005487103e-01 -3.2428260768e-01 -8.2219104972e-02 1.0543030583e-01 -4.3037326236e-02 1.4232853604e-01 1.0676714051e-01
1.6251958724e-02 1.5312240492e-01 -1.0825979726e-01 6.8755944303e-02 2.1293733398e-01 -2.6842358509e-01 2.3989937603e-01 -1.4715883809e-01 1.8668664525e-01 -1.0926292031e-01 -6.0657910680e-02 1.6832351714e-01 -1.0315507030e-02 -3.2192435436e-01 4.2029620174e-02 5.1713621249e-02 7.8413555307e-02 -1.4079723678e-01 2.1854393807e-01 -1.2493754582e-02 1.5438707780e-01 -4.7589461374e-02 -1.4868933599e-01 -5.1120989604e-02 4.4380204498e-02 -1.6423689625e-01 1.8850462550e-02 5.7229572070e-02 4.5982949556e-02 -3.1457196801e-02 3.7297991428e-03 -2.2821166452e-01 8.0809705965e-02 2.1924303629e-02 -5.7913334439e-02 -2.4617241704e-01 -3.4854530536e-01 8.0622423095e-02 1.0122170257e-02 -2.9273205486e-01 8.1651638704e-02 3.8172639794e-02 2.4091517909e-01 1.1234898423e-01 8.7239663120e-02 -5.2178090495e-02 5.9644462973e-02 -1.2760013496e-01 -4.5240756274e-02 9.1488810033e-02 -1.2821956848e-01 -4.1957114740e-03 1.7967915542e-01 1.5808514101e-01
-4.2707249439e-02 -4.0507229591e-02 -1.5131710725e-01 3.3859653307e-02 -5.4205157562e-02 -9.3757995519e-02 -7.7699236607e-02 1.1463288350e-01 -2.4608756078e-01 1.9459727556e-02 -1.6116818109e-01 6.8038233207e-02 -1.6330413825e-02 -2.7309287736e-02 -1.2312777414e-01 1.5995241368e-01 -1.8879815685e-01 2.6954845412e-03 1.2751227588e-01 6.1520798865e-02 -1.0965777293e-01 1.4519838026e-01 -5.2308555601e-02 2.0067220340e-01 4.0595755198e-03 -2.1019800248e-01 6.6299627265e-02 4.4946711854e-02 -2.2712312009e-02 -2.7942003039e-01 8.7733330375e-02 9.1679444395e-02 2.8761987318e-03 7.7605932232e-02 -4.9634757746e-02 -3.0783972596e-02 1.1885061709e-01 1.2198396475e-02 -5.2699274323e-02 -2.0508701298e-01 -4.3428873920e-02 9.1387785415e-02 -5.8245044415e-03 -7.4490431044e-02 2.7069593126e-02 -3.4310170363e-02 -7.7762495408e-02 1.5296733508e-01 2.2919751461e-02 -1.4538358770e-01 3.6168029342e-02 -2.6696079811e-02 8.3033921442e-02 -9.6860145926e-02
9.1947346298e-02 -1.6886075575e-01 1.5815185259e-01 1.4671284682e-01 3.1523759516e-02 -1.5600378070e-01 -2.0328484652e-01 -1.5533970896e-01 2.9944254260e-03 2.5188109632e-01 -1.5599143368e-01 -4.3339245564e-02 5.9240321462e-02 -1.4924766228e-01 2.0696626755e-02 4.6460978862e-02 -5.0137847899e-03 -1.6562848218e-01 2.9598185002e-02 1.0975180616e-01 -1.1183995676e-01 1.5668626686e-01 -4.0442543588e-03 4.8874612209e-03 1.4028752497e-01 -7.1407623849e-02 -1.0859561520e-01 -1.3787189341e-01 2.4270793325e-02 1.8463055255e-02 1.4672836571e-01 -2.1561494734e-01 1.3545539987e-01 -9.1209881217e-02 -8.3569410918e-02 -7.5253675061e-02 1.7838989434e-01 2.0197125178e-01 -2.0836718222e-02 -1.3291068738e-01 -1.1283923030e-01 -1.1315845754e-01 2.1871537325e-01 1.6964990855e-01 -2.3124449123e-01 -2.5872603904e-02 -2.6667640420e-02 -2.6227991389e-01 -2.4646591255e-01 2.4346210177e-01 2.9259713201e-02 -7.9077021117e-02 4.8963396979e-02 6.7772136165e-02
1.1774127651e-01 1.0560473370e-01 1.1029037922e-01 -1.5280129758e-01 -2.0233738271e-01 -1.8818387605e-01 -1.3625614887e-01 -3.3546036573e-02 1.3190830573e-02 -1.1861350428e-01 1.3694795679e-01 9.4601847312e-02 -9.1854171946e-02 -6.7713724502e-02 -5.8320244334e-02 2.4411097946e-01 4.5495402734e-04 3.3446376856e-02 -8.5036307101e-02 4.1331893180e-02 -8.1407242314e-02 4.0065065992e-03 1.2733772200e-01 -3.1367019025e-02 -1.4744654473e-01 5.4615527402e-02 1.0394406380e-01 -3.5991023193e-01 -1.3592744682e-02 5.4598223515e-02 -1.6296168585e-01 1.6489235438e-01 3.6562487016e-02 1.0686841158e-01 -1.1645938744e-02 3.8780557287e-02 -6.8694800407e-02 9.9934829566e-02 1.5496849531e-01 5.9184657055e-02 6.4206259825e-02 1.4710464350e-01 2.7689466122e-01 1.0524354585e-01 3.8241328786e-02 8.9871979045e-02 1.8281727450e-01 1.6475601270e-01 2.2023441476e-01 1.7601081640e-01 -2.1020933965e-02 -3.7150003139e-02 3.3325898865e-01 -9.1665715706e-03
9.6843456179e-02 -1.0454236425e-01 -6.0962043125e-02 -2.4839548496e-01 3.4139571946e-02 8.9317676603e-02 -2.3022869557e-02 -1.1911093971e-01 4.0773601386e-02 -1.3518226678e-01 -2.2113093189e-02 1.4749049144e-01 6.6034823960e-02 6.1118825435e-03 -1.2120582416e-01 6.6744931389e-02 1.3035582688e-01 -8.8100206983e-02 -1.1585285507e-01 8.1899836107e-02 -1.5337923984e-01 -1.9937251225e-01 7.1854897644e-02 -1.2089779458e-01 -8.8139630097e-02 -1.9236005175e-03 1.0173675522e-01 1.8907337206e-01 1.9269623600e-01 -4.5650241869e-02 -1.8166054190e-01 1.4883820125e-01 -7.3652297099e-02 -1.0918529045e-01 1.7777122599e-02 -1.8479954222e-02 -1.8572785920e-01 -9.6232096937e-02 -9.5680116439e-02 -2.9952552752e-01 1.4250215599e-01 -3.1777524698e-02 6.6270749601e-02 -1.2144384954e-01 -5.9959358134e-04 -1.7091944156e-01 -5.9431270644e-02 -3.5151347790e-02 -8.6218407640e-02 -5.1522466863e-02 -3.3597133563e-02 -1.0441710296e-01 -2.3203391808e-01 -2.0046842009e-01
1.4152432594e-01 -6.0137561759e-02 5.0043427872e-01 -1.9119113167e-01 2.1874185047e-01 -6.0946886294e-02 7.4753444386e-02 5.8281305012e-02 -1.7406697424e-01 1.4869568147e-01 -2.1557651243e-02 -8.2485905525e-02 -1.5935962345e-01 3.8405611819e-02 1.2443513791e-01 2.8170221415e-01 2.1332145035e-01 4.6477728425e-01 -1.4731896530e-01 -5.9681404671e-02 -3.5677824608e-01 5.8271452514e-03 2.2464721863e-01 3.4446735191e-01 -9.6569024705e-02 8.7375515074e-02 -1.0365543402e-01 -1.0933241314e-01 1.4048573683e-01 2.6870933703e-01 -1.2937361304e-01 -2.0431601072e-01 -4.2607068960e-01 -1.7537041806e-01 -3.7879500798e-01 2.2909880905e-02 8.3250846143e-02 2.1928545499e-01 -2.4392086081e-02 -3.6820150916e-01 -2.4469179381e-01 9.0615406719e-02 2.4140027645e-01 -2.4239676118e-01 -2.4822843081e-01 -1.6241013400e-01 3.4066304461e-01 -2.2892010309e-01 -2.7445071175e-01 -1.2292966947e-01 1.8147779424e-02 -3.5191036709e-03 -5.2081849101e-02 -2.2886349102e-01
8.4902235196e-03 -1.4889919734e-01 2.8411163374e-01 -3.9357978930e-02 -1.2221388354e-01 -4.8520833980e-02 -1.8339943263e-01 -2.1904072585e-01 -2.2000368218e-01 6.5200126430e-02 -2.0597149037e-02 -3.3315358371e-01 1.4916407854e-01 -6.6785470657e-02 2.8508624785e-02 -2.0439375970e-01 1.4424197819e-02 1.7710258424e-01 -7.8210511604e-02 1.3783848310e-01 -5.9956880505e-03 -2.1764248710e-01 4.7146171511e-02 -1.7490543118e-01 2.3710353513e-01 9.9440939691e-02 1.1937313207e-01 6.3990976954e-02 -8.6702136049e-02 -8.2103998546e-02 -2.3409451465e-03 -1.7535113903e-01 -3.1248744586e-01 9.8985411603e-02 4.2594103107e-02 1.5164951489e-01 -2.3441037403e-01 -1.3498398560e-02 1.0713791820e-01 7.2212923976e-02 1.0129221733e-01 6.3225198164e-03 5.4657720803e-03 1.5405190251e-01 -1.4914235610e-01 2.2540189623e-02 -1.0821671296e-01 -1.5422830546e-01 -1.3841301130e-01 3.5527873457e-02 1.0200805798e-01 -6.0039645718e-02 2.2761156377e-02 -3.6032791107e-02
-2.9304315045e-01 -2.2998079867e-01 -2.1553115275e-01 1.4650132603e-01 6.2498487340e-02 -3.0585947302e-01 -2.1849256451e-01 -1.7770347603e-02 3.2670537542e-01 3.8236104957e-02 -6.2840073007e-02 1.9730865166e-01 6.0574238803e-02 -2.4618094549e-02 1.1006891512e-02 2.9662751557e-02 -7.8545557537e-03 1.2867018189e-01 3.2975216152e-01 -2.0311656404e-01 3.5106854639e-01 9.5607372020e-02 -3.0717578249e-01 -4.3010177021e-02 -2.4308993313e-01 -2.6027081713e-02 1.9026538375e-02 2.6221254763e-01 1.8287299432e-01 1.5663176379e-02 -9.2846641531e-03 3.4080606029e-01 -1.2391480929e-01 1.5878066260e-01 -1.4012932533e-01 -1.0597261397e-01 4.0041249626e-01 -3.2096350973e-01 -1.0474326820e-01 4.2308767105e-01 -1.1664424718e-01 1.2750861927e-01 4.2898201869e-02 -1.5568618216e-01 -4.8139406414e-02 -1.8290461589e-01 2.8141368149e-01 3.0743276736e-01 1.0911188637e-01 -2.3011026737e-01 -2.2085025718e-01 2.6211655048e-01 -1.0158657456e-01 9.0260779150e-02
3.0532064659e-02 -6.2637991316e-02 -1.6764060580e-01 1.7135847259e-01 -4.6122033599e-03 -4.3870462819e-02 -1.2001005636e-02 -2.0651103020e-01 1.1463830582e-01 7.1458322144e-02 -6.7774838387e-02 7.2557308667e-02 -9.2825525166e-02 6.0990883919e-02 7.8307189224e-02 -2.3910819746e-01 9.4347770125e-02 3.8315713938e-01 2.8219112101e-02 -1.4063088934e-03 5.7978570515e-02 6.7267782034e-02 3.4350182293e-02 3.0016714885e-03 3.5497824111e-02 -8.9462390980e-03 2.5117207915e-01 1.2720388329e-02 -1.8327954486e-01 2.9495680499e-02 -9.4503529783e-02 -9.7635280760e-03 -1.3071404463e-01 4.3577786277e-02 2.4332484611e-02 1.0787291712e-01 -9.8271416056e-02 3.7394836122e-02 -4.5825788178e-02 -4.3183034018e-02 9.6814830776e-02 2.3941315088e-01 7.6507063539e-02 -2.7581455337e-02 -6.2039391624e-02 5.0783842367e-02 -8.9514663572e-02 -8.8307329849e-02 -1.7549904007e-01 -5.0667560716e-02 -1.6087886916e-01 7.1708051773e-03 -9.0765599049e-02 -2.8540112149e-02
-3.0738823050e-01 -1.5575242670e-01 2.0224405129e-01 2.1906694047e-01 -2.8108541588e-01 3.7752363089e-02 7.2317105079e-02 2.8827536076e-01 -2.0422135495e-01 1.4841608548e-01 -1.7396321782e-01 -1.2125167875e-02 2.5515420485e-02 1.6225102727e-02 8.0723216849e-02 -1.2687032942e-01 3.5707480857e-02 -3.1119478392e-01 -1.2912451732e-01 -1.3556835637e-01 1.2815489969e-01 1.6783317733e-01 -1.2169563841e-01 -4.7482326641e-01 2.2600698263e-01 -2.7700741581e-01 1.6832756228e-01 -1.3136891324e-01 1.0525498743e-01 -1.1115211200e-01 -1.8639394578e-01 3.5600411368e-02 7.6812027659e-02 -1.8023519055e-01 1.9294279001e-01 1.5098918322e-01 1.4690217640e-01 1.3776547805e-01 -4.8510790793e-03 1.5170942288e-01 5.9188501350e-02 7.5897948430e-03 -2.5449753802e-02 2.0040827784e-01 -2.1748569136e-02 1.9298209827e-01 -4.6725202518e-02 1.0264844270e-01 6.9679472740e-02 4.4594254758e-01 2.9739854286e-01 -1.7617568312e-03 8.4131382833e-02 1.8872826813e-01
1.8543396857e-01 1.6840553152e-01 -8.5447677225e-02 1.5493412598e-01 1.4610442588e-01 -1.4516693468e-01 -3.8584708887e-02 -2.0487810157e-01 1.1203971132e-01 -1.3370303580e-01 -9.9283223721e-03 5.3571283559e-02 -8.1674486029e-02 1.1291451108e-01 -2.2433782697e-01 2.6665596034e-01 -5.1183535576e-02 2.0209704223e-02 2.8994779555e-01 2.0737186765e-02 -1.2521091618e-01 1.0186130940e-01 -1.3892839412e-01 1.5754123691e-01 -3.1673597460e-01 2.6146027518e-04 4.8124076720e-02 3.1709241148e-01 1.3693361835e-01 8.9593513937e-02 -1.8716281687e-02 -1.8023334375e-01 -8.9826486348e-02 2.1262446159e-01 2.3576591825e-02 -4.3031770220e-02 4.4230434102e-01 8.1144197074e-02 9.9791042644e-02 -1.2092244728e-01 -2.5402844508e-01 2.4192939702e-01 -3.0268342747e-01 3.4130447115e-02 -3.6832704951e-02 -1.2311550449e-01 4.1362852057e-02 -1.7061850636e-02 7.2484581319e-02 -1.8747276026e-01 -2.1636480035e-03 -6.2929567073e-02 -8.7104215483e-02 1.0914221378e-01
-1.8090248828e-01 1.5008824680e-01 9.8271554676e-02 -1.4996222319e-01 1.0605828394e-01 8.6054509435e-02 1.1021113802e-01 -9.1894880676e-02 8.2238222634e-03 2.7432445006e-01 8.1174158277e-02 -2.0141911277e-01 1.0499050633e-01 6.9372872649e-02 -9.0871414505e-02 -2.4512196605e-01 1.5990299277e-01 -3.0778096448e-01 -1.1109736726e-01 -1.7379441566e-01 3.6352948059e-02 -1.9189696694e-01 2.7320446170e-02 3.2336392078e-02 1.3851093439e-01 -1.5389192982e-01 -4.9219852626e-02 -9.0445386642e-02 1.1739478685e-01 1.6541516860e-01 -2.0205561068e-01 4.6191490466e-02 -1.2446439919e-01 8.5706571040e-02 -2.6513388390e-03 1.6943247218e-01 1.8554317177e-02 -1.2191578696e-02 4.3948655888e-02 -7.1260827107e-02 -2.2987451259e-01 1.3142897250e-01 2.3657221439e-01 -2.6677405416e-01 -8.0056170948e-02 6.9661008228e-02 3.9548112136e-03 -6.9388949608e-02 9.2738446738e-03 6.5447292350e-02 -1.3287394475e-01 -1.1161999134e-01 -1.0731149682e-01 -2.5494380811e-01
9.2109873305e-02 2.8731069719e-02 2.8936053696e-02 2.8392263845e-01 1.3878510937e-01 -1.8015068927e-01 -7.1686436714e-02 3.6674718492e-02 6.8047985348e-02 1.2189851469e-01 -1.9665044277e-01 -1.0430448763e-02 -1.1897685198e-01 -3.3868295932e-02 -8.7888757725e-02 1.1544305030e-01 1.2782030218e-01 -4.7210234574e-02 -1.3987021004e-01 1.3001128782e-03 -1.4459620274e-01 -1.2707096195e-01 7.4370924753e-02 2.1349586328e-01 -4.7421628037e-02 4.1722006288e-02 2.0005841208e-01 4.3270314384e-02 -2.2044461216e-02 4.1794693365e-02 -1.2801416747e-01 -8.7982051727e-02 3.2869971081e-02 -7.3855981367e-02 1.3571254796e-01 -5.7170536283e-02 7.4668210438e-02 -2.3756366815e-01 5.6749134236e-02 -2.7445500103e-01 -6.5169804427e-02 1.8640550849e-01 7.4649423496e-02 -1.6341529382e-01 1.4054905904e-01 1.2078389107e-01 8.1223059602e-02 -6.1824547828e-02 8.5314492416e-02 2.5237472201e-01 4.3139989936e-03 1.0420758550e-01 -9.9129997509e-02 1.1746748769e-01
7.0588485308e-02 -4.3059982516e-02 1.0479094603e-01 4.1768431705e-02 -2.8065941594e-01 4.5474977511e-02 -6.6329840010e-02 -3.2771628030e-02 -1.5645687715e-02 1.1181801170e-01 -1.0589273055e-01 -6.2982601498e-02 4.1693416347e-02 -8.3654324109e-02 2.8957461887e-02 -8.0102772142e-03 -5.5363689346e-02 -1.2473160146e-01 1.3628044910e-02 2.8366218711e-02 -9.8080121035e-02 -2.3583983163e-01 -2.0974266880e-01 -8.4879367948e-02 -1.1536440160e-01 2.5237342919e-02 -2.3563552889e-01 8.1592684058e-02 -1.2217497874e-01 2.1944411444e-01 -1.2900994668e-02 -4.8227789847e-02 1.9924484114e-02 -3.8602593128e-02 1.3050633933e-01 1.3058031824e-01 1.8383652352e-01 9.6409312642e-03 -3.3249758899e-02 4.1959023848e-02 -8.9186332920e-02 -2.0488851810e-01 -1.2904730139e-01 5.3601951482e-02 -1.0191954471e-01 7.8109516309e-02 1.5730131650e-01 -9.7867208938e-02 1.2263212617e-01 -6.4780544699e-02 8.2654398323e-02 3.4330788772e-02 -5.6351860576e-02 3.6067499582e-02
1.6986202024e-01 -2.4143321532e-01 1.5654920105e-01 2.5482768523e-01 2.3076718799e-01 -1.0193034947e-01 2.4167198344e-01 7.5043077861e-02 -1.8261508868e-02 8.1867656065e-02 -2.1056617141e-01 -1.6227166680e-01 -5.3678846307e-02 1.7105544285e-01 9.3054560943e-02 -2.4818905047e-01 3.7647369715e-01 3.8916565127e-01 5.4098983849e-02 -9.2520815096e-02 -1.3476602643e-03 -3.6097419528e-02 -7.6559772438e-02 6.7195290771e-02 1.8917975003e-01 -1.9713699685e-01 -1.9811695199e-01 2.3553244274e-02 2.5284572221e-01 1.9477198143e-02 -1.5752855887e-01 -1.1044342424e-01 -4.7077897739e-02 -8.2603324436e-02 -1.9511163722e-01 -2.2626695757e-01 1.4995885443e-01 -5.0440062858e-02 -7.1478400641e-02 -4.8850008547e-02 -1.8941664013e-01 3.6005787405e-02 1.5685317127e-01 1.0268091652e-01 -6.9384450221e-02 1.0289064346e-01 1.2927239647e-01 -7.8670537934e-02 -3.7712729009e-01 -2.5834990177e-01 -8.5425132858e-02 -2.3980407785e-01 -8.4034236649e-02 2.5816910867e-01
1.2288578255e-01 1.6426421197e-01 1.4942647206e-01 1.1508406848e-01 -2.2714899767e-03 6.4513121006e-02 -1.5974632866e-01 -3.1938767864e-01 6.3660985162e-02 1.5567583686e-01 -4.0235827872e-02 4.4664549037e-03 2.6893354714e-01 2.0655752810e-01 2.7524023987e-02 -2.5176065845e-01 -3.1645114662e-02 -1.7224715106e-01 1.0413976782e-01 1.0759259523e-02 1.4240179107e-01 5.1795326765e-02 -1.8520811785e-01 1.0506129038e-01 8.6477582900e-02 -1.1428196374e-01 -2.3815889651e-02 -1.7702444683e-01 -1.9659873102e-02 -1.2901064923e-01 4.8190065633e-02 -1.3223387141e-01 8.1685733828e-02 2.8973735594e-02 -1.1895868350e-01 2.0564702635e-04 1.0841736478e-01 8.0948577881e-02 1.7689211611e-03 -3.2726259114e-02 1.3384852192e-01 6.1504070972e-02 -1.2627559431e-02 7.3095416172e-02 -3.3144299454e-03 -7.6690605533e-02 3.6036520835e-02 -2.1018751093e-02 -1.4968400114e-01 3.8707234537e-02 -1.0007536323e-01 -6.1088334381e-02 7.5379884570e-02 1.5658820786e-01
2.5079776078e-01 -3.6121401070e-01 -2.9423412331e-02 1.6753147646e-02 4.9173452607e-02 1.1103554787e-01 2.2800112170e-01 -1.7682681843e-01 -5.4560318633e-02 -1.7988966610e-01 -9.4921997249e-02 2.4381881294e-01 1.4007655272e-01 1.1801812453e-01 -6.4575792869e-02 -2.3594785214e-01 -8.4432231121e-02 -1.7327832904e-01 2.5290972872e-01 -1.0777316215e-01 -3.1278142638e-01 -2.6903115238e-01 1.2603702638e-01 -2.4456754630e-02 -2.1102677395e-01 8.8746794338e-02 7.2880286465e-02 -1.5425111611e-01 1.6615018172e-01 -1.1665136044e-01 3.0517267427e-02 -3.0947054742e-01 -3.9199660968e-01 2.7487206136e-01 2.3180539220e-02 1.4666262859e-01 -4.3507880698e-02 1.0848685731e-01 -1.0801565272e-02 -3.0987632665e-01 -1.2928994397e-01 3.1167118630e-01 -2.2180793863e-01 -3.1399834199e-01 -1.9233082830e-01 -9.5016976746e-02 1.8571861223e-01 -3.5463440676e-03 -1.7759573624e-01 -2.6323634778e-01 -1.5540517061e-01 7.1776153699e-02 -2.5787979987e-01 -3.1800260930e-01
-3.1069014207e-01 9.8266666426e-02 4.1312975923e-02 9.8645458656e-02 -3.4248287363e-03 1.4153433915e-01 -2.2250751011e-02 -2.2595887503e-01 -1.0062925092e-01 -1.9701919299e-01 -1.0234826351e-01 5.2471385232e-02 -7.8524682068e-02 -6.9787350538e-02 -1.4450044640e-01 -6.0925859670e-03 -3.9127202963e-01 -3.1566371975e-01 1.3660832355e-02 8.5437791100e-02 1.8126122115e-01 -3.3457709392e-02 1.5279185560e-01 -1.6933052604e-01 2.0453779173e-02 2.1570054641e-01 1.1747436577e-01 -5.1358438876e-02 -1.0823345024e-01 5.7444883799e-02 -2.1409993162e-01 2.1546682284e-01 -1.8945607139e-01 -1.8353306219e-01 4.3151684904e-02 2.7711935867e-01 2.8193477645e-01 3.7216352792e-01 -2.6490594882e-02 6.8771205494e-02 -2.1522668507e-01 2.4178473436e-01 -2.1649396004e-01 -2.1802986070e-01 6.2951095455e-02 2.7949957273e-02 2.2185170408e-01 3.8624949512e-01 2.5312216168e-02 1.7510442334e-01 3.4241453199e-02 2.8607143785e-01 4.9210443911e-02 -2.0982947991e-02
-4.6290691463e-02 1.0422194234e-01 -1.6238133470e-01 4.3174181148e-02 -2.0767399779e-01 -5.1040706617e-02 -9.8475165379e-02 3.5521454172e-01 -4.0091999961e-02 -1.2487922543e-01 3.8473440144e-02 1.1883299061e-01 -6.1646295916e-02 2.0516893512e-01 -1.0114529931e-01 -1.2434557475e-01 1.2593547077e-01 1.6085298365e-01 1.7100899391e-02 1.2717792314e-02 3.0627710353e-03 -2.8096807656e-01 -4.4655466890e-02 2.4576893029e-01 -7.4246691902e-02 -1.4146301524e-01 -6.0198768397e-02 -2.2277382843e-03 -1.8387360349e-01 4.4915477069e-02 -1.1727491826e-01 4.8769484595e-02 1.4323057823e-01 1.5706322946e-01 9.8503559714e-02 1.5314439359e-01 -8.9198949943e-02 -1.3045573494e-01 2.6484186757e-03 -1.4456816356e-01 1.0577438214e-01 2.3241035071e-01 -4.7188284255e-02 -1.2085741937e-01 8.6898755396e-02 -1.5265934374e-01 -2.2529270314e-02 1.2962360569e-01 1.3911519949e-01 -1.8668804322e-02 -1.6942407155e-02 1.5837697997e-02 3.0649741839e-04 -8.9305319326e-02
-2.3913200387e-01 1.3938403391e-01 2.2139189432e-02 2.4880658475e-01 -1.2108414621e-01 -2.7181369719e-01 -3.1576147384e-02 2.7005011970e-01 1.0263006390e-01 -2.5930941847e-01 -1.6802863740e-01 1.4382995299e-01 9.5274785898e-02 1.8368459594e-01 1.3820206925e-01 -2.7596841600e-01 2.3064869119e-01 -3.7411652207e-02 3.2554423421e-02 -2.8532098957e-01 2.5299361479e-01 1.2047758689e-01 -1.1576337163e-01 -7.5568365967e-02 -1.8282031519e-01 -9.3522152502e-02 2.5305669730e-01 7.7651697871e-02 2.3280648148e-01 9.1987314697e-02 1.3328766857e-01 -9.4916781746e-02 -1.8403472945e-01 -1.9661419465e-01 1.4360458117e-01 6.8998078335e-03 1.1850603216e-01 -1.5897673890e-02 2.4004298294e-02 3.9077370078e-01 9.6542767584e-02 -1.2628741830e-01 -7.7132878317e-02 2.1024473767e-02 7.7603462079e-02 3.2062014842e-03 1.6853289229e-01 3.0582651959e-02 -1.9041414555e-01 -1.1812411880e-01 -2.2231886723e-01 5.2486950784e-02 1.3320806333e-01 1.4489522841e-01
-6.1396149529e-03 -2.6920891671e-02 -6.0340956115e-02 3.3432803028e-03 1.6319443053e-01 -2.2096804152e-03 -1.0441550388e-01 2.5845901961e-03 -3.7408597578e-02 8.3631228384e-02 -2.4488932802e-01 -3.9697951192e-01 2.0529027852e-01 3.3007834076e-01 -1.4816313565e-01 -1.4003367670e-02 6.9893381818e-02 2.3403728686e-01 -7.5134735921e-02 1.3986917993e-01 1.1072915011e-01 2.8289355998e-02 3.5729924804e-01 1.1804239165e-01 1.3324620830e-01 1.2273112641e-02 1.8342506603e-01 5.7262190335e-02 -2.7631859423e-01 -2.5475361866e-01 -1.1845348830e-01 5.6353770611e-02 1.8153671174e-01 2.0817693073e-02 1.4044919212e-01 1.3856493769e-01 2.8269666800e-01 5.1012704230e-02 -1.3450182639e-01 -2.7104335513e-01 -8.6978751347e-02 -1.6909133596e-01 -5.8201071453e-02 -1.7998458552e-01 -2.9166028146e-01 2.4219625729e-01 -1.5000859997e-01 -1.2468476975e-01 -3.1713576063e-01 -3.1740851151e-02 -1.0989630994e-01 -8.4288083783e-02 -1.2041058037e-01 -3.8993824968e-02
-1.5257756661e-01 -2.0485474468e-01 -2.5610481929e-02 8.5500737954e-02 -9.3267492685e-02 3.4898098252e-02 -1.4821289112e-01 -5.3952943084e-02 3.0000163455e-01 -2.9103123530e-01 1.2553994509e-01 -1.5862830469e-02 -1.5942609723e-02 2.2589731576e-02 -1.3362979022e-01 -2.2123310483e-02 -5.5784200019e-02 -2.6258988852e-01 -1.2075453286e-01 -9.5580673555e-02 -4.6179392262e-03 -2.3378041344e-01 2.6633750146e-02 -2.1547159842e-01 -6.7979786375e-02 1.5404535246e-01 -1.1021161588e-02 -7.1529438347e-02 2.3368811870e-02 1.2027071544e-03 1.1445112437e-01 -2.4718711099e-02 -7.0384096855e-03 -3.4701217226e-02 7.5492233942e-02 -1.0070948285e-01 -9.9492170343e-02 2.6259650210e-02 1.8516822144e-02 1.5556571097e-01 1.9226229356e-01 -1.0546197833e-02 7.6754111502e-02 1.7547082627e-01 7.4450474269e-02 -3.4361020590e-02 4.0558969158e-02 -1.3612644589e-02 -3.2436649230e-03 7.5676241531e-02 4.2760295718e-02 2.7521565884e-02 -2.2540096988e-01 3.1584749574e-02
-1.7996887719e-01 -1.7145261108e-01 -3.5431929624e-01 -6.6638548973e-02 -9.9283769137e-02 2.8792039450e-01 2.5946140264e-01 3.6453220162e-01 -7.0798400274e-02 -4.4282216528e-01 -1.7624245883e-01 1.1928239503e-01 3.2058360944e-01 -7.6293477439e-02 1.8232594670e-01 -1.8401550430e-01 2.9107220296e-02 -1.5460445344e-02 4.5817494909e-02 -1.9248029261e-01 1.1356012913e-02 -6.7497499380e-02 6.7357203151e-02 -2.5385968522e-01 7.3796216870e-02 -1.8486986440e-01 2.7939575909e-02 2.5940452660e-01 -1.3428093781e-01 -4.2179093857e-02 -1.4880403172e-01 4.5728592198e-01 -2.5023773842e-01 2.0125009861e-01 -2.1862934130e-02 -1.7902022173e-02 -6.9011595782e-03 -5.3378379697e-02 -2.2328641468e-01 1.3706404382e-01 9.1275986973e-03 -1.4515115178e-03 -4.9493794297e-01 -2.6049246940e-01 -1.4824566210e-02 -2.3770317897e-01 1.2421098341e-01 -1.0399062695e-01 8.8646788883e-02 4.0490329229e-02 5.5741194688e-02 -3.1036591161e-02 -2.6761638910e-01 -1.8666627724e-02
-6.9749521224e-02 1.0363540098e-01 -1.6912324181e-02 -1.0048757828e-01 5.6843329335e-02 2.0304813157e-01 -8.7904850345e-02 2.1342888666e-01 -1.8953694748e-01 4.4284986179e-01 4.7836649768e-02 -1.9814693654e-01 -6.4596883202e-02 -5.9860929253e-03 2.2809846073e-01 -1.5841752436e-01 1.8219421591e-01 2.8162127416e-01 -5.1178411107e-02 8.4944228319e-02 1.2380442156e-01 -1.6912925041e-02 -9.7827672084e-02 6.0172635291e-02 -5.1032096215e-02 1.3062039080e-01 -6.9068650943e-02 -1.1258817701e-01 9.9064160842e-02 -6.6820043514e-02 2.3317096252e-01 2.9087892196e-02 -1.7992371948e-01 -2.8862714960e-02 -2.2705726783e-01 1.2247608008e-01 2.1598620707e-02 2.9668315238e-01 7.1720201115e-02 -1.8509433070e-01 -2.7669181113e-01 1.0950706419e-01 1.4235230105e-01 -9.1743720543e-02 -5.4609664472e-02 2.6013766155e-01 -2.5902099012e-01 1.8388084134e-01 1.5188987242e-01 -1.2299191165e-01 -7.3996547359e-03 4.5249437938e-02 4.8212241314e-02 -1.4615741639e-02
1.0729987965e-01 -8.3703648626e-02 3.3699650231e-01 -2.5872545836e-01 -1.7361560279e-01 1.3122847335e-01 7.5128595020e-02 -1.5267798248e-01 -4.1794640005e-02 7.0745696433e-02 8.3016373821e-02 1.1975101912e-01 -2.4662846107e-02 4.0567907181e-03 3.0794242949e-01 -2.4340543603e-02 1.7146222249e-02 1.3426882945e-01 2.0025795343e-02 -1.4515901792e-01 -8.1708779884e-02 -2.9085212389e-01 1.3104598389e-01 -9.9747257146e-02 -2.4022035227e-02 3.9817134803e-02 8.9891384404e-03 -1.2737670901e-01 -9.5460458510e-03 -7.0483775658e-02 2.0637073112e-02 7.0047421605e-02 -8.7427576758e-02 -3.7408106315e-01 -1.8901402884e-01 6.7399010347e-02 3.7659760149e-02 -1.9687126969e-01 -9.1054906088e-03 -6.5539961192e-02 1.0072787418e-04 -1.7054345536e-02 -6.1141986104e-02 -8.9722403400e-02 4.2143679614e-02 1.8299964330e-02 1.2492348946e-01 -2.4204972113e-01 4.9674841317e-02 1.6220259177e-02 -8.9015830390e-02 2.4772293736e-02 4.2094576230e-02 -9.3047983086e-02
-7.4938354154e-02 2.0156364729e-02 1.5256178034e-01 2.4542139016e-01 9.7063639538e-02 2.6762850495e-02 -7.8119600935e-02 1.1488944514e-01 -7.8874137081e-02 -6.1549749225e-02 -7.8745429176e-02 -1.1568751131e-01 1.1346519055e-01 8.6390472418e-02 -2.6957104638e-02 -6.5868399697e-02 -2.8146410180e-02 -6.5686674274e-02 1.5491577822e-01 -4.2929391124e-02 -2.8086043895e-02 1.2778266136e-01 -6.7460948245e-02 1.4611000951e-02 -2.3800348137e-03 1.7378667880e-01 9.0824417983e-02 -2.8494358104e-02 -6.1635391047e-03 -2.4602646144e-01 -7.0405542684e-02 1.0445695259e-01 7.1481982346e-02 -1.6996715123e-01 -6.1363162996e-03 -9.2089351388e-02 1.7631537159e-01 8.9416616841e-02 -2.7795326750e-03 9.1467471508e-02 3.6266363911e-02 4.8650938189e-03 1.3911995802e-01 1.0603284557e-01 -1.9726974653e-01 -5.7246264495e-02 8.1224492937e-02 2.0186542994e-01 -2.5108289619e-01 -3.0152021891e-02 -1.1820449089e-01 -2.1221665972e-01 1.2075145174e-01 3.5630753556e-02
-4.1850196606e-02 -3.1231198127e-02 -1.1724091092e-02 -1.0466796796e-02 -2.3220246046e-01 -4.5739926211e-02 1.0361629896e-01 5.2719445495e-02 3.2882359996e-01 4.5040051594e-02 -1.6120351421e-01 1.2085861502e-01 3.6589990287e-01 -6.1677842506e-02 2.1263926050e-01 7.6108010938e-02 1.0779896039e-01 -2.2695458664e-01 -2.2235592389e-01 -1.9137142720e-01 -3.6126959514e-02 1.6460593744e-01 -3.3627704783e-02 -1.9526779226e-01 1.8229943598e-02 4.3808700673e-02 -1.5272069115e-03 -2.2382243686e-01 7.3984073083e-02 1.7128773117e-02 -2.6962826068e-01 1.9958068568e-01 -5.6767139164e-02 1.4814174468e-02 -2.0850709898e-01 -1.9151142948e-01 -1.2250097453e-01 8.8532807038e-02 1.7524152090e-01 1.3057606495e-01 1.2085843453e-01 -1.6072720581e-01 3.3442434195e-02 -2.8159586991e-02 3.0097142575e-01 -2.2056006112e-01 -7.9892557044e-02 -1.2969924610e-01 6.2107193404e-02 1.9671737180e-01 -9.0190929688e-02 4.7066322904e-02 -9.4779238765e-02 5.5728449924e-02
1.5067614121e-01 -4.5526696231e-02 -1.0256111774e-01 -2.2720484885e-01 -6.0168553293e-02 8.5386354109e-02 -2.5492902980e-01 8.2592601021e-02 1.4277204779e-01 -1.4435772178e-01 1.3217447400e-02 1.6638464127e-01 -1.9143166356e-01 6.2376408946e-03 -1.2786558788e-02 -3.7982017499e-02 -3.2535553478e-02 3.2762833210e-02 1.3609031385e-01 5.5122940297e-02 -1.7362787897e-01 -1.4893138224e-01 4.2555809386e-02 -2.3346198292e-02 2.6762499756e-03 8.8353884616e-03 -3.1236006301e-02 -1.4703329029e-01 -2.4851279991e-01 7.7735401985e-02 -1.3771780232e-01 -1.0164695508e-01 -1.4889484559e-01 1.5203571160e-02 1.6285695695e-01 7.5259698512e-02 -2.7455194230e-01 -1.6451055106e-02 -6.2396691657e-02 -6.1304069493e-02 -5.8369567499e-02 9.0458854025e-02 6.1924877352e-03 -1.1621031236e-01 3.2131936262e-03 1.1759940520e-02 8.1985011204e-02 1.2393908573e-01 -1.0290749005e-02 -9.0786381619e-03 -1.3210450571e-02 1.0838525388e-01 -2.1561137833e-01 -1.5864569739e-01
-5.6675779634e-02 2.2594321561e-02 2.8069889593e-01 -1.4219477655e-02 3.5991907460e-02 -4.3343617850e-02 1.7082775476e-01 -6.2035816446e-02 -1.4722258531e-02 3.2668103715e-01 2.4718375565e-01 -2.0230197704e-01 -1.7879033339e-01 -1.3621564257e-01 5.4942706927e-01 2.0762624843e-01 -5.7929573502e-03 -3.8374151709e-02 -1.7739183103e-01 -7.5635831046e-02 2.7043925243e-02 8.0671885741e-02 -2.4566016713e-01 -5.8546270495e-02 2.3360143116e-02 -2.1319180446e-01 -2.0815528123e-01 -1.1996203339e-01 2.9727575316e-01 1.2726680438e-01 -2.3896852798e-01 -4.2241467923e-02 -1.1760481261e-02 -2.6626159700e-01 -2.3675373049e-01 2.0414077615e-01 -3.7761138531e-01 2.0252492359e-01 3.7773865853e-01 -3.0174451749e-01 -2.1631206376e-01 5.1629766091e-02 3.2350640993e-01 -1.2042964448e-01 -2.3604609384e-02 -1.0286017951e-01 -2.6889210131e-02 -9.8666279440e-02 -1.8832351522e-01 1.5708247039e-01 -1.1023858947e-02 -4.2633104274e-02 9.5100641544e-02 -1.5154494259e-01
-4.9309441013e-02 2.2149518471e-01 6.8707102414e-02 -2.0027627086e-02 3.1235252349e-01 1.0134982949e-01 -1.7818965264e-02 1.4540627651e-01 3.1928811871e-01 9.7153234238e-02 -6.0208507149e-02 8.2468589527e-03 -4.3752332875e-02 3.2220907380e-01 -2.3436779281e-01 -1.0622964645e-01 1.6981103362e-01 -1.3771073436e-01 -2.1496834907e-01 1.7647642745e-01 6.8215657636e-02 1.9557292258e-01 -2.7169326253e-02 1.4661794726e-01 -1.2844184190e-01 2.2912344641e-02 -1.2909135023e-01 1.4066234236e-01 -9.9465227887e-02 1.9166359827e-01 -3.9946646104e-02 6.4233013769e-03 -6.7277214265e-02 8.3415957798e-02 -9.9550450636e-02 1.6961663452e-02 -1.2688836954e-01 -1.9748360725e-02 1.2641441889e-01 -2.1225607013e-01 -8.5945135634e-02 6.9285026465e-02 -6.9072284345e-02 -9.8398378331e-02 -6.3819723645e-02 1.5925185524e-01 -3.0200952638e-02 -1.3167789481e-01 1.2003442518e-02 7.5614782140e-03 1.6457883571e-01 -7.8222378062e-03 6.7288735707e-03 -2.6056508666e-03
2.6706220230e-03 8.8983574929e-02 2.3792053737e-02 -9.3430349733e-03 -2.8533325400e-03 -1.6189414545e-01 -2.7392227391e-01 9.5024865744e-02 5.0666065325e-02 1.9694525794e-01 6.5223490969e-02 -1.0867737518e-01 -1.4148501527e-01 1.3533940251e-01 -2.5324604046e-01 -2.4189125135e-01 5.3963531958e-02 -1.4176535057e-02 1.5648750031e-01 1.9482922459e-01 6.5198721650e-02 7.2023462641e-02 -2.8924074454e-01 2.0467551175e-01 -5.8323155648e-02 3.3484999536e-01 -8.5554446912e-03 3.9652720484e-01 1.3906632298e-01 1.4382269031e-01 2.0665169308e-01 9.3640586860e-02 2.0027457201e-03 3.9992462162e-01 -1.2379880496e-01 -1.3302555610e-02 1.9256853150e-01 -2.0275397788e-02 -1.5459915772e-02 1.0217607448e-01 -1.6335091338e-01 5.2671182226e-02 -2.8931614652e-01 2.1273011730e-02 -2.0597237170e-02 -4.3312033453e-02 7.9867633121e-02 2.7644947492e-01 5.0658454079e-01 3.0338952968e-02 1.0318480952e-02 1.8622862208e-01 2.3620947522e-01 -9.8701572891e-02
2.3391069473e-02 -3.6718290858e-02 -9.2210234002e-02 5.7198349967e-02 2.0525791379e-02 -1.7474606695e-01 8.7437659737e-02 2.4834789061e-01 3.0682222446e-02 1.9421574369e-01 -1.9080164260e-02 -1.4995740956e-01 -1.9682424074e-01 -2.0024436279e-01 5.2763697285e-02 -2.2571440300e-01 6.6332551738e-02 4.0039985752e-03 1.5491166244e-01 1.0001846964e-01 -1.6245024118e-01 6.5245537849e-03 -1.8653111678e-01 4.2641190565e-02 7.8608913036e-02 -1.6772915811e-01 9.2712510772e-02 3.7095017199e-01 1.2496441356e-01 -1.2509804396e-02 -2.5678003284e-02 -2.3902740659e-01 -2.1332191040e-01 1.3343603398e-01 1.5336328654e-01 -1.0853544860e-01 1.1027708910e-01 -1.8855564487e-01 -8.1210145950e-02 -1.2318489559e-01 1.0343743803e-02 -3.0313465861e-02 -3.4303628318e-02 7.7421030334e-02 4.8179066204e-02 1.2431922271e-01 -5.7609601153e-02 -2.1629321396e-01 -1.2019128779e-01 1.5920201722e-02 7.4755785933e-02 -2.9179173321e-01 -1.6562031296e-01 2.7699270080e-01
-2.3117565507e-02 1.5498847253e-01 9.8837426364e-02 -4.1448661058e-02 7.8935137936e-02 1.0314076905e-01 8.5120671720e-02 -9.5052369102e-02 2.4077379997e-02 -5.2856688464e-02 1.6260337682e-01 -7.0380788768e-02 -1.8872026718e-01 -2.0573815603e-01 2.9861412727e-02 -9.4981905279e-03 -7.4174246987e-02 -2.3173278219e-01 4.9698959555e-02 1.0695628599e-02 -9.3182581766e-02 2.1391655023e-01 1.8301212436e-01 5.4938346221e-02 -1.4771698755e-02 -6.6063983512e-03 6.2978499539e-02 8.5332478941e-02 -4.2840596367e-02 2.0426709276e-02 6.5599937224e-02 -1.6824946198e-02 1.8014832068e-01 -7.4698075132e-03 1.8129159757e-01 -1.1564399077e-01 1.4328949847e-01 -2.3180571261e-01 -8.3231605708e-03 -1.4537816574e-01 9.2707170193e-02 1.7263523236e-02 -6.0761584854e-02 -2.5378103343e-02 -1.4239902524e-02 6.5769272656e-02 -4.1173250857e-02 6.5291348833e-02 7.4459598361e-02 6.4194883853e-02 4.0726068686e-01 -1.1262655488e-01 1.7141451748e-01 1.6267118912e-01
2.9755930563e-02 1.3788134856e-01 4.9403079647e-02 -1.9179477524e-01 -2.0200836513e-01 -9.4278855852e-02 1.4825019970e-02 7.2380414378e-02 -9.7502899268e-02 -1.6249306889e-01 3.3119673605e-01 -1.5281143257e-01 -1.2719789080e-01 -3.0967233382e-02 8.2450323017e-04 1.9092822328e-01 -2.2421212843e-01 -9.8789328877e-02 -3.4634379482e-02 -5.1019048777e-02 2.3296947970e-01 1.7823905711e-01 -5.3870552482e-02 -6.6462788574e-02 1.1266863816e-01 -1.3586751411e-01 2.4697581032e-01 2.6585832893e-01 -7.9489446629e-02 -4.7670970413e-02 -9.1994487422e-02 -1.5676871695e-02 -1.2659477545e-01 -8.8863308786e-02 1.4658387558e-01 6.7494837243e-02 -5.4996500582e-02 7.8280975283e-02 -6.4400236611e-02 -1.6026693845e-01 -2.5630587997e-01 -1.1257115295e-01 -2.1497627474e-01 1.5140630302e-01 1.1327771150e-01 5.2145833890e-02 7.6638084728e-02 -8.6844208255e-03 3.1903409381e-01 -7.3555078993e-02 6.0772383213e-02 9.1874105810e-02 6.3696568975e-03 1.3504360015e-01
-3.2333456048e-02 -1.5422938110e-02 -4.2008867666e-02 -2.3575839492e-01 2.8447480780e-02 1.0325760394e-01 -2.1974456290e-01 -9.8652262457e-02 1.3556467236e-01 1.7789706263e-01 -1.0036426880e-01 2.1231895867e-01 -2.0430038167e-01 -1.4363060281e-01 1.2070299995e-01 3.9591553503e-02 -1.9741401478e-01 -2.0813714842e-02 1.7732995145e-01 1.3494727144e-01 -1.3454075897e-01 -1.0095979222e-01 -2.0864375004e-01 -1.0188082211e-01 -2.8720709374e-01 3.8912195428e-01 -1.1001715455e-01 1.3042122753e-01 1.3972897051e-01 1.9239121173e-01 3.1922155774e-01 1.7912310055e-02 -1.2603319445e-01 -1.2110661291e-01 -2.2729314626e-01 -3.0498629056e-02 9.8613920766e-03 -1.4061309086e-02 2.1248481817e-01 3.7868811413e-01 1.8056519472e-01 -1.0327201525e-01 2.3759242640e-02 -9.5718323154e-02 1.3533572788e-01 -5.7970547118e-02 -1.8509543767e-01 -1.1724797474e-02 2.6278294834e-01 -1.0108346348e-02 1.3171052405e-01 4.0647742513e-01 8.3474876451e-02 -3.4588274136e-02
1.4420839814e-01 1.2903583262e-02 1.0269084186e-01 -2.2441621562e-02 -1.1964591608e-02 6.1773149279e-02 -2.5788303709e-02 6.8830079852e-02 1.6934580137e-01 -3.6330570003e-01 1.5365607112e-01 4.4362007963e-02 1.1962209829e-01 4.7682610624e-02 7.4401929788e-02 6.9823186920e-02 1.5673431309e-01 2.2858119839e-01 -1.0211670742e-01 2.1298111877e-01 -1.9935466796e-01 1.7386611351e-01 2.7597367300e-02 2.5173329806e-02 2.9443263144e-02 9.8615742813e-03 7.3526740102e-02 -1.1346763376e-02 -1.4813192443e-01 1.7182405050e-02 -1.4484355202e-01 1.5796605007e-02 2.7399298351e-01 -3.1444596844e-02 1.3836292021e-01 -2.1234669698e-01 -7.8890763523e-02 -1.7225639774e-01 4.5565627985e-02 -2.3612852017e-02 3.2005942882e-01 -1.4740743279e-01 1.6960399115e-01 2.4713472702e-01 8.8085088467e-02 9.3857184329e-02 -4.1488328941e-01 -7.6780685045e-02 1.0406374201e-03 -3.1426867239e-01 -1.4496593088e-02 2.5345362982e-03 -3.9410828814e-02 4.0976575304e-02
1.9201841615e-01 -1.0021032136e-01 2.2415993681e-01 -1.6018913598e-01 -5.6568372077e-02 9.2113834365e-02 -2.2002265241e-01 1.7393636277e-01 2.7112620006e-01 -2.2639465794e-01 -2.4690654766e-01 1.1030416486e-02 3.0651151954e-01 9.9071275501e-03 1.0513471129e-01 -5.0499251193e-02 -3.1502508531e-02 3.3833296679e-01 -9.3844509542e-02 -2.6923700665e-02 -3.6192561165e-01 -7.0700870456e-02 -2.8152525286e-02 -5.0551728627e-02 -6.8197556250e-03 3.1918298600e-01 1.0460907233e-01 -2.4573378744e-01 -7.9790404843e-02 -2.9080808489e-02 1.2623000446e-01 2.2652704815e-01 2.5189719642e-01 2.7318532406e-01 -1.6322384459e-01 -7.6546274558e-02 7.1406111222e-02 -8.4723817127e-02 1.5742721249e-01 2.8795615460e-01 1.6313461547e-01 3.4939722886e-02 1.5216232391e-01 8.4232550262e-02 -1.9663133026e-02 -1.1853911676e-01 -9.0101185967e-03 -4.0761783525e-02 1.4457528874e-02 -1.3722201652e-01 -7.9213948715e-02 -2.2648741173e-02 -8.5123767848e-02 -1.1286513742e-01
