1.6223806742e+00
-9.5720269663e-01
1.7475124769e-01
-4.1292028949e-02
-8.3539091461e-01
-1.2782560878e+00
1.8498553580e-01
1.5303576438e+00
2.1439278912e+00
-3.4488763771e-01
-6.6563853388e-01
-1.1292201391e+00
3.1321182612e-02
-6.5530440805e-02
-4.0542942362e-01
2.3107201996e-01
-8.4863580779e-01
-8.8481843232e-01
8.1523740559e-01
-6.0416744894e-01
7.3622404172e-01
-1.1872779568e+00
2.4110949788e-01
1.3540686537e+00
2.4231817940e-01
9.2273128253e-01
2.3043615859e+00
3.6077773897e-01
-6.4651418734e-01
8.8026782220e-01
8.0132528361e-01
1.2606295102e+00
4.1119712284e-01
7.0607433608e-01
-3.6394717791e-01
-6.6357462409e-02
-1.4319072824e+00
-1.2129812427e+00
9.3166198241e-01
9.4194838536e-01
3.4880472587e-01
-9.1505231917e-01
-2.5874876109e-01
-1.0282246044e-01
5.7483331931e-01
-1.6324793938e+00
1.0117599340e+00
3.4077630993e-01
4.8267897753e-01
6.2961788630e-01
9.7030795032e-01
-2.0642311587e+00
1.1678006948e+00
1.4838583953e+00
6.5030157723e-01
1.4129552912e+00
-2.7101958159e-01
1.5089770798e-01
2.0550090631e+00
-6.2468823545e-01
-1.2691753538e+00
-1.2023811917e+00
8.1373480479e-01
