4.5902938544e-02 -4.5881404144e-02 9.9905378095e-02 6.0094158727e-02 3.4605023356e-02 -1.3476594295e-02
-9.4531843817e-03 -3.7548715838e-02 -5.4510232290e-02 -6.6183981909e-02 -8.7945456233e-02 -3.1623343261e-02
7.5651870004e-02 -6.7650642164e-02 1.0943532702e-01 1.0919778597e-01 5.9229220667e-02 -1.6021190176e-02
-1.5577702376e-01 3.2679819433e-02 1.1689821307e-01 -7.2868001547e-03 1.6607982075e-01 8.7729196545e-02
-4.9392056080e-02 3.7039461612e-02 8.8480527588e-02 -4.4847656591e-02 2.3284171593e-02 -1.7175027551e-02
5.4440109225e-02 -2.2574413774e-02 -6.2688168699e-02 6.3169804266e-02 -5.4193235735e-02 -8.0786457919e-02
1.1267384558e-01 -5.2795561121e-02 -5.8226294537e-02 1.9427616443e-01 -9.9825274014e-03 -7.5174543347e-02
-3.6003346046e-02 9.4430361618e-02 8.0686810362e-02 1.2493253438e-01 -1.6089180178e-01 3.2346560102e-03
-9.2168701795e-03 -6.2455852742e-03 3.1619924970e-02 -6.5915570018e-02 -5.0821508729e-02 1.2298842662e-01
-4.4254828686e-02 7.9861884509e-02 3.4645180283e-02 -1.2498959411e-01 5.5541792115e-02 5.3230059107e-02
-9.6837723349e-02 -1.1167068823e-01 8.2067756885e-03 1.4557127585e-04 -1.5202079857e-02 5.9234604677e-02
-8.4054830123e-02 1.6885331456e-02 -4.7097017378e-02 5.7020274411e-02 -7.1042711562e-02 7.4604998580e-02
6.6944495841e-02 -1.4815438557e-02 -4.0763793620e-02 -9.1042383065e-02 9.2179214566e-02 -3.1068823783e-02
1.2363895690e-02 4.7791453700e-02 -6.8853941116e-02 -1.1369114886e-01 -1.1150771015e-01 -4.0245726611e-02
-7.4838443804e-02 1.2613882041e-01 3.3441027819e-02 3.2897583079e-02 -4.7263553638e-02 -8.1976526960e-02
-3.6092147546e-02 -9.0352767916e-02 -6.2705727263e-02 8.9479448593e-03 -8.5342640884e-02 1.0779037920e-01
7.6536621716e-02 -4.7945453764e-02 9.6167251285e-02 -3.9341384230e-02 -1.2485009610e-02 5.3334489468e-02
2.5744041545e-03 2.1209068939e-02 7.6270700728e-02 -7.4978664860e-02 8.5346064430e-02 5.7614636142e-02
7.7878172178e-02 -5.4376430965e-02 -9.4364073050e-03 2.8356303091e-02 7.5885683407e-02 6.5239704691e-02
-1.3475264610e-02 -9.9093176490e-02 -8.2241700079e-02 -7.1245584267e-02 3.1861603293e-02 1.3500318035e-01
-9.1150700316e-02 3.7072052435e-02 -3.1175026176e-02 -1.3017946841e-01 5.8009368566e-02 -1.2377018861e-02
-6.8304945056e-02 1.1667257274e-03 -1.6079902565e-01 1.2664485707e-01 2.0707490923e-02 -2.8248271308e-02
4.3599610875e-04 1.6120337380e-01 1.7704606806e-02 7.7918690737e-03 -9.8889159125e-02 -2.7357156319e-02
1.0542774640e-01 1.6275857338e-02 -7.6200367427e-02 2.0420200578e-02 -2.9541680746e-02 1.3041989213e-01
-8.8298510035e-02 1.4913293337e-01 -1.2299070112e-01 -7.3339733671e-02 -8.1694826554e-02 9.6832908760e-02
7.7406068118e-02 1.5073093119e-02 -5.7845011428e-02 -2.3365717921e-02 2.7320503070e-02 -5.9196219034e-02
-9.7340276215e-02 -1.2981147693e-01 1.0056990170e-02 3.0771537633e-02 7.9217421448e-02 1.7474602626e-02
1.4017295876e-02 1.5393611041e-02 9.7376606492e-02 -4.0213225260e-02 6.5727279571e-02 6.6086239378e-02
-2.6588559067e-02 5.4825893973e-03 -6.6704888269e-02 -1.1141411548e-01 4.5194459946e-03 -2.0953830083e-01
-1.0805744270e-02 2.1210144149e-02 -5.1518110687e-03 1.6435397253e-02 8.0964478618e-02 -1.2652694611e-01
-3.5653080191e-02 9.6565557884e-02 -7.6611351144e-02 5.9594770168e-02 -3.3150049181e-02 -7.9857118157e-02
-3.8478446326e-02 -9.2806322837e-02 7.0221421462e-02 4.2690003733e-02 1.4597167648e-01 2.7445480332e-03
-1.0922076515e-01 6.4314720406e-02 -3.4501173545e-02 6.1629476937e-02 -8.0637062276e-02 -1.0715108460e-01
1.5776640113e-02 -1.5314633392e-01 -1.2371482724e-01 5.7297400724e-02 1.0628297913e-01 -1.3621888063e-01
5.7460018589e-02 9.2042058774e-02 -1.1520502133e-01 -4.8143848642e-02 -4.1213739837e-02 -7.3024866461e-02
4.5392100474e-02 -1.1384762508e-02 -3.1495353474e-02 1.7501914787e-02 -9.6538770265e-02 1.3760575326e-01
3.0125670197e-03 -4.9054597101e-02 1.4041859227e-03 4.7315126468e-02 -3.3927405194e-02 -8.7728650187e-02
-4.2404264339e-02 -4.2566199575e-02 -1.3449972010e-01 2.2290125313e-02 -9.9869118904e-02 -1.0676466132e-01
-1.7541538013e-02 -1.8591708211e-02 6.3718230926e-03 6.8756856645e-02 3.6362881745e-02 4.2410950221e-02
-7.3657001558e-02 -8.0273424086e-02 -9.5625197785e-02 -1.2059217052e-01 -8.7610910381e-02 -1.0371631765e-02
-6.1939660444e-02 8.6911994689e-02 7.6522172336e-04 1.9916460872e-01 -1.2841560672e-02 3.0384664198e-02
1.0623398895e-01 -1.0225068200e-01 1.3699294045e-01 -8.2866188373e-02 -5.1543328138e-02 1.9754564033e-02
-5.1770671617e-02 7.8797217205e-02 -1.6579866367e-04 3.8252045368e-02 7.7845411220e-02 -3.1349011034e-02
-3.4208569632e-03 5.5042190158e-02 -1.9634606075e-02 2.6262269241e-02 8.2337115483e-02 -1.5789372778e-01
-4.5011553940e-02 -5.1121703392e-03 6.2868901961e-02 6.3320516545e-02 -5.7180552841e-02 -5.0294755569e-02
-1.2104274937e-01 1.1225195317e-01 -6.3756960039e-02 6.1739298008e-02 1.1313146715e-01 -1.4477082905e-02
-5.4160534041e-02 -7.2075876439e-02 1.3474756984e-01 1.0805397899e-01 -5.2838400877e-02 -4.8314721944e-03
-6.0826173247e-02 9.6351297010e-02 9.0229184138e-02 -8.0767562279e-02 -4.3801909576e-02 -5.3291112578e-03
-1.3519126726e-01 4.4489565166e-02 1.7341044415e-02 1.7373271138e-02 6.0042500503e-02 -4.6238919588e-02
9.1290059836e-02 9.9441654008e-02 7.7066300901e-02 1.0987732893e-01 -9.6150274359e-02 3.5784584441e-02
-5.9661039834e-02 -3.1891811121e-04 1.8986704961e-02 -8.4871302351e-02 5.0922267628e-02 2.8230572102e-02
-4.0044727965e-02 1.9702103014e-02 9.5407541998e-02 -7.5808268287e-02 3.5782200982e-03 -8.9851033723e-03
-1.5898868555e-02 -4.1878206280e-02 -3.6884298266e-02 1.0646902967e-01 2.6211196548e-02 6.0310861039e-02
5.3587687810e-02 7.4222172745e-02 -1.9027879707e-02 5.4575281379e-02 1.1743194843e-01 1.2732884823e-01
-3.6163684477e-02 -4.6380805308e-02 1.6995058936e-01 -1.6173665723e-02 8.6572662738e-02 -1.0024448357e-01
-8.8427336966e-02 -1.4323513833e-01 -5.0999825333e-03 5.8910286301e-03 6.5140199470e-02 9.0407327182e-02
-6.7396063155e-02 1.2451031501e-01 1.7265316237e-01 3.7042230624e-02 1.0461422415e-01 1.8389038126e-01
-4.9787830308e-02 1.3748909532e-01 2.6975014909e-02 -7.7644833301e-02 9.8217972828e-02 -8.4719994866e-02
8.7331257010e-02 2.1895384946e-03 4.0066716102e-02 1.3559836020e-01 1.3929990688e-01 5.3245413144e-03
4.6301887321e-02 1.3202766838e-01 -1.9704511164e-02 3.2578516907e-02 -1.7933691637e-03 9.9865180001e-02
5.4540536516e-03 7.0674529598e-02 -1.3764030869e-01 -6.7090906160e-02 -3.9493106435e-02 8.2766611799e-02
9.5848834163e-02 -5.0065499276e-03 -2.1360694373e-02 -6.2673444091e-03 4.1002607501e-02 4.3999770124e-02
1.3962898749e-02 -2.9266094800e-04 -7.7372123839e-03 6.7697994470e-02 -3.5257363350e-02 5.6036120762e-03
9.9941191798e-02 5.3866828735e-02 1.1487016666e-01 7.5724618276e-03 2.5300848339e-02 -1.3927286370e-02
-1.1231346866e-01 -1.9597595796e-02 5.4301597871e-02 3.5977113979e-02 -2.5015477546e-02 1.5303373253e-01
6.7393223520e-02 -9.1900330332e-02 9.2824159836e-02 9.8555153244e-02 8.9663022344e-02 -1.6908739459e-04
4.0549729981e-02 9.8522915489e-02 -1.9528268972e-02 -7.2918570931e-02 -7.3493447211e-02 -7.4262990273e-02
-8.0627691255e-02 -9.6718363748e-02 7.7985263827e-02 1.7407558250e-01 -2.3786908835e-02 9.9322850905e-02
-1.0731491978e-02 -1.4413771532e-01 -1.4845477738e-01 -8.4355776274e-02 1.6355829600e-01 5.1102223724e-02
-2.3509328168e-01 6.8129970464e-02 -4.0367342728e-02 2.5124494063e-02 -5.5681520367e-02 -4.0350082151e-02
-3.6631502287e-02 4.7813917858e-02 -1.9072100652e-02 -1.4065316854e-01 -4.6773550490e-03 -3.6770974360e-02
-7.5833801639e-02 -6.5194637506e-02 2.9450359478e-02 -2.8690124824e-02 1.6574994108e-01 8.8750143081e-02
1.3094541666e-01 7.9753892314e-02 -7.1486190872e-02 3.5312294598e-02 -8.1262138595e-02 7.0686784277e-02
1.2934982048e-01 -8.8654529256e-02 -1.1603457995e-01 -4.4868157863e-02 -6.9482248526e-02 -1.3614385004e-02
7.1455661261e-02 -1.0381785782e-01 -1.0095192260e-01 -1.4617665510e-01 5.8404680340e-02 1.2018728125e-01
6.8972121004e-03 -4.3683452233e-02 2.4092696735e-02 1.1052190956e-01 6.5084277487e-02 -4.9729424919e-02
1.0427121226e-01 -2.7603105458e-02 -1.0227746859e-01 -6.9554493529e-02 -1.5986905962e-02 -3.9578373557e-02
1.7313597897e-02 1.0942519780e-01 -4.9573131530e-02 -9.6708689668e-02 1.6284237257e-01 2.6891485917e-02
1.5713073589e-02 5.6539815974e-02 -1.1206880124e-02 -1.4679806042e-02 1.3498881647e-01 -5.9143996619e-02
-1.2566296590e-02 4.8404652353e-02 -6.0442716800e-02 1.0424167618e-01 7.3766378514e-02 2.3640252756e-02
-8.7296839173e-03 -1.6352933926e-02 2.8258562978e-02 5.3234534118e-02 -9.9867030819e-02 -5.0715242461e-02
1.0035094453e-01 -5.2106872892e-02 -4.1046222573e-02 -1.5919072295e-02 9.9868407971e-03 -3.9149121743e-02
4.2229793829e-02 6.0528322272e-02 8.3029364921e-02 4.5947201971e-03 6.1788626018e-02 -9.0447796219e-02
-5.8767102221e-02 9.9343396248e-02 4.9042004316e-02 -3.0365514012e-02 -7.9720573103e-02 -3.5673540272e-02
5.7910958168e-02 1.7922860737e-02 2.4832196331e-02 -4.1385305751e-02 1.0164141049e-01 1.2720509925e-01
-1.7713902369e-01 -7.5947736747e-02 -8.0551564601e-02 1.8808100924e-02 7.6551315275e-02 1.6094415271e-02
-7.0460646327e-02 -5.6118463234e-03 -3.3109319641e-02 -2.3076343436e-02 5.8281306441e-02 -7.1221317521e-02
-1.0658689956e-01 6.6738236562e-02 -1.9643299201e-02 4.7315840607e-02 -6.0611955139e-02 6.4638550096e-02
4.9119601791e-04 3.2818658972e-02 -6.1984606842e-02 -1.0119354186e-01 -1.2008215248e-01 2.1143845988e-02
-1.4689551266e-01 -1.7884617781e-02 6.0880737271e-02 -1.3349874602e-01 -3.6658998479e-02 -2.9102534045e-03
2.4442799576e-01 -1.0201391883e-01 -2.5493649200e-02 -6.9855468294e-02 -1.2484802324e-01 1.4451327886e-02
-6.5991188049e-02 -5.2508969719e-02 1.0587264623e-02 1.1019746541e-01 6.6492466507e-02 1.1171096666e-01
-1.8191703522e-02 9.5572943570e-02 1.3528578628e-01 6.3441553226e-02 -2.5882869771e-02 -7.0910918134e-02
-7.5030716691e-04 -1.7577487590e-02 -1.8034628167e-01 1.2373929182e-01 -6.5799113775e-02 1.2739772826e-01
1.0838602491e-01 -1.2752850245e-03 2.4924652673e-02 -3.3326665830e-02 2.9872829745e-02 -5.1586598668e-02
1.6919459801e-01 -6.5842750978e-02 -2.0349907731e-04 6.4536789942e-03 5.3810745303e-02 6.9679827678e-02
1.0609807384e-02 -4.6473862884e-02 2.5133807252e-02 1.0779274519e-01 -2.8174104223e-02 8.7225568504e-02
-5.6968675884e-02 3.5861359488e-03 -1.3115929265e-01 -4.1837768718e-02 1.7885041884e-01 -1.3315817641e-02
2.0750021962e-02 -1.0344547384e-02 1.7748705747e-01 -4.5831245138e-02 -4.6613589721e-02 4.2758394926e-03
-1.3466623285e-02 5.2621539489e-02 6.3574860015e-02 4.1456589848e-02 1.0571929057e-02 4.5930093614e-03
8.9689766277e-03 -2.1217368938e-01 -5.7615798004e-03 -1.6953151314e-02 5.1713005436e-02 -1.4781323101e-01
-5.2761503233e-02 3.1828829298e-02 -5.1918268877e-02 -1.7518143066e-02 -1.6749086433e-02 -6.8758817086e-02
-1.4416760473e-02 3.6237411986e-02 -1.8236376652e-01 4.1046642750e-02 -4.2357294660e-04 -6.8614748124e-03
-6.9807600854e-02 -8.3548491458e-02 -3.2366871338e-02 1.5559650195e-01 -8.9117240252e-03 2.6878083291e-02
8.8808464980e-02 -1.1920705743e-01 5.6298295602e-02 -1.2053728907e-01 -5.5164436925e-02 -1.1252136080e-01
3.9164019196e-02 3.3247926293e-03 2.7343184921e-02 -1.2049484275e-01 9.4492045711e-02 -3.0731158283e-02
2.0249956357e-02 -6.9027113543e-03 1.4330191754e-01 -1.5737305755e-01 3.2007856879e-02 -1.0259182646e-01
8.9495477990e-02 1.2211337611e-02 1.0961675226e-01 1.6794045117e-03 7.0527475413e-02 -1.4443065257e-01
3.7533442729e-02 -1.7771132779e-02 2.9721472822e-02 -1.6973532264e-01 -4.7569262057e-02 4.5822697723e-02
-1.6935272624e-02 -1.1589362677e-01 6.0190184454e-02 3.0502837008e-02 -2.8665518230e-02 -2.8310504992e-02
1.9339195662e-01 7.9687752684e-02 1.4595550016e-02 -4.1973806794e-02 4.9146737098e-02 2.6499610626e-02
-5.3057370045e-02 -3.6124107321e-02 -3.2232248764e-02 1.5388453056e-01 -3.3327660144e-02 -9.5996619481e-02
3.3791363196e-02 -5.8549417828e-02 -5.7581894936e-02 1.4666232120e-02 1.8826575861e-01 -4.7480451534e-02
1.2828647977e-02 2.1219736482e-01 2.2323221503e-02 -5.5215064548e-02 5.1632993330e-03 7.8227061753e-02
-3.1676331976e-02 -4.6757255864e-02 -6.7458977655e-02 -8.8955913287e-02 -1.5164526780e-01 -4.5596547141e-02
-5.4470897947e-02 1.1050312474e-01 -4.3151352315e-02 6.8242323773e-02 3.9746197342e-02 -3.8468901378e-02
-4.4874365847e-02 1.5524408766e-01 6.0388014498e-03 1.0290052201e-01 3.6804776217e-02 -2.2180828573e-03
