1.5860170633e+00
4.0910224088e-02
1.3458637874e+00
-2.5230778812e-01
-8.8940880240e-02
-7.5064840314e-01
1.6098363087e+00
-6.5418345446e-01
1.5048628961e+00
-1.1630073095e+00
4.5140574722e-01
-2.3357864383e+00
-3.0524159734e-01
1.5240533907e+00
-3.7766240987e-03
6.7938207565e-01
-1.3924094817e+00
5.3387718540e-01
6.9518276482e-01
-2.4730020886e-01
-4.6533223821e-01
-7.3545023795e-01
8.7571461617e-01
6.5332655283e-01
3.7891238628e-01
-6.7797129937e-01
9.3978183047e-01
-2.4824085509e-01
4.8112665792e-01
-1.2816751169e+00
-1.3470936675e+00
-6.1387600906e-01
3.6156141269e-01
-1.6499153004e+00
-6.4604493966e-01
-3.3312840387e-01
1.4812704969e+00
1.7014163258e-01
-2.7580806096e-01
2.0549361683e-01
7.7947619355e-01
5.5106875975e-01
2.7872057841e-01
5.3233248521e-01
-2.1968528016e-02
1.9920878049e+00
2.5056722616e-01
2.3771767956e-01
-3.5516196796e-01
-8.9076057406e-02
1.0791834498e+00
-5.9963009077e-01
6.6064668525e-01
1.1329410368e+00
-5.2401924272e-01
2.8731428192e-01
-1.8788101492e-01
-2.4393939331e-01
-2.3499807663e-01
-5.0608755206e-01
-4.7317818319e-01
1.6065162726e+00
-1.2765461935e+00
6.4547046522e-01
-1.0878149562e+00
-6.6455475545e-01
2.1319850961e-01
-1.5359940748e+00
-4.0676122604e-01
1.3508529415e+00
7.1108052753e-01
-1.1531642385e-01
4.1833557423e-01
3.3635497522e+00
1.0771336287e+00
1.8317878374e+00
7.4224493324e-02
7.7756665510e-01
3.5228150083e-01
9.5869827344e-02
1.8396892174e+00
9.6302885524e-02
-1.7086567199e+00
4.2057741678e-01
-4.3920576804e-01
-8.3785350095e-02
7.4522572898e-01
-7.3885813736e-01
5.2463464209e-01
5.5347734741e-02
4.2859603974e-01
3.2958629907e-01
-1.5667995481e+00
