8.1259067820e-01
-7.1557017060e-03
-3.8659995218e-01
-2.6660926773e+00
2.5238990749e-01
-8.5128474184e-01
-1.7622678778e+00
1.5461996324e-01
-4.8784329010e-01
1.1661171114e-01
1.7808424145e-01
1.8069564757e-01
-3.0248711331e+00
1.8984243648e+00
1.7963343339e+00
-1.4010418090e-01
3.7072803284e-01
2.1171401151e+00
-1.9351234329e+00
3.2657387821e+00
3.2412491139e-01
8.7914880193e-02
-1.0735787949e+00
-1.7875827892e-01
-8.9923745341e-01
1.3435849223e+00
2.5134878236e-01
3.1904544450e-01
-2.2195288333e-01
3.5652927984e-01
8.0512016636e-01
1.1691123865e+00
1.2913983664e+00
2.1806245833e-01
3.1945502843e-02
-1.2291673269e+00
-2.1352849789e+00
-2.4891738167e-01
-6.5726972916e-01
-1.3994781458e+00
-2.5995606536e-01
7.9436649872e-01
-1.0270439103e+00
-1.3661926088e-02
-8.0113447963e-01
9.7458199452e-01
1.3833777078e+00
-4.5025358794e-01
1.8007628359e-01
4.8393907624e-01
-6.0757352442e-01
1.1119634900e+00
-6.3402871033e-01
3.3318924259e-01
1.3644748098e+00
1.9177032832e+00
1.1313765294e-01
-6.2030279686e-01
-9.8406198822e-02
8.0732558499e-02
2.3250881300e-01
8.6568531929e-01
1.0113442634e+00
3.4615588415e-02
-1.1419453530e+00
-2.5228160169e-01
-1.7602973284e+00
8.2821029118e-01
3.3420680156e-01
5.4765382274e-01
-1.5112168526e+00
3.4331984448e-01
5.6456751184e-02
-1.2386329356e-01
-2.7008050948e+00
-8.0773469789e-01
8.7326542941e-01
2.5827256088e+00
-6.2712915568e-02
1.6708552847e-01
2.1973171733e+00
1.1955931119e+00
5.8190455562e-01
1.1917065019e+00
-6.1770720591e-01
1.3185629810e-01
-3.0991937067e-01
-8.9534075960e-02
-4.0632242152e-01
1.0007200453e+00
1.2149039827e+00
-1.2210018873e-01
2.8563532951e-01
