1.6127000338e-02
1.1964090824e+00
9.0718232378e-01
1.5553629019e-01
-5.2105803727e-01
-4.1409802614e-01
-1.6504231534e+00
-4.9128605132e-01
-7.9957507376e-01
1.1992991601e+00
8.8387835131e-01
-1.5900650128e+00
-1.6591289523e+00
-1.8010641938e+00
1.1248455648e+00
1.2744415628e+00
4.8690222754e-01
-5.9636034731e-01
-1.0550656975e+00
6.1286323307e-01
5.3781854278e-01
-1.2159962907e+00
-2.6361749115e-01
-3.4305388347e-01
-1.1643950828e+00
-4.3461541363e-01
4.0988882733e-01
-1.0784024746e+00
1.5649219737e-01
2.7972472805e-02
9.1862776663e-02
2.9735658843e-01
1.1213641340e+00
-2.3066708372e-01
3.0198234502e-01
-8.9960043409e-01
-6.7522808292e-01
9.7944991121e-01
-1.0573804062e+00
6.2232763570e-01
-1.2726071959e-01
1.4286493138e-01
8.6577844663e-02
-5.8831160254e-01
8.3853314829e-01
-4.3949892041e-01
-3.6694184299e-01
1.4886125546e+00
2.3885593689e-01
-1.1067395856e+00
-8.6573758524e-01
8.6334381033e-01
