-7.3593400474e-01
2.0875358254e+00
-9.4738726014e-01
3.5543497924e-01
-1.0102601497e+00
-1.5526165566e+00
2.5405765482e-01
1.6050338881e+00
2.2187444893e+00
-2.7397349515e-01
5.0255625304e-02
1.0720187383e+00
-1.4357449596e+00
-3.3861908714e-01
1.2833636009e+00
9.9172217970e-01
-6.9389238084e-02
8.2747482440e-01
6.1185192516e-01
-5.9878671281e-01
-1.4379087325e+00
9.2067161579e-03
2.3428439037e+00
1.6227471349e+00
3.2053660531e+00
2.3756527003e-01
-8.8615640136e-01
-1.3769754342e+00
2.2429284360e-01
3.4381573732e-01
1.7865542920e+00
6.4919446353e-01
-2.0080793641e+00
-5.7246820962e-01
-9.1306554885e-01
-3.4144247506e-01
-1.4303629299e+00
6.0400213684e-01
1.2866671509e+00
-2.2029296242e-01
2.2815251287e-01
-1.7642520285e+00
9.4928030373e-01
5.3675470083e-01
-1.0768764671e+00
1.1587183653e+00
4.2261660238e-01
1.1471315790e+00
8.9876659389e-01
1.3803957458e-01
1.1623842329e-01
5.9814404102e-02
-2.6666995916e+00
6.9162179202e-01
