1.5969827677e-01 -3.1918104005e-02 1.3795939435e-01 1.2879887427e-01 3.1286228466e-01 1.2406197449e-01 -3.0633253174e-02 -1.9220053793e-02 -1.2103544317e-01 -3.7899550470e-02 2.0300928749e-01 2.4776510155e-01 3.8149774423e-01 8.3740182274e-02 6.8872173012e-02 -4.0818710590e-01 2.9834340286e-01 1.5879834967e-01 8.9994729099e-02 3.7504744398e-02 1.2487230298e-01 -1.2554068245e-01 -1.0688509424e-02 -1.2002575365e-01 1.4067396837e-01 4.3605796318e-03 1.2374814972e-01 4.8570242448e-02 -6.5340921659e-02 2.0603042752e-01 -8.4113123068e-02 2.0254977233e-02 -2.0013208118e-01 -1.5815156842e-01 -3.1149226829e-02 8.4823875977e-02 9.0197967484e-02 1.9538752125e-01 -2.8212170552e-01 1.0064498141e-01 1.1264867961e-01 -2.6048272249e-02 6.4670007601e-03 -1.0995630474e-01 -1.1524652436e-01 1.0198645319e-02 -1.6184081687e-01 -2.4808588296e-01 -2.3153784738e-01 3.3054812470e-01 -2.8251357120e-02 2.7720537060e-02
2.7123320247e-03 -2.4360778612e-01 -3.3745989896e-02 1.4262871427e-02 -1.1995429470e-02 1.5367449630e-01 -3.2330559746e-02 3.5150541121e-02 -1.6813822584e-01 9.6496575717e-02 1.6258871550e-01 -5.0155886816e-02 1.7850527546e-01 1.1053183019e-01 8.1171525793e-02 -3.0810593402e-01 2.9188329209e-02 -9.7616766523e-02 1.1006008988e-01 7.7223700514e-02 -1.1902793061e-01 1.3567813928e-01 -2.6530574813e-02 -1.0722915316e-01 1.2850298593e-01 -1.0256990162e-01 -1.0038462834e-01 -4.2522778878e-03 -1.4482629890e-01 -2.0756512376e-01 2.0065491454e-01 -3.3939351519e-01 8.3090044763e-02 1.0527443166e-01 2.7614800784e-02 -1.7556379216e-02 1.6926944419e-02 5.4650265874e-02 1.5249163227e-01 -7.5621738615e-02 -3.6618208271e-02 -8.6290398317e-02 -3.9146544074e-02 1.1426818668e-01 -1.3770890989e-01 1.5856057233e-02 -1.2005732884e-02 2.2195073321e-01 -1.5158167629e-01 7.0293039776e-02 -9.5656093610e-02 8.5383932825e-02
6.0657007689e-02 4.3329953367e-02 -8.5954692807e-03 2.3858451966e-01 8.0832257311e-02 -1.7606191708e-02 -6.8010188881e-02 6.0863906615e-03 5.9268305038e-03 -2.9722097746e-01 -7.8847078434e-02 9.2449773135e-02 1.8511354332e-01 1.5518228690e-01 -9.5869896237e-02 -9.6595818856e-02 1.2572264947e-01 -7.4333219622e-02 -1.1948658132e-01 -8.2449530456e-02 1.3986309627e-02 -9.4789032915e-02 1.0439442369e-01 1.2289077406e-01 -4.8514733220e-02 -7.4109230443e-02 -1.0490748676e-01 1.8477700964e-04 -1.4893207637e-01 6.1757283419e-02 1.3224702930e-01 1.0128568503e-01 -9.5102404775e-02 1.0650191340e-01 -1.7803644608e-01 -1.1583085444e-01 1.6093741529e-02 2.9448825139e-02 1.1381351908e-01 3.3250081728e-02 2.9852374293e-02 -3.3368098501e-02 -6.7370493249e-02 -1.0283754414e-01 1.3868250405e-02 -1.5796082015e-02 -1.3119496246e-01 -4.1348334982e-02 1.1738732773e-01 8.6694638299e-02 7.7198897677e-02 -1.2206584629e-02
2.0937811926e-01 9.6507065066e-02 -9.1229868805e-02 4.3593165284e-02 2.6114859341e-01 -8.0411370992e-03 -1.4642825831e-01 1.8946241220e-01 -4.6165421736e-02 -8.4209007174e-02 2.0163146521e-01 1.7665668456e-01 7.1264266508e-02 8.7459569712e-02 1.7486215107e-01 1.2816768682e-02 -3.5653312141e-02 -1.1311407623e-02 1.4378386218e-01 -8.1112129591e-02 -3.5082645813e-02 1.0394110567e-01 -1.9219416732e-01 6.8722896547e-02 3.2021745324e-02 3.5455399605e-02 2.6984565468e-02 2.6778907563e-02 -1.4553498451e-01 -1.5932229279e-01 1.2531028771e-02 -1.2245229799e-01 -4.6623196848e-03 -5.5709336146e-02 1.5120988545e-02 -3.4528185831e-02 4.0245416143e-02 -1.9703483586e-01 -3.0722909081e-01 1.1988681953e-01 3.1746818022e-02 -1.1445801629e-01 1.1425356654e-01 1.4712728754e-01 -5.7527224764e-02 -7.1493149569e-02 2.4257415654e-01 3.0365875893e-02 -5.1672230572e-02 2.3562277652e-01 -1.1393005911e-01 -6.2769918104e-02
-5.8344677766e-02 1.6892620313e-02 -2.5250887981e-02 3.5493255839e-02 2.9911882392e-01 7.6472090598e-02 9.4407775468e-02 -9.3027300112e-02 1.0730153604e-01 -1.3553381474e-01 -2.8218431564e-03 -1.5781083217e-01 -2.8361945904e-01 -5.4610789833e-02 5.7000434694e-02 -9.6426580045e-02 1.5611677775e-01 7.0597176994e-02 -2.5104422163e-02 -8.7978664006e-02 -9.4589890488e-02 1.9658549931e-02 -1.5990540335e-01 -1.4195133035e-02 6.6771923399e-02 1.2647336815e-01 -7.1261929191e-02 6.7830453685e-02 -1.9205233023e-01 1.9600882553e-01 -8.9299567980e-02 -4.2747631269e-02 1.0219153071e-01 1.2535046459e-01 8.1717698775e-02 1.6529330435e-01 7.8207179221e-02 1.6201713176e-02 3.4192067272e-02 4.9986608561e-02 3.6836133095e-02 -1.6425241006e-01 8.2462829221e-02 -6.9938556871e-02 1.0197218334e-01 5.1149649814e-02 9.9438399977e-02 -8.2680996268e-02 -1.2836014261e-02 3.1196194001e-02 -3.1917122956e-03 -1.8044989423e-01
1.5496379952e-01 -1.4074082423e-01 2.4259829217e-02 -2.2999266135e-02 1.2917043483e-01 -1.2062319325e-01 1.5289257891e-01 4.0412578683e-02 1.3784475166e-02 3.6497335346e-02 2.5598220895e-01 5.2493513625e-01 -4.5089149299e-02 -3.4451241592e-02 -7.2985057393e-02 -2.8268326372e-01 7.8908416089e-02 -6.3444243660e-02 3.2206981804e-01 5.8165824497e-02 -2.1093842582e-01 -1.0377357993e-02 1.1034650100e-01 -2.8128709423e-02 1.0708197947e-01 -1.2320902514e-01 3.2860781874e-02 1.4027406099e-01 -7.8997470428e-02 6.3810379452e-02 -2.4338228130e-01 1.9563580522e-02 -5.2905233405e-02 3.6311000519e-03 2.2083278391e-01 1.6419089521e-01 -1.1551082824e-01 1.6295527928e-01 -1.5777080709e-01 -5.8854521357e-02 -1.9585978803e-02 8.7439575568e-02 -1.2636426821e-02 -2.3774695964e-01 -4.9355240491e-02 1.2089089272e-02 6.5702408202e-02 -1.4789300360e-01 -4.0950157571e-02 7.7541894199e-02 1.6315629588e-01 -1.3257261694e-01
-1.1225991229e-01 1.6527086060e-02 -8.0292583552e-02 1.2318395594e-01 9.5188397548e-02 5.0100538082e-02 3.7764110116e-02 8.6772176841e-02 2.8997492590e-01 -3.3851997287e-01 2.7710228985e-02 1.7545938856e-02 -9.5856107087e-02 3.3942982420e-02 1.0190724359e-01 -1.1714899760e-01 -9.9830477947e-02 -1.4014312290e-02 4.1338713969e-02 2.0153009860e-02 -1.1133712806e-01 1.1053013898e-01 -7.9538863286e-02 1.4644020322e-02 3.6013084555e-02 3.1378140071e-02 -1.2312127661e-01 7.8270405207e-02 1.3517428347e-01 1.3062000023e-01 -2.3809443116e-01 -1.7290430255e-02 1.1981140491e-02 1.3641074989e-01 -9.7841322422e-02 -1.8125539816e-01 4.3634227549e-02 6.1090287979e-02 9.9816485536e-02 1.3930473230e-01 7.7619553880e-02 -4.9545895068e-02 5.7886240092e-02 -3.3206169900e-02 1.3501614044e-01 5.3400870829e-02 -3.9115087459e-02 1.3571091801e-01 -1.8879884712e-01 4.4896764473e-02 6.8167794101e-02 -2.1017156514e-02
-4.6621054318e-02 -4.0856484319e-02 -1.1005632733e-01 9.1660297949e-02 -3.0183460337e-01 -2.1582958790e-01 -1.3325743405e-01 -1.0666077202e-01 3.3565698343e-01 6.6789788186e-02 5.6413963926e-03 -1.7320918827e-01 8.6377957424e-02 9.9800873885e-03 1.4211993721e-03 -2.9721813322e-01 6.5257055413e-02 -1.4501480738e-01 -1.5249126629e-01 -1.1794172512e-01 -9.5543542511e-02 1.3774862327e-01 2.8408709675e-02 -4.9281740959e-02 -2.8949177739e-02 -2.3370844929e-01 -1.0907666361e-01 -3.2939801002e-02 -2.9301760374e-02 -1.5647081675e-01 -1.0951204156e-01 -1.3667377501e-02 -1.2050521880e-01 2.4629520555e-01 1.0877799944e-01 -8.3149659782e-02 1.1770477725e-01 -1.0848917486e-01 2.0266639614e-01 5.0288186030e-02 -3.3899208311e-02 2.7459092027e-01 3.3073107267e-02 -1.0570538124e-02 3.3824835878e-02 -5.6738910145e-02 -5.7717647822e-02 2.5407571933e-01 -1.7502340388e-01 -1.1416441470e-01 7.6171974777e-02 -1.3191088745e-01
6.5447178965e-02 -5.4441127195e-02 -8.7535914830e-03 2.8022550672e-02 2.1902923105e-01 -4.6321437620e-02 -6.1508353835e-03 -1.5350010456e-01 -3.9901059782e-02 -5.5954340582e-01 1.2659134176e-01 -2.7287202463e-01 -1.4595068226e-01 -2.9248114972e-01 -2.9673097190e-02 -4.9250772742e-01 -6.7151820309e-02 -1.4041077899e-01 -4.1277508496e-02 -7.7274380735e-02 8.4589387395e-03 5.4982667116e-02 -1.8287303937e-01 4.4304152244e-02 5.3073014989e-01 -4.5855598297e-01 -6.3351686790e-02 -1.6182528859e-01 9.5412564221e-02 5.4234076758e-02 3.9157823574e-01 -1.7607307461e-01 -8.2462440482e-02 -6.6469217582e-02 5.2735676318e-02 1.9887369239e-01 4.9899773838e-02 -1.0547451884e-01 -2.2553398289e-02 -3.2592955504e-02 6.5375328103e-02 -1.3594493874e-01 6.0878805665e-02 4.6563686404e-02 -7.9123979239e-02 8.7800604366e-02 8.6389382943e-02 8.2310544237e-02 -1.3679843468e-02 -1.3590368391e-02 1.2165388367e-01 -2.8145131043e-01
1.2658001165e-01 -7.8445850860e-02 7.8963438047e-02 -1.0228839569e-01 1.2521221663e-02 -8.5141502089e-02 4.5184904046e-02 -2.2389582567e-02 -5.9363509229e-02 -2.1402607335e-01 -1.4702747339e-01 -1.2257195483e-01 1.0881790864e-01 -2.1270622027e-03 3.5015333412e-02 -3.5176869228e-02 -7.5825147943e-02 3.1283496266e-02 -8.3349904507e-02 1.0148305901e-01 -2.0847249256e-02 -9.8647358163e-02 1.4961344765e-02 1.5911675445e-01 -4.4968394533e-02 -8.9343407427e-02 -1.7855347160e-02 -7.7406264476e-02 -4.1655623192e-02 1.0197374967e-01 -6.8100932495e-02 7.3528815676e-02 -2.5662176422e-04 4.7570687709e-02 1.0499341641e-01 2.5166140004e-02 3.2092463137e-02 3.5525642367e-02 -1.5879965872e-02 2.5395449523e-02 -4.3755016191e-02 -2.5489346474e-02 -2.0205255465e-02 -4.0296813518e-02 6.6568190985e-02 2.3804535086e-01 2.1405712139e-02 -2.5369136780e-02 -3.3713048690e-02 -5.6805905197e-02 -2.0709241412e-01 -5.5685709962e-03
-1.7274394332e-01 -1.8177194157e-01 -2.5886486655e-02 3.4139579147e-03 -1.3851055815e-01 -1.1934792272e-01 1.6850023065e-02 1.1919953432e-01 -1.1702972159e-01 1.7283710586e-01 -6.6665244600e-02 8.1127649012e-02 6.8097434339e-02 -1.1589559570e-01 5.4042792535e-02 4.7992182689e-02 -1.7277733674e-01 -3.2079003246e-02 -3.0670797405e-02 -1.3040260695e-01 3.4152030876e-02 1.6263480316e-01 9.3910172397e-02 9.3382218748e-02 -7.7649692840e-02 -6.4765708287e-03 1.1131373679e-01 7.9590942860e-02 -1.4682789999e-02 -1.5783620673e-01 -1.3979946526e-03 1.0283717158e-01 -1.5168124732e-01 2.1587265383e-03 -1.2609641996e-01 1.5572648348e-01 -3.6393673926e-02 -2.0855796836e-01 2.3709759324e-01 -2.4875170308e-01 -1.2571188770e-01 -9.5195739704e-02 -1.6320094377e-01 7.8669959643e-02 -3.3641205359e-02 -4.2608419959e-02 1.7878029734e-01 3.7026510716e-02 -1.8462568018e-01 1.4298222365e-01 3.6383728461e-02 1.8241384042e-02
-9.3573349638e-02 1.0463550215e-01 -4.3356865537e-02 -3.4284204137e-02 -1.3029183304e-02 2.6594538013e-01 2.3870262815e-02 -1.2239562544e-01 8.5135204156e-01 -4.8340751729e-01 -2.6859383261e-01 -3.8660234849e-01 -2.0136619555e-01 -4.8186038113e-01 7.0297898488e-02 -1.0375103002e-01 -1.3135124550e-01 9.5167183511e-02 4.0190445982e-01 -5.7902266026e-02 1.8159917534e-01 -2.0717684460e-02 -2.8649065447e-02 5.1212971791e-02 1.1151306187e-01 -1.9095369710e-02 -5.7681801541e-02 -2.0518969779e-01 -1.8797249615e-01 4.3855500145e-02 9.1041721063e-02 2.4275074390e-01 -2.4327131176e-02 3.2337532882e-01 -1.0566646546e-01 -3.1960031919e-01 -2.1124590239e-01 -2.0730927464e-02 -1.4864151375e-01 1.6481834270e-01 1.6256699002e-01 -4.7431802122e-02 -4.9127380851e-02 -2.7301469726e-01 -3.5500551276e-01 -1.0830209844e-01 -1.5114353050e-01 2.0068707768e-01 9.9355942755e-02 -7.5020124697e-04 -6.0571902134e-02 -3.0256961208e-01
-2.0654530742e-01 3.4972280076e-02 5.3685995253e-02 1.4972930801e-01 2.1759924895e-02 -1.2513122567e-01 2.6431195948e-02 5.5384411075e-02 -2.3423836207e-02 -3.6515391529e-02 1.4389524403e-01 5.3619504659e-02 -1.2387520438e-02 1.2836497553e-01 -1.8395082956e-02 -3.0105023473e-02 4.6420832930e-02 4.9583261692e-03 -4.8055505082e-02 -1.5670894362e-01 4.7524299054e-02 9.8675885482e-02 -2.6576139498e-01 -3.8121759137e-02 5.4788288712e-02 -1.6484147266e-01 -3.3331417551e-02 4.7433324064e-02 -6.4959829276e-02 8.0287331747e-02 1.6510377433e-01 1.9580711910e-02 -1.9012268665e-01 1.4948595383e-01 -1.7908272554e-01 -5.4409614691e-03 7.3306067021e-02 -1.6989478775e-01 6.7437734890e-02 -5.1722139317e-02 -1.0076735752e-01 3.2041678248e-02 -8.6530053234e-02 5.0552621496e-02 -2.1846922409e-02 7.8120296627e-02 -1.1345915854e-01 -3.6079117461e-01 4.3488462956e-02 3.6070380429e-02 1.6191958342e-01 -7.8737837129e-02
-7.0876317562e-02 -9.3912370033e-02 -2.5903622901e-01 2.7803044145e-02 6.5402465295e-02 -3.6976615559e-02 2.5945779879e-02 -2.9116363687e-02 -3.3067908566e-02 4.7674673480e-02 -7.7768504321e-02 3.9239120130e-02 4.7167089744e-02 -2.0975664373e-02 -1.4581660267e-02 -1.5774002901e-01 -2.0825704502e-01 -1.2505973153e-01 -6.1220330711e-02 6.7195073841e-02 -1.1623261307e-01 -1.9147159177e-01 1.1535558455e-01 4.5835236677e-02 2.6126210467e-01 9.5899865151e-03 -8.4617627981e-02 -7.0957548260e-02 1.2479115266e-01 1.9495291559e-02 -5.5130136223e-02 7.1118913307e-02 -6.7118932694e-02 -8.3749748735e-02 -3.5706973711e-02 8.8972897979e-02 3.0107960228e-01 2.0088411286e-01 -5.0755485560e-03 1.4602695494e-01 -9.3509928618e-02 -1.5824305757e-01 8.9693613512e-03 1.6310823629e-02 9.5941775249e-02 1.9080806155e-02 -1.1831066471e-01 -1.4970632974e-01 1.2297275519e-01 1.1164663421e-01 3.1764530022e-02 8.7440081060e-02
-3.3193908130e-02 1.9316807272e-01 -1.2044301831e-01 3.0102636755e-02 3.5963147242e-01 -2.2840219348e-02 -2.5197043588e-02 -2.3602887985e-02 1.4789460046e-01 4.6923128284e-02 1.4294606342e-01 1.4085654911e-01 -1.7330409219e-01 3.0694089483e-01 -3.4456303217e-02 -6.4687695922e-02 -3.9905594955e-01 -4.8169611976e-02 -6.5271281310e-02 8.8655706235e-02 -3.3032222041e-02 -1.2929676869e-01 -2.2749915507e-03 -8.0519331084e-02 -1.8018146810e-01 -6.5644857718e-02 -1.1262367180e-01 1.3808142588e-01 -1.0137868847e-01 3.2289555354e-02 -2.4720524227e-01 8.6964147522e-02 4.4148989766e-02 -1.6458064276e-02 -6.9338842552e-02 -2.1566109986e-02 9.4984268500e-02 -3.3145249126e-02 1.0316262704e-01 3.2965264518e-03 3.3622031942e-02 -7.3694937875e-02 3.1085972099e-02 -6.0285975080e-02 3.3683321656e-02 7.8671555247e-02 1.5148426585e-01 -9.9349556674e-03 -3.8847444301e-02 1.9063909433e-01 -1.1992322588e-01 8.1460767813e-02
2.4190556122e-01 4.4238840289e-03 8.6741052217e-02 2.3072769754e-02 1.4401674054e-01 1.0590588000e-01 7.4600286298e-02 1.2962282795e-01 -1.2322661917e-01 5.0686812636e-02 7.2141532239e-02 8.7598235945e-02 9.4153231732e-02 1.7454474918e-01 1.1466460439e-01 1.4978795985e-01 1.1811994699e-01 -3.5179995240e-02 -1.7090806944e-01 6.0623828639e-03 -1.2457749324e-01 1.3924691481e-01 -4.8460824938e-02 -6.7248190506e-02 1.2073383664e-01 -1.7141187455e-01 -7.3733118251e-02 -2.5887750045e-02 7.8790489259e-03 -3.4374281224e-02 1.7339335842e-01 -5.9593918679e-02 1.9814413870e-01 2.6551416201e-03 5.9637561690e-02 -2.9620908385e-02 -2.0276495722e-01 5.3274626480e-02 -4.3666913031e-02 1.6469055647e-02 2.1686001359e-02 1.0468783862e-02 2.4974672135e-01 -1.7407300602e-02 -2.4261428379e-01 4.5120380449e-02 -1.8487519213e-01 -1.1397431160e-01 1.7712659354e-01 1.0078973365e-01 -3.4324557927e-02 6.0200903233e-02
7.5397597595e-02 -3.7507233625e-03 -9.2751591610e-03 2.9340209779e-01 1.5450535074e-01 -5.1955917768e-02 -8.8240194257e-02 -5.1425777601e-02 -1.4154448190e-01 8.3495078840e-02 -1.4781975413e-02 -4.1667494424e-02 9.1151079779e-03 4.3856980260e-02 -2.1284926943e-01 -9.4590615189e-02 -1.6561374035e-02 1.3250299820e-01 1.3394445126e-01 -1.8275320115e-02 -1.2966634640e-01 -7.4872645412e-02 3.6551509569e-02 3.2468824288e-01 -8.8982805864e-02 -2.9203182818e-03 7.9512193245e-02 1.4478762922e-01 1.9046452640e-01 -7.8774481258e-02 9.5502890853e-03 5.0209005830e-02 6.5877133128e-02 4.2978638623e-02 7.2291063878e-02 1.4031243853e-01 -5.9795718522e-02 -1.2159304815e-01 4.7893488247e-02 1.3018381685e-02 8.3201564598e-02 7.4272501081e-02 5.2064325771e-03 1.0645633519e-02 -1.2891791761e-01 -1.5120467390e-01 2.1316504586e-01 1.8637916144e-01 -4.5922033150e-02 -1.4873027547e-01 -4.5492221753e-02 8.3320073785e-03
1.4581985871e-02 -1.0077478962e-02 -2.2374668727e-02 -1.7894544862e-01 1.3988460198e-01 3.0578945613e-02 1.0318151386e-01 -4.2678276464e-03 9.8267501468e-02 -9.6056432942e-03 -9.6682127958e-02 -1.1706754389e-01 -1.4092186335e-01 2.6457559911e-01 -1.3626936946e-02 -1.0504418943e-02 -1.4367513669e-01 -9.0296990945e-03 -8.4249349865e-02 5.1390983112e-02 -7.7722889981e-02 1.2094396368e-02 5.1896218178e-02 -7.7003024438e-02 -1.5496995221e-01 -1.1081963934e-01 -9.3244233848e-02 9.3005974149e-02 1.3563504017e-01 -3.8114864733e-02 2.4749058846e-02 -3.5054124468e-02 -1.2688259394e-01 8.7813206858e-02 -1.0923649039e-01 -9.1495782766e-02 1.9972904643e-02 1.0789228339e-01 6.8462254952e-02 8.0775157898e-02 1.1886992833e-02 -7.4183743678e-02 -6.5999962041e-02 6.4308168772e-02 -6.8944190236e-02 4.4529410804e-02 1.4005150175e-01 2.0127407371e-03 -2.7250370600e-02 -1.8086813349e-02 1.4506300309e-02 6.0642694416e-02
-1.3769050973e-01 1.6774319688e-01 -2.1328590587e-01 9.6233997132e-02 -3.3005551861e-02 2.6131788808e-02 -1.3644196796e-01 1.0373406469e-01 1.6425019570e-01 1.5131622515e-01 -1.1201167815e-01 -7.9894679218e-02 2.0028180615e-01 1.5175102169e-02 -1.1057080110e-01 1.4964334835e-01 5.6915963937e-02 7.9337739542e-02 7.6914813890e-02 -2.0456762928e-02 -1.8833504500e-01 1.0873667826e-01 5.3799218794e-02 1.5869181246e-01 1.0688901726e-02 -1.5087747410e-01 -5.2890255149e-02 1.1887598820e-01 9.9176226211e-04 1.0990091222e-01 1.4546803950e-01 1.2554863667e-01 -2.7600498589e-01 -2.9181940962e-04 -2.6488853274e-01 8.8865391609e-02 -5.0981500233e-03 1.4415795835e-01 -1.6808986620e-01 -1.9491944573e-01 -9.3563860872e-03 2.2030001320e-02 -9.4046569735e-02 4.7723381450e-02 -1.1786529929e-01 3.6834404879e-02 -9.3526318237e-02 -5.8723206583e-02 -6.8877230850e-02 -1.5180407629e-01 -8.5791975610e-03 -1.6341788174e-01
-4.8662215173e-03 -7.3695275703e-02 2.3210641890e-01 1.1511624859e-03 -8.5913720399e-02 3.2868367456e-01 -1.2621578801e-01 -1.8377840330e-01 3.8769690431e-01 -3.1531396088e-01 1.9647536581e-01 2.8761166818e-01 -3.9734996697e-02 9.1703421594e-02 -2.8108069141e-01 -2.0938985102e-02 2.8122309795e-02 -2.4574586022e-01 2.7487890906e-01 -1.2576993408e-01 1.5255003364e-02 9.8867391187e-02 -1.9165434994e-01 -1.8974252296e-01 -1.0822277388e-01 -5.8479615780e-02 8.1306515558e-02 1.3896828534e-01 1.5938967135e-01 7.3734575910e-02 -1.4490467523e-01 -2.3245161120e-01 1.6854191275e-02 6.2379999434e-02 -9.5694404540e-02 1.2522413281e-02 -1.0031495049e-01 -2.0363286717e-01 1.2014312463e-01 -2.9035605777e-01 -1.6797336080e-01 2.1936972172e-02 -3.0743949754e-02 -1.1298024500e-01 8.4452791411e-02 -8.3494090158e-02 -1.8055150507e-01 -6.0356528103e-02 -2.0986873279e-01 4.1233887054e-02 -2.9123488107e-02 -1.6438324599e-01
1.0377737543e-02 1.5368782429e-01 -8.4622353435e-02 3.2495683801e-02 -5.0127016806e-02 -1.1632587128e-01 2.3731918727e-01 1.0082548334e-01 1.0528150353e-01 -9.5543047779e-02 -1.7601263912e-02 -1.6470142850e-02 -1.9279306067e-01 1.6863148904e-01 -4.8096946684e-02 -6.1397186348e-02 5.5262016144e-02 1.0937283469e-01 -2.9822227726e-01 9.8926404919e-02 -1.3284656258e-01 1.5541586331e-01 1.2717055398e-01 1.0698760446e-01 -1.8575857312e-01 -6.1183176677e-02 -5.8137968888e-02 -5.6360654996e-02 -7.3830919006e-02 -4.4889627758e-02 8.9914917376e-02 -8.5544475297e-02 -3.4906294462e-02 -1.4919441420e-01 -1.3355680513e-04 -2.8349235740e-01 -6.0858973865e-02 1.4469389955e-01 -1.5595430151e-01 1.1727919096e-01 6.1178677401e-02 7.8565931383e-02 1.2872783097e-01 2.7183672364e-01 1.0016275464e-01 -2.3353498477e-01 2.9255221101e-01 -1.6368050356e-01 -8.9573412513e-02 1.4766792972e-01 -7.4363551904e-02 -1.9593711309e-01
1.2352354109e-01 5.1263145123e-03 -1.6505210150e-01 5.9666627882e-02 6.7644493296e-02 -8.5149077727e-02 7.9841973365e-02 -1.0579415957e-02 3.9754063850e-03 1.9083917963e-01 -6.4313593183e-02 2.3758138037e-01 -9.3522027306e-02 1.4231190249e-01 -3.8118411212e-02 6.5098898581e-02 -9.2315187425e-04 1.4485752562e-01 -3.0129810810e-02 1.8688881804e-01 9.8250177464e-02 7.2843740021e-02 -3.1178106879e-03 2.1182569252e-01 1.6270455334e-01 6.7253372914e-03 -1.9037501729e-03 -8.0382515003e-02 2.1622476171e-01 -4.7212465967e-02 -7.1998027256e-02 -2.3862719846e-02 -1.5549972911e-01 1.4677981270e-02 -4.9014989595e-03 5.3824249172e-02 3.3476612571e-02 -2.0247415924e-01 -4.9780129773e-02 -1.0292379641e-01 -1.1997044726e-01 1.6718708486e-01 1.1135745939e-01 2.2929317507e-02 3.0626294026e-02 9.7492541274e-02 2.2977513213e-01 -1.6121210668e-01 -4.1631120532e-02 -6.7856941246e-02 1.9386664602e-01 1.1829140380e-02
8.4192163321e-02 -1.1154536087e-01 -2.2740991457e-01 -9.4206723375e-02 -2.2292751647e-01 1.5425150186e-02 1.0871025110e-01 -2.6366673784e-02 -2.4573811496e-02 1.7966272372e-01 -7.4229452997e-02 1.0818213095e-01 1.6176640793e-01 -4.3187588823e-02 1.2041901274e-01 -1.0507722137e-01 6.7723370370e-02 -1.1728009741e-01 6.0675250591e-02 -1.1427314290e-02 3.0306474138e-02 -1.7351993273e-01 1.5170572466e-01 2.4530170361e-01 1.7795602663e-01 -5.4875099473e-02 -9.0720510484e-02 1.5888009165e-01 -3.0668408449e-03 5.9722590096e-02 7.0561263517e-02 2.2401157491e-01 -9.1619824403e-02 8.0200259140e-02 4.1373364607e-03 -6.9757758738e-02 2.5230432870e-01 -5.4761637004e-03 1.4116733815e-01 3.3017335139e-03 -1.4224099518e-01 -8.8449873624e-03 1.5097650403e-01 1.4417413433e-01 -1.2010410197e-01 6.9327058629e-02 5.6172917365e-02 -7.9680004750e-02 2.4721581459e-01 -2.1244795161e-01 1.6857824569e-01 9.4935246173e-02
-1.6953194777e-01 -3.3509642536e-02 -3.2911945996e-02 9.8562443633e-02 2.1161372702e-01 -1.5754501721e-01 1.7536543016e-01 -9.4343757053e-03 7.6440332626e-02 -2.1986248075e-01 7.6160276338e-02 -1.3418151254e-01 2.8311933642e-01 5.9036182925e-03 1.2183455510e-01 -1.4952874422e-01 -1.4346234092e-01 5.4872810541e-02 -5.4981360404e-02 -4.1552819951e-02 -2.5822276512e-02 2.0573538038e-01 1.2224976957e-01 -6.6545744314e-02 -8.4349824343e-02 -1.2417123413e-03 2.2819143012e-01 5.7277604120e-02 5.7405750464e-02 6.8415643110e-02 1.6160684502e-02 2.7423093602e-01 1.3253985319e-01 1.7178389752e-01 1.1979085836e-01 -2.5759465243e-02 -9.3154308829e-02 2.0785133143e-02 9.0363359566e-02 3.8279006617e-02 -1.0164924694e-01 1.5192198717e-03 9.8279247871e-02 1.3428694578e-02 -3.1549829342e-02 -3.8585280441e-02 3.4036745007e-02 -1.2984224050e-01 -3.9664104422e-02 9.6202470201e-03 -2.8068102475e-03 3.6587212207e-02
5.9110324977e-02 -1.2389457089e-01 -3.7938668214e-02 -9.1693740440e-02 -2.3887116342e-01 -9.1733194268e-02 2.5497256591e-01 1.1131419128e-01 -2.6222570073e-01 -6.2897800026e-02 -2.0347512205e-01 1.5601863123e-01 5.0150839129e-02 6.1544608718e-02 -2.1227704420e-01 -2.5519755061e-01 -3.7326044001e-02 1.6199542572e-02 -1.4037793913e-01 -1.2726669316e-02 1.5015134082e-01 -1.0667677507e-01 1.5267182539e-01 -1.5048183937e-01 1.2510501467e-01 -6.6053621077e-02 1.1772104182e-01 -8.8005115040e-02 -6.1427471788e-02 4.0210840311e-02 -7.4934930172e-02 -3.3863768314e-02 -6.2881198501e-02 2.5667783456e-02 -3.8056663945e-02 4.2653553503e-02 -7.7059427412e-03 4.6870084309e-03 1.6444908627e-01 1.3038685556e-01 -6.1420290627e-02 2.9836789026e-02 -7.3821618894e-02 5.8327443858e-02 1.1462104982e-01 1.2321024122e-01 5.2160696423e-02 -3.8577443729e-02 -1.6533396451e-01 8.7726860079e-02 -6.6135354463e-02 6.4893476890e-02
-1.1914987078e-01 -4.5361446238e-02 -8.4721192359e-02 -8.9298766164e-02 9.7759292799e-02 6.0839239972e-02 -1.3979174613e-02 -1.5452541283e-01 2.6850412187e-01 -4.0809034053e-01 1.5573397474e-02 -9.2547770230e-02 2.3805525512e-01 -2.7272957108e-01 -5.1152775082e-02 -1.4286340985e-01 -1.3770625853e-01 1.2124201040e-01 -1.6479400156e-03 -5.1425464863e-02 -2.2779834192e-02 2.6043952791e-01 -1.9766053261e-02 -1.4713031151e-01 4.5633991576e-02 -9.3706488398e-02 -3.1159976608e-01 -1.3581597937e-01 1.0193720643e-01 9.9079176092e-03 9.1873904466e-02 7.6286154840e-02 9.0882295968e-04 -7.4019068788e-03 1.2059784804e-03 5.4734934013e-02 3.5462410049e-02 -3.7815079187e-01 -8.2030837858e-03 -1.3954220307e-02 -1.5790788174e-01 2.3688112495e-02 -5.1944728121e-03 8.7674691851e-02 -2.5166127485e-01 1.5242072252e-04 1.3269840005e-01 -2.3879006555e-02 1.1141738952e-01 1.3473212407e-01 -5.0804796618e-02 -1.6988900532e-02
-2.2366994085e-01 2.1152787948e-02 1.9293556570e-01 -2.3995072049e-01 -1.2817760010e-01 2.1638976092e-01 8.5413323558e-02 -8.1351986791e-02 -2.0381916442e-01 1.3429223025e-01 1.5423842230e-01 8.4976146997e-02 3.8849876495e-03 9.4719449273e-03 -1.6653147769e-01 2.0949345264e-01 -1.3092222118e-03 -9.4296606423e-02 1.7828713384e-01 -1.8966335823e-01 1.3175769717e-01 -4.6794003234e-02 3.4876648581e-01 8.9037643448e-02 1.7840242985e-01 -5.6355635570e-02 -6.2670083483e-02 8.9149712786e-02 1.0209357597e-02 -1.8796975242e-01 1.0141527678e-01 2.3892173576e-03 -3.1186219834e-02 -8.9709820381e-02 8.9272121254e-02 2.3178857371e-01 -7.2447741923e-02 -1.3024563037e-01 3.4823675623e-02 -1.1268024216e-01 3.4947411034e-03 -1.9899975901e-02 -8.2397264358e-02 9.1374988623e-02 -3.5110050492e-02 -1.5158016347e-01 1.1544337349e-01 1.4990537414e-01 -9.3350515759e-02 1.4232077610e-01 -3.7512586613e-02 5.4301703001e-02
-4.4766876891e-02 2.9572164796e-03 1.2300726844e-01 -2.2441241367e-01 -5.5344501094e-02 -7.0818211535e-02 7.6060903275e-02 2.3254443401e-02 -2.4654180763e-02 1.1326000439e-01 -1.8940974471e-01 -1.4366844046e-01 -1.2456250505e-01 3.0515429662e-02 2.8766845165e-03 3.4892467581e-02 5.1760225180e-02 2.7924888231e-01 1.2758139178e-02 3.1884016747e-02 1.6108331713e-01 3.4844496678e-02 5.4593891741e-02 9.9432711446e-02 -5.4012006499e-02 4.4823258565e-02 -1.9952118309e-01 -8.7246463329e-02 -6.4562930634e-02 8.6123951187e-02 -6.9516764600e-03 -1.3148040675e-01 1.0626686481e-01 -6.9083976142e-03 -7.9274588510e-02 1.7646058019e-01 1.1891144218e-01 5.1346259054e-02 -3.5108319331e-02 -9.4200534540e-02 -7.2585516984e-02 -8.3743699431e-02 7.6144751752e-02 2.8665544951e-02 -9.9145569435e-02 -2.9110759448e-02 3.8196834461e-02 -4.2661548642e-02 -2.8480926203e-02 -2.5160833563e-01 1.1669665691e-01 -1.8948307014e-01
1.5917644152e-01 -1.2494690641e-01 -1.1006508093e-01 -4.2718184998e-02 -4.1485494316e-02 -6.6846333537e-02 1.1563236206e-01 -3.6224700307e-02 7.8263300979e-02 7.5948456032e-02 -2.3032127849e-01 -1.3613172583e-03 2.0815557066e-01 -1.3373398192e-01 -1.0811538603e-01 -6.1139968023e-02 1.0184700631e-01 -1.1896465852e-02 4.1059471498e-02 -2.5162762331e-02 -1.3650459021e-01 -6.2021113038e-02 1.4002959578e-01 -9.5054117002e-05 -1.3885728186e-02 5.0621027444e-02 8.0256664984e-03 2.4367962246e-02 -7.6675072378e-02 -1.4352287272e-01 -9.5130497858e-04 5.9085452068e-02 6.5375005391e-03 -1.3568870454e-01 -3.9500895810e-02 -1.1159066941e-01 4.6245127127e-02 1.0423874531e-01 1.0222236687e-01 7.8372993878e-02 -1.5642137698e-01 -2.1902263541e-01 -3.3281148176e-02 5.0614819162e-02 5.1721671407e-02 -2.0626758587e-02 -1.1961596418e-01 -1.3303413225e-01 -1.5088770040e-01 1.0463988637e-01 -2.6412976700e-02 1.7489101284e-02
1.0211050233e-02 -1.7385695718e-02 9.8401094708e-02 -8.5776979069e-02 4.6627363771e-02 1.2320418534e-01 9.8752915183e-02 1.2389693621e-01 -3.6591211538e-02 6.7898668456e-02 -3.8873826131e-02 5.4579823948e-02 -2.5884130154e-01 2.5677169663e-01 6.6343684116e-02 1.5735650785e-01 -8.4052062674e-02 1.6179216966e-01 4.8203012453e-02 -4.6128217422e-03 8.0628401524e-02 2.5705215455e-02 -4.2553201138e-02 -2.5240674216e-02 8.5384229926e-02 6.6652751288e-02 -2.1459835413e-01 1.9853788546e-01 -1.2985051934e-01 -3.2095221578e-02 2.6154337921e-02 -1.1007251418e-01 -2.9725051231e-02 5.2559527015e-03 3.0046095144e-01 2.1066445765e-02 2.2125466202e-02 -1.6101691792e-01 -4.7474553587e-02 5.9359532426e-03 3.8442295105e-01 1.6736294143e-01 3.4839771527e-02 -3.9236007142e-02 -1.6650866170e-01 2.2635638350e-01 8.0580011361e-02 7.2485497113e-02 4.3043155509e-02 -5.2710058597e-02 9.0984897744e-02 1.0807299907e-01
5.2034292458e-03 -1.6237543460e-01 -5.0303652243e-02 9.7862280688e-02 -1.2523552112e-01 -7.2699564182e-02 8.4139729591e-02 -1.0712577738e-02 2.7123164279e-02 -1.2823936100e-01 4.5822602884e-02 -1.9171002385e-01 5.8342582495e-02 1.2674262621e-01 8.9336386107e-02 -2.3453361538e-01 -5.9512159408e-02 -9.7005808951e-02 2.8346165656e-02 -9.6931963269e-02 -4.1834156768e-02 1.7432481112e-01 9.6983989750e-02 -1.1555488277e-01 2.0440797405e-01 1.4044039683e-01 6.9198714897e-02 -8.2796198096e-02 -9.9522276933e-02 -1.7720587316e-01 8.6600812157e-02 -1.2888031825e-01 3.2224728402e-02 -1.5566562121e-01 1.1366213632e-01 -4.6000251320e-02 -2.3152259787e-01 7.2167173496e-02 -3.3144515905e-02 8.6351644269e-02 8.8993104124e-03 1.9281883488e-02 -1.9796135657e-01 2.4782270097e-01 1.1145307534e-01 1.0972223808e-01 1.4081665570e-01 -1.7497246827e-01 2.8609508944e-02 2.1849860780e-01 -2.4125820668e-01 -1.6313947134e-01
6.0951850324e-02 -1.9139164137e-01 -1.4472606631e-01 -8.8040561682e-02 -5.6390822910e-03 1.6415031560e-02 1.0848134611e-01 -8.3212074434e-02 -5.4876820532e-02 -1.1762261213e-01 4.8670427966e-02 -2.8818171919e-02 6.0243491064e-02 -9.7084034046e-02 -1.8312394804e-01 3.7479875057e-01 2.5562743877e-02 1.7078450245e-01 3.7305564086e-02 -5.0920142082e-02 -6.6274556954e-02 -4.0242985761e-02 5.6742726174e-03 -2.6931442852e-02 -1.6152655071e-01 6.4263346685e-02 2.0651170982e-01 1.6881710272e-02 -7.2082215881e-02 1.3876011296e-01 -6.5092511841e-02 1.0823053837e-01 -5.2657245269e-02 -1.3489196887e-01 -1.0781079380e-01 7.6905299333e-02 9.1895099657e-02 2.6173845955e-03 -3.9812410569e-02 1.0611683922e-01 3.8504960471e-02 -1.9457259020e-01 -8.1896581314e-02 -1.7663172782e-02 -1.2827896453e-02 8.2810548960e-03 1.3023455263e-01 -2.8907884343e-02 -3.3736946313e-02 5.1995814695e-02 5.2379975844e-02 -6.2736997029e-03
1.0721278091e-02 8.2738133470e-02 7.6324860868e-02 -1.5303548391e-01 -7.4520740088e-02 -1.0495407946e-01 6.0189584623e-02 2.1762240831e-01 2.0182368017e-01 3.0080777719e-02 1.4608832658e-03 -5.5291655604e-02 5.3426469231e-02 -7.9444011802e-03 1.9683373741e-02 4.1194332175e-02 -1.0487657212e-02 -1.0276919984e-01 1.9434296915e-02 9.7492645407e-03 -1.5062751003e-01 -1.5534529981e-01 -7.5737817608e-03 -1.3605538473e-01 -7.4869256599e-02 -9.2133513856e-02 1.1719652756e-01 2.9613455502e-02 -4.8622144458e-02 -1.2092189614e-01 2.6122428134e-01 4.9652329841e-02 1.7248071350e-01 2.5024317128e-02 1.6126987921e-01 -9.7947270920e-02 -1.2886162392e-01 6.3774852797e-02 -8.5048796823e-02 -1.3715783121e-01 1.0906450401e-02 2.7427000490e-02 -8.0736621622e-03 -6.2034749101e-02 1.2261813791e-01 -1.1295661956e-01 -1.0396473902e-01 4.1701970538e-02 1.6482931669e-01 -8.7735438641e-02 -9.6086698160e-02 1.0157405035e-01
-8.9191492372e-02 -4.9013189420e-02 -8.3791526453e-02 -1.4560290738e-01 -7.6343122275e-03 -8.1682376023e-02 3.0898604042e-01 -3.5623094847e-02 1.3082294369e-01 -1.7624385305e-01 -2.9613636937e-01 -1.9713411444e-01 1.0982173530e-01 5.3041415269e-02 -2.0488234970e-01 -1.5243136433e-01 2.0695328730e-02 1.8636401128e-01 9.4026793742e-03 7.0180866170e-02 -4.4612807937e-02 -5.5360849893e-02 4.0223657341e-02 -1.2919239079e-01 4.0489411311e-03 6.3788938274e-04 -1.1842482426e-01 -1.6486820091e-01 1.8149720454e-01 1.4411789574e-02 -4.2946265587e-02 -1.0929846262e-01 -9.0169455110e-02 -1.7361652278e-01 3.5060508615e-02 1.8579810343e-02 3.8078791771e-02 -5.3255533135e-02 -2.0454762522e-02 9.9490401624e-03 6.7631210543e-02 1.6180349885e-01 1.4219362350e-01 -1.4208792176e-03 1.4975777888e-01 1.1264223516e-01 -1.4749819846e-02 -2.8416296905e-02 8.6899809515e-02 2.2662192478e-02 -8.8430867187e-04 -8.5030176976e-02
-7.5658380822e-02 -4.9224964819e-02 -1.1857212615e-01 4.8946661938e-02 -1.6428436515e-01 2.1298221659e-02 6.9444319215e-02 -4.8687234473e-02 4.5222840017e-02 -5.9879643163e-02 1.7580876973e-01 -4.2197333035e-02 -4.3939182350e-02 1.5244182471e-01 1.1337576673e-02 -1.4576804526e-02 -7.4328848166e-02 -6.0105190583e-03 -7.8557774507e-02 -5.1137168786e-02 -3.3922608054e-02 -1.6828749548e-01 -1.1100358078e-01 -3.3775441403e-02 4.7738654989e-02 -1.6936400558e-01 3.3228926316e-01 1.4721599725e-01 2.6278477190e-02 2.3410649493e-01 5.4443839210e-02 7.2673185489e-02 -8.2429450781e-02 -1.2413871539e-01 -8.6898713601e-02 3.9757108661e-02 1.3186044388e-01 1.2847487927e-01 8.6030123311e-02 -8.3131061100e-02 1.4203857516e-01 -9.9918740426e-03 -3.8573338349e-02 1.2325609097e-01 1.1063089081e-01 -1.2978955180e-01 2.1406010607e-01 -7.4979549488e-02 1.1914518677e-01 -1.5597630967e-01 -6.9531622990e-02 -7.6813202866e-02
-1.4400783259e-02 1.7580894146e-01 4.2576649662e-02 9.8093256553e-03 1.0273635309e-01 -7.9527688033e-02 3.7338917728e-02 -5.2212730248e-02 4.9567881338e-03 -1.5884740658e-02 1.3600804768e-01 -5.0986870513e-02 2.0299195027e-01 1.2577268773e-01 -8.0414348382e-02 -1.3433773996e-01 1.2593134476e-01 -1.1205195004e-01 -4.3019368416e-02 -5.1328509168e-02 2.1113788525e-04 6.5498626583e-02 1.9316602431e-03 1.3222886780e-01 9.3340264148e-02 1.3717805904e-01 4.5073567554e-02 -3.7259857012e-02 -2.2019223565e-01 4.0953294058e-02 -1.2112379230e-01 -1.3128160428e-01 3.6352230328e-02 2.2128921806e-01 2.9803604380e-02 -2.9517540291e-01 -2.4295120425e-01 -3.2603477624e-02 1.9234836560e-01 -1.0704532326e-01 -3.4816798658e-02 1.7133609986e-02 -2.2342246039e-02 -2.4655195543e-02 -3.3538486044e-02 -1.3511727867e-01 -4.6518687290e-02 -1.9885764023e-01 1.8776252320e-01 2.4908958418e-02 1.6876303224e-01 7.8783618173e-02
-9.8754754850e-02 5.1303170218e-02 -5.7923407207e-02 7.9653335667e-02 1.1064260905e-01 3.4465275786e-03 -1.2206149800e-01 -6.0898432155e-02 1.0302960745e-01 -7.3368398528e-02 -1.6896807965e-01 1.2177498621e-01 -4.4108131834e-02 -1.8226795977e-01 -5.8946235395e-02 8.7192775597e-03 -5.9034663264e-02 5.3639126789e-02 -2.2358456574e-01 -3.4767587162e-02 6.5533404963e-02 -2.1025917037e-01 -5.4849543668e-02 3.1186215283e-03 -1.0874136590e-03 8.9950700710e-02 2.8135142345e-02 -1.7531905082e-02 -5.6803912559e-02 1.6463394218e-02 -1.5956825519e-01 -9.0560742137e-03 7.9593791857e-02 2.2581683265e-01 -9.5667336888e-02 -3.5565631498e-02 -2.1420855073e-01 2.1432457176e-02 -8.4662004499e-02 4.5571456484e-02 9.8911027547e-02 1.6077828897e-01 9.1421453229e-03 2.0967234816e-01 4.7430787329e-02 -7.9836881387e-02 -1.4119716685e-01 -2.1633076951e-02 4.8800681757e-02 4.6551907769e-02 9.6058738957e-02 7.3793872641e-02
2.9977603168e-01 -1.0702078854e-01 1.1705174211e-01 8.3279443960e-02 1.0594908908e-01 -2.3926347290e-01 1.7525286942e-01 1.5394269926e-01 -7.2096159991e-01 -4.7948984316e-01 7.9223723648e-02 1.1735025295e-01 5.1194130441e-01 2.4731276131e-01 -9.7308651655e-02 3.1502713594e-01 6.2326908284e-01 -1.1342517849e-01 4.7197318093e-01 -1.0381337956e-01 6.1196143113e-02 -4.9540648198e-01 3.6509117060e-02 -7.6571543610e-02 2.5991560594e-01 5.0008620825e-01 -1.8121227334e-01 9.3527042167e-02 1.7013991892e-01 2.8723957593e-01 -4.5404316134e-03 1.3969164154e-01 4.2658220707e-02 -9.4188949213e-04 1.3071621305e-01 2.0017242649e-01 -4.6785568692e-02 -7.2345508709e-02 -3.7953256916e-01 1.9481538967e-01 1.6676944976e-01 3.6892400127e-02 -2.1503987962e-01 -7.5438506359e-02 -8.1008001412e-02 -4.3659565915e-02 -2.8659189328e-01 -3.5460401165e-01 -1.1048087217e-01 3.1326257375e-02 -1.0232186376e-01 2.4897669779e-01
1.1150729593e-02 -1.3217779054e-01 5.1432151265e-02 2.0586269480e-03 -4.0546021706e-03 -1.8906027219e-01 -6.2562610853e-02 3.0729785184e-02 8.4143238204e-03 -1.7716854743e-02 1.8624723237e-01 1.0020840150e-02 1.3401308825e-01 8.1105962804e-02 7.0148279716e-02 -2.5555205934e-02 1.7035858747e-01 -3.9063378693e-02 -6.9592771016e-02 6.7150531483e-02 -9.1545704062e-02 4.7641732973e-02 7.4614907570e-02 8.0311992435e-02 3.6518497444e-02 1.4419816840e-01 5.7675908278e-02 -5.0686721392e-02 4.1874332659e-02 1.2507630477e-01 -1.3742477757e-01 -3.1019581568e-02 -8.7489678663e-02 -1.1990103558e-01 1.5662732966e-02 -8.1953978144e-02 2.5483321733e-02 3.5118209278e-02 9.8947451197e-02 -1.2754334593e-01 -4.7108759504e-02 1.3676456842e-01 1.1159432223e-01 1.0115917189e-01 1.3676321990e-03 3.8029314490e-02 -2.3908932870e-02 -6.8567867340e-02 -1.6579314115e-01 5.2381151535e-03 2.9998036030e-02 -1.3290542089e-01
