6.2391326653e-01
-7.3243502491e-01
-2.7461817741e-01
9.5211057234e-01
-1.6333219247e+00
3.5213579966e-01
-1.1369527976e+00
2.6338221769e-01
-4.3370511466e-01
9.6866245420e-01
-9.7706446497e-01
-2.7143195281e-01
2.9385101254e-01
1.0096061145e-01
-3.1313090655e-01
8.8088421294e-01
4.5559193719e-01
-8.1041112491e-01
-1.5801371964e+00
1.3916040047e+00
-1.8794331758e-01
1.4554880723e+00
-2.2002641009e-02
-1.3026973353e+00
1.7389297172e+00
-1.7863546148e+00
-1.6158224439e+00
8.8642832357e-01
-1.4259757775e-02
-4.8263508483e-01
-7.6804857407e-01
5.6170412047e-01
-1.2764266065e+00
-1.1140339133e+00
-1.9848940939e+00
2.7806195490e-01
-6.9645749590e-01
-5.1632211862e-01
-1.2593118992e+00
-1.0923403298e-01
1.7594513413e+00
-1.4109302504e+00
-9.2149504930e-01
-6.7569243654e-01
3.1043379829e-01
-1.4409965936e+00
2.3595890361e-01
-1.4049670757e+00
3.5414576436e-01
1.2231107914e-01
-2.3787145035e-01
-5.6411556160e-01
-6.1132863183e-02
-8.8774582599e-01
1.2594274957e+00
-5.4085386807e-01
2.2349810031e+00
-6.6893794732e-02
1.5383923533e+00
-5.5750418624e-01
-1.0359177771e+00
2.6084000385e-01
8.0614101473e-01
8.6631849713e-01
-9.0061683128e-02
4.2543107153e-01
9.6559079411e-02
1.3792254602e-01
-5.6909333614e-01
-3.9667090099e-01
5.5707066910e-01
8.4319810599e-01
7.3011059409e-01
2.6414765619e-01
-9.9098698143e-01
-2.8938425541e-01
1.7719411851e-01
8.2448917530e-01
-1.4832558664e+00
1.5006771139e+00
1.0141519600e+00
-9.1754769425e-02
1.1765199968e+00
-5.4037780560e-02
-3.0300048899e-01
-1.3696267036e-01
9.1589801444e-01
-3.2648178096e-01
1.0666878934e+00
-6.3019392667e-01
3.4700044227e-01
4.7388977780e-03
9.5500195102e-01
3.3664944871e-01
5.2550630783e-01
-1.2530575948e+00
1.3364809318e+00
-1.4512382089e+00
-1.0820352236e+00
-7.7278617895e-01
1.6025690859e+00
2.4386688575e-01
-2.0493452646e+00
-4.3416266664e-01
-5.7158041209e-01
-1.2789674445e+00
-1.0970705944e+00
-1.6620944947e+00
1.1046635748e+00
1.7485743286e+00
1.0417767946e-01
-8.1177717630e-01
-9.3005213663e-01
1.3284035442e-02
3.5717919471e-01
-3.5120920172e-02
-1.0620312954e+00
1.4249334184e-01
-1.5855401597e-01
-6.4553938687e-01
-7.2081413877e-01
-9.0644463357e-02
-1.1338006297e+00
1.3903709525e+00
-2.7881895438e+00
-9.2579902470e-01
-1.7049583804e+00
1.5649177699e-01
9.6871921652e-01
1.0685040684e+00
-1.5634500259e+00
-6.1854849492e-01
8.2368925661e-01
1.4156244137e+00
1.1491820841e-01
9.1051486695e-01
4.7393929001e-01
-2.0170970350e+00
1.8804360444e+00
-1.2352940779e+00
-4.2300778185e-01
8.4896026013e-01
2.4615183530e-02
1.1845038972e+00
-9.0585005423e-01
5.1316099828e-01
-9.3357543508e-01
-8.1637269420e-02
-5.0876550098e-01
-6.2072821714e-01
1.8614847976e-01
1.5765389786e-01
3.2167547139e-02
