2.0065208157e+00
1.7284307387e-01
-7.3621700276e-01
1.3759324537e+00
-1.1657856436e+00
1.7444036843e+00
-1.8048906050e+00
-1.5101094660e-01
-8.1527304200e-01
-9.7057586936e-01
2.9154023245e-01
-1.2216446049e+00
-1.6773572490e-01
1.6265358194e+00
-6.4534377122e-01
8.9060047934e-02
4.2201765934e-01
6.7978176503e-01
-2.6998172910e-01
1.6055820133e+00
-1.0842695812e+00
-1.1138197759e+00
-4.8044083180e-01
6.0977333170e-01
2.0066853399e-01
9.6975333077e-01
6.5387155319e-02
-3.1028201923e-01
8.4112190322e-01
-1.9955702437e+00
1.5313531951e+00
8.9820936452e-02
-1.2805437958e+00
-1.4284591199e+00
1.2840685526e+00
6.0554857116e-01
-1.6099270085e+00
-3.5505125998e-01
-1.2168221347e+00
-2.7741619109e+00
-9.7483832966e-01
3.8221976198e-01
-1.9442060310e+00
-9.0127132349e-01
5.1893441343e-01
-3.1186449515e-01
-3.0404598178e-01
-1.4998976452e+00
-4.5339528830e-01
5.2166077545e-01
6.9005221480e-01
-1.6101819208e+00
