-3.5835566716e-01
-9.5855693735e-01
-3.1211965638e-02
8.0145132990e-02
-1.1304779277e-01
-5.6044260510e-01
-1.7793426934e-01
5.2703729740e-01
6.7834020503e-01
1.1262577828e-01
-1.0280081814e-01
-4.8969912868e-01
8.7037858930e-01
-1.0641808236e+00
-9.4292481877e-01
7.7870279372e-01
8.6256225512e-01
2.1717306946e-01
-1.4271816299e+00
-8.2609589769e-01
-8.5239229636e-01
-3.8941242496e-01
9.5670579026e-01
-1.3191622985e-01
-7.8454997222e-01
4.2403639220e-02
8.9784794426e-01
1.7782460192e-02
9.9586775318e-01
-1.0252856408e-01
1.5748255596e-02
1.4408223726e-01
6.5126295381e-01
6.3275828128e-01
-3.2413377669e-01
-5.9753942861e-02
-6.8822100575e-01
3.6426736756e-01
-7.5636880925e-01
3.1062570760e-01
-2.3702114707e-03
4.7517818394e-01
-5.9440690118e-01
-7.2930550693e-01
-1.1923627962e+00
2.8377140643e-01
-5.2122005817e-01
-9.3524239303e-01
-1.0025790476e+00
-1.3339435457e+00
-4.2149486982e-03
-2.7848938237e-01
-1.7528832000e+00
-1.0667909674e-01
-4.9455376117e-01
-8.8713544013e-01
2.5207592099e+00
1.5613557628e+00
7.5376007413e-01
2.1479729348e+00
1.3086634212e+00
-1.5788030375e+00
-2.6680227956e-01
-2.4058879102e-01
-8.8922579069e-01
-1.2101259879e+00
-1.0159798362e+00
-1.2422194804e+00
-1.0961609914e+00
7.9204155106e-01
9.9612900759e-01
-1.1039573552e+00
-7.2549661453e-01
5.3691534186e-01
-1.3582723096e+00
-7.6750552976e-01
1.0313349099e+00
4.7629686658e-02
-2.1487149086e+00
-5.2938496768e-01
3.8676403943e-01
-7.2425325224e-02
