5.5221802557e-01
1.6778313930e+00
-1.3090036542e-01
9.4909783838e-01
4.5053552409e-01
1.0375750163e+00
1.0512294843e+00
1.6524296800e+00
8.4056019148e-01
3.0306757308e-01
7.7890248460e-01
1.0326500133e+00
-4.1579737422e-01
-3.8105720472e-01
-2.6668009032e-01
5.5872520258e-01
-6.6116747388e-01
-4.2850975796e-01
1.9457062661e-01
-1.2101484822e+00
1.0517247629e+00
8.1109253879e-01
7.3298462438e-01
1.0187980477e+00
5.5876068960e-01
-7.1046335302e-01
-7.4055746430e-01
-2.7925387054e+00
-7.2314309130e-01
8.7000981404e-01
-1.2669604232e-01
1.6351654700e+00
8.3757031195e-01
1.2803957669e+00
-7.6287348676e-01
-4.8861279643e-01
-1.5703102456e+00
3.9117438316e-01
-9.2119131207e-01
-1.7649284031e+00
2.5747691992e-01
1.6329952047e+00
-2.6364013658e-01
-1.4257847496e+00
-2.9996980088e-01
-1.3599848113e-01
8.3480850653e-01
1.1247407523e+00
-4.9676861623e-01
-1.0367023532e+00
3.6697077198e-01
1.6503321853e-01
1.2183013607e+00
2.1341518820e+00
9.2220659787e-01
2.9395970256e-01
1.2631247872e+00
1.1302577562e+00
-3.2819820186e-01
-2.7599277502e-01
-5.1597567607e-01
-1.6017877059e-01
8.6109361037e-01
-3.1442305085e-01
1.5867345088e+00
3.5323544959e-01
8.8318769621e-02
3.7746797224e-01
-1.2884228615e+00
1.1367729074e+00
-9.1918223312e-01
6.6250100335e-02
2.3516043572e-01
-2.7737890403e-01
5.0722605381e-03
1.1869143430e+00
-6.5831667907e-01
8.0992221163e-01
-1.3543363138e+00
8.1130535625e-01
-4.1654290649e-01
1.4418539279e+00
-6.0744570329e-01
-1.8556142889e+00
1.3852711412e+00
3.0604777781e-01
-3.1585259679e-01
-2.2288725904e+00
2.4405494443e-01
3.3041386896e-01
-9.5748911261e-01
-5.6533706583e-01
8.4915313895e-01
8.5138832987e-01
1.1261492778e+00
-1.4640790274e+00
-1.2087564506e+00
-2.6174623998e-01
9.1574018232e-01
-1.4635383414e+00
-1.2909173913e+00
5.1280950524e-01
-2.5954517726e-01
1.0217627283e+00
-1.4921535729e+00
-4.8052604314e-02
1.0662980987e+00
-1.1895450428e+00
