1.3938748535e+00
-4.0477599868e-01
9.4145543581e-01
2.4881050165e+00
2.6445100384e-01
6.0485260560e-01
-1.2155024834e-02
3.3737452842e-01
1.8107104112e+00
6.2369319682e-01
-2.6557632728e-01
-1.6213056305e+00
1.5218806485e+00
-4.3381258362e-01
-1.0744429690e-01
2.7657799271e-01
-1.0710921678e+00
5.0934126147e-01
1.3046484979e+00
-5.7272047397e-01
1.3118310495e+00
-9.4416858997e-01
1.7880682871e+00
8.6873031298e-01
-1.9635421947e+00
7.3856565063e-01
5.0624117718e-01
7.2984978224e-01
-1.2561580461e-01
-5.1620101734e-01
1.0268610386e+00
7.1639936284e-01
-9.4992026886e-01
1.7885305840e-01
-1.0872427489e+00
-9.7613060810e-02
2.9231088638e-01
2.0497008610e-01
-1.9321985670e+00
-2.2186572012e+00
5.1010521288e-01
1.3648085062e-01
-1.2089847092e+00
-9.8889491639e-01
1.0503445825e+00
1.0904775479e-02
-8.8823103181e-01
2.4684317068e-01
3.0307474555e-01
-1.3786171517e-01
