-9.8405365895e-02 4.8101951081e-02 -1.4050642746e-01 6.9580441716e-02 -1.4682378321e-01 5.5896784830e-02 1.8113527387e-01 1.2110498663e-01 -1.4173449002e-01 1.6454832489e-01 -2.5827721458e-02 6.4185505072e-02 -9.0251305469e-02 -3.0778300727e-02 -4.1251688647e-02 -9.7650013174e-02 -1.5080299720e-01 5.5157697287e-03 -2.6313627300e-01 -1.0407565407e-01 -1.3597097071e-01 1.2608332675e-01 -8.1483374307e-03 1.8830283306e-02 -3.4005714838e-02 5.0554500713e-02 -7.9146852135e-02 -1.0174332952e-01 1.2304106534e-01 3.3009864430e-02 6.6141820892e-02 -1.3567038786e-02 7.5479897229e-03 -8.8811096959e-02 3.8241528136e-02 8.5217097304e-02 -1.5951112198e-01 4.7548983678e-02 -3.5355669900e-01 4.8588242320e-02 3.7401240002e-02 -1.4613198964e-02 -4.8839744650e-03
-1.9492498146e-01 -1.2940271787e-01 -5.4163188909e-02 -2.3404137309e-01 -1.0405662312e-01 -7.5283537432e-02 -6.6407077261e-02 2.7660250396e-01 -1.5008909793e-01 3.0693507456e-01 -3.2095949261e-01 2.6189255127e-01 -3.1711830966e-01 1.0987149121e-01 3.2019069846e-02 2.4146806799e-01 7.1248770542e-02 -4.6893385854e-02 1.8960302835e-02 -1.6080133508e-01 -5.2435885989e-02 5.6419232875e-02 3.8433737891e-01 -1.1404685076e-01 1.2931812695e-01 1.6599529122e-01 -1.8488607370e-01 -2.2777066895e-01 6.3375931389e-02 1.4902078222e-01 -1.4182120147e-01 -2.9881709197e-02 -2.5386636004e-01 3.4788632388e-01 -2.4524523645e-02 2.8224780450e-01 -4.5215210847e-01 -8.1131017584e-02 -8.3752626289e-02 3.1625084895e-01 -2.2508609678e-02 -1.1130168350e-01 9.2201001178e-02
4.1702522926e-02 -1.1878718475e-01 1.3934475706e-01 -4.0231447258e-02 -9.7557967698e-02 1.1691232518e-01 -6.3860697307e-03 -1.0779023944e-01 -1.4616122819e-02 8.9566670142e-02 -2.9626544545e-02 -2.7652420063e-02 -6.7389606282e-02 4.8054242508e-05 1.9058306163e-01 1.7121346817e-02 -2.3894899553e-02 -1.3734101503e-01 5.7825157884e-02 -4.6905262965e-02 4.1362058943e-02 1.0059397869e-02 7.3141683066e-02 -1.0985679370e-01 2.0191393683e-03 -2.5825189399e-02 -1.3689504339e-01 -1.2048290008e-01 1.5220286881e-01 3.9781097013e-02 7.1103509682e-02 1.4421126677e-02 4.2218737429e-02 7.6009001367e-02 6.2997544371e-02 -3.7574031683e-02 -1.9187300564e-02 9.9380924472e-02 -1.1419033687e-01 4.0604314410e-02 -1.4254630045e-01 -1.4023540030e-02 -1.1243846038e-01
-8.1747338471e-02 5.1156139298e-02 4.3348638409e-02 3.5241348449e-02 -9.9833658957e-02 9.4551590585e-03 1.2355699439e-01 -3.9819760877e-02 -5.9366933681e-02 -1.8540508462e-02 2.5196692283e-03 5.1593956881e-02 1.0154594779e-01 -8.2989665482e-02 -3.6451745317e-02 5.5712970697e-02 -4.9086432014e-02 -6.2726306305e-02 -1.0946263376e-01 1.2922594705e-01 6.3350265729e-02 1.3640271336e-01 9.0637765241e-02 1.3839768492e-01 -5.0555038302e-02 -1.1578208734e-01 -7.4572991611e-02 -1.3874060156e-01 1.3921169453e-01 2.6021510106e-02 1.2348637087e-01 -5.1411800646e-02 -3.3632372033e-02 -1.6662938920e-01 8.9234037276e-02 5.7819090149e-02 -3.1152490112e-02 -1.1732050529e-02 2.1572346439e-01 1.2907693446e-02 6.6603974947e-02 7.6426104833e-02 -1.0498503135e-02
1.7051880082e-01 -4.3219040881e-02 3.1040226977e-02 7.4064767088e-02 1.4740928016e-03 1.6700928910e-01 -6.7506590010e-02 -1.4250859589e-01 6.3458749768e-02 -5.2167699630e-02 8.0304396917e-02 -8.0062836262e-03 -4.0626274826e-02 -8.7733951881e-02 -6.2606362680e-02 3.4980443944e-02 2.0677679335e-02 5.4166014527e-02 1.4091904893e-01 2.0790911088e-02 2.3340005637e-02 1.0494046443e-01 -5.7179386402e-03 -6.7099798534e-02 -1.9783009553e-01 7.3245658730e-02 9.0039893393e-02 -4.0565438132e-02 -9.6308718415e-02 1.9719904655e-01 -2.1144037025e-01 -1.5961037685e-01 -1.8885320243e-02 1.5083780227e-01 3.7946097594e-03 2.8835247338e-01 5.8140726044e-02 1.2867015422e-01 -4.3005297130e-02 -8.3099293424e-02 -6.8905328894e-03 3.1330459137e-03 5.3657789887e-03
-4.0786890553e-02 -1.4898882313e-01 -4.8425235979e-02 7.9346252627e-02 -4.2592828809e-02 1.3313855162e-01 1.6290349827e-01 -7.9325783952e-02 2.6212792066e-02 -1.1092967884e-01 1.1631106538e-01 3.6792995054e-02 3.8144651205e-02 -4.4461823578e-02 -5.9857485192e-02 -1.6998450475e-01 -1.4913680796e-01 -1.4693903029e-01 -1.0897863891e-01 1.3154324869e-01 4.0785148557e-02 -9.5789673730e-02 3.8136472870e-02 5.4146684445e-02 -2.2876584108e-01 -8.2379226117e-02 7.3136892995e-02 -1.5030909695e-01 2.3015037481e-01 -7.2250731965e-02 1.1673549216e-01 1.0995001616e-01 -1.7717731118e-01 -2.1860470619e-02 3.3724763196e-02 -3.6330739494e-02 -1.0016749749e-01 2.2134627905e-03 -1.2325285847e-01 -4.4122786138e-02 -1.2116307119e-01 4.5426346088e-02 9.7111324690e-03
-5.3220063262e-02 1.3237362030e-02 -1.3442276549e-02 2.2224993835e-02 -1.5334216628e-01 1.6260687321e-01 4.5026424115e-01 -4.2037969196e-02 -1.4025176858e-01 9.5252090086e-02 1.3767690905e-01 -1.2792756221e-01 -2.6259253722e-02 8.3077968627e-02 -7.9321924356e-02 -1.9307107843e-01 6.3180891961e-02 6.1236509849e-02 1.3896477457e-01 -8.1037757256e-02 -2.5419124885e-01 3.3663979917e-04 -2.7958285680e-02 -1.4000920719e-01 3.0200718198e-02 1.3234660411e-01 1.1353870131e-01 -9.3956589324e-02 1.1213178178e-01 6.0175627739e-02 5.0527300358e-02 -1.3254258313e-01 1.2299078220e-01 1.2330317721e-01 -4.1560420577e-03 -1.6953971858e-01 1.3263355228e-01 -8.3115264307e-02 -8.9477736568e-03 -4.6398949693e-02 3.7235892880e-03 2.1606317060e-01 1.6739721867e-02
-3.9001771563e-01 1.5065464118e-01 -1.2967734181e-01 9.5400010013e-02 -1.5151800080e-03 -2.5071271520e-01 -6.1708012733e-01 -3.8228016040e-01 3.4428728912e-02 -2.6745493101e-02 -2.0891159283e-01 -7.5428159412e-02 -9.4954465229e-02 -1.1410478685e-01 1.3521798995e-01 3.2833728787e-01 -7.2180258624e-02 9.9212325866e-02 1.0060991598e-01 1.3314683833e-01 3.5027774778e-02 -2.0361938179e-01 1.9178710596e-01 4.0572591534e-01 -1.3893260114e-01 1.5907372827e-01 3.0740542828e-02 4.8028364380e-02 1.8523216032e-01 -4.9717280054e-01 -1.4331457599e-01 1.3047804753e-02 -2.8479690983e-01 4.2418461050e-01 1.1389213390e-01 -2.6481734858e-01 1.3697035275e-01 -5.5609305793e-02 -1.6054121027e-01 -1.3534296236e-02 9.2968133365e-02 -2.0803894298e-02 -1.2392926813e-01
-3.9183946256e-02 1.7000762771e-01 1.3050484690e-01 9.9293749516e-02 -1.1294355788e-01 -9.8117534258e-02 2.6745354559e-01 -1.3742935227e-01 -7.5466943607e-02 -1.2664145962e-01 1.7348894329e-01 2.4313296424e-02 7.0042201612e-02 -5.1044666245e-03 -3.6647298542e-02 -1.6967995278e-01 -2.5577245844e-02 -1.1138044076e-02 4.5597899385e-02 7.8228492305e-02 -7.6668930374e-02 -1.2355697180e-01 -2.2451804789e-02 -9.6004580217e-02 8.1448044224e-02 -2.1539599894e-01 9.8388269008e-03 2.0236411241e-01 5.2096397440e-02 -3.6360511864e-01 1.5082738875e-01 1.0319224947e-01 1.2106008632e-01 6.0240999591e-02 -5.1917048053e-02 -1.6052542901e-01 1.3820682639e-01 -1.3287858675e-01 -4.9805117449e-02 2.9611127815e-02 -4.8898507960e-02 2.9967497040e-01 1.2167805129e-01
1.3383588970e-01 2.7933039316e-03 1.1726669940e-01 1.1083360226e-01 -2.7261591676e-01 2.7034194532e-01 2.8111419339e-01 1.1009672034e-01 -3.3528525527e-02 2.6952442662e-01 2.6440457615e-02 -2.9067232105e-02 1.1894364308e-01 2.7161539356e-01 3.5353390369e-03 -3.3621224599e-01 1.1586195694e-01 -4.7539496312e-02 2.2986860827e-01 -5.5653296363e-02 -8.9218679712e-02 3.4482573282e-02 -7.7150702971e-02 4.2059639932e-01 -5.1130186494e-02 1.0883348185e-01 -1.9297943837e-01 -3.6123250821e-02 9.6593237222e-02 3.2162831147e-01 4.1106534406e-02 -5.9615224781e-02 -9.4374568435e-02 8.5765845006e-03 1.6660116685e-01 5.7777454812e-01 -2.0469242362e-01 5.8126247055e-03 -1.5756244995e-01 -2.3544123668e-01 1.2246835038e-02 -1.7354190954e-02 3.8471288872e-02
3.8305175899e-02 -7.8705630845e-02 1.0292057612e-01 1.0092832735e-01 2.6325804172e-02 -1.5633486811e-03 -4.2267010597e-01 -4.0698634173e-01 8.5285980513e-02 -2.0699404862e-01 -8.5739829030e-02 -1.6996736536e-01 -4.5891496828e-05 -1.7523313403e-01 1.2176270584e-02 1.0738262466e-01 -4.8417927900e-03 -1.3394436733e-01 -7.1359118015e-02 1.6594883586e-01 1.5776884094e-01 2.1448901968e-01 -5.8637565092e-02 2.5664131197e-03 9.3104617641e-02 -1.4366488428e-01 -1.9177319654e-01 1.8877580395e-02 7.7262117059e-02 1.7440686920e-01 2.7239588536e-02 1.0186409529e-01 8.4277895410e-02 -8.4942409276e-02 2.6312845179e-02 2.9890267237e-01 -9.8834138923e-02 -2.5786990867e-02 -1.1433836882e-01 -3.7619071105e-02 1.1125558563e-01 -1.2986259724e-02 1.0017067979e-01
2.1762553421e-01 3.0237964712e-02 -9.7190480190e-02 1.1530919908e-01 9.1196111957e-02 1.0434641781e-01 -6.0079817641e-02 9.2334680133e-02 5.7324076861e-02 1.6100186988e-01 -1.9991682487e-02 -3.3145037600e-02 3.0814536050e-03 1.6044491627e-01 -1.9949462714e-01 -1.0245119982e-01 4.9402715125e-02 4.9402811951e-02 2.0241301155e-01 -7.9618448142e-02 2.9920236844e-03 7.9227792089e-02 -1.7757565760e-01 2.0270120368e-01 2.5324254679e-01 3.2855474670e-02 -1.6905619484e-02 -4.8188687096e-02 -1.3826617278e-01 2.5882612004e-01 -1.9369720070e-01 -4.1671000977e-02 -1.4823175941e-01 -2.3040349016e-01 1.3347755774e-01 4.4759067466e-02 7.9278228130e-02 -1.0304363029e-01 1.1057874226e-01 -1.2745965442e-01 5.5223333686e-02 -8.1983528996e-02 9.2859653579e-02
-7.7436187055e-03 5.3848548951e-02 -1.3991857085e-01 1.6394195804e-01 2.6651323361e-02 -5.7924035589e-02 -1.3637974915e-02 4.4721583536e-01 -1.5542672878e-01 -2.4612105864e-02 -3.1503666782e-02 1.8745399760e-01 4.1115940844e-02 1.7908266875e-01 3.2815030473e-02 -2.3794854806e-01 -1.1082302741e-01 -1.2621375277e-01 -3.6636772774e-02 -5.0443165964e-03 -5.4718213663e-02 -1.0185455820e-01 1.0755384720e-01 4.5950722941e-02 -8.8954898527e-02 -2.3215632543e-01 -4.1377756652e-02 7.1008242414e-03 -1.2146183128e-03 -3.6130786423e-01 -1.5211127510e-02 6.9668412284e-03 7.9330117627e-02 -6.6458754241e-02 -1.1937196425e-01 -2.5563564766e-01 -4.4873551842e-02 -2.3790874587e-01 3.9256870710e-01 -7.7625711941e-02 3.8979039103e-02 -3.4659742403e-02 1.8053206003e-01
4.5345581331e-02 -1.5358594768e-01 -5.3366866497e-02 4.5239247535e-02 -4.1538936148e-02 -1.6191031466e-02 6.6260633658e-02 -8.1591654265e-02 -1.6715820851e-02 1.5592349947e-01 5.2146316259e-02 -8.7610669951e-02 5.8177551475e-03 -2.9833040723e-02 -2.0521391184e-01 -1.2329439823e-02 -7.1902475789e-03 1.2083259854e-02 1.1809530926e-01 -2.7308409473e-02 -4.9425479114e-02 2.2660374322e-01 -6.8938256489e-02 1.7593060268e-01 -1.8009840576e-02 -8.9402028140e-02 -6.8080610278e-02 -2.0640286842e-02 3.8059093467e-02 2.4128348482e-01 3.9944991778e-02 2.1960925206e-01 1.0612818077e-02 -5.1544739688e-02 1.9059806423e-01 1.9715403389e-01 -2.0312902820e-01 8.9207910013e-02 -1.8629736128e-01 -9.4845205007e-02 6.9522150961e-02 -9.7878063924e-02 4.6416055796e-03
2.0706229958e-01 1.6243057610e-01 4.4265345135e-02 5.1371044800e-02 9.8613623219e-02 1.3504038273e-01 1.0343786158e-01 -1.0046353127e-01 -2.4364099775e-02 -9.9324178970e-02 5.1664137487e-02 4.9048006111e-03 2.9361957359e-01 2.5496256221e-02 4.0186057793e-02 2.8643495175e-01 -3.5808914133e-02 1.3188481803e-01 1.2189912199e-01 8.8084524592e-02 -2.9476119932e-03 1.9916878960e-01 -1.1583758899e-01 4.1734105140e-01 4.5069303967e-02 -5.6309814296e-02 8.3635239887e-02 -1.4296790545e-01 -1.2878831337e-01 7.2091972913e-03 -6.8659838391e-02 -8.3014137436e-03 4.8067167589e-02 1.7293939392e-02 8.4772644438e-02 2.7710463149e-01 -1.2167183285e-01 -1.5308982781e-01 2.7099998784e-01 -1.4177177757e-01 -1.1236800886e-02 1.2631400604e-02 -6.4819230232e-02
1.3101684517e-01 -1.0909129811e-01 1.0617462450e-01 -5.9253177672e-02 2.1119405263e-01 3.3041509564e-03 -3.0675070765e-01 3.5461496541e-01 -9.4136164793e-02 3.4151336929e-01 -9.0742613968e-02 3.6951903864e-01 2.0940218211e-01 -5.2369042107e-02 2.4087491238e-01 2.8837770128e-01 -2.5647358510e-01 1.0831595278e-01 -8.8364497000e-02 -2.4726060058e-01 1.7127524362e-02 1.3919229390e-01 -3.5735195439e-02 -2.8399126789e-01 4.6531150062e-02 -2.2681693054e-01 -4.2838309224e-01 2.9165989141e-01 -3.1980076194e-01 3.8287018561e-01 5.4772827500e-02 1.4663998462e-01 3.3249670390e-01 3.9618511043e-01 -8.6402398370e-02 1.0083319409e-01 -2.3860971044e-01 1.2180923234e-01 3.7193868060e-01 1.5226207894e-01 -1.2895016412e-01 -1.0693252315e-01 1.5435091952e-01
-1.0360361418e-01 -2.8558508014e-02 -6.1658193143e-02 2.3126517531e-01 -3.0257669117e-02 1.8236180199e-02 -4.2252641467e-01 -1.7516666698e-01 3.2140443894e-02 -2.8696046036e-01 -1.6169796299e-01 6.7024832042e-02 -2.0441357500e-02 1.2559719076e-02 -1.1753420319e-01 1.7279006274e-01 -6.5583118809e-02 1.1276002669e-01 4.5163922145e-02 1.0641948649e-01 1.8378381228e-01 2.3284888816e-01 1.7249077228e-02 -9.1074466384e-02 1.7039583848e-01 -7.8715313076e-02 3.2669157438e-01 -3.4874244425e-02 1.0203248435e-01 1.3975440512e-01 -1.2315122160e-01 -1.0176712243e-01 -5.0487346915e-02 -1.7747152733e-01 3.3992937512e-02 -4.4502859487e-01 -2.2176403421e-01 -2.8484005027e-01 2.3659700141e-01 1.3063787742e-01 1.3118437203e-01 -2.8508468334e-01 -2.5699246954e-02
-1.9114301914e-01 -3.2698892626e-02 2.7266337767e-01 5.9940135213e-02 6.4564145214e-02 -6.9088217429e-03 4.1328257857e-01 2.3327457150e-02 -2.0391740779e-01 6.7528256134e-02 4.0555337676e-02 1.7814998222e-01 1.2322837132e-01 9.6431764662e-02 2.4430248779e-01 3.7196511228e-03 1.8745861533e-01 3.1934524146e-01 1.4302550101e-01 -3.0115481389e-01 -1.7768850466e-01 1.8514620746e-01 -7.8112557080e-02 2.2387002424e-01 -1.7699379086e-01 -2.3984933960e-01 -5.9793142625e-02 -2.7390038109e-01 -4.0089428929e-02 -1.2247856424e-01 -2.6770456946e-01 -2.6313223248e-01 -3.2379319728e-02 9.2074647382e-02 1.5536330881e-01 3.9691713402e-01 2.0586261655e-01 -2.3118118469e-01 1.1294351617e-01 1.3347581100e-01 -8.4087370394e-02 1.0972460363e-01 -3.2134244691e-02
-3.0065283289e-02 3.0900703157e-01 -2.6235372472e-02 1.1674067278e-02 -4.2430417040e-02 -2.0821593500e-01 1.4662092147e-01 2.3940184926e-02 -5.2969227303e-02 -9.1485210952e-02 5.7233311634e-02 -3.7525299089e-02 6.3657164158e-02 -1.9196793964e-03 1.0674551090e-04 -1.3791046869e-02 -8.6999417875e-03 -1.9085101941e-01 2.7237962981e-01 1.9738047587e-01 9.4879502249e-03 -1.9963133274e-01 -3.8980014377e-02 -8.2079378931e-02 3.9570681541e-02 9.6954149363e-02 -1.7678103382e-02 -5.8407184702e-02 -2.1509889798e-02 -3.1826239799e-01 7.0142896422e-02 -6.6623107884e-02 9.2719928628e-02 -4.7756360784e-02 -6.0042380221e-02 -2.5686418607e-01 1.4958006533e-01 4.6260372849e-02 -3.4414889019e-01 3.3595827367e-02 8.5092729567e-02 1.0596637805e-01 9.3064931521e-02
-6.6570678123e-02 2.0996902168e-01 -1.2034320318e-01 6.0945090427e-02 -1.3511130163e-01 2.4235275058e-01 -5.7951808171e-01 2.6403603403e-01 2.0515560965e-01 7.4312156525e-01 -1.1620988729e-01 -1.0565419122e-01 -1.6731776150e-01 3.1016633421e-02 1.3496961564e-01 8.9480085379e-02 -1.2598447927e-01 -1.5903086182e-01 1.7666699789e-01 -1.6135811433e-01 1.1392526823e-01 1.1374438949e-01 2.1771805263e-01 -1.7356529916e-01 9.5085933381e-02 1.3411228342e-01 -5.5227362876e-02 1.6282540383e-02 -3.0900365685e-01 3.7473582769e-01 1.0368261086e-02 1.0152223877e-01 -2.9254850213e-01 3.3068180048e-01 -1.2902300162e-01 -4.7189926943e-01 -2.8739604032e-01 1.7055284977e-01 -2.9087829990e-01 -5.0095808306e-02 1.6759838358e-02 -1.9480311063e-01 1.0164783361e-01
-1.8103619884e-01 1.7696496062e-01 -1.5179430494e-01 -1.8003997059e-01 5.1111311934e-02 -1.8084368440e-01 -3.3944487107e-01 1.7921608495e-01 -1.3665420998e-02 -1.4692595445e-01 8.4708339103e-02 1.2324495642e-02 3.1359346799e-02 2.9916906091e-02 -1.3103472419e-02 -6.5714458320e-03 -1.6578584936e-01 -8.3667655552e-02 1.1161885706e-01 -1.7180236997e-01 1.1639087901e-01 -1.4871474728e-01 -6.1260196816e-02 -1.7283722459e-01 1.7779352466e-01 8.7842166897e-02 -1.5876674656e-01 9.1174489285e-02 -1.4706300021e-01 8.4011431690e-02 4.3218040982e-02 -4.9627026164e-02 -1.6480256132e-01 6.9342110528e-03 -1.7462934447e-01 -1.8173771782e-01 -6.9929879464e-02 7.0939673644e-02 -1.8301705022e-01 1.1689145003e-01 -6.6238015017e-02 2.0175272618e-02 1.3748504524e-01
-4.1749761235e-02 -2.2849893512e-01 4.3929267385e-02 3.5798980830e-02 -2.5752555617e-02 3.4844978895e-02 3.3418529664e-02 -4.2810440999e-02 -2.7658209089e-02 1.1032369475e-03 8.2692181401e-02 8.6653309861e-02 4.5806371198e-03 -6.0865256953e-02 -4.9595646352e-02 -2.8885297658e-02 -7.1825550077e-02 -8.5569869797e-02 -1.4520456127e-01 4.2764270437e-02 2.4089941113e-02 1.7065894395e-01 -4.7026877275e-02 5.4748346257e-02 -1.5527044748e-01 -1.8475463141e-01 -1.2092077883e-02 2.1376746720e-03 -1.4227475404e-01 1.2485222555e-01 1.5888338077e-01 1.0811494814e-01 5.5933440472e-02 -1.2183235254e-01 1.6255912569e-02 -7.4932904221e-03 1.2329000914e-01 3.6607199226e-02 1.5603204752e-01 2.2368022531e-01 -9.1684574929e-03 -1.8728691978e-01 2.4390097779e-02
-3.8673737204e-02 2.0240582895e-01 1.4348543731e-01 -1.9778217272e-01 -8.0311586618e-02 1.7165745715e-01 7.9083322293e-02 -7.2057768060e-02 -1.0752922865e-01 -9.9713346830e-02 7.4709736906e-02 9.4816756951e-02 -2.9787967853e-02 -1.5134784411e-01 9.8284722292e-02 2.9592720868e-01 -2.5134230086e-03 9.7634855991e-02 3.2015708786e-01 -1.5862952990e-01 2.0757344561e-03 1.5436730233e-01 -7.2821639644e-02 -1.4990920225e-01 -6.3051260646e-02 1.1106397618e-02 -3.0646266511e-02 -8.2662314049e-02 6.7842612979e-02 6.5368243363e-02 2.4207657603e-03 -2.1262411027e-01 -6.3338627427e-02 1.9797157687e-01 4.0124953258e-02 3.4452772441e-01 2.5781454617e-02 4.1541540133e-02 5.7709335461e-02 9.0405344504e-03 -2.6356023490e-01 5.9934996421e-02 -1.5569759661e-01
6.9474864419e-02 -6.4413793343e-02 9.8239250314e-02 3.1558179105e-02 1.5599416086e-02 2.5486610204e-01 2.2386287353e-01 8.8793294379e-02 -1.1849356881e-01 2.2347380736e-01 2.1380437584e-01 6.6522786503e-02 1.2998960662e-01 2.0527307360e-01 7.0066547062e-03 -1.6202505864e-01 1.3074937173e-01 1.1874034764e-01 5.6841071671e-02 -4.4298639049e-02 -1.7626206435e-01 3.2171728540e-02 -9.6995960289e-03 -1.1130258667e-01 2.6470282504e-02 -1.2769437221e-02 2.4682531660e-02 1.2929078292e-02 -1.7137036864e-01 1.7434821167e-02 -1.1982729364e-01 -5.3981459271e-02 -3.3337303339e-02 -3.5163646029e-02 7.9430701743e-02 7.4928595243e-02 5.7248983891e-02 1.2275052218e-01 1.2417541097e-01 -1.3762404443e-01 6.7886047144e-02 -7.4537187897e-02 2.5643539704e-01
-9.7476323175e-02 -2.9320261137e-02 2.4732163984e-02 1.3072153029e-01 1.1425007851e-01 -2.8092983740e-02 6.2260287718e-02 1.1925660135e-01 7.0244918714e-02 -7.9437088219e-02 -3.9396323847e-02 4.6526607905e-03 1.6838735884e-02 -1.1974872996e-01 -9.9383712279e-02 1.0142834068e-01 -2.4041931866e-01 -9.3744822504e-02 7.7198561369e-03 7.8891499796e-02 5.1064026108e-02 8.2635541411e-02 1.7901098473e-01 1.2147918055e-01 1.0117601046e-01 7.6108835780e-02 -6.0206622139e-02 -1.1490825555e-01 1.7565477977e-01 1.7346168532e-01 2.7429873281e-02 -5.7761523479e-02 5.6638890797e-02 -7.2833827033e-02 -1.3410881461e-01 4.1255462755e-02 -1.1085983549e-02 1.9982208968e-01 -1.2324168544e-01 6.3119938515e-02 -3.2487523644e-02 -2.1643484314e-01 5.0069175181e-02
-5.1493080481e-02 1.3688481070e-01 -6.4907705809e-03 -7.7079295635e-02 -6.0790178091e-02 1.3848114539e-02 -9.1583772817e-02 2.4541653402e-02 1.6595204406e-01 -2.5163366802e-02 6.5237722996e-02 -1.6861860335e-02 -4.2354226243e-02 -1.2576012174e-01 2.4488920328e-01 3.8228749409e-03 2.9305633890e-02 7.5346144543e-02 6.1820420700e-02 -1.5865003935e-01 1.0306451660e-01 -7.0549734814e-02 -1.0760650970e-01 -1.5394983483e-01 4.0057864086e-02 1.4436606872e-01 5.2531037135e-02 4.4930084921e-02 -1.3433865288e-01 4.7718347987e-02 -1.0237417551e-01 -9.0907420002e-03 -8.0255783747e-02 1.3033100837e-01 4.3582033889e-02 9.9016024967e-02 -7.1989993330e-02 -7.7579597795e-02 -7.1216338103e-02 6.4645586760e-02 -1.0052520432e-01 8.3356779719e-02 -7.6088461119e-02
-1.7945341253e-01 -9.0219680412e-02 -1.1449547204e-01 2.7247470787e-02 -1.0622805274e-01 -2.1701338747e-02 1.6730444905e-01 -4.5258577789e-02 -9.3918373010e-02 -4.5695116948e-02 -2.0226120246e-01 -1.7903786112e-01 -9.0360639219e-02 1.8098863086e-01 -1.7056151342e-01 -2.6095529055e-01 1.3092926954e-01 -2.3557021556e-01 -1.1261332769e-01 8.9524585075e-02 9.7865126828e-02 -8.8623984146e-02 -1.6525230602e-03 1.6290524114e-01 7.6227389859e-02 2.0604086824e-01 -6.7917110604e-02 -1.5318480758e-01 1.1648304662e-01 -1.8010865198e-01 -4.1453080560e-03 1.4845911373e-01 -1.7588529446e-01 2.9896453957e-02 3.5285473382e-02 -1.4854072465e-01 -8.8445214585e-02 -7.5999254404e-02 -6.1335729311e-01 1.1131605072e-01 2.1065131297e-01 1.0380720434e-01 -8.8097245353e-02
