-4.3278113551e-01 -1.4551798665e+00 -9.9036474024e-01 -9.8055420378e-02 -1.4372059795e+00 -1.0192829102e+00 -1.0821364109e+00 -4.2905874985e-01 9.8539387021e-01 -9.9108705786e-01 -3.7385839930e-02 9.5953379742e-01 4.6876863937e-02
1.7038308147e+00 2.2987064030e-01 9.2034917323e-01 -7.9426508224e-01 8.8137341355e-01 -5.7997308421e-01 5.2702557806e-01 -6.2152396970e-01 -9.9271939124e-01 5.3679090270e-01 5.7320507907e-01 -5.6978656959e-01 -2.0822593300e-01
-1.3083139214e+00 6.6554677726e-01 -6.9993090262e-01 -8.9071906706e-02 -3.0810959745e-01 -4.0008339059e-03 -3.1487361129e-01 6.5717956460e-01 8.4171649580e-01 -4.8708262542e-02 1.5955345026e-01 4.9218430371e-02 1.2294839587e-01
5.8324208636e-01 5.9148163276e-01 8.1779913240e-01 -7.6181532696e-02 2.6607016830e-02 5.4668846396e-01 4.8889313555e-01 -1.9799508949e-01 -4.5437587200e-01 -2.0901997406e+00 2.7057275929e-01 2.1067821200e+00 6.2553683305e-01
-4.1182307927e-02 7.7875135331e-01 6.7094253352e-01 4.3210920463e-01 8.6136491560e-01 4.9713579448e-01 7.7433948963e-01 5.2126196723e-01 -9.5491487738e-01 -1.9116854351e-02 1.6668750915e-01 1.5690296776e-02 -8.1031342502e-01
-4.8364923098e-03 9.2262441632e-01 6.8050625194e-01 -2.3450164346e-01 -6.6594650571e-01 -1.9019883294e+00 -2.2407565943e-01 -4.5233197693e-02 -2.2684741697e-01 5.2593931761e-01 -5.5517505492e-01 -5.1278955179e-01 -1.7859991290e+00
-1.4128292228e+00 6.1756884291e-02 -1.5617920729e+00 2.2266303657e+00 -5.0676098309e-01 2.7625920287e-01 -9.2223568771e-01 -9.3063339743e-01 1.7707810834e-01 -1.8137243195e-01 -9.8432228566e-01 1.5293249491e-01 4.1679748984e-01
-6.5067751498e-01 -2.4303633254e-01 -6.6955431370e-02 -1.1299469734e+00 -5.8375094550e-01 -4.4924672016e-01 1.4302884164e+00 -1.2524821662e-01 -1.5682614930e+00 -2.9668162955e-01 -1.3629361427e+00 2.8147057473e-01 4.0175872667e-01
-1.4116985201e+00 3.8638352789e-01 -2.8998435503e-01 6.5159041532e-01 -3.7361233600e-01 3.5974951432e-02 8.1764790203e-02 6.9651537873e-01 -5.8497800168e-01 3.2509592531e-02 5.5955149747e-01 -3.8080625205e-02 -7.3778767675e-01
-1.7537023862e-01 7.1348675708e-02 -2.5822508610e-02 3.3014242085e-01 -1.2233592151e-01 3.5767207676e-01 -2.3389618790e-02 3.4872545525e-04 2.3130840702e-01 5.5945375981e-02 -6.0277868717e-01 -5.1111254815e-02 6.3353777580e-01
