5.6004848433e-01 -8.8364928410e-01 -1.4473351020e+00 1.1513753645e+00 4.8942193723e-01 1.7308813372e+00 -2.0262551423e-01 9.5121050063e-01
-1.8215154320e+00 -1.4634975058e-01 1.7112151568e-01 -5.3180097019e-01 -5.0164357115e-01 1.5697455093e+00 -1.8174628003e+00 -1.7586939969e+00
2.8507082937e+00 -4.0918955143e+00 5.9192298349e-02 -1.9264799362e+00 2.5213579944e-01 1.6635532296e+00 -2.4634790138e-02 6.5740090050e-01
1.1870799832e+00 3.6816050232e-01 -3.1357891172e-01 4.3597357476e-02 1.2259375725e+00 1.1313186789e+00 -3.2935056589e-01 -1.4115789896e+00
1.4930773697e+00 1.2834241844e+00 -2.1209638849e+00 5.6844664605e-01 -7.2228703724e-01 1.5769572512e+00 -7.5026324069e-01 5.2894938784e-01
-1.8558129078e+00 5.9912533408e-01 -1.4388351846e-01 1.9763604640e-01 1.2989267823e-01 -1.3961655632e+00 5.3983720883e-01 -6.4112072423e-01
1.5575646063e+00 8.3310588111e-01 5.8663159695e-01 -1.8955781377e+00 -8.0535797927e-01 2.1598073937e+00 -3.6866611817e+00 7.4273398915e-01
2.7497278756e-01 -8.1232814779e-01 7.9369875096e-01 -3.1155569701e-01 5.0362705124e-01 -3.0454316960e+00 9.5318044292e-01 1.9942153597e-01
-4.5660011969e-01 -1.7334656937e-01 -2.4222589932e-01 2.7937602624e-01 -5.4162658126e-01 -2.6036668631e+00 6.3293640479e-01 3.7812543035e-01
1.3906651618e-01 2.2373973524e-02 6.0123610888e-01 -1.6998135246e+00 -6.7450339484e-01 -5.1956416977e-01 6.2461587187e-02 -4.7271457628e-01
