-4.1004622366e-01 -3.0813447678e-01 1.1507535878e-01 4.9332534613e-01 -3.9571857574e-01 2.2937637022e-01 7.0359884604e-02 2.9474956355e-01
7.0781217152e-02 4.2254038054e-01 1.3697009510e-01 -1.1680267967e-01 -4.2991234614e-01 -3.4896778704e-01 -1.3743503900e-01 -3.5211357022e-01
2.0097189170e-01 6.7740817771e-02 9.1991928344e-02 2.9203095611e-01 -1.4781200145e-01 -6.0047770571e-02 -4.4046213361e-01 2.3018847791e-01
1.9534792947e-01 4.0107844358e-02 2.0370635115e-01 2.1652478670e-01 3.6945382762e-01 -3.4983150950e-01 -4.5786790009e-01 -3.6460658914e-02
-2.1913291485e-01 -7.1061092556e-01 -6.9445625075e-01 -4.0654033871e-01 -4.5757979630e-01 -3.2557403688e-01 -7.8605479441e-01 -8.0981812290e-02
-4.8090160397e-01 1.1494801206e-01 -3.2692035611e-01 1.5670163350e-01 8.7075447935e-01 3.8717189681e-01 -2.6140777415e-01 -1.0085224425e+00
1.2981085715e-02 3.6167028231e-01 -5.4466461970e-01 -2.6044271975e-01 -4.2167969212e-01 7.6461924558e-01 4.3537171720e-02 2.4252413413e-01
1.1142046648e-01 -3.9735840190e-01 -1.4486429328e-01 -5.3509351864e-02 6.0690865437e-01 -6.9818829698e-02 -3.3714531304e-01 6.3913855026e-01
-4.1742034951e-01 5.3188637726e-02 -4.7022753895e-01 4.8828207614e-01 -1.3564697791e-01 1.9153396668e-01 -4.1095282687e-01 -2.9107937211e-01
2.8530956009e-01 1.2097749443e-01 -1.6415414305e-01 8.4477643643e-02 8.1430742521e-02 -8.8785300486e-02 -5.6163220053e-01 3.1171357972e-01
