-9.3141237244e-01
-7.6956732136e-01
1.6151585966e-01
6.1819349145e-01
8.6235074570e-01
7.9319346582e-01
-5.9258330905e-02
-1.2958096227e-01
-2.8943504515e-02
-2.4730858340e-01
-8.3088773029e-01
-1.2718192377e+00
1.9901602345e-01
7.9481580076e-03
-6.6643892153e-01
-1.1947498826e+00
-1.3731375776e+00
-7.0733377791e-01
-3.8833132502e-02
1.9279571639e+00
-1.3282953385e-01
6.9422754059e-01
-5.2591615757e-01
1.6039252902e-01
-1.6679265984e+00
9.4887046748e-02
-1.9408296159e+00
-2.5527543548e-02
1.2095659612e+00
-4.0504223353e-01
1.2285444607e+00
3.9999633962e-01
-2.2355498255e+00
-5.5008694390e-01
-7.4096696488e-01
1.1448026102e+00
1.2442379951e-01
-3.9632542568e-01
9.1930982922e-02
-5.5429648143e-01
-7.0895326347e-01
-4.0256365560e-01
-8.3167345185e-02
-2.0987543907e-01
-6.1711560110e-01
-1.6722682632e+00
8.7123005626e-01
1.5319837804e+00
-8.4186921063e-01
-5.3490101893e-01
6.8949811902e-02
-4.7390588653e-01
-2.3293317117e+00
-8.9182966007e-01
1.8855155073e-01
-3.4927990788e-01
-6.2099677439e-01
-1.6686328618e+00
8.7319014626e-02
-7.8947278821e-01
-1.5933874560e-01
7.1241221939e-01
9.7650289550e-01
-7.4890073521e-01
-1.1811329811e+00
-9.6269434720e-01
-1.8002981823e+00
-3.7898787628e-01
2.8609881922e-01
-1.1443237653e+00
-1.2254119926e+00
3.7019951627e-01
-6.1165614158e-01
1.5431328650e+00
4.5033245795e-01
2.9930974173e-01
5.2712507093e-01
4.1621048497e-01
-4.0156394974e-01
-7.9692333560e-01
-1.1405704217e+00
-4.6242526972e-01
-4.9962457815e-01
-7.8273703457e-01
6.3815520940e-01
3.1077573849e-01
-2.2711083236e-01
7.0204191984e-01
1.7671590648e-01
-1.2054062729e+00
-6.7603873693e-01
9.8083375012e-01
-1.3051371041e+00
-7.0930287677e-01
3.5946778818e-01
-1.4256651258e+00
1.0466119661e+00
-2.3133911702e-01
-2.9669050730e+00
-1.3512650687e+00
-4.3412495018e-01
7.2645403412e-01
8.7169235447e-01
7.8687940708e-01
1.8331001546e+00
-1.3835850787e-01
1.0360392062e+00
-3.7554751621e-01
-8.7564542208e-01
1.0099067777e+00
-4.5301019542e-01
-1.9636011057e-01
-8.7125621262e-01
3.8467790128e-01
2.0865435887e-02
2.0461389595e-01
-2.6677013935e+00
-4.8432610179e-01
3.5935357680e-01
9.8960263710e-01
1.0465938776e+00
-1.0601383211e+00
-5.4340964199e-01
-3.1035183762e-01
4.0738778899e-01
5.6201710295e-01
7.0225838765e-01
-5.2660802137e-01
-4.2678330109e-01
-2.6004957156e-01
-8.0775094792e-01
8.2772886104e-01
-7.9098404085e-01
-1.7128622653e-01
1.1663206013e+00
9.0835721981e-05
7.0806134234e-01
-5.1742066730e-01
-5.8580627411e-02
-2.3017159675e-01
3.9029885705e-02
1.1498490329e-01
1.4011674710e+00
-1.6854191194e-01
-1.0453440834e+00
-3.4811865658e-01
2.7315900511e+00
5.8003173918e-01
3.7386337999e-01
