4.7457106295e-01
-1.3227005442e+00
9.1386528646e-01
-1.5019758376e-01
4.3572428168e-01
-3.0574334557e-01
-8.6164227422e-01
-1.7253502395e-02
9.0505529343e-01
5.5386783433e-01
1.0797893158e+00
-6.7305392121e-01
-1.9989400849e-01
-1.3884957197e+00
9.9899075497e-01
7.8821433173e-01
7.8936103616e-01
-1.1863105365e+00
3.7542083579e-01
1.1268499128e+00
-5.2646362415e-01
-3.7011650426e-01
-5.9865618314e-02
-1.6920668149e-01
-2.2661681547e-01
5.0090818283e-01
-7.4086867011e-01
-1.1320937110e+00
1.8318058391e+00
5.3420873372e-01
5.9070553357e-01
-9.2700272749e-02
-1.4831975909e-01
5.7758567596e-01
5.1527111128e-01
1.0593640996e+00
7.0907943435e-01
-1.1000174488e+00
-8.5315626838e-01
1.3184471065e+00
-9.3547830557e-02
-2.8614807339e+00
-9.6743015619e-01
-1.1969436948e+00
-7.1279926857e-01
-3.1423380910e-01
8.6273292161e-01
1.7211119911e-01
7.9104911897e-01
-5.0407944226e-03
2.6078840004e-01
8.0365866053e-01
-4.1151201638e-02
-7.9521969367e-01
1.8062128532e+00
4.0067246530e-01
-1.4341497633e+00
9.2503849523e-01
5.4417823292e-01
9.6125892154e-01
-1.1558870279e+00
1.6675563346e+00
1.4338379187e+00
-2.4405925720e-01
-1.1789684685e+00
1.3228596754e+00
-1.2987917036e-01
-2.0176666138e-01
-1.5145001091e+00
1.3130070749e+00
-5.3124534819e-01
2.3158539036e-01
1.8170492478e+00
-1.5622699007e+00
1.7730717727e-01
1.4754951047e-01
1.8139725203e+00
1.0940293076e+00
-4.5202463011e-02
-1.2102275579e+00
-8.8748894845e-01
-1.4705714662e+00
5.0641767805e-01
-5.0611938450e-01
-1.8848831440e-01
6.5845459509e-01
-1.6727550120e-01
-1.1875086285e+00
-4.0650529129e-01
2.1201949243e-01
-1.2068593421e+00
2.4724091151e-01
1.4370210160e+00
5.5465920196e-01
2.8124472772e-01
-5.2635052627e-01
-1.1720644583e+00
9.5714967974e-01
-4.6706903176e-01
6.2748043608e-01
-9.9354114378e-01
-1.2388462244e-01
-1.4219062446e+00
-1.5325944810e-01
1.8688968653e+00
-5.7630220707e-01
-4.9934979597e-02
8.3529008037e-01
1.0688034445e+00
-1.4825378023e-01
3.5375079921e-01
8.7050302348e-01
1.1960163202e+00
1.6183842511e+00
2.7430270217e-01
-1.1399636766e+00
-6.0765626736e-01
9.4258754136e-02
-2.8711866426e-01
1.3678353292e+00
-2.1029432911e-01
-1.2338770783e+00
6.6445899569e-02
1.0698816014e+00
2.2298081886e-01
5.4147622378e-01
2.3093668973e-01
6.1239682237e-01
8.7935081347e-01
1.1497126491e+00
-6.3121798787e-01
1.7156196710e+00
5.3919899757e-01
-1.2297549036e-01
7.6693769721e-01
-1.6486298364e+00
1.3868447099e+00
-8.7920644173e-03
-5.4015407352e-01
-4.6808202357e-01
-9.0944353016e-01
9.3393649004e-01
6.5538837970e-01
2.5404106289e+00
1.2009538188e+00
-1.0402032299e+00
-1.2383358646e+00
-1.2280871045e+00
3.5715679442e-01
-2.7564505837e-02
-1.5571208986e+00
-3.3839780570e-01
-9.1490980533e-02
6.1860579352e-01
7.6457663343e-01
9.0249481520e-01
6.4035931607e-02
1.7151541031e-01
3.7321183879e-02
5.2315056503e-01
-2.6323788462e-01
1.5286915724e-01
-1.4339986103e+00
6.7976089374e-01
-1.8492646011e+00
1.0874834539e+00
4.2483427551e-01
3.5919320194e-01
1.1043995937e+00
1.3930169608e+00
1.4632630519e+00
2.2739217348e-02
-5.8658024683e-01
9.6801565001e-01
8.1123701098e-01
-7.1719394501e-01
1.8742621100e-01
1.1266283100e-01
1.9760068801e-01
