-7.7508807206e-01
-1.0324840382e+00
9.4243126353e-01
1.9008570610e-01
1.2267075432e+00
-9.0298609405e-01
1.6447417114e+00
1.6707748595e+00
-2.5106921401e-01
9.9351384910e-01
5.3986777594e-01
3.8298661213e-02
-3.9694760309e-01
-2.6458172225e+00
-5.0434348298e-01
-7.6718236657e-01
-2.0797774416e-01
-3.6667779110e-01
7.7170943033e-01
7.4057538808e-01
2.5194047899e-01
-2.8089116735e+00
6.1664652028e-01
-1.9554668880e+00
3.0754981340e+00
9.9393114769e-01
1.1428174153e+00
-7.8966829951e-01
-5.5863803053e-02
-1.2223270268e+00
4.1309564087e-01
-4.6230960831e-01
-1.0934559236e+00
-1.7196150341e+00
1.0258675307e+00
1.4518755459e-02
-5.9166646772e-01
6.6466146260e-02
1.0144217324e+00
9.4374150177e-01
9.2440538273e-01
-1.0095651772e+00
-8.4117652984e-01
-3.1687034478e-01
1.7936500268e+00
-4.8719795830e-02
1.1181717318e+00
-1.0549432216e-01
2.0791678676e-01
-5.1128980573e-01
8.1816207372e-01
1.6095896796e+00
1.9051810273e+00
4.0581331325e-01
6.5730064647e-01
6.2829798909e-01
-1.7063897212e+00
-1.5815319119e+00
-6.4963612270e-01
5.1093107907e-01
-1.0592906674e+00
-2.9898650266e-01
1.3232485878e+00
-7.9125321059e-01
7.9087299083e-01
3.6098471962e-01
-3.4055662781e-01
-1.0909924441e+00
3.2560407684e-01
-2.7510862500e-01
7.5544373100e-01
-4.7367486595e-01
-1.0676103834e-01
-6.1055173164e-01
1.9419778075e+00
3.2753736956e-01
7.0676590355e-01
-2.6270713919e+00
1.3914751964e+00
-2.0501499717e+00
4.9433065302e-01
-1.0741221679e+00
1.4859245117e+00
-1.0631724324e-01
2.9486231866e-01
1.0044225441e+00
-2.2957300066e-02
-2.4034407106e-01
4.6826750682e-01
-3.3051141707e-01
1.0487119319e+00
-1.1567357888e+00
-5.8787608788e-01
-7.1373928849e-01
7.1515894386e-01
-5.5276965037e-01
-1.7561883903e+00
1.6549195784e+00
-2.2830532841e+00
5.7885747284e-01
1.7296267882e+00
-1.5550334056e+00
-2.8415425546e-01
6.5249808284e-01
2.9685908726e-01
6.7531597058e-02
-5.0060027674e-01
-5.1636223092e-01
-1.0710813034e+00
8.1520020389e-01
-1.5598410960e+00
-2.4305831841e-01
2.1843719002e-01
-1.2028136445e+00
4.7487108398e-01
-6.3800780580e-01
-1.0071230077e+00
1.2521226430e+00
9.3362478726e-01
1.2639632070e+00
-5.8028961032e-01
1.1692021817e+00
9.2436402237e-01
-1.1201628886e+00
-3.4342993016e-01
-4.8939420488e-01
-6.6680987487e-01
-7.3984793242e-01
4.2432947425e-01
1.9061233650e+00
1.3659321931e-01
-5.9329220131e-01
1.7373656745e-02
-4.1805103378e-01
-1.8378742052e+00
1.4379708298e-01
