-8.2312691950e-02 -3.0305894781e-03 4.0461401023e-01 -1.4212164684e-01 1.2243985881e-01 1.2333665316e-01 -4.4807151705e-02 1.1330910203e-01 -2.8647935497e-01 -8.0619621941e-02 5.4689665597e-02 5.2592368412e-03 -5.5030753348e-02 1.8684273472e-01 2.0295068703e-01 -1.7728979276e-01 -4.6640816855e-02 1.3492907529e-01 -9.4425689607e-02 -4.4013648522e-01 3.1625705691e-01 2.4318291198e-01 -2.7373759061e-01 -3.5747768926e-02 -3.3379903532e-01 2.7944360198e-01 1.4198132983e-01 -1.7730995766e-01 -2.5415899153e-01 2.2999282031e-01 -1.8885503942e-01 -7.5014728180e-02 1.7659407599e-02 2.2054975415e-01 7.7033935929e-02 1.6724137012e-01 -7.1994230079e-02 2.4710880469e-01 -2.5398383773e-01
-6.5812696743e-02 7.6628734231e-02 3.6702627682e-01 6.9902024201e-02 4.3396404802e-02 -1.5077262814e-01 1.2350234178e-01 -4.4128651414e-02 -3.4125445017e-03 -7.7955999764e-02 1.7694476873e-01 5.1820401303e-02 -6.2321270488e-02 3.6262712980e-02 -5.5131122958e-02 -2.9208240217e-01 1.6814602175e-01 1.5347780625e-02 1.3517324908e-01 5.6146337341e-02 -1.4156160920e-01 -9.1265865266e-02 -1.0575940956e-01 9.8498858272e-03 1.6326520625e-01 -1.8113546388e-01 2.9249849472e-01 1.4322036775e-01 -2.4154948646e-01 -3.7215054316e-02 3.0310419011e-02 9.5198884945e-02 -1.5152429072e-02 4.3780000103e-02 -1.2724498059e-01 1.5864995367e-01 -1.7904490742e-01 -6.5181429524e-02 -1.8389645849e-01
2.2369289785e-01 3.3738632552e-01 1.3473217744e-01 -2.5986902004e-01 1.5050555597e-01 1.1018615027e-01 7.2786695235e-03 6.2908519699e-02 -9.7115731275e-02 -1.5520095018e-01 -5.1313728245e-02 -2.3365581747e-01 -1.0569094137e-01 3.4536875929e-01 1.1167567576e-01 2.0707508948e-01 -8.2910786644e-02 9.7370550899e-02 -1.8842297033e-01 8.0765895123e-02 2.3951397335e-01 2.1135342341e-01 -9.6435537921e-02 5.0928279896e-01 -9.0986161967e-02 4.0691839942e-01 2.7270312057e-01 1.1764724008e-01 -4.2526313868e-01 5.8830349507e-01 2.0356877515e-01 -3.5991910068e-02 2.2795667047e-02 1.7179369042e-01 -1.2844002660e-01 -1.8203571685e-01 -4.6682466107e-01 2.5305603251e-02 5.0393404903e-02
-9.3226804722e-02 3.0650647722e-01 1.3944166282e-02 1.2094571513e-01 1.7556526813e-01 -1.5754567582e-01 -2.1567055557e-01 -2.4668358716e-01 1.7216361379e-01 1.1455746687e-01 1.2215145103e-01 -1.2329940330e-01 7.3070497153e-02 2.2402774428e-01 -1.7148638762e-01 -1.4364059965e-01 2.5166457689e-01 -1.5826945329e-02 8.7214038575e-02 -1.7894435100e-01 -3.0096793295e-01 -2.3742651431e-01 3.1077831778e-01 -1.2223365583e-01 1.7618407709e-02 -1.1600345491e-01 2.1009845539e-01 -8.0423816860e-02 2.7717913226e-01 5.9650349495e-02 -7.7107023401e-02 1.9088350772e-01 2.1883843102e-01 1.3624555063e-01 1.6950481726e-02 3.0276246997e-01 1.2509837193e-01 -1.9077451414e-02 1.5380193602e-01
-4.3627593212e-02 -9.8602030546e-02 1.6044250181e-02 1.4398298921e-02 -2.9474662584e-02 -2.9261354717e-02 -5.6503049448e-02 -2.2921485129e-01 -1.7175263367e-01 -2.7064184391e-01 1.0461565359e-01 -9.5348797235e-03 -1.3732629713e-01 -1.6915568669e-01 8.2531567800e-02 -3.7255774063e-01 -1.8616279430e-01 -2.1979571569e-01 -1.0889830461e-01 -2.1779117626e-01 -1.4528645603e-01 -4.6989025939e-02 3.1152564249e-02 -1.5296288641e-01 -3.9222924673e-02 1.2932756846e-01 4.1374949978e-02 -1.0924471033e-02 2.2103552254e-01 -2.5710785028e-01 4.8097590518e-02 6.7629184845e-02 -8.8065730883e-02 -2.2756634531e-01 1.9639460429e-01 -8.8880404128e-02 2.6809863927e-01 6.5811346126e-02 -2.5562115569e-01
-4.4167047652e-02 -2.4401702268e-01 7.2127802790e-02 1.7845532093e-01 -1.2890629961e-01 1.7906568042e-01 -1.9258355703e-01 -8.9072606794e-02 6.4793839567e-02 -5.6112583892e-02 -1.2988617673e-01 3.0912589629e-02 -2.6397753960e-04 -1.9729877563e-01 -1.8124596808e-01 -2.7171867035e-01 2.7911466983e-01 -1.0240997984e-01 -2.7748764473e-02 -1.9784907359e-01 -1.3275512449e-01 -3.5072387216e-02 -3.9988367015e-02 -3.4100434371e-01 6.5066780735e-02 -1.1241693451e-01 -3.2441731073e-01 2.9091026605e-01 2.3511634360e-01 5.9938017645e-03 3.0447262195e-03 1.4893827099e-01 1.9532403232e-01 1.3133145784e-01 -1.1324092566e-01 3.6812484343e-01 -7.2471998510e-02 -1.5661798690e-02 -1.6344764070e-01
1.9696257691e-01 3.7617741516e-02 -1.3051616029e-01 1.3080765157e-01 1.0587716014e-01 -1.0746923770e-01 3.3745615324e-01 1.4221856624e-01 -1.9657127221e-01 -4.8645583998e-01 -3.9718071096e-01 -4.6317365163e-02 -2.8812723792e-02 -2.3538402813e-01 -5.0667390254e-01 -4.7998503923e-02 -5.7661431510e-02 1.2155728700e-01 -3.4402879722e-02 -2.4295891217e-01 -5.9557862405e-02 2.3518391932e-01 -4.4243645042e-02 -1.6646528565e-01 -3.4361604425e-01 -1.2997494684e-01 -5.6976045773e-01 -6.5683265990e-02 -6.0937807061e-02 -1.1116018650e-01 -1.1888291225e-01 3.1140591086e-01 -2.0816524342e-01 1.2462696674e-01 -4.7872897898e-02 -1.6999054484e-01 -2.4994472637e-01 -4.4066729210e-03 -1.2391200448e-01
-1.1023770365e-02 1.0094675477e-01 -4.5746716640e-03 -9.2995643606e-03 1.0704971553e-01 -2.8606574278e-01 -1.1963992869e-01 -1.6053917738e-01 -3.3324852682e-02 -1.0887620433e-01 -2.1211872931e-01 -9.0774542518e-02 -1.5930053762e-01 -1.9014777776e-01 5.0217190222e-02 -7.0154473296e-02 1.4183228083e-01 -2.8322086482e-02 -3.2754624819e-01 -1.1680529658e-02 -1.2994963732e-02 1.3248556695e-01 -1.1655263295e-01 -4.8999137086e-02 -1.0690925374e-01 -7.2921742443e-02 3.3283689605e-02 2.8687004952e-01 -3.4731626205e-01 2.2114488371e-01 -3.2629126153e-01 -9.0782566010e-02 -3.1830940217e-02 -6.1231369758e-03 2.0608094460e-02 -3.2735288819e-02 9.7342452219e-02 -2.0371219763e-01 -3.4928498547e-01
4.0904043657e-03 2.8443714341e-01 -5.9690305632e-02 -3.4007418897e-03 -8.5460186874e-03 1.3818897195e-02 5.4203264945e-02 -1.2536864625e-01 -3.8744183080e-02 9.2671157637e-03 1.6364080853e-01 -2.3165350680e-02 -7.5536880033e-02 -8.4673494721e-02 2.7213204822e-02 -1.9425556556e-01 2.4714622155e-01 -2.1991048292e-01 -2.7376221808e-02 -7.3753667309e-02 -2.5640008270e-02 3.5112220363e-04 -1.5506071988e-01 -8.9421902695e-04 1.0313266691e-01 2.4918041184e-01 -4.8519353886e-02 1.3501515599e-01 -5.5168099877e-02 -1.2702231519e-01 1.8371426705e-01 -6.3530097865e-02 4.3207755553e-02 -2.8818214499e-01 1.5029367362e-01 -6.6243416312e-02 2.2746727161e-01 2.1701565849e-01 -1.6698831553e-01
-1.2851312416e-02 9.7668412086e-02 -7.2372489818e-02 -3.9063476235e-01 1.2754836529e-01 1.0546910378e-01 2.8446146303e-01 4.6037440702e-02 9.8791879074e-03 -3.3106905832e-01 -3.7097492748e-02 -1.5947710387e-01 -2.9967886860e-01 -1.2101304047e-01 -6.7369262323e-02 1.2179427295e-01 -1.2164198482e-01 2.3304309995e-01 2.3107141348e-01 1.2198831256e-01 -1.7144081166e-01 4.7910003427e-02 1.3142152733e-01 2.9933650180e-02 -6.4482401009e-02 7.2475227189e-02 1.8757952009e-01 -3.8288684763e-01 -9.5263110272e-02 6.9730016541e-02 -2.1537974750e-01 -5.4493311846e-02 -1.5047976695e-01 -6.6101143664e-02 2.9177421159e-02 -3.6496622658e-01 -1.9223546272e-01 9.5306215425e-02 5.1027516355e-01
-2.7118359491e-01 1.5107901124e-01 7.8703712521e-02 -5.6093297524e-02 -9.2527631459e-02 -2.2771241056e-02 -4.2075160774e-01 -2.7220081332e-02 -3.2376245139e-02 1.1879097303e-02 1.2563330372e-01 1.3347414896e-01 1.2005457155e-01 -1.0094262014e-01 4.3485559361e-02 -2.4169431335e-01 -1.0960627401e-01 2.8360045941e-02 -8.6936939185e-02 -2.3936921041e-01 -8.0171985136e-02 -2.4303062680e-01 -9.1655152801e-02 -2.6459549969e-01 2.3601826843e-01 -9.8882224676e-02 4.0046916503e-01 1.2581878144e-01 8.2930314325e-02 2.8905563036e-02 -9.9543823315e-03 -1.1200630700e-02 5.0032343347e-02 -4.1681358776e-01 8.6724607937e-02 3.2917158626e-01 -2.7561174603e-01 1.1368831936e-01 1.7671496955e-01
1.1294777523e-01 2.1253433237e-03 -3.0279240312e-01 -5.2847267820e-01 -1.5391276910e-01 8.4094911244e-02 -2.8605639052e-02 2.4984085090e-01 -6.4978463683e-02 8.7899943013e-02 1.3437644246e-01 -1.2896964241e-02 -4.9411647530e-01 3.0542417257e-01 -1.0787836954e-01 7.1259344696e-02 1.4914964513e-01 1.6272285431e-01 -1.2445719906e-01 -4.0413916418e-01 -8.9548253162e-04 -2.6580307077e-01 2.2787620157e-01 -2.9386585711e-01 -8.7209177215e-03 1.6906970936e-01 2.3081028714e-01 1.1216693202e-01 -9.5419914633e-02 1.3046795438e-01 2.9790974257e-01 2.6123359851e-01 -2.7820446537e-01 -1.5232350803e-01 -9.3393779780e-02 1.7781703744e-01 2.3429306452e-01 9.8355882189e-02 1.7952285164e-01
-6.7083786174e-02 4.1492416768e-01 -1.1411697453e-01 -3.2318089623e-01 -1.6146760484e-02 -1.4161561268e-01 -1.4999547641e-01 5.9051598486e-03 -3.0435780251e-01 -1.5517291227e-01 -4.2193598718e-02 2.7908792965e-01 1.0575605782e-01 8.8776164496e-02 1.8184302700e-01 6.9614630002e-02 -3.4069380230e-01 2.1946567689e-01 -2.9183768605e-01 7.1633804757e-03 2.9060157270e-01 -1.9198470289e-01 2.1551211925e-02 8.9968473204e-02 -1.0446450126e-01 2.2242931089e-01 5.3428663257e-01 2.2422031993e-02 -9.6393749837e-02 3.9114260899e-01 -4.9991796306e-02 1.8493944180e-01 -1.6542291664e-01 -3.7370707760e-01 -1.1354511734e-01 -3.3343946300e-01 -2.6688255928e-01 3.7817865163e-01 -1.7635159334e-01
3.8475951165e-01 6.8007064982e-02 3.9481366467e-02 2.8383133264e-02 1.8930754714e-01 1.7571341834e-01 -2.7748960424e-01 -2.1685386309e-01 2.7751948926e-01 -9.6397313094e-02 4.0427144791e-03 -1.3229651552e-01 -1.5373232378e-01 2.6414427836e-01 -1.5017387353e-02 5.6769626869e-01 -7.5435736328e-02 2.4238361589e-01 -5.2128046033e-02 -1.3744337833e-01 -8.2907391479e-02 8.5660868578e-02 -6.6218243643e-02 7.2505670366e-01 1.5820060053e-01 -1.5407112227e-01 1.0653959538e-01 7.8346836148e-02 -2.1401796990e-01 5.1898739932e-01 -3.0269273247e-02 -7.1894955196e-02 -5.0284065604e-01 4.2437503071e-01 -1.6382461618e-01 -2.4537308951e-01 -1.1611820387e-01 -1.8840370208e-01 -1.2715613512e-02
7.1909274511e-02 -2.1840644435e-02 4.1742369304e-02 2.9480615970e-01 1.5825363393e-01 2.2468938785e-01 2.4460602343e-02 3.1288232167e-01 1.3413113834e-01 8.5799724772e-02 -1.1762287206e-01 1.6294187754e-01 -1.5375398659e-02 2.9581101748e-01 7.8695265420e-02 5.6553986648e-01 -2.1075248585e-01 -6.2833399104e-02 -5.7803323546e-02 2.6723833754e-01 2.2210035409e-01 1.0938831724e-01 -1.1207534156e-01 5.4225738625e-01 -1.5802769197e-01 6.3937465524e-02 2.4230674571e-02 -1.1559412454e-01 -4.6097703958e-01 2.8971323475e-01 -2.7629321756e-03 -2.6782682369e-01 -1.9221937264e-04 4.3987358565e-02 2.1723302553e-01 8.9732548202e-02 -2.1672732710e-01 3.4454578903e-01 2.3702884640e-01
-1.9733383900e-01 -1.4448610033e-01 -1.3443675295e-01 -1.1186836540e-01 -1.3447004299e-01 2.0669842417e-01 -1.8179312576e-01 -3.2400009259e-01 2.6381726152e-01 4.7450918358e-01 3.1684652118e-01 -4.5199661632e-02 1.0933745757e-02 2.8784088768e-01 -2.4858087774e-01 -2.9639121509e-01 -5.9012418740e-02 -1.6262729947e-02 -2.3010059011e-01 -1.8664628495e-01 -3.0002227760e-02 5.0605184154e-02 -1.7034553970e-01 6.5550103364e-02 2.2026646907e-01 7.8478724756e-02 1.7348450752e-01 9.1593489463e-03 1.2560208380e-01 -4.3436647492e-01 -2.4512860378e-01 -7.6420751438e-02 3.7669773714e-01 7.6393197742e-02 2.9409021389e-01 9.2100806089e-04 1.4469704936e-02 -1.9712128684e-01 5.6524185788e-02
-1.6129853018e-02 3.1426902519e-01 3.4462050865e-01 -2.0508696767e-01 -3.0976413847e-01 -1.3510162946e-01 -2.0246126624e-01 -9.6916103758e-02 3.5052062418e-01 -9.3445374900e-02 1.0573078668e-01 1.2014488183e-01 -1.8523431204e-02 3.1854409737e-01 1.0996729085e-01 -3.8761652029e-02 2.6942319294e-01 7.5726834809e-02 2.4335255784e-02 -2.3477595159e-01 -4.0728858103e-01 2.0511195507e-01 7.6152028742e-02 3.7138023494e-02 5.8369276087e-02 -2.7019990814e-01 -1.2201077388e-01 -1.1041044616e-01 2.7244715428e-01 2.8277175039e-01 2.6069089319e-02 1.2622087943e-01 1.5934958596e-01 -8.6293324021e-02 1.4060713520e-01 2.5722559904e-02 1.2898869708e-02 1.4289076228e-01 -2.2590389200e-01
2.7553520226e-01 -4.7803680300e-02 -1.0630628744e-01 -1.9774691109e-01 3.7578471555e-01 2.1543292902e-01 6.3031461534e-02 1.2500274186e-01 -6.4544621970e-02 2.6712363046e-01 -1.6468342853e-01 4.7003948005e-02 -1.3681109670e-01 -1.3173526214e-01 -4.1676828111e-03 6.7163715853e-02 -1.9421523710e-01 1.0295584386e-01 -3.9129404479e-02 -4.2909540064e-02 4.1162820465e-02 6.0180495635e-02 -7.5866929149e-02 1.1126561396e-01 3.6425511914e-02 1.7883459151e-01 -2.5202472018e-01 -1.4391498828e-01 1.3949595016e-01 1.6605583669e-01 -1.8374056760e-01 1.5341709024e-01 -8.5848688307e-02 4.6355397090e-02 4.6450381028e-02 -2.2943046292e-01 1.6396908262e-02 -1.2187767320e-01 1.6442249615e-01
-2.7029935956e-01 -1.8673017306e-01 -1.3589881041e-01 -2.1545485126e-01 -1.7193125062e-01 -2.7711086025e-02 -3.9433487731e-02 -2.2972108244e-01 -3.3488533024e-01 2.6415821199e-01 -3.7312804734e-03 8.9950916501e-02 8.1315367483e-02 3.3069055535e-01 -7.3928053999e-03 -1.6041692061e-01 -1.5658059600e-01 2.1648377244e-02 8.7451971479e-02 -2.8561089744e-01 1.4456894585e-01 -5.2290422733e-01 4.4485047349e-02 -1.4088216706e-01 1.9356768374e-01 2.9674546399e-01 1.5107965440e-01 4.0743566887e-01 -2.7026034983e-01 3.9285935823e-01 -1.1708645248e-01 -2.2202308279e-01 -2.4479834561e-01 3.2928042863e-01 -5.5993739128e-02 -1.7153085726e-01 1.8228805659e-01 3.3499878828e-01 1.8892507902e-01
1.6671551490e-01 -2.8412641781e-01 -5.5942443799e-02 -1.0992828985e-01 2.5335647639e-02 -1.5884471028e-01 -6.4648115964e-02 1.2008903616e-01 2.8529377692e-02 1.8486184114e-01 -1.5792097760e-01 2.7662789793e-01 -1.9322100223e-01 -5.4839182827e-02 9.7439700372e-03 2.6083875695e-01 -8.5815166361e-02 1.2576650227e-01 5.4416635165e-02 5.0295096599e-02 -5.4658923895e-02 7.5057858967e-02 -6.9865849260e-02 -4.9319011920e-02 -4.1050424816e-01 2.7123537575e-01 -9.8337448813e-02 -1.0879731071e-01 1.9113207774e-01 1.0303400038e-01 -2.2615610984e-02 -1.3844597192e-01 8.3854758858e-02 1.1486876927e-01 -2.8181626189e-01 7.8431223155e-02 -1.2814635684e-01 -8.7965180392e-02 1.5718300782e-01
-3.1747415444e-02 1.4187947227e-01 5.2530849338e-02 1.3520188697e-01 3.7162443470e-02 1.5293909255e-01 -1.5002853351e-01 3.9736549844e-01 2.7986199558e-01 5.3853297649e-03 6.4538333963e-02 -1.9916342198e-01 1.8918651719e-02 -4.7246410589e-02 -5.5500864371e-02 -3.4826707944e-02 -1.3990980628e-01 1.0983597439e-01 -4.5663452495e-02 -4.2313895917e-02 -2.4596281447e-01 5.2335207011e-02 4.5396755968e-01 -1.4539157740e-01 -2.7050969468e-01 -1.9969244218e-01 -2.9716854475e-01 -3.3763244791e-01 2.5492359210e-01 -1.4390016026e-01 5.0034007773e-01 2.4269613875e-01 -2.7411452135e-02 -1.0581264609e-01 -3.5564744817e-01 4.5604783668e-01 3.3425948361e-02 -1.5899572398e-01 -7.9203889288e-02
-1.3698026523e-01 -2.3255453585e-02 -2.1491425582e-01 4.7711806025e-02 -2.3398283008e-03 1.1119817238e-01 -8.4234982263e-02 -3.9155478789e-03 7.4738526494e-02 -2.0701932142e-02 -1.0979430543e-01 1.9277837836e-01 2.4453793539e-01 6.2401934292e-02 1.0035634302e-01 2.8292663404e-01 3.5667158842e-01 2.2013000474e-01 -2.8491547703e-02 5.5986704671e-02 -6.4619784582e-02 -3.7755034411e-01 1.7119750295e-02 2.0211903545e-01 -2.1025272970e-01 7.6660831258e-02 -3.6738232774e-02 8.3030542253e-02 -1.8338839218e-01 1.5774503695e-01 2.2470441418e-03 2.6542007489e-02 -1.7826315822e-01 3.4753692642e-01 3.2474672133e-01 2.3268667566e-01 -1.0339542248e-01 -1.9551245309e-01 -1.1089517590e-01
-1.3279131061e-01 -7.6416307738e-02 2.4738261533e-01 -1.9128314055e-01 -1.6641866015e-01 -1.3522027896e-01 -2.5049109097e-01 -2.5321215463e-01 -2.2253008912e-01 1.1943042201e-02 2.7010850938e-01 2.8917254541e-01 9.7144102367e-02 2.4894586707e-01 -2.1045924734e-01 -1.0434432448e-01 1.7360650959e-01 -6.4659086395e-02 6.1116969883e-02 3.3898041247e-02 6.5641551521e-02 -8.8127379006e-02 -3.4034681316e-01 -3.1316334847e-02 8.0343674403e-03 7.3859267751e-03 -1.8022361757e-02 1.2968552037e-01 -2.1832741717e-01 5.3531644637e-02 -4.0334646969e-01 1.5732445252e-02 1.2441475040e-01 1.8597633857e-01 1.0584664697e-02 4.3718832906e-01 -6.5675833281e-02 2.2989142206e-01 3.0695239903e-03
-4.9907179144e-02 6.6009670790e-02 -1.5794761282e-01 -6.3225742956e-03 2.2548423884e-01 1.8724950552e-01 -1.2986118399e-01 2.6186400232e-02 3.8096259090e-02 -3.2723936020e-01 -2.0052408019e-01 2.2619506656e-01 3.8764106460e-01 -9.5606220157e-02 3.3217180072e-01 7.3604678257e-02 -6.1026848937e-02 -1.3280488327e-01 1.0626815139e-01 1.5641358868e-02 -1.4910595709e-02 2.6860714624e-02 -5.1390347556e-02 1.3043979221e-01 -2.5522873943e-02 3.1057376918e-01 7.3010207754e-02 -2.9385647618e-01 -2.0566260216e-01 -5.7157145879e-03 -1.5629701911e-01 2.0835895679e-02 -3.4406304398e-01 8.9863114383e-02 -1.4142811352e-01 -7.2590337330e-02 5.8268413850e-02 -1.0590410816e-01 1.9772816216e-01
3.9255492408e-01 -3.7464347315e-02 1.5956296789e-01 -4.9628490958e-02 1.7284044676e-02 2.7120087445e-01 5.7675302345e-02 -1.5128906660e-01 -1.6333175245e-01 -1.9120519092e-01 -8.5877618907e-02 1.8834247508e-01 -1.7081843396e-01 -2.3909058122e-01 2.2485824194e-02 2.9632432759e-01 6.4246816370e-03 2.2132924322e-01 -3.5042832191e-01 7.0019921645e-02 6.0679380060e-01 -2.2693297279e-01 2.7038077008e-01 -1.3831265339e-01 -1.4954497102e-02 3.1142266755e-01 3.9405288876e-01 -2.1835447500e-01 -2.6485239307e-01 1.0589666600e-01 1.0754575777e-01 -2.0516695250e-02 -2.2257001634e-01 -4.6569356969e-02 -2.6787336387e-01 -2.9649190579e-01 1.4204595552e-01 -2.5765201618e-01 -1.3653086099e-01
-3.5653046562e-02 -6.6351518804e-02 2.5845477746e-01 -6.0388032829e-02 2.3797031839e-02 4.6051940451e-01 6.8130471606e-02 -1.1924074654e-01 -1.8989048837e-01 -1.2790376766e-01 5.5449871208e-02 -9.1378379094e-02 7.0585629974e-02 1.0814185328e-01 1.1202153603e-02 -3.0526321556e-01 1.5948547937e-01 -5.5772193470e-01 -4.1106755562e-02 -5.5547891347e-01 -9.2478242629e-02 -2.6638203921e-02 8.2375401273e-02 3.4635857060e-01 -8.6451942839e-02 -4.2257722699e-01 -3.7514479717e-01 7.4487672763e-02 -2.0842593976e-01 -4.5523298928e-01 -6.9257358601e-02 4.5474911489e-02 -2.6504781850e-01 7.6114933502e-03 1.6053667513e-01 -5.8525211638e-01 1.9173696160e-01 -1.0945973992e-01 4.0764528431e-03
1.3375542856e-01 7.1941669922e-02 -3.5971497922e-02 -4.0793799999e-01 -1.4208750814e-01 -3.5396443584e-01 -1.2032743212e-02 -1.1583062776e-01 3.5178337631e-02 -2.2051659864e-02 -3.0345026006e-01 -1.1921076049e-01 -6.9338420755e-02 -1.0335074814e-01 -4.2236574534e-01 2.4068290909e-01 -2.3100319559e-02 2.9096382452e-01 -2.5184053005e-01 2.0249960044e-01 3.1176054692e-01 -1.7198933491e-01 -4.3636369072e-01 2.2993159717e-01 -1.0275414240e-01 1.8972082245e-01 -4.9109165229e-02 1.2655733070e-01 -3.7360880928e-01 4.8842650804e-01 -1.0865144297e-02 -2.1217606189e-01 -2.1467007989e-01 5.6199480130e-02 -2.7848787600e-01 -3.3457643997e-01 -1.6495876170e-01 2.1543105760e-01 -2.3200396085e-01
-6.8986155727e-02 -3.6550171623e-01 -3.5307725836e-01 -3.7270322812e-01 -2.9423034789e-02 -1.9032017222e-01 4.6933944002e-02 1.0527480552e-01 -4.7364319808e-01 2.7855629124e-01 9.9582940460e-03 -1.4846717851e-01 -4.9587422861e-02 -1.7500326714e-01 1.7495060402e-02 -6.2513263673e-01 1.6543779058e-01 3.6716615160e-02 -6.4331612917e-03 -9.5317291228e-02 4.4168028269e-02 -1.6592899906e-02 1.1957858479e-01 -1.3747065462e-01 -4.5677029403e-05 -8.3172562272e-02 -4.8289851947e-01 3.4512341566e-02 -8.8752392585e-03 -3.4951799154e-01 -1.4874330297e-01 1.9655318009e-01 5.3472051926e-02 -1.7657672703e-01 1.9524956325e-01 -1.3137627580e-01 2.5511109800e-01 -1.7257354273e-01 -2.8965344116e-01
-1.4678210287e-01 4.3952960578e-01 1.0568444961e-01 -2.3885885220e-01 -1.6423630889e-01 2.2832299605e-01 -1.2115708617e-01 -1.3667067317e-01 -9.6188288641e-02 -1.1668124858e-01 4.6772795607e-01 -2.3707916403e-02 -6.5696517519e-02 -1.3119842966e-01 -1.4552388052e-01 -1.0613454240e-01 1.2316985136e-01 -2.1988215389e-01 1.9500854513e-01 -3.7734432525e-01 -1.6618422880e-01 6.6297059635e-02 -7.5686800759e-02 -1.0823792061e-01 8.4801295991e-02 1.0106606052e-01 8.4556434433e-02 -1.3700325830e-01 -4.6088614386e-01 3.6872996330e-01 -1.7735644995e-02 -6.0549702258e-02 2.2699276781e-01 -8.8036671066e-02 4.6318349604e-02 -1.2873230205e-01 3.6661894631e-02 3.0370021674e-01 -9.7526901095e-02
