-2.0239857053e-01 -9.3427255122e-02 8.8046329816e-03 6.8743983983e-03 2.2889768627e-01 4.9334540294e-02 -6.3555159749e-02 2.6172126450e-01 4.0428546605e-02 8.1778915509e-02 2.1397221377e-01 1.7201931324e-01 -1.7368720726e-01 3.9234081911e-02 -1.5443271412e-02 1.9498227903e-01 9.2636646052e-03 2.9002993949e-02 -1.8881264755e-02 -6.4215154179e-02 6.3525813356e-02 4.3557573900e-02 7.6923043278e-02 1.1841577379e-01 -7.7675964412e-02 -1.3381185743e-01 -1.4229413311e-01 5.8602519839e-03 4.3237331021e-02 -1.2672761840e-01 -5.8218728986e-02 -4.1801072732e-02 -2.3757897308e-02 1.3943221396e-01
1.9718285289e-01 6.3801090810e-01 4.9689291196e-01 5.1446745877e-01 -2.5746484422e-01 6.7961483394e-02 5.1636956266e-01 -1.2518899828e-01 -3.5018319417e-01 -3.9296812933e-01 4.4154390220e-01 -2.0084725988e-01 7.0478394808e-02 1.3908191853e-01 -3.0062586095e-01 1.7997677497e-01 -7.3080914396e-01 -3.2284851338e-02 -6.2752558547e-01 3.6961799572e-01 -1.7616410944e-01 -9.2643416358e-01 3.8264770654e-01 -5.6362837547e-02 3.3576174557e-01 4.9232897259e-01 -7.8354310350e-02 -4.1608334797e-01 -2.1773572272e-01 -6.0667327556e-01 4.1168519264e-01 4.7221789327e-01 5.1976157173e-01 -1.3092316798e-01
-6.6287941595e-02 4.3542114997e-02 1.7991958030e-02 -1.0827013585e-01 -6.7942347187e-02 -1.3690863093e-01 -1.6234163754e-02 5.9858660786e-03 -5.5012580905e-01 4.4601650135e-02 6.2903374248e-02 1.3350176200e-01 5.8704676272e-02 -5.0429336915e-03 2.0356630763e-01 4.1697906121e-02 3.5175170091e-02 2.2832718146e-01 8.1424336991e-02 6.0764568722e-02 5.1673212416e-02 2.9005591328e-02 -2.5055106299e-02 -5.9386625653e-03 -1.3026931916e-02 7.6280304795e-02 -4.7051412662e-03 -4.9644048048e-01 -3.2626688796e-01 1.0262204621e-01 -1.1740873794e-02 8.2954541204e-03 2.8559496143e-02 -8.9397249709e-03
2.4170584238e-01 -1.5398460636e-01 -1.5718675797e-01 -5.5553551728e-02 -1.4647485872e-01 6.0180178667e-02 -6.0664591764e-02 -1.3687673481e-01 7.4206291899e-02 9.0631460225e-02 -1.1048492498e-01 -2.0369610701e-01 1.3980888879e-01 8.9768678744e-02 -1.4231437631e-01 -1.2599852806e-02 1.5959744504e-01 1.3030994338e-01 1.7866725100e-01 -5.2287577596e-02 -3.6530187482e-02 9.4284715313e-02 2.9475232509e-02 -3.2314720385e-03 -7.8533658608e-02 6.1883943826e-02 6.1009303141e-03 5.0192959592e-02 2.3318656219e-02 1.3532620635e-01 -4.4281947031e-02 3.2816299202e-02 -4.6015016596e-02 -1.2504067168e-01
1.0060832495e-01 -5.0077812507e-02 -1.4757521062e-02 9.1223489425e-02 8.1276310978e-02 1.9170025056e-01 -3.0574983635e-02 1.0340884823e-01 -3.1174527738e-02 5.7192446494e-02 -1.4158088198e-03 1.8141484398e-01 5.5760588542e-02 2.1762070478e-01 -2.8354330505e-02 3.4545835445e-02 9.2084378390e-03 -1.4912626209e-02 -1.1481405159e-02 -1.7903343630e-01 -1.3973660032e-01 -2.6529789723e-02 3.5494936550e-01 2.2370820478e-01 9.6863696663e-02 -2.3081534170e-01 -8.0530814951e-02 3.4454279431e-02 -3.5896138083e-02 -2.2670265575e-01 4.8678448202e-02 9.8475534728e-02 -4.5010206383e-02 2.5846909316e-01
2.5364766428e-01 2.9384850604e-01 2.2974453529e-01 2.7681328413e-01 4.2329497421e-02 2.2516576747e-01 2.8666193477e-01 -3.7376114767e-02 -8.6132852458e-02 -1.8653281685e-01 2.2693092249e-01 -5.5828159313e-01 -7.6088091227e-02 8.1011902661e-02 -2.0897046326e-01 1.3419555416e-01 -3.7584742463e-01 -4.2045617019e-02 -2.6807353783e-01 2.2800731975e-01 1.1510742057e-01 -8.0135530386e-01 1.1964154924e-01 -6.3204357567e-02 1.6502154436e-01 3.3543446336e-01 3.2954629211e-02 -8.9541093035e-02 1.8766899767e-01 -2.6723868841e-01 2.3708195343e-01 2.5579087388e-01 2.4110446595e-01 -8.8218795466e-02
-5.2654570782e-02 3.1749577577e-02 2.2790230905e-02 1.3881528475e-01 2.3967330564e-01 2.9983164180e-02 -4.2691699487e-02 1.8740360897e-01 3.6399887281e-02 1.3646662463e-01 2.1991574882e-01 7.6429710537e-02 -1.7844113860e-01 -1.4073197644e-01 1.7798550346e-01 2.0456446305e-01 6.9175275932e-02 1.3467705214e-01 8.9868115473e-02 6.6655233146e-02 2.4945688392e-01 6.0200534575e-02 4.8623975052e-03 -8.2310989609e-02 -1.5606696247e-01 3.4605742437e-02 -1.0082781209e-01 -2.3536451196e-02 1.4968851530e-01 -1.6341950053e-02 -1.2651871784e-01 -1.5992854029e-01 -6.0478220926e-02 -3.4783654437e-02
-2.9972216513e-01 1.6790624755e-02 1.8432975736e-01 -1.2393166718e-01 6.7071229731e-02 -1.7595859875e-01 -5.2482102713e-02 1.3166217348e-01 1.6770137499e-01 -4.6965789815e-02 9.2350435015e-02 1.4150512348e-01 -1.6787988812e-01 -6.6085448576e-02 -2.0249598903e-02 5.6496913440e-02 -6.6564208997e-02 4.5302350682e-02 -1.1290060882e-01 1.3993976740e-01 9.9082093573e-02 1.2790448287e-01 -8.9033224902e-02 1.8245117757e-01 8.4686830595e-02 -2.7392271995e-02 5.2603180395e-02 3.5270214335e-02 -1.3366066997e-01 2.3895295995e-01 -6.6886186877e-03 -7.9089875608e-02 1.4630056891e-01 3.6161300894e-02
-4.4980085561e-03 -8.6287510360e-02 -2.4277743652e-02 1.2500788144e-01 5.9785115389e-02 -4.8545375509e-02 -7.7884257065e-02 -1.0171684593e-02 5.8677333070e-02 -3.6347014957e-02 4.1976850697e-02 1.6861487989e-02 1.3140258413e-01 -2.6812029031e-01 -3.3844069739e-01 -1.2386511814e-01 2.6677196578e-02 -9.2642892962e-02 5.3776109807e-02 1.4449468807e-01 2.7633554880e-01 1.4102257814e-01 -1.5327642603e-01 -2.1666255443e-01 -8.0338091265e-02 3.1698033215e-02 1.7959805001e-01 9.2067142280e-02 2.8737808566e-02 -1.2501475787e-01 -9.1479709804e-02 -1.8491372538e-01 -9.6633443165e-02 4.6442253155e-02
8.3324960693e-02 -1.8034619484e-01 -1.1171115312e-01 -1.7891481746e-01 -1.4178022792e-01 3.1448336869e-03 -5.9003743080e-02 -7.3663427559e-02 1.1650540382e-01 4.8395422104e-02 -7.2066083506e-02 -1.1300082543e-01 7.0394659465e-02 1.6108220363e-01 -1.9075312604e-01 3.0423503601e-02 1.1154920032e-01 1.0038318057e-01 9.7434683014e-02 -7.3615325304e-02 -9.4989108077e-02 9.7789665361e-02 -4.3503197325e-02 1.0964742337e-01 -4.1011921551e-02 3.3492436677e-02 -2.5255935180e-02 6.3647140308e-02 -1.5448444014e-02 1.6342036750e-01 -1.3609100081e-02 8.0130199836e-02 2.0774437731e-02 -7.4940211992e-02
-7.5907400676e-02 -1.7554931038e-01 -1.4984730746e-02 -2.0079491366e-01 -1.1973984112e-01 -1.0059934290e-01 -8.5434306113e-02 -4.6904312207e-02 1.7422390994e-01 -4.5048649269e-02 -5.1713084332e-02 -5.7213819226e-02 3.6786739703e-02 2.6882215004e-02 -4.5097543267e-01 -4.3610718964e-02 3.6270651766e-02 -7.0808303144e-03 2.1326888882e-03 3.2674333848e-02 -8.6279758766e-03 1.4590075736e-01 -1.7665459080e-01 9.6669151280e-02 3.1541069447e-03 1.2108225338e-02 7.3666461372e-02 1.1253081359e-01 -5.7158960074e-02 1.7419654878e-01 -1.7988545265e-02 4.4972704498e-04 6.5016217731e-02 -3.6476129515e-02
-2.5658544299e-01 1.7861269586e-01 2.9008225093e-01 6.8556738936e-02 1.8173356722e-01 -1.6091409390e-01 2.4786292198e-02 1.7601159228e-01 6.1238601773e-02 -6.2013894003e-02 1.4555855280e-01 3.0176294900e-01 -1.3111986604e-01 -1.5542546398e-01 2.4291046225e-01 3.0955395038e-02 -1.3942688604e-01 3.1467673684e-02 -1.4906803865e-01 2.1896699203e-01 1.7825154690e-01 8.6229346558e-02 1.0166121803e-01 1.4149014213e-01 1.8283243687e-01 -1.4918260064e-02 1.0371835320e-01 -5.6111469832e-02 -2.2917167447e-01 1.6343795994e-01 4.3484715108e-02 -1.0004331283e-01 1.5646792565e-01 1.4434602929e-01
6.5824698067e-03 -6.3270194681e-02 -6.0855999927e-02 -1.2779153289e-01 -4.8122917464e-02 -4.5497138665e-02 -5.1808971362e-02 -1.9257203476e-02 1.7260730763e-01 1.0121210040e-01 1.2841472659e-02 -1.5466309707e-01 -8.7775512093e-02 6.8858474433e-02 3.7014218874e-02 1.6041272789e-01 1.2286896210e-01 2.1182861319e-01 1.1742091998e-01 1.2177888079e-02 4.7443083954e-02 9.4064052163e-02 -1.6350191192e-01 5.2607855066e-02 -1.1613558284e-01 1.3651828791e-01 -6.6431001537e-02 4.3172516004e-02 1.0700359379e-01 3.1917354831e-01 -7.4984686351e-02 -1.0327391922e-02 2.6795911773e-02 -2.0369350957e-01
3.6659653965e-01 -2.1952444510e-02 -1.1301254949e-01 1.9905827496e-01 3.9154848392e-02 2.5022995852e-01 -2.1895222458e-02 -3.5805634605e-02 2.6285127326e-02 2.0095657875e-01 -5.6350390736e-03 -2.5951468097e-01 -4.5887308329e-02 -2.0167006437e-02 -1.1505407815e-01 1.0249202109e-01 1.7518167116e-01 8.5370368185e-02 2.0436059948e-01 -4.1373970749e-02 9.3219270232e-02 5.0532124245e-02 1.8707403007e-01 -7.8116730156e-02 -1.1962845854e-01 1.7408901943e-02 -8.7822064756e-02 4.7265484860e-02 2.2705863324e-01 -2.4639913018e-02 -8.3648703545e-02 -6.6222647049e-02 -1.1289149113e-01 -1.6442985926e-01
7.0195534135e-02 1.4993227257e-01 8.4032894846e-02 6.6298674351e-02 -2.1656551883e-01 -1.0874476622e-01 2.6972256515e-02 -3.3581763213e-01 -5.8826521614e-02 -1.5854709124e-01 -2.8190271299e-01 2.4884198762e-01 4.2957582954e-01 -1.7604299852e-02 3.2404271766e-01 -3.1450421953e-01 -8.5375766972e-02 2.1292536067e-02 -9.1938749667e-03 1.2380442635e-01 -1.4064560491e-02 -1.5278484841e-02 1.1016761770e-01 -1.0205475493e-01 2.0395075577e-01 1.4227425855e-01 2.7243570336e-01 -1.9443245030e-02 -1.6944032268e-01 -7.2423536870e-02 7.1301564114e-02 4.5115219164e-02 -5.0610097350e-03 8.9700226202e-02
-1.2666562988e-01 -7.7154472470e-02 -2.7692540103e-05 -6.3610708300e-02 1.3527958089e-01 7.2645791511e-02 -4.0265768500e-02 2.0447214072e-01 4.9014896883e-02 9.0980402797e-02 1.3743826897e-01 1.5201810525e-01 -1.4215048554e-01 1.8442539484e-01 3.9829660279e-02 1.9992071375e-01 3.1435337262e-02 7.3403543577e-02 -6.2892350141e-03 -1.3081006660e-01 -6.8065468977e-02 2.5327942929e-02 1.3330659913e-01 2.2234897020e-01 -2.1745077135e-02 -1.3259097492e-01 -1.7621300727e-01 3.7407045637e-03 9.8299669120e-03 -4.3901392716e-02 -9.7538043604e-03 5.8803307534e-02 1.7009944121e-02 1.2135525805e-01
4.4337952525e-02 3.1438802020e-02 4.6433369992e-02 1.7375159508e-02 2.9625387784e-02 4.3541739286e-02 5.0030888934e-02 2.9517565515e-03 1.6898154346e-01 -4.7585464031e-02 4.6463923369e-02 -2.3819652623e-01 -2.2945038161e-03 4.7186966090e-02 -4.2900494461e-01 2.9370929910e-02 4.9236019245e-03 -4.5238505862e-01 -1.8660649351e-02 7.0507695216e-02 5.9586425748e-02 3.7002929691e-02 -7.8378378029e-02 4.3262381322e-02 2.0011164117e-03 1.2679534111e-01 6.0342760968e-02 1.5037421831e-01 1.5496922645e-01 -6.9601255647e-02 3.2947154189e-02 4.7162498864e-02 7.2514495839e-02 -1.1256414716e-02
