-4.2015304586e-01 1.1931604010e-01 8.7231895269e-02 -4.3579752824e-01 -6.6727995813e-01 -5.5471090232e-01 3.9850333882e-01 -7.7435046163e-02 -5.6578029021e-01 -1.1746127000e-01 -4.8240564351e-01 1.5234487087e-01 -3.7208784279e-02
5.0540896022e-01 -2.0178061369e-01 4.5194178372e-01 -5.6178219302e-01 7.8280532738e-02 -2.2494473259e-01 2.7325682831e-01 9.0673036260e-02 -2.8280679479e-01 7.8596992293e-03 1.7406788839e-01 -1.8269501680e-02 -9.3982525828e-02
2.6282989424e-02 4.9110922762e-01 4.5552588491e-01 -5.3469912851e-01 9.2964052417e-03 -2.9540592934e-01 2.2860732627e-01 4.4979218427e-01 -1.5463798370e-01 1.1912282017e-01 4.1341835155e-01 -1.5011841468e-01 -4.6997509090e-01
-1.0271033577e-01 2.5692165894e-01 3.4325459525e-01 -6.9567686705e-01 -7.3361307652e-02 -4.0209786101e-01 9.2047772299e-01 9.8496518337e-03 -1.0163889528e+00 2.3511574984e-01 -1.0176890847e+00 -1.9708064095e-01 -2.0336633534e-01
-1.9671382801e-01 -1.0479069096e-01 -2.2625034316e-01 -1.5964304256e-01 -2.3442176531e-01 -6.6038054988e-02 1.6970638813e-01 -2.0367383238e-01 -2.3914641899e-01 -1.1644098894e+00 -3.1890101572e-01 9.8432856332e-01 3.7848904792e-01
5.0837958408e-02 5.1035621248e-02 1.0255455727e-01 1.7221742781e-01 2.1753793388e-01 1.3281638682e+00 2.7394175526e-01 2.0004833188e-01 1.2119506900e-01 -5.6256722041e-01 -3.2224043040e-01 6.6012246482e-01 1.2380879563e+00
-3.5761243896e-01 -1.3966582111e-01 -2.7342813733e-01 1.4865649615e-01 3.0795943597e-03 3.6594125745e-01 1.0479839695e-03 1.5994968645e-01 3.5159631996e-01 -3.2858481482e-02 -1.1705108553e-01 1.9204307772e-02 -3.1595537786e-02
5.3859842021e-01 -9.6283138085e-02 3.9815631598e-01 -3.2288594696e-01 3.3727454224e-01 8.7782287757e-02 3.8559714625e-01 -2.4466071250e-02 -3.5338686382e-01 1.0575894854e-02 1.0543963188e-02 -3.7370347083e-04 -2.6236543582e-03
-2.3602946240e-01 4.9516160415e-02 -1.9611632006e-01 -3.1456865556e-02 2.7945958656e-01 -4.3665562612e-01 7.6931210598e-02 1.3552171872e-01 -2.1331043816e-01 7.8538021886e-03 2.1360895956e-01 3.3041664070e-02 -4.4434281535e-01
6.2710134996e-01 -3.7632243920e-01 1.1610200259e-01 -5.6918050716e-01 -9.6952493996e-03 -3.7825450871e-01 6.4192732844e-02 -3.4515005537e-01 -7.6818227290e-02 1.1648899314e-01 1.2295752173e-01 -1.1759872448e-01 -3.4953995738e-02
3.7495579852e-01 1.2753027408e-01 1.5466795795e-01 2.0196879551e-01 6.6643301222e-01 6.4318111781e-02 3.6679453400e-01 -2.4586734406e-01 -5.8346998094e-01 -2.7020083073e-01 4.4580604610e-01 3.3674147468e-01 7.2035889668e-02
4.9919881007e-01 3.6863690003e-01 5.2882799275e-01 -1.3877607211e-01 3.6459511192e-01 6.8738739976e-02 2.0837951804e-01 3.7356679324e-02 -2.2431295550e-01 2.8467099827e-02 1.5347727820e-01 -5.1579028967e-02 -1.3095608031e-01
2.7949506245e-01 -2.2870175733e-01 -1.4072720430e-02 -4.5083124669e-01 8.0940951205e-01 1.0039255245e+00 7.8251789488e-01 7.2372373251e-02 -4.5256227299e-01 -4.1862546794e-03 2.7576008815e-01 -2.9041821796e-02 8.5084263859e-01
3.7400540648e-01 3.2161675285e-01 7.0559221605e-01 1.3207959574e-02 -3.7385929053e-01 -1.1001593754e-01 7.1428660286e-02 -9.2771160544e-02 -1.4544942887e-01 -1.2045275574e+00 1.3367967123e-01 1.2695832551e+00 -7.9440803641e-02
2.8314828858e-01 -3.2571253068e-01 -3.2034781259e-01 6.8881684744e-02 -8.1389427315e-02 -1.6238107076e-01 -2.7839784997e-01 -5.6649194683e-01 1.9610226459e-01 9.1643354520e-04 -3.8850883906e-02 1.4576852542e-02 2.3922414971e-01
1.8784213011e-01 1.7003401343e-02 1.0587962933e-01 -3.0120449791e-02 -7.9563662827e-02 -2.8734620781e-01 -1.4976304303e-01 -9.0969250932e-02 1.5107699213e-01 5.3034911626e-02 -8.8512960443e-02 -6.2849103332e-02 -2.5897294827e-02
7.4275104399e-02 -6.0432837176e-02 -8.0835703952e-02 -2.3211874538e-01 1.1668742342e-01 4.3164951485e-02 2.3336474940e-02 1.0766395160e-02 1.4102551454e-01 -2.2445857889e-02 -8.9455126273e-02 2.5380995576e-02 6.8085414153e-02
2.9289628044e-01 2.2980604840e-01 4.2677019500e-01 3.7723250956e-01 4.7635177514e-01 3.8367277871e-01 2.6504769397e-01 6.8286425040e-02 -2.1903424790e-01 3.4544755531e-02 2.8166973358e-02 -2.6972267759e-02 -9.4512765423e-02
1.0039013793e+00 7.7723137542e-02 3.7638607227e-01 4.6486477493e-01 4.5100907098e-01 -1.8653134928e-02 -4.5578558452e-02 -7.7567959662e-01 -3.5804721684e-01 2.2887134485e-01 -6.7665659400e-01 -2.4422822997e-01 -6.7638506887e-02
-1.2104607779e-01 6.9679856432e-02 -5.4132523036e-02 1.6557353986e-01 1.8667423053e-01 -1.5021975099e-01 -1.3704203951e-02 9.1302578541e-02 1.2207178949e-01 1.0835923005e-02 -9.0431711646e-02 6.4267364014e-03 3.1112658902e-01
3.4669577492e-01 3.1185207918e-01 3.7893137141e-01 1.6336878306e-01 5.5550116953e-01 3.1323207866e-01 4.2801259867e-01 -4.1141192305e-02 -5.2413911550e-01 3.8695382662e-01 -1.1750630580e-01 -4.8079319578e-01 1.0841208282e-01
-6.8603038321e-03 -6.3626921789e-01 -2.6286788629e-01 6.2956457586e-01 -1.0593310385e-01 8.5669239772e-02 -1.8783131840e-01 -2.9964591549e-01 -2.6702814302e-02 -8.7750725209e-02 -4.6355585558e-01 9.1324036896e-02 1.6066286991e-01
