-1.4382927058e-01 6.5052254088e-01 7.1795725585e-01 6.5620894874e-02 6.3719266858e-03 1.3934460876e-02 -3.2077220566e-01 2.6440790074e-01 4.9825116514e-01 -3.5418994902e-01 -3.4313540568e-02 -7.6693263254e-02 1.3566192847e-01 -1.1312230101e-01 -1.2272294526e-01 2.6433083922e-01 2.8067685282e-01 7.6685401241e-02 -7.5068542928e-02 -2.8328488800e-01 1.8173612288e-01 -2.8937234543e-01 -1.3504642315e-01 -1.1593205353e-01 -1.3393223802e-01 2.0164196189e-01 2.1054381260e-01 -1.4589123946e-01 -4.7855355151e-01 2.0743411652e-01 1.3974547232e-01 1.8126719321e-01 -2.8922058934e-01 2.4291429156e-01 -1.4568254820e-01 -1.1469601421e-01 -3.4755247884e-01 1.3854015712e-01 1.6940982727e-01 -4.0151806555e-01 -2.1035357593e-01 -2.2926763498e-02 -4.2075661286e-01
1.1381670126e-01 1.2997312141e-02 2.1955978302e-01 -1.8767523140e-01 -3.7856686383e-01 -7.3816181357e-02 3.4497746383e-01 -1.6986779592e-01 3.4010287864e-02 -9.6466421942e-02 1.6884155498e-01 -4.3010767998e-01 3.7382424374e-02 -1.0870945904e-01 -3.6507949468e-03 1.9432879642e-01 -2.4718751132e-01 -5.9643989133e-02 9.3786539847e-02 -1.9017634732e-01 -2.5121384262e-01 -3.6095197309e-02 -9.7700305036e-02 2.8342888215e-01 -1.1573094259e-01 -2.9801878667e-01 -4.3836850260e-02 5.1443291634e-02 1.4520830620e-02 2.1496228350e-01 -4.5899156482e-01 -1.8185057038e-02 1.4489499338e-02 -4.5998863926e-01 1.0629674063e-01 -1.9689325260e-01 -9.2129632106e-02 5.3338302048e-02 -2.4373415339e-01 -1.5296321650e-02 1.8858962694e-01 -3.6270857353e-02 7.0916279709e-02
-3.3247939166e-01 3.9152237356e-02 -3.1675564241e-01 4.4932632315e-02 7.6484210559e-02 1.2692930318e-01 1.0510012332e-01 3.6503069953e-02 -2.0446581728e-01 8.2600373892e-02 1.5312740015e-01 2.2615800644e-01 -6.0860527227e-02 -3.5761631471e-01 3.7970441277e-01 -3.3516223897e-01 1.4226208359e-02 -9.4737057897e-02 6.6432117771e-02 3.0805507273e-01 -2.4732522305e-01 3.0453036006e-01 8.1875222396e-02 8.2176323728e-02 6.3486901751e-03 -3.2808279594e-01 -3.4060255237e-01 5.4992610405e-02 7.7874349092e-02 -3.9657577909e-01 -7.8119291059e-02 -1.8978744982e-01 -9.8787063022e-03 3.0511475090e-02 -3.9900548742e-01 2.8392248982e-01 -1.5190958751e-01 -1.8049935296e-01 -1.0728638046e-02 -3.2336773740e-02 2.1082990536e-01 1.4247253234e-01 -5.9232952864e-02
-1.6674459178e-01 1.4877161232e-01 -1.4971432311e-01 2.4702229388e-01 1.7579368903e-02 -1.9039663139e-01 -8.0602654082e-02 -1.1023326123e-01 2.9173394088e-02 -1.1998391220e-01 2.8431700665e-02 -4.0599850676e-01 2.0792464830e-02 1.0801016320e-01 1.2555835101e-02 2.4001366518e-01 -6.3874404261e-02 -2.7092289112e-01 3.0612314153e-01 -2.6727338851e-01 1.9416854656e-01 6.3381323411e-02 -1.7998540341e-01 1.8025693224e-01 3.3800772504e-01 -4.0817815450e-02 -1.7659660593e-01 -2.2859274389e-01 -1.1404042854e-01 -1.2998126740e-01 -1.8734315321e-01 -2.0742847950e-01 -1.4962380195e-01 3.1351659068e-02 7.0348205560e-02 1.9773184587e-01 -1.4658007154e-01 1.9206665088e-01 2.8481957026e-01 4.3143994320e-02 -9.7926902486e-03 -8.6611292453e-02 1.7092773735e-01
1.7782997319e-01 -6.3602393250e-02 9.7050394250e-02 1.0827035934e-01 -1.5103113801e-03 1.1822894839e-02 -3.2638559191e-01 -2.7719714369e-01 9.6805161470e-02 -2.7939239048e-01 -1.6695761418e-02 -3.2029649803e-01 -3.8661921093e-02 3.6365917161e-01 3.8017550285e-02 -6.7382304624e-02 -6.8837092702e-02 1.9344865761e-01 1.0025224446e-01 2.2094238170e-01 -1.0088536199e-01 1.4811870016e-01 2.0922324319e-01 4.1457346634e-02 1.1070761802e-01 -2.0991420586e-02 -3.0181765545e-02 -2.6807861523e-01 1.0536403936e-01 2.7440871829e-01 -8.0393518614e-02 -2.3112974613e-01 -1.5999542429e-01 -1.4554314970e-01 1.2621424140e-01 2.0157323667e-01 -5.9469078827e-02 2.2326763617e-01 -6.1994336694e-04 -4.6664814659e-01 -7.7016568516e-03 3.3868389715e-01 -1.9928848365e-01
1.4567602884e-01 6.8095667960e-01 9.7394837482e-02 2.7320572447e-02 3.0955682396e-02 -8.0267707221e-02 -5.8877866292e-01 -2.3602759714e-01 -2.3244984297e-01 -4.7710077938e-01 -8.2309574189e-02 -3.9027934668e-01 1.0059986998e-01 -1.7681169790e-01 -1.0192458011e-01 4.7084443974e-02 -4.6883429456e-02 -4.3883257861e-01 3.0637182239e-01 6.9374703365e-02 1.3247704492e-01 2.1316010918e-01 2.2502766241e-01 2.4640390978e-01 -2.6201219734e-01 -4.1816672414e-02 -3.1867788956e-01 2.2923211360e-02 3.3309470450e-01 -2.0888267186e-01 1.2305406307e-01 -8.7365362640e-02 -4.2845299386e-01 -3.6148785503e-02 2.0998957533e-01 2.3614712242e-02 7.8874849562e-02 -5.7166481009e-02 -7.4817736000e-02 -6.9889653053e-02 6.4507568254e-02 -2.3786237543e-01 2.1174930607e-01
-9.7510778570e-02 1.2706672676e-01 2.2826325282e-01 3.7606444941e-01 2.3998482241e-01 2.6388193765e-01 2.8228868859e-02 7.0168443105e-02 -1.0967869600e-01 -1.6303954524e-01 -1.1518321967e-01 -5.2968396869e-01 5.0377552749e-02 -3.2492782392e-01 -2.0833597565e-01 5.6938416540e-02 1.6078568776e-01 1.9441508687e-01 -7.6363976362e-02 3.3424377816e-01 1.3287774568e-01 -2.8100695778e-02 -1.8817346054e-01 1.2830233775e-01 -3.2586486336e-02 2.6486749946e-01 9.0016521918e-02 -2.8641110345e-01 4.6366004822e-01 -8.6787603365e-02 -7.4600319301e-02 -2.2537844601e-01 -2.2273192071e-01 -1.2202881128e-01 1.8523186096e-01 3.7700063416e-02 -5.8042642175e-02 -2.5944435968e-01 -2.0439349812e-01 7.6708596638e-02 4.5226443886e-01 2.0006541528e-01 -1.2939702780e-01
-7.4792815579e-02 3.8269339350e-01 -2.5557014276e-01 2.7420725546e-02 1.9298255415e-01 2.2844193094e-01 1.6760479550e-01 -7.1657424735e-01 -8.0417176243e-02 9.4584696711e-02 -6.5499462388e-02 -2.0855403397e-01 1.2296250880e-01 -9.9116239603e-03 2.0752249862e-01 -3.0201755451e-01 -3.3380323440e-01 5.3636552470e-02 -1.5962526675e-01 1.6020486805e-01 -4.8596935703e-02 6.3380928016e-01 3.2568920874e-01 -2.7243065797e-01 2.7112473120e-01 1.9476276987e-01 -1.6945679410e-01 1.3790846811e-02 2.6562648872e-01 7.5556039112e-02 -2.6441502593e-03 -1.2475929997e-01 -2.3736910453e-01 -9.6284702414e-02 -1.7725709803e-02 -1.3588504581e-01 1.4130318712e-01 5.0632871162e-03 -1.5590301483e-01 -2.6772089352e-01 2.5189955017e-01 -1.4425110572e-02 -1.8084010605e-01
-1.1109705672e-01 1.2010828627e-01 4.5412005709e-02 -1.4280842750e-02 -2.6846289818e-01 2.6881173331e-01 2.5718429854e-02 1.8693898208e-01 4.1047178853e-02 1.2713120820e-02 2.7357802937e-01 -1.0136613178e-01 -2.0591012076e-02 -4.2709548816e-01 -1.1279560689e-01 -2.8887361187e-01 3.0187824132e-02 -1.8603148942e-01 4.0990976804e-01 -6.3508345564e-02 2.7490167943e-01 2.6516658758e-01 1.7921078290e-01 9.2213846103e-03 -3.2623416766e-01 -3.5187018843e-01 -4.8201561137e-02 -2.2684441463e-01 4.3117025984e-02 -1.9154760903e-01 1.4499722531e-01 -2.8487330468e-01 3.2055887478e-01 2.7603587141e-01 -2.4632750943e-01 -1.0416307038e-02 -1.6856889323e-01 -2.9800427337e-01 5.9642881191e-02 1.4069551759e-01 -1.6695912325e-04 -5.5379595283e-01 -1.2846758531e-02
-1.1225781368e-01 -1.5822774335e-02 -1.7364268689e-02 -1.1748735951e-01 -3.7108401530e-01 3.3677577131e-01 -1.3246412326e-01 1.5399112951e-01 1.8734189379e-01 -8.3899410120e-02 -6.7937792404e-02 2.8278923154e-01 4.8925434786e-01 1.1475629933e-01 -2.7345141298e-01 4.5692332930e-02 7.3811306292e-02 -2.2766034912e-01 -1.7900539439e-01 2.2228806183e-01 3.2342530844e-01 -3.6054065867e-01 -5.5779946728e-02 5.3764967042e-03 -2.8394762769e-01 -5.8266313898e-02 6.2040834540e-01 3.5311180072e-01 -4.9659342661e-01 2.7263387426e-01 -1.2120925314e-01 -7.8309779390e-02 -5.1730368214e-01 1.5885137126e-01 2.7151253175e-01 -8.1655043903e-02 2.4150839563e-01 -2.6371488697e-01 8.9949690320e-02 1.0062927510e-01 -5.7074255774e-01 1.9067154179e-02 -6.2858489736e-01
-1.2945001874e-01 1.6226550325e-01 -5.0115224945e-01 -1.7095401279e-01 -2.0504277189e-01 2.9425036969e-01 7.7860415215e-03 1.4834086950e-02 1.7703191524e-01 -1.9061348770e-01 1.0564368524e-01 3.8310365892e-01 -8.9037299566e-02 -2.1695626447e-01 -1.6386365669e-01 4.2631012904e-01 1.3866020812e-01 -4.8542647026e-02 8.7645837321e-02 -9.9490043937e-02 1.8870882003e-01 1.1016121182e-01 -1.0500954759e-01 -2.8230355730e-01 -2.3068714142e-01 2.2281727622e-01 1.3778107689e-01 1.1612574597e-01 -1.6211018507e-01 -5.3631679043e-02 -1.9086248234e-01 2.9908606943e-02 -6.7404980311e-02 3.0265852121e-01 -1.3741876123e-01 -4.9800260876e-02 -4.0454862955e-01 -1.9136901536e-01 -1.6557865155e-02 1.0301685365e-01 -3.9084589754e-01 -1.7983191676e-01 -5.0021086294e-02
-1.6508344157e-01 -5.5539128236e-02 -1.4303281285e-02 3.1993836286e-03 1.3964572433e-01 9.0689145652e-02 -1.1472811859e-01 4.6435344986e-01 1.6994988770e-01 -2.2959158981e-01 -5.9310179341e-02 -3.8299223194e-01 3.7410410655e-02 -1.4568177291e-01 -4.0655757805e-02 1.1723601271e-02 1.1762824247e-03 1.2032927423e-01 2.5648189785e-01 3.4688838811e-01 3.7814168701e-01 -4.4617035126e-01 -1.1029214428e-02 1.7827737843e-01 -1.8846379033e-01 -3.8025326843e-02 -1.2304518405e-01 2.4517595534e-02 1.2721637461e-01 -4.4065718383e-01 4.6800591115e-01 9.9037241238e-02 5.2131767607e-03 3.5361192213e-01 2.7320130081e-02 -9.5786279917e-02 4.2091019654e-03 -5.9272985349e-01 -7.9573458406e-01 3.1397166536e-01 2.8938564684e-01 6.8331175386e-02 1.1817656499e-02
1.2934091696e-02 3.6615928673e-01 -4.3601763550e-02 -8.5786087088e-02 4.2314747698e-01 -2.0047719754e-01 -3.7870971556e-01 -3.1258754677e-01 -5.3276750030e-02 7.6687308575e-02 -1.0768886529e-01 2.1555163887e-01 -4.8260825538e-01 1.2902155116e-01 -7.4305198723e-03 1.2701032842e-01 3.3801244821e-02 2.5425506649e-01 -1.0052231510e-01 -2.2150474055e-01 1.7938051566e-01 1.7310867294e-01 4.4553219521e-02 -7.6076668498e-03 -3.3661782533e-01 -1.3972376465e-01 -3.3796580423e-01 -1.1275239854e-01 2.9703372689e-01 -4.7517126348e-01 1.2359905237e-02 2.4003188183e-01 7.3726871250e-02 2.4774640827e-02 2.3136668559e-01 2.0956614201e-01 -7.8429194397e-02 2.8510163007e-01 5.1576190810e-02 -1.2023832914e-01 5.6876904822e-02 1.5105779620e-01 -1.4514644708e-01
-1.5695033257e-01 3.4414801208e-01 -2.3921175765e-02 -4.5656131355e-01 -1.0847920549e-01 -6.8441874245e-02 1.5819771425e-01 3.1128039976e-02 -4.5815570318e-01 -2.2705186468e-01 3.2248138120e-04 5.6763385478e-02 -2.9148806504e-01 3.3352704348e-01 1.2985452575e-01 1.9086201321e-02 9.9974000501e-02 -1.7089160819e-01 2.8540689179e-02 1.7112382451e-01 -3.6165395252e-01 -2.6039158102e-01 4.7616175828e-01 1.1020619210e-01 -2.0530226257e-01 -1.0268135909e-01 -1.7956566516e-01 -3.9330008339e-02 -1.5604665207e-01 -2.5283049734e-01 6.3608969475e-01 -1.0991663621e-01 -3.0980818184e-01 5.4283509960e-02 -1.0567657398e-02 1.3636224485e-01 -5.2310109399e-02 -5.3465380717e-02 -3.5468672652e-02 4.4862989401e-02 3.3831540546e-01 -7.1379594923e-02 -3.4662897358e-01
-7.1921610195e-02 -3.3569525314e-01 1.6214866656e-01 -8.5384560664e-02 2.0075049375e-01 1.7800619674e-02 -2.4430394312e-01 1.6209659656e-01 -1.4938088486e-01 -1.8214930048e-01 -1.8166655672e-01 -3.7695645666e-01 1.2548647993e-01 3.8027651337e-01 5.3354502989e-02 2.3348547174e-02 1.1962273061e-01 -2.7708207094e-02 -2.9066302851e-01 -1.0084908052e-01 -1.4511357416e-01 2.9602546526e-01 2.1418746375e-01 -1.8419685861e-01 -7.2576220780e-02 -2.0318563494e-02 -1.6558666233e-01 4.1354685782e-01 -5.3608736181e-02 -1.4910739426e-01 2.3098207690e-01 1.0161489926e-01 -6.0708127220e-02 2.1471471040e-01 -1.5529142006e-01 1.4999061168e-01 3.7300020270e-01 -1.5408748964e-01 -2.0556924959e-01 -8.8965513621e-02 -1.3735343649e-01 3.5285763668e-02 -5.0950999120e-02
-3.8049891124e-01 1.7906246881e-01 -5.6086590450e-02 4.1005441756e-01 -2.0978149977e-01 5.5233223180e-03 2.2783382317e-01 1.7311638489e-01 -3.6780025889e-01 2.1781398292e-01 5.4478939770e-02 -1.3624708964e-02 8.7354263477e-02 8.1588805936e-02 1.6947254242e-01 3.5989367431e-01 7.3055978401e-02 -1.8222929995e-01 -2.2939498646e-01 4.2624294464e-01 1.7440237994e-01 -5.5693831433e-02 -1.3086086408e-01 -2.2477205697e-01 1.4491615164e-01 -4.3039011776e-02 2.9846041581e-01 -5.2116003743e-01 -1.4933996253e-01 5.1926079131e-01 2.2211425797e-01 1.0959837382e-01 -1.0559793144e-01 5.6569955889e-02 1.5779656620e-01 2.2625817998e-01 -1.0425706655e-01 -6.8231666362e-01 3.4201951459e-01 -1.7381907448e-01 -9.0438484410e-02 -6.8563365546e-02 8.7829975704e-02
2.7664010426e-01 -1.4618578483e-01 2.1786400615e-01 1.9110089672e-01 -1.8957137891e-02 3.2401849332e-01 -4.3714779100e-01 -2.0575316218e-01 1.5033925021e-01 -2.0431343421e-01 3.0242541963e-01 9.3711900065e-02 -5.2527379164e-02 -2.5456409611e-01 -2.1277845336e-01 -2.6313864276e-01 -8.9664907447e-02 -1.6670743664e-02 9.9946352536e-02 1.3718256571e-01 -3.0156855790e-01 3.4177584942e-01 1.9558394010e-01 1.7257182256e-01 -2.1877211537e-01 -1.3079578792e-01 -1.4274460455e-01 -4.2319089582e-01 5.5588402334e-01 -1.6926119380e-01 -1.8589429063e-01 -5.0855991300e-02 -1.8038548980e-01 -3.9099808426e-01 -2.8355353014e-01 -2.2868955319e-01 4.7754037117e-02 2.1022634306e-01 -2.1616123385e-02 -2.1079966345e-01 -5.7783129968e-02 1.4354123658e-01 1.5909733352e-01
8.2744495608e-02 5.5986066725e-01 1.8638546694e-01 -1.5445699659e-01 2.0391282002e-01 3.7937631174e-01 -1.9554238867e-01 -1.8469888275e-01 -8.4067474845e-02 5.4809981545e-01 4.6137075870e-02 -3.2407290866e-01 -1.4731803505e-01 -1.1595027937e-01 1.0948635012e-01 -9.6632592149e-02 3.3143743763e-01 7.8458152075e-02 -5.6653344996e-03 5.4411151777e-02 -8.1621127150e-02 2.6778843399e-01 -6.7524159876e-02 -2.2523886820e-01 -3.0884887009e-01 -3.8565921958e-01 -2.7372149804e-02 3.0303318114e-01 4.7228701033e-01 5.0735602368e-01 8.4008922639e-02 -4.3382843570e-01 -1.1435551943e-01 -3.8628011913e-01 4.4251885945e-02 8.3080235588e-02 -1.6168336328e-01 -9.7108101461e-02 3.6029651112e-01 -1.1092379141e-01 2.0360058199e-02 3.3210598879e-02 -7.3366355563e-02
-3.5810671595e-01 -1.8601209483e-01 2.2831742306e-02 6.5062362314e-03 -4.6691797916e-01 2.4720102583e-01 -6.3651146973e-01 3.8170641853e-02 -8.2770213241e-02 -2.0247091652e-01 2.3647401511e-01 -2.8757594797e-01 2.2152722034e-01 -2.6053437545e-01 -8.4701501265e-02 -7.4731110512e-02 -3.0978284692e-01 1.0214145889e-01 -2.1275360480e-02 -1.8889614632e-01 -1.0160285113e-01 3.1641198915e-01 2.7740899858e-02 3.7288261661e-03 6.2087014309e-02 1.3921618106e-01 1.1253246299e-01 1.7579086239e-01 3.0076918402e-01 1.5785769290e-01 -4.6578061179e-01 3.2167768563e-01 -1.1697989662e-02 -2.5234399140e-01 -1.6067694669e-01 -2.6078911676e-01 -8.7274170606e-03 -1.9143713624e-01 -1.7656765600e-01 -1.0742722608e-01 1.7096979244e-01 1.4118840839e-02 5.0645328627e-03
7.5418809897e-02 -1.5751717555e-01 -1.5355527171e-01 2.7026662699e-01 3.6751784784e-01 -1.2876886563e-01 2.1097218342e-01 5.0370612461e-01 2.7412196767e-01 1.5712910379e-01 -5.1765180806e-02 -1.4956502252e-01 1.3599362271e-01 -3.3715186931e-02 -1.7375579450e-01 1.2396338616e-01 -1.1881518943e-01 -2.1882870697e-03 1.2050997115e-01 1.2643873372e-01 3.3093530787e-02 -1.5666865882e-01 1.8130572029e-02 1.5547707413e-02 3.0486627127e-02 1.0004637491e-01 3.3891867122e-01 -2.8863271419e-01 3.7162633034e-01 4.3887142268e-02 -6.9271286361e-02 9.3088001094e-02 1.5662610086e-02 -1.1131073615e-01 1.1019788376e-01 -3.9206737170e-01 2.1771448137e-01 -6.7313526772e-01 6.9817567934e-02 1.4368987325e-01 -3.9427471949e-01 1.4208209284e-01 7.2335518952e-01
3.4900516430e-01 6.1085846634e-02 1.4147222187e-01 -8.6325353256e-02 1.9499503913e-02 6.8402403983e-02 -4.0978613946e-02 -2.6783888853e-01 1.8645797135e-01 1.6289907660e-01 -2.4488005666e-01 -2.7852831232e-01 1.2496046282e-01 -7.5563509628e-02 -2.7551551764e-01 -3.7412715628e-01 2.3711979765e-01 1.8709416868e-01 2.9354849368e-01 -2.5478990223e-01 3.9250613797e-01 -1.0246175390e-01 2.4551473827e-01 1.8017261723e-01 -2.9306370850e-01 -1.8712682625e-01 -6.0300110571e-02 2.6287332299e-02 2.0313186816e-02 -5.1065267194e-01 3.2889244239e-02 3.3430008967e-01 2.9136446837e-01 -2.2776188947e-01 -1.2252113344e-01 2.0038363344e-01 2.3814888500e-01 -1.5497296875e-01 -1.1175207303e-01 8.1595781686e-02 3.8193714460e-01 -5.5804160616e-02 2.3913821366e-02
1.8041796098e-01 2.7620568354e-01 3.5400551842e-02 1.7326162857e-01 9.3424507375e-02 1.7589439784e-01 3.6565019699e-01 -1.7150580060e-01 -5.2734188253e-01 -8.2513550606e-03 7.2415691290e-02 -6.0346656863e-01 -1.9750771573e-01 -2.4672995428e-01 -2.1913084777e-01 -3.5137062624e-01 -2.2810491834e-01 1.1682097588e-01 3.8830332383e-01 6.5191712485e-02 4.9506816150e-01 2.7305807808e-01 1.2238129849e-01 2.1649289675e-02 1.5843673101e-02 -2.5054220708e-01 -6.1768668636e-01 -3.1396833468e-02 -1.1839554567e-01 2.7018344530e-02 -4.8917728089e-01 2.6068762052e-01 -1.3834117166e-01 -2.3992589830e-01 -1.7876634926e-01 2.1051182612e-01 2.8438737724e-02 6.1942906410e-01 1.3160472896e-01 -9.6008592296e-03 1.9856378678e-01 -1.5404145054e-01 1.7657783994e-03
-1.3481741283e-01 6.1646477818e-02 -2.7666501330e-01 2.2843419483e-01 3.1944518206e-01 1.6279100175e-01 -2.5049375152e-01 -2.5274123169e-01 1.9796543589e-01 -1.5835274872e-01 1.7129839184e-01 1.6222337503e-01 7.7091764335e-03 -1.4681832427e-01 2.7574894726e-01 -3.8416038157e-03 4.2402670909e-02 1.4456892436e-01 -2.4932053552e-01 -3.6414928113e-01 2.6520565232e-01 -1.5282461053e-01 3.5700901958e-02 2.9802377635e-01 -2.5349568753e-01 5.3512829631e-02 -9.1311369365e-02 8.6856603386e-02 1.3159160931e-01 1.0164841625e-01 -3.8242354680e-01 -1.7030634628e-01 -3.5540840484e-01 1.3919442495e-01 -1.7409658949e-01 4.0464894892e-01 4.2317132819e-01 4.0258795969e-01 -2.6066565855e-01 -1.4640924613e-01 -1.4479300790e-03 1.2249169905e-01 2.0583299725e-01
