-1.7258362055e+00
3.7713571268e-01
-1.7094938539e+00
-1.6586489170e-01
-1.0842034225e+00
-1.4488482039e+00
1.3866535754e+00
5.1357201483e-01
-7.0041568404e-02
-4.7565744192e-01
-1.1367787251e+00
1.4555053191e+00
1.0973478143e+00
1.0714391910e+00
-1.8413249462e+00
-8.7841211681e-01
5.5718712000e-01
-1.1923589616e+00
1.0562885004e+00
-1.5247139824e+00
-9.1232568175e-01
-7.0659507349e-01
2.7461948743e-01
-7.0580971529e-01
6.1242230371e-01
2.2884333209e-01
7.1538110551e-01
-5.9123363460e-02
-1.2336990297e+00
-5.0584825081e-02
1.4237899376e+00
2.0107816721e-02
3.1534801590e-01
-1.8525840288e+00
5.2854936189e-02
1.7367821708e-01
-6.0268001900e-01
1.9297959236e+00
-1.1256429486e+00
-2.1790672026e+00
1.0840975622e+00
-1.0154849215e+00
9.3962059589e-03
