-2.5284176072e-01
5.2788183902e-01
-1.9509862348e-01
-2.5881963720e+00
1.9189029320e+00
1.9524619980e+00
-6.7597258974e-01
-1.6320323855e+00
5.0611133755e-01
1.2623750192e-01
9.5278212282e-03
-1.1905169951e+00
3.1855446226e-01
-2.6053063668e-01
4.5714327550e-01
7.7657706240e-01
1.6547503522e+00
3.4633974072e-01
-1.2381373026e-01
-1.1017459818e+00
3.9916958727e-01
1.9947198269e+00
9.5448472006e-02
6.1481607237e-01
-1.2606610749e+00
-4.2611691709e-02
1.2295808581e-01
2.0515695168e-01
1.7536691228e+00
-1.7957389502e+00
-3.5793392243e-01
-2.1550210184e+00
-6.1511256813e-01
-5.4376811816e-01
-1.1268977287e+00
-9.1127505974e-01
-1.1819577001e-01
9.5626379933e-01
1.0504190712e+00
-6.3448276531e-01
-2.7796499814e-01
