1.1051678921e-02 -4.1601223176e-02 1.7751392169e-01 1.3361344773e-02 -4.9310458125e-02
-2.2555913833e-02 1.0957955581e-01 3.4956836572e-02 2.0069349080e-01 2.3890440236e-01
3.3431067636e-02 -1.0775043259e-01 7.5193311786e-02 4.4938513668e-02 1.6051144383e-01
1.3982701717e-01 1.6063417559e-01 -1.1679208030e-01 -6.8332475978e-02 -6.0646659811e-02
-2.3315957845e-03 -8.7494897728e-03 -2.6285310816e-02 1.2441746480e-01 4.1154679152e-03
-4.8037265514e-02 1.5214134697e-01 8.2366893257e-02 1.1156236779e-01 -2.4743927028e-02
4.6050403625e-03 1.1209952659e-01 -5.6886221047e-03 1.2522487569e-01 1.7900846194e-01
-1.0375679756e-01 1.8136785468e-03 -1.3135253034e-01 1.0056679343e-01 -4.7672654845e-02
1.5236614406e-01 2.0700942795e-02 -3.7843448606e-02 -1.6770525685e-01 3.0885822356e-02
5.5136430002e-02 -2.2041185594e-01 1.4278947426e-01 1.1477388697e-01 8.4850271334e-02
9.5600530322e-02 -3.5953329063e-02 7.7952497821e-02 -7.2364844838e-02 2.0364608915e-02
-8.2562923455e-02 1.3621557737e-02 3.9618006988e-02 -4.9034592181e-02 2.0457597009e-01
-1.7101491370e-01 4.6499056768e-02 2.7327168640e-02 1.4559145683e-01 -6.6698620364e-02
-4.3104982744e-03 -3.2335426464e-03 6.8637614248e-02 8.5534202392e-03 1.1989616688e-01
-9.2785100619e-02 4.6972128017e-02 2.7788387221e-01 1.7408963705e-01 -1.4420361527e-01
-1.6293263375e-01 -7.0509379257e-02 3.6909648667e-02 1.0459287153e-01 7.4358206327e-03
-5.3946204174e-02 8.6621197407e-02 -1.8514005576e-02 -4.7684228225e-02 -2.4419767115e-01
5.7585497857e-03 1.9855071372e-02 -4.4183693733e-02 9.2377599546e-02 1.3247310416e-01
-1.0028141435e-01 7.0161019858e-02 -5.6347166391e-02 -1.5054995941e-01 -4.8533999936e-02
1.7485347283e-01 -1.6461702084e-02 -6.4959134443e-02 1.6761306950e-02 1.0090268891e-01
-2.7379422924e-02 -1.0268589795e-01 1.0503438963e-01 8.4846154994e-02 -9.2042560678e-02
9.6126337996e-02 -4.1712476391e-02 1.3721750127e-01 -8.9020046005e-02 1.6875529924e-01
6.0498094812e-03 2.0995995988e-01 -7.1098806645e-02 -1.1566262167e-01 -1.0474325756e-01
2.5911551434e-02 -2.0495824312e-02 -9.9007398676e-02 -1.0747158132e-01 4.7811751338e-02
4.9190849468e-02 7.4894512443e-02 1.6230871606e-01 1.1216067935e-01 -4.0717580052e-02
-3.8584240077e-02 1.4510088250e-01 9.8779626028e-03 -1.1283803742e-01 -6.9893373095e-02
3.6374534670e-02 3.8767605306e-02 1.2658137422e-01 7.8117983758e-02 2.1367804038e-01
1.0131315552e-01 7.6655043888e-02 1.5538136120e-01 9.8842819792e-02 1.2259719092e-01
2.5165012539e-02 1.5924474055e-02 8.5134444527e-02 -2.2018581342e-02 3.1269013988e-01
-9.5976150997e-03 3.3930083991e-02 -3.7625846138e-02 -1.5072055063e-01 -8.6369434179e-02
7.4763016381e-02 9.6129594797e-02 -9.2019100478e-02 1.5010908617e-01 1.7637054808e-01
-5.2039952306e-02 1.4376944275e-02 5.7907147087e-02 3.2765087984e-02 2.4481038534e-01
3.9744216999e-02 -3.9580221079e-02 -1.8814422215e-03 -1.3520166017e-01 1.4855216836e-01
1.5751848396e-02 4.7534150666e-02 1.5200086001e-01 5.4498840742e-02 1.1720832155e-01
-7.9124959580e-02 -1.4004903214e-01 -9.0229056919e-02 7.9082437383e-02 5.3774601506e-02
-2.0843308252e-01 -5.2475995199e-02 1.8342224041e-01 -3.6477452259e-02 2.8187736066e-02
1.1100729239e-03 1.6455375888e-01 -5.7864755249e-02 -4.2859052784e-02 -1.1365810770e-01
8.5549580236e-02 9.0422015295e-02 -1.6816067653e-03 -1.9660446320e-01 -6.2615835511e-02
-2.9881627773e-02 -9.4675096693e-02 -3.7328935138e-02 5.0166378173e-02 -4.2945740284e-02
5.9903541319e-02 -5.4319279628e-02 -1.0553113087e-01 7.1334755532e-02 -5.4231715103e-02
9.0638210915e-02 -3.9906238043e-02 -1.7471112979e-01 -1.4248374166e-02 1.3014947696e-01
3.5299375844e-02 -5.9399943205e-03 -8.4356966681e-02 2.0009818460e-02 7.3197121547e-02
3.9272732893e-04 -1.2315246648e-01 1.0299356692e-01 2.4107654897e-01 -8.3408647687e-02
-1.4359545443e-02 1.1949452694e-01 -5.5509233956e-02 1.9931174966e-03 -1.4640008226e-01
-2.3826654256e-02 -7.0589374926e-02 1.6548770044e-02 -6.7222515805e-02 -9.0702448879e-02
4.2105145042e-02 1.0229737329e-01 -1.7884053109e-01 7.9487053164e-02 -2.9829408067e-02
3.9054569155e-03 -8.5609201902e-02 1.7861763980e-01 5.0334308699e-03 1.8472945665e-01
-1.2222850405e-01 -4.1155576650e-02 -1.0797911554e-01 9.7069546179e-02 -4.8749302297e-02
-6.8098280582e-02 -1.1659899619e-01 -4.5402504484e-02 -4.9713250633e-03 -8.2544067443e-02
1.1617528926e-01 -4.3188269167e-02 -7.2735473693e-02 1.1863251242e-01 -1.4168425522e-01
3.0362231814e-02 -8.3870692670e-02 7.1919475634e-04 -6.1528369079e-02 -9.9168495891e-02
-2.7991424206e-02 -1.4273330304e-02 -9.4751896450e-02 6.5668155179e-02 4.7197013777e-02
-1.8939789135e-02 4.0894202243e-04 -1.8114963338e-02 -3.5536776755e-02 -1.2463874255e-01
-1.4083472128e-02 1.8637538168e-02 1.6302989073e-01 1.1370090294e-01 -7.4185838536e-02
-2.0206621582e-02 -9.2304105546e-02 1.8038237560e-01 2.0672185873e-01 1.5411509310e-01
1.9701918931e-01 -1.0840835534e-01 6.1194612575e-02 2.1899388803e-01 1.5555960567e-02
-1.2041088432e-02 1.8999625076e-01 -7.1594723391e-02 -8.8826461953e-02 5.0955639385e-03
-1.0395730211e-01 9.9191915748e-03 -2.9944240704e-03 2.4264353595e-01 -1.3921913633e-01
8.2514918112e-02 -1.2541463331e-02 2.0204239714e-02 5.7638531197e-02 -1.1500289094e-01
-5.7035719373e-02 7.0835737185e-03 1.6826036839e-01 1.5800290106e-01 -5.2280578588e-02
2.1980114826e-02 -1.0800210810e-01 -1.4983132426e-01 -3.7453088045e-02 -2.3194635627e-01
9.9851530247e-02 1.5865266500e-02 1.4199109787e-01 -2.6778387996e-02 -1.7361863000e-01
-3.8970889408e-02 5.6179784811e-02 -6.1312395960e-02 5.5562358380e-02 1.4355152014e-01
3.2982067121e-02 -2.7944466035e-02 -1.8342114151e-01 -4.4220152612e-02 -1.8462548475e-02
-3.2213092766e-02 -6.6250146669e-02 -4.0396598796e-02 8.3306972403e-02 3.0581546552e-01
9.4727204009e-02 6.8509778123e-02 -9.2930253740e-02 1.1656478074e-02 -8.8933115766e-02
-8.6355337841e-02 -7.7134352825e-02 -1.0163258041e-01 1.7016009709e-02 -1.1129862667e-01
1.3985035980e-01 -1.3255046462e-01 1.4085632333e-02 -6.4838633787e-02 -6.4427840021e-02
-2.4992609302e-02 -5.6934786919e-02 -4.2668232916e-02 -1.8083648265e-01 1.4011022070e-01
-9.5501895328e-03 -5.3270835209e-02 3.1885494592e-02 5.3462551693e-02 -2.9485616726e-01
1.0564969032e-01 8.7076879847e-02 -1.4861704041e-01 5.8032815341e-02 -1.5722410023e-01
7.1689242884e-03 6.4810264514e-02 -7.5232365469e-02 6.1662016670e-02 1.7560686887e-01
-5.3329406433e-02 2.3369848028e-03 -1.2158999433e-01 -4.7385027514e-02 -1.3974808900e-01
-1.4593298702e-01 4.0959204883e-02 2.5909708919e-02 -1.2817966252e-01 -2.0002464685e-01
7.0035874641e-02 8.7961990141e-02 -2.3631403682e-02 -4.4443402562e-02 2.3397386901e-01
-8.6119427308e-02 5.7190426692e-02 6.3326529459e-02 -8.3407176577e-02 1.8807499106e-01
1.5255514563e-01 3.9139447380e-02 1.7856853525e-01 1.0870025663e-01 6.7302487179e-02
-3.6741548713e-02 -1.1530048835e-02 6.9780403878e-02 1.1050486404e-01 1.2847833946e-01
-7.3118517464e-02 2.8388207641e-03 2.5344398536e-03 -4.5743391254e-02 -7.5981890044e-02
1.2714570929e-01 -1.7838843386e-01 -1.4026095921e-01 5.3110640532e-03 -3.7047263760e-02
1.1610993789e-01 -1.4823787341e-01 -4.7315191732e-02 1.7760077649e-02 8.9555406177e-02
1.0696074325e-01 -8.0912104355e-02 -8.8956705451e-02 -9.3362703198e-03 7.8100723049e-02
-2.5125639151e-02 -4.8548068375e-02 4.5249796457e-02 -9.7336629783e-02 1.1658734843e-01
6.0387148844e-02 2.4465643432e-02 -9.7494558221e-02 -8.2914473504e-02 4.7477864965e-02
-1.6997239777e-02 1.0548301222e-01 7.6382803338e-02 -1.0961542068e-01 -8.4932794630e-02
-3.4047971855e-02 6.1396790278e-02 6.3002217361e-02 -9.5383265917e-02 8.1953981620e-02
3.1331484219e-02 6.9358254707e-02 -9.0704754991e-02 -2.0690041973e-01 -1.9606879108e-01
4.1146619980e-02 5.3110134074e-03 2.1200123415e-01 -2.1801649430e-02 8.5604970922e-02
-2.3537633104e-02 -4.6137091146e-02 -2.1691253702e-01 -4.7544139873e-02 1.1467210463e-01
5.8666792940e-02 2.6122724998e-02 8.1092067420e-02 7.7425867285e-02 -1.0984548868e-01
-2.9437786472e-02 -5.6838802199e-02 -1.0306720842e-01 8.2397063206e-02 1.1664603672e-01
-5.4504494041e-02 -9.2838147416e-02 -1.2812175787e-01 -8.1873482539e-02 2.5168425870e-01
4.2843607981e-02 -2.4217577018e-02 -6.1149465794e-02 -1.7121406900e-01 -1.7249959283e-02
5.2480316432e-02 2.4912063742e-02 2.1919466857e-02 -1.7596814632e-01 -1.6324143631e-01
-4.9582312296e-03 -5.4006421564e-02 1.8668685394e-01 7.4641135403e-02 1.1899408138e-01
-1.0188119663e-02 -4.9312122295e-02 7.4344448791e-02 5.9511345127e-02 1.6310364681e-02
-4.8473089174e-04 -2.6882764069e-01 3.6388196738e-02 1.0241255756e-01 1.4087503892e-01
9.9756421145e-02 7.5211218020e-02 2.2482718498e-01 -2.8812604998e-02 1.5199077273e-01
-2.1879311611e-02 -1.1465669776e-01 9.7977975879e-02 -4.4999352606e-02 -6.4723703693e-02
6.5046796161e-02 -7.6943516986e-02 9.2507031417e-02 1.2049448448e-01 -2.3861283376e-01
6.7221456912e-02 1.1242956834e-01 7.2604186397e-02 -8.4476058989e-02 1.0865449064e-01
1.3665423306e-01 4.3489444115e-03 -1.3560727813e-01 1.6580291580e-02 2.1115501479e-01
-1.2821418467e-02 2.7615495624e-02 -1.8352404034e-01 -1.0013847788e-01 -2.8527397094e-01
-1.2755364750e-01 5.5253021755e-02 -7.1244919617e-03 -3.4986839317e-02 -4.3510306251e-02
-8.1289759142e-02 1.0489751644e-01 8.7192328858e-02 1.8482641123e-02 8.6840003129e-02
1.6601462801e-02 -1.3882180144e-01 -1.5307335305e-01 6.8841888207e-02 -6.3459095777e-02
-5.3461607854e-04 5.3213271656e-02 -3.1557203526e-02 -7.0784303631e-02 -1.2678369645e-01
-1.1610457250e-01 3.4935195092e-02 -1.2861221766e-01 -1.0546652851e-01 -1.4415774395e-01
9.6025627934e-02 -5.8862363829e-02 1.1552277688e-01 4.6726535069e-02 -3.7697884118e-02
-2.2791212799e-02 -2.0708023584e-02 1.5153759026e-01 5.1785576968e-02 3.1042882381e-02
1.1721121396e-02 -4.3649956583e-02 -5.8758001933e-04 -9.6066688004e-02 2.1350739493e-01
1.0585753807e-01 -2.6654948122e-03 1.4324530593e-01 2.4343607334e-01 4.7907997957e-02
-6.7625102540e-02 3.0762406639e-02 1.9721308867e-02 -6.4721696533e-02 -3.0231817639e-02
-8.2458493646e-02 -4.2392072631e-03 1.8360009019e-01 -7.4509886447e-02 -1.2807068697e-01
2.5583868842e-01 5.6544689378e-02 3.3103149491e-02 -8.7494556412e-02 -1.3038741649e-01
-2.8648893956e-02 -2.2147517494e-02 2.6872977026e-03 1.3726956153e-01 2.5065747367e-01
6.5212810352e-02 4.2211029475e-02 4.1584281968e-02 6.1569315553e-02 1.2912268531e-01
9.1361440848e-02 4.7310910098e-03 1.5737230905e-01 3.7426739875e-02 2.0266376954e-01
6.6468245161e-03 -1.0228969199e-01 6.8944517637e-02 -1.7774653750e-01 1.1637490418e-02
8.6280755111e-02 -1.5996095010e-02 1.2796743090e-01 7.0710476301e-02 8.7888480053e-02
3.0134560351e-02 1.1398853400e-01 -6.8559313305e-02 -1.8893777544e-01 -1.2950640433e-01
1.3307989635e-01 7.6174071235e-02 -8.8051463042e-02 -4.0106543179e-02 -3.3807704004e-01
