-6.8350877675e-01
1.0458389765e+00
-7.3558658775e-01
-2.3377011347e+00
-1.0007860486e+00
-1.1089758654e+00
1.6742253684e-01
-1.2983985569e+00
1.6615643751e+00
6.2011245082e-01
3.3965602106e-01
9.7939117369e-01
4.6567028965e-01
2.4114741433e-01
9.7457956107e-01
9.6344466173e-02
-4.0465069553e-01
4.2237891947e-01
1.5208889814e+00
5.5730966646e-01
4.1046618437e-02
-7.3825694367e-01
-1.0459032080e+00
1.0553751793e+00
8.8078037411e-02
1.0788879483e+00
9.0594236532e-01
-1.1667434394e+00
6.1299313042e-01
2.9628003233e-01
-4.1511074176e-01
9.1656450981e-01
4.3237185958e-01
-8.0612746961e-01
-6.0293421179e-01
-8.1889373920e-01
6.2108590825e-01
-8.3989084606e-01
7.6614780592e-01
3.9460684174e-01
-4.8929173954e-01
2.0985701827e+00
6.2798479753e-01
4.0512025053e-01
7.1479946251e-01
2.0408105492e-01
5.4073505757e-01
-3.5885251010e-03
-7.9742884406e-01
-6.2057268380e-01
3.1892832388e-01
-1.3531762344e+00
2.4953678464e-03
1.6294261084e+00
-3.7516062379e-01
4.6812049862e-01
-1.3721017419e+00
-3.0287106472e-01
1.7382635579e+00
1.3228130818e+00
2.1386012701e+00
-5.4726054848e-01
1.4504516115e-01
-1.2129465251e+00
1.3438377117e+00
-1.2470647472e+00
1.5585630150e+00
9.2043396766e-01
1.1979315098e+00
1.8611975627e+00
6.5664451301e-01
4.6183912847e-01
-2.5296633937e+00
1.1790327807e+00
2.0239759757e-01
1.3779283477e+00
6.1893287087e-01
6.5204924151e-01
-2.3869805933e+00
-2.5211762775e+00
9.5697206891e-02
1.2234117174e+00
1.9072748494e-01
-1.3768023905e+00
-5.2129520397e-01
-5.8293847812e-01
-6.5038749169e-01
-7.7079442528e-01
4.9376948312e-01
1.4959535852e+00
9.6660766242e-02
-5.0652144207e-01
1.2840364591e+00
1.6229340462e+00
-8.2697205570e-02
5.8610903734e-01
-5.5450833658e-02
-1.0256569600e+00
9.8504899338e-02
2.3474352300e-01
6.1916219556e-01
5.4823629518e-01
8.0569032147e-01
-8.4859508931e-01
1.7045521172e+00
-2.3242890560e+00
-9.7126583815e-01
-1.4126254450e+00
-2.5510635579e-01
1.7684349936e-01
-1.3891662223e+00
-4.6764638139e-01
1.7036600688e-01
2.2315687285e-01
7.0314510592e-02
7.4433593558e-01
7.6255306295e-01
-9.4795786158e-02
-1.5103983410e-01
-1.2032408569e-01
-5.1016107326e-01
6.2670402902e-02
-7.0172218384e-01
1.4104750225e+00
-1.0089244623e+00
2.7512389506e-01
4.3490998154e-01
4.3335293433e-01
7.6689494399e-01
1.8650422962e-01
5.0186033881e-01
1.5358565736e+00
1.5175615919e+00
-2.7336851144e-01
1.4351304426e-01
5.5286663484e-01
1.5290457113e+00
1.0355355937e+00
4.0670163781e-02
5.9445597564e-01
-2.7653479000e-01
-1.8664197762e-01
-3.9832046950e-01
-1.6595307997e-01
1.0421024983e-01
-3.1081510423e+00
-8.8312833192e-01
8.2121763074e-01
-1.0073629584e+00
-7.1959312462e-01
-2.2160972141e+00
1.2001008331e+00
-6.0986438600e-01
4.9022019582e-01
7.8494546730e-01
-1.3249679370e-01
-2.3085828429e-01
6.6375328958e-01
7.8551869810e-01
9.8206041192e-02
5.4771961403e-01
-7.2142835602e-01
3.1404447956e-01
-5.0709328397e-01
1.7934877825e+00
2.2003453298e-01
8.4956194501e-01
-2.4798711484e-01
-9.9002465466e-01
9.5980331418e-01
-2.6045000294e-01
4.7933888066e-01
4.1441550080e-01
-4.8913276548e-01
1.8838709081e+00
1.2654799434e+00
5.5883881204e-01
-4.8590875899e-01
-1.1753597331e-01
1.0801473571e+00
1.3008037966e+00
2.0485902030e+00
-6.3498191277e-01
7.0041799963e-01
4.8041389652e-01
1.3036491567e+00
-6.0979914442e-01
1.0577422790e+00
6.1643469913e-01
1.3269176026e+00
-2.8727961610e-01
-9.4790505955e-02
-5.6023824767e-02
2.3373343985e+00
-2.0967735119e-01
-6.6531088390e-01
-9.2148028999e-01
-3.7892953064e-01
7.1487502531e-01
-1.2369494701e+00
1.3998334225e+00
5.0548900965e-01
9.5076532304e-01
-2.5467060107e-01
