5.0511357676e-01
-3.6978893507e-01
4.3956632439e-01
1.1575116963e-03
-1.0268300849e-01
1.7814354002e+00
-1.4430230619e+00
3.8227782601e-03
-1.5051371486e+00
1.6419546599e+00
6.7167277086e-01
-2.3631814349e-01
1.4094128066e+00
1.5844338147e+00
-3.0582968235e-01
-1.8171329199e+00
-1.3673151066e-01
-3.2213611004e-01
-1.5243111419e-01
4.5702945857e-01
-1.2208165991e+00
-1.3583157034e+00
6.9000768214e-01
1.9392779092e-03
3.9071160251e-01
-1.4771543171e+00
-2.9280951780e-01
-1.4943516534e-01
3.1355104348e+00
1.6692035106e-01
-9.8317894175e-01
1.0290002758e+00
-2.3863010542e-01
2.5422312489e+00
-3.7259062258e-01
4.2084998796e-01
-8.2785022955e-02
1.3401330898e-01
1.9704849848e+00
-6.6957579615e-01
-1.2704461428e+00
-1.0700798513e+00
6.0616617447e-01
9.0152790503e-01
-8.7820533606e-01
3.2456684570e-01
1.0412106929e-01
2.5978088096e-01
4.3878163953e-01
-1.3260970243e+00
7.6497582411e-01
-3.1799871891e-01
-1.1398042843e+00
-1.1484232093e+00
1.3990673386e+00
1.9277807558e+00
7.3415633618e-01
-1.2862117919e+00
1.0988825400e-01
3.8790365090e-01
-1.0679318812e+00
7.2230403182e-01
7.0989976037e-01
4.4473599362e-01
2.3005264699e-01
2.1588440742e+00
-1.3259081408e+00
8.0700652248e-01
7.2548591985e-01
-1.0636010496e-01
4.4014308203e-01
-7.3873485012e-01
-9.0228245895e-02
3.3145835589e-01
-2.7347043109e-02
1.5596484890e+00
-1.8358709229e+00
1.6283183984e+00
-2.1186924453e-01
1.0461703815e+00
5.0077742298e-02
-5.2820762890e-01
3.3433761288e-01
-8.2664564954e-01
1.2451543334e+00
2.2581882543e+00
1.1144245145e-01
6.6261825928e-01
-1.2602745671e+00
-4.4490737814e-02
-8.9885236585e-01
-1.5771311709e-01
1.7495605810e-01
8.9161598278e-01
-3.2233723864e-01
2.2988352380e-01
2.9119293156e-01
-3.0575957931e-01
6.7644930835e-01
-1.6467545713e+00
-4.4924527852e-01
-1.2415567716e+00
-6.0301627200e-01
4.7485548141e-01
-8.2725574450e-01
-1.0704798205e-01
4.1483892641e-01
-8.8679571616e-01
1.2246288745e+00
-8.7038423128e-01
4.4298950093e-01
1.0129442992e+00
-5.7138325143e-03
-1.4153775323e+00
8.5165171688e-01
1.7727518555e-01
1.5237539050e+00
-2.0157955967e-01
-1.2517237212e+00
-1.0104063411e+00
1.0795833806e-01
-7.2512696752e-01
-1.4787392162e+00
-1.0759066257e+00
-1.1950375489e-01
2.2342540971e-01
4.4577748394e-01
-7.7759234301e-01
-1.1726396325e+00
9.3025625081e-01
-2.6197749908e-01
3.8682600056e-01
7.6123047387e-02
-2.2203398586e+00
-1.1049504332e+00
-2.8957997052e-01
1.9735849452e+00
9.7981537255e-01
2.5115128176e-01
-1.5829413799e+00
8.6200521652e-01
3.1308076799e-01
5.8712392315e-01
2.6333180004e-01
1.0104164553e+00
-5.2236160858e-02
-1.7181829708e-01
8.0276376673e-01
-6.8166023670e-01
1.2990739959e+00
-3.3804257448e-01
1.4567146944e+00
-2.1511628666e-01
-2.2364426563e-01
8.1370007198e-02
-7.3382700453e-01
-1.0659074018e+00
1.0990618871e+00
-3.5432900768e-01
1.6693588332e+00
1.2720944699e+00
-4.8921464544e-01
-1.1432538806e+00
2.8014080955e-01
8.0558811353e-01
-1.3589362725e+00
-3.2117749656e-01
6.9163040539e-01
2.8980062624e-01
-1.7831037617e-03
1.5002528603e+00
-6.3522504592e-01
-8.7174982175e-01
4.5983330383e-01
-1.9089214164e-01
-3.1811315893e-01
-7.2357289133e-01
-1.4013294402e+00
1.4744579389e+00
7.2275946369e-01
9.7930583406e-01
-5.4286768779e-02
2.4695142756e-01
6.7446874579e-01
6.4206720791e-01
8.9797566207e-01
-9.0594393463e-01
1.6225048611e+00
1.2196609789e+00
-1.5634679217e+00
3.3964875810e-01
1.3798245053e+00
-2.2641247491e-01
-2.7861634776e+00
