4.4701685522e-02 -4.8357649089e-02 -4.1584980938e-02 -3.0431062541e-02 -2.9582092659e-02
4.2050062035e-02 -9.9862100044e-02 1.3754414694e-02 4.9072494056e-02 -9.0988351764e-03
-5.3856836586e-03 3.0590245366e-02 -1.9430625289e-02 2.7550333640e-02 9.7750923057e-02
1.5043563256e-02 -2.5388143364e-02 2.9735620204e-02 -5.3855850185e-02 9.9360438608e-02
4.0783102316e-02 6.8053058883e-02 -2.2737423111e-02 1.9474196988e-02 5.0729188589e-03
-6.6410467841e-03 5.0595160567e-02 3.0661234646e-02 -1.1794965990e-02 3.0879533175e-02
7.4527833258e-02 1.0336481619e-02 7.0366024005e-02 3.0809900860e-02 1.1516433583e-02
-2.9874854852e-02 -6.5885296650e-02 1.3270859036e-02 -6.9843236221e-02 4.5441323586e-02
2.5943691319e-02 -6.9673929492e-02 6.0102520373e-02 9.2087357911e-02 5.2451082795e-02
-1.1832135894e-02 1.8352271030e-02 4.3560590420e-02 7.6568694625e-03 3.7890513559e-02
7.9916990039e-02 -8.8695779503e-02 2.5330204754e-02 4.9437982597e-02 5.1078021010e-02
3.1055050722e-02 9.8136823749e-02 -1.7229906912e-02 -9.0849929036e-02 4.0988047281e-02
-8.5187773433e-03 -1.2203229375e-02 1.9349905112e-02 2.5321381870e-02 4.9492276640e-02
-2.2031960497e-02 -6.5146596160e-02 -1.4262332104e-02 1.3991016303e-02 3.7986159094e-02
-3.5236573971e-02 -7.7920705174e-02 8.7338838390e-02 2.4040029042e-02 2.5913556594e-02
-2.1976295020e-02 8.2785215863e-02 4.3965303024e-02 -1.4089428134e-01 -2.5568783678e-02
-3.7850372701e-02 1.3255081537e-03 -1.1179662032e-02 2.2295964396e-02 -1.2595224798e-01
3.5499281291e-02 -1.1112465011e-02 9.8447603289e-03 4.3498430053e-02 8.4450448653e-02
-1.0767250090e-01 -1.1703924209e-02 -8.8895078040e-02 8.2157338405e-02 8.9145684129e-02
5.9940114209e-02 3.7743000245e-02 1.1802458077e-01 1.4015036888e-02 4.4331467729e-02
-7.1223233080e-02 1.0534316320e-01 9.4560783175e-03 -6.3237495629e-02 2.8776073510e-02
-1.1397892168e-02 1.1980402483e-02 7.8065861463e-02 -2.5537458143e-02 4.5765080858e-02
2.5595093461e-02 6.5642282735e-03 -1.1353716626e-03 -1.4711867921e-02 8.0845722814e-03
-4.7320720207e-02 -7.2470542560e-02 -4.8560368557e-03 3.7801909097e-04 1.8864866328e-02
6.5675152301e-02 -1.5305846428e-02 4.4828574912e-02 -1.0240007531e-01 2.8513213750e-02
1.8496583179e-02 -3.6022214748e-02 3.4786283278e-02 -5.6792277493e-02 2.8963471690e-03
4.7943432518e-02 1.0921092350e-02 4.6310227974e-02 -3.6750640687e-02 8.6175023947e-02
2.9354581933e-02 -2.5831777139e-02 3.5958573074e-02 3.9880098331e-02 1.0685490411e-01
-1.5867825816e-02 4.1668639798e-02 8.9849254445e-02 1.7747992085e-02 -4.0841919005e-02
-5.3609846602e-02 3.4011121488e-02 -6.7082232067e-02 -1.6811206342e-03 2.2511354260e-02
1.2129900081e-02 1.2993609183e-02 2.0855550471e-02 5.2065721626e-03 -5.4979519145e-02
-4.1411667315e-02 -5.3645632682e-02 -1.8251292311e-02 -2.1127080648e-02 1.0442220612e-01
-1.1581530200e-01 1.4559531020e-02 1.3293937840e-02 3.5652388832e-02 6.7158755153e-03
1.6496313517e-02 -3.2322948720e-02 -5.1636500830e-02 -5.4458054499e-02 -2.0331943092e-02
-7.9059687238e-03 -6.6465354455e-02 -1.8407146827e-02 -1.5013232603e-01 2.4796303498e-02
-6.9545983911e-02 -3.1866898914e-02 -4.0960535822e-02 -1.2293034004e-01 -4.7177979850e-02
-4.8186099534e-02 -1.0454369452e-01 1.6902554673e-02 4.5490653888e-02 -3.7829305274e-03
-8.4832516718e-02 5.1774394053e-03 9.3504131082e-02 -4.4229861158e-02 -3.8210338416e-02
-4.5777826853e-02 7.2887376490e-03 1.2579529434e-02 -2.1008499424e-02 -5.9510437420e-02
-8.5083324657e-03 3.5503693818e-02 -6.7446566044e-02 1.1075782885e-01 6.7021749668e-02
-1.0553613690e-03 -7.5652640670e-02 -7.2483291435e-02 1.6039888231e-02 -4.2250020144e-03
2.8297502626e-02 -2.2908236439e-03 2.0057842671e-02 -9.0721234950e-04 4.6785897252e-02
7.1321923672e-02 8.3643548440e-02 -7.2418082067e-02 -1.8596750561e-02 -1.6197817099e-02
1.6127785984e-03 -1.3666372152e-01 4.5803784610e-03 3.6748316241e-02 5.1569226829e-02
-3.9788347177e-03 -2.5087184358e-02 5.6702551053e-02 -1.8803254794e-02 5.1835859176e-02
-1.0853352703e-02 -3.6095346929e-02 -2.4368138115e-02 -6.1208755325e-04 1.0043603647e-01
-4.6564378397e-02 -6.8186209530e-03 4.4102916520e-02 -1.0428107116e-02 -1.1733639171e-02
1.1465004952e-01 7.7831516720e-02 -1.3869098652e-02 -1.7842752857e-02 1.1011851562e-01
2.1664169360e-02 1.4294451250e-02 2.6153232685e-02 3.6079110962e-02 2.7507298061e-02
7.8924090898e-02 4.0975735184e-02 -3.3489366450e-02 -1.1539057927e-01 1.6769742848e-02
-6.0053746184e-02 -9.0118295462e-02 7.9740594769e-02 3.4432491243e-02 -5.3989939511e-02
1.7459246324e-02 4.6897456475e-02 8.9012339616e-02 8.9169824582e-02 -2.8254259280e-02
-5.0968555633e-03 8.4786641788e-03 6.5335845995e-02 -9.2165168159e-04 5.2768611359e-02
6.5500051823e-02 9.9876233684e-02 1.7631247946e-02 3.6624737965e-02 1.5900387312e-02
1.2545324540e-02 3.3807284379e-02 -1.9349100879e-03 1.0251860613e-01 3.3294023928e-02
-4.9551920391e-02 1.1912474837e-02 7.0260293073e-02 1.8077863617e-02 -1.3559207876e-02
2.5439517659e-03 9.9378411889e-02 -5.0673861325e-02 -6.5186862752e-03 6.5027313299e-03
8.7423768799e-03 -3.6194875796e-03 7.1866989093e-03 6.9535977453e-03 -5.1275670852e-02
7.5183631645e-02 2.5118160773e-02 8.7765251345e-03 -3.1086202413e-02 -1.0079378848e-01
7.0631993013e-02 -1.0406800045e-02 -1.0740747848e-01 -5.9648612355e-02 -5.7986058335e-02
-5.8227347381e-03 2.6203362786e-02 8.5189545142e-02 -1.0979219448e-02 1.6030702294e-01
-5.1443346176e-02 -3.2032097227e-02 9.5763269427e-02 1.0392479080e-01 1.8706794560e-02
1.9245303454e-02 7.3862390043e-02 -6.1584622679e-02 4.5576637185e-02 3.2255138905e-02
4.1586268688e-02 -3.8843801330e-02 1.5518057285e-02 -1.4012183511e-03 -3.8317795180e-02
1.7451570650e-03 -3.6719962213e-02 -3.8030411784e-02 -1.8740146995e-02 5.7971269667e-02
1.8177283745e-01 -5.3255472833e-02 -4.0388884866e-02 1.1337904490e-01 -4.1100607592e-02
-2.5587670742e-02 5.0115373652e-02 1.0560212346e-01 2.0027079960e-02 6.8866350086e-02
3.2552613060e-02 -4.1920279772e-02 -1.5564241946e-02 3.6651510117e-02 -7.3091817200e-02
9.9387873179e-02 -4.2588978683e-02 2.5525769163e-02 -3.4036200886e-02 7.6066958971e-02
-4.2443795160e-03 -8.3325151915e-02 -4.0801697515e-02 -7.8623435583e-02 9.1131988186e-02
9.8799731952e-02 2.2332578263e-02 -4.1078051881e-02 -8.1395846533e-03 2.8657240476e-02
-4.6792063469e-03 9.3362718516e-02 3.1860544833e-02 2.2263546807e-02 -2.6333150078e-03
-1.4960330031e-02 -1.3081701923e-02 9.0368525439e-02 -6.3280655088e-02 2.7610858717e-02
6.5067278571e-02 -4.8229151255e-02 6.8753623113e-03 -8.1367098961e-02 -5.7490425632e-02
3.7480245309e-02 -7.4401616410e-02 -1.4740834143e-02 8.5088032187e-02 1.9643703428e-02
2.6846142203e-02 -9.6103018444e-04 1.1917821740e-02 -7.5208007361e-03 6.7009430607e-02
-3.7783490750e-02 -2.8912842574e-02 -8.9907575804e-03 -1.7860656360e-02 5.3493262049e-02
-9.5519816892e-02 4.1343152287e-02 -8.4815914428e-02 -4.4156022035e-02 2.3824701787e-02
1.8465995445e-03 -2.5894239857e-02 1.3373086069e-02 6.3182164186e-02 -7.7836473654e-03
3.5427016315e-02 4.8729665653e-02 -2.6118230127e-02 -5.2130539058e-02 -9.7786843507e-03
-6.3247330623e-02 1.0914634368e-02 4.2317044692e-02 1.0128898294e-01 -1.3609643416e-02
4.6686318921e-02 1.0664964037e-02 2.1266851966e-02 3.3868559973e-02 4.4739419405e-02
-3.7551566552e-02 1.6910856522e-02 3.5239333809e-02 1.2317496771e-01 9.5177276551e-02
-4.3405913215e-02 2.4129608313e-02 -4.2079442810e-02 -3.9604922751e-02 -4.4998203547e-02
3.7631096398e-02 -4.5846324359e-02 5.2157633128e-02 4.0960007910e-02 2.2583553050e-02
-1.1900696747e-02 4.8506285644e-02 -1.0027558552e-01 -7.7802995514e-02 -6.7101691336e-02
-2.9499973780e-02 2.2398929157e-02 -7.7529158326e-03 1.7190183125e-02 8.5705348331e-02
-5.4380189705e-02 6.0495419248e-02 -7.9179257506e-02 1.2320668899e-02 -2.4759478541e-02
-5.2082950144e-03 7.3959505617e-02 5.4570039888e-02 -8.7580298829e-02 2.3549592242e-02
-5.2946668152e-02 -2.6629156168e-02 -2.1790897548e-02 1.8391672503e-02 9.3021649926e-03
-1.5692653086e-02 5.0946804830e-02 6.7588389774e-02 -9.3468253321e-03 -3.3371477008e-02
2.3741226023e-02 8.0248386860e-02 -6.2354517061e-02 -5.4738769679e-02 -6.3053962075e-02
7.2080132128e-02 -5.7391291019e-03 1.1149317166e-01 -2.9052690025e-02 2.2484606331e-02
-4.5163006619e-02 6.5252583861e-03 -1.1117015895e-01 2.5798991586e-02 -4.7797296716e-02
-4.1841807626e-02 -1.3612311534e-01 5.0396502431e-02 8.1342754991e-02 -5.5447684053e-03
-3.1376883081e-02 -1.0751759984e-01 4.9928383718e-02 -3.0806061867e-03 2.0873205938e-02
-3.4309759763e-02 -6.8041868743e-02 -3.9639074879e-03 9.0477059311e-02 5.2173443583e-02
-8.2857423926e-03 3.1562383520e-02 -8.9794488956e-02 6.6589283198e-02 5.4247832510e-02
-1.9540650812e-02 1.7708767006e-02 1.7511832514e-02 1.0394182371e-02 5.3531604890e-02
-4.4134384962e-02 -1.8289799632e-02 -3.2663590833e-02 -9.3523574071e-02 -6.6822486547e-03
-2.5040971663e-02 -4.6289569485e-02 -7.6949304103e-03 -5.5272567018e-02 1.5093090656e-02
3.9620754234e-02 -3.9956587644e-02 -1.5712799411e-01 5.5701520522e-02 2.2723930646e-02
1.4829976779e-02 -4.0205334740e-02 -1.8122691627e-02 -6.6750906422e-02 4.1809138628e-02
-2.4326320186e-02 -3.2216056868e-02 2.6818134814e-02 -1.7910953596e-02 5.5818004475e-03
5.0827358787e-02 6.7386867335e-02 1.2684117408e-02 -3.6607360429e-02 1.3856181081e-02
1.1611816728e-01 -1.9816327260e-02 5.4614076397e-02 -7.4738810533e-03 3.2201878781e-02
7.6427906414e-03 5.2789106491e-02 -1.6471345752e-02 1.9147138823e-02 5.8350922978e-02
1.2866535750e-01 4.7782066102e-02 -7.8444250866e-02 1.0962014690e-02 5.3408737897e-02
-1.5932053081e-02 -5.6486930972e-02 1.1007475358e-01 -5.1292470388e-02 -4.6190031567e-02
8.6519273466e-03 2.4541556892e-02 7.7103735967e-02 -1.1380504573e-02 5.5248011008e-02
5.6139041189e-03 9.4406426240e-02 1.5152643656e-02 -7.0874642421e-02 9.8113795251e-02
-5.0654832678e-03 5.9033810257e-03 -2.9175376474e-02 -6.7199407423e-02 -1.4992248987e-02
2.0404141754e-02 2.9458328814e-02 2.7318149043e-02 -9.3180777133e-02 -1.0911084727e-01
-5.4149950984e-03 8.8364699214e-03 2.9199560576e-02 -1.5789784228e-02 1.8473839256e-01
-3.6966761607e-03 3.1609709399e-03 1.5414132596e-02 -5.7194658741e-02 1.2246513090e-01
1.1238028927e-03 1.2146482708e-02 -3.8119444791e-02 2.2528871161e-02 -3.6826579438e-03
6.9770892656e-02 3.1103687830e-02 -3.3189772248e-02 -6.8665874949e-03 1.4965638947e-01
7.7840643886e-02 -5.5639235616e-02 -5.4807839050e-02 -5.1031311148e-02 1.3385830894e-02
-2.5093062830e-02 9.2134901128e-02 -3.5822809404e-02 7.4531906149e-02 -3.1093180175e-02
6.4239773081e-03 -4.9204610433e-02 -9.1728418176e-03 7.6119153257e-02 -6.5011518023e-02
-4.2745665471e-02 -2.2961581565e-02 5.2145856680e-02 -7.0394855176e-02 5.0972084610e-02
1.5462576112e-01 3.6689462690e-02 4.8632567997e-02 -8.4253487999e-02 9.8851934791e-02
3.0911385009e-02 -1.2066808224e-02 -4.7312473286e-03 -7.8941455874e-03 7.6217998395e-02
-1.0318484994e-02 -1.7746791898e-02 1.8018883536e-02 2.8062955349e-02 -2.8142553334e-02
1.7144505159e-02 -6.8031301911e-02 3.9024834074e-03 2.6869242030e-02 -3.6840869842e-02
-8.4530270266e-03 -6.0446741917e-02 -5.3455907970e-02 5.7129434342e-02 -8.6263097991e-02
-1.9796889690e-02 -2.7193457493e-02 4.6647269961e-02 -4.8637489241e-02 1.0407239437e-02
-6.2546988211e-02 -4.8843504777e-02 1.0694072456e-01 3.4357813984e-02 7.3727628803e-03
-5.4173999519e-02 -4.2637279737e-02 7.3881216635e-03 -3.6740471794e-02 3.0171973896e-02
2.4510525686e-02 -7.0240745487e-02 -7.2519553300e-02 -6.8469812594e-02 1.6639692720e-02
9.3609913714e-02 -4.0162772816e-02 -2.7156975029e-02 -6.7215456736e-03 3.5703450746e-02
3.1078463927e-02 -1.9798431520e-02 -4.8644683189e-02 -2.1725087487e-02 3.5068867155e-03
-7.4902575216e-02 -1.4611606120e-02 1.3508494354e-01 1.1581592124e-01 2.9268200478e-02
4.4585894806e-02 -6.6154224224e-03 -5.6078141046e-03 1.1484661078e-01 2.8384037369e-02
4.8617003103e-02 4.7276582789e-02 -3.9666721377e-03 3.9186276356e-02 1.0955829628e-01
-1.9993322952e-02 1.5517586647e-02 -1.9153584333e-02 8.5959404216e-02 9.9117421102e-03
2.8901571659e-02 -1.6825020153e-03 6.4796127869e-02 -2.7685587612e-02 -3.1351588486e-02
-8.9332417341e-02 -9.5623842198e-02 3.1952968920e-03 -1.0912841956e-01 3.9964223931e-02
9.2981028493e-03 4.2003363830e-03 3.3169995674e-02 -1.9530690528e-02 -7.1326925330e-02
5.0342697828e-02 3.7131741970e-02 1.0792049111e-01 -1.7560752862e-02 -4.9116977603e-02
-1.1064195151e-02 1.8047748786e-02 1.2326209222e-01 9.4144412568e-03 9.1302499465e-02
-2.6094502090e-02 -3.1497610829e-03 5.9542249406e-02 -2.1934528091e-02 -8.3735357881e-02
3.2132280768e-02 3.0404014468e-02 2.5498784314e-02 -5.7982830768e-02 3.8868295079e-02
9.3394684788e-03 2.3385936393e-02 2.3272637839e-02 2.0249460470e-03 7.4808403059e-02
-1.1070855573e-02 -2.1450043659e-02 -5.0472335704e-02 1.7388345238e-02 1.6967961202e-01
-1.9606937784e-02 -2.7297236242e-03 2.7882883143e-02 5.3431113626e-02 -1.3364916567e-01
-3.6712291520e-02 6.7603468638e-02 1.3803355682e-02 -4.2280526612e-02 -6.6885996886e-02
5.9824661180e-03 -1.3458717000e-02 -5.8991942699e-02 -3.4353820585e-02 1.0994777508e-01
2.8897209913e-02 3.3586223801e-02 3.4139308631e-02 3.0987909514e-02 7.2181684907e-02
-5.7260095929e-02 -3.1839289924e-02 7.8508726847e-02 -1.0404582846e-02 4.7311176295e-02
-6.3187085424e-02 -2.3812481932e-02 -1.7342420003e-02 6.1741639669e-02 -5.5048709943e-02
1.4859568270e-02 -7.3698813323e-02 4.3769203213e-02 -5.6782721035e-02 8.4029636984e-02
3.2260112130e-02 4.1316008940e-02 1.2097797877e-02 6.3306674623e-02 -4.3751610570e-02
5.2670232764e-02 -4.7839731174e-02 -2.9486893567e-02 3.2456931624e-02 8.5166244727e-02
-1.1226999782e-01 8.1813424820e-02 9.3000399608e-02 -2.3436419009e-02 8.5709734631e-03
-3.3365270789e-03 -2.9604602432e-02 -1.2348432346e-02 -5.7668760594e-02 9.1603427822e-02
3.3785122161e-02 -1.6560756843e-04 7.3757588349e-02 -1.6558294568e-03 2.7033725896e-02
2.6368580062e-02 3.4173307537e-02 -8.7889326870e-02 -4.1401905444e-03 -1.2453181799e-02
-1.4303289082e-02 6.2288339621e-02 -2.5553808313e-02 -4.9956364929e-02 5.2981285675e-02
3.9282397423e-02 -1.9337195121e-02 8.1719417387e-02 3.5159244979e-02 1.1323770945e-02
1.2299624981e-02 -6.3769583045e-02 7.0933393431e-02 1.4670897968e-03 3.9014324142e-02
3.7017066853e-03 6.4656410394e-02 4.8792995684e-02 9.0248111331e-02 7.0872942544e-02
7.2345114747e-02 5.1046938675e-02 4.1559841086e-02 -1.0426136400e-01 1.0308533214e-02
3.2700404412e-02 5.5603789156e-03 4.2372300706e-02 5.5528073578e-02 3.9725792355e-02
-2.4234985684e-04 -3.8129542729e-02 2.6738344291e-02 2.0569093940e-02 5.8298330724e-02
-1.6134546778e-02 -2.7754945084e-02 7.0868928036e-02 1.2442590517e-01 -4.8694878889e-02
3.3599857459e-02 -4.6437522948e-02 -9.1430559415e-02 4.2990045412e-02 -3.0253642102e-03
1.1669254596e-01 5.4213978679e-03 2.4140303831e-02 1.0565232198e-02 -4.4142126522e-02
2.9605743829e-02 -7.6954336599e-02 -5.8779092751e-02 1.0708717528e-01 5.5855942842e-02
-1.1182281630e-02 -1.2240742490e-02 1.4650637953e-01 6.3866992809e-02 -3.9698003653e-02
4.3597978088e-02 1.9064814449e-02 6.7300062564e-02 -1.2711458042e-02 3.4488243850e-02
-1.3355432558e-02 1.0755566437e-01 -6.3407609176e-03 9.4480951826e-02 -2.8025587634e-02
1.2779594774e-01 -2.5664385855e-02 6.0331907749e-02 1.6025870750e-02 6.4274798033e-03
1.1930660543e-03 -7.5035049855e-02 3.1492782027e-02 -2.3901281128e-02 4.6428358190e-02
8.8988809554e-03 7.2456091886e-02 3.2768779256e-02 -4.7180569390e-02 3.0990737429e-03
9.4661036636e-02 3.4809918582e-02 -8.6757137871e-03 -1.5233410539e-02 -5.9414713091e-02
7.1835336319e-02 -5.6572784554e-02 -3.8322338262e-02 -6.6902320550e-02 -2.7892323404e-02
2.1880503070e-02 5.2629685752e-02 -4.7405006267e-02 -1.1947138148e-02 5.9000735996e-03
7.2666308083e-02 -1.4574966242e-02 -3.7851463793e-02 9.3792646762e-03 -5.2386234894e-02
