2.6259163188e-01 -8.1195230520e-02 1.7610750792e-01 1.2949689230e-01 1.5524738199e-01 -1.5548369600e-02 -4.4034406280e-01 -1.6547677843e-01 2.1195260527e-01 -3.1669303977e-02 -6.8751147858e-02 -6.1077430919e-02 5.2213843944e-02 -1.2311096952e-01 -5.0661945445e-02 -9.6198194336e-02 9.9509438926e-02 6.8016160837e-02 -1.0947225737e-01 -1.3026841411e-02 3.0696889925e-01 3.1922948328e-02 -4.9869003064e-02 -1.9742358341e-01 1.0391834124e-01 -9.4924038179e-02 -9.7579938149e-03 1.6708387265e-01 -8.7206322034e-02 4.4440311646e-02 1.5378662358e-01 3.2133543977e-01 -2.6688408368e-01 3.6943659099e-02 -3.2663779790e-01 2.1234030846e-01 -3.0314392204e-01 -7.5058130546e-02 2.7526902488e-02 -2.3112488423e-01 -2.3804512452e-01 -1.5540492064e-01 -3.2386835863e-02 1.3871558114e-02 -1.7304505588e-01 -5.0703714286e-03 -1.9125928404e-01 -9.8306534451e-02 2.3681044770e-01 1.5723598885e-01 -2.2502620750e-01 5.6254846657e-02 9.8639179793e-02 -1.0452955846e-01 1.2752271199e-01 5.6468240361e-02 2.5290503037e-02 2.8044263529e-01 2.7307647529e-01 -1.1046450900e-01 -3.0557121648e-02 -1.5668656286e-01 -9.9260392304e-02 -1.4069857992e-01 -7.7825914457e-02 -2.7607196024e-01 -1.2471609347e-01 -2.1369609466e-01 -3.8716325330e-02 -2.7677046709e-01 2.4851436808e-02 -6.4704998954e-02 5.7973397249e-02 1.0298968702e-01 -9.8456323535e-02 1.0744542786e-01 2.3196775481e-01 -2.9826795005e-02 -5.8058864247e-02 1.8595247341e-01 2.8196306737e-01 -1.4134173853e-01 5.7493492925e-02 2.4805668495e-01 -1.1194792235e-01 1.8940263236e-01 -6.7250702715e-02 -1.6870141299e-01 9.6133330118e-02 -1.4915011759e-01 1.1530630117e-01 -1.9903439882e-01 7.1417058529e-02 -4.5469376139e-02 -1.7888635288e-01 -7.1548158071e-02 -3.4992159051e-01 -1.4843718389e-02 -2.2614132236e-01 1.9485326990e-02 1.5062251680e-01 -1.0857522814e-02 1.2684676491e-01 -3.6020564751e-02 -9.7462116491e-03 1.3021974110e-02 5.4331170496e-03 1.9676493165e-02 7.1602932207e-02 8.9198493406e-02 1.0485723639e-01 1.2781092718e-01 7.3386803793e-02 -6.8274976593e-02 7.3414835644e-02 2.7674884492e-01 -1.3272106488e-01 -1.8113050687e-01 -7.0811531133e-02 1.1806402405e-01 -3.2764512480e-02 -1.6038121081e-01 2.2982292824e-02 -1.5024438651e-01 -4.1141652229e-01 1.0266439051e-01 1.5764529859e-01 1.0269333706e-01 -4.2254532107e-01 2.9521111843e-02 5.1993503686e-02 1.3611772874e-01 -2.1474657149e-01 -2.3741817046e-01 -2.4160744861e-02 2.8495867671e-01 -7.2365357746e-02 -1.0785005720e-01 7.6321123670e-02 -4.3121061485e-02 3.3571397153e-03 7.4637232189e-02 -4.0515437294e-02 2.5913505330e-01 1.2415767043e-01 -4.7198867320e-02 -4.2548973465e-02 -2.1128671754e-02 -5.1441014093e-02 3.5220761880e-02 7.2613763444e-03 -2.1527192974e-02 -1.1594365285e-01 -1.7406062420e-01 -1.2727765179e-01 1.1523246768e-01 -1.5544152557e-01
-1.3221584517e-01 -1.1035587215e-01 -4.2959889311e-02 1.1594296257e-02 1.5679158779e-01 -1.2512330980e-02 -5.1277604497e-02 -1.6759837295e-01 -1.6027490009e-01 1.2797261562e-01 2.0992244089e-01 5.7057793053e-02 4.4243570447e-02 -9.7980015111e-02 -3.1057852201e-01 -4.5438843496e-02 2.3427199638e-01 -3.8661614886e-01 -8.2672878880e-02 1.2334132999e-01 7.3285209651e-02 1.5113650378e-01 -4.6288484241e-03 -2.1276915600e-01 1.9663672344e-01 -8.5168819422e-02 8.0406459473e-02 -1.2794392625e-01 -1.2839021324e-01 -4.4432368307e-02 1.2673971477e-01 5.6331781585e-02 3.0430870344e-02 1.3263925479e-02 3.0996235913e-01 1.2888203958e-02 2.8320128142e-01 5.1427459291e-02 5.7851599603e-02 1.4845613326e-01 -8.9623023764e-03 -9.9506882158e-02 -2.3541282148e-01 -1.7217605364e-01 -1.1117790423e-01 1.8114670776e-01 2.0310038220e-01 2.3123402221e-02 2.4737350717e-01 -2.3242376282e-01 -1.9095172391e-02 2.6567033220e-01 6.0568338414e-02 3.2184603206e-01 -6.2688335249e-02 1.3135979171e-01 1.6495759510e-02 1.9119442704e-01 4.2692118045e-02 1.3364661521e-02 1.3492468123e-01 5.2471016832e-02 -4.5464532930e-02 3.8517146645e-01 1.5469996970e-01 -1.5780799489e-01 5.3158800414e-02 -1.0032613297e-01 -1.6687296203e-01 -1.8277400676e-01 4.1876406345e-03 -7.1316670929e-02 -9.5365850725e-02 6.0034996994e-02 2.0040444260e-01 4.1443007925e-01 7.5573728291e-02 7.6427701523e-02 6.4186527478e-02 -2.4053094241e-01 1.7011287439e-01 4.4433735978e-02 -2.5860216372e-02 -9.7140936381e-03 1.9457121917e-01 1.5117359285e-01 1.8412046146e-01 1.9724610976e-01 -1.6832157496e-01 3.5187075902e-02 4.1902521322e-02 -5.9259690469e-01 -2.0344441722e-03 1.3428815033e-01 3.6091962892e-01 1.8600390559e-01 1.6896275545e-01 8.6582470089e-02 3.4465580076e-01 1.1298162971e-01 8.6001411964e-02 2.5301580521e-02 -1.2843019861e-01 6.7926825745e-02 7.4490670033e-02 -6.9500887222e-02 1.1566265632e-01 1.7416623490e-01 -1.0208997473e-01 -9.9301243097e-03 -3.3220227031e-01 1.8254233557e-01 6.4895109770e-02 -8.7327253638e-02 -3.3749339936e-01 9.2850406736e-02 1.3164579103e-01 1.1117062542e-01 2.6323868023e-01 -1.4898401226e-01 -1.1546777867e-01 -6.5737104111e-02 -1.7801285245e-01 3.8071650108e-01 1.9940217563e-01 1.0455044764e-01 -7.6379610094e-03 -1.0315280535e-02 3.1499802994e-01 9.6468726963e-02 5.4794639653e-03 1.0488419792e-01 -4.4522958077e-01 -7.2925001457e-03 -2.8956204272e-01 -2.0292654206e-01 -5.9255950622e-02 -2.0895154849e-01 -2.1753787302e-01 -1.4815429051e-01 5.6405812915e-01 1.2554791451e-02 -4.4299986503e-02 -1.8993970626e-01 -2.4780018628e-01 -3.7054467985e-03 9.6599622796e-02 1.4731948666e-01 6.2415328706e-02 -5.3368812228e-02 2.6971600913e-01 2.0651008761e-01 2.9451926478e-02 1.0105502918e-01 3.2673757090e-01 -2.2292975585e-01 4.8920465307e-02
-1.3684535302e-01 9.7931679438e-02 1.9246021385e-01 -2.1805432362e-01 -2.3036249748e-03 1.6836709434e-01 1.4275297764e-01 -2.4375260101e-01 -5.0468564936e-04 9.6891073558e-02 -7.8366671341e-02 -1.5993139833e-01 1.5761127256e-01 -1.6592016473e-03 1.7229900385e-01 -2.1982419532e-01 -2.2544101109e-01 2.8363090099e-01 2.4805327716e-01 -2.6885334148e-01 2.5961140409e-01 -1.5320852463e-01 2.2388191527e-01 -3.8463889266e-01 1.9239704750e-01 -4.3621029009e-03 9.8576683467e-03 -4.9156913254e-02 -4.1316905611e-01 1.2998838328e-01 -5.7205483098e-02 2.5509855560e-01 3.9221268797e-02 1.4841350562e-01 4.8749856255e-03 1.5937102199e-01 1.1994253193e-02 2.7737111987e-01 -1.7031641037e-02 1.9942991625e-01 3.6980354019e-02 -2.8192844976e-01 2.6112550328e-01 3.7096509896e-01 1.3123626295e-03 6.3655310293e-04 3.2710519185e-03 3.5859232066e-02 -1.4681189757e-02 -3.0478009822e-01 -6.3932241358e-02 2.1104143171e-01 1.9938959437e-02 2.9608301006e-01 1.7537670485e-01 2.8174536275e-02 1.3937527134e-01 -1.9057739868e-01 -5.1203003303e-02 -1.6466789757e-01 5.0709495503e-01 3.9483404728e-01 -2.0322795774e-01 -2.3608138305e-01 8.7523683042e-02 -1.1716988245e-01 -3.5220290826e-01 -1.8916826674e-01 -1.9361191323e-01 8.6575857389e-02 6.0177270708e-02 1.4040562743e-01 -2.5565290848e-01 1.9073489575e-01 2.4436512250e-01 -1.5414387262e-01 -2.3283642638e-01 -2.9825324911e-02 -7.5700301255e-02 3.5268004166e-02 1.1544782439e-01 -2.1169535585e-02 2.0456512916e-01 -9.2449246789e-03 -1.0368772112e-01 1.1834898000e-01 -6.9238048913e-02 -3.5946615895e-01 -1.9954565967e-01 4.9487492221e-01 3.0384104826e-01 -1.2714446343e-01 -7.3494983809e-02 -2.2376341321e-01 1.6202723131e-01 5.6467398089e-02 5.2913529429e-01 1.9353415192e-01 -2.1586354452e-01 6.0099546275e-02 -7.3456654783e-02 -2.7793953379e-01 -8.9578254620e-03 -2.1603367280e-01 -1.0213349444e-01 -1.9716394133e-01 8.4056743579e-02 -2.3460148794e-01 -4.7256741971e-02 1.9637810266e-01 1.3923348040e-01 -7.0388225707e-02 3.2361008868e-01 -5.7188377896e-02 -5.1329206135e-02 -1.8989590376e-02 -1.4837951654e-01 -8.0499927983e-02 7.6265234433e-02 5.7777920331e-02 -1.3427153135e-01 -4.4013903038e-01 -1.6706414212e-01 -3.3562735679e-01 1.1090044121e-01 1.9434981989e-01 2.8386704830e-02 -3.3396680780e-01 -5.3744813806e-02 -1.2518436120e-01 4.1133256553e-02 9.3172356954e-02 3.3129539155e-01 1.1651871113e-01 -4.0762636000e-02 1.7341337564e-01 -4.0780828510e-02 -3.8860794390e-01 -3.4582521547e-01 -2.7894288670e-01 8.6167512867e-02 -1.9592718693e-01 1.3251600576e-01 2.7376333647e-02 7.6750420328e-02 1.0701609311e-01 -2.0104677712e-02 2.5685214305e-01 -5.0746762857e-02 -2.6911614712e-01 2.9771180441e-01 7.7799861395e-02 1.6226719387e-01 1.2388527997e-01 -1.8368587909e-03 -1.7754800858e-02 2.6706097442e-01
-1.0260532422e-02 1.3836123428e-01 7.2234809494e-02 -1.1127664307e-01 1.6895146651e-01 1.0147642146e-01 -4.2496408826e-01 2.9075250687e-02 -2.0319232205e-01 -4.7659355411e-03 1.3052679860e-01 -1.9861451480e-01 2.1122562584e-01 -5.9595689444e-02 -1.0312106091e-01 2.6113533700e-01 4.6530439488e-02 6.6410845713e-02 -5.5023616996e-02 -3.4655819322e-01 -4.8212678235e-02 5.9533456488e-02 -2.7322398169e-01 -3.9460666452e-01 1.0146737129e-01 -2.1470456718e-01 9.8414016421e-02 -1.5452118640e-01 2.6132278670e-02 -2.9642694706e-01 -3.2270189008e-02 1.8224851602e-01 -9.3273502272e-03 2.5035109463e-02 3.0128174337e-02 2.0647342765e-01 4.4855205520e-01 -3.8560992469e-02 1.7966430392e-01 -3.7679347766e-02 -2.4668004640e-01 3.8079769581e-02 2.3381843593e-01 8.1732714152e-02 1.5272922765e-01 1.7841316056e-01 1.9356376517e-01 -4.3669633721e-01 -3.1899628291e-01 3.4064795609e-01 2.7855338550e-01 7.7389404786e-02 -1.7418286071e-01 4.5028103603e-02 2.4180141629e-01 1.9721784837e-01 4.4121704678e-02 1.3584877927e-01 8.1410111679e-02 6.0174943481e-02 2.3523673335e-02 7.5192014920e-02 -1.8953001459e-01 -1.4430681609e-01 9.5211820844e-02 -1.4226468707e-01 -1.5381099598e-01 -6.7163934691e-02 3.1711598557e-01 3.9788603478e-01 -4.9402442406e-02 4.9484345889e-02 -1.0658654407e-01 -5.1981792042e-02 -5.3973155767e-02 -4.5215031275e-01 -3.9920134126e-01 -1.1486931185e-01 6.9377877220e-02 -1.5401273488e-01 6.0732496948e-02 -2.2750638939e-01 9.6535501942e-02 2.5817740775e-01 -1.7279952781e-01 -1.2632522009e-02 1.7874122390e-01 4.9514114132e-02 -1.2996270015e-01 -1.0276875673e-01 1.4026417561e-01 1.1518989744e-01 -2.3583667190e-01 3.0981426384e-01 -1.2110300544e-01 -3.0010079645e-01 -2.4288424048e-01 -9.3078558408e-02 -9.8497181563e-02 -1.4723702046e-01 3.3895680795e-01 -2.7362685126e-01 -1.5018739930e-02 -1.1145898793e-01 -5.2415470256e-02 1.2540398416e-01 -7.3444765198e-02 -2.3563030269e-01 7.1140272125e-02 -2.6170937800e-01 1.6643825091e-01 7.5508669130e-02 1.7124010076e-01 1.1422221495e-01 1.1058973390e-01 4.1973996370e-02 2.5197851173e-02 -1.4059458492e-01 4.2110687959e-02 1.2107752398e-02 -1.6138287579e-01 -6.5048264742e-02 -4.1772952306e-03 -1.8921493582e-02 -1.9232281571e-01 -3.4096246105e-01 -2.4885861208e-02 7.5391129034e-02 -7.9791221601e-02 -8.8437950234e-03 2.2818045119e-01 -4.6087948059e-02 4.8103650389e-01 -1.7342161511e-01 5.5724554406e-01 -4.7897699959e-02 -2.2204327238e-01 -2.7399982727e-01 3.5418413307e-01 6.6584971216e-03 -3.0683197628e-01 -2.2565326390e-01 4.7971006071e-02 2.0408113937e-01 -2.5352553228e-01 -3.8551236098e-02 -1.4489992378e-01 -5.6863019742e-02 -9.6815652455e-02 3.6022287386e-02 1.1262360920e-02 4.0152083826e-01 2.0681283282e-01 1.9049984768e-03 8.1622685938e-02 9.8420071315e-02 -1.2363468020e-01
-1.5391733800e-01 3.2255797571e-01 -1.8320429785e-01 -1.8940100232e-01 2.7059361125e-01 -2.4783727768e-01 -4.5257552081e-02 3.3696703852e-01 2.3735958520e-02 -1.1512717447e-01 -6.1306320018e-02 1.2698871579e-01 2.4951950880e-01 9.8494207712e-02 -2.9348172784e-01 1.0250628885e-01 -6.4933131448e-03 8.5318544037e-02 -5.0556757352e-02 3.6227196060e-01 3.8621825017e-02 1.1113834122e-01 -1.4955317779e-01 1.4435157960e-01 -2.2589706566e-01 2.8433412810e-02 1.2742237368e-01 -3.3083450950e-01 1.7590568187e-01 -2.3332438925e-01 1.6529185660e-03 -1.6650038042e-01 -7.8740709687e-02 -5.1600399242e-02 2.8451918627e-02 3.0179194266e-01 -2.6913458431e-02 -3.9547303387e-01 -6.1124735779e-02 -3.5525042663e-01 4.9179459553e-02 7.1074106251e-02 1.3497587947e-01 -8.9663855112e-02 2.8224042247e-01 1.8185534277e-01 -7.3041554231e-02 1.0821060971e-01 1.2952951132e-01 2.3437299340e-01 1.9430333129e-01 -1.6136431774e-01 7.6475179015e-02 -4.3482067578e-02 -3.7787448377e-01 5.1630778692e-02 4.7493454254e-02 1.7591772847e-01 -5.0118622086e-02 3.1005465661e-01 -9.5336402743e-02 -2.2300599380e-01 -1.3575059924e-01 5.5516249360e-01 -1.3696283609e-02 1.5702744718e-02 -3.8920009499e-03 2.5226281016e-01 6.4653199898e-02 -2.0308416414e-01 -1.0082490612e-01 -2.0102953820e-01 4.6094148819e-02 6.5104449968e-02 -7.3244132025e-02 1.4444373723e-01 9.4958386874e-02 -1.2118727130e-01 1.1516815654e-01 -2.1134162810e-01 -1.6972086807e-01 -4.4534887287e-01 -1.3166444123e-01 -1.6186884427e-01 8.0847443509e-02 -1.5819368787e-01 3.6092855409e-02 2.3949216910e-01 -1.7690989251e-01 -2.0515495111e-02 4.3674862215e-02 5.1833733730e-03 8.9362976420e-02 -3.1512186449e-02 8.3657414944e-02 1.8996993287e-01 -2.3333471999e-01 -9.9772924915e-03 7.1010281701e-02 -2.2107861503e-01 1.0976195891e-01 1.0201698289e-01 -2.3346276453e-01 2.3075871936e-01 -6.3549529643e-02 1.5080350128e-01 1.1983282784e-01 3.6692890664e-02 4.5066585385e-01 7.7111672977e-02 -6.5048714954e-02 7.2255652014e-03 -1.9438860322e-02 -1.8560014174e-01 3.3753807776e-01 1.3790575452e-02 -1.2385157141e-01 7.0575468139e-02 -5.2702921733e-01 -3.0774003326e-02 1.0924055861e-01 3.3698030356e-01 9.2349286742e-02 -7.2497133230e-02 -2.4392827149e-02 1.1655920801e-02 -1.4334815608e-01 -1.2119060198e-01 3.4164276590e-01 8.2288820571e-02 -1.6188140704e-01 -1.3801865613e-01 -9.0466517412e-02 -1.4503145338e-02 -1.8603637652e-01 -1.1019268882e-01 4.1093938626e-02 3.7709026038e-01 4.1167446649e-01 1.5550654512e-01 1.5687757466e-02 8.5405237490e-03 3.8237263032e-01 -1.1303653953e-01 4.6063731542e-02 -1.4921000970e-01 1.5164630844e-01 -2.1591448958e-01 -2.0993506652e-02 -1.1643839320e-01 -1.4928247902e-01 1.3280903922e-01 -2.6272898795e-01 1.2665555244e-01 4.3898643581e-02 -2.0834743234e-01 3.6721543147e-01
-1.3320504435e-01 -3.9384030722e-01 -8.8409143376e-02 4.0274978429e-02 1.2203804844e-01 1.5267024479e-01 3.5651750595e-02 -9.5777338909e-02 -5.3362020917e-02 1.9424253256e-02 4.0627045035e-02 7.7485726839e-02 9.1481039465e-02 -1.9918367741e-01 -2.5020003564e-01 -1.4465492320e-01 3.1211655616e-01 1.7382989244e-01 1.2480876958e-01 1.0083420871e-01 1.3692273412e-01 3.4511761021e-02 2.6295900365e-01 7.3501080479e-02 8.8185872820e-02 3.9566613640e-03 -1.1118211923e-01 3.4971639149e-01 -1.4116450451e-01 2.0620945383e-02 2.7833015172e-02 1.3103040473e-01 1.9313585254e-01 -1.4292437508e-01 2.6769323183e-01 1.9249428437e-01 1.8631904495e-02 -1.7675878345e-01 1.4489736375e-01 -7.8180451101e-02 1.9072715763e-01 -2.4166576950e-01 3.7573586318e-01 -1.5027992738e-01 9.3463649141e-02 3.6357710613e-01 2.0362126670e-03 1.3279293057e-01 1.7381954260e-02 -5.7786977007e-02 -2.0405238268e-01 1.0836044394e-01 8.6869792094e-02 2.1861544559e-01 7.3923201815e-02 2.3773679457e-01 1.1399748501e-01 -6.4246249500e-02 2.0426729005e-01 1.7291295588e-01 -1.8987688986e-01 6.1053538290e-02 5.5454789886e-02 1.1295095180e-01 -5.7273365390e-02 -4.0180886370e-01 2.7180742576e-02 1.3016463600e-01 9.0885615935e-02 -1.6321650608e-01 -4.5781499504e-02 4.2513565890e-02 2.1847631392e-01 1.7018796290e-01 -7.5509620117e-02 1.8271205550e-02 2.2697213585e-01 -1.0819066024e-01 2.5458308477e-02 1.0405906597e-01 -1.2147851150e-01 2.0809291530e-01 2.6043311112e-01 3.9377439102e-01 1.6625901034e-01 1.6709812596e-01 -2.9991168456e-01 1.0706651200e-01 9.3234583730e-02 2.8154364782e-02 -5.4954150831e-02 -1.1524151599e-01 -1.6179495299e-01 1.0068566783e-01 3.5362698164e-01 1.7782904660e-01 -3.0856869777e-01 1.6839987871e-02 1.0442296249e-01 -9.5275007430e-02 -4.0149182670e-01 1.6403083120e-02 -1.4914374827e-02 -2.5569370083e-01 -1.4943319708e-01 1.1915146500e-01 6.4179282232e-02 -1.4907414972e-01 -1.1146679323e-01 -6.1234718951e-02 -1.9215886160e-01 2.3348961270e-01 2.2879776296e-01 1.9682545679e-01 8.1098451901e-02 5.6802747242e-02 1.0202325749e-01 -1.7248775141e-01 2.8166939934e-01 -2.6907518212e-01 -4.0524389028e-01 3.0722900975e-02 2.3772214951e-01 -1.8461468916e-01 -3.2543920883e-02 -5.8779822234e-02 4.0795841487e-02 1.7705086693e-01 1.3870753778e-02 -2.0158280395e-02 7.6407722451e-02 -2.3909007135e-01 -6.0317373665e-02 1.6757076556e-01 -2.5024120385e-01 -2.3055038053e-01 2.0888380208e-01 -2.1744845385e-01 -2.2604099024e-01 -1.7595668258e-03 -1.8582500424e-02 1.6505928771e-01 1.9270277764e-01 1.6222890898e-01 4.5355325977e-02 3.4207629957e-01 6.2878130834e-02 -2.9428708525e-02 -1.4480689583e-02 -4.5577436170e-02 1.2257386251e-01 3.4769210835e-01 -7.2064794056e-02 -8.3935240251e-02 2.8941906027e-01 2.2666082872e-03 5.6357311702e-02
-1.6324710425e-01 -2.1571542906e-01 2.7119039781e-01 9.1484848519e-02 -1.1752710840e-01 9.5735706645e-03 5.7733293148e-02 1.3420035593e-01 -1.1122153433e-01 2.8616356412e-01 8.6411803604e-02 -7.6130315913e-02 4.8500957775e-02 1.5243405909e-02 -1.0926427681e-01 9.7016950099e-02 -4.9943778415e-02 -3.0852727267e-02 8.0793176024e-02 2.3437318323e-01 2.0699590498e-01 1.2931138728e-01 -1.0823176072e-01 1.3897187481e-01 8.7237430407e-02 -2.2364473547e-01 -1.5030960958e-01 4.2560846334e-02 1.2096601359e-01 1.3908514953e-01 -1.3489424624e-02 9.5300633504e-03 -3.7796614568e-02 2.8031004492e-01 1.9498553714e-01 -1.3464150473e-01 -2.9829651652e-02 5.2020987078e-02 4.2692191334e-02 -1.6909398498e-01 1.3466338517e-01 2.7619639100e-01 -1.4151965678e-01 -1.2163083864e-02 -6.2944182266e-02 1.7286989794e-02 1.3205887009e-01 2.1173145122e-02 -9.4510228067e-03 -2.1842905341e-01 -2.0833631749e-01 3.3931153964e-02 1.4288247403e-01 2.4902841245e-02 7.0144673572e-02 2.4358747967e-01 -3.1528799236e-02 -1.4069159611e-01 -5.3019196172e-02 1.9252776554e-02 -1.7420386535e-01 -1.1497976798e-01 3.2689444018e-01 3.3609272061e-02 2.2868801887e-01 9.0911672347e-02 5.0763457123e-02 8.1596098272e-02 1.4815334666e-01 -4.0659258929e-02 1.3662050455e-02 5.3185982451e-03 8.7075077890e-03 -2.6016194106e-01 5.0175009042e-02 -2.6242006744e-01 -9.1656356805e-02 6.0471449150e-02 -5.8806613136e-02 1.5423457453e-02 2.4050497124e-02 -3.3549053176e-02 6.2119170416e-02 1.0159782182e-01 1.2344792917e-01 -1.8639951939e-01 -1.5084187541e-01 -2.0088004096e-01 -3.2864325350e-01 -7.6816413972e-03 -1.3548964022e-01 4.7107389186e-02 1.9455501232e-01 2.6625459672e-02 1.1451380195e-01 9.7581363262e-02 5.0995382685e-01 1.0660293750e-01 1.9196576278e-01 -2.4515468417e-02 -2.2510215907e-01 -1.0026142004e-01 -8.8824535273e-02 -3.6496009648e-01 2.5620363896e-01 -3.7107781774e-01 2.1918813146e-01 1.7631147945e-01 -5.9705325769e-02 -2.0002288400e-01 1.0370220591e-01 1.4110312322e-01 -1.9348091747e-01 1.4157300671e-01 4.0635732532e-01 2.9148427718e-02 -9.5154594470e-02 7.4204581599e-02 1.3773645921e-01 1.9232252909e-01 6.1505495362e-02 1.1960015617e-01 9.4984933201e-02 3.0485795283e-01 2.9291016088e-01 -2.5260826800e-01 4.7110697938e-02 -5.9217376036e-03 3.6220425482e-01 -5.3802424647e-03 -1.8677330371e-01 4.9560019084e-02 1.2415869999e-02 1.1959548558e-02 -6.0079476424e-02 -1.1163935864e-01 1.6289636328e-01 1.2457141023e-01 -1.2817023004e-01 4.4095316929e-02 -3.7310294075e-02 3.6474277568e-01 -8.0311969472e-02 4.1311576032e-02 -2.0157289785e-01 -2.6935459576e-01 -8.4060465479e-02 -1.7066310355e-01 1.2907375649e-01 3.7178268000e-01 2.4333622994e-01 4.5142794513e-02 2.4757081764e-02 -1.2914745555e-02 -1.0042651266e-01 -4.3208094779e-01 1.1406691977e-01
-2.5273371987e-04 3.3846030113e-01 3.4908274081e-01 -2.3038955453e-02 -1.6476567167e-01 1.7205591921e-01 5.2059586021e-02 -1.4475390200e-01 -1.0764292849e-01 7.2024524924e-02 -8.7465652596e-02 -1.4174806812e-01 9.3654409527e-02 2.1046777091e-01 -2.8289415281e-01 -1.1541789332e-01 1.1441366648e-01 5.3550633830e-02 -1.0528133010e-01 -1.2947054647e-01 1.3873364181e-01 1.0746734409e-01 6.5999020438e-02 -1.3343667429e-01 -1.5858306681e-01 -3.2482014422e-01 7.6098947961e-02 3.4971610748e-02 -1.3031991400e-02 -8.1128777924e-02 1.0267512085e-02 -7.4542238300e-03 -2.2723013984e-01 1.8658430709e-01 4.9394673063e-02 -1.2205759424e-01 2.5583990865e-02 -1.6964138977e-01 4.1896503241e-02 1.2810994145e-01 -2.8545921075e-02 -5.5361449249e-02 -2.5219743881e-01 -3.0158551964e-02 -2.6298915815e-01 -1.7874281165e-01 -1.2248244732e-01 -1.7462633126e-01 2.9045759378e-01 -2.2100730296e-01 -4.2692497497e-02 9.1227132169e-02 1.3568715830e-01 8.0135528485e-02 -8.6514234247e-03 -2.0571089671e-01 -1.8205377768e-02 -3.8268636255e-02 1.1291880111e-01 4.2143653304e-02 -1.2898616516e-02 2.1682324308e-01 -1.9117309976e-01 -2.3335392930e-01 -7.8990679144e-02 -7.1213160567e-02 3.0523007985e-01 4.7957652542e-03 6.0957475809e-02 7.0440105609e-02 -9.6004134749e-02 1.7378600127e-02 -2.7443664150e-01 4.8067977530e-01 -1.6081901574e-01 -1.3315662170e-01 9.3123045835e-02 -2.5597601754e-01 -2.2634413973e-01 4.1448920207e-01 3.1290593525e-01 -1.8707281616e-01 6.4189017058e-02 1.7708781556e-01 -2.7586484652e-02 -4.8519062427e-02 7.0125982192e-02 -2.1464728409e-01 -6.6742983642e-02 4.6499543823e-01 2.2879769107e-02 2.8937409642e-02 -8.8884391998e-02 -3.0862797892e-01 2.0396215291e-01 -4.2759918682e-03 2.3521988233e-01 -2.5615150791e-01 3.7018991311e-01 6.1517527858e-02 -6.5675134610e-02 -4.0969291101e-02 4.8873297655e-02 -9.9722319477e-02 6.2970643315e-02 -2.3181469210e-01 2.0480440256e-01 -4.4031284058e-02 -2.9950690401e-03 -7.4902640542e-02 -7.9778274872e-02 -1.1749341059e-01 3.9021575615e-01 -1.4513662898e-04 3.6470403526e-04 9.3759753407e-02 -1.3234672993e-01 -2.3924163284e-01 3.5007881010e-01 -1.3347874259e-01 1.8144706790e-01 1.7465613458e-03 -1.3015016128e-01 5.8170897428e-03 5.6020003508e-02 1.4458821371e-01 9.7595076376e-04 -1.3718993278e-01 1.2067285068e-01 -2.2394251556e-01 3.4065082267e-02 6.2430031948e-02 9.2320384924e-02 -6.7666835385e-02 -1.7315458460e-01 -3.6952529890e-02 1.5968372696e-01 -3.2614704758e-01 -4.2585438933e-01 7.8156550216e-02 3.2127091259e-02 -5.9838487002e-02 1.3367145984e-01 3.1378287987e-02 2.6415516946e-02 -8.8859331498e-02 1.5533272231e-01 -3.0970813911e-02 -5.2181690697e-02 -6.0133724694e-02 -2.5003505932e-01 -1.4753610224e-01 2.6016895463e-01 -1.1107639756e-01 -1.7317651110e-01 7.0777658708e-03 2.7226780592e-01
-1.1226101108e-01 3.4449641765e-02 1.5989833563e-01 2.3281233801e-02 -4.5844032291e-03 1.6145384243e-01 8.3084346524e-02 -2.6754084411e-01 3.1975836579e-01 1.9195846109e-01 -1.0320556903e-02 -2.4734642455e-01 2.0801875775e-01 -2.4172755513e-02 3.0645596990e-01 -3.2174773768e-01 2.6236530928e-01 -3.5417619124e-01 1.2279305703e-01 -1.5885545618e-01 1.6662323038e-01 9.4706704364e-02 2.4768198627e-01 -2.7586068349e-01 9.8974658768e-02 -2.9549494022e-01 1.0554950419e-01 1.9741536374e-01 -1.2960835506e-01 3.7338889495e-02 1.0969518920e-01 3.7791228126e-01 -2.9560459877e-01 2.3256183068e-01 -1.6271400290e-01 -1.3171062312e-04 2.1936416853e-01 -1.5497757348e-01 -1.2580828878e-01 3.1749515841e-01 7.0580049571e-02 -2.7645016738e-01 1.7585791220e-01 2.5313256249e-01 1.9530878807e-01 2.7867398108e-01 2.2432374327e-01 -2.7645699337e-02 1.5252806087e-01 -7.2254111435e-02 -4.2268757767e-01 1.4716265773e-01 3.0016686056e-01 2.8477046828e-01 9.1263205481e-02 2.5074032226e-01 -4.5712408419e-03 3.4441875397e-01 1.3199427170e-01 -1.6420581534e-01 -3.8073683709e-03 2.1023739927e-01 2.7895552869e-02 -1.0510460291e-01 -5.8905038718e-01 -3.0592990736e-01 -1.6153312754e-01 -1.7663601084e-01 -1.7683226680e-01 -1.9422356189e-03 -1.5524871179e-02 -1.4478607603e-01 1.4677970798e-01 6.3557422233e-02 -8.6094993205e-02 -2.2324389192e-01 -1.0919144233e-01 -1.7500187131e-02 4.7907883745e-02 1.6369479668e-01 3.0028841443e-01 -3.4562065689e-01 2.6980821698e-01 1.9740757469e-01 1.1248481483e-01 1.0984804295e-01 -3.2982743407e-01 -2.3166778922e-01 -2.6302270230e-01 8.0106841858e-02 1.9643854920e-01 1.4571389374e-01 -3.3812271130e-01 -3.3143600428e-01 5.7888165034e-02 3.2145001615e-01 -5.5549936229e-01 3.2148615607e-01 6.9279896281e-02 -1.2648942627e-01 -2.0372917406e-02 1.0572741108e-03 -3.0682247001e-01 -2.3709714896e-01 2.8927644484e-01 -2.3626521482e-01 7.7105369223e-02 1.8331123021e-01 -1.2221932601e-01 -5.4814519769e-01 1.9366217571e-01 4.1710166918e-01 -5.4073839053e-02 -2.4769424952e-01 8.3776418266e-02 2.1555231856e-01 -6.6995187888e-02 -1.7979504625e-01 1.7250371427e-01 2.0297477632e-01 4.5903645607e-02 -2.5972960194e-02 6.8552320666e-02 -1.3663013552e-01 1.2837988567e-01 2.3612406252e-01 1.0796548616e-01 -3.7741296815e-02 -3.4711313458e-01 1.8262365710e-02 -7.3851274689e-02 1.2419666953e-01 5.1630635676e-02 1.0020358078e-01 -8.2528715185e-02 3.4535333457e-03 5.6607838490e-02 2.5762590487e-01 -3.3939007476e-01 -1.8655510086e-01 2.4737232457e-01 -7.7958967388e-02 2.3002036815e-01 1.5245239589e-01 1.5857524351e-01 -2.2403296175e-01 3.4729028932e-02 7.1863239055e-02 1.9228595298e-04 -2.4649756335e-02 5.0905460481e-01 -2.0443880159e-01 1.5993832978e-01 -3.9844119100e-02 1.6191263955e-01 2.0261337894e-01 2.7819887309e-01
6.2242811989e-03 1.8636921341e-01 2.4261913818e-01 7.3687156756e-02 -1.6328375840e-03 1.4452345722e-01 7.8662126662e-02 1.6697998426e-01 2.4698771742e-01 5.7470454369e-02 -6.5817491171e-02 6.8237523466e-03 -9.7742318254e-02 -2.2809179030e-01 5.7320588562e-02 -7.1522157793e-02 3.0123582231e-01 4.1715126283e-02 1.2150166528e-01 -9.7953743793e-03 -5.1505503908e-01 -3.6675573856e-01 -3.2461056301e-02 1.7510722023e-01 1.4187891210e-01 -5.5708175626e-03 -3.2659079836e-01 4.8516895983e-02 1.3951545721e-02 2.1391097718e-01 2.9999246982e-01 -6.4325986672e-02 2.5485147084e-01 -9.8654061880e-02 -2.7754422002e-02 5.9417912088e-02 -1.6502555874e-01 -9.1517471429e-02 -1.5146056067e-01 -4.2111419115e-02 -6.0618938118e-03 -1.1617113720e-01 8.8724674703e-02 7.0522942675e-02 1.6543607775e-01 -5.0058843761e-02 -1.6206129327e-04 1.9998037838e-01 2.1034953765e-02 -3.4226951534e-01 2.1862839254e-03 -3.1836598415e-02 1.2456199370e-01 -1.2041801518e-01 -1.5123044198e-01 1.5308359714e-01 -2.3941039338e-01 -1.5510982459e-01 3.4708902705e-02 -3.1502992216e-01 -7.7448795411e-02 -6.6338128585e-03 1.9582465400e-01 -1.3432510291e-01 -1.4610025082e-01 -1.4983636256e-02 8.5920906425e-02 -1.7331169602e-01 1.5607179309e-01 -1.5566174282e-01 -1.7628207087e-01 -9.4094808639e-02 1.5316602457e-02 -1.1938212712e-01 -2.6031351691e-01 -8.1763523937e-02 1.2034268077e-02 2.2527039644e-01 -3.8667100470e-02 1.1122979409e-01 1.4410369307e-01 1.0398523988e-01 -3.1470619887e-01 5.2046178422e-02 4.2404002090e-02 -4.6554742349e-02 -1.2897563510e-02 -4.0651245259e-02 -4.7679879697e-02 4.8921539367e-02 -1.9776496405e-02 -1.2993264269e-01 4.4219055979e-02 -1.7646845866e-01 -2.3975839129e-01 2.0218168713e-01 2.0177958416e-01 -1.3456841085e-01 9.9004816792e-02 2.7157997848e-01 -9.0109433342e-02 1.1913354847e-01 3.6257784971e-02 -3.8305234586e-02 -2.0113802466e-01 -2.3086672603e-01 1.0903446880e-01 -1.6583300620e-01 -1.8326429257e-02 -2.4733079533e-01 6.1261191702e-02 3.5056225761e-03 1.1207371983e-01 2.6434270385e-02 4.0946584483e-02 -1.8612368897e-01 -2.1499004108e-01 -9.6441265889e-04 -1.8966508908e-02 -9.6569696031e-02 1.1154754682e-04 7.6941316275e-02 2.4103919341e-01 5.9782661253e-02 1.5629825749e-01 -2.7259795948e-01 -3.3303067401e-01 -5.1426002149e-02 -7.2018061919e-02 -4.2614725314e-02 -3.9211574284e-02 -6.3014449414e-02 -6.1519998277e-03 -4.2119519740e-01 4.0654180220e-02 -2.3884042069e-01 -3.7174273047e-02 -1.7201108508e-02 -1.2343056715e-01 3.7003394474e-02 -1.4760248237e-01 -7.4031449307e-02 -4.7120381711e-02 -9.6137236022e-02 3.0142636904e-01 1.0745823091e-01 -5.1608721311e-02 5.1929469801e-02 -1.8977611891e-01 -2.9964677721e-01 2.9748411244e-01 -7.1211509024e-02 -1.7840096672e-01 -3.4823884424e-01 1.8909209604e-01 1.6688134829e-01 -2.8989740795e-01
4.0403767057e-01 -1.5036851981e-01 7.1912761585e-02 4.1898402713e-01 -3.0793425773e-01 -3.7653861841e-01 -1.9112479484e-01 -1.7804298455e-02 2.4575970638e-01 -2.3855818525e-01 -1.4912019440e-01 3.5727439984e-01 -1.4054245512e-01 2.6802487172e-01 -9.5238864717e-02 -2.1677657241e-01 -3.6821666142e-01 -5.9115052658e-02 -2.3492449549e-01 8.0173747473e-02 8.4974328062e-02 -4.3175455677e-01 -1.1173107102e-01 2.5920818847e-02 -1.2464953072e-01 2.9029829854e-01 4.3276683305e-02 -3.9030634255e-01 6.7311188711e-02 -8.6355777532e-02 -3.8225151087e-01 1.3424098001e-01 4.9517633311e-04 8.1101141311e-02 3.2182868852e-01 3.9440250659e-01 -3.1026168426e-01 3.1137902716e-02 -3.1163858771e-02 -5.6839839948e-02 -2.7417571405e-01 1.2607818289e-01 -2.2198057211e-01 -1.3045373066e-01 3.9064471778e-01 2.6274433180e-01 8.9372347133e-03 -2.8596104459e-01 8.5797270827e-02 -5.7370101855e-02 2.1455249348e-01 -2.5408312058e-01 1.8823414855e-02 3.2272097662e-01 -2.2200978146e-01 -8.9990118312e-02 -7.1973531828e-04 2.8290324036e-01 -3.9073091046e-02 2.9623247532e-01 -1.7327931878e-01 -2.5670587793e-01 2.2288873528e-02 1.3697525376e-01 -1.6021093294e-02 1.5403930889e-01 1.0753349523e-01 -6.9494650448e-02 -1.2879828865e-01 -3.8644741671e-01 2.4745461170e-02 4.2154152412e-01 -1.2503341227e-01 2.3260626991e-03 -1.8679129580e-01 2.4970464658e-01 2.1442096668e-01 -3.8115400034e-01 4.2960132020e-02 -5.3866528043e-04 3.4155584685e-02 1.4060240068e-01 -2.8521860525e-03 9.7300049176e-02 7.2581447030e-02 -1.6065475357e-02 4.1028725152e-01 -1.8367417102e-01 1.3524286512e-01 2.9493774814e-02 -5.4770055042e-02 -2.3055934187e-01 3.6417920026e-01 -1.2859579631e-01 3.0515534702e-01 -7.4036810259e-02 -2.6009915891e-01 1.1992993211e-01 1.6654355609e-01 -2.8613642098e-01 9.0864261473e-02 -3.3037231834e-02 -1.8449990055e-01 1.6046065832e-01 -3.0554339050e-01 1.4885052173e-01 -2.7938663168e-02 2.8047069893e-02 1.6110026123e-01 -3.2218636375e-01 -1.3029747369e-01 1.3221842568e-01 -6.2432527325e-02 1.7765356857e-01 6.2706769549e-02 5.6108008293e-02 -6.1890850132e-02 2.7274352655e-02 -1.0381473956e-01 -5.6125145479e-02 9.8202745435e-02 4.4258721443e-02 1.5455390097e-01 -1.4820702916e-01 8.4413300036e-02 4.7842314408e-02 -1.7592786738e-01 -1.3156388668e-01 -7.6097840362e-03 1.7854889568e-01 -1.2913769038e-01 -3.0863358074e-01 2.0169598668e-02 -2.8361030459e-01 -1.3957178242e-01 -3.2315866280e-01 2.7999798372e-01 2.5034079354e-01 -1.6386713874e-01 2.1898091370e-01 1.1416499217e-01 -1.6050992976e-01 -1.4776347159e-01 5.6692690292e-01 -5.4033566586e-02 -2.2945391935e-01 1.4763255999e-01 -2.4833199660e-02 2.8454498192e-01 4.0416464668e-02 -1.2577094392e-01 -2.3182949736e-01 -3.6693044570e-01 5.6725687396e-02 -8.5392764363e-02 -2.7613002757e-01 -8.1023984730e-02
9.7232211191e-03 1.0444786694e-01 9.4189051489e-03 -4.1707157071e-03 -7.7539336152e-02 9.8673841589e-02 -3.5626901854e-01 -5.4489567135e-02 2.0476552354e-01 1.0372409836e-01 -7.4642282772e-03 -2.1664485105e-03 3.8319256603e-01 1.0091800743e-01 -1.5148110174e-01 -1.5271396582e-01 -1.6007086576e-01 -8.0877480114e-02 -1.2767511326e-01 -5.4968899511e-02 4.3128247815e-01 5.0910845483e-02 7.7658388989e-02 -2.6927582425e-01 5.7648583579e-02 2.3944435709e-01 1.4117342498e-01 4.3002734385e-02 -6.2032619463e-02 3.1372860428e-02 1.1813739345e-01 -1.1578065815e-01 1.2097791805e-01 1.6596391911e-01 -9.9845264312e-02 -1.7184106510e-01 -1.0447551563e-01 1.0596699838e-01 3.4365163354e-01 -8.1576303244e-02 1.3079289353e-01 -2.9998889230e-02 -1.0203367017e-01 1.0396272496e-01 3.3083475686e-01 -7.3118978257e-02 1.5584573660e-01 1.2015361652e-01 -5.8777491565e-02 -1.6379120320e-01 5.2309854757e-04 -6.5562993634e-02 -1.0522504946e-01 -7.2967471155e-02 -2.1599166460e-01 -2.1720928682e-01 2.9280549484e-01 -1.1393420776e-01 3.1126969164e-01 2.0975403485e-01 -3.6756213599e-02 -4.9371490091e-02 -6.9900370926e-02 5.8390396330e-02 1.7876942563e-01 4.7128129647e-02 2.8202003804e-01 2.3571307216e-01 1.3925279083e-01 -1.5509018384e-01 -1.1758744624e-01 3.3028470967e-01 1.0715741169e-01 2.9459829780e-01 1.5734964053e-01 -1.5287495111e-02 -5.9907766827e-02 1.3005086620e-01 4.0322887093e-01 2.2168213030e-02 3.7465429817e-02 -3.1889725455e-02 -1.2452745428e-01 -2.8633325800e-02 -9.8597380905e-02 -6.6269458166e-02 -8.1029231582e-02 1.3260279621e-01 -1.0083617046e-01 7.1910785916e-03 -1.5540650258e-01 2.9029105902e-01 -2.1441800362e-01 1.0333014248e-01 1.7855897029e-01 -2.8535779427e-01 2.2016394269e-03 3.4913436648e-01 -1.1088129803e-01 9.7776660562e-02 1.5442279914e-01 -1.8329123498e-01 -1.8280964410e-03 1.8766924927e-01 1.8999201015e-01 -1.1998607705e-01 -1.6175979821e-01 1.9973851780e-01 1.9995774194e-01 4.4177822173e-01 -2.5958080056e-02 1.2821647351e-02 1.0875447809e-01 5.8118880864e-03 2.5562540028e-01 3.2879398782e-01 7.4861584330e-02 8.9641687964e-02 -8.8242658011e-02 1.2649933817e-01 3.5399996142e-01 -1.3559307578e-02 -4.1993461621e-04 -6.8803685985e-02 -1.0286593943e-01 -2.5375508732e-01 4.8840783109e-02 -2.3509636431e-01 -9.6699988242e-02 -2.6941758183e-02 -1.0696905685e-01 -9.0156269016e-02 -1.9532227630e-02 -1.1223336251e-01 6.5277084687e-02 1.5598512189e-01 -2.5273397878e-02 2.0646716218e-01 5.7506782074e-03 -1.5836646229e-01 -2.4016094558e-02 -1.8577358976e-02 -7.0004935880e-02 9.8747293055e-02 -9.8919102024e-02 -4.2244354384e-01 -3.1992384031e-01 7.8795164329e-02 -3.6352977709e-01 2.2950241209e-01 1.6780775848e-01 -1.5144915589e-01 -1.9064647099e-01 2.2708144431e-01 -2.6380005015e-02 4.4626344467e-02 1.0596710545e-01
7.7328815477e-03 -2.0262155950e-01 -1.1324631457e-01 1.8290842146e-01 -4.1360228352e-01 1.7387847497e-01 3.4629505175e-01 -1.2456006187e-01 9.8131739314e-02 1.5180514974e-01 -3.6803814656e-01 -7.2463532330e-02 -2.3356394175e-02 2.6820987724e-01 -5.2394500317e-02 2.6014740367e-01 6.5917929287e-02 1.5327004099e-01 1.0361559500e-01 -3.3996929165e-01 -1.8705829698e-01 -4.0489306438e-01 -4.2914979944e-01 4.4834985356e-01 1.5256215349e-02 -6.0074879565e-02 -9.3240750045e-02 -1.2747729190e-01 1.1201130669e-01 1.4792799743e-01 -2.2165485463e-01 -4.4385368469e-02 1.0840035886e-01 1.5328234459e-01 -6.4471266697e-02 -8.8722374190e-02 5.2993962975e-02 -2.1060303085e-01 4.8558578705e-02 3.0349054393e-01 -6.6371899695e-02 -7.0179498202e-02 -9.5957736198e-02 -2.1037105377e-01 3.8475879132e-02 -3.4810520734e-02 -2.7978533242e-01 -5.1402319224e-02 -4.1015253218e-03 4.9071423289e-02 4.1287778244e-02 1.3922532855e-01 -9.7315831331e-02 -2.2044938980e-01 7.3700101481e-02 -1.5221323308e-01 -2.2190267780e-02 -1.2419328640e-01 -2.0810901593e-01 -1.9687402453e-01 1.8540234372e-01 1.2676022808e-01 1.9471070123e-01 -2.5478313989e-01 -3.4798698059e-02 -1.5684246065e-01 3.7695435741e-01 1.2878560463e-01 -2.2834306424e-02 -3.1824528020e-01 -6.7016726509e-02 7.1654803068e-02 4.0674941170e-01 -1.6688956844e-01 1.6096116334e-01 -6.5127766381e-02 9.4869380775e-02 1.2114683202e-02 1.5514723530e-02 1.9474380622e-01 2.1166268964e-01 1.4859470377e-01 -4.7784626648e-02 6.4307110145e-02 2.1865158322e-01 -2.5966765333e-02 3.3207614723e-01 3.4177807368e-02 1.4055289680e-02 -9.0730603398e-02 9.3439922304e-03 -1.9065192715e-01 1.1592948844e-01 -1.5419362350e-02 -1.0006909144e-01 -8.7676947640e-02 3.2583729415e-02 2.1023757590e-01 -2.0092640875e-01 6.8684866260e-02 -6.6190387420e-02 2.4021716435e-01 2.9958364832e-01 -2.3869953571e-01 8.3411816844e-02 -3.9234658447e-02 -2.2822471674e-02 2.3342979176e-01 1.4949798060e-01 8.3122589245e-02 -9.5180428988e-02 -3.7843770384e-01 2.9818667668e-02 1.5699684413e-01 2.5032686754e-01 2.6356848428e-01 2.5321580019e-01 2.6718502814e-01 -9.4041704823e-02 -3.4268068360e-01 5.9515665744e-02 5.9668075973e-02 1.3608707914e-01 2.9271168490e-01 2.1101807693e-01 1.9470701529e-01 2.4283868442e-02 2.2965456983e-01 -1.3467064623e-01 4.9109418230e-01 -2.9621802330e-01 1.8701282087e-01 -2.8292773788e-01 -1.6853406068e-01 9.5255329832e-02 1.9591237243e-01 2.0544834885e-01 -4.7046221374e-02 7.2267451234e-02 2.1798881550e-01 -1.3231489609e-01 -1.4028471179e-01 1.9638173664e-02 3.8675431992e-02 -4.7975766393e-02 4.5977291018e-02 -7.0594422030e-02 1.4528254160e-04 4.0254391535e-01 8.1371810945e-02 -7.9567061287e-03 -8.2073279693e-02 -1.5515728625e-02 1.4043061101e-01 -7.7305443805e-02 -6.9935619146e-02 -6.4248309515e-02
