1.3419959982e+00
5.5898984886e-02
-1.8550389351e+00
-8.6254275324e-01
-1.5241554452e-01
2.5741297833e+00
-1.4639606115e+00
-3.0913800526e-01
-5.4844224185e-01
-1.3991033097e+00
2.1570385058e+00
1.7024692720e+00
-2.6783903513e-02
2.3238771462e+00
-2.6665434595e-01
2.7576100280e-01
-3.7243702737e-01
8.5739455239e-01
4.5882323712e-01
1.9115417822e-01
-1.1412175414e+00
-1.4502783698e+00
5.0803296406e-01
9.9200937842e-01
1.2262291356e+00
1.1409598317e+00
-5.0754745488e-01
-4.1880048649e-01
1.1543189126e+00
-1.6725095817e+00
-1.2500026552e+00
-8.5881184914e-01
-5.6745562621e-01
9.5496286100e-01
1.6021884447e+00
-1.5810701063e+00
1.9746555453e+00
-1.6767725004e-01
2.2021718620e-01
-7.9075476774e-01
2.3357250890e+00
-4.3027350692e-02
9.7324852773e-01
-5.6594700273e-01
-2.3957995786e+00
-7.7459319215e-01
-6.6152738074e-01
-5.7997524215e-01
-9.0161793139e-01
-3.3405212133e-01
-4.1335446112e-01
-1.4787827016e-01
5.3453383648e-01
1.1192940764e+00
-1.5027971429e+00
3.8434889280e-01
-1.3208192830e+00
-1.7872279743e+00
1.2677763283e+00
5.4649628756e-01
-2.2679425424e+00
1.8670205798e+00
-3.7768853008e-01
-5.9988848211e-01
-5.3199301774e-01
-4.3807935710e-01
-9.6047383653e-01
2.4903297498e+00
1.3253333696e+00
6.1182371789e-01
5.3519922391e-01
1.7472724383e-01
6.9824486276e-01
-1.3619758954e+00
-1.0981181749e-01
-2.1008086585e-01
-1.6448397181e+00
-9.8723116225e-01
-1.0610167407e+00
1.7806024312e-01
-1.2386245935e-01
-1.1919104214e+00
-3.1998279483e-01
6.3949585786e-01
-7.6465185079e-03
-1.1964719668e-01
1.6271845603e-01
-1.0959247244e+00
-3.2561113827e-01
1.2424826848e+00
7.5631369892e-01
-1.0215420194e+00
1.2309675147e+00
8.4079703133e-01
-7.8183835714e-01
-2.1553974227e+00
2.2961731757e+00
7.4826686836e-01
1.2098159308e-01
1.5380992564e+00
-1.1730697589e+00
-3.2383404728e-01
1.4606509928e+00
8.3727334808e-01
-5.7070317963e-01
-2.1780960566e+00
9.5876244003e-02
5.9634076794e-01
2.9210285863e-02
-1.5969668547e+00
1.1323205627e+00
-1.1123057950e+00
-9.6333157302e-01
7.2815606986e-01
4.7170576637e-01
1.4303847980e+00
7.2298571998e-01
1.2978919043e+00
-3.5493233104e-01
7.9396343320e-01
1.0997225029e+00
6.7556074582e-01
6.8441731288e-01
-6.5743574552e-01
1.9400383312e-01
-9.8979379653e-01
3.9063015981e-01
1.7254351145e+00
1.5225256912e-01
-1.9342892095e+00
1.3089053227e-01
-8.4463973893e-01
-4.3608065601e-01
-5.1398591163e-02
5.3776714652e-01
7.0238590660e-01
-4.7985626209e-01
6.1898237231e-01
-1.0093728152e+00
-3.0185193321e-01
5.2444847927e-01
-9.2737074486e-01
1.5973269080e+00
-6.0525765330e-01
5.8737938212e-01
-5.7617232718e-01
-2.0530099333e+00
3.1335273830e-01
-6.4182954850e-01
1.1238181006e+00
7.3537669423e-01
6.2371189531e-02
3.6536572413e-02
-2.2654725884e+00
2.2939783893e-01
5.1909563133e-01
3.1699629316e-01
1.2536815349e+00
-6.0555286472e-01
3.7061701774e-01
1.5584379810e-01
6.8527548579e-01
-1.7763358438e+00
1.4555581010e-01
1.0008656519e+00
1.9079264568e+00
-1.2651212265e+00
-1.4673583537e+00
-6.8673216670e-01
-1.5200207835e+00
-4.7326168450e-01
-3.8601360346e-01
-5.4678251621e-01
1.2883004608e+00
-5.4358505534e-02
-5.8844581864e-01
-1.2056549934e+00
2.0705633458e-01
-1.4398304709e+00
4.5863390434e-01
7.4755201200e-01
-7.7576524398e-01
1.1651563637e+00
-2.2790731996e+00
-1.6130443805e+00
-1.4709263308e+00
-6.3390789313e-01
-2.1091412853e+00
1.4175186626e+00
1.5262782693e+00
2.5355940284e-01
-1.5548219855e-01
-2.4017347406e+00
-2.2517551472e+00
-1.6718644698e+00
1.3817793001e+00
-2.2446194294e-01
2.6989826807e+00
-7.4705301730e-01
5.8550748113e-01
-9.1369196890e-01
3.7192326543e-02
9.0678894571e-01
-4.8104028608e-01
-7.3424014202e-01
9.9801153942e-01
1.4748099319e+00
7.0684081896e-01
-3.3750395858e-01
-8.8781424478e-02
2.2834358316e-01
9.4846273449e-01
-1.8900800174e-01
4.4429042934e-01
-5.7252981210e-01
-2.1146964334e+00
5.8082704147e-01
-1.4335004466e-01
1.9290501976e+00
-2.3747962537e-01
-1.5533117572e+00
6.1455818563e-01
8.2061448023e-01
-4.8238479038e-01
5.1919553426e-01
5.8778457870e-01
1.8664781852e+00
-8.0564266738e-01
5.1295235880e-01
-6.3857671258e-01
1.7066286225e+00
3.9243945040e-01
1.3713679192e+00
-6.3545074332e-02
2.0080413874e-01
-6.7154588209e-01
1.2990257524e+00
6.7295808982e-01
2.9080991986e-01
-1.6262637749e+00
