-5.4180804610e-01
-9.0944932403e-01
-9.7746498455e-01
-2.1568816813e-01
-1.2349418035e+00
-1.1117908441e-01
1.3942143233e+00
1.9472185060e+00
-2.5690277618e-02
9.5427935788e-02
-2.1093510767e+00
1.6711255276e+00
7.5769748587e-01
-9.6663238753e-01
8.2743403059e-01
1.7331600521e-01
-1.1948544949e+00
7.3884499925e-01
-1.1405880437e+00
1.3494344969e+00
-1.8824446697e+00
1.0499024011e+00
-2.0387223347e-01
8.5549428822e-01
1.6661992895e+00
-3.9442023015e-01
1.3538542982e+00
2.8251776644e-01
-1.6375553476e-01
-8.6524447353e-01
-1.2228257211e+00
-8.3403982489e-01
3.8578779375e-01
-9.5394157801e-02
3.1118054989e-01
1.7828945942e+00
5.1970888956e-03
-5.6233668828e-01
9.8683788438e-01
2.1679235664e-01
-3.7644041961e-01
1.2596639796e-01
5.5256069351e-02
6.0737661004e-02
-4.2966611786e-01
-6.4762507299e-01
1.9985460939e+00
8.1194914008e-01
4.2697031414e-01
-1.8919597447e-01
8.2393396585e-01
4.9112929269e-01
-1.2334121620e+00
4.3278969958e-02
1.6356698584e+00
-4.6176889575e-01
1.4060639218e+00
2.0088509938e+00
-9.4621386839e-01
-1.5182742072e-01
-3.3423641800e-01
4.6275059200e-01
-9.2645331285e-01
-2.6832296419e+00
-1.9836422254e-01
-3.0024385431e-02
-1.4202906918e+00
9.8683159647e-01
1.7034763303e+00
1.2688967009e+00
-2.0746208270e+00
-1.2137992050e-01
-1.4135673434e+00
-6.6079948754e-01
-1.5670888864e+00
5.5137174620e-01
6.6067166407e-01
-3.9828677407e-01
5.3800356764e-02
-1.2003678918e+00
-3.0112589241e-01
7.9575741707e-01
-1.3077017980e+00
-7.5100414934e-01
9.1457834228e-01
1.6923355092e-01
2.6734402107e-01
7.8488489409e-02
-5.2991951890e-01
-2.6063145316e+00
-8.1613756354e-01
-4.9965449011e-01
5.0628014563e-01
8.0038499418e-01
1.5305123960e-01
2.6349912124e-01
5.5846186160e-01
-2.2547284963e-01
-1.2428674331e+00
-9.4006656185e-01
-9.5126136310e-01
-1.0931657198e+00
1.5054070343e-02
-6.9067184693e-01
1.3241515401e+00
-1.5807515432e-01
-4.6791673074e-01
1.1869443926e-01
4.2315604451e-01
5.7898401993e-03
1.8662882560e-01
1.3650814022e-01
6.0112838181e-02
-1.3279678746e+00
3.4011215434e-01
1.4920797734e+00
6.8600281748e-01
-8.2086679212e-01
-8.6903397506e-02
-5.9327073721e-02
-4.3305233780e-01
-4.0552831621e-01
-1.6996074995e+00
-3.7475394790e-01
-1.0138268247e+00
