# k (h_fid/Mpc) | Pk_{ell=0,2,4} (Mpc/h_fid)^3
1.500000e-02	3.489493e+04	1.635766e+04	-3.897971e+01
2.500000e-02	3.207895e+04	2.241651e+04	7.831971e+03
3.500000e-02	2.463360e+04	1.449282e+04	3.249171e+02
4.500000e-02	1.918391e+04	1.065538e+04	-1.253391e+03
5.500000e-02	1.626968e+04	8.881237e+03	8.563586e+02
6.500000e-02	1.477884e+04	8.685107e+03	9.671795e+02
7.500000e-02	1.252124e+04	6.414884e+03	6.610255e+02
8.500000e-02	1.073392e+04	6.277038e+03	6.856117e+02
9.500000e-02	8.819541e+03	4.925387e+03	8.460434e+01
1.050000e-01	7.479331e+03	4.202847e+03	4.348357e+01
1.150000e-01	6.710352e+03	3.647114e+03	5.165207e+02
1.250000e-01	6.187113e+03	3.540386e+03	1.785249e+02
1.350000e-01	5.623570e+03	2.846637e+03	2.904493e+02
1.450000e-01	5.034352e+03	2.733594e+03	5.048955e+01
1.550000e-01	4.424444e+03	2.362989e+03	1.253774e+02
1.650000e-01	3.968335e+03	2.151766e+03	1.862252e+02
1.750000e-01	3.635367e+03	1.964405e+03	2.479649e+02
1.850000e-01	3.397197e+03	1.829691e+03	2.163951e+02
1.950000e-01	3.172456e+03	1.660284e+03	2.038425e+02
