# k (h_fid/Mpc) | Pk_{ell=0,2,4} (Mpc/h_fid)^3
1.500000e-02	3.456254e+04	1.732301e+04	5.135246e+03
2.500000e-02	3.042012e+04	1.633346e+04	1.978352e+02
3.500000e-02	2.482483e+04	1.480628e+04	-1.814945e+02
4.500000e-02	1.924410e+04	1.091023e+04	-1.442928e+03
5.500000e-02	1.659551e+04	9.935405e+03	1.840101e+03
6.500000e-02	1.452608e+04	8.161313e+03	2.041591e+03
7.500000e-02	1.271381e+04	7.084126e+03	6.130222e+02
8.500000e-02	1.068268e+04	5.872309e+03	4.333663e+02
9.500000e-02	8.691928e+03	4.729981e+03	4.568024e+01
1.050000e-01	7.372261e+03	3.988920e+03	3.387434e+02
1.150000e-01	6.635442e+03	3.728022e+03	7.427282e+02
1.250000e-01	6.122886e+03	3.343112e+03	1.202247e+02
1.350000e-01	5.615036e+03	2.979676e+03	4.087593e+02
1.450000e-01	5.001713e+03	2.892030e+03	2.068970e+02
1.550000e-01	4.445359e+03	2.550133e+03	3.050105e+02
1.650000e-01	3.952204e+03	2.170192e+03	1.680764e+02
1.750000e-01	3.646546e+03	1.966115e+03	1.599911e+02
1.850000e-01	3.375278e+03	1.809087e+03	1.491268e+02
1.950000e-01	3.137183e+03	1.637274e+03	2.045640e+02
