# k (h_fid/Mpc) | Pk_{ell=0,2,4} (Mpc/h_fid)^3
1.500000e-02	3.266974e+04	1.021161e+04	1.477439e+03
2.500000e-02	3.221176e+04	1.709851e+04	-2.793647e+03
3.500000e-02	2.465065e+04	1.224025e+04	1.065584e+03
4.500000e-02	1.921483e+04	9.539969e+03	5.200541e+02
5.500000e-02	1.667776e+04	9.665473e+03	1.370237e+03
6.500000e-02	1.424463e+04	8.132253e+03	6.987761e+02
7.500000e-02	1.267515e+04	7.018590e+03	6.375893e+02
8.500000e-02	1.063104e+04	5.859814e+03	5.021117e+02
9.500000e-02	8.843281e+03	4.672506e+03	2.198545e+02
1.050000e-01	7.561415e+03	4.053276e+03	-8.373821e+01
1.150000e-01	6.713525e+03	3.615012e+03	4.185867e+02
1.250000e-01	6.200040e+03	3.404692e+03	-1.783508e+01
1.350000e-01	5.649514e+03	2.979213e+03	1.723672e+02
1.450000e-01	5.009519e+03	2.525455e+03	1.396634e+02
1.550000e-01	4.393000e+03	2.421348e+03	2.843864e+02
1.650000e-01	3.969480e+03	2.169448e+03	2.554498e+02
1.750000e-01	3.634555e+03	1.914480e+03	3.010832e+02
1.850000e-01	3.387459e+03	1.791302e+03	3.070690e+02
1.950000e-01	3.164446e+03	1.624737e+03	1.415849e+02
