# k (h_fid/Mpc) | Pk_{ell=0,2,4} (Mpc/h_fid)^3
1.500000e-02	3.430708e+04	1.409841e+04	-3.084215e+03
2.500000e-02	3.089847e+04	1.801638e+04	-2.872746e+03
3.500000e-02	2.468281e+04	1.599331e+04	1.369300e+03
4.500000e-02	1.944921e+04	1.169786e+04	-4.388295e+02
5.500000e-02	1.640947e+04	8.443425e+03	-4.092187e+02
6.500000e-02	1.465428e+04	8.463599e+03	2.883069e+02
7.500000e-02	1.263528e+04	6.402224e+03	1.281065e+01
8.500000e-02	1.062163e+04	5.960501e+03	3.810701e+02
9.500000e-02	8.773578e+03	4.724344e+03	5.602198e+02
1.050000e-01	7.544637e+03	4.425610e+03	2.222250e+02
1.150000e-01	6.697339e+03	3.788037e+03	3.305413e+02
1.250000e-01	6.211911e+03	3.346934e+03	1.254022e+02
1.350000e-01	5.660831e+03	3.062420e+03	3.749223e+02
1.450000e-01	5.059762e+03	2.766462e+03	2.357520e+02
1.550000e-01	4.399502e+03	2.406836e+03	1.596300e+02
1.650000e-01	3.978628e+03	2.202069e+03	2.370187e+02
1.750000e-01	3.637080e+03	2.001514e+03	2.438715e+02
1.850000e-01	3.364557e+03	1.757718e+03	1.088052e+02
1.950000e-01	3.172934e+03	1.649704e+03	2.354112e+02
