# k (h_fid/Mpc) | Pk_{ell=0,2,4} (Mpc/h_fid)^3
1.500000e-02	3.327456e+04	1.918676e+04	2.905042e+03
2.500000e-02	3.242722e+04	2.156885e+04	4.006155e+03
3.500000e-02	2.409576e+04	1.431044e+04	2.559325e+03
4.500000e-02	1.924036e+04	1.035273e+04	-9.605321e+02
5.500000e-02	1.661220e+04	9.605990e+03	4.355845e+01
6.500000e-02	1.457405e+04	7.841523e+03	-2.581325e+01
7.500000e-02	1.278369e+04	7.223903e+03	1.014353e+03
8.500000e-02	1.057252e+04	5.942490e+03	-4.230181e+02
9.500000e-02	8.696264e+03	4.818171e+03	4.545885e+02
1.050000e-01	7.393260e+03	3.861293e+03	-1.133378e+02
1.150000e-01	6.697037e+03	3.634176e+03	5.703307e+02
1.250000e-01	6.082269e+03	3.185769e+03	4.418442e+02
1.350000e-01	5.654369e+03	3.048751e+03	3.017582e+02
1.450000e-01	5.023678e+03	2.665788e+03	1.270778e+02
1.550000e-01	4.423460e+03	2.408508e+03	2.486156e+02
1.650000e-01	3.966110e+03	2.078906e+03	3.396189e+02
1.750000e-01	3.611284e+03	1.915579e+03	1.598530e+02
1.850000e-01	3.392007e+03	1.781164e+03	1.667652e+02
1.950000e-01	3.151226e+03	1.575568e+03	1.667716e+02
