# k (h_fid/Mpc) | Pk_{ell=0,2,4} (Mpc/h_fid)^3
1.500000e-02	4.079688e+04	3.233003e+04	3.564609e+03
2.500000e-02	3.080525e+04	1.493526e+04	-3.998827e+03
3.500000e-02	2.474257e+04	1.464273e+04	1.258577e+03
4.500000e-02	1.898087e+04	1.038571e+04	-2.116517e+03
5.500000e-02	1.612492e+04	8.968772e+03	1.465480e+03
6.500000e-02	1.465848e+04	8.812250e+03	6.680504e+02
7.500000e-02	1.263447e+04	6.379753e+03	6.773587e+02
8.500000e-02	1.067703e+04	5.777419e+03	1.455231e+02
9.500000e-02	8.774580e+03	4.860030e+03	3.196567e+01
1.050000e-01	7.300268e+03	3.871125e+03	1.042613e+02
1.150000e-01	6.701921e+03	3.782386e+03	7.637205e+02
1.250000e-01	6.158627e+03	3.319793e+03	2.636110e+02
1.350000e-01	5.646907e+03	2.953632e+03	2.602795e+02
1.450000e-01	5.024576e+03	2.683960e+03	1.658880e+02
1.550000e-01	4.425496e+03	2.421635e+03	2.157593e+02
1.650000e-01	3.940910e+03	2.154216e+03	2.555181e+02
1.750000e-01	3.593976e+03	1.875856e+03	2.332845e+02
1.850000e-01	3.379225e+03	1.805846e+03	2.500196e+02
1.950000e-01	3.173230e+03	1.636454e+03	1.278982e+02
