# k (h_fid/Mpc) | Pk_{ell=0,2,4} (Mpc/h_fid)^3
1.500000e-02	3.506355e+04	2.479178e+04	1.834530e+04
2.500000e-02	3.125785e+04	1.773451e+04	-4.344598e+03
3.500000e-02	2.379118e+04	1.375083e+04	3.705506e+03
4.500000e-02	1.921535e+04	1.076119e+04	5.733417e+02
5.500000e-02	1.643706e+04	9.105651e+03	1.690608e+03
6.500000e-02	1.438462e+04	8.247547e+03	1.485438e+03
7.500000e-02	1.280930e+04	6.770107e+03	3.817653e+02
8.500000e-02	1.058323e+04	5.510929e+03	4.786632e+02
9.500000e-02	8.814670e+03	4.955221e+03	7.375906e+02
1.050000e-01	7.507787e+03	4.200620e+03	1.947352e+02
1.150000e-01	6.682937e+03	3.406130e+03	4.318900e+02
1.250000e-01	6.192805e+03	3.264691e+03	1.244486e+02
1.350000e-01	5.660703e+03	2.880926e+03	3.372669e+02
1.450000e-01	4.975787e+03	2.584199e+03	1.448329e+02
1.550000e-01	4.444711e+03	2.419638e+03	2.955294e+02
1.650000e-01	3.935860e+03	2.115352e+03	2.429776e+02
1.750000e-01	3.619470e+03	1.925619e+03	2.080432e+02
1.850000e-01	3.388742e+03	1.758319e+03	1.497077e+02
1.950000e-01	3.146785e+03	1.584102e+03	2.243197e+02
