# k (h_fid/Mpc) | Pk_{ell=0,2,4} (Mpc/h_fid)^3
1.500000e-02	3.669892e+04	2.481121e+04	1.429223e+03
2.500000e-02	3.275183e+04	2.233071e+04	5.154186e+03
3.500000e-02	2.455996e+04	1.398551e+04	1.875621e+03
4.500000e-02	1.881282e+04	7.770891e+03	-1.112361e+03
5.500000e-02	1.658262e+04	9.421726e+03	1.804732e+03
6.500000e-02	1.450319e+04	7.396479e+03	-8.709477e+02
7.500000e-02	1.271203e+04	6.949613e+03	1.107488e+03
8.500000e-02	1.046210e+04	5.769705e+03	4.631529e+02
9.500000e-02	8.706886e+03	4.866668e+03	7.763508e+02
1.050000e-01	7.454676e+03	4.069623e+03	-1.169700e+01
1.150000e-01	6.617989e+03	3.648775e+03	5.811020e+02
1.250000e-01	6.199984e+03	3.167997e+03	3.604657e+02
1.350000e-01	5.620801e+03	2.992048e+03	2.607211e+02
1.450000e-01	5.023628e+03	2.617764e+03	-2.844011e+01
1.550000e-01	4.380212e+03	2.292114e+03	1.389239e+02
1.650000e-01	3.992802e+03	2.116013e+03	1.844080e+02
1.750000e-01	3.630529e+03	1.930568e+03	2.040677e+02
1.850000e-01	3.405508e+03	1.830606e+03	1.562851e+02
1.950000e-01	3.140671e+03	1.656840e+03	1.819103e+02
