# k (h_fid/Mpc) | Pk_{ell=0,2,4} (Mpc/h_fid)^3
1.500000e-02	3.635128e+04	2.428054e+04	7.247090e+03
2.500000e-02	3.113394e+04	2.019027e+04	2.713705e+03
3.500000e-02	2.452835e+04	1.408760e+04	3.945822e+02
4.500000e-02	1.889699e+04	1.113637e+04	-1.151883e+03
5.500000e-02	1.676422e+04	9.616522e+03	1.015382e+03
6.500000e-02	1.467040e+04	8.579618e+03	1.548117e+02
7.500000e-02	1.274224e+04	6.651541e+03	5.593403e+02
8.500000e-02	1.064666e+04	5.995666e+03	2.800797e+02
9.500000e-02	8.799134e+03	4.755174e+03	1.824956e+02
1.050000e-01	7.431704e+03	4.150992e+03	-1.252327e+01
1.150000e-01	6.631337e+03	3.571540e+03	4.498214e+02
1.250000e-01	6.171253e+03	3.424804e+03	3.316067e+02
1.350000e-01	5.635465e+03	2.974692e+03	2.297156e+02
1.450000e-01	5.000688e+03	2.613904e+03	1.364685e+02
1.550000e-01	4.437764e+03	2.456899e+03	3.028413e+02
1.650000e-01	3.970504e+03	2.155846e+03	1.913107e+02
1.750000e-01	3.622019e+03	1.930333e+03	2.440537e+02
1.850000e-01	3.389621e+03	1.801748e+03	1.310532e+02
1.950000e-01	3.163812e+03	1.695478e+03	2.016408e+02
