# k (h_fid/Mpc) | Pk_{ell=0,2,4} (Mpc/h_fid)^3
1.500000e-02	3.401461e+04	2.012820e+04	1.058655e+04
2.500000e-02	3.071046e+04	1.815054e+04	4.823426e+02
3.500000e-02	2.436978e+04	1.398022e+04	2.388637e+02
4.500000e-02	1.990078e+04	1.167828e+04	-1.946573e+03
5.500000e-02	1.637356e+04	9.092908e+03	3.072620e+02
6.500000e-02	1.461918e+04	8.509784e+03	5.676476e+02
7.500000e-02	1.254541e+04	7.046667e+03	-2.845361e+02
8.500000e-02	1.077321e+04	5.967798e+03	3.519838e+02
9.500000e-02	8.588337e+03	4.678911e+03	1.966144e+02
1.050000e-01	7.433012e+03	3.959722e+03	3.554586e+02
1.150000e-01	6.729835e+03	3.477032e+03	4.521463e+02
1.250000e-01	6.163471e+03	3.191137e+03	1.936996e+02
1.350000e-01	5.663827e+03	2.987457e+03	4.648037e+02
1.450000e-01	5.004964e+03	2.648744e+03	1.620610e+02
1.550000e-01	4.411324e+03	2.374583e+03	2.559666e+02
1.650000e-01	3.949135e+03	2.129852e+03	1.408198e+02
1.750000e-01	3.635185e+03	1.969658e+03	2.740461e+02
1.850000e-01	3.375220e+03	1.813889e+03	2.593867e+02
1.950000e-01	3.139463e+03	1.582767e+03	1.602035e+02
