# k (h_fid/Mpc) | Pk_{ell=0,2,4} (Mpc/h_fid)^3
1.500000e-02	3.535165e+04	2.241392e+04	-4.781051e+03
2.500000e-02	3.249639e+04	1.703566e+04	-7.337102e+02
3.500000e-02	2.406274e+04	1.336958e+04	-2.311717e+03
4.500000e-02	1.926056e+04	1.135811e+04	6.218562e+02
5.500000e-02	1.653969e+04	9.747042e+03	1.521497e+03
6.500000e-02	1.477498e+04	7.594221e+03	1.802179e+01
7.500000e-02	1.282139e+04	7.132670e+03	7.135235e+02
8.500000e-02	1.058526e+04	5.735082e+03	3.679025e+02
9.500000e-02	8.589334e+03	4.600865e+03	4.657678e+02
1.050000e-01	7.506327e+03	4.293870e+03	1.502697e+02
1.150000e-01	6.678136e+03	3.730097e+03	4.075708e+02
1.250000e-01	6.156610e+03	3.270432e+03	2.160798e+02
1.350000e-01	5.622147e+03	2.863603e+03	2.194534e+02
1.450000e-01	5.030016e+03	2.606746e+03	1.808646e+02
1.550000e-01	4.456336e+03	2.409710e+03	2.616386e+02
1.650000e-01	3.932351e+03	2.105776e+03	1.477759e+02
1.750000e-01	3.645546e+03	1.964876e+03	2.167938e+02
1.850000e-01	3.379113e+03	1.859007e+03	1.978253e+02
1.950000e-01	3.140992e+03	1.625358e+03	7.727713e+01
