# k (h_fid/Mpc) | Pk_{ell=0,2,4} (Mpc/h_fid)^3
1.500000e-02	3.575509e+04	2.347486e+04	9.783930e+03
2.500000e-02	3.211607e+04	1.888487e+04	-1.693381e+03
3.500000e-02	2.474554e+04	1.397874e+04	-4.859664e+02
4.500000e-02	1.939745e+04	1.059899e+04	-2.390077e+02
5.500000e-02	1.646182e+04	8.691194e+03	2.636104e+02
6.500000e-02	1.459292e+04	8.131632e+03	2.951256e+02
7.500000e-02	1.248472e+04	6.770614e+03	2.763113e+02
8.500000e-02	1.061471e+04	6.179071e+03	6.091970e+02
9.500000e-02	8.829345e+03	4.752547e+03	2.372346e+02
1.050000e-01	7.486912e+03	4.275049e+03	2.702280e+01
1.150000e-01	6.770693e+03	3.788335e+03	8.341013e+02
1.250000e-01	6.255172e+03	3.295557e+03	2.561674e+02
1.350000e-01	5.634822e+03	2.920868e+03	2.957194e+02
1.450000e-01	5.042814e+03	2.629347e+03	1.654131e+02
1.550000e-01	4.412532e+03	2.491684e+03	3.217878e+02
1.650000e-01	3.980321e+03	2.226338e+03	2.850498e+02
1.750000e-01	3.612135e+03	1.953356e+03	2.410712e+02
1.850000e-01	3.389095e+03	1.797628e+03	1.502208e+02
1.950000e-01	3.167725e+03	1.658451e+03	2.051492e+02
