# s (Mpc/h_fid) | xi_{ell=0,2,4}
6.600000e+01	4.065625e-03	-1.160050e-02	-2.526309e-04
6.800000e+01	2.844523e-03	-1.281046e-02	6.346323e-04
7.000000e+01	2.351900e-03	-1.088525e-02	3.698853e-03
7.200000e+01	2.498916e-03	-1.037945e-02	1.263134e-03
7.400000e+01	2.224443e-03	-1.029194e-02	2.268521e-03
7.600000e+01	2.068636e-03	-7.836910e-03	2.191850e-03
7.800000e+01	1.299245e-03	-8.135128e-03	5.238394e-04
8.000000e+01	1.301002e-03	-7.543577e-03	1.541811e-03
8.200000e+01	1.796877e-03	-7.296942e-03	-1.288453e-03
8.400000e+01	2.309195e-03	-6.005496e-03	6.712380e-04
8.600000e+01	1.645725e-03	-5.871504e-03	-5.394718e-05
8.800000e+01	1.099103e-03	-5.844902e-03	8.742278e-04
9.000000e+01	1.254569e-03	-6.589553e-03	4.571918e-04
9.200000e+01	1.566417e-03	-6.086098e-03	-6.209369e-04
9.400000e+01	1.438265e-03	-5.084045e-03	-2.600889e-04
9.600000e+01	2.145000e-03	-6.064051e-03	1.397792e-03
9.800000e+01	2.505525e-03	-5.371471e-03	9.060026e-04
1.000000e+02	2.335767e-03	-5.017346e-03	7.701924e-04
1.020000e+02	2.509521e-03	-5.284838e-03	3.713264e-04
1.040000e+02	2.876037e-03	-3.850261e-03	2.330440e-04
1.060000e+02	1.953989e-03	-3.132289e-03	-1.721969e-04
1.080000e+02	2.148219e-03	-2.861239e-03	7.712747e-04
1.100000e+02	1.538158e-03	-2.806137e-03	-3.168532e-04
1.120000e+02	1.736668e-03	-3.922300e-03	7.890348e-04
1.140000e+02	1.333602e-03	-3.455332e-03	-5.174455e-04
1.160000e+02	7.032555e-04	-3.402458e-03	-2.379009e-04
1.180000e+02	7.780457e-04	-3.570338e-03	1.502151e-05
1.200000e+02	4.894192e-04	-2.784361e-03	1.009442e-03
1.220000e+02	9.060788e-05	-2.713859e-03	9.031360e-04
1.240000e+02	3.746387e-04	-1.909135e-03	1.033768e-03
