# s (Mpc/h_fid) | xi_{ell=0,2,4}
6.600000e+01	3.270022e-03	-1.555096e-02	2.608546e-03
6.800000e+01	3.660505e-03	-1.268957e-02	2.096547e-03
7.000000e+01	3.211771e-03	-1.432243e-02	2.272553e-03
7.200000e+01	2.449218e-03	-1.181032e-02	1.146522e-03
7.400000e+01	1.969068e-03	-1.125450e-02	2.887020e-03
7.600000e+01	1.847930e-03	-1.092807e-02	2.479970e-03
7.800000e+01	9.940107e-04	-1.146483e-02	2.532250e-03
8.000000e+01	9.074160e-04	-9.752096e-03	4.182064e-03
8.200000e+01	2.266504e-03	-9.857669e-03	1.951066e-03
8.400000e+01	1.356459e-03	-7.669661e-03	9.357382e-04
8.600000e+01	2.000567e-03	-6.425356e-03	1.493650e-03
8.800000e+01	1.821689e-03	-6.205844e-03	1.356859e-03
9.000000e+01	1.562523e-03	-5.884788e-03	3.383989e-03
9.200000e+01	1.352350e-03	-4.105191e-03	6.589345e-04
9.400000e+01	1.903802e-03	-4.415200e-03	2.478217e-03
9.600000e+01	1.874075e-03	-4.230324e-03	1.909654e-03
9.800000e+01	2.150320e-03	-3.975246e-03	1.088077e-03
1.000000e+02	1.922632e-03	-4.108235e-03	1.462532e-03
1.020000e+02	2.251272e-03	-3.536277e-03	1.406643e-03
1.040000e+02	1.723019e-03	-4.291474e-03	1.873537e-03
1.060000e+02	1.537128e-03	-4.386801e-03	3.464038e-04
1.080000e+02	1.430648e-03	-5.084227e-03	6.146316e-04
1.100000e+02	1.295451e-03	-3.624470e-03	6.658890e-04
1.120000e+02	7.997209e-04	-4.096972e-03	1.451147e-03
1.140000e+02	4.142183e-04	-4.013786e-03	-1.915875e-05
1.160000e+02	1.220211e-03	-2.849495e-03	8.851839e-04
1.180000e+02	2.636546e-04	-2.945447e-03	6.880550e-04
1.200000e+02	6.499726e-05	-2.481512e-03	4.520949e-04
1.220000e+02	1.209180e-04	-2.958894e-03	1.643414e-03
1.240000e+02	2.904120e-04	-2.441118e-03	2.410469e-04
