# s (Mpc/h_fid) | xi_{ell=0,2,4}
6.600000e+01	3.722967e-03	-1.121130e-02	9.916301e-04
6.800000e+01	3.071451e-03	-1.057785e-02	8.577915e-04
7.000000e+01	2.702129e-03	-1.009330e-02	8.392429e-04
7.200000e+01	2.284916e-03	-9.489816e-03	8.584801e-04
7.400000e+01	1.956311e-03	-9.166361e-03	1.020828e-03
7.600000e+01	1.531225e-03	-8.547216e-03	7.864394e-04
7.800000e+01	1.396453e-03	-8.108345e-03	5.597978e-04
8.000000e+01	1.213491e-03	-7.561018e-03	7.280130e-04
8.200000e+01	1.152376e-03	-6.682539e-03	6.663127e-04
8.400000e+01	1.046158e-03	-6.040139e-03	5.811967e-04
8.600000e+01	1.094551e-03	-5.872182e-03	6.644172e-04
8.800000e+01	1.265032e-03	-5.553156e-03	6.868045e-04
9.000000e+01	1.417030e-03	-5.310888e-03	3.968072e-04
9.200000e+01	1.525344e-03	-5.148182e-03	2.498152e-04
9.400000e+01	1.729118e-03	-4.727059e-03	1.137747e-04
9.600000e+01	1.765390e-03	-4.441135e-03	6.852004e-05
9.800000e+01	1.910208e-03	-4.471350e-03	2.997687e-04
1.000000e+02	1.873711e-03	-4.320046e-03	3.548373e-04
1.020000e+02	1.768210e-03	-4.169809e-03	4.693523e-04
1.040000e+02	1.764800e-03	-3.989640e-03	6.422818e-04
1.060000e+02	1.537912e-03	-3.633579e-03	7.045308e-04
1.080000e+02	1.344677e-03	-3.438854e-03	5.821462e-04
1.100000e+02	1.131191e-03	-3.410886e-03	6.982020e-04
1.120000e+02	8.695703e-04	-3.148173e-03	5.736161e-04
1.140000e+02	7.423863e-04	-2.959796e-03	4.235208e-04
1.160000e+02	5.105714e-04	-2.989697e-03	4.723890e-04
1.180000e+02	2.773302e-04	-2.630429e-03	6.136008e-04
1.200000e+02	1.772075e-04	-2.369076e-03	6.225242e-04
1.220000e+02	3.759119e-05	-2.366086e-03	7.394859e-04
1.240000e+02	-1.618368e-04	-2.527312e-03	7.088873e-04
