# s (Mpc/h_fid) | xi_{ell=0,2,4}
6.600000e+01	-2.874186e-03	6.650139e-02	-1.007208e-02
6.800000e+01	3.097410e-03	-3.397101e-03	-7.029353e-03
7.000000e+01	1.167630e-02	-2.547812e-02	2.936560e-02
7.200000e+01	1.042443e-02	-4.051746e-02	-1.994323e-02
7.400000e+01	7.321650e-03	-3.127215e-02	1.199593e-02
7.600000e+01	8.692257e-04	-1.537929e-02	2.094635e-03
7.800000e+01	-4.621997e-03	-1.842291e-02	4.931521e-02
8.000000e+01	1.705226e-02	-3.874243e-02	-3.896444e-02
8.200000e+01	8.167398e-03	-4.868439e-02	-3.321223e-02
8.400000e+01	-1.810031e-02	-6.544307e-02	3.432067e-02
8.600000e+01	-5.306989e-03	-2.157569e-02	3.953953e-02
8.800000e+01	1.468666e-02	1.651335e-02	-2.575804e-02
9.000000e+01	8.998921e-03	-2.508833e-02	8.481371e-03
9.200000e+01	1.991557e-02	-4.386234e-02	-3.474618e-02
9.400000e+01	1.638336e-02	-5.437630e-03	9.956518e-03
9.600000e+01	-1.280836e-02	-3.724245e-02	4.763597e-02
9.800000e+01	4.497298e-03	1.274609e-02	-2.752842e-02
1.000000e+02	-5.292994e-03	-6.250680e-04	2.634726e-03
1.020000e+02	3.137339e-03	1.104472e-03	-8.579588e-03
1.040000e+02	-3.162530e-03	-9.120307e-03	-1.178326e-02
1.060000e+02	-8.947359e-03	-2.685529e-02	-9.533240e-03
1.080000e+02	-3.419733e-04	-4.814682e-03	-8.238638e-03
1.100000e+02	-1.602746e-03	1.889314e-02	-2.559110e-02
1.120000e+02	1.560428e-04	-2.073735e-02	2.561418e-02
1.140000e+02	-1.265037e-02	-2.321258e-02	-2.559948e-02
1.160000e+02	-3.069886e-03	1.666209e-02	-9.986749e-03
1.180000e+02	1.733444e-02	-1.088024e-02	3.654344e-02
1.200000e+02	-6.741731e-03	-1.839821e-02	6.051194e-03
1.220000e+02	-2.573590e-03	-8.164868e-03	-1.491954e-02
1.240000e+02	-7.632724e-03	4.074025e-03	2.639626e-02
