# s (Mpc/h_fid) | xi_{ell=0,2,4}
6.600000e+01	1.664043e-02	3.050549e-02	-2.326109e-02
6.800000e+01	2.813429e-03	-1.389672e-02	-2.522454e-02
7.000000e+01	1.009649e-02	-4.355992e-02	-3.821937e-02
7.200000e+01	-4.634154e-03	-2.109520e-02	1.126347e-02
7.400000e+01	7.781198e-03	1.658003e-02	-6.133921e-04
7.600000e+01	1.340810e-03	-1.669955e-02	4.486817e-02
7.800000e+01	-3.446409e-03	-2.130184e-02	1.941804e-02
8.000000e+01	7.448705e-03	4.069119e-02	2.139895e-02
8.200000e+01	-1.765268e-02	-3.503637e-02	-2.554292e-02
8.400000e+01	2.096647e-02	4.605290e-02	-4.143113e-02
8.600000e+01	-7.643494e-04	-2.339247e-03	-9.539121e-03
8.800000e+01	-3.014548e-03	3.448598e-03	5.054803e-02
9.000000e+01	-4.654782e-03	1.734998e-02	3.338225e-02
9.200000e+01	-1.880967e-02	1.031787e-02	-6.978227e-02
9.400000e+01	1.441681e-02	1.745484e-02	-4.156561e-02
9.600000e+01	9.319358e-03	8.033961e-03	5.427980e-02
9.800000e+01	1.591263e-03	-6.574375e-03	-2.179892e-03
1.000000e+02	4.955341e-03	-3.113385e-02	-2.608201e-02
1.020000e+02	1.554267e-03	-2.081910e-02	-2.458232e-02
1.040000e+02	3.671660e-03	-2.628132e-02	6.771725e-03
1.060000e+02	1.040309e-02	-3.684333e-02	-2.894584e-02
1.080000e+02	-1.858117e-03	-7.303156e-03	1.682704e-02
1.100000e+02	1.139309e-02	8.413705e-03	-2.426952e-02
1.120000e+02	1.824222e-03	-1.457758e-02	5.950279e-02
1.140000e+02	9.882548e-03	1.194353e-02	1.306510e-02
1.160000e+02	-1.583311e-02	-1.601243e-02	1.771082e-02
1.180000e+02	2.785745e-03	-1.992115e-02	-1.526462e-02
1.200000e+02	1.541899e-02	1.975432e-02	3.587180e-03
1.220000e+02	2.437625e-03	-4.033839e-02	2.206761e-03
1.240000e+02	1.105058e-03	1.897496e-02	1.216019e-02
