# s (Mpc/h_fid) | xi_{ell=0,2,4}
6.600000e+01	4.337081e-03	-1.329967e-02	-1.027612e-03
6.800000e+01	4.566311e-03	-1.219864e-02	1.534903e-03
7.000000e+01	2.732868e-03	-9.302599e-03	3.290620e-03
7.200000e+01	2.729735e-03	-1.136880e-02	3.643649e-03
7.400000e+01	1.857821e-03	-8.339863e-03	1.001391e-04
7.600000e+01	2.303614e-03	-7.367037e-03	1.833936e-03
7.800000e+01	1.905972e-03	-7.115800e-03	2.544572e-03
8.000000e+01	1.893579e-03	-6.513125e-03	3.322759e-03
8.200000e+01	1.004107e-03	-5.678039e-03	3.184337e-03
8.400000e+01	1.390961e-03	-4.291105e-03	3.776500e-04
8.600000e+01	4.927636e-04	-5.472050e-03	-1.039393e-03
8.800000e+01	1.416662e-03	-4.016834e-03	-9.362468e-04
9.000000e+01	1.590466e-03	-2.931996e-03	-1.107199e-03
9.200000e+01	1.543546e-03	-4.014917e-03	-4.361831e-04
9.400000e+01	2.350459e-03	-5.517546e-03	1.928420e-03
9.600000e+01	2.206187e-03	-4.639813e-03	-1.249307e-03
9.800000e+01	2.207382e-03	-4.050614e-03	-5.639232e-04
1.000000e+02	2.556115e-03	-4.342137e-03	-1.100441e-03
1.020000e+02	2.280036e-03	-4.692767e-03	9.078594e-04
1.040000e+02	2.164750e-03	-4.638232e-03	-2.431148e-04
1.060000e+02	1.656748e-03	-3.871774e-03	-2.596350e-04
1.080000e+02	1.598831e-03	-3.252589e-03	1.270738e-03
1.100000e+02	1.165964e-03	-4.019182e-03	1.078218e-03
1.120000e+02	1.353151e-03	-3.226678e-03	1.135128e-03
1.140000e+02	8.975990e-04	-3.208791e-03	-2.200349e-04
1.160000e+02	3.648735e-04	-2.747700e-03	1.789254e-03
1.180000e+02	4.602605e-04	-2.225145e-03	4.129921e-04
1.200000e+02	-6.472428e-05	-3.116669e-03	4.512970e-04
1.220000e+02	-4.176907e-04	-2.670012e-03	5.585969e-04
1.240000e+02	-2.497461e-04	-2.212006e-03	-1.475579e-04
