4.00040751e-03
3.59664174e-03
3.44918538e-03
2.94442063e-03
2.73593375e-03
2.36278260e-03
1.96473103e-03
1.85216092e-03
1.72505371e-03
1.36406481e-03
1.59323249e-03
1.62344882e-03
1.62615468e-03
1.75100653e-03
1.78146093e-03
1.91793317e-03
2.00601009e-03
1.82617967e-03
2.00661274e-03
1.83244687e-03
1.64410873e-03
1.28529921e-03
1.16194505e-03
9.04386516e-04
7.36014236e-04
2.02604268e-04
2.42665070e-04
7.79412815e-05
-1.22473028e-04
-8.20899360e-05
-1.14104666e-02
-1.02814042e-02
-9.53718980e-03
-8.72948793e-03
-8.47320948e-03
-8.06821899e-03
-7.28739491e-03
-6.77308630e-03
-6.74458031e-03
-6.28043338e-03
-5.17392012e-03
-5.00188367e-03
-5.14274649e-03
-4.70596811e-03
-5.01755623e-03
-4.30138432e-03
-4.06082005e-03
-4.51480652e-03
-4.29334224e-03
-3.88594718e-03
-3.64594384e-03
-3.84472916e-03
-3.35373755e-03
-3.25366040e-03
-2.97424109e-03
-3.03545573e-03
-2.83294345e-03
-3.04676671e-03
-2.68483653e-03
-2.98211848e-03
8.79834807e-04
1.18262569e-03
6.10139066e-04
6.13662487e-04
1.21788316e-03
7.33686466e-04
-6.17820978e-05
5.43865853e-04
-6.88000786e-04
4.20387698e-04
-4.53528862e-05
-8.47467844e-05
1.58797607e-04
-8.85490619e-04
7.43993360e-04
4.46958718e-04
4.58504535e-04
1.62427819e-04
-8.62561668e-05
-2.59685966e-04
1.79282767e-04
-1.26451538e-04
-7.26417219e-05
-8.10525470e-06
1.76672201e-04
-3.34611468e-04
-8.91864534e-04
3.64965041e-04
-1.25300827e-04
2.57756991e-05
