# s (Mpc/h_fid) | xi_{ell=0,2,4}
6.600000e+01	-1.115965e-02	4.857706e-02	-6.349095e-02
6.800000e+01	2.866348e-02	-3.236497e-02	3.075793e-02
7.000000e+01	-3.669061e-03	-1.480645e-03	-1.552582e-02
7.200000e+01	1.270713e-02	-3.551255e-02	1.320517e-02
7.400000e+01	6.557281e-03	1.394928e-02	-5.315845e-02
7.600000e+01	9.183445e-03	-6.383876e-02	1.553512e-02
7.800000e+01	-2.841902e-03	-1.340590e-02	-2.166367e-02
8.000000e+01	-1.206615e-02	9.361055e-03	-5.405257e-03
8.200000e+01	-5.345463e-03	-5.363749e-02	-5.289171e-03
8.400000e+01	-5.905127e-03	-3.710652e-02	1.790224e-02
8.600000e+01	-1.250846e-02	-6.059268e-03	-2.167863e-02
8.800000e+01	-1.431909e-03	2.716922e-02	-1.179410e-01
9.000000e+01	-1.708845e-03	6.611306e-03	-1.153497e-02
9.200000e+01	2.437044e-03	-1.658133e-02	-1.705622e-02
9.400000e+01	-1.111937e-02	1.966467e-02	7.341360e-02
9.600000e+01	8.968579e-03	3.612515e-03	-1.408517e-02
9.800000e+01	8.585065e-03	-2.479823e-02	-4.372418e-02
1.000000e+02	-2.451630e-03	2.184335e-02	-2.486504e-02
1.020000e+02	-6.889256e-03	-1.294921e-02	1.299012e-03
1.040000e+02	-5.500913e-03	-2.851197e-02	2.632573e-02
1.060000e+02	-6.007842e-03	3.856190e-03	-1.525892e-02
1.080000e+02	3.172050e-03	4.451856e-02	2.119654e-02
1.100000e+02	1.626454e-03	-2.061672e-03	-1.434656e-02
1.120000e+02	-1.083623e-02	-5.006152e-03	-1.365415e-02
1.140000e+02	3.494910e-03	-1.304296e-02	2.188142e-02
1.160000e+02	1.321954e-02	-2.585132e-02	-2.243624e-02
1.180000e+02	8.267534e-03	1.623393e-03	2.180232e-02
1.200000e+02	4.390541e-03	-6.605573e-04	5.427526e-03
1.220000e+02	-9.426231e-04	-1.224226e-02	2.842224e-02
1.240000e+02	6.338102e-03	-1.419568e-02	2.200204e-02
