# s (Mpc/h_fid) | xi_{ell=0,2,4}
6.600000e+01	4.915903e-03	-1.420281e-02	1.106960e-04
6.800000e+01	4.294540e-03	-1.380349e-02	-2.944039e-03
7.000000e+01	2.745117e-03	-1.296584e-02	1.424937e-04
7.200000e+01	2.444019e-03	-1.157914e-02	-4.435726e-04
7.400000e+01	2.225237e-03	-1.108574e-02	5.746519e-04
7.600000e+01	1.742459e-03	-1.060549e-02	-8.424688e-04
7.800000e+01	2.108978e-03	-9.338378e-03	-2.938491e-04
8.000000e+01	1.493750e-03	-9.705920e-03	1.167150e-03
8.200000e+01	1.636692e-03	-8.511747e-03	1.765379e-04
8.400000e+01	1.161296e-03	-7.986748e-03	1.275156e-03
8.600000e+01	1.582169e-03	-7.304096e-03	1.094261e-03
8.800000e+01	1.371123e-03	-6.383465e-03	1.272578e-04
9.000000e+01	1.477762e-03	-6.680424e-03	3.399582e-04
9.200000e+01	1.887053e-03	-7.251205e-03	1.338201e-03
9.400000e+01	1.655032e-03	-5.570833e-03	1.008708e-03
9.600000e+01	1.760042e-03	-5.964759e-03	-7.286013e-04
9.800000e+01	1.746395e-03	-4.399186e-03	2.486372e-04
1.000000e+02	2.407677e-03	-4.647359e-03	8.947014e-05
1.020000e+02	2.361036e-03	-4.223490e-03	-1.984328e-03
1.040000e+02	1.759588e-03	-4.711111e-03	2.596398e-05
1.060000e+02	1.829937e-03	-3.902016e-03	6.347099e-04
1.080000e+02	2.067138e-03	-3.956373e-03	5.566909e-04
1.100000e+02	1.444059e-03	-3.837003e-03	5.637801e-04
1.120000e+02	1.253209e-03	-4.116610e-03	2.007470e-04
1.140000e+02	1.211421e-03	-2.643302e-03	-1.239291e-04
1.160000e+02	5.426708e-04	-3.996497e-03	1.485596e-04
1.180000e+02	3.127504e-05	-3.700160e-03	1.652357e-04
1.200000e+02	3.757452e-05	-2.793526e-03	-9.264644e-04
1.220000e+02	-8.269128e-05	-2.731450e-03	-1.210714e-03
1.240000e+02	-1.999676e-05	-3.003216e-03	-1.426492e-04
