# s (Mpc/h_fid) | xi_{ell=0,2,4}
6.600000e+01	3.935764e-03	-1.073547e-02	2.376324e-05
6.800000e+01	2.960213e-03	-1.046988e-02	1.895185e-03
7.000000e+01	2.930018e-03	-9.713960e-03	8.233241e-04
7.200000e+01	2.708371e-03	-1.020093e-02	1.841729e-03
7.400000e+01	1.742160e-03	-8.454712e-03	8.877560e-05
7.600000e+01	1.792551e-03	-9.544316e-03	6.755864e-04
7.800000e+01	2.049542e-03	-8.893622e-03	8.640333e-04
8.000000e+01	1.470694e-03	-7.710008e-03	2.274126e-03
8.200000e+01	1.704278e-03	-7.780215e-03	2.985867e-03
8.400000e+01	1.456465e-03	-5.241128e-03	2.345814e-03
8.600000e+01	1.274543e-03	-5.060859e-03	1.277357e-03
8.800000e+01	1.832448e-03	-5.599689e-03	9.384649e-04
9.000000e+01	2.039059e-03	-5.953772e-03	-4.249716e-04
9.200000e+01	2.098633e-03	-4.670756e-03	5.529878e-04
9.400000e+01	2.170541e-03	-5.280383e-03	1.175455e-03
9.600000e+01	2.104993e-03	-5.567495e-03	8.285085e-04
9.800000e+01	2.124941e-03	-4.797862e-03	1.848760e-03
1.000000e+02	1.588400e-03	-3.649792e-03	6.173393e-04
1.020000e+02	2.781081e-03	-3.959084e-03	-2.820348e-04
1.040000e+02	2.259307e-03	-3.590039e-03	1.304371e-03
1.060000e+02	1.694035e-03	-1.548675e-03	1.591826e-03
1.080000e+02	1.271289e-03	-3.096437e-03	2.043643e-03
1.100000e+02	1.520692e-03	-2.520582e-03	2.720591e-03
1.120000e+02	7.551217e-04	-2.917156e-03	1.401494e-03
1.140000e+02	8.625258e-04	-3.099992e-03	6.642425e-04
1.160000e+02	6.929590e-04	-3.354188e-03	4.723493e-04
1.180000e+02	9.370543e-04	-3.434475e-03	1.110255e-03
1.200000e+02	-1.334522e-05	-1.981132e-03	1.034467e-03
1.220000e+02	5.510913e-04	-2.676397e-03	-3.844913e-04
1.240000e+02	-3.366857e-04	-2.371059e-03	1.211847e-03
