# s (Mpc/h_fid) | xi_{ell=0,2,4}
6.600000e+01	2.280593e-02	-1.993635e-03	-4.527182e-02
6.800000e+01	2.563424e-03	-1.005042e-02	-9.446336e-02
7.000000e+01	5.318909e-03	-1.854160e-02	-3.966901e-02
7.200000e+01	-2.599160e-02	-6.078550e-02	-5.521677e-02
7.400000e+01	1.255495e-02	-2.474273e-02	4.330823e-02
7.600000e+01	-1.062382e-02	-3.198755e-03	-5.249247e-03
7.800000e+01	2.028899e-03	-2.769888e-02	-2.655314e-02
8.000000e+01	9.114989e-03	2.831917e-03	3.989707e-02
8.200000e+01	-1.282227e-02	-4.075132e-02	6.162978e-02
8.400000e+01	8.319659e-03	-2.478879e-02	-2.736400e-02
8.600000e+01	8.322233e-03	-4.769384e-02	-7.002172e-03
8.800000e+01	4.830482e-04	-2.538666e-02	-2.393319e-02
9.000000e+01	2.220218e-03	2.851779e-02	-2.931486e-02
9.200000e+01	7.427573e-03	1.472729e-02	4.557585e-02
9.400000e+01	9.590396e-03	-7.754147e-03	-2.275244e-02
9.600000e+01	-9.362657e-03	1.458014e-02	-6.524009e-03
9.800000e+01	-3.261268e-04	5.260867e-02	-1.582663e-02
1.000000e+02	-1.015844e-02	-1.975704e-02	-7.444273e-03
1.020000e+02	1.027050e-02	1.612817e-02	-1.036163e-01
1.040000e+02	1.134206e-03	8.138109e-05	-2.409795e-02
1.060000e+02	1.969368e-02	-4.048054e-04	6.750077e-02
1.080000e+02	8.207440e-03	-3.842679e-02	4.297827e-03
1.100000e+02	5.785603e-03	-9.946399e-03	3.577624e-02
1.120000e+02	8.036067e-03	3.539755e-03	2.665654e-02
1.140000e+02	-3.883929e-03	1.720108e-02	-6.445711e-04
1.160000e+02	-5.931577e-03	-3.150688e-02	1.172928e-02
1.180000e+02	3.419364e-03	-6.587972e-04	-1.242260e-02
1.200000e+02	5.197677e-03	9.234000e-03	-2.771770e-03
1.220000e+02	-1.694732e-02	-1.261323e-02	3.157471e-02
1.240000e+02	2.757796e-03	-7.136767e-03	-1.053596e-02
