# s (Mpc/h_fid) | xi_{ell=0,2,4}
6.600000e+01	3.474353e-03	-1.245901e-02	2.525417e-03
6.800000e+01	3.362590e-03	-1.210900e-02	1.499816e-04
7.000000e+01	2.605051e-03	-1.291783e-02	1.126753e-03
7.200000e+01	2.881085e-03	-1.025896e-02	1.273770e-03
7.400000e+01	2.390756e-03	-1.012805e-02	5.910433e-04
7.600000e+01	2.656073e-03	-8.263290e-03	-1.482915e-04
7.800000e+01	1.845476e-03	-9.300746e-03	1.666423e-03
8.000000e+01	9.639109e-04	-7.311257e-03	3.298764e-04
8.200000e+01	1.221311e-03	-8.230102e-03	2.272994e-03
8.400000e+01	1.528869e-03	-8.169306e-03	2.661142e-03
8.600000e+01	9.639674e-04	-7.893907e-03	3.782921e-04
8.800000e+01	1.626056e-03	-7.463630e-03	1.777424e-03
9.000000e+01	1.901424e-03	-6.123651e-03	6.628419e-04
9.200000e+01	1.913276e-03	-6.040830e-03	8.213394e-04
9.400000e+01	1.703779e-03	-5.321426e-03	7.619144e-04
9.600000e+01	1.772503e-03	-5.232443e-03	1.280980e-03
9.800000e+01	1.808448e-03	-5.384594e-03	2.921837e-04
1.000000e+02	1.595372e-03	-4.795875e-03	-5.575990e-04
1.020000e+02	2.539490e-03	-5.192049e-03	8.762698e-04
1.040000e+02	2.108838e-03	-3.935233e-03	6.324062e-04
1.060000e+02	1.926796e-03	-3.652258e-03	6.239863e-04
1.080000e+02	1.496548e-03	-3.430359e-03	5.215434e-05
1.100000e+02	1.305006e-03	-3.474091e-03	-1.823074e-03
1.120000e+02	1.022057e-03	-3.860531e-03	-1.015597e-03
1.140000e+02	8.321629e-04	-4.299528e-03	6.191855e-04
1.160000e+02	5.506322e-04	-3.539646e-03	5.348644e-04
1.180000e+02	6.209575e-04	-3.296825e-03	1.243262e-03
1.200000e+02	-1.361451e-04	-3.799235e-03	-4.190204e-04
1.220000e+02	6.430181e-04	-2.714628e-03	2.191626e-04
1.240000e+02	-2.284722e-04	-3.085059e-03	6.121457e-04
