# s (Mpc/h_fid) | xi_{ell=0,2,4}
6.600000e+01	-8.881319e-03	-3.248603e-02	3.659924e-02
6.800000e+01	7.773050e-03	6.063309e-03	9.919370e-03
7.000000e+01	-7.176882e-03	2.259698e-02	-7.153501e-02
7.200000e+01	5.815536e-03	-3.546274e-02	3.846567e-02
7.400000e+01	-1.347547e-02	2.744245e-02	6.188834e-02
7.600000e+01	7.178357e-03	-2.857427e-02	-6.956514e-02
7.800000e+01	-6.853367e-03	-3.107449e-02	6.632786e-02
8.000000e+01	-7.817982e-03	-1.690401e-03	-6.406091e-03
8.200000e+01	3.564797e-03	-1.082540e-02	-4.472199e-03
8.400000e+01	-2.209929e-02	-8.913176e-03	-2.547227e-03
8.600000e+01	4.513436e-03	1.022572e-02	3.285584e-02
8.800000e+01	8.843988e-03	-4.480231e-04	-2.564051e-02
9.000000e+01	3.853757e-03	-1.521063e-02	7.522607e-03
9.200000e+01	1.440282e-02	2.675346e-02	4.025504e-02
9.400000e+01	4.425634e-03	9.653550e-03	-3.412312e-02
9.600000e+01	-7.083795e-03	-1.910304e-02	-4.808512e-04
9.800000e+01	1.039630e-02	1.132043e-02	-3.899184e-03
1.000000e+02	-4.066578e-03	-2.389468e-02	-1.783985e-02
1.020000e+02	-1.659631e-02	-1.770207e-03	-1.640809e-02
1.040000e+02	7.011721e-03	4.269751e-02	2.789317e-02
1.060000e+02	2.836456e-03	2.155872e-03	2.887237e-02
1.080000e+02	-6.568936e-05	5.216661e-03	1.377200e-02
1.100000e+02	2.140386e-03	7.319681e-03	2.852448e-02
1.120000e+02	4.681301e-03	-2.041957e-02	-3.916486e-02
1.140000e+02	-5.517557e-04	-3.130981e-03	-8.492491e-04
1.160000e+02	4.464481e-03	1.552334e-02	1.279612e-02
1.180000e+02	1.472006e-02	-1.904110e-03	1.265440e-02
1.200000e+02	1.332476e-02	-2.946399e-02	-1.128308e-02
1.220000e+02	-9.344438e-03	8.368551e-03	1.807836e-02
1.240000e+02	2.028077e-04	-1.946475e-02	-1.504334e-02
