# s (Mpc/h_fid) | xi_{ell=0,2,4}
6.600000e+01	-1.824075e-02	1.097159e-02	-3.811877e-02
6.800000e+01	-7.558062e-03	-6.085451e-02	-5.857177e-02
7.000000e+01	2.336062e-02	-6.506520e-02	4.400688e-02
7.200000e+01	6.589821e-04	-1.613701e-02	8.531870e-02
7.400000e+01	-2.282508e-02	-2.017621e-02	7.125356e-02
7.600000e+01	4.251976e-03	-2.224002e-02	4.861625e-02
7.800000e+01	-1.071651e-02	-2.734039e-02	-4.999601e-02
8.000000e+01	-6.424248e-03	-1.787451e-02	8.140981e-03
8.200000e+01	1.936345e-02	-2.832496e-03	-1.347876e-02
8.400000e+01	2.601024e-02	2.640206e-02	2.958298e-02
8.600000e+01	-1.094995e-02	-1.327861e-02	4.062699e-02
8.800000e+01	1.939366e-02	-1.617572e-02	4.246381e-02
9.000000e+01	-1.329120e-02	1.287550e-03	4.360061e-02
9.200000e+01	-2.675656e-03	-1.513882e-02	1.198274e-02
9.400000e+01	-1.422480e-02	5.942546e-03	2.845513e-02
9.600000e+01	-2.567333e-03	1.087301e-02	2.228397e-02
9.800000e+01	3.806894e-03	4.897464e-04	-3.120931e-02
1.000000e+02	1.057626e-02	1.500736e-03	-7.604323e-03
1.020000e+02	-2.569242e-03	1.883418e-02	-1.127213e-04
1.040000e+02	8.369565e-03	-5.132273e-02	3.875929e-02
1.060000e+02	5.856942e-03	1.290015e-02	1.053787e-04
1.080000e+02	1.470608e-03	-6.019594e-03	-4.613499e-02
1.100000e+02	1.146895e-02	-1.889520e-02	-5.525960e-02
1.120000e+02	1.455531e-03	-6.672786e-03	-4.016058e-02
1.140000e+02	1.308590e-02	1.412728e-02	2.013993e-02
1.160000e+02	8.756225e-03	-6.888439e-03	-1.064878e-02
1.180000e+02	-3.290976e-03	-2.033877e-03	1.635737e-02
1.200000e+02	5.442397e-03	3.918763e-03	-1.331215e-02
1.220000e+02	1.029508e-02	-1.960567e-02	5.145759e-03
1.240000e+02	-7.855981e-03	7.808604e-03	-7.860494e-03
