# s (Mpc/h_fid) | xi_{ell=0,2,4}
6.600000e+01	1.627307e-02	-4.103736e-02	-8.281062e-02
6.800000e+01	-5.651622e-03	1.178818e-02	3.242786e-02
7.000000e+01	-1.293532e-02	7.856994e-03	-3.071789e-02
7.200000e+01	2.531957e-02	-8.855492e-03	5.756680e-03
7.400000e+01	-1.132849e-02	1.066898e-02	4.908497e-02
7.600000e+01	1.479016e-03	3.385503e-02	2.586533e-02
7.800000e+01	-1.427393e-02	-4.258190e-02	4.240903e-02
8.000000e+01	-1.347604e-02	-8.288958e-02	4.847542e-02
8.200000e+01	5.383254e-03	9.011870e-03	4.742019e-03
8.400000e+01	-5.970003e-03	-1.926837e-02	2.341570e-02
8.600000e+01	2.287922e-03	2.068648e-02	-7.113645e-03
8.800000e+01	-1.783555e-03	-3.609681e-02	5.161404e-02
9.000000e+01	1.357183e-03	1.954342e-02	-1.240382e-02
9.200000e+01	-7.489027e-03	-2.734134e-02	4.683692e-02
9.400000e+01	-1.468175e-02	-1.129714e-02	-1.793597e-02
9.600000e+01	-8.359531e-03	-1.495422e-02	-1.645424e-03
9.800000e+01	1.108185e-02	8.166937e-04	3.730697e-02
1.000000e+02	5.997597e-03	-3.101513e-02	2.680947e-02
1.020000e+02	8.898031e-03	9.710790e-03	3.573634e-04
1.040000e+02	-1.429393e-02	2.585871e-02	-2.851940e-02
1.060000e+02	1.660697e-02	-3.867305e-03	-1.278067e-02
1.080000e+02	1.493330e-02	-2.748116e-03	-2.318578e-02
1.100000e+02	-1.010273e-02	-1.168772e-02	-5.827116e-03
1.120000e+02	8.167998e-03	-3.422129e-03	2.580453e-02
1.140000e+02	6.866672e-03	4.065225e-03	-2.319848e-02
1.160000e+02	3.730523e-03	-6.264575e-03	8.904255e-04
1.180000e+02	4.148259e-03	-1.454785e-02	3.830474e-02
1.200000e+02	1.100595e-02	-7.494988e-03	1.397389e-02
1.220000e+02	-5.837142e-03	-1.918018e-02	2.821673e-02
1.240000e+02	1.051037e-02	1.532320e-03	-1.116992e-02
