# s (Mpc/h_fid) | xi_{ell=0,2,4}
6.600000e+01	4.355907e-03	-1.322303e-02	1.708861e-03
6.800000e+01	4.186149e-03	-1.019147e-02	3.613122e-03
7.000000e+01	3.421712e-03	-1.088329e-02	2.500720e-03
7.200000e+01	2.745811e-03	-1.054947e-02	2.395372e-03
7.400000e+01	2.631882e-03	-1.071311e-02	3.530652e-03
7.600000e+01	2.289630e-03	-8.753521e-03	2.130310e-03
7.800000e+01	1.536219e-03	-7.699942e-03	3.244320e-03
8.000000e+01	1.797972e-03	-7.903342e-03	2.631629e-03
8.200000e+01	1.285719e-03	-7.012241e-03	2.068213e-03
8.400000e+01	1.952943e-03	-5.222321e-03	1.381880e-03
8.600000e+01	1.310964e-03	-6.648802e-03	1.134107e-03
8.800000e+01	1.580092e-03	-6.235650e-03	9.583219e-04
9.000000e+01	1.072160e-03	-4.991176e-03	1.417875e-03
9.200000e+01	1.618195e-03	-6.143428e-03	1.153013e-03
9.400000e+01	8.968381e-04	-4.635869e-03	-1.020588e-03
9.600000e+01	1.315402e-03	-3.039249e-03	1.466685e-03
9.800000e+01	1.841785e-03	-3.950309e-03	8.703114e-04
1.000000e+02	1.712023e-03	-2.795313e-03	-4.025190e-04
1.020000e+02	1.738882e-03	-3.105754e-03	4.849020e-05
1.040000e+02	1.748440e-03	-3.756532e-03	3.126512e-03
1.060000e+02	1.686884e-03	-3.210426e-03	-4.896586e-06
1.080000e+02	1.408690e-03	-2.552854e-03	-1.531947e-04
1.100000e+02	1.057001e-03	-3.531389e-03	-9.422265e-05
1.120000e+02	1.216471e-03	-2.896809e-03	1.219260e-04
1.140000e+02	6.800372e-04	-2.947189e-03	-1.789275e-04
1.160000e+02	8.848013e-04	-1.400136e-03	-4.125866e-05
1.180000e+02	2.657058e-04	-1.974949e-03	7.904517e-05
1.200000e+02	-2.032284e-04	-2.442503e-03	1.037337e-04
1.220000e+02	7.252737e-05	-1.546213e-03	2.906168e-04
1.240000e+02	1.212700e-05	-2.037846e-03	5.229972e-04
