2.73152533e-09 1.09453487e-09 2.74603796e-09 8.31661627e-11 2.18899514e-09 1.20392852e-09 7.20235168e-10 -3.40529332e-10 -1.01713142e-09 -2.06589190e-10 -2.38746374e-09 1.32690393e-10 5.23856497e-10
1.09453487e-09 1.26204925e-09 1.61712033e-09 3.67571050e-10 1.46809460e-09 1.06891760e-09 4.88598136e-10 2.69338284e-10 -6.49506596e-10 -1.86352359e-10 -1.48535744e-09 1.43756661e-10 1.54636787e-10
2.74603796e-09 1.61712033e-09 3.10178166e-09 2.99060645e-10 2.57313840e-09 1.57992745e-09 8.54683311e-10 -7.96422880e-11 -1.17972930e-09 -3.04094887e-10 -3.89528554e-09 2.16802808e-10 4.78646475e-10
8.31661627e-11 3.67571050e-10 2.99060645e-10 1.51965322e-10 3.10117109e-10 2.84624040e-10 1.00583629e-10 1.56845411e-10 -1.28212407e-10 -5.68188133e-11 6.38689637e-10 4.24752902e-11 1.54753772e-11
2.18899514e-09 1.46809460e-09 2.57313840e-09 3.10117109e-10 2.23259097e-09 1.40992300e-09 7.39559278e-10 3.58399342e-11 -9.99338851e-10 -1.66421440e-10 -1.88629934e-09 1.14527422e-10 5.02986368e-10
1.20392852e-09 1.06891760e-09 1.57992745e-09 2.84624040e-10 1.40992300e-09 1.02738990e-09 4.69899414e-10 1.52170089e-10 -6.26807670e-10 -2.36565432e-10 -8.57887044e-10 1.69669524e-10 4.11136535e-10
7.20235168e-10 4.88598136e-10 8.54683311e-10 1.00583629e-10 7.39559278e-10 4.69899414e-10 2.51496715e-10 1.64727481e-11 -3.35833509e-10 -7.80135594e-11 -2.20622221e-09 5.71584190e-11 1.49258056e-10
-3.40529332e-10 2.69338284e-10 -7.96422880e-11 1.56845411e-10 3.58399342e-11 1.52170089e-10 1.64727481e-11 2.60312972e-10 2.53198762e-12 2.84364933e-12 5.44003058e-10 1.29827739e-11 -6.69652336e-11
-1.01713142e-09 -6.49506596e-10 -1.17972930e-09 -1.28212407e-10 -9.99338851e-10 -6.26807670e-10 -3.35833509e-10 2.53198762e-12 4.57965422e-10 1.05231275e-10 2.14779391e-09 -7.70721454e-11 -1.55174093e-10
-2.06589190e-10 -1.86352359e-10 -3.04094887e-10 -5.68188133e-11 -1.66421440e-10 -2.36565432e-10 -7.80135594e-11 2.84364933e-12 1.05231275e-10 3.10790456e-09 9.56314947e-09 -2.23347895e-09 -8.81290077e-10
-2.38746374e-09 -1.48535744e-09 -3.89528554e-09 6.38689637e-10 -1.88629934e-09 -8.57887044e-10 -2.20622221e-09 5.44003058e-10 2.14779391e-09 9.56314947e-09 1.65479571e-06 -5.95226095e-09 -3.70564512e-08
1.32690393e-10 1.43756661e-10 2.16802808e-10 4.24752902e-11 1.14527422e-10 1.69669524e-10 5.71584190e-11 1.29827739e-11 -7.70721454e-11 -2.23347895e-09 -5.95226095e-09 1.74447119e-09 5.83891804e-10
5.23856497e-10 1.54636787e-10 4.78646475e-10 1.54753772e-11 5.02986368e-10 4.11136535e-10 1.49258056e-10 -6.69652336e-11 -1.55174093e-10 -8.81290077e-10 -3.70564512e-08 5.83891804e-10 7.39614580e-09
