-9.8778381110e-01
-1.0741287260e+00
1.4617528182e+00
5.1900190375e-01
-1.0772456247e+00
-8.2430206967e-01
-1.6792884432e+00
3.4100847651e-01
1.8729015232e-01
9.2877857120e-01
1.5916171512e+00
9.1933502067e-01
5.3878041997e-01
9.6543602824e-02
5.7440725855e-01
-8.2702046120e-01
1.1319034801e+00
2.0132855103e+00
1.5577360132e-01
3.6809564273e-01
1.1202211130e+00
-1.3017319670e+00
7.4283358766e-01
-9.9431082839e-01
1.5021572474e+00
2.6535004648e+00
-3.2453787397e-01
3.7293145918e-02
3.7635192101e-01
-6.1206397536e-01
-9.6924770340e-02
-5.6038339570e-01
1.9434032247e-01
-6.4450722928e-01
9.0364137497e-01
4.1565842080e-01
-1.7040759050e+00
5.1385386313e-01
1.2248081139e+00
-7.3305748187e-01
-1.8454056064e-01
-3.3894208737e-01
-1.4290020456e+00
2.5056087089e-01
-1.8775689846e+00
-6.8521659624e-01
1.9529183238e-01
1.6018320321e-01
1.5321338777e+00
-2.4265601690e+00
-1.1129241884e+00
-4.2807728951e-01
9.9543226982e-01
-7.4468906825e-01
-1.3998129520e+00
6.1125699734e-01
-6.7405877806e-01
9.9898942418e-01
1.4352784586e+00
9.6912636831e-01
-1.7673356766e+00
-1.6813114803e-01
-3.9966589956e-01
2.0241075166e+00
2.7260147287e+00
-2.1367602923e+00
-1.3227838149e+00
2.6482984060e-01
-9.6150272772e-01
1.0582173740e+00
1.0672070312e+00
-8.8520090532e-01
-1.1328611354e+00
-7.7751119759e-01
-1.6729150661e-01
-2.5473816277e-01
-4.8907418655e-01
-1.8033814539e+00
-5.3833851320e-01
1.6874791062e-01
1.3939339545e-01
2.8164501481e-02
-6.4624826854e-01
-1.4186017919e+00
-2.6145359203e+00
-1.3779809132e-01
5.7965923750e-01
3.9790596934e-01
-1.2074179775e+00
-5.5705109779e-01
-1.9657976098e+00
-2.7360476591e-01
-1.4214280337e-01
-7.5393771907e-01
-7.2884969232e-01
-1.2014354298e+00
7.6673140421e-02
-2.9707347586e-01
-6.2632401369e-01
-2.6868387002e-01
-6.8108348760e-01
-2.7098634892e-01
-3.7870096499e-01
-1.5239818316e+00
-1.8829802642e+00
-4.0483937071e-01
-8.3968654932e-01
-1.3733809273e+00
-7.6394325438e-01
-1.0892264487e+00
-5.7322051611e-01
-2.5611983170e+00
1.1034214677e+00
2.7926796484e-01
9.7145966159e-01
1.2096966512e+00
2.8633572128e+00
-9.4864749515e-01
1.3004406579e+00
4.1074709599e-01
1.3867241286e+00
1.0730794002e+00
-2.2761717183e+00
-6.4179094864e-02
-5.7035261435e-01
1.4573623272e+00
6.4577592559e-02
-1.0723060216e+00
2.6154445169e+00
2.0863730981e+00
8.4336087087e-01
1.0966927456e+00
9.5818523110e-02
-7.6551531340e-01
6.5003802110e-01
-6.8225192701e-01
-1.1844058361e+00
-1.2065915030e+00
-7.1490282481e-01
-8.3942714615e-01
-8.0461642719e-02
-1.0491297251e+00
6.2030907698e-01
4.4903468789e-01
6.9738153822e-01
-2.3211472843e+00
-3.2844059678e-01
-1.9439067606e+00
1.0559103135e+00
2.1649553452e+00
7.5040357512e-02
3.4848880882e-02
-3.1784516455e-01
1.4627172775e-01
6.6359819470e-01
1.4383161758e+00
-1.1797495778e+00
-4.0645358641e-01
1.5597412523e+00
1.5252512505e+00
-8.0922024311e-01
-5.8841874575e-01
1.0912997702e+00
9.7336887113e-01
2.8224553341e-01
1.4195123003e+00
-1.4201239757e+00
-6.6518336972e-01
9.8254080112e-01
2.5831706398e-01
1.7277402406e+00
7.4567802767e-01
2.6726875979e+00
1.4759513222e+00
8.9482917964e-01
6.7017800406e-01
-2.4509327025e-01
-1.8636167967e+00
1.7096069464e+00
-2.2843733720e+00
2.5687094334e-01
8.9579667717e-01
6.1590610703e-01
-6.0883297680e-01
-1.1379231879e-01
-2.0791697983e+00
5.3961151740e-01
4.7451112658e-01
6.5760616765e-01
-2.0864280420e-01
1.8463675446e+00
1.8693619114e-01
1.8144658114e+00
9.5499325584e-02
