3.1315514345e-01
-3.5347568684e-01
-2.0846898198e-01
9.2239297109e-01
1.0699633971e+00
1.0631263266e+00
5.4534316920e-01
-1.5427862288e-01
-4.1037879559e-02
-6.0072745891e-01
6.9394295064e-01
5.8205583416e-01
1.7843621754e-01
-1.2497877166e+00
-1.2204220020e+00
-1.2310470206e+00
1.6643882049e-02
-1.9155115842e+00
-4.6484346260e-01
-1.5625080507e+00
-1.2218181778e+00
4.7757052556e-01
-4.7183934748e-01
-6.5672537540e-01
-1.1154941389e+00
-7.7961305261e-01
1.2308047683e+00
-2.7222886091e-02
8.4556896702e-01
-8.2489448068e-01
-6.7781342140e-01
-5.0681252532e-01
-6.2717277679e-01
7.5345835266e-01
-1.6729247091e+00
-7.1357005392e-01
-4.4863197154e-01
2.7500054054e-01
-4.5857357051e-01
1.0482730503e+00
2.1443963044e-02
1.5719031636e-01
-4.2252360593e-01
1.6669679142e-01
4.7157779411e-01
-1.3292679132e+00
1.9370190007e-01
1.4222345059e+00
1.7047404534e+00
1.7772150645e+00
-1.1165979341e+00
5.8612723553e-01
-6.2866019366e-01
-1.5368611352e+00
-2.1209078911e-01
-1.8611619759e-02
-1.5823840066e+00
7.2695078274e-01
-1.3936547222e+00
8.2310762734e-01
-8.4733383745e-01
-4.4796397281e-01
-4.0890282920e-01
-7.7013289967e-01
1.4865143470e-01
2.1102134886e-03
-3.0144778468e-02
9.3524098778e-01
-1.3190625554e+00
1.3813325289e+00
3.2525681952e-01
-5.3160293633e-01
2.1025057365e-01
-9.4536573503e-01
-5.4733591916e-01
6.7270626645e-01
-4.3519631104e-01
2.8784224607e-01
8.4721421601e-02
8.4745696496e-01
-6.2346285733e-02
3.7370682647e-01
-9.0758762060e-01
-1.3351112064e+00
4.8002060020e-01
5.6714072042e-01
-8.9205354785e-01
1.9282903824e-01
1.5960801946e+00
-1.4495589136e+00
2.2165231875e-02
-1.9344161113e+00
8.0850171150e-01
1.1453063402e+00
-2.9386629474e-01
1.0043510024e+00
4.2889217813e-01
-1.2102867684e+00
-6.9993108064e-01
2.1028156506e+00
1.1152137031e+00
2.9590991034e-01
6.5467439483e-01
1.9979501955e+00
-2.0763358253e-01
-1.2244928842e+00
-1.1889593883e+00
-6.2026009206e-01
-5.1511677919e-01
8.1300434667e-01
1.1808478947e+00
-1.9341422770e+00
1.1154061409e+00
-1.0157779193e-02
1.3854733252e+00
6.7559957870e-01
-3.1560820309e-01
-5.4799707208e-01
7.5626424249e-01
-2.1873200262e+00
4.3040951806e-01
-4.3631190983e-01
-9.1604764069e-01
-5.5348238632e-01
-1.5178546590e+00
5.9638963142e-01
3.3407736133e-01
1.7028766663e+00
-8.8288856277e-01
-2.9968841670e-01
-8.5786066474e-01
-9.3229756497e-01
-7.5052280660e-01
-1.7372101442e+00
-2.0752354390e+00
-3.2148980868e-01
1.5457664723e-01
3.1653096309e-01
5.1462250254e-01
-1.9595672653e-01
-1.1980569255e-01
1.4952362727e+00
8.3966145212e-01
-7.9897542508e-01
-4.7907547940e-01
3.8969208997e-01
-2.3519793382e+00
-2.3842139586e-01
4.0609973071e-01
-3.3910872766e-01
-2.3045009650e-01
-9.9741683265e-02
4.3745961621e-01
-1.4572800584e+00
7.2049990620e-01
-9.0522598450e-01
-5.1297923275e-02
-9.4441859803e-01
-4.5781948835e-02
-1.3471755506e+00
-5.5740383963e-03
-1.4494206127e+00
-4.9835054565e-01
-4.1400940087e-01
-4.0458805387e-01
-1.9308533092e+00
4.9721998801e-01
8.9746191585e-01
-2.2926741420e+00
6.7385204866e-01
4.2913576942e-01
-1.0940180976e+00
-2.0187601235e-01
-8.5130466149e-02
-5.2736755640e-01
-4.6128096959e-01
5.8974086396e-01
-7.7665739389e-01
1.0656813417e+00
-2.4247244855e-01
4.6316073800e-01
5.7997955851e-01
1.9865478223e-02
-1.0938756551e+00
2.6123225218e-01
4.7946964936e-01
