1.6833527756e-02 -6.0597497333e-03 4.8346241802e-02 2.3800682428e-03 -2.9484961402e-03 4.0530412158e-02 -2.8348859250e-02 6.1324713059e-03 2.5856031973e-02 -2.9669960554e-02 1.9385818335e-02 -1.3381810831e-03 2.9643441669e-02
3.2433783040e-02 -8.4033126115e-03 9.3399981155e-03 -1.4126026878e-02 -6.0317564958e-03 8.6304212735e-03 5.7385631807e-03 -2.4399924359e-02 8.5542129459e-03 -9.7710154060e-02 -1.3353544106e-02 -7.4756295640e-02 -2.8027793580e-02
-1.0256009239e-02 -1.3692009050e-02 9.8499352548e-03 6.5338401164e-03 -5.1113122760e-02 -6.9593937423e-03 1.5225483445e-02 5.2346219095e-02 -2.7252855995e-02 2.8376302453e-02 -3.4380794139e-02 6.6973453912e-02 -9.3890944837e-03
-2.1400852104e-02 -3.1192728178e-03 4.4720974997e-02 -4.6605932815e-03 -8.4173963860e-03 -2.1818777396e-02 3.5605762472e-02 -2.2704411284e-02 -2.5022537261e-03 1.8726860728e-02 -2.2002919412e-02 1.0980994342e-02 -3.3817856101e-02
-3.5312342946e-02 -5.4169919022e-03 8.9541115069e-03 -2.5064562995e-02 -9.9565932599e-03 1.2475535568e-03 2.1571097068e-02 6.9318953620e-03 -9.9482106489e-03 5.4413901195e-02 -2.7467222751e-02 8.5703648080e-03 -7.0557711395e-02
8.4881227240e-03 -1.2006433075e-02 3.2166463431e-02 -2.0979996419e-02 1.7136234227e-02 1.1393923814e-02 1.9658644297e-02 -3.7472165706e-03 -4.0837223197e-02 3.4925119106e-02 -1.2153694355e-02 5.1299906283e-02 3.4891277573e-02
-3.5992904662e-02 2.1714760121e-02 -6.7560174060e-03 -1.7643204923e-02 -2.2676435401e-02 1.8136198526e-02 -2.2150151932e-02 2.0776380805e-03 3.6591675068e-02 6.1514443225e-02 1.9118469898e-02 8.9464084627e-02 3.1163137656e-02
4.7042043255e-02 2.6900147273e-03 -9.1935374480e-03 -1.2695347543e-03 -8.3365831999e-03 -1.6528887912e-02 -4.4985038439e-02 -5.6812865737e-03 1.2658356735e-02 1.5634722841e-02 -2.0133283322e-03 -1.5291575042e-02 -1.3028990680e-02
-5.7462361954e-02 1.1825111303e-03 -2.3577823330e-02 9.9444913102e-03 8.1049699349e-03 2.1158930840e-02 -1.2846212099e-02 4.3132038341e-02 1.0436270284e-02 6.7268098566e-03 -7.8727138951e-03 -4.0529620257e-02 -1.1111304086e-02
3.5024830526e-02 1.3361779250e-02 -3.2795199834e-03 -3.0919273431e-02 4.6000249785e-03 4.9441186759e-03 1.1522420729e-02 -4.1396165454e-02 4.3124811273e-02 1.9854535781e-02 1.5177355504e-02 6.1722309948e-02 4.6239924670e-02
9.3565970664e-04 3.8610735662e-02 1.1492168355e-02 -8.9106162318e-03 -8.9999242128e-03 -8.1499172786e-03 4.7014322064e-03 3.4234742446e-02 1.4525956665e-02 5.1466944835e-02 2.7774738487e-02 3.1676627478e-02 2.5438240738e-04
7.9150830757e-03 1.8492605157e-02 8.3515104671e-03 3.6968024633e-03 -1.2021640757e-02 2.9960369698e-02 5.0614645262e-02 1.9564028712e-02 1.0992328051e-02 3.4372684854e-02 -3.0812710948e-02 9.7788610854e-03 3.4225108810e-02
-1.5321323413e-02 -2.8452896865e-02 -4.0528193423e-02 4.2509193155e-05 -5.9663785018e-03 5.5046331771e-03 -2.0783584106e-02 1.8042906779e-02 -2.6892817214e-02 1.1173283385e-02 3.9627247048e-02 -2.7755440937e-02 -1.2336644207e-03
1.3206165088e-02 7.4088172836e-04 -1.2077640739e-02 2.3670136143e-02 -1.2538797167e-04 -4.6917024107e-04 -2.8680551349e-02 2.7700300867e-03 2.8020197159e-02 7.0350720192e-02 -4.3073359529e-02 -1.2531363528e-02 6.8184263918e-03
-3.2848565428e-02 1.1558620009e-02 -1.7257674265e-02 4.6193761131e-03 -1.9663296913e-02 -4.2610271998e-02 4.5111296202e-02 -1.7097602128e-02 -2.3798703046e-02 2.6649560122e-02 3.5507541443e-02 -6.7856937438e-03 -5.7312860310e-02
-2.1063033744e-02 2.9683023405e-02 -1.4771670675e-02 4.7369525636e-02 2.4008109317e-02 3.5114619825e-02 -2.9658200669e-02 1.6540501749e-02 1.0883979362e-02 8.4180492729e-02 5.0453155887e-02 3.7883660081e-02 -1.9372225540e-02
1.2781338161e-02 -1.0576493990e-03 5.0205213039e-02 -3.4746807424e-03 5.2765605094e-02 -5.3621262093e-02 3.2962362150e-02 -5.2816071897e-03 -1.2767015330e-02 2.5532416374e-02 -8.7526965624e-04 1.5927916077e-02 -1.5933533969e-02
-2.9200349380e-02 9.8897516813e-03 -2.9988562623e-02 7.4599785755e-03 2.7137926861e-02 5.4041652150e-02 2.5523763412e-02 1.9674100104e-02 1.2618532342e-02 8.3798420987e-03 -2.0052595478e-02 1.5716330290e-02 4.3295892986e-02
1.9695587852e-02 -3.4724116198e-02 1.0257924237e-02 -4.5088958162e-02 -2.5016156743e-02 1.6595204436e-04 4.0521450743e-02 -2.9834130147e-02 9.3666210755e-03 5.5330873348e-02 -3.5227376876e-02 -6.2338658730e-03 1.6123179961e-02
2.6504147632e-02 -1.6494383496e-02 5.2560921180e-02 2.1265329562e-02 -3.1691215267e-02 1.3300724480e-02 8.3460872545e-03 1.6020726298e-03 -2.4768415032e-03 2.8470470214e-02 -3.4927342452e-02 -8.8128687331e-03 3.9878397975e-02
5.7521535331e-02 -2.4605419080e-02 5.7366660367e-03 -7.1527685855e-02 3.3957027148e-02 3.6195171026e-03 1.2338490503e-03 -1.5108861892e-02 4.1530441257e-02 -1.7690162159e-02 6.1051671930e-02 3.6482836654e-02 4.4675116791e-02
2.5280219588e-03 1.6965642676e-02 -4.1380288642e-02 -1.4102600760e-02 2.3068001678e-03 3.6191057065e-02 -2.2806121182e-02 -1.1182834808e-03 2.9286209000e-02 -4.2906850098e-02 3.7141582375e-02 5.1597586862e-03 -1.7997694081e-02
4.9619151739e-03 -2.2675935355e-02 2.5070364626e-02 1.2230967717e-02 5.0224609600e-02 1.6586783132e-02 -7.6150678150e-03 -1.9205166239e-02 -2.7561113698e-02 2.4257108037e-02 -5.5724498323e-02 -3.2872183979e-02 -8.5276184375e-02
2.9497953304e-02 -3.5560011692e-02 8.4713123352e-04 3.5850418215e-02 -1.8028303381e-02 3.5317842798e-02 -3.4105096588e-02 -3.6625492465e-02 -1.1915295686e-02 1.1399279110e-02 2.2528661669e-02 1.8300258187e-02 1.9488160850e-02
5.3397023407e-02 -1.9735160467e-02 -2.8892260891e-02 1.7700070003e-02 3.2744098478e-02 -2.5621916977e-02 3.2492068254e-02 -4.2358805701e-02 7.7085297485e-03 1.9090723119e-02 -1.9974064157e-02 -1.2879584134e-02 2.7712927090e-02
1.7768615907e-02 -1.5473076144e-02 2.7897738944e-02 2.1885732481e-02 5.2595583782e-02 -1.3012192924e-02 2.3426352151e-02 -1.1994873026e-02 1.2485780212e-02 -1.1916457950e-02 -2.2661096330e-02 -3.0481205636e-02 5.1044782722e-04
-4.4230480478e-02 -4.4353429510e-02 -4.0441950171e-02 -3.5864772354e-02 -7.5468119299e-04 2.9685777657e-02 -2.5737874018e-02 6.2156672153e-04 3.7174681491e-02 -2.0505460589e-02 -2.2442487415e-02 -6.9991248122e-03 -3.5739407631e-02
6.0710112961e-02 -5.5322543858e-03 1.6804782744e-02 1.0557272816e-02 -1.7659497371e-02 -7.7471767340e-03 -3.0538015174e-02 -2.2254029960e-02 -2.8131440331e-04 6.7423110382e-02 -1.1661558293e-02 1.7463049337e-02 -3.1379426155e-02
-1.4153078072e-02 -5.1040063486e-03 5.2125739812e-05 4.3054356261e-02 3.2417612615e-02 3.2632588212e-02 3.9719740642e-03 1.2141361370e-02 2.8853722547e-02 2.1772951321e-02 -1.8345525129e-02 -7.0509731919e-02 -2.6203765217e-02
4.7020386142e-02 -1.7875347004e-02 2.2694169278e-02 2.4725806287e-03 -1.1147042860e-02 7.1659274061e-03 5.1747325120e-03 -2.2259394237e-02 -4.0213957652e-02 -9.3190781165e-02 -3.1379242419e-02 -2.6983061775e-02 1.8969224541e-02
3.5055115559e-02 -1.6264148946e-02 -8.7701944066e-03 2.4465565747e-02 -1.1780346941e-02 -2.2097329270e-02 -4.3618076944e-02 1.3039827756e-03 4.8550007016e-03 2.7332919373e-02 1.3528232752e-02 -8.0809612669e-03 -2.1709610417e-02
9.8470061310e-03 1.3414491980e-02 -2.4927715418e-03 2.9245421115e-02 -3.8410688613e-02 -1.2777739262e-02 -5.1103185884e-02 -1.1358646532e-02 2.4944013795e-02 -3.1633042927e-02 -6.1789705193e-03 -7.0015843398e-02 -3.4516353253e-02
-1.6703651467e-02 -1.6036239841e-02 -1.0479587601e-02 -5.5068243421e-03 -3.7840818227e-02 5.8970189940e-02 1.2617406524e-02 -1.7968631324e-02 3.6357425765e-03 -4.0865535466e-02 4.7398000734e-02 5.3094417404e-02 4.8740003748e-02
-1.4075067796e-02 4.0967651481e-03 -3.1963053066e-02 2.8192610889e-03 -3.5179629661e-02 -1.7546622557e-02 -2.0160025375e-02 9.4071292534e-03 -2.2995021298e-03 2.4823327311e-02 2.5733967653e-02 -5.9845975464e-03 -7.2412736572e-03
-4.3882568139e-02 -2.2447307697e-02 -3.6594069597e-02 -1.2287106912e-02 -2.1339044964e-03 -3.2234727515e-02 3.7223937468e-02 2.3742021020e-03 -2.6464622154e-02 4.6582279790e-02 2.1101292949e-02 -1.8896644508e-02 2.5370240231e-02
3.1572150993e-02 -3.2713558861e-02 3.4509082954e-02 -3.7048353106e-02 2.6198065984e-02 -5.8919549651e-02 5.5411184717e-02 -1.5308259862e-03 -5.8600073698e-02 -3.3790438495e-02 4.0261326904e-02 4.0360065450e-02 1.0315312317e-02
-7.0993025378e-03 4.3642407286e-02 -1.1171061587e-02 1.8106542758e-02 4.3055266815e-02 3.2266367442e-02 2.8684394301e-02 1.4180260205e-02 2.9436875043e-03 5.3460102077e-02 1.2594579200e-03 4.1607920877e-02 -1.8463977132e-02
-1.4628149094e-02 9.9123312708e-02 6.2264219963e-02 2.3157075220e-02 2.8593204551e-02 -1.7198508117e-03 9.8428511158e-03 7.5956027508e-03 1.1960792462e-02 4.9059018349e-02 -4.4293583715e-03 -2.7769110240e-02 -4.2540416512e-02
-4.0766458366e-02 3.4913097330e-02 9.6936499124e-03 -2.6468796303e-02 -4.5593265139e-02 -5.5558070301e-02 3.6171511720e-02 -1.1405973790e-02 -2.8525025488e-02 -7.1540210743e-02 -4.6872237307e-02 -2.5419504257e-02 -2.3648084163e-02
3.7010748772e-02 1.9605549202e-04 5.8590717796e-02 1.0824383182e-02 1.9480159445e-02 -5.7293189385e-03 5.4796142957e-03 1.5975441455e-02 -2.7531827805e-02 -2.9257677653e-02 9.7552442384e-03 -5.8778097103e-03 -1.7250370378e-02
-4.0596434895e-02 -1.2580639315e-02 1.1778983404e-02 -5.3516487598e-02 -6.9899564218e-02 -4.1560731536e-02 -1.1648225977e-03 -1.0409919687e-02 1.4955433529e-02 1.8853321341e-02 -2.7885779199e-02 7.5670706357e-03 -8.7428715056e-03
5.4105056126e-02 1.2117825233e-02 1.0601452960e-02 2.0492876706e-03 9.1426894455e-03 -5.1445372957e-02 6.3963953613e-03 -7.9246304418e-03 -3.3639515846e-02 2.3788004984e-02 3.9240284963e-02 -1.3859348104e-02 -4.7758582239e-02
-6.8644900410e-02 3.1650549361e-02 -6.0455450573e-02 -2.7224915227e-03 -4.4803458602e-02 -1.9195662032e-02 -5.2314386090e-02 2.8206294895e-03 3.0118761964e-02 -3.1532898785e-02 -1.5984884419e-03 -3.5025910334e-02 -1.6439638664e-02
-4.9358404297e-02 1.5139521608e-02 -3.1126675601e-02 -8.0946080347e-03 -1.5836998954e-02 1.6392876105e-02 -2.1155320080e-02 2.8363977492e-02 4.5624260052e-03 2.9020840528e-02 4.5481909412e-02 1.2902226793e-02 -2.5428207264e-02
-3.0637414903e-04 -1.9996586451e-02 1.6701724985e-02 1.1404352941e-02 -5.1676847225e-02 5.3724244845e-02 -5.9687651327e-02 -2.2206280829e-04 4.0219256358e-02 3.2961232034e-02 -4.7098220589e-03 3.3707763267e-02 3.3956576794e-02
-3.3500129554e-02 -1.9992982537e-02 3.7224651479e-02 2.2658029921e-02 -1.8130764201e-03 2.4620584638e-02 -7.1995827956e-03 -1.5383095334e-02 6.5409230059e-03 2.5925089422e-02 -2.6884723060e-02 -5.5631304114e-02 3.0950665370e-02
-6.3755416277e-03 -1.3205377335e-02 -2.9197158615e-02 -1.0741288030e-02 -1.4889618377e-03 -4.1547966276e-02 2.6684950729e-02 6.9426585451e-03 -1.6025404699e-02 6.2434232179e-03 3.9243271539e-02 -2.3647128601e-02 1.2408019674e-02
9.0263973356e-04 -7.1465802326e-03 1.3959250743e-02 -1.3929995476e-02 -4.7896808931e-02 -6.6471418174e-03 1.3284592199e-03 1.2005015383e-02 5.1780941698e-02 1.5266614597e-02 9.5479810845e-03 -4.3913878191e-02 -2.1822570896e-02
-1.3771316176e-02 -1.9295336387e-02 6.9972632003e-03 3.2035457040e-03 -9.9718484481e-03 2.5942876278e-03 2.3773515243e-02 3.2336641659e-02 -1.7627771390e-02 5.2310502887e-02 4.8137066183e-02 5.6361068295e-02 -5.9642696466e-03
4.2046642537e-03 6.2611072139e-02 -1.7634040450e-02 1.0776856112e-02 4.2249548188e-02 4.8146226068e-04 6.0501807118e-04 1.2312549570e-02 3.7094121884e-02 -6.2594180890e-03 2.1994985311e-02 2.3091351438e-02 -3.6360610860e-02
6.4903316803e-02 -4.3122611182e-02 5.2889681655e-02 2.9348897131e-03 3.5759572042e-02 5.4084425727e-02 -1.5045087123e-02 -3.8949600776e-02 -7.3779744612e-03 -4.4831967716e-02 2.2653226885e-02 4.3405519466e-02 -1.2931635985e-02
2.9710772064e-02 -1.6221362938e-03 8.0003641152e-03 -2.8412726585e-03 2.7420887107e-02 4.5673919555e-02 9.7887804122e-03 7.1993126370e-03 -5.2649786110e-03 5.3873365815e-02 9.0253419350e-03 4.0805498829e-02 2.3324755464e-02
1.4393250852e-02 3.4025369449e-02 -6.1003206378e-02 2.5700881290e-02 5.1241051378e-02 3.3474147136e-02 1.1097375524e-02 -6.6154352230e-02 1.5783852771e-02 3.9234043534e-03 -1.3704641963e-02 3.2547575244e-02 2.2789326431e-02
1.7684650688e-02 2.2759404344e-03 4.6144338369e-02 -4.4325338451e-02 1.1281499502e-02 4.4099386494e-03 5.8037699222e-02 -1.0788882973e-02 -3.2133194768e-02 3.4668035127e-03 -2.9643197946e-02 -1.8872482224e-03 -2.1083847925e-02
-5.0145612392e-03 1.4387158999e-02 -7.5236532826e-03 -1.2381511984e-02 4.6511351163e-02 -2.6577369711e-02 -2.6111549154e-02 4.8792980471e-02 5.6980959982e-02 3.4254565180e-02 3.9379098911e-02 -1.8743326126e-02 -3.1214311584e-02
-1.7311823967e-02 -2.5730737701e-02 -1.3481822801e-02 6.7774048734e-02 8.4256311048e-03 3.2648784706e-02 1.8117681439e-02 -2.2870087940e-02 8.9127393376e-03 -4.2445046373e-02 -1.5637753305e-02 5.3360313649e-02 3.8123586336e-03
-3.3340235480e-02 -4.7244254697e-02 2.8094376922e-03 -4.3604528457e-02 -4.0491701167e-02 2.3319151800e-02 2.4578208268e-02 5.8992414187e-03 -2.8521801255e-02 -2.1138203230e-02 1.0904123187e-02 -6.0708195556e-02 -1.9818673707e-02
2.8291357138e-02 -1.9264915016e-02 4.5423170876e-02 -3.7168356428e-02 1.3441886799e-03 2.2058393784e-02 3.4406759707e-02 -2.2703240809e-02 1.3294313342e-02 3.6818281854e-02 -3.7891977104e-03 -4.6245365222e-02 1.8603285694e-02
-4.0924240224e-02 -2.4306910215e-03 -5.8325127859e-02 4.2555273277e-02 2.1608182103e-02 6.3083683370e-04 -4.0339152464e-02 4.7719414159e-02 2.3446430618e-02 1.1633881206e-02 3.4499597263e-02 6.6244660136e-03 6.1417457937e-04
-1.1341568007e-03 1.9524365399e-03 -5.2178340699e-02 8.4979310436e-03 -2.0544455748e-02 -1.0813981789e-02 -7.9860006122e-03 -4.1352772526e-03 7.9379984217e-03 -2.9752204942e-02 -5.1086205936e-02 -2.0570457056e-02 2.8000420349e-02
-8.6323895744e-03 -4.2071063068e-02 -6.2698000402e-03 -1.1554045056e-03 -2.0219860547e-02 5.4896640727e-02 -4.4650418258e-03 2.9644782223e-02 6.3510445474e-02 3.2516773850e-02 9.7924054400e-03 4.0815554149e-03 -1.0844707840e-02
1.1157005142e-02 -8.7780159220e-03 -1.3315032483e-02 4.6381009823e-02 2.4912835179e-02 2.4575209774e-02 -2.2959294056e-02 -2.1081373356e-02 1.2761285138e-02 2.1005171483e-02 -6.4614180378e-02 -5.1786754417e-02 -4.2548270308e-03
-9.5679462806e-03 -1.2751886414e-02 -8.3529211801e-02 8.6496913498e-03 -1.5871051933e-02 -3.7259780303e-02 -2.0729872637e-02 -1.6450199704e-03 3.6253074739e-02 2.3978198280e-03 -1.0775038507e-02 1.3729371029e-02 7.5747817307e-03
-3.1703826505e-02 -2.2071081891e-02 -2.7083340934e-02 -2.1155464421e-02 -8.0016045250e-03 -9.3079199140e-03 2.0129548598e-02 -5.0846024040e-02 -4.4008727110e-02 3.2060443422e-03 -3.5074427357e-02 -3.7833420612e-02 2.1475765100e-02
-5.4580870167e-03 -1.3254658657e-02 -3.6344317383e-02 1.9491322988e-02 2.5396670771e-02 7.4486384182e-03 3.9983352672e-02 -7.8249990592e-03 -1.8599873625e-02 2.5503553960e-02 2.1226923215e-02 -3.0340835520e-02 1.7105320546e-02
7.9366993913e-03 -5.8617102282e-02 6.9229633093e-03 1.6974841741e-02 -2.8942693882e-02 2.7813384025e-02 -3.1726318393e-02 -3.6287109801e-02 -3.7069683762e-02 1.3121835559e-02 7.1932725045e-04 2.1290172605e-02 5.3905162677e-03
2.5084609146e-02 -1.3150313086e-03 -2.3187770678e-02 3.0855680382e-02 2.4691090129e-02 3.3554198947e-02 -2.8155212825e-02 8.7154770709e-03 3.3080258479e-02 5.5147609020e-03 2.6361009451e-02 1.1425715787e-02 7.3498474407e-03
-2.8316740603e-02 1.0665034063e-02 7.3376095713e-03 -1.3478447314e-02 -4.8919062803e-03 -2.4939615273e-02 3.7895559004e-02 2.8446208509e-02 -3.3740461226e-02 2.2399758139e-02 -4.7806692859e-02 -2.7334151017e-02 -1.2856968064e-02
2.2889224783e-03 -4.5675377433e-02 -2.1022889237e-02 1.1227581908e-02 1.5843663680e-02 3.8313049621e-02 2.1108720076e-02 1.1549744161e-02 -4.3280169410e-02 4.2951402321e-02 -2.3820167954e-02 -3.1713189015e-02 -9.6148499867e-03
-2.4671838728e-02 -1.0481703960e-02 3.9243284161e-02 -1.5606857489e-02 1.3856814077e-02 8.9378258905e-03 2.3010213089e-02 -1.9390229075e-03 1.2089815502e-02 1.8996985502e-02 7.8187270837e-03 2.9731565062e-02 2.4290817500e-02
-3.4468958136e-02 -2.3369786082e-02 -1.7359292210e-02 1.7137412698e-02 2.3870357553e-02 3.8321141489e-02 3.1816999835e-03 2.4622559131e-02 -2.1932100888e-02 4.8024947938e-03 -6.7998442291e-03 -5.1848477188e-02 4.5692037154e-03
8.2722803073e-02 7.8437125635e-03 4.0704207781e-02 -2.8325029125e-02 -1.4235466324e-02 -2.8602745130e-02 -3.0379477096e-02 -1.4993449942e-02 -4.9207947839e-02 5.0645906293e-02 4.3409062753e-02 8.6797026841e-03 -6.1920613892e-02
3.3254091531e-02 3.2611660281e-02 2.8975365215e-02 -2.6107912568e-02 1.8836848797e-02 7.1287985912e-03 -1.4375719364e-02 -3.5964674847e-02 -1.8546853368e-02 3.0909323110e-02 -1.4018112118e-02 -1.1470251933e-02 -1.5430629872e-02
-4.6126268472e-02 3.5484033117e-02 -3.3963015637e-02 2.9649450495e-02 -2.7016104105e-02 -1.2433622813e-02 1.6465765705e-04 -6.8061072111e-03 7.6101667222e-02 -1.9363080450e-02 -2.2484649660e-02 3.1588273859e-02 -8.6983392775e-03
1.7919086439e-02 3.4477342949e-03 1.2607923912e-03 -2.0714399183e-02 -3.9600343560e-02 1.8608236945e-02 2.7491631725e-02 -3.8033153659e-04 -9.9911574266e-03 5.2546202038e-02 -4.9973049988e-02 2.7420594269e-03 1.1053809329e-02
1.0254934191e-02 3.8618539623e-03 7.2252829593e-02 -3.2795937720e-02 -2.0799807916e-02 -1.5154010404e-02 2.4799062715e-02 -6.8814720756e-03 -2.6672596130e-03 -1.0316308539e-02 -5.2781107865e-02 -4.9907271319e-02 5.7239885394e-03
2.2393316419e-02 -1.5354902960e-02 -5.7760832696e-03 4.1679036088e-02 -2.4882526774e-03 1.5157783296e-02 -4.9643216367e-02 -8.9759072257e-03 2.5020822937e-02 1.8400510484e-02 7.1137227856e-02 5.6376527191e-02 1.8997773046e-02
4.5065481488e-02 -1.5534939200e-02 2.6911802702e-02 -4.8037584143e-02 2.0691051503e-02 -4.6425104020e-02 -6.1300970574e-03 -2.0312126530e-02 2.5795374118e-02 7.4029486869e-02 -9.4679533687e-03 -7.1214067130e-03 -2.5183517425e-02
1.0701822557e-02 1.1878278751e-03 5.5111643019e-03 -5.1408662126e-03 -3.7746547921e-02 -3.7875489748e-03 1.5531459547e-03 -1.9337708399e-02 2.6245367308e-02 2.3908413668e-02 1.4222257779e-02 9.1059580958e-02 1.0636798723e-02
-1.4300441025e-02 3.3518962444e-02 -5.5884403300e-03 -1.9548536521e-02 -3.4853529311e-02 -1.2990397207e-02 1.9949659534e-02 2.0414541547e-02 -2.6618298333e-02 7.3984215408e-03 -4.2677401010e-02 -6.5507179673e-02 -4.2488326053e-02
1.1533163987e-02 1.9683403007e-03 2.1153735876e-02 3.4242098427e-02 1.0212167080e-02 1.3042406590e-02 -8.5945343258e-03 1.2638735719e-02 3.7762404069e-02 6.8672949454e-02 3.5759145298e-02 -3.3404805284e-03 -5.5012494297e-02
2.0192563118e-02 -1.8776397060e-02 -6.5392855651e-02 3.9026869429e-02 4.5857309864e-02 8.0421105370e-03 -3.9758171487e-02 -1.0953267690e-02 2.1701858879e-02 1.7704522448e-02 4.2784162997e-02 7.1920538923e-03 3.3411269127e-02
-3.1855922067e-02 1.5813673617e-02 -2.3865151576e-02 5.9521453496e-03 -1.1636259526e-02 5.3583751416e-03 -7.7898657731e-03 1.1574718839e-02 3.7081763833e-02 6.7493939073e-02 -4.4120003337e-02 -9.4646672510e-02 -7.0887551128e-02
-4.2247437536e-02 1.2965797973e-02 -1.5142410385e-02 -3.2351912217e-02 -1.3133999657e-03 2.2786427699e-02 5.2908580809e-03 1.8420039360e-02 1.0562350007e-02 3.7352732926e-02 -1.2128753725e-02 -2.3849486402e-02 -3.8443412761e-02
7.6299555609e-03 -2.1874208850e-02 -2.5725422582e-02 -6.7024102625e-04 -3.7200586599e-02 3.6984547374e-02 3.0319941385e-02 -2.7143006045e-02 -2.1196366913e-02 1.6019049047e-02 -3.7653846698e-02 5.4631116608e-02 3.6454620429e-02
1.2653326852e-02 -3.3980835774e-02 -4.7633520254e-02 5.4434716895e-03 5.5446158498e-03 2.3172471215e-02 -4.4699701523e-02 -6.3044277375e-03 3.2583237644e-02 7.2132242754e-03 1.9047714794e-02 3.7366363594e-03 -6.5043425041e-02
3.6242123141e-02 -1.0655313600e-02 1.6410099665e-02 -1.1135413314e-02 -2.4754594944e-02 4.1002654131e-02 -1.0826940566e-02 1.0096591276e-02 2.6198655483e-02 5.2033059042e-02 -2.5795446520e-02 4.5588902926e-02 -1.9707592940e-02
-2.8334090348e-02 2.1873912483e-02 -3.9092854073e-02 -7.5513233515e-04 -8.8525897667e-03 4.5596603147e-02 -2.1993670797e-02 1.3004979451e-02 2.0461209699e-02 2.4229721603e-02 2.0553467655e-02 -1.0714372545e-02 2.0904208953e-02
-3.2435561292e-02 4.4179879640e-02 -1.1442376156e-02 -5.0451076771e-03 -3.1178590326e-02 -2.3862406187e-02 -2.3310775189e-02 -5.7529382397e-03 2.2097439003e-02 3.1625940899e-02 5.8973654583e-02 2.8239897366e-02 -1.9665899100e-02
-3.0151359664e-02 -2.4962864425e-02 2.3312425675e-02 -2.7281392716e-02 -2.5366357391e-02 -2.2661141060e-02 2.2779579434e-02 1.4348315687e-02 -4.7536748774e-02 -6.0660245959e-02 -3.5018882371e-02 -5.9407560039e-02 -1.6108666246e-02
4.2415605747e-02 9.3865386700e-03 1.3908622150e-03 2.8288319515e-02 -3.5908909799e-02 -2.9033791118e-02 -1.3562995634e-02 -4.0177448286e-02 -3.7839079794e-02 1.4714869610e-02 -5.5853602865e-02 -2.3447840257e-02 3.6758522309e-02
4.8002033024e-02 -3.0597234254e-02 1.0979115568e-02 -7.6419830228e-03 1.9946158242e-02 -1.4369727973e-02 4.0704260312e-02 -2.5971828315e-02 -4.5467700041e-02 -5.4257744808e-02 9.8424678463e-03 -1.9956957894e-02 8.6900912541e-03
-3.2659858236e-02 -5.8538480018e-02 -3.9256533887e-02 4.3060701673e-03 2.5902257569e-02 2.5141809064e-02 -4.2926304184e-02 1.6419861027e-03 2.1735216926e-02 2.3747921885e-02 -9.2523454793e-03 1.6040828570e-02 -7.0020900000e-03
-9.0837843405e-03 4.6253147079e-02 1.9225369045e-02 -4.3910129061e-02 3.4023553979e-02 -8.0138910551e-03 2.9026470972e-02 1.3393193423e-02 -6.1547373757e-03 3.7370581372e-02 -8.3685755692e-03 8.1524883970e-03 -5.2196645343e-03
-8.2240270848e-02 3.5789340205e-02 -4.6733134127e-02 -1.4135664311e-02 -4.3738684734e-02 -2.7259952503e-02 -2.9203457724e-02 6.1200458501e-02 4.7889806053e-02 -7.0269646745e-03 9.3784237196e-03 -1.2038385358e-02 -1.8774391753e-02
1.9526812187e-02 -2.2978185065e-02 -1.7073449235e-02 4.1402198471e-02 4.7739980771e-02 5.0825231200e-02 -1.8683572520e-02 -1.5341145441e-02 2.9901481993e-02 5.0276909073e-02 1.2048426837e-02 2.9670718565e-02 2.2931529850e-02
-3.0963649622e-03 -4.3003144321e-02 -3.9750997150e-02 -3.2336986796e-02 -2.2355221309e-02 -3.0634415224e-02 6.6951311751e-02 -3.4750463937e-02 6.4707882812e-03 4.1199358079e-02 3.6603239142e-02 2.7388835565e-02 -8.0193452439e-03
7.2789205961e-02 -3.6142746467e-03 5.4488641781e-02 -6.4747979760e-02 -2.4818187559e-02 1.2191901304e-02 -1.4330072746e-02 9.9733743602e-03 -4.0758982860e-02 -6.6935325711e-02 -1.6620887881e-02 -4.0963492302e-02 5.2519862201e-03
2.8642154926e-02 3.5344872757e-03 3.7994116652e-02 5.9417227091e-04 -1.9770705336e-02 1.6569048650e-02 -3.0930966211e-02 -1.3523748717e-02 9.8073344360e-03 1.5521813523e-02 -2.5535939943e-02 5.9973960879e-02 -4.2485675019e-02
5.4266353738e-02 -2.1050565731e-02 3.8901390178e-02 -4.0876181737e-02 2.6850328307e-02 -1.2857762210e-02 2.1314320825e-02 -9.5696908457e-03 -2.9816329450e-02 1.8200941705e-02 1.4241311102e-02 -1.0210235229e-02 -2.7737465987e-03
-4.0706540282e-02 -3.4306031472e-02 -4.5962904322e-03 1.1348168427e-02 -1.3149846428e-03 -1.8632827721e-02 3.4533674724e-02 3.1712315311e-02 -2.3266120063e-03 -2.2055947851e-02 3.2536737668e-02 -2.3476729695e-02 2.4728903293e-02
-3.0465273660e-02 -1.9432718698e-02 -2.1384742070e-02 4.2855923966e-02 1.9597780794e-02 3.4953635730e-02 -8.0380776750e-03 2.5761228734e-02 4.8961410711e-02 7.3328637299e-02 -8.9481828930e-03 2.7763201148e-02 2.3669842217e-02
-6.4933346036e-06 -2.1652639131e-02 -3.2282017769e-02 2.8516018547e-02 -2.2545873946e-03 1.0799334580e-02 -9.0760321648e-03 -2.0605561739e-02 2.9127831699e-02 -2.5818581077e-02 2.2298231297e-03 1.9366345233e-02 2.5962435042e-02
-3.6734361971e-02 2.8140104131e-02 -1.7500516507e-03 -7.8168176857e-03 3.6795919288e-02 2.1129998989e-02 -1.2687282054e-02 2.9922537940e-02 -1.9451161406e-02 -1.2345840064e-02 5.3752982634e-02 1.4588540616e-03 2.0555057589e-02
6.9117041021e-04 -3.2058239702e-03 -1.5199179454e-03 -3.4763039522e-03 -1.6162145825e-02 6.3016770613e-02 -4.6915171660e-03 1.2685007601e-02 3.9990179525e-02 -3.3063351206e-02 5.1577924720e-02 -3.3454052105e-02 3.2874124907e-02
8.5268388840e-03 -7.7389626976e-03 1.0190422807e-02 -4.7800906443e-02 -2.8038026766e-02 1.2145231422e-02 2.9049172403e-02 -1.7120790473e-02 -3.9888458591e-02 1.8443394093e-02 -2.8561587799e-02 -4.1733471387e-02 -4.7168836553e-02
-2.7294919033e-02 9.0093570786e-03 -4.8776680284e-03 -4.2054628303e-04 -2.6244079962e-02 5.5922634141e-02 -1.5815340446e-02 5.3567847226e-03 3.1259664675e-02 2.0314161199e-02 9.9784224572e-03 3.9783320868e-02 8.8601451023e-03
4.6370091510e-03 -3.1632965319e-02 -5.4951454506e-02 9.5202673142e-04 2.5475642558e-02 -2.6387975454e-02 2.5292915723e-03 -1.2100414269e-02 3.3496746137e-02 4.3611361932e-02 2.8771108819e-02 1.0381022810e-02 1.4311647668e-02
3.2044881303e-02 -1.6912920232e-02 -4.1501449097e-02 -1.1822751900e-02 -1.2511332144e-02 -1.4777380391e-03 -4.4710352315e-02 2.7049018893e-02 1.3290774183e-02 2.5880973060e-02 2.2643434847e-02 -1.7849199935e-02 -1.2223073022e-02
1.4243490815e-02 -3.3882122889e-02 -3.9068235159e-02 3.6867510303e-02 -2.0940334065e-02 -8.6520796059e-03 -1.5155154097e-02 -5.3141864564e-02 -9.8052999482e-03 -3.9491344992e-03 -2.4989373997e-02 3.1418342036e-02 -2.4421286146e-03
4.0056377292e-02 -1.9835856016e-02 3.2227849511e-02 -2.7428530481e-02 -2.3169142250e-02 -1.3279920662e-02 2.3644275662e-03 -6.1850583776e-03 -1.9278946583e-02 -7.0636039151e-02 -4.5303560739e-02 -3.5487881847e-02 4.6945269070e-02
-1.9790662364e-02 -1.1205335788e-02 -1.2473280666e-02 2.5071181295e-02 -3.7532137846e-02 -3.4673169301e-02 -6.1953132975e-03 1.0559016020e-02 1.4570176258e-02 2.3248141334e-03 -3.5190771661e-02 -4.8535052523e-02 -8.4041609630e-03
3.3418190799e-02 6.0636060532e-03 -5.1048174714e-04 2.8784796879e-02 -3.4823375275e-02 -4.8705373246e-02 8.3312329412e-03 -5.1732166386e-02 3.6409809907e-02 -4.5910777420e-03 -1.3878661067e-02 7.1970812544e-02 2.3629902733e-02
4.0116337361e-03 -1.7307850073e-02 -1.6125230309e-02 9.0452366623e-03 -4.8687398295e-02 5.5270255953e-02 -8.4237796450e-03 4.9341955504e-02 1.9553673752e-03 2.3275197903e-02 3.6601408924e-02 6.2439934274e-02 -2.2678704059e-03
-3.5876831123e-02 -1.1209246624e-02 -6.0320119595e-02 -9.1898110223e-03 -6.7097130516e-03 -1.3211855471e-02 1.3655834595e-02 3.4264664982e-02 1.6073522814e-03 7.9062379819e-02 -5.0042012971e-03 1.1702444863e-02 -3.9428520806e-02
3.4094759867e-02 -2.1436092307e-02 5.4299061321e-02 -2.6063995403e-02 1.3294059368e-02 2.8183118519e-02 7.3068078419e-02 -2.0307902600e-02 -4.9026567570e-02 -4.5020975696e-02 -2.3569542730e-02 -5.6679859720e-02 4.0236887368e-02
3.1565424665e-02 -1.9205244974e-02 2.3696527212e-02 -7.3468202870e-04 2.5190544548e-02 -4.9678097002e-03 4.7499251172e-02 -3.7983510269e-05 -2.0101905972e-03 6.0082406592e-02 -3.5392643121e-03 5.0219234923e-02 1.9026266544e-02
-3.4683755103e-02 2.2483531005e-02 -3.7379140421e-02 -3.4306673780e-02 -3.7174673132e-02 -3.9346437795e-03 -6.6309642157e-03 1.2026522293e-02 6.1565520551e-02 -7.3434394417e-04 3.7344109362e-03 2.7721226731e-02 1.4593232261e-02
-7.3968105923e-03 -6.4851442035e-03 -3.2214651342e-02 -3.7093729738e-02 2.2283892121e-02 -6.2080287634e-02 -2.9306262609e-02 2.8651786837e-03 -2.1879934483e-02 -6.4446934400e-03 7.5404025205e-02 -3.9891491202e-03 -5.9455163418e-02
-3.9291666031e-02 1.6674245723e-02 5.8820547851e-03 1.6208256755e-02 -4.5640174430e-02 3.8496712725e-02 2.5705808642e-02 4.2927638622e-02 1.9907486862e-02 1.0489971388e-02 3.8378419029e-03 5.5340896634e-02 -1.7402904121e-02
-2.4592644305e-02 4.8971038420e-03 -7.7766692724e-02 -3.7026780099e-02 -4.0715217680e-02 -9.5025860967e-03 -3.8527009338e-03 5.8013341221e-02 1.5127146226e-02 3.2857899420e-02 -2.6837436738e-02 -1.2299026614e-03 4.6329293587e-03
-2.6766456978e-02 -1.3762494636e-02 3.5799383963e-02 -9.3854094881e-03 1.5741229359e-02 -1.5115004172e-02 2.2080768727e-04 -3.8625752721e-03 -2.2463764209e-02 6.8913553962e-02 -2.5930855497e-02 2.4538320688e-02 4.7282493476e-02
-3.1711622152e-02 2.8153559683e-02 -4.1377952132e-02 1.9624135680e-02 7.1494339982e-03 -4.1609006535e-02 -1.9848251977e-02 4.9312326242e-02 1.8122607350e-02 9.9473805609e-03 1.6283814040e-02 -3.1677600749e-02 -4.1497366957e-02
2.8918072939e-02 3.7355966743e-03 3.4228035690e-02 4.0012791313e-02 -6.4016459211e-03 -4.5487510209e-02 -4.5087097892e-02 -1.5071348589e-02 -3.7052258227e-02 7.1339389150e-02 -2.0886113512e-02 -2.2702549357e-03 -5.4333413793e-02
8.8904004190e-02 8.1655451805e-03 5.0757912778e-02 -3.7362592500e-02 7.1687517433e-02 -3.1309002804e-02 -6.4203936304e-02 -1.9584095557e-02 -3.6661642054e-02 -7.3968415808e-03 6.2665328908e-02 -4.8870654260e-02 -6.2536660844e-02
1.5831400144e-03 -1.8337151305e-02 -1.8434210794e-02 4.6079934867e-02 3.2050642455e-02 -4.8132268743e-02 -4.3689305941e-02 -2.6824390769e-02 7.9733188034e-03 3.2260529682e-02 3.6602295333e-02 6.7198873030e-02 -1.4346404396e-02
2.8044708220e-02 4.3194474371e-03 1.8548064897e-02 1.4145574236e-02 -1.7118670278e-02 -4.7920699143e-03 -1.6554671681e-02 -2.0810099502e-02 6.9378716038e-03 6.1479570364e-03 2.0456020209e-02 3.8779705538e-02 5.4969804180e-02
9.6744242211e-03 -3.1839862455e-02 4.3171967488e-02 2.0049732776e-02 1.4496548553e-02 1.7278532295e-02 7.3498279032e-02 -2.9623717719e-02 -3.6374760167e-02 -1.8316204305e-02 -9.0504225189e-03 -1.6713311636e-02 -7.0064494682e-03
2.3975296241e-02 -1.6624608448e-02 -2.9829075731e-02 -9.4530159825e-03 2.4638900285e-02 -5.3751030708e-02 3.0752062415e-02 1.5361614474e-02 -4.1366293202e-02 2.9038737602e-02 -3.7838651169e-02 1.1294814283e-01 1.5191624585e-02
-2.9820512328e-02 4.8820617590e-02 2.5528922067e-02 -3.0136892339e-02 -6.7069536036e-03 -1.6992290540e-02 -1.8818594774e-02 9.4146046142e-03 2.4433742076e-03 2.2985212159e-02 7.6390117056e-02 -5.2205746289e-02 -2.4078135280e-02
2.5195115675e-02 -4.3992478834e-02 -2.3813009521e-02 3.7195459978e-02 -2.3043036352e-03 4.1684286983e-02 1.9295453714e-02 3.4060403763e-03 -2.9492890557e-03 8.4616446825e-04 9.9923608766e-03 4.0968805982e-02 -1.5243882985e-02
2.1394894330e-03 1.3106401334e-02 3.3935206256e-02 -1.4818991350e-02 6.6995321568e-03 4.5338784509e-02 1.9846837716e-02 3.6190929156e-02 5.7266410344e-03 -3.4118030238e-03 1.1008562260e-02 -2.0834508214e-02 -1.2869788133e-02
2.4618574907e-03 -2.0787157192e-02 6.4543547331e-03 2.3510372728e-02 -6.3594838004e-03 3.8875790311e-02 -2.6767603999e-02 -2.4692027743e-02 3.4610197229e-02 -3.3556358460e-02 2.9478792639e-02 7.2686321742e-02 3.9366925670e-02
-3.8491305185e-02 -2.7207976837e-02 -2.4819107484e-02 5.8745781675e-02 -2.6367100912e-02 -3.3000084214e-02 -4.0246779030e-02 1.0326069126e-02 1.7367652498e-02 -2.5624209560e-03 2.0694994743e-02 -5.3414965538e-03 7.6201458116e-04
3.5974431724e-02 -6.0890845976e-02 -3.0248633459e-02 -5.9971266673e-03 -1.0784938451e-02 6.9906745558e-03 1.1644145934e-02 -2.2562877246e-02 1.3801784765e-02 -6.3704162208e-03 -2.1850232767e-02 8.8117151140e-03 8.4995422810e-03
2.0257791170e-02 -1.7570529395e-04 5.3271627652e-02 3.9502795491e-03 1.6955198410e-02 5.4783846734e-02 2.2092876486e-02 4.8963426187e-03 1.2955042121e-02 -1.2033699003e-02 1.7536841524e-02 7.5462536159e-03 6.3200509711e-02
-4.6314184894e-03 7.1297508829e-03 3.1692062380e-02 4.2820832014e-04 5.1450240548e-02 6.4475906284e-03 -1.1424096530e-02 1.4244810332e-02 -2.0490692581e-02 6.2068136047e-03 1.6483726266e-02 -1.0044804307e-02 -1.7700685635e-02
6.0932488510e-02 3.4647768509e-02 5.7331507674e-02 4.8136326113e-03 4.7090450961e-02 -9.7540402257e-03 7.4561433926e-03 4.6671827061e-03 -1.2195204174e-02 4.9752214666e-02 2.6926186108e-02 2.2383031394e-02 -1.7637788416e-02
1.8264238765e-02 -1.7237918817e-02 -2.3931195205e-03 1.2275629354e-03 2.8205129266e-02 1.3913748295e-02 8.9765955081e-03 1.9463276440e-03 1.8607224342e-03 5.4265174685e-02 2.6114556498e-02 -2.3724428757e-02 -1.7579983400e-02
3.9120422632e-02 -1.4095051016e-03 3.4869003014e-02 4.2430871986e-02 -2.8317199108e-02 1.2236979333e-02 2.9977575941e-03 -2.7118003751e-03 2.3147715595e-02 1.0230992259e-01 -1.1753090144e-02 5.2581819933e-02 -5.8204021230e-04
1.4587712079e-03 1.6244091555e-02 6.0649293391e-02 6.0283851422e-03 6.6427424951e-03 -1.2089705734e-02 2.7995826369e-03 -2.4018438346e-03 -3.7831185326e-02 1.6808107849e-02 -1.3259408767e-02 1.3629071000e-02 1.9170773918e-02
-3.1093018248e-02 2.7936916747e-03 3.7821680190e-03 1.7366778656e-03 -3.4767374407e-02 8.1113148564e-03 1.7407228471e-02 6.1451259800e-03 -3.9182860586e-03 5.8192919900e-02 -3.0181914191e-02 2.3944147964e-02 2.4318034648e-02
5.7727359090e-03 -1.6166310496e-02 -4.1093844909e-02 -4.8786227051e-02 -3.7128207966e-02 -7.9100344855e-03 1.3272568435e-02 2.7869717543e-03 -4.4910657868e-02 -3.8479327265e-02 2.7019137404e-02 4.0264750252e-02 2.8198373872e-02
2.9008308513e-02 2.9705194514e-04 2.6931508947e-02 3.0932038597e-03 2.1028139274e-02 -1.3834558463e-02 1.2004655060e-03 7.0875857701e-03 2.5317795861e-02 3.6311067178e-02 -8.9089091441e-03 -1.0279483332e-02 -4.0662151982e-02
6.3172166654e-03 1.2662786232e-01 7.0539239842e-02 1.3867378909e-01 1.4127313715e-01 1.6194683113e-01 6.0130203261e-02 2.9568179760e-02 -5.2682582619e-02 -1.1972574885e-02 -1.7432671968e-03 2.2948873403e-02 -5.0225665166e-02
-4.5349622062e-02 -1.4752543486e-02 4.4660264365e-03 -3.2833737704e-02 -4.7727484554e-02 -8.5968713298e-02 7.5855758992e-03 9.5256472010e-04 -8.5350896611e-03 -3.9764237375e-02 -7.8301242261e-03 9.3625335695e-03 -9.0868545500e-03
3.0648557719e-02 -5.8662438216e-03 6.4056645845e-03 -2.2604432412e-03 4.3501761423e-02 1.6737495056e-02 -9.6509385906e-03 1.6374451515e-02 7.0202766447e-03 4.4172299111e-02 6.1544408830e-02 1.2525298344e-02 8.5182931249e-03
-2.6607783297e-02 8.2913133515e-03 -6.5417351500e-03 1.3737624757e-02 2.4531599272e-03 3.5099654993e-02 -2.4341736140e-02 -2.2322794551e-02 4.1412675055e-02 3.6246086445e-02 3.0273899943e-02 -4.5453286362e-02 8.1862582752e-03
2.5343021626e-02 -2.5436238434e-02 1.8469428020e-02 -2.2581161309e-03 -8.5801070691e-03 3.4739977797e-02 1.4726148594e-02 2.3904685454e-02 4.3886219381e-02 -2.2972988410e-02 -4.7049349402e-03 -2.4141135779e-02 1.1378477819e-02
5.8648852245e-03 2.1828032932e-02 2.9276561416e-02 2.0959808424e-02 4.5549948953e-02 4.3727125236e-02 3.0137259861e-02 2.1682774122e-03 -1.4973388449e-03 -5.7165633973e-02 1.9314646850e-03 -1.5683934734e-02 5.3404027061e-02
-3.1195728885e-02 -1.6887168370e-02 3.5503023021e-03 8.5056825629e-04 2.6688894437e-02 -1.4977976519e-02 5.5180494984e-03 2.4793956160e-03 -2.3573178124e-02 3.7230812384e-02 -3.3671675975e-02 -2.1035631410e-02 -4.6768817028e-02
-1.8523995299e-02 -7.4847039140e-03 -4.7971144680e-03 2.5514462419e-02 -4.3439833910e-02 8.3727820720e-03 -8.5651151761e-04 -4.7259883320e-03 1.3082069613e-02 3.9033645524e-03 3.9907809060e-02 1.1872147896e-02 1.5869868801e-02
1.7721966062e-03 1.6989389940e-02 -2.5627391338e-02 9.0947905809e-03 -3.2469066229e-02 -2.7260399583e-02 1.3328589283e-02 -1.8978262651e-02 -1.7898654288e-02 -1.1728113410e-02 -8.7042224264e-02 -7.9404842241e-02 1.0129809686e-02
-1.4184711853e-02 4.0612105824e-03 1.9822689784e-02 1.5037508310e-02 -1.2255399688e-02 4.3064771019e-02 -3.3137033664e-03 -9.6969322902e-03 -1.2483046917e-02 1.8758699764e-03 8.5807373019e-02 4.7533373572e-02 -1.8859583272e-02
-1.6974591813e-02 3.3349988889e-02 8.1255338791e-04 -2.1787981784e-02 1.4070014578e-02 3.3475126999e-02 2.6362670588e-02 8.3781996484e-03 1.8091574497e-03 -2.9197302893e-02 -8.4582746062e-04 6.5322506823e-02 3.8041052576e-02
1.1021181417e-02 8.2915209806e-03 8.4298274816e-03 -1.8276323862e-03 -2.5639429613e-02 8.6281607957e-02 -1.0530335846e-02 -3.7239652398e-02 -1.8917975633e-02 2.8224387570e-03 -2.5484493240e-02 -8.1448938086e-03 2.4106699507e-02
-2.3576500607e-02 -1.8635537918e-02 -6.3121056743e-02 2.1233875672e-02 -1.0830261700e-02 4.0803211346e-02 -2.5481140059e-04 1.2392918148e-02 -4.6091148080e-03 5.8600762538e-02 -8.0928747374e-03 3.4106825876e-02 -1.7968923493e-02
-2.5439635511e-03 -1.0124736976e-02 9.8256647587e-03 7.6242515162e-03 5.2588218018e-02 9.2388650875e-03 4.6532137830e-03 -2.8251234737e-02 -4.2954611701e-02 4.5028267278e-02 1.9179111397e-02 8.6482600190e-03 -2.7551172788e-02
-3.9010309184e-02 -3.8851460677e-02 -1.8083719754e-02 2.2727853954e-02 8.8739616278e-03 -2.0436733680e-02 4.9073913309e-02 1.7806924191e-02 -2.6813073489e-02 -3.9921542717e-02 1.1646328894e-02 -1.2951921000e-02 1.3906396091e-02
8.9817720354e-04 -4.6058648515e-02 -6.5785996447e-03 -6.6630612295e-03 -5.9471674266e-02 -4.4109853742e-03 -4.0132070987e-03 -9.5089071032e-03 3.0039117595e-02 -1.9331443756e-03 -3.4807093087e-03 2.5370673625e-02 2.9235083270e-02
4.5673720306e-03 -2.4841836707e-02 1.0614853132e-02 1.1903084151e-02 -3.7481995957e-03 4.8652105346e-02 3.6944937731e-03 -1.4178763308e-02 -1.0505947054e-02 8.0236104085e-03 4.1520744645e-02 8.5502914225e-02 2.6663014778e-02
-1.2509284987e-02 -5.9689701569e-03 1.5215880744e-04 7.9703001216e-02 -1.4410873674e-02 -1.3958547396e-02 9.7208959562e-03 4.2094007651e-02 2.2756250810e-02 -1.4369879419e-02 2.8285126030e-02 5.1759929271e-02 2.5356029524e-03
-6.4940862456e-03 1.0696060228e-02 -2.7545537887e-02 1.3822905241e-02 -1.9037025708e-02 9.7680354112e-03 -1.2660733308e-02 1.1024083531e-02 -2.2018163352e-02 -2.6444075396e-03 -1.1896752373e-02 -3.5521846731e-02 1.5542856663e-02
-1.2700640327e-02 -3.2341847930e-02 -2.7044503238e-02 4.2539863213e-02 -2.9608516712e-03 -3.9982877930e-02 -5.7585014622e-02 3.2271405494e-03 1.8378062409e-02 -2.1645214189e-03 1.3816212428e-03 -6.3996303440e-03 -8.5173979195e-03
-4.2163940493e-02 -1.1400294407e-02 -7.4175379727e-03 -7.6784781287e-03 -3.0818125330e-02 -1.3899360172e-03 1.3873674273e-02 1.5376911990e-02 2.1695786273e-02 2.4156110683e-02 -3.3584285229e-02 -1.0040070388e-02 -1.1311213689e-02
1.8518504656e-02 3.2283322385e-02 3.0749116437e-03 -2.9728094271e-02 -2.2101082561e-02 -9.0502350811e-03 -7.1803762644e-03 5.6719904180e-03 -3.8582768826e-02 -1.1502679054e-03 -3.9715997318e-02 3.6544366950e-02 9.4172792411e-03
-1.5664693808e-02 -1.9378200740e-02 -4.9118133379e-02 3.2671608452e-02 2.2674714173e-02 3.6502503527e-02 -1.5351707753e-02 -4.8896261561e-02 1.0562321651e-02 2.3984038837e-02 -4.0152789502e-02 -1.4059174049e-02 3.5850632453e-02
-3.9237336581e-02 3.2706585541e-02 -4.3539315361e-02 -9.9315274143e-03 -7.0870504464e-03 3.5984446575e-02 3.0962796770e-02 7.9814061547e-03 -1.9654341509e-02 3.8879693921e-02 -2.5407736057e-02 -2.4197049523e-02 1.9285496417e-02
-1.7565659631e-02 -1.7937388639e-02 -5.0775989562e-02 -5.9015981429e-02 -8.2169704851e-03 -1.4090369976e-02 -1.7907069298e-02 -1.9801279467e-02 1.1783576393e-02 -1.7343397420e-02 7.7988251008e-03 -6.4765787031e-02 -3.2408146489e-02
2.1843054825e-02 1.6868100416e-02 8.5737359257e-03 -1.2682850903e-04 2.4690206477e-02 -7.1146401705e-02 -1.0497158149e-03 -1.4453911443e-02 1.4442126178e-02 1.3590180708e-02 -8.1352090167e-03 -1.0219647390e-01 -9.7242947584e-02
2.6123816708e-02 -1.7997136084e-02 3.0745216327e-02 4.1937522113e-02 7.8589263087e-04 -5.6940475517e-03 -1.9589953471e-02 4.5524890143e-03 3.3852300285e-02 6.9418627401e-03 3.2153254706e-02 -2.7948667323e-02 -3.5692347566e-03
3.8807845025e-02 1.7695114519e-02 4.7607954268e-02 6.8692984132e-03 5.2271844429e-02 1.9325661355e-02 2.7968852376e-02 8.8333587058e-03 -5.4018847503e-02 1.7947946760e-02 -4.9288085641e-02 -6.3145304281e-03 -8.5139842723e-05
-5.7522188115e-02 1.7376472845e-02 -3.5006867711e-02 3.0634943409e-02 -2.9120637232e-02 -4.1717352317e-02 -5.3018768999e-03 1.5570230539e-02 5.6968333715e-02 -6.8908673288e-03 3.5005418267e-02 -4.4431368015e-02 6.0471482158e-03
-3.4648112253e-02 3.8924627892e-02 2.1694834466e-02 5.8635384744e-03 2.6688416852e-03 1.7346035496e-02 9.8688805223e-03 2.0270201158e-02 -2.8352130573e-02 2.7009010825e-02 2.6408697268e-03 2.1100575945e-02 4.9040901702e-03
-2.9341885365e-02 -2.7839082356e-02 -3.8528607869e-03 -3.9018833250e-02 -2.0517495758e-02 3.6485904309e-02 1.7884701134e-02 -6.1166483661e-03 -3.7961005460e-02 -5.2588770428e-02 -5.6180909487e-02 6.7511056257e-02 3.3288242736e-02
-1.5260261335e-02 2.4657590780e-02 1.9729837019e-02 -8.0893151823e-02 -3.0096749122e-02 -1.3847407962e-02 3.8007150762e-02 -4.5074637447e-02 -5.3529837527e-02 -1.3607617210e-02 -1.3309800894e-02 1.1301847994e-02 -1.6943531741e-02
3.7222064570e-02 -1.4085686993e-02 1.5497981389e-02 -4.1230798575e-02 4.8161024412e-02 4.0118157196e-02 1.4343464550e-02 -5.2289669387e-03 -2.6367765983e-02 -6.3480175369e-03 6.2731487125e-04 -3.5795545588e-02 1.2147154474e-02
-2.1297557224e-02 6.6731310757e-03 -3.0672601795e-03 1.0598124470e-02 1.2152391032e-02 3.0457691423e-03 -1.7742920648e-02 1.0614398109e-02 -4.1410500830e-02 8.8425208812e-02 -5.4117226671e-02 2.9834861970e-02 -3.1955103318e-03
3.0282593262e-02 6.0898362001e-03 -2.1083708355e-02 -6.0750149401e-03 2.5632213430e-02 2.5482839187e-02 5.2811291198e-02 1.1863056429e-03 -1.8278510394e-02 5.7893982750e-02 -2.2805263786e-02 -1.5445714943e-02 -3.4720504941e-03
-3.1512463937e-02 2.6414254857e-02 9.9827539975e-03 -6.5189460103e-03 -3.4398042543e-02 -2.3199176892e-02 3.4121850915e-02 -3.9562293642e-03 -4.2419883382e-02 2.3438953449e-02 6.7814065983e-03 7.7441681077e-02 3.6614458416e-02
2.2523014643e-02 2.3121169704e-02 4.1890863157e-02 -8.4814557909e-03 3.1748486499e-02 1.5567022816e-02 5.7782268424e-02 2.3436125182e-02 -3.8364843145e-02 -2.7026491117e-02 -9.1905891666e-03 -2.3899956615e-02 -6.1397959831e-02
7.3515722629e-02 1.4352888605e-02 9.0356013127e-02 -7.2960121357e-02 7.0474475600e-02 1.3591483774e-02 3.3842010293e-02 1.2456383103e-03 -5.1466505846e-02 2.4552753354e-02 -1.1675743174e-03 -7.2287001192e-03 6.5711793986e-03
-4.8421356849e-02 3.4135491934e-02 -5.9616786206e-02 -3.3528477074e-02 -1.5553002144e-02 -1.9687985450e-03 5.7100859465e-04 -5.7415788905e-03 1.2609591014e-02 1.2197303259e-02 2.1228819897e-02 -1.9183004749e-02 -2.6074831628e-02
4.9967742933e-02 -1.1876809633e-02 2.7524143743e-02 -2.9029441354e-02 4.1476905423e-02 7.1201207913e-03 1.5532601209e-02 -2.1891564430e-02 7.7682135116e-03 -1.0472761510e-02 3.5115578139e-03 3.1001489542e-02 5.7816438784e-02
2.6896338935e-02 -8.6708128374e-04 2.2549758231e-02 4.6171650779e-02 -3.4682345124e-03 -3.5568740381e-02 -5.2267284664e-04 -1.9037108436e-02 -2.6416436645e-02 -4.7090177242e-02 -2.5774110524e-02 4.6752647181e-03 -1.9890673629e-02
9.4092616915e-03 -1.0030951629e-02 -3.4068175224e-02 1.5864912048e-02 1.6267560239e-02 1.3733279826e-02 -2.4923016171e-02 2.0135324986e-02 -3.3330675245e-02 2.5359244344e-02 6.4344325660e-02 6.7421124658e-02 1.9009849591e-02
7.2793249682e-03 7.7482244199e-03 4.5758198188e-02 2.3710299241e-02 4.8954857426e-02 -5.2814515273e-02 3.0866904503e-02 -1.1237802718e-02 -4.1092022758e-02 -3.2376344026e-02 1.2271799408e-02 2.0680770936e-02 4.3438155075e-03
1.3326453080e-02 2.9515593832e-02 4.8494303260e-02 -3.2510436863e-02 3.7202594064e-02 -1.5917837465e-02 9.4550707872e-03 2.9018746589e-02 -2.2847142444e-02 2.7518817362e-02 5.1043940648e-02 4.4326246136e-02 -1.6038998997e-03
9.9696742520e-03 -1.0642166820e-02 -2.1408781665e-02 2.9030868311e-02 6.5873672156e-02 2.2313254481e-02 -6.9711772253e-04 1.3580058678e-02 2.6407037334e-02 -2.5306930155e-02 2.1680682811e-02 -3.7990040460e-02 3.1140191674e-02
7.4013359587e-03 -6.6651098519e-03 2.6554788144e-02 6.9322525449e-02 -1.9323521120e-02 5.3545773377e-02 -6.6915827436e-03 2.1358574940e-02 1.0739419254e-02 -8.4492386074e-03 -9.6853120644e-03 -2.0793709685e-02 3.7020245469e-04
-3.5823674731e-03 -4.1397913989e-02 -4.7400244789e-02 -2.7624853272e-02 1.0735322539e-02 2.1346170365e-03 7.1127276037e-06 1.2270234228e-02 5.0981684219e-03 8.7296981131e-02 -1.1478716203e-02 -4.9642361445e-02 9.8407222549e-03
4.1009732046e-02 -4.1160123304e-02 3.0620111407e-02 -4.5117983849e-02 5.0102869774e-02 4.7583198665e-02 3.5774126293e-02 2.2744002094e-02 3.2877769768e-03 -2.6786564033e-02 1.2313156686e-02 1.5947297547e-02 -1.4550845878e-02
-4.5237739457e-02 1.2098081637e-03 -7.2438895016e-03 9.6389857170e-03 4.7166944397e-03 -3.7706092372e-02 7.3346470127e-03 1.1149686571e-02 -1.2652857204e-02 3.9352631871e-02 -1.0936169509e-03 -1.9260265913e-02 -8.8250685572e-02
3.9659787256e-02 2.7049723306e-02 3.7119793856e-02 -1.5214786819e-02 -4.3647241106e-02 -5.5055466219e-02 -1.0678996784e-02 -3.6934406538e-02 -4.6079646773e-03 -7.0560949223e-02 4.3854401056e-02 8.6204844439e-03 -4.4889878960e-02
5.8488916521e-02 -2.7797651648e-02 3.5589613525e-02 -1.6345832514e-02 4.2271115671e-02 1.4746352925e-02 2.3701852284e-02 7.3864236214e-03 -1.7286913587e-02 -3.2473428855e-02 -2.2057429399e-02 2.8016406186e-02 2.1823198323e-02
-5.9257765203e-03 -1.6313297831e-02 3.9629269173e-02 -3.7509070452e-03 1.5778783316e-02 4.5011060475e-03 6.8965016358e-03 1.3808458664e-02 1.5790090144e-02 -8.6751587429e-03 9.8740471716e-03 6.0665273206e-02 5.2941646301e-03
-3.9244124859e-02 -2.6108010056e-03 -3.1619722182e-02 -1.2151514153e-02 6.7676753308e-03 4.5944356616e-03 -1.1573880767e-02 -1.0985936658e-02 -6.3452357715e-04 8.1560623414e-03 8.1171193422e-03 -1.0046084049e-02 8.7653550941e-03
7.7457638484e-03 2.1987763481e-02 2.2147290552e-02 -6.1937528857e-02 2.4893609807e-02 7.9473010505e-03 5.8606636346e-02 -8.6032337903e-03 -2.3312105793e-02 3.1303998228e-03 -5.3949368141e-02 -2.3332146018e-02 3.4675369154e-02
1.1573797338e-03 -3.7777318809e-02 9.3916742041e-03 1.0058005202e-02 -4.1467395918e-02 5.8951543580e-02 1.1465894684e-02 -1.7826390441e-03 1.3964385250e-02 6.0871980564e-02 -1.1727610476e-02 -9.5807044518e-03 3.3729050444e-02
-3.3365482683e-03 3.3741848660e-02 -5.1596179171e-02 -6.1761954045e-02 -3.5251271811e-02 -8.4181935019e-03 -8.5324307278e-03 2.8470587220e-02 6.1425951949e-03 1.1463335018e-02 -6.0973054554e-03 -7.7628958987e-03 -4.1594084898e-02
2.3455512555e-02 -7.2690072742e-04 6.4014136708e-02 6.1046802996e-03 -3.8056149876e-02 -7.2850249099e-03 1.2710533799e-02 -4.4725892080e-03 -2.2359813508e-02 -6.3999833514e-03 2.3468065338e-02 4.6048646586e-02 2.6896785751e-03
2.8809711038e-02 -6.2475669411e-02 2.3015009284e-02 1.2754605983e-02 -5.3852507000e-02 -5.4579783071e-03 -3.9456048805e-02 -1.3276862668e-02 3.1942137892e-02 3.1322926539e-02 -1.7277484072e-02 1.7823213678e-02 -1.5523584720e-02
1.0340583827e-02 3.4358070729e-02 1.7633153183e-02 -3.6403272490e-02 1.3291854629e-02 -2.2856043252e-02 3.5677332375e-02 1.7881676456e-02 -3.8395194482e-02 -2.6191980764e-02 1.4861717590e-02 -4.4999281300e-02 2.8431173598e-02
1.2792720278e-02 1.8730497498e-02 2.9483716684e-02 -2.2205273747e-02 -2.7566712211e-03 -9.8926716241e-03 6.7375320653e-02 7.5110826060e-03 1.4588356291e-02 -8.1251880273e-03 -1.5878864717e-03 -1.1911023219e-02 1.1720366992e-02
3.4792361755e-02 1.4774826319e-02 7.4512392154e-02 1.0856845470e-02 4.6423236474e-02 3.1360711081e-02 1.7156094269e-02 -1.0690929526e-02 -4.9782814269e-02 2.2428636098e-02 -2.4557633169e-03 -4.1269057790e-02 -8.9815468785e-03
-2.3929753947e-02 3.1290622933e-02 4.2351816790e-03 4.1866981585e-02 -3.1707307565e-02 5.1090708459e-02 2.1902922055e-02 -4.1477364621e-02 -2.4530565278e-02 -4.5278364043e-02 -1.5001120570e-02 4.9874346857e-02 3.9592756053e-02
3.5845118256e-02 2.5197347485e-02 5.5114440187e-02 1.4441682370e-02 -1.7656427858e-02 3.7560249294e-02 5.8222695678e-03 6.8416354076e-04 1.1705825362e-02 -4.6390280761e-02 2.8823010709e-02 2.3803575080e-02 4.1868743226e-03
-8.6873654726e-02 2.7637059369e-02 -4.9255043049e-02 1.4676872671e-03 -4.5057144136e-02 -1.0065422566e-02 -3.8572277252e-02 6.2808649249e-03 -7.6800768901e-03 -2.4770065805e-03 -2.5918739884e-02 -6.0661757356e-03 1.8319502657e-02
1.2870456779e-02 3.3229095359e-02 4.9553853278e-02 2.1931930723e-03 5.1205433974e-02 9.6855137150e-03 2.5165568881e-02 -6.6944149418e-03 -4.4853572791e-02 4.0031587464e-02 -2.5746793230e-02 -3.6212616504e-02 -2.8933733135e-02
4.0515862358e-02 6.2808562784e-02 3.3415698238e-02 -3.7207066637e-03 6.3249392220e-02 5.1630075343e-02 5.9507728158e-03 -9.7221792178e-03 4.0147549801e-03 4.6705340117e-02 -6.5526039058e-02 -5.3089168139e-03 2.1268267283e-02
4.3993226337e-02 -6.1108396207e-03 -8.6139025009e-03 4.4122513717e-02 -4.8226036031e-02 -1.7396736691e-02 -6.6258156621e-02 -9.8294497320e-03 2.2713099076e-02 1.2221365587e-02 5.9081606940e-02 -2.6996889268e-02 -3.1236343609e-02
1.2415435743e-03 4.8269237694e-02 3.0178471187e-02 1.0856559520e-02 -1.2124873387e-02 -1.1337119154e-02 1.2676199590e-02 1.9183820083e-02 -4.5659977225e-04 -6.9530485335e-02 3.9352794562e-02 -5.2224907890e-02 -6.9018542151e-02
-4.7814218814e-03 -2.5508318177e-02 -1.4065273108e-02 -2.0764797153e-03 -3.4722651328e-03 1.8337997256e-02 8.2646626669e-02 2.0552404932e-03 -2.0822273595e-02 -2.1547141252e-02 -7.3864391331e-02 -5.2709113968e-02 4.8671819193e-02
1.8396888036e-02 2.3051745212e-02 3.7000730701e-02 3.7847857543e-03 4.9772249503e-02 5.7167883077e-02 1.1194870584e-02 1.3256358294e-02 -1.5613773454e-02 4.9849319421e-04 -3.4866040216e-02 -6.6378387800e-02 1.6260634498e-02
-3.4830442600e-02 4.5887172000e-02 -5.8136458508e-02 2.3146759852e-02 5.7383959493e-03 -8.9650860764e-03 -1.9666315600e-02 1.2688706299e-02 5.8385783776e-02 1.9384750266e-02 5.3896224628e-02 5.8124422242e-02 3.4990851699e-02
-4.0893797417e-02 2.0906326123e-02 -3.0139152760e-03 4.0569676573e-02 -4.2931033259e-03 3.2154934257e-02 -7.0700232449e-02 3.0880920473e-02 6.2968242095e-02 9.9241654405e-03 3.9377882115e-02 7.8347840745e-03 -3.6655579050e-02
2.5692350235e-02 4.9168291140e-02 9.4214759851e-02 -4.0654135217e-02 6.0798707984e-03 2.8923003418e-02 1.0141579015e-02 -3.7404903867e-02 -3.3799055542e-02 -3.4013940091e-02 -4.3514723573e-02 6.6811375431e-02 1.8047957700e-02
3.1558484133e-02 5.9282247744e-03 4.4899460782e-02 -1.2146681085e-02 2.0196254702e-02 3.0395609836e-03 -7.0333490741e-04 -1.6489606475e-02 -3.3509230495e-04 -9.0229636894e-03 1.6226988486e-03 1.6760302684e-03 3.4976542808e-02
2.5128132136e-02 3.2532673603e-03 -5.3387521310e-02 4.3604141448e-02 -4.5928322550e-02 1.6926065901e-02 -4.1070569390e-02 -9.4698821331e-02 1.0829882768e-02 -5.5116382960e-02 -2.3044779527e-02 4.1565221809e-02 5.2291984607e-02
3.9623450906e-02 -5.6826092197e-02 -6.1676924608e-02 4.8751904405e-02 1.0355254949e-02 3.7442817806e-02 -9.5490255741e-03 -1.8610310881e-02 6.4287030082e-02 2.5869236025e-02 -3.1394033720e-02 -1.5840308587e-02 3.2137011446e-02
-4.7884274283e-02 5.1945322060e-03 -6.6946076943e-02 5.7084157638e-02 -2.1691368955e-02 -1.2183980262e-04 -1.8608391022e-02 -3.0895138001e-02 1.5632138319e-02 -5.6194698830e-03 -1.4986397246e-02 4.7351506530e-02 3.6639805376e-03
-7.8720876306e-02 -2.5119792439e-02 -5.5352174764e-02 -4.3225144349e-02 -9.1440976547e-02 3.0313931046e-03 -2.8866586104e-02 4.5172637184e-03 4.1866939367e-02 -3.0213706032e-02 -1.0883012749e-02 1.2693355751e-02 3.5844398487e-02
5.0514571971e-02 7.5322719058e-03 5.8825518687e-02 -5.1193548069e-02 4.2197907816e-02 -2.0770879756e-02 3.5383410631e-02 -1.8702979837e-02 -7.0552754025e-03 4.2237163401e-03 -5.5088601371e-03 -2.1071827017e-02 -6.7676821487e-02
-3.8736187430e-02 1.9343254836e-03 -7.9022763323e-04 -1.7704064772e-02 3.3180664212e-02 2.8132943398e-03 5.3958092895e-02 2.1076268789e-03 -9.0605858683e-03 -1.0541043314e-02 -3.6282593557e-02 -3.0003681816e-02 1.1236438593e-03
2.6711683419e-02 -2.1933845588e-02 4.3828041833e-02 9.7083373190e-03 4.3781715386e-02 -5.3242235003e-03 2.5621013923e-02 -3.6016328686e-02 -2.5581722666e-02 -2.2741084497e-02 3.2928687370e-02 -2.1540473895e-02 2.1667365351e-02
-1.4253863058e-03 -4.7653672053e-02 -2.8949075883e-02 5.4181957872e-03 2.0941130668e-04 -6.7231789020e-03 -1.6885150713e-02 -1.2892110218e-02 8.1021424242e-03 3.5170408068e-02 4.0464750872e-02 -1.2306730309e-02 -4.0918117936e-02
1.0664130768e-02 -3.7839596758e-02 -1.9231900643e-03 -4.8100890912e-02 -7.2540376460e-03 -4.3808803004e-02 7.1444900946e-04 -3.2741130188e-02 2.5092539874e-02 3.7773365690e-02 -4.8114096930e-02 5.4584585404e-02 8.9855452089e-03
4.1533879182e-03 -2.7327130671e-02 2.0224706247e-02 -1.4910853274e-02 5.5949343261e-02 -9.5959543043e-03 2.0206112209e-02 1.7014440480e-02 2.1257213803e-02 2.9737507326e-03 1.1336295694e-02 -5.5925479829e-02 3.8652033959e-03
-2.5513533026e-02 1.5907857682e-02 -3.7346745657e-02 -2.6910135919e-02 -4.2380783640e-02 -1.9450738101e-02 1.8972652281e-03 4.9819891858e-03 -2.1270458789e-02 5.7385818426e-02 2.6162334929e-02 5.2620719465e-02 -2.5108615906e-02
-3.7669537823e-02 1.5116350571e-03 -5.6989475461e-02 1.7952652960e-02 -2.7161476103e-02 -2.5341518573e-02 -2.1391657869e-02 1.8925502105e-03 3.7622348110e-02 3.2994400754e-03 1.7416524025e-02 -5.7280780074e-03 -4.7662511061e-02
-2.4571190070e-02 5.4724435200e-02 -9.0313438950e-03 4.9809718278e-03 -2.4301669041e-02 3.0655220063e-02 3.9590064023e-02 1.1529829811e-02 -1.7044360998e-02 -5.0814869562e-02 -5.8982555174e-02 -5.0045144299e-02 -6.9430928907e-03
3.4002210345e-03 5.5618300061e-03 1.4157704350e-02 -2.5519822566e-02 -2.6861797625e-02 3.5793794309e-02 1.5505360938e-02 -3.2130379756e-02 -2.8060719920e-02 -5.0224423476e-02 -1.0666916037e-02 1.5921893397e-03 9.1175332190e-02
-6.3993034542e-02 -2.8625900662e-02 -7.6715377447e-02 -1.3074770008e-02 -4.2142008733e-02 1.5259048596e-02 -3.3772334258e-02 1.3730965588e-02 4.2951620273e-02 -6.2677262270e-02 6.5542665388e-03 -1.8503518725e-02 3.7863966586e-02
-6.2446951602e-02 4.0042823348e-02 -1.9899978957e-02 2.3956846326e-02 -1.0735422068e-02 -1.3186549406e-02 -2.6119224044e-02 4.3251084930e-03 2.2997388762e-02 5.7460600165e-02 1.6335166062e-02 3.0925751365e-02 -9.5349078500e-03
1.6244257412e-02 -1.1466079326e-02 7.5925107557e-03 1.3259477752e-02 2.3051802852e-02 4.8553677858e-02 -1.9892312664e-02 1.2244047845e-03 1.9178397001e-02 3.7209758712e-03 1.2655682376e-03 4.6768524045e-02 6.3120542764e-02
2.0939284771e-02 -1.3339739704e-02 -4.8952454911e-02 4.3301577427e-02 4.9360209264e-02 2.4179458149e-02 1.5555343010e-02 -3.7617370406e-02 1.3115837186e-03 4.3937719385e-03 1.8390728128e-02 3.6412661513e-02 -1.5728796337e-02
-1.0773161849e-02 -5.0660138782e-02 -2.8002635756e-02 -3.1412847590e-02 -3.5345945163e-02 -6.0230218371e-02 2.7234996328e-02 1.5037060410e-02 -3.5204006247e-02 3.9772463705e-02 -8.8697338368e-03 2.5637972141e-02 -1.0459238607e-02
-2.1939404407e-02 -1.2924276463e-02 2.8624537770e-02 -5.5312209575e-02 -3.8345453605e-02 -2.9944756463e-02 3.7424711378e-02 -7.8528879876e-03 -2.9316371270e-03 -1.6203718455e-02 -4.8033079012e-02 7.2011455288e-03 7.3495040932e-02
-4.9346663297e-02 1.8974241339e-02 -1.9694171057e-02 2.8072643399e-03 -5.2826136710e-02 1.6499180970e-02 3.5870573596e-02 -4.7412329827e-02 2.1583340906e-05 -5.9232982482e-02 2.3681783041e-02 2.9424100406e-02 1.6871053569e-02
4.3894342484e-02 -4.7506666673e-02 3.4798607841e-02 -2.5695840834e-02 2.2098681661e-02 -2.5905885108e-02 1.3245924616e-02 -7.4977621740e-02 1.7773389773e-02 3.9228972151e-02 -3.7721626133e-02 1.1282579576e-02 -3.6829710460e-02
2.7861124269e-02 -5.4685658061e-02 4.6776761565e-02 -2.1733267846e-02 -2.1622887576e-02 3.9620284405e-02 1.0410172033e-02 1.0044456111e-02 -6.5584839029e-02 -1.4896345521e-02 -1.6310648655e-02 1.0150055570e-02 3.7495052941e-02
-9.1582265183e-03 1.1669846336e-02 3.0185208235e-02 -3.3196565553e-02 2.0193893210e-02 -5.5608972177e-03 5.3004718393e-02 1.6405506253e-02 -2.5291287016e-02 4.0876325905e-02 -3.2132499348e-03 -1.0765504348e-02 -3.7219726844e-02
-3.3444769166e-02 2.4914117223e-02 4.7257900160e-03 -1.9932811068e-02 -4.4963952860e-02 -2.7994427972e-02 2.6544278731e-02 8.4265800716e-04 -1.2849650512e-02 -4.1976361279e-02 -5.3186050388e-02 -1.8940718158e-02 -5.2988126685e-03
4.8108991380e-02 -3.4937619737e-04 -1.4219135990e-02 -2.0958793434e-02 -2.6722233065e-02 -3.6436291272e-02 -2.8054969070e-02 -1.5797766368e-03 1.6801214264e-02 2.7318697105e-02 -2.1715577912e-02 -3.1182508898e-03 -2.4239766828e-02
7.7438904764e-03 2.5714723124e-02 1.5702575269e-02 2.5898658165e-02 3.0193971945e-02 5.2961854969e-02 1.1044968227e-03 1.5775147675e-02 -3.7462202656e-03 2.0562304106e-02 -3.1233186501e-02 -1.3341407239e-02 2.3963630132e-02
-2.5391690578e-02 -1.2402203958e-04 -4.1457560500e-02 1.9937825927e-02 -5.7776792214e-02 2.3945893138e-02 -5.8928184689e-02 3.1724139336e-02 5.3082493487e-02 1.8330417849e-02 2.4168929375e-02 -5.3649788329e-03 -1.1071602824e-02
-4.1494418500e-04 -4.0208224299e-02 -1.4013922890e-02 2.3333740780e-02 -2.9674496098e-03 -4.7554640233e-03 -4.3172492001e-02 6.9878223028e-03 2.1927752467e-02 6.9338949185e-02 4.0967322714e-03 -3.0463605366e-02 4.7371444154e-03
4.7745486748e-02 4.9127582014e-03 7.3919485822e-02 -5.8390467212e-03 8.8278341957e-03 1.6005133413e-02 3.3790759907e-02 1.5222993640e-02 -4.0102599973e-02 -4.9313097215e-02 4.6843645879e-03 -2.0008149994e-02 -1.2747993843e-02
