1.1324053638e+00
-7.9224477039e-01
1.0261870777e+00
5.6846030363e-01
-1.6954130699e+00
-7.2938377403e-01
7.3198478075e-01
-1.3404089493e+00
1.6185888797e-01
-7.9489771402e-01
-1.4891556132e+00
6.0598519606e-01
2.5763101362e-01
-1.0410446513e+00
2.9475801500e-01
1.2503376625e+00
1.0168220278e+00
-1.0815213550e+00
-8.8822594279e-01
9.4528738099e-01
9.0395525332e-01
4.8327534916e-01
-2.7839570349e-01
-5.2124479796e-01
1.5597327412e-01
-1.9929629734e+00
-5.4605237294e-01
-7.5155805940e-01
2.0285084343e+00
3.2114956410e+00
-5.4099998787e-01
-4.7321455793e-01
1.1094295932e+00
-4.9761742433e-01
3.7371800441e-01
1.1109536701e+00
-1.5502319161e+00
-9.1407476410e-01
1.0050488374e+00
-2.8801034462e+00
1.8058880105e+00
2.1783178806e-01
5.2383760078e-01
-1.0731241843e+00
6.0396203859e-01
-1.4995508997e+00
-1.2628037588e+00
-2.3582211132e-01
-4.7198524086e-02
1.7612006219e+00
-6.1121027675e-01
1.1870600849e+00
-4.1904519650e-01
3.0919786233e-01
1.3402493893e+00
-2.9756624858e-02
-8.0708427895e-02
-5.6269003748e-01
-7.3205181920e-01
3.3310356606e-01
2.3972329314e+00
1.1930090186e-01
-3.2579943806e-01
1.1961190527e+00
-6.5934541329e-01
-5.9277620374e-01
1.3248948668e-01
-1.4312749010e+00
9.3466371690e-02
-2.2781917349e+00
-6.7230698312e-01
-9.2168327696e-01
-2.2022238228e-01
-1.7519524369e+00
-1.5530076404e-02
-6.9959421211e-01
1.0737907671e+00
-2.3887454934e+00
-2.4107646164e-01
9.7569113096e-02
3.9314101723e-01
-1.1946497925e+00
-1.4234014004e+00
1.9627085310e-02
2.7517972155e-01
2.0010592135e-01
3.2673413483e-01
-1.6526769889e+00
-5.5192783181e-01
6.4529249590e-01
-3.4678789659e-01
5.0995074188e-01
-1.7931801062e+00
2.1498169686e-02
-2.5177186970e-01
1.0672267675e+00
1.9518188821e+00
-1.1859389240e+00
-1.8758579858e-01
-1.1665200520e+00
-3.3895379930e-01
1.5679480836e+00
-5.9184426910e-01
1.5148821864e+00
-1.8750520934e+00
-4.9314254875e-02
-8.7543804026e-01
-2.2248368549e-01
-8.4935040452e-02
-5.0358770351e-01
-7.1917140846e-01
-1.8158037214e+00
-6.0561560358e-01
2.0934750026e-01
1.2687774179e+00
-1.0921636883e-01
-7.7644207472e-01
-1.0342101978e+00
-9.9140182268e-01
2.0016240720e-01
-2.5014929774e+00
1.1354063572e+00
6.5146784624e-01
-1.0567524179e+00
3.5302062023e-01
2.8558638754e-01
-1.2934650147e+00
-7.2537788765e-01
1.0035515705e+00
-2.5210710040e+00
-5.0273576265e-01
6.2901908990e-01
-1.0708816467e+00
7.6076633674e-01
2.7596124891e-01
1.0036937880e+00
6.0560960256e-01
-1.2287034057e+00
1.7255886877e+00
1.1539573317e-01
-1.6383633219e+00
-1.0922597545e+00
5.6025283147e-01
-5.6252122358e-01
-1.4859216718e+00
8.9925316268e-01
3.6058047562e-01
-2.3622382710e+00
1.5394655825e-01
1.2208613700e+00
-1.2802751548e+00
4.2384723345e-01
-1.5372439259e+00
1.4233844250e+00
1.8527477279e+00
6.6681446685e-01
8.5246957793e-01
-1.9758500409e-01
1.9333512912e+00
5.3366967734e-01
1.5881333822e-01
-1.1496547621e+00
1.1005503739e+00
-8.1747824689e-01
1.8619447091e+00
-1.5397091623e-01
2.1280398912e+00
1.3157291635e-01
-5.0072246819e-01
-7.2535565938e-01
-3.6754325318e-01
-5.4124578826e-01
6.6188075621e-01
-3.2036948993e+00
-1.5107740116e+00
2.5955693047e-01
3.2693219473e-01
1.1505344771e+00
-3.6429295690e-01
-1.7667586875e+00
-8.7071473416e-01
3.1334563515e-01
-9.6371574481e-01
2.1023553202e+00
