-1.4372790859e-01 1.7012614107e-02 -1.6732025441e-01 6.4725241479e-02 -2.1484069676e-01 1.4844162717e-02 -9.8931699528e-02 1.7856367505e-02 1.0941585625e-01 -6.2205962038e-02 -1.8272527124e-02 4.0507778290e-02 -1.0934685626e-02
-9.6460273548e-02 -1.0073626454e-01 -1.6087788254e-01 -2.9589936767e-02 -1.0683268943e-01 -3.1015441424e-02 -3.6661296309e-02 -2.9381692731e-03 7.3219119519e-02 -2.8247990607e-02 -1.0752895467e-02 3.0235098323e-02 6.3859754565e-02
4.1833691182e-02 1.3404548798e-01 1.2357738802e-01 3.6270094975e-02 9.4646309602e-02 1.4476127514e-02 2.0553082562e-02 4.6252531024e-02 -5.2622984083e-02 8.2371817446e-02 -4.5716122763e-03 -5.6402807436e-02 -8.5078765867e-02
-2.9197020295e-01 6.9343404993e-02 -1.8730438536e-01 1.0583702467e-01 -1.1237985604e-01 8.6000162042e-02 -3.9608316884e-02 1.6641751661e-01 7.3436311147e-02 2.6621444973e-02 8.4430075879e-02 -1.4265371036e-02 -5.2422955274e-02
3.6571773091e-02 1.0817542293e-02 1.8379444731e-01 -3.4947382430e-02 -1.3348306954e-01 -6.4020922059e-02 8.1947505908e-03 3.5007123438e-02 -2.3171088010e-02 -4.2407121910e-03 2.9490718449e-02 -3.0894668438e-02 -3.4228360112e-02
-2.7254496857e-01 8.4138861007e-02 -2.1957614763e-01 -1.5255350328e-03 -8.3915044267e-02 -1.5475235760e-03 -5.8309165613e-02 9.6936561748e-02 9.6004271880e-02 3.8147657893e-02 2.7861657049e-04 -5.7840497855e-02 -3.5090477465e-02
4.9805966170e-02 5.8426235528e-02 1.0585987895e-01 2.2427219396e-03 -1.8776951610e-02 -8.0502447981e-02 -9.1980027914e-04 -4.5138004531e-02 -5.4083435190e-03 -8.9359200944e-02 -6.6194725487e-02 -1.0487764964e-01 -3.0950562868e-02
4.4288855021e-02 2.6331090074e-02 9.5415109618e-02 -8.1468009283e-03 8.9245209896e-02 1.3804556247e-02 3.9946278226e-02 -3.8822392011e-02 8.4341359336e-03 -8.2799833909e-03 -2.5099191076e-03 4.1551788079e-02 1.8622128753e-02
-1.6503886910e-01 -1.6838443959e-02 -1.3562501147e-01 -5.2000277343e-02 -2.9167515444e-03 -4.2712692341e-02 1.9306580941e-02 1.0142711374e-01 2.2423190431e-02 1.4263371308e-02 1.8499313993e-02 -6.9974974983e-02 -8.7731167648e-02
-4.7433197758e-02 -1.8595408759e-02 -8.9170871114e-02 3.9956080940e-03 -9.1125995630e-02 -1.9353840099e-02 -3.4673188467e-02 2.8682949442e-02 -1.2348207982e-02 4.6788523000e-02 -2.2328766803e-02 -1.0192647189e-02 -1.7675903620e-02
-2.3950468520e-01 -7.6897360764e-02 -2.9539720113e-01 2.9466858746e-02 -2.2484165806e-01 -3.6498074254e-02 -1.0300003016e-01 4.9990104164e-02 1.2138705369e-01 -1.3786749482e-02 -1.5939655014e-02 6.5264777014e-03 3.1120478868e-02
4.3598087259e-02 3.8912992799e-02 7.6070743584e-02 2.9938480845e-03 1.2032284891e-01 2.2263337370e-02 4.6326598088e-02 -1.5988788859e-02 -3.5830100236e-02 -9.8765278304e-03 1.6074790494e-02 2.7723533387e-02 1.0422131706e-03
-4.5528644551e-02 -2.5535260577e-02 -9.8430610070e-02 8.0926103493e-03 -8.6653720843e-02 -9.1880621824e-03 -3.8996382797e-02 4.2017111587e-02 -7.6845692549e-03 1.1920987843e-02 4.3085918907e-03 -4.1130233028e-02 -1.7712178310e-02
7.7439455217e-02 -1.2693085132e-01 5.3779522350e-02 -2.0455060411e-01 -1.6211613859e-01 -2.2729959224e-01 -4.4268716364e-02 2.4516419702e-02 4.3008684227e-02 8.0703119967e-03 5.9298000515e-02 -8.7416341716e-03 -5.7821139952e-02
5.8767648300e-05 -3.4286563413e-02 -1.7545541720e-01 1.5779551609e-01 3.7295944683e-02 5.0600671507e-02 -1.2710004801e-01 -8.3504616190e-02 8.4239286921e-02 2.2852946852e-01 -2.0590637413e-01 -1.6518701615e-01 -5.0983217392e-02
-6.9263445897e-02 9.6157754724e-03 -1.1411329482e-01 1.2393252019e-01 -1.5647691157e-01 5.2837180261e-02 -1.3791325811e-01 -2.6897797096e-02 1.4254139973e-01 1.1196469561e-01 -3.3019506944e-02 1.1157334324e-01 1.4160022603e-03
5.7979650952e-02 5.0268159094e-02 9.3462033100e-02 -1.2705145009e-02 8.6580434495e-02 4.7909572433e-02 6.6218770583e-03 2.6957368131e-02 -3.7114465515e-03 1.2966136086e-02 1.0270078159e-01 1.2821514086e-01 -5.5772681279e-02
3.2693939560e-01 1.4131243880e-02 3.4699712238e-01 -1.1759825431e-01 2.9476336320e-01 2.4986833901e-02 1.4957978115e-01 -1.0073212977e-01 -1.5149230708e-01 -1.0157368255e-05 -8.7007002586e-03 6.0043080640e-03 6.1270684796e-03
-1.9247434900e-01 -4.2425779715e-02 -2.6270523769e-01 1.1890548526e-02 -1.1390188467e-01 -1.3305147280e-02 -7.9659996786e-02 5.7404653745e-02 1.2525278626e-01 -9.6910854509e-03 -2.3685899440e-02 1.7208084956e-02 7.6198919336e-02
-4.4914435869e-02 -2.8338153241e-02 -9.5681987328e-02 9.0717281006e-03 -8.6677720048e-02 -7.7237045402e-03 -4.0974693840e-02 4.1183271041e-02 -8.6361850437e-03 9.5320900648e-03 2.0395064433e-03 -3.9974298442e-02 -1.8629887272e-02
-2.2913893555e-01 -7.7920922387e-02 -2.8942276470e-01 2.8720518191e-02 -2.0721777776e-01 -2.9537002213e-02 -9.3668705288e-02 4.9513687167e-02 1.2255835613e-01 -1.7016978180e-02 -2.4145673241e-02 7.7337002642e-03 4.2382452346e-02
-4.5969078685e-02 -2.5278531294e-02 -9.7556809084e-02 1.2206316090e-02 -8.4826309050e-02 -8.2831109939e-03 -4.0778126148e-02 3.8088057012e-02 -8.0062845105e-03 1.0589503664e-02 2.0411266713e-03 -4.2918037758e-02 -1.9244300683e-02
9.0762693025e-02 1.8989077638e-02 1.8245027781e-02 2.0391954567e-01 1.1177617771e-01 1.5587651354e-01 -1.6667067114e-01 2.3966949056e-02 1.8131643652e-01 -1.0744848252e-01 7.7997777528e-02 -2.5711245013e-01 -3.2622864169e-02
6.8338450769e-02 7.3458010968e-02 7.0332951870e-02 2.1166846178e-02 8.9503277483e-02 -8.4951354427e-02 -3.3777874787e-02 2.1530054637e-02 -2.5758690726e-02 -3.4188326715e-02 2.1633945161e-01 6.6203569110e-02 -1.1705241969e-02
1.8722638297e-02 2.4151829402e-02 6.5065200207e-02 -7.2439449924e-02 -1.8996956022e-01 -3.4944217095e-02 5.2186216901e-02 -8.1641007274e-02 -1.0597109246e-01 -2.0913227197e-02 -9.9560332676e-02 -1.1857347220e-02 8.3866979899e-02
6.2155269312e-02 2.2742389318e-03 3.4783312216e-02 -4.8912633712e-02 7.2829834600e-02 -2.2941137634e-02 1.1448952258e-01 -1.0119969661e-01 -1.2542680560e-01 -5.2374064775e-02 -6.1680383810e-02 1.0439037534e-02 3.2452888767e-02
3.1035904899e-01 -1.8171416671e-01 2.6507048715e-01 -5.7326229781e-02 1.2922081788e-01 7.3268870572e-02 1.2114681815e-01 -7.1795201920e-02 -1.1453738095e-01 -4.5143045094e-02 -2.2015371049e-02 -1.8611961661e-02 4.3962700275e-02
1.5256608601e-01 1.1018428314e-03 2.1666528108e-01 -3.8276886050e-02 -1.1526004475e-02 -2.4448012474e-02 8.9723003349e-03 -4.6499065597e-02 -2.5301742830e-02 -8.2897577140e-02 5.4970749603e-02 1.1044264876e-01 2.1618828844e-02
-1.5955123797e-01 1.0706498735e-01 -1.8772368654e-01 1.3549119570e-01 1.1191647142e-03 9.8625842738e-02 -3.2701397871e-02 1.4485729072e-04 4.9862445438e-02 -8.3494259484e-02 -6.2636943443e-02 4.5251373040e-02 6.1796489539e-02
6.9633423871e-02 -3.0938537173e-02 -8.7897402178e-02 1.7122300409e-01 1.1408242992e-01 1.5223137608e-01 -1.9879377420e-01 2.1119714847e-02 2.1020933224e-01 1.5733469413e-01 1.8478751413e-01 5.3409271408e-02 -3.3606615566e-02
-1.8898457296e-01 -6.3840855070e-02 -2.4171437440e-01 -6.1958117517e-03 -8.9177664612e-02 1.6036886616e-02 -4.1101245912e-02 3.5408747380e-02 9.4440006454e-02 -1.0378799710e-02 -2.3083553448e-02 1.8643286216e-02 4.8372575846e-02
-2.9253677371e-01 -6.8704341656e-02 -3.3039984177e-01 6.8913000050e-02 -2.7400634099e-01 -2.8399885474e-02 -1.1695012055e-01 6.9328963567e-02 1.2914510725e-01 -1.0683204550e-02 -3.0849022895e-02 -3.9843915866e-03 3.3739657353e-03
1.7711489444e-01 2.6021576810e-02 2.0359153347e-01 -3.7535715909e-02 6.4052027570e-02 -6.3102897898e-02 8.4863739140e-03 -2.0486011945e-02 -7.5843010012e-02 -1.6658660032e-02 3.5927028685e-02 -4.6068820412e-02 -1.2736833396e-01
3.8603723687e-01 -1.5339497784e-01 3.4225723980e-01 -1.3649847653e-01 1.9666682645e-01 3.0206373465e-02 1.7618858263e-01 -6.5052303551e-02 -1.9819972078e-01 1.2801849579e-02 1.9208939804e-03 -1.3158029022e-02 -2.3350659021e-02
4.7422813036e-02 2.4851870437e-02 9.6757399763e-02 -6.2428897254e-03 8.5005587402e-02 1.1518073623e-02 3.7359716169e-02 -3.5844892656e-02 7.7161851737e-03 -1.2665776914e-02 -5.7686591047e-04 4.4050105371e-02 2.1719237948e-02
4.6883400747e-02 2.4646348793e-02 9.6366096570e-02 -7.8176073986e-03 8.6747186770e-02 1.2167147214e-02 4.0814310274e-02 -4.0239372056e-02 7.9518514579e-03 -1.1881659572e-02 -3.5205809819e-03 4.2112212703e-02 1.9189440680e-02
-2.1848770520e-02 -2.9257014610e-02 -1.0070200862e-01 6.6604745274e-02 -6.0376931565e-02 4.4260007643e-02 -7.3627900217e-02 1.8154623863e-02 3.4059836996e-02 3.9326354154e-02 1.6210331393e-02 -5.0191539722e-03 -2.0129120052e-03
1.7160568354e-02 -1.4728018002e-02 -7.8353554530e-02 7.3564495750e-02 1.8204966455e-01 8.2999106924e-02 -6.1786726819e-03 -2.0671908075e-02 2.2709714349e-02 1.3448900004e-02 4.5446511117e-02 2.4839360669e-02 8.3319681058e-03
1.3732846059e-01 -1.7067213298e-02 1.2161112290e-01 -9.1943227406e-02 6.1678767237e-02 -2.3645614043e-01 -5.4690503300e-02 2.1158048948e-02 -1.8425710500e-02 1.5451045023e-01 1.3734637944e-03 -1.9404333109e-01 -3.8250919015e-01
-1.9592901652e-01 3.1882540868e-02 -1.7802979738e-01 3.0837079257e-02 -1.6863622918e-01 -4.3093870708e-02 -9.2130213607e-02 8.3454311755e-02 8.4332411058e-02 -4.9516989225e-02 6.7284968369e-02 3.8690651394e-02 -1.0567640387e-02
-1.6747711041e-02 8.2035272496e-02 1.0736682429e-01 -9.8333518504e-02 8.2858362235e-02 5.1376330858e-02 7.7491802603e-02 1.1890035351e-01 -3.2775664886e-02 -2.8410990988e-02 7.2683876524e-02 -1.0879084545e-03 -5.8107143442e-02
6.9410995822e-02 1.1289912055e-02 7.5170928525e-02 2.9047574887e-02 1.0334991089e-01 6.1568436447e-02 -9.6393463008e-03 -1.7150117012e-02 4.0818919851e-02 1.6249014306e-02 4.9593486974e-02 4.4886212887e-02 4.9174466101e-02
4.0467420760e-01 1.6675920300e-01 4.8993009771e-01 -4.4002261727e-02 4.2542748732e-01 1.1968380241e-01 1.7479379502e-01 -8.1135937564e-02 -1.6962572631e-01 6.5796328009e-03 3.6124494672e-02 7.5074985797e-03 -7.4307613015e-03
3.3245125819e-01 1.2906098758e-01 4.0732238317e-01 -3.6067352503e-02 3.5087282185e-01 9.1064555451e-02 1.4106677567e-01 -6.6693503026e-02 -1.4481113584e-01 2.8116343728e-03 6.7210924876e-03 6.6429184663e-03 -9.0967750307e-03
4.5208022619e-02 2.5570826070e-02 9.6782390882e-02 -9.9027301678e-03 8.5958293816e-02 9.2253295254e-03 3.9878366552e-02 -3.7991391544e-02 9.3356269839e-03 -8.0517611182e-03 -8.1096162335e-04 4.1098997470e-02 1.9206094064e-02
8.8379902396e-02 -5.8263421562e-02 5.4706351911e-02 -9.5108192992e-02 -6.3810337250e-02 -1.7637147631e-01 -3.6178100638e-02 -2.4549896400e-02 2.9109835038e-02 2.9371823380e-03 1.7168702046e-02 1.3839383867e-02 -2.8854744369e-03
2.3301524894e-02 4.4142828664e-02 -9.0771494505e-02 2.1749656960e-01 1.0303350556e-01 1.4521211671e-01 -1.8005619205e-01 2.9338100993e-02 1.7526756569e-01 3.0551409168e-01 2.9576544779e-01 3.3830626180e-01 1.1859079095e-02
-1.1532305403e-01 1.1978637467e-03 7.0175526166e-04 -8.6631645900e-02 -6.9096229625e-02 -1.1723112154e-01 2.0151163526e-01 -3.5363460736e-02 -2.1300767342e-01 -3.1924489418e-01 -1.5733207601e-01 -1.5542469804e-01 -1.2806159681e-02
-1.2777168788e-01 4.1907048343e-02 -1.2470595548e-01 1.4002718106e-01 9.1197960317e-02 7.9037623528e-02 -3.6815918559e-02 4.5772782092e-02 6.5855566724e-02 6.5606095465e-02 9.5936704213e-02 -7.3539338285e-02 -1.4292496625e-02
-6.6952116893e-02 9.0992936931e-02 8.5815867929e-02 -9.5015105120e-02 -1.5582392282e-01 -1.0530989415e-01 1.1598341991e-01 -3.1683012906e-02 -1.3894173893e-01 3.2012726869e-02 -3.7291177569e-02 5.1959296520e-02 -1.4020066492e-02
2.3634967688e-01 3.4267353394e-02 2.9881626698e-01 -3.7116426115e-02 1.0302605702e-01 -3.1875307476e-02 6.5622907430e-02 -7.8965038288e-02 -1.2516169261e-01 -1.5196970511e-02 7.5314844548e-02 -1.3511160796e-02 -5.3771308200e-02
4.6109209703e-02 2.7848317025e-02 9.8714526518e-02 -1.2346970869e-02 8.4175857818e-02 1.2809896017e-02 4.0765804271e-02 -3.4220203736e-02 7.2608261413e-03 -1.9676608458e-02 6.4605099891e-03 4.4229567940e-02 2.1552042976e-02
-6.0364335955e-02 -1.0114777784e-01 -1.8492207610e-01 -2.6333779231e-02 -6.1646073876e-03 -7.7201099294e-02 -1.0876221700e-01 3.7993350445e-02 1.2879766887e-01 3.7798448639e-02 5.0266690135e-03 -1.0043826466e-02 -2.3926420973e-02
1.0259053884e-01 -1.3354364073e-01 1.1669526678e-02 -9.7887480372e-02 -1.3789149505e-01 -1.3957907542e-01 -9.4479163282e-02 -5.8340145786e-02 8.2713488038e-02 2.8384594941e-02 5.2075363597e-02 1.3142570238e-03 -4.3884103645e-02
4.1141934293e-02 2.8913997375e-02 9.6065352122e-02 -2.0276806232e-02 8.5093893532e-02 2.0923633240e-02 4.8701326133e-02 -2.3455919047e-02 -2.5562157847e-03 -1.5710595872e-02 1.3453819803e-02 3.8025493326e-02 1.9775907733e-02
-1.9397375312e-02 2.0582375620e-03 -4.5198113130e-02 8.9717673883e-03 -7.7963319390e-02 -2.5462984236e-01 -1.4709334651e-01 3.5681338214e-02 7.7932210559e-02 -4.0612777933e-02 1.9600128034e-01 -2.8340414485e-03 -1.7390627685e-01
-3.1190693713e-01 -6.5162362627e-02 -3.6077200260e-01 6.6292490893e-02 -2.9587050553e-01 -4.8353753156e-02 -1.3024130320e-01 8.1934993178e-02 1.4078104535e-01 -6.4776911252e-04 -6.3361759562e-03 -2.9385984118e-03 1.6133299423e-02
1.9108843473e-01 6.6945974465e-02 4.4486925878e-02 2.2446128571e-01 2.5790334212e-02 3.8954596715e-02 -8.3865964844e-02 -2.0077114785e-01 8.3004897339e-03 1.2401945950e-02 -2.2178119585e-02 7.0868475557e-02 3.6129444854e-02
2.5334966964e-04 6.6475095291e-02 6.7062504269e-02 -3.5609351437e-02 6.4986341438e-02 8.1407190394e-02 -9.5652296015e-04 1.1274135113e-01 3.3988274462e-02 4.1046809740e-02 7.3490348108e-02 -1.7634638965e-04 2.8617303753e-02
-4.5524083815e-02 -2.6639751926e-02 -9.2915937382e-02 -9.2736555633e-03 -8.8508568267e-02 -1.9866181871e-02 -3.2648962118e-02 2.9838719201e-02 -7.1548438320e-03 9.4629003734e-03 -9.4440126864e-03 -6.3826315072e-02 -4.0896057933e-02
-4.5936324762e-02 -2.6452150472e-02 -9.6701664515e-02 9.0870038052e-03 -8.7975053461e-02 -1.0804786214e-02 -4.2640926507e-02 4.0799778299e-02 -8.0664525862e-03 1.1292495633e-02 4.4439503714e-03 -3.9773599501e-02 -1.7997442967e-02
6.3735377023e-02 -5.3651188586e-02 -8.8882880338e-02 7.8740936122e-02 1.1474797071e-01 -5.7808925404e-02 -9.3636041060e-02 -3.3376543624e-02 7.2994797884e-02 1.3772811330e-01 8.1352629523e-02 7.8324659052e-02 -3.1123759088e-02
-4.0766296659e-01 1.1833501188e-01 -3.9139339383e-01 8.5044614209e-02 -2.4270625993e-01 -3.5554561606e-03 -1.4242951970e-01 6.6444788076e-02 1.6173350609e-01 3.3747800354e-03 1.5487120805e-02 2.1900312568e-02 -3.1586488049e-02
-8.0579328865e-02 1.8912528206e-02 -4.9469645987e-02 4.4917753666e-02 -2.2870997001e-01 1.1027123582e-01 -3.0192336660e-03 -9.3981156902e-02 7.4897876852e-03 -2.1027577105e-01 -2.1908636435e-01 2.6336246464e-01 2.1548979904e-01
-4.6611477391e-02 -2.7393899082e-02 -9.4726649499e-02 9.0101885327e-03 -8.6398756872e-02 -9.0652176197e-03 -4.0665830470e-02 4.1985501760e-02 -9.9858470585e-03 1.3871959127e-02 2.8607834349e-03 -3.9776283427e-02 -1.8474561750e-02
-7.6199629375e-02 -5.5718561448e-02 -1.7560820903e-01 1.2949693570e-01 1.5886801571e-02 1.0493391314e-01 -9.9818125529e-02 6.7430557370e-03 1.3824085247e-01 2.3976213419e-02 9.0976419405e-02 1.1910840009e-01 8.0892595580e-02
-1.5910128901e-01 1.0143435148e-01 -6.3338804465e-02 7.1633555981e-02 -8.7015685930e-02 7.9306620834e-02 -7.1405732273e-02 1.2246927806e-01 6.2523157835e-02 7.7157216985e-02 2.4530598289e-02 -5.1299702502e-02 -5.8977037726e-02
-7.2087690346e-02 -2.5245345084e-02 -9.8137512464e-02 3.9593671439e-02 -3.1487088266e-02 5.9827485770e-02 -4.2431010705e-03 1.6981428306e-02 -2.4269252001e-02 -8.5770908818e-02 3.0966587781e-02 -1.0394593053e-02 8.3942347852e-03
-4.5564044435e-02 -2.7080530874e-02 -9.6910531627e-02 9.4834127916e-03 -8.7493301255e-02 -9.5223122817e-03 -4.1129957076e-02 3.9901640063e-02 -1.0175894184e-02 1.0098123581e-02 3.6458671110e-03 -4.0537536022e-02 -1.8576158363e-02
1.6669527047e-01 5.9727874579e-02 2.2370139396e-01 1.3623950068e-02 1.3851138769e-01 4.0279476847e-02 8.5000562859e-02 -4.0571593280e-02 -1.1108771958e-01 1.7279359309e-02 -5.8658841415e-03 -1.6121802752e-02 -4.9264693920e-02
4.6426399739e-02 -1.5650025537e-01 -3.3571578530e-02 -1.8863835011e-01 -2.1731972170e-02 -1.5221930397e-01 4.4624421945e-02 -2.4627524248e-02 -1.0812603248e-02 4.1957595678e-02 -4.0717772840e-02 -5.3576022083e-02 1.8844759431e-02
-1.1706099090e-01 -1.1152099357e-01 -1.8216319216e-01 3.9658594365e-02 -1.2600562711e-01 1.1516894255e-01 -8.0410264421e-02 3.9155887725e-02 1.5572531814e-01 3.0206582566e-02 2.5367700512e-03 -4.5682195984e-03 2.8393798162e-02
-7.7093264181e-02 1.8856802975e-02 -5.1804200396e-02 1.4613182008e-02 -9.6000039073e-02 -3.8994337720e-02 -3.8655326028e-02 -3.3676045614e-03 2.8024130047e-02 7.5062981674e-03 -2.2039206802e-02 4.5936465379e-02 -1.0268208905e-02
2.4493958994e-02 -1.3660202808e-01 -3.9104317617e-01 -1.4786426468e-02 -3.0037572221e-01 -2.6216057021e-01 -2.6716243312e-01 -2.6752389164e-01 2.1348955739e-01 -2.2870399238e-02 -4.4104410467e-02 1.3670711415e-02 4.3893058349e-02
-1.3909155105e-01 6.0451218447e-02 -1.4223427878e-01 3.7859486995e-02 4.6004052583e-03 -7.7109977636e-02 -5.0409982622e-02 4.6790427367e-02 6.4237198277e-02 1.7856035572e-03 3.2981587483e-02 -3.2642969262e-02 -4.3130230017e-02
1.1099739656e-01 -9.4385912190e-02 -3.3632028548e-02 -9.4709169910e-02 -1.8654020898e-02 -9.5167372276e-02 -6.6081677040e-02 -3.9249572934e-02 7.9850375982e-02 2.3555454038e-02 2.6354661529e-02 -4.1109714009e-03 6.8150425145e-03
-3.4289975758e-01 3.2310151257e-02 -3.2467284684e-01 -2.7993925636e-02 -2.0549367570e-01 -2.0574314032e-02 -6.6731226072e-02 1.0915141333e-01 1.0852166035e-01 1.8598193537e-02 2.6977923017e-02 -1.7896377321e-02 -8.4562446338e-03
-3.0654042679e-02 -1.4894104718e-02 -1.0710492546e-01 4.7725218617e-02 9.5361756959e-03 -1.6220552378e-01 -4.4871302046e-02 -8.3128686194e-02 -1.3696284948e-02 4.4241075740e-02 6.9904129202e-02 4.8087756667e-02 -1.0925613928e-01
4.4309337201e-02 2.7291857617e-02 9.4979996222e-02 -1.4532677578e-02 8.5327813928e-02 1.0165796847e-02 4.3618409414e-02 -3.8014784395e-02 2.6657374706e-03 -7.0090886090e-03 -5.1848827946e-03 3.8544172884e-02 1.5680091702e-02
-1.5852193446e-01 -2.4335039250e-02 -1.8178741502e-01 2.1942033381e-02 -1.8814490521e-01 -4.0404535236e-02 -8.4615143268e-02 1.5180125053e-02 8.0663556180e-02 7.0312916631e-04 4.9979562834e-02 1.0458436905e-02 1.9356148426e-02
-2.6566429595e-02 -4.5484388749e-02 -5.6708865438e-02 4.9720627928e-02 -1.2591493272e-01 -8.2253445715e-02 -4.8055521632e-02 -6.9649758493e-02 -4.0715598114e-03 -7.9592669918e-02 -2.1338937373e-03 -7.4400769863e-03 -5.8946146191e-02
-1.5487351554e-01 -1.0263095677e-01 -1.9503883691e-01 -2.7264720323e-03 -2.5572407362e-01 9.8142556683e-03 -7.3930860640e-02 -2.4887876829e-02 8.1256332617e-02 -1.5555563241e-02 -3.8389245377e-02 -5.2453139619e-03 -3.9818102016e-03
-4.9261275785e-02 5.2032411862e-02 1.1075151708e-02 4.2027001870e-02 1.1810792266e-02 -2.2280328740e-01 -3.9113667422e-02 4.5590741845e-02 3.1813111312e-02 5.8005350170e-03 8.9204341568e-02 6.6836798192e-02 -3.0445061003e-01
5.3046433177e-02 2.2786575779e-02 -2.2770078066e-02 8.7794601504e-02 6.5843710060e-02 9.2347311104e-02 -1.0648222950e-01 -5.2695905823e-03 1.0485774604e-01 1.3858611149e-01 9.1224925954e-02 5.2790906130e-02 -1.3376529287e-02
1.3066358186e-01 1.7886363634e-02 1.0518733841e-01 -8.4569927774e-02 1.3116859965e-01 9.0342987187e-02 8.4543719153e-02 -2.3919604903e-02 -2.7043890364e-02 -7.6024067474e-03 -8.2674526887e-04 1.3600083382e-02 1.0561236837e-02
-2.4286819544e-02 -8.0809112591e-02 -3.6911886780e-02 5.6179616292e-02 1.0206995476e-01 1.3292971788e-01 -2.5233762295e-02 9.1710345423e-02 8.5337322167e-02 1.9288275812e-02 6.4773360070e-02 2.3119178326e-02 -6.1604292951e-02
-4.4667302841e-02 -2.4715012303e-02 -9.5333605400e-02 8.4809429977e-03 -8.9022044551e-02 -8.7742561208e-03 -4.1681611524e-02 4.1026067065e-02 -6.9439913581e-03 1.0285576010e-02 1.9881462737e-03 -4.0092026577e-02 -1.8167129796e-02
-4.5443216227e-02 -2.4705299818e-02 -9.8623866150e-02 1.2021713088e-02 -8.5347046774e-02 -1.4166301254e-02 -4.3479186729e-02 3.8357184519e-02 -5.9338899908e-03 9.8320819508e-03 3.0539885230e-03 -4.0164344771e-02 -1.9691535338e-02
-1.3894652065e-01 9.6149643373e-03 -1.6361542445e-01 9.8266469664e-02 -1.3977022392e-02 1.4894360016e-01 -3.1190873153e-02 5.2664760697e-02 8.7038067536e-02 -1.5440251053e-01 8.0184204413e-02 1.4057579308e-01 1.9348058281e-01
3.0309949887e-02 3.4043347131e-02 1.0182946539e-01 -4.4225322730e-02 7.0192908212e-02 2.2532308799e-02 6.7959670234e-02 -1.1890305171e-02 -2.7315951319e-02 -4.3987679245e-03 1.7629870259e-02 3.4499512575e-02 2.2050974877e-02
3.4147315027e-02 2.3416571740e-02 1.1460357892e-01 -5.2402809775e-02 6.5775599978e-02 2.2708113852e-02 6.0308991323e-02 -1.1496556586e-02 -1.3494757419e-02 -7.4953340007e-02 3.9020642034e-02 2.7928686496e-02 3.9000767624e-02
5.0975174870e-02 3.5248189064e-02 9.9023762493e-02 1.5855027396e-02 9.9045613893e-02 2.7137095142e-02 3.7535922800e-02 -2.1308248902e-02 -2.6352892103e-03 -2.5199535814e-02 1.1852192247e-02 4.1713104208e-02 5.4487128677e-02
-4.9733464382e-02 -2.5542271114e-02 -9.9904642782e-02 1.5665556371e-02 -8.8237677959e-02 -2.7978232629e-02 -4.5426946107e-02 2.5638220069e-02 5.0925247839e-03 -7.7410028302e-03 9.6338429667e-03 -3.8560297871e-02 -1.9257300517e-02
-4.6926558734e-02 -2.6652239126e-02 -9.3841956556e-02 1.0733208653e-02 -8.6916367086e-02 -9.1103560213e-03 -4.1081030430e-02 4.2062434258e-02 -1.1345385816e-02 1.1622156867e-02 3.0603714164e-03 -3.8159903857e-02 -1.8345657034e-02
3.7482848362e-02 -3.2363038215e-02 -1.0672064785e-01 1.7417939894e-01 1.3900016799e-01 -1.7919670214e-02 -1.6987881326e-01 3.4007941433e-02 1.3241581785e-01 5.4819557118e-01 1.9897036596e-01 3.2253941451e-01 -4.9697128316e-02
-3.4254028452e-01 -9.7424577099e-02 -3.6371359901e-01 -9.9612216381e-02 -2.4248278404e-01 -3.0204686159e-02 -3.9343533687e-02 7.8845788977e-02 9.7807262016e-02 -2.6136890106e-03 -3.0061952769e-03 -9.0569633596e-03 -3.0447830489e-03
-1.2744084976e-01 1.5506356366e-02 -1.1983097886e-01 -1.4737773678e-04 -1.2724178283e-01 -3.0938960149e-02 -4.4044667077e-02 9.8050460604e-03 5.0919292167e-02 4.8338988551e-02 -2.2101963198e-02 5.3372376040e-02 4.5134104722e-02
5.1764548498e-02 2.6061602166e-02 9.4097675060e-02 -1.2490372416e-02 8.5488123887e-02 2.6101510878e-02 4.2964474508e-02 -3.8851083624e-02 -3.7882671670e-03 -2.4901123386e-03 -3.3683573825e-03 3.6806613705e-02 2.7508959688e-02
-4.5387674969e-02 -2.3528957011e-02 -9.4342395661e-02 8.8979636086e-03 -8.8180065842e-02 -1.3615039699e-02 -3.9008786508e-02 3.4569544170e-02 -9.6438719340e-03 5.0467764479e-03 -9.5376738576e-04 -3.8793238910e-02 -1.5610320238e-02
-8.8652749819e-02 2.0455082468e-03 -2.8582058955e-03 -6.8106063229e-02 -8.0389505901e-02 -5.1202290076e-02 9.0846181542e-02 -5.5479715240e-03 -6.9548587784e-02 -2.0474794056e-03 -4.3837223712e-02 4.7103903658e-02 1.3918924347e-02
-1.2444174622e-01 1.1035411905e-01 -7.2963408458e-02 8.3646028182e-02 1.2976716349e-01 -4.7670880607e-02 4.8407120773e-02 2.9607269246e-02 -5.3312104812e-02 -9.7880742259e-03 -9.1700614061e-03 -6.5101328492e-02 -1.6380969305e-02
4.0693254566e-02 2.3307032847e-02 1.0246692193e-01 -1.7389329548e-02 6.8014789330e-02 2.1955752326e-02 4.2981345585e-02 -2.6922345893e-02 2.0148866445e-03 -8.9157102384e-02 9.1768639728e-03 -3.2236751065e-03 3.0134404936e-02
2.3172129131e-02 3.4970323339e-02 1.2821130930e-01 -7.9896136173e-02 1.8204604495e-02 4.2405935513e-02 1.0196972607e-01 -2.1649031462e-02 -5.9081662853e-02 1.5775154498e-02 -8.9585307290e-02 4.8327571798e-03 3.4974118283e-02
-1.2332980430e-01 -1.1211083724e-02 -1.6584278360e-01 2.6811876048e-02 -2.5434999118e-02 8.3137055821e-03 -4.5714838680e-02 3.9250789975e-03 8.1873674801e-02 2.7874399222e-02 -1.9048447689e-02 8.4543997858e-02 1.1571518482e-01
2.2800614031e-02 2.8639209983e-02 1.0306212946e-01 -5.9358253205e-02 6.0963938590e-02 -2.3121884834e-02 7.2451663619e-02 -2.3075375506e-02 -3.0023914910e-02 -3.2419453965e-02 -1.1196035549e-02 1.8661232395e-02 1.2548861337e-02
2.7843018364e-01 5.3717836498e-02 3.3284621652e-01 -4.8035970116e-02 2.6397429366e-01 4.5539335901e-02 1.2116814598e-01 -6.9545750089e-02 -1.3223450004e-01 -1.0980691205e-02 7.5040907358e-03 -2.5604896360e-03 -2.4144750016e-02
-4.7049143360e-02 -3.5889172665e-02 -9.5390555733e-02 -3.6134220537e-02 -9.3059405912e-02 -5.2166733289e-02 -1.4517258371e-02 1.6468479203e-02 -2.8708229495e-02 6.9292484251e-03 2.7182480925e-02 -1.0998575937e-02 -2.7995136812e-02
6.1397041831e-02 4.1582364920e-02 7.6890596110e-02 -6.0780462035e-05 9.6005803339e-02 5.8228399000e-02 5.5524651749e-02 1.0346727629e-02 -4.8636046094e-02 -2.7039568207e-02 2.5431783582e-02 1.5828471485e-02 5.0794360046e-02
3.0209501332e-02 3.1997081245e-02 1.6841303259e-01 -6.7063213439e-02 -1.2316038267e-02 2.3799140260e-02 7.8300115790e-02 1.9318968846e-02 -4.4827273946e-02 -7.0986651000e-02 1.4842351441e-01 2.3706010229e-01 8.6803312302e-02
7.7449574412e-02 8.1441863732e-03 3.0716138968e-02 1.3346347498e-01 4.2385807951e-02 1.9607062796e-01 1.0239416680e-02 -7.1759923066e-02 -3.7015006967e-02 8.8018791151e-03 -1.4310528967e-03 2.6149326006e-02 4.1757232887e-02
4.2359855784e-02 2.3997057018e-02 1.1272225015e-01 -4.1733072063e-02 3.9559133885e-02 -3.2038182064e-02 4.6578052927e-02 -2.8684653443e-02 -5.9995330768e-03 3.2010110128e-03 -9.9424963482e-03 5.9735049052e-02 1.1333874791e-02
1.2596444389e-01 5.0297380550e-02 1.2113785037e-01 -4.5874845113e-02 1.7211904413e-01 3.7580978991e-02 7.9147366566e-02 -1.3003269677e-02 -6.6552873614e-02 3.7974668246e-02 -5.0254863740e-02 -7.9322454873e-03 4.0129310516e-02
1.6414401070e-01 -1.9745040561e-01 1.0631047833e-01 -4.6260909731e-03 -7.5410776968e-02 -4.0873432518e-02 -5.1908770966e-02 -4.7031522244e-02 1.4026375599e-02 4.5731092340e-02 3.1399332715e-02 2.1651708800e-02 4.1325518267e-03
5.6632451102e-02 3.4726031395e-02 9.4002137947e-02 2.0310094268e-02 8.7086684807e-02 3.6322837493e-02 1.4353432044e-02 -1.5542555656e-02 1.2520913833e-02 -1.1783318195e-01 5.5152016305e-02 3.4499148220e-02 4.2923101928e-02
-8.4569010181e-02 -2.5427791246e-02 -3.8988601205e-02 -1.7509457301e-01 -8.9922592611e-02 -1.3594924815e-01 1.3498672926e-01 -1.6601339687e-02 -1.3583822920e-01 1.9780125706e-01 -2.2896781414e-01 7.9858102069e-02 -2.4866191457e-02
1.0661601364e-01 -3.9193925225e-02 6.9186590965e-02 1.2475092689e-02 5.0562404822e-02 4.3387145809e-02 -4.4647397993e-02 -1.4377971969e-02 5.2279235159e-02 2.4622594511e-01 1.7401541353e-02 2.5508513603e-01 5.1777961003e-02
-7.7237523399e-02 4.2867758878e-03 -2.4973494317e-02 -6.4354521654e-02 -7.3558772779e-02 -6.1863141217e-02 5.6034732841e-02 9.1434242914e-03 -4.5064477379e-02 -2.1618766605e-01 -1.4750688451e-01 -2.3318851466e-01 -2.0971447217e-02
1.1607345689e-02 -1.4798836775e-01 -7.2386008020e-02 7.3672213782e-03 -1.1797284746e-01 2.2841656243e-02 -8.3154835694e-02 -1.8748953760e-02 1.0389460110e-01 -2.8946768741e-02 9.4215678938e-02 1.4458459195e-01 4.2799697501e-02
1.7820395194e-01 6.9764268233e-02 1.8376176572e-01 -1.2778331344e-02 1.1489886911e-01 -8.7720161256e-02 1.0470006546e-02 -7.9955014216e-03 -8.3904742497e-02 4.5165706070e-03 5.8538025466e-02 -3.1989065578e-02 -8.0920925523e-02
3.8465554118e-02 2.6485821211e-02 9.5539706159e-02 -2.5566599096e-02 8.2158741632e-02 3.9351203311e-03 5.1246560992e-02 -3.3846013700e-02 -9.7828588451e-03 -2.4246622707e-02 -8.3739132596e-03 2.1255395086e-02 1.5770606051e-02
8.2257767961e-02 1.3077706293e-01 8.6058009794e-02 9.1449319673e-02 2.3089976651e-01 -1.7015510758e-01 -1.1955817412e-02 2.7695908399e-02 -5.6886177924e-02 6.3478336612e-02 6.6388238893e-02 -4.3134952557e-02 -9.2232707193e-02
2.0992133682e-02 3.7632444777e-02 1.0205739998e-01 -6.9395563812e-02 3.1824869777e-02 -6.8241755953e-02 6.7552634194e-02 -1.3272142005e-02 -3.8077199274e-02 2.5128470939e-02 -2.5947285456e-02 5.0535583165e-02 4.7838942597e-03
4.0895806720e-02 2.1775703175e-02 1.1592779014e-01 -4.5959175856e-02 6.3692818097e-02 3.8026005548e-02 6.4016372906e-02 -2.2175341960e-02 -1.5716564281e-02 1.0533358687e-02 -1.2838138293e-02 6.3448675163e-02 5.4845563651e-02
1.5333124964e-01 -6.4120772134e-02 1.7599779588e-01 -1.2623570452e-01 4.8126211540e-02 -1.0900209477e-02 2.9327163094e-02 -1.5971306507e-02 1.2304263889e-03 3.2968242168e-02 -2.7293608679e-02 -9.1121682473e-02 -2.3025805144e-03
3.0120970191e-01 4.6157497945e-02 3.0171930404e-01 -1.1588196531e-01 1.5980307639e-01 -1.0869338839e-01 5.4090467896e-02 -8.9324070897e-02 -1.2692743937e-01 1.2689722709e-02 8.0720606753e-02 -2.2864877323e-02 5.8757841118e-03
6.0104200484e-03 7.5035200064e-02 8.7836090576e-02 2.4930370240e-03 1.0260093648e-01 4.2686147488e-02 1.7651578228e-03 1.1412776628e-01 1.2309443786e-02 1.6337392753e-02 2.8436741914e-02 -1.5278614243e-02 -7.5433796435e-02
5.6070821726e-02 -3.9085347139e-02 -1.1436554682e-01 4.4590291732e-02 2.3668321850e-03 -1.9547133455e-02 -7.9961811746e-02 -9.6920422501e-02 4.8789869368e-02 4.5388727834e-03 -5.5657541898e-02 2.2924280335e-03 8.2938305550e-02
-2.1344927038e-02 -4.7063107690e-02 -8.7795476214e-02 1.1650180430e-01 2.7078959772e-03 1.9943223649e-01 -6.9248252615e-02 8.7634908908e-03 1.1644801298e-01 -7.9584961231e-02 6.1679097034e-02 -3.7356337036e-02 -1.9232592221e-02
-6.7050282948e-02 -7.0743632184e-02 -1.2062631512e-01 -5.1966885111e-02 -9.2881261970e-02 -6.4137553179e-02 -4.1873361162e-02 2.5446775567e-02 2.8796027043e-02 -2.8771356663e-02 6.7752103001e-02 -6.5390820596e-02 -1.5520641295e-02
3.4770729658e-02 -4.1364708480e-02 -5.3721752626e-02 -1.6546515995e-01 -1.3206439033e-01 -2.4839234864e-01 -9.1875381759e-02 7.1736701525e-03 -4.3415964992e-03 8.2648151174e-02 1.3476494348e-01 -4.7995696860e-03 -1.6654134198e-01
4.7358042670e-02 2.5888775436e-02 9.7612187619e-02 -7.9993469432e-03 8.5213229738e-02 1.0992317139e-02 3.9717606658e-02 -4.0645120861e-02 9.6056686084e-03 -1.0554242600e-02 -2.2667611265e-03 4.1035536111e-02 1.9040527028e-02
-1.0856267974e-01 -1.5317976862e-01 -1.0181788302e-01 -2.0773409965e-01 2.1422874909e-02 -8.9482721531e-02 1.7572550739e-02 1.8811352014e-01 6.9919943938e-02 1.5380660213e-01 -4.4547884740e-03 -1.4419601983e-01 7.3669174480e-03
8.8478873260e-03 8.7806873971e-02 1.3130591936e-01 -2.2411287351e-02 8.9144526371e-02 5.2109824022e-03 1.2786544735e-01 4.1956458858e-03 -1.1275822088e-01 1.9785738917e-02 -4.7445582059e-02 2.6410629527e-02 2.0673015688e-02
4.3413839057e-02 2.7597217715e-02 9.5695847653e-02 -8.4768809233e-03 8.7216636484e-02 9.3188586726e-03 3.9844274241e-02 -4.1700580369e-02 8.1507324054e-03 -1.1473689530e-02 -5.2542364208e-03 3.9884333023e-02 1.9198476934e-02
-1.4097657313e-02 1.9225231743e-02 -8.4327705237e-02 1.0449765182e-01 2.3536967453e-02 1.6961025106e-01 -9.8253006562e-02 6.8821406126e-02 9.1439435019e-02 3.5646330025e-01 8.1112304687e-02 2.9863029226e-01 -5.5392795853e-03
2.5541597916e-01 -1.5517517240e-01 1.7413211902e-01 -1.2953025863e-02 9.0238966390e-02 2.2222023206e-02 3.7645713101e-02 -6.5478468493e-02 -3.6606146209e-02 -1.0888018258e-02 -3.3393962583e-02 5.2486573815e-02 6.5208143046e-02
7.0521175407e-02 2.1794463420e-03 5.9920410441e-02 9.4754929626e-02 8.8250468135e-02 7.7841242213e-02 -3.2173615852e-02 1.6628390620e-02 2.4169112542e-02 8.9569760551e-02 9.6312844882e-02 -2.1973236444e-02 -1.5002246617e-02
-4.5295709018e-02 -2.8728610379e-02 -9.6219003726e-02 6.6442890290e-03 -8.5551026770e-02 -9.5213812645e-03 -4.0333290742e-02 4.1277399434e-02 -7.4853299541e-03 1.1435302571e-02 3.6481833178e-03 -4.0196036043e-02 -1.7490605914e-02
5.3204128576e-02 2.3096093069e-02 8.5146915191e-02 -3.1768105754e-02 9.7143233684e-02 3.5644187223e-02 7.9981672979e-02 -1.7490877758e-02 -6.5289149795e-02 -1.8261220500e-01 1.9225827297e-02 -6.8293102390e-02 3.3810709507e-02
-4.9079504327e-02 -1.6549593728e-02 -8.5781526933e-02 6.9779374285e-03 -8.9958784903e-02 -3.5882022071e-02 -3.8949548267e-02 2.9861652115e-02 -8.5178105105e-03 6.0145269050e-02 2.2029355254e-02 4.5338518414e-03 -4.7794830174e-02
1.5685201490e-01 -2.1625411389e-02 1.5884902617e-01 -9.1204723791e-02 4.5997457172e-02 -1.5975142932e-01 -2.3134884793e-03 -2.1344753341e-02 -5.7611452012e-02 1.3368880182e-01 -7.5360359887e-02 -1.0080849166e-01 -2.3110528089e-01
-1.4290005366e-01 -6.9025942238e-02 -1.9170972821e-01 -3.0293866120e-02 -1.1430147868e-01 -4.1651542297e-02 -6.6869014628e-02 3.5729438616e-02 9.7775031127e-02 -2.7756879983e-02 2.1172020807e-03 2.0169148397e-02 4.1511327324e-02
-2.6276821086e-03 -1.1375272197e-01 -1.7655903867e-01 -7.9122474791e-03 4.6228768198e-02 -1.5982905931e-01 -7.5016662804e-02 -7.4583699899e-02 7.0382374507e-02 -7.0973739379e-02 9.9045658622e-02 -8.5216657650e-03 3.7660472193e-02
2.8748046072e-01 1.2617288471e-01 8.1309421103e-02 1.4433111242e-01 3.5174271682e-02 -8.2108183082e-02 -1.4324318036e-01 -2.3922367930e-01 5.6451537059e-02 -2.2299996523e-02 -4.5679612268e-02 -1.0513927710e-02 6.0781563874e-02
3.2911535549e-02 2.9340314460e-02 3.3595318686e-02 -1.2567026388e-01 8.6874445210e-02 1.0602825092e-01 3.6202306489e-02 6.7856363831e-02 3.9904365565e-02 4.8867833292e-02 -6.4496582286e-03 1.4675939418e-02 8.2028375973e-02
2.3952080709e-02 4.0971484407e-02 -6.4515991293e-02 9.6657261417e-02 1.9488207338e-01 1.0837083753e-01 1.6605603731e-02 -5.7699459481e-02 4.5289233825e-03 3.5440661221e-02 -1.0899967921e-01 -6.7940294851e-02 1.7029948808e-02
3.7041952781e-02 -6.9665411791e-02 -4.3348402811e-02 5.6748227598e-03 -1.0305829576e-01 1.2704866403e-01 -7.3496392634e-02 -3.5988189517e-02 5.4867488959e-02 5.3413298804e-02 5.3292246519e-02 5.2436887693e-02 -3.1889237382e-02
-4.7381581514e-02 -2.6283880543e-02 -9.7454783075e-02 6.6626468093e-03 -8.2730745068e-02 -1.0817861995e-02 -3.9376936883e-02 4.1418743621e-02 -5.7316499855e-03 6.6009549729e-03 5.9855456694e-03 -4.2749129676e-02 -2.0438807706e-02
4.6433849186e-02 2.8462745942e-02 9.6921188762e-02 -3.8859578963e-03 8.4487412064e-02 1.5132691951e-02 3.3944612919e-02 -3.9519105350e-02 1.2016784237e-02 -2.3611820798e-02 3.4715919262e-03 3.7475269896e-02 2.2193003793e-02
1.0224245759e-01 6.6558727437e-02 1.9139351293e-01 3.5793465317e-02 1.1916430223e-01 6.1982839404e-02 5.8539293016e-02 6.3363285869e-04 -6.5163473862e-02 -7.9333501047e-04 -4.0672016544e-03 4.6519190158e-03 -1.4703225230e-02
-2.1274005457e-02 6.1709432407e-03 -3.4017294212e-02 9.1531046362e-02 6.5763842721e-02 1.1105403968e-01 -1.2362977528e-01 7.6333042639e-02 1.6890733487e-01 2.3120689761e-01 1.0953168895e-01 1.2444791026e-01 -7.7905764608e-03
-4.5521606493e-02 -2.6721970125e-02 -9.7227958289e-02 8.5455812049e-03 -8.4272768843e-02 -7.4223915633e-03 -4.1432920008e-02 4.0012706811e-02 -7.2985029524e-03 1.3672790288e-02 8.0287586348e-03 -3.5961719614e-02 -1.7815108082e-02
4.5372404606e-03 4.1877716681e-02 5.6486498087e-02 8.3779162131e-02 1.3309364849e-01 5.0208780993e-02 4.7072317020e-02 1.8863629319e-02 -8.4937626933e-03 -4.1029016345e-02 4.4849828766e-02 -5.5329800601e-02 -2.4124264693e-02
-8.1719235865e-03 -7.9044613232e-02 -1.2375105798e-01 1.1581755145e-01 5.2477404700e-02 1.0534514356e-01 -7.8236452147e-02 -6.0888770708e-03 6.7288693320e-02 -6.1793896466e-02 4.9870020168e-02 -8.7403721003e-03 -6.0216496502e-03
-3.2100634076e-01 -3.9014682180e-02 -3.4514353848e-01 -4.1757743963e-02 -2.0501631064e-01 -1.3782792543e-02 -4.7934525361e-02 8.3537013796e-02 1.0308703245e-01 1.9782934200e-02 3.6992245342e-02 9.4219030143e-03 -4.0066604333e-02
4.9642784279e-02 2.7351427026e-02 1.0906045081e-01 -3.1529442026e-02 7.0880245674e-02 7.4302254487e-02 6.8364888756e-02 -1.1904666858e-02 -3.5623902108e-02 5.2411469924e-02 2.7993751856e-02 9.5366767985e-02 8.6155258052e-02
-6.0474377460e-03 -6.0238442613e-02 -8.9750555758e-02 1.0477297855e-01 -2.6975095310e-02 5.8405352409e-02 -8.0552444400e-02 -8.0931583767e-03 6.0086437488e-02 -7.3976559541e-03 1.4633025826e-01 1.2416574119e-01 2.9785397532e-02
4.8312144055e-02 2.5480707425e-02 9.6985787246e-02 -6.5458964151e-03 8.6518018889e-02 1.5805891578e-02 3.6062874675e-02 -3.9604962083e-02 1.3164658726e-02 -1.0911064101e-02 1.8288193733e-03 4.3021398615e-02 2.1591826394e-02
3.7388597680e-02 1.1504033694e-01 6.8866789393e-02 8.8194391430e-02 2.0833572760e-02 -3.5206015880e-02 4.4921172300e-02 -1.1253264086e-01 -9.7781438291e-02 -1.8354181053e-01 -4.1618149980e-02 9.2012276102e-02 6.3317734345e-02
4.7625867913e-02 3.4291629798e-02 9.8552458605e-02 2.9145662995e-02 8.8590377402e-02 4.1398483127e-02 2.2191053935e-02 -2.6826978629e-02 1.8362664094e-02 4.8852080883e-03 -2.1384956104e-02 4.0495752593e-02 3.5426071853e-02
-1.0942512031e-01 -3.0756783689e-02 -4.2568982248e-02 -2.7693883534e-02 -1.6698088931e-01 -1.3244874400e-01 2.6410957093e-02 -5.5149482987e-02 -5.7667780254e-03 2.5880426114e-02 -2.2458195596e-01 -1.1605004454e-01 -7.0646479198e-02
1.1934098276e-01 -5.9835499255e-02 5.4214058695e-02 1.5881151889e-02 -1.3234590556e-01 -7.1858648040e-02 -1.1637195222e-01 -5.0463445817e-02 5.7384660017e-02 7.6844228722e-02 4.5198228954e-02 -3.8667328130e-02 -3.5302544253e-02
4.8212170995e-02 2.7513015052e-02 9.6936858001e-02 -1.3663918826e-03 8.8171283377e-02 1.7464573544e-02 3.7976178530e-02 -3.3609815737e-02 5.3356179573e-03 -2.3313365521e-02 7.2052588579e-03 3.8781035412e-02 3.1366225931e-02
-2.6163754568e-01 1.4639994967e-01 -2.1790862376e-01 8.2128764487e-02 -5.3256947876e-02 -1.1145917449e-02 -5.2700508408e-02 7.0234810718e-02 4.8927900456e-02 -1.1237889276e-02 -3.0349290559e-04 -9.4244407909e-03 1.6005750433e-02
2.2001007274e-02 -4.8083160286e-02 5.2967350139e-02 -2.0085882667e-01 3.2517510300e-02 2.9479062217e-02 1.6916354055e-01 -4.9521403176e-02 -1.4363720941e-01 -7.2348745385e-02 -1.2106110087e-02 -2.6830586913e-02 5.5109591180e-02
2.0067985425e-02 3.8638292914e-02 1.1332919365e-01 -6.5944468176e-02 5.7373305489e-02 7.1772017552e-02 8.6835897909e-02 3.0134377562e-02 -4.6810961336e-02 2.9318893226e-02 3.8447485676e-02 1.2071056364e-02 2.3442383426e-02
1.0385083422e-01 -3.3834646278e-02 9.8663595671e-03 4.7741717842e-02 1.7106788883e-01 2.3559528620e-01 -4.1129792690e-02 5.5621130145e-02 4.9532251019e-02 -2.4801067044e-01 1.2055228859e-01 -2.1318911920e-01 1.0844580625e-01
-1.4888799973e-02 4.2078441369e-02 1.4862358399e-01 -1.6453310706e-01 -5.5531438085e-02 2.2697273347e-02 1.3864695594e-01 7.1501512834e-02 -9.1659289642e-02 -2.4331730531e-03 -2.6261053782e-01 -1.0475481618e-01 1.2382018627e-02
4.8016354814e-02 2.6383057894e-02 9.2921252715e-02 -1.2969622096e-02 8.6704755754e-02 1.6676210688e-02 4.3399999477e-02 -3.9071886141e-02 4.7748655373e-03 -4.6463429261e-03 -3.6309438594e-03 3.9615281379e-02 2.4128084419e-02
2.0029876188e-02 1.0109251874e-02 9.0500391160e-02 -1.0943627816e-01 1.5536779959e-02 8.6455020136e-02 7.0807440450e-02 8.1848821308e-02 -1.2335357954e-02 1.3600169628e-02 -9.1284243524e-02 -3.0575082523e-02 3.6940980831e-02
3.3045939412e-02 5.2209045685e-02 9.0336896510e-02 -1.1409563637e-02 8.1728143947e-02 1.4151245393e-02 3.5407265424e-02 -1.6175110959e-02 3.9271169602e-03 3.4099536213e-02 -4.0422187131e-02 -6.4870105918e-02 -2.4881615713e-02
-1.9396396542e-01 -5.0251001842e-02 -2.5156920264e-01 1.9722905032e-02 -1.6710549615e-01 -2.6223460859e-02 -9.0299027480e-02 4.1986204481e-02 1.1647283718e-01 -1.5073594019e-02 6.8088178935e-03 1.9698974768e-02 6.5675226850e-02
9.4801328487e-02 -3.4993669912e-02 5.8660689908e-02 -4.8367256081e-02 1.1795839846e-01 4.7453175197e-02 1.0174709343e-01 -2.5910200331e-02 -6.9915732050e-02 -8.0615946516e-02 -7.8865721369e-02 -3.6843573340e-02 8.3216524762e-02
-4.1762417681e-02 -2.2710990962e-02 -9.0876465190e-02 7.3354097949e-03 -8.8034316692e-02 -2.5953740458e-03 -3.8932725261e-02 3.3934681428e-02 -8.2103558563e-03 1.7209346466e-02 -8.1568647456e-04 -2.5373844380e-02 -8.8570107620e-03
-2.8714789348e-01 8.1952890595e-02 -2.2681362811e-01 3.3878912001e-02 -1.4007151505e-01 2.5444318618e-02 -7.0737466968e-02 9.0070798014e-02 8.6807727463e-02 -2.2747944068e-02 -2.2810936631e-02 -2.4105784194e-02 1.6898812699e-02
4.4622149124e-02 -4.7233572924e-02 9.6170984502e-02 -1.6641601344e-01 1.9306426351e-02 -1.3067576288e-01 1.1386195257e-01 -5.0734949099e-02 -9.1415834922e-02 -1.3132590156e-01 -1.8650412773e-01 -5.0730821396e-01 -1.1856725262e-01
-2.4307427283e-02 -3.8569837527e-02 -1.6131772123e-01 7.7283010026e-02 2.8769997986e-02 -1.5379662775e-01 -8.9462645542e-02 -9.4849306345e-02 3.2707568545e-02 2.1360610060e-02 2.1352876041e-01 1.4228899314e-01 -6.5804913827e-02
-7.3552157354e-02 -2.7653074659e-02 -1.1149581755e-01 5.3330270615e-02 1.1851544886e-01 -6.0793069391e-03 -1.6392003186e-02 4.3836726093e-02 8.1548378794e-02 4.4776948537e-02 4.7737209461e-03 -1.5791367611e-02 1.0411970497e-03
3.6945652389e-02 9.1305573447e-02 8.2804106991e-02 1.3415711669e-02 1.5812743350e-01 4.0922951214e-02 9.9626121577e-02 2.6073533711e-02 -1.3263506319e-01 1.8732679972e-02 4.6067274972e-03 3.4444884593e-02 -7.7007108049e-03
3.6067805321e-01 1.0144625662e-01 4.2404346603e-01 -6.2356058565e-02 3.5712479561e-01 8.2037234982e-02 1.5338074105e-01 -8.6775884415e-02 -1.5926029930e-01 1.5893280978e-03 2.6749260077e-03 4.9521093358e-03 -1.2874422093e-02
-5.0881622670e-02 -1.8086032140e-02 -1.0417283349e-01 1.9848951004e-03 -8.1912821189e-02 -3.4866143327e-02 -2.8979617024e-02 2.5432557194e-02 -1.6294402529e-02 1.9873543402e-02 -1.3450394856e-02 -4.3736535494e-02 -4.5264631928e-02
-6.1181403780e-02 -1.4290416144e-02 -8.3024764505e-02 -8.9510479937e-03 -1.0256964214e-01 -6.0260959684e-02 -7.3398539994e-03 5.9858817752e-03 -2.6535857104e-02 1.9748949233e-02 -9.2388210819e-02 -8.5372088913e-02 -6.6328174259e-02
3.6166389504e-01 -1.6361590236e-01 2.9422723409e-01 -5.8074394502e-02 1.8398397181e-01 -1.0504485734e-02 9.2962800711e-02 -1.3217535317e-01 -1.1957629811e-01 -5.5148065531e-03 -4.1568777937e-02 1.1803942708e-02 6.7897938276e-03
-6.2597141689e-02 3.0210663820e-02 2.9350798405e-02 -1.5283045486e-01 -9.7841650931e-02 -1.6604531413e-01 9.3041756986e-02 -8.0409867558e-03 -1.0278890926e-01 1.4255390341e-02 -9.7024999595e-02 -1.4324292666e-02 -1.6043923300e-02
2.0174701665e-03 -4.7825516692e-02 -9.1253519178e-02 1.0633832583e-01 2.9571468991e-02 7.3847791601e-02 -1.1489275686e-01 1.5263585683e-02 1.2455784557e-01 -8.8111865157e-02 3.1643475689e-02 -7.6929455290e-02 4.4196200744e-03
-1.1799183742e-01 1.2004527509e-02 -6.5218141082e-02 -7.2702856057e-03 -9.4135557216e-02 4.4489041824e-02 -4.1226653611e-02 1.3600463727e-01 6.7718746061e-02 1.6680706375e-02 5.6723592863e-02 -1.4642344375e-02 -5.7413130722e-03
3.1130202561e-02 7.2666019160e-02 1.4311953446e-01 5.1896744975e-03 9.7687794242e-02 1.1355428134e-01 7.4458770713e-02 5.1312966848e-02 -4.0223289922e-02 -7.1484163633e-03 1.0134445156e-01 7.0904458395e-02 7.4709841422e-02
-1.7418630753e-01 -4.4322778793e-02 -2.0455059718e-01 -2.4851015989e-02 -1.2475135731e-01 -3.1725746332e-02 -7.6616396708e-02 5.3355906673e-02 1.0158385259e-01 -1.7057080949e-02 -1.6690726348e-02 -5.5795078489e-04 3.7124959545e-03
1.1136544565e-01 -1.8631547755e-01 -2.1696832643e-02 -1.8911727273e-01 -2.1633983494e-01 -2.2057644746e-01 -1.1655050645e-01 -5.4734721878e-02 1.0648488141e-01 2.4719566252e-02 4.3470523976e-02 -5.0993762854e-02 -5.7520783463e-02
-9.3385145052e-02 1.4360108492e-02 -3.7432715283e-02 -8.3206952545e-02 -1.2059466406e-01 -9.2205857764e-02 9.0753990607e-02 4.7164513763e-03 -1.0512991388e-01 -6.3151746842e-02 -8.5538860023e-02 8.2359460365e-02 2.8291153689e-02
-4.5573276549e-02 -2.6117725926e-02 -9.6814466958e-02 6.9909451574e-03 -8.2924970667e-02 -9.5883551653e-03 -4.0597489584e-02 4.1438891192e-02 -7.4129062240e-03 1.3771646716e-02 6.1376739169e-03 -4.0881546536e-02 -1.8092993753e-02
1.6680910632e-02 3.4597123543e-02 1.0622493139e-01 -1.2457312355e-01 2.0330013098e-02 -1.1521339870e-01 9.9549764130e-02 -1.9790088253e-02 -8.1724867108e-02 -1.5538680985e-02 -1.0375515719e-01 -9.7755377633e-02 -1.7561638456e-02
-7.9183657857e-02 6.8666846377e-03 -1.8605096924e-01 1.0499492955e-01 -8.7932141277e-03 -2.1700297922e-02 -5.7045709362e-02 -7.7542773658e-02 3.2269988706e-02 1.4616655610e-02 -1.3160461710e-01 -1.2652051893e-01 -3.9212441721e-02
-1.2371270941e-01 1.4042660056e-01 4.5047637469e-02 4.9136954641e-02 1.6938447521e-01 1.7720134195e-01 1.4689625948e-01 1.3701502620e-01 -1.1571844422e-01 -3.3425370979e-02 -3.3062206421e-03 1.5683087763e-02 -2.2397006659e-02
-3.3779657861e-01 2.1468657812e-01 -2.5889828853e-01 1.8894966601e-01 -1.1442268120e-01 3.1350331120e-02 -1.1105256762e-01 9.8979445267e-02 1.0785997652e-01 1.5972418799e-02 -2.6230218482e-02 -2.1724689062e-02 -1.8766782800e-02
-2.2194753229e-03 -8.5722163455e-04 1.1890781330e-02 8.0643362226e-02 1.1358035005e-01 5.4296476569e-02 -2.3457400126e-03 -1.9735918340e-04 5.0820690497e-02 3.6957961467e-02 9.4072071222e-02 5.1995673069e-03 -2.5557640791e-02
4.7560340574e-02 2.5559304942e-02 9.9936957944e-02 -1.1046290894e-02 8.3310145405e-02 1.5497177611e-02 3.9838388763e-02 -3.6222040386e-02 5.0829866624e-03 -1.4132382795e-02 -1.3963304012e-03 4.5102897305e-02 2.7130727113e-02
4.6191304455e-02 2.5591186785e-02 9.6389045831e-02 -6.2754471174e-03 8.6305821959e-02 1.3400006270e-02 3.9719116169e-02 -4.0407233343e-02 7.3098191709e-03 -1.6342095807e-02 8.3526848131e-04 4.2436613898e-02 2.4164868329e-02
4.5065747564e-02 -1.1174518328e-02 6.5830223074e-02 -4.9340940681e-02 3.6547554557e-02 7.9919575928e-02 -5.2453443278e-02 1.1088327256e-01 8.8398480106e-02 -1.6803622657e-02 1.3615949008e-01 -4.3902134680e-02 2.7099256608e-02
-1.1639714296e-02 -3.7309191900e-02 -1.2507757620e-01 8.2941200303e-02 -3.7409888163e-02 -1.6172328378e-03 -8.6204542001e-02 -8.1658235600e-03 3.8217456279e-02 5.0737163696e-02 -6.1225199155e-02 -6.4073198323e-02 -2.5943224059e-02
9.9500030927e-02 -2.3962046472e-02 9.8169000355e-03 7.5790446000e-02 1.1268916368e-01 8.7961014754e-02 -1.0778100934e-01 2.4480606859e-03 1.0692131610e-01 2.1333765194e-01 1.8223155235e-01 1.7233634642e-01 4.2238010470e-03
4.2299296626e-02 5.0730521955e-02 9.7726597998e-02 6.6888891937e-02 1.4490435446e-01 5.2602471634e-02 4.0012745394e-02 3.0806603869e-02 -1.5401033367e-02 7.3960114453e-03 -9.9772430063e-03 8.0573857139e-02 1.4535296112e-01
2.3457091343e-02 5.6562292525e-02 9.7426386206e-02 1.0216604254e-01 1.2091940425e-01 9.3737623402e-02 2.9589609561e-02 8.9213580695e-04 9.7294003605e-03 -5.1488816361e-02 -1.3739631616e-02 8.3953657751e-02 1.0627897642e-01
8.6709411556e-02 2.5410785188e-01 2.0497620673e-01 8.2675570155e-02 2.1208655429e-01 1.0461683843e-01 7.5948553458e-03 6.8751158730e-02 -6.3463219797e-03 2.4302371976e-02 5.7815560522e-02 -1.1953519059e-03 1.7536752711e-02
-3.1285705671e-02 -3.7473978669e-03 -1.0136172661e-01 1.3615837092e-01 -7.2859619018e-02 1.3454102764e-01 -1.0940719922e-01 1.1858364221e-02 1.0528113114e-01 2.8874186750e-02 6.0208585570e-02 9.3819414328e-02 3.0544703719e-02
-2.2253889929e-01 -1.3421378526e-01 -3.0967639433e-01 -1.9463857409e-02 -2.5828163019e-01 -8.0938173617e-02 -9.1966524771e-02 3.2204617708e-02 1.0472744320e-01 -7.8683981584e-03 2.9531489185e-03 1.2678609815e-03 2.7368589055e-02
-3.5180516366e-03 6.5568477276e-02 9.1881663688e-02 -3.3445182472e-02 5.4079859402e-02 3.6305554312e-02 -2.9461580887e-02 1.3496126125e-01 4.5650226978e-02 5.8530883650e-02 8.8601730582e-02 -1.4174443029e-02 -6.3701501712e-02
5.2293465438e-02 -8.7725839311e-02 -3.1375608883e-02 4.6289657809e-02 1.0694621795e-01 1.1330505340e-01 8.6108849393e-03 -9.4539252087e-03 5.8979974875e-02 9.5805484867e-02 9.2605685295e-02 1.6454934485e-02 -4.1083384156e-02
3.8415589553e-02 9.3702041131e-02 9.9331181888e-02 -4.3190532866e-02 2.3908357320e-02 -1.7915669792e-02 6.0685478452e-03 2.1686238367e-02 8.3681057480e-03 1.1412199442e-01 -1.2795193632e-01 -8.4419211824e-02 -5.1759186767e-02
-4.4084383854e-02 -2.4156978136e-02 -9.7545860032e-02 4.2628345093e-02 -7.3574446907e-02 5.3644107391e-03 -4.4063436819e-02 3.0633516954e-02 2.7254120422e-03 -3.5907582569e-02 3.5567921441e-02 -1.7361145694e-02 -2.9576483921e-03
-1.4431937329e-02 -3.9655365173e-02 -1.3267866181e-01 7.7245713355e-02 -1.3664147641e-02 -6.3517905800e-03 -9.4271003455e-02 1.4635468048e-02 4.5229372149e-02 2.6953634967e-02 1.5685427609e-03 -4.7811417087e-02 -3.8109158645e-02
-1.9591734773e-01 -8.5761292723e-02 -2.5094635976e-01 7.9325044563e-02 -1.2336397961e-01 6.4865230043e-02 -5.4100050030e-02 4.1412994580e-02 1.1757176625e-01 -8.6366926506e-02 -2.1825083741e-02 2.9709807848e-02 8.2462588639e-02
-6.4219918163e-02 1.0954007731e-01 -4.6062820686e-02 1.5355266423e-01 1.3693868668e-01 -6.6543513454e-02 -2.6689554010e-02 2.2967304912e-02 1.1801081206e-02 4.2854429314e-02 -6.4352840018e-03 3.5381631080e-02 -1.2586116370e-02
