-4.0819650360e-02 -1.2384095975e-02 -1.2922739573e-02 3.6071250030e-02 -4.7110482984e-02 1.2684971771e-02 -2.8651674108e-02 -8.0522437986e-03 -1.5986314974e-02 6.2555899226e-02 -2.3239517115e-02 7.0270360117e-02 4.3133829399e-02
-1.7304326447e-02 -9.5079035085e-02 -9.7685278338e-02 -6.1824480030e-02 -8.6247484489e-02 -3.1636719501e-02 -1.2573565108e-02 1.0497252104e-02 4.3002993315e-02 1.0313078448e-02 -1.8471959021e-02 -1.4843416392e-02 3.6009114995e-02
-3.3617382914e-02 -1.7115457298e-02 -1.0964694543e-02 -2.1553421567e-02 -8.2315584786e-02 -7.7258306863e-03 7.2764452569e-03 -1.8441625179e-02 -3.0150768277e-02 -1.6476073992e-02 -6.7805265987e-02 -6.6869002377e-02 4.3992993778e-02
7.2125993231e-02 6.5121226398e-02 1.0089548311e-01 -3.8274511017e-02 7.2164517920e-02 -1.6691489630e-01 -1.5371080392e-02 7.7270858529e-03 -5.0918271861e-02 7.6355415700e-02 3.3977470064e-02 -1.0334099371e-01 -1.3643037954e-01
-3.9676960130e-02 -4.7740297217e-02 -8.9146492462e-02 6.5771207462e-02 8.2287742921e-03 -6.3830290238e-02 -7.3616180744e-04 -2.2557502132e-02 -3.3126371082e-02 6.6639494930e-02 2.6154838992e-03 -1.6368642805e-03 -1.9438278343e-02
8.6891427486e-02 6.4857734424e-02 1.0393877215e-01 -1.1082949276e-02 4.7458798954e-02 -4.8766628492e-02 -3.3537464693e-03 -3.4224183883e-02 -4.1568845450e-02 1.7629900649e-02 -1.5549287025e-02 -3.9722786131e-02 -5.1208289925e-02
7.8985879639e-02 5.3426410770e-02 2.3874557009e-02 3.9273869581e-02 -2.3218519172e-02 -2.7785744389e-01 -1.4410270839e-01 1.7741949588e-02 9.9472300343e-02 1.5192572729e-01 1.7250963399e-01 1.2223569420e-01 -2.7119646894e-01
6.1114832618e-02 1.9914136087e-02 6.0433120751e-02 -1.5303719072e-03 2.6433073532e-02 4.4048339190e-03 1.9175774378e-02 1.7296278375e-02 9.2643881571e-03 2.9599021459e-02 6.7686013268e-03 -3.2363476050e-02 -4.2548747439e-02
-4.1240740376e-02 -6.0678176591e-02 -1.7425971427e-01 7.6210469753e-02 -9.1870947248e-04 5.6595680499e-04 5.0803373638e-03 -8.9784572585e-02 -2.8870441723e-02 -3.6477409497e-02 -1.9393565780e-01 -1.2520948784e-01 5.8512299958e-02
4.3647235653e-02 -2.3670005769e-02 4.9124390707e-02 -7.6161555867e-02 2.1323028403e-02 1.4304536529e-01 -1.9428685332e-02 1.5943685438e-02 6.3507551638e-02 8.2001676555e-02 -1.1766195438e-02 -3.5653119243e-03 6.8010992852e-02
-1.3895034371e-01 1.1092759478e-01 4.0324259641e-02 5.9066684194e-02 1.1323105857e-01 1.4667795104e-01 9.2101217303e-02 1.4582787951e-01 -6.0957994201e-02 -1.8082690374e-02 -1.2317009035e-02 7.5353960658e-03 -1.2290581125e-02
-6.4799351824e-02 -3.5096307800e-02 -1.1061969491e-01 -7.3403308100e-02 1.2659410666e-01 -1.3251353395e-01 8.1682507382e-02 1.2193287636e-02 -1.2551466961e-01 1.3910070872e-01 6.2573163190e-02 -8.6715600892e-02 -2.1506507937e-01
-1.3975652048e-01 2.2831385434e-02 -7.3601397823e-02 -4.5945881645e-02 -7.9117181403e-02 -2.4219580742e-02 -2.4775886337e-02 7.8934939616e-02 4.5928610312e-02 -9.3038527737e-03 -1.3414878631e-02 1.8492754324e-02 1.2343925156e-02
1.3092026943e-01 2.8314002478e-02 1.5925825972e-01 -2.8759122796e-02 4.4077112126e-02 8.3184552343e-03 2.9585764955e-02 -6.2885324181e-02 -8.8103198647e-02 -1.0877622957e-02 2.9728731457e-02 5.1750104982e-03 -2.6974978684e-02
3.9579397471e-02 2.8658625034e-02 4.4737491528e-02 1.7974996566e-02 4.3079259354e-02 6.1701238580e-02 6.7040346722e-03 3.4977263205e-02 6.1398547733e-03 3.3109768621e-02 1.4240674845e-02 5.5249556829e-02 1.9352050957e-02
-3.5836865204e-02 1.8838837361e-02 -6.1693005806e-02 3.9420585424e-02 -6.6027652410e-02 -1.6616086539e-02 -1.5994384963e-02 -5.0150857771e-02 3.7383181682e-02 2.2253123490e-01 -7.7886721124e-02 2.4472244356e-01 3.8400584043e-02
-2.7866332900e-02 -6.2004182200e-02 -3.0043581265e-02 1.1085463686e-02 -1.0383494994e-01 -4.6809898582e-02 -5.1785457606e-02 -3.3078402565e-02 1.5837663420e-02 -1.7282428283e-02 1.2702637100e-02 3.6819671203e-02 5.2222917224e-02
9.1285171374e-02 -2.6872308378e-03 6.1333616233e-02 4.7997511738e-02 1.4211829956e-01 6.9731528394e-02 4.1780344999e-02 -5.1062516591e-02 -4.2418150304e-02 -6.5887915432e-02 6.7576651967e-03 -1.5905311070e-02 2.0308813255e-02
2.7790842588e-02 2.5924895195e-02 7.4105846753e-03 -3.8758716416e-02 6.0847788317e-02 3.1353723225e-02 5.1554472902e-02 2.1920862662e-02 -6.1190802707e-03 -1.4253474331e-01 5.2034058686e-02 2.7713399914e-03 1.1770775828e-02
3.0444064352e-02 -1.2115680879e-01 -6.8969957732e-02 -5.7007823686e-02 -1.1088733876e-01 -1.1017560472e-01 -7.0243146956e-02 -3.9487200283e-02 6.2641315837e-02 -4.3160390036e-03 -1.0740837357e-02 3.6736083755e-03 1.8270993387e-02
-5.0670764034e-02 -2.2495257657e-02 -1.4513451622e-01 -1.0663755670e-02 6.5217002289e-03 -1.0956022587e-01 2.0084731283e-04 -3.3912436811e-02 -2.2906398055e-02 1.4311388361e-01 -6.5944288380e-02 5.2553851998e-03 -3.7181428191e-02
9.1013027243e-03 2.8408922721e-02 9.1189815093e-02 -4.3903803624e-02 -1.2853769509e-02 -2.4038377466e-02 3.3765585959e-02 3.2593146528e-02 -1.7935265428e-02 3.1306663647e-02 3.1029047597e-02 -3.1866542341e-02 -3.7355303536e-02
3.5311170847e-03 -1.7503588625e-02 6.6267569111e-02 -1.5502197096e-01 7.8469591471e-02 -7.9352436053e-02 1.5056784402e-01 -2.0462357685e-02 -1.2925734016e-01 -2.9007933338e-01 -1.8636986278e-01 -3.3060482628e-01 5.5045750841e-03
5.8870094540e-02 -3.1104796201e-02 -5.7670840434e-02 3.7201744549e-02 1.5952997082e-01 1.9737843524e-01 -5.5678610199e-02 2.1532017741e-02 1.1387702648e-01 2.9850478599e-01 7.7062382290e-02 1.6454147487e-01 1.6980370886e-01
6.1810471058e-02 1.0060740649e-02 9.1848088801e-02 7.0798388377e-02 6.4225331626e-02 1.5455563484e-01 -1.1104084027e-01 8.0620073104e-02 1.6560878382e-01 -9.9039441601e-02 2.8958735383e-01 2.9111738426e-02 6.2330459468e-02
2.3783044483e-02 4.0328283784e-02 -1.4855480441e-02 1.9353974044e-05 1.5170022542e-01 3.8409282111e-02 -8.0516637524e-02 1.1738256661e-01 1.2851100559e-01 4.4558288396e-01 -3.9856927161e-02 -1.2002878645e-01 -2.3877182667e-01
-6.3844138065e-02 -9.1440219877e-03 -1.1366111681e-01 5.1411625032e-02 -1.6664444702e-01 7.7246753566e-02 -4.8234984163e-02 -1.4366113182e-02 7.5053208858e-02 -3.1235984741e-02 -1.0654984268e-01 7.4114513307e-02 5.3798596384e-02
-8.4387901269e-02 -5.3997981929e-02 -1.1800051817e-01 -5.6923593738e-02 -9.8467484317e-02 -2.5020059011e-02 -3.4063673637e-02 3.0994998410e-02 5.4768774244e-02 1.9143832363e-02 1.6508841651e-02 9.6545091614e-04 5.1382459252e-04
-5.1472791243e-02 -3.5312421872e-02 -4.1224114044e-02 2.4731179167e-02 -1.4033120997e-02 -2.2019088920e-02 -3.4319367582e-02 -1.8827243625e-02 -4.3180063136e-03 6.4492348376e-02 -5.4723633629e-02 -1.7218286333e-02 -3.7165106520e-02
-1.1700427781e-01 -4.1415345759e-02 -3.0788675162e-02 -2.4455358576e-02 -2.5507107052e-01 5.0587570112e-02 3.5370729391e-02 -3.3412286206e-02 -5.4727149967e-02 -3.2063859160e-01 7.9649820944e-02 1.6974034517e-01 2.3640855125e-01
-3.0724410038e-02 -8.1056293749e-02 -9.2138676533e-02 5.7223863290e-02 -1.3664535257e-01 8.3282668273e-03 -1.2615876218e-01 -3.4445938600e-02 5.5822852197e-02 -3.1328256806e-02 -2.8663462071e-02 1.5307211618e-01 6.3421951833e-02
9.2118437420e-02 -6.1482762608e-03 1.7993912640e-02 2.0496578355e-02 -4.2609169185e-02 1.3744809028e-01 6.4337625424e-03 -8.1478765887e-02 2.1401551790e-02 -4.8076844248e-02 5.1272521421e-01 1.1813309291e+00 3.8648228296e-01
1.0320438059e-01 -2.9093388617e-02 5.4463200199e-02 5.2721194030e-02 4.8619178918e-02 -2.1572842178e-02 -7.0033071084e-04 -5.2334961414e-02 -3.5081570602e-02 1.6970594057e-02 4.2135318575e-03 -2.3960628457e-02 -4.7231607237e-02
-5.5522843687e-03 -1.2373928942e-01 -1.7708845548e-01 2.0939481847e-01 2.5383433827e-02 1.2051512864e-01 -1.3119539979e-01 -4.7088339354e-02 1.0119620971e-01 -9.9190276820e-02 1.0933710902e-01 -4.8375776738e-02 1.4326643342e-01
-1.9059042618e-02 -1.4910523485e-02 -1.3519581555e-01 1.9691875227e-01 2.6808957385e-02 -1.1605935305e-01 -1.9054539372e-01 4.3261921900e-02 9.8131872206e-02 4.4198506621e-01 1.2083642238e-01 2.3581982091e-01 -6.4797740184e-02
-9.6627096511e-02 -8.7954347718e-02 -1.2157664663e-01 2.8722727270e-02 -7.4088177357e-02 4.2348779399e-02 -2.9705923024e-02 4.4728072039e-02 4.7951434511e-02 6.0030084925e-03 -6.1316253496e-04 -1.3082289302e-02 -8.8203535518e-02
4.4767893130e-02 9.2252657281e-02 8.0894609776e-02 4.3253992296e-02 1.1890358149e-01 4.3721950477e-02 3.5322116014e-02 -2.1277993280e-02 -3.1070247140e-02 -1.8278296936e-02 9.2214363736e-03 1.5313268985e-02 2.3027738613e-02
-1.5668710730e-01 -3.8615500381e-02 -1.1143583951e-01 -2.2953549549e-03 -2.1740205913e-01 -1.4057233600e-01 -2.4363365320e-02 -9.5879830223e-04 2.5399919232e-02 -5.3694081052e-02 -3.5042655578e-01 -1.7116913222e-01 -7.9805836986e-03
-2.6901149023e-02 4.9121557024e-02 1.2261289628e-01 -1.1944289128e-01 5.5276647562e-02 2.7092914434e-03 2.3638168248e-02 1.4005735889e-01 5.8892551916e-03 1.8961335324e-01 7.2763491531e-02 -5.0316820760e-02 -1.2376435855e-01
9.2415716238e-04 -1.3476559844e-01 -1.7119760328e-01 1.7995950102e-01 -3.3749010867e-02 8.4510266951e-02 -1.3679507937e-01 -3.4992352893e-02 1.1725073350e-01 5.8024731918e-02 8.4445177620e-02 -5.1347069478e-03 2.3031213710e-02
1.1243873646e-01 4.1894231917e-02 2.1780745254e-01 -4.7357323662e-02 -5.5668551499e-02 1.0273776697e-01 1.9594695678e-02 3.2191278880e-02 1.0320128173e-02 1.9714354227e-01 -5.0625894684e-02 -5.7447696225e-02 -1.0755649563e-01
5.7024511138e-02 2.2291905842e-02 8.1204999363e-02 -2.4695185516e-02 7.1511831266e-02 2.7507366524e-02 3.0341718922e-02 3.2718651667e-04 -2.7210437320e-02 -1.7985166834e-02 7.8258075529e-02 9.2521425520e-02 2.2522138379e-02
-3.2133253300e-01 1.8859754369e-01 -2.1568358487e-01 2.6570579432e-01 -1.9365486107e-01 8.5610367740e-02 -1.8126107158e-01 9.7878027620e-02 1.6726423034e-01 1.6897215473e-02 -4.8477665192e-03 3.5028933567e-02 2.7563606092e-02
-1.5388171542e-02 -5.7298322036e-02 -2.6357507437e-02 7.0482606390e-02 -1.0459348375e-01 3.9286613958e-02 -4.5382294804e-02 -5.5215650310e-02 3.5942669327e-02 -8.7788831234e-02 3.2872133574e-03 6.4766266969e-02 2.6346836889e-02
1.0727177708e-02 -4.3827741775e-02 -1.4679179030e-01 8.1588551585e-02 -5.3617112415e-02 -6.1950228979e-02 -1.9883900076e-02 -1.5835430349e-01 -2.7757826068e-02 -1.8739663923e-01 -9.0489742507e-02 4.3578223450e-02 3.1140794229e-02
-6.2499499147e-02 -3.2213465028e-02 -1.5226493957e-02 -1.6680960744e-02 -1.0831948621e-01 -6.0412728546e-02 -2.2775415166e-02 1.3928816709e-02 2.7704211247e-02 -1.2808074589e-02 -4.6449969534e-02 -1.2260716922e-02 -2.6251282292e-02
-6.0973040955e-02 1.2622034624e-02 -9.3007142948e-02 3.2000818899e-02 1.1234929141e-02 1.4223374746e-02 4.8172238892e-03 -1.7885551429e-02 1.2944289051e-03 -1.5999290455e-02 -4.4536465520e-02 6.7739636761e-03 5.4143177748e-02
-9.6926318745e-03 2.5750707919e-02 3.5115742460e-02 -3.0498649660e-02 2.8982181863e-02 -9.4631893341e-02 8.9926933753e-03 1.6496363537e-02 -2.1884978411e-02 1.7886168758e-02 -2.1261841345e-02 3.8205170354e-02 1.0546224501e-01
5.9770645580e-02 2.4162193058e-02 1.9559472891e-02 -3.3572811483e-04 5.4842425691e-02 1.4764116435e-02 3.1017412354e-02 1.4227249241e-02 -1.3261623969e-03 -1.1930147806e-03 3.1092009214e-02 5.6232694507e-02 -1.8333821516e-02
-4.0593750206e-02 4.4184217246e-02 -8.0745262680e-03 2.1439602167e-02 1.0626087313e-01 3.9871053622e-02 2.3596010557e-02 4.9441472540e-02 1.2253143770e-02 -1.0602788596e-02 6.8516585180e-02 3.5116547049e-02 3.3704934618e-02
1.5250719118e-01 -1.0784530452e-02 1.4450089656e-01 -1.6762112101e-02 9.2383167167e-02 3.0562224200e-02 7.0342271134e-02 -5.4918743636e-02 -8.1667184772e-02 -1.1308155322e-02 8.4152253786e-03 1.3303774545e-02 -9.5197817980e-04
9.6381516239e-02 -1.4928139946e-02 1.1290164641e-02 2.6265818156e-02 2.1631113092e-02 1.3889488707e-02 -1.7124715462e-01 8.8891210674e-03 1.8260927530e-01 1.0521043473e-01 2.4155893947e-01 1.4276302274e-01 -2.7026106176e-02
3.0623568673e-03 1.3661390839e-01 6.9019309456e-02 4.7097784031e-02 7.8008481563e-02 2.3349772913e-02 2.9614738042e-02 -9.7727067761e-03 -6.5889085800e-02 -4.7654773080e-02 -1.3681388632e-02 3.2852584848e-02 -1.4435707295e-02
-1.8970543807e-02 2.6985799710e-03 -3.1324329151e-02 4.3432382838e-02 4.3923758823e-02 1.5187665462e-01 -2.9235202597e-03 3.8855738358e-02 3.6904746099e-02 2.1053371417e-02 2.1123264032e-02 2.7520147348e-02 -2.2739849034e-02
-7.7693502538e-02 -3.6170212164e-02 -1.0171459839e-01 4.2277841044e-02 -8.2681026396e-02 5.9282113168e-02 3.0987758431e-02 -6.0741999219e-02 -2.1075283795e-02 -1.0016525577e-02 -6.5927131490e-02 2.3763156938e-02 9.0659711483e-02
-3.0574958767e-02 5.4701917397e-02 4.1720673190e-02 -5.5674824696e-02 9.4596163179e-03 -6.2107123745e-02 8.5149201518e-02 3.6240663663e-04 -8.0925547249e-02 -7.7610979971e-02 -8.8734540047e-02 -5.2363399235e-02 6.4967284993e-02
-1.6698579097e-02 -6.2008125371e-02 -1.4276833586e-01 3.7631816394e-02 -1.0627446077e-01 9.6981642979e-03 5.0184977765e-03 -4.0327301092e-02 3.6676771713e-02 -9.0456430154e-02 -4.8443293283e-02 5.9969222422e-02 1.2231087234e-02
-1.3053282467e-02 6.5511653287e-02 1.0431235045e-01 -8.9288580672e-02 -5.7430600989e-02 2.6043728946e-03 3.9787696387e-02 4.6849010689e-02 -1.7495057101e-02 -2.0293661267e-02 6.6478358456e-02 -4.5482712998e-02 -9.4168271869e-03
5.0197166520e-02 4.5668450770e-02 9.6818552585e-02 -4.9834117528e-02 2.8241467410e-02 1.4291273962e-01 1.4656793776e-01 -3.2792043384e-02 -1.2835397911e-01 2.6320988608e-01 -2.1778990867e-01 8.7287201758e-02 5.0392916840e-03
4.2558573079e-02 2.9855821602e-02 2.9158453849e-02 -2.5615447997e-03 8.3139521937e-02 2.0467072750e-02 3.0439909086e-02 7.6007108496e-03 -4.5419810133e-03 -5.8086758094e-02 1.6381793754e-02 1.9904434445e-02 -2.9407614636e-02
-5.5337074969e-02 6.3681550619e-02 8.6581738057e-02 -3.7822557987e-02 8.2701318616e-02 1.4034722391e-01 6.7765362262e-02 9.3819806835e-02 -1.6328462745e-02 1.9387503434e-02 -3.0105122010e-02 -1.9404817386e-02 5.8369451379e-02
-5.9844417930e-02 -4.1925787278e-02 -7.4027897020e-02 4.7639391632e-02 -3.2018240256e-02 1.0551536513e-01 7.6206960540e-03 -1.9979882541e-02 -2.2491657542e-02 1.5865921424e-02 -2.9800060328e-02 2.6415314917e-02 8.0924965037e-02
1.1935641866e-04 -6.0488234102e-02 -2.1244589357e-02 2.8566756182e-02 -6.4910267214e-02 3.9313200892e-03 -2.1713221848e-02 -3.3005458217e-02 4.1154011243e-02 -6.0222543787e-02 4.0174465026e-02 4.5969462905e-03 2.0088346560e-02
-3.5791190043e-02 -4.1589415861e-02 -5.3633260192e-02 4.1152269616e-02 -1.0710144234e-01 1.3564334128e-01 -4.3585307645e-02 -7.1601313782e-03 4.7719979854e-02 -7.4347553887e-02 8.0459865090e-03 3.3288868578e-02 5.8081106514e-02
-5.2237116020e-02 6.7170862341e-02 1.0120670811e-01 -1.4327267985e-01 -9.3343125570e-02 -2.1368280762e-01 1.4979487964e-01 -1.3844904457e-03 -1.4777671875e-01 -1.6298291076e-01 -1.2928131944e-01 -1.0587750512e-01 1.8438141826e-02
1.6913291428e-02 -4.6695747674e-02 -6.8131116173e-02 5.7042697516e-02 -4.7893397841e-02 -5.4727687166e-04 -6.9371348090e-02 -4.9414856125e-02 3.3763619826e-02 5.8470627354e-02 -3.4461979791e-02 1.0120624749e-02 1.2012679297e-02
4.8017009796e-02 -7.5104646006e-02 -1.0367265613e-01 3.2261669627e-02 -1.0230896148e-01 -5.0580481039e-02 -1.1690511577e-01 -6.8815661259e-02 1.0070432512e-01 -1.9890682535e-02 -2.1285264794e-02 -5.7219463651e-02 1.0569410949e-03
6.0116256764e-04 -4.7070996558e-02 -5.3874319476e-02 9.9948896119e-02 -1.0653878205e-01 -1.2665391197e-02 -8.0613322095e-02 -3.6368680939e-02 6.5213687638e-02 -1.4660617515e-01 7.4448080495e-02 1.1132778009e-02 5.0860666389e-02
-3.0457530447e-01 -3.0815804261e-02 -2.8344482072e-01 2.0108379147e-02 -1.2343039012e-01 7.4345439790e-02 -5.2617487001e-04 1.0744331858e-01 2.7756146025e-02 -6.5481222398e-02 -2.8378186562e-02 -4.7492289439e-02 -4.2882083939e-03
-3.3764732148e-02 -2.1566216072e-02 -1.7009842855e-02 -1.0075984241e-03 -8.3993418317e-02 -4.1754734563e-02 -1.1144382339e-02 -4.1724292678e-02 -1.2253557425e-04 4.6926484402e-02 -8.6993195825e-02 -2.7074912733e-02 1.2303923098e-02
-4.2067875079e-03 -3.0542877884e-02 -4.4156505519e-02 5.8698003038e-02 -5.6466441179e-02 5.6463742624e-03 -3.3519696730e-02 -4.6033913149e-02 -8.3077187848e-04 1.1281823469e-02 -4.6495057163e-02 2.0681285636e-02 8.4009376134e-03
3.2084528624e-03 -5.4418551767e-02 -8.8845984424e-02 4.8471268078e-02 -5.8160236090e-02 3.3059250628e-02 -1.9318904857e-02 -7.1780224875e-02 1.7851943446e-02 3.7486745084e-02 -1.7139073492e-01 -9.4906195587e-03 6.8071754133e-02
-7.5277198428e-02 2.6694876194e-02 -7.0848782145e-03 -2.7996329903e-02 -5.8949326201e-02 -7.5472730403e-02 4.9855186965e-02 1.9666251137e-02 -4.0233636619e-02 -9.1384465099e-02 -9.6633312941e-02 -4.5996333664e-02 -2.2039898170e-02
1.6828290829e-02 5.8115749484e-02 8.3745427785e-02 -6.5762262308e-02 3.8578739180e-02 2.7860031941e-02 1.0307594216e-01 2.2604188157e-02 -8.3559861005e-02 -4.4868887255e-02 3.0843461996e-02 1.7854423963e-02 7.3286673775e-03
1.2252221335e-02 4.4169195711e-02 5.6791635763e-02 -2.1227035335e-02 3.1902710046e-02 3.5231790307e-02 4.5900489238e-02 7.1426578154e-03 -3.7873778583e-02 4.5113132240e-02 -2.1316222803e-02 1.4109524818e-02 -2.3577542292e-02
-9.6925024746e-02 -2.3968202369e-03 -1.4941090551e-01 8.3297351597e-02 -5.3790879699e-02 -4.2339919817e-02 -5.5836912610e-02 -4.8548671400e-02 2.2424649306e-02 -3.2494998014e-01 -9.5239825733e-02 -1.9003805248e-01 1.6703972902e-01
7.2340365097e-02 3.6077659726e-02 8.3599261944e-02 -9.6032253323e-03 -4.2555942303e-02 -2.2800862209e-02 -4.2485547642e-02 1.3220459236e-02 5.5839336552e-02 -1.1648316674e-01 3.1373384170e-02 -1.3599850123e-01 -5.2337624274e-02
-9.1209693698e-02 -4.1595890459e-02 -1.1900050126e-01 -7.3959532834e-02 -7.1399431212e-02 -6.2911038404e-02 -3.6609631517e-02 2.5110528601e-02 4.8676690319e-02 3.8011461930e-02 -3.5306345066e-02 1.8499803334e-02 5.9055890741e-02
5.1511845725e-02 1.0703772833e-02 5.9348335779e-02 -2.2942940831e-02 8.9000986238e-02 6.3014473773e-02 9.2996531925e-03 4.0550269329e-02 2.3650590854e-03 -1.2063357924e-01 7.8390424589e-02 1.4762619032e-02 5.2047151248e-02
-1.8883657506e-02 7.8319920303e-03 5.4457205415e-02 -8.7853843260e-02 8.4790529662e-03 -8.6037329868e-03 8.1180271449e-02 9.6793949902e-03 -9.1115887865e-02 -9.2617253386e-03 -1.1101910303e-02 -1.2401907624e-03 1.0590362827e-02
-1.1652201979e-04 3.0463935546e-02 2.9751615407e-02 -6.0635669471e-02 3.2335521030e-02 3.1565772366e-03 5.9657886947e-02 5.5050135593e-03 -6.4937859041e-02 -6.9903327081e-03 3.6397791008e-03 -2.0089264759e-03 2.2595321510e-02
2.4737574314e-02 -5.6289967541e-02 -5.6339395658e-02 -9.0721704976e-02 -2.2222032855e-02 -4.0886169991e-02 -1.2438001637e-02 -1.1177828975e-03 5.1930854577e-02 2.2858313457e-02 1.7814941916e-02 -2.4079287791e-02 -2.3296053986e-02
-3.9281756825e-02 -7.8665556906e-02 -1.6675025144e-01 2.8382747301e-01 -3.5125168425e-02 -3.6890491105e-02 -1.5509149562e-01 -2.1678455310e-02 1.0647963688e-01 1.1091714467e-02 1.2301397443e-01 -1.6004101908e-01 -1.5664221761e-01
-1.4933278704e-01 6.1135254804e-03 -1.0893072261e-01 -2.3594902170e-02 -9.7341052464e-02 -1.0883446733e-02 -2.3302750161e-02 8.6200915284e-02 4.4632700795e-02 1.8367903427e-02 -1.6692279359e-03 -7.7440058023e-03 -1.0921460964e-02
7.2593441303e-03 -4.5125851176e-02 -6.0567051707e-02 7.7418702200e-02 -3.7003128027e-02 5.0025100018e-03 -8.2097291537e-02 -1.3892315646e-02 7.0341051004e-02 1.6213664941e-01 -1.3199761646e-02 4.5720863015e-02 -2.3791584236e-02
-5.0048828744e-02 -6.6345714410e-02 -1.2685442622e-01 6.9893456408e-02 -7.3295263476e-02 6.5993257939e-02 -2.3072019508e-02 -2.6367156475e-02 4.1952409153e-02 -1.2444000169e-01 7.9913139647e-03 1.4699735147e-03 9.7345192539e-02
-1.5538001151e-02 1.7398292467e-02 1.0226658278e-01 -1.2057162845e-01 -1.6236799488e-01 -1.7713112804e-01 1.3586213446e-01 -5.7403508777e-02 -1.7005336298e-01 1.1026191440e-01 -6.9524419521e-02 9.1808555529e-02 -5.8071625531e-02
-3.8925589127e-02 -2.7905869750e-02 -1.2418688743e-02 -4.4791358567e-02 -7.7721415046e-02 2.6199477493e-01 1.4081372287e-01 -7.2812654228e-03 -2.3927212775e-02 -2.3703828328e-01 -1.3927976705e-01 1.0943414372e-01 4.8330438082e-01
2.3674003378e-01 -2.6859133019e-03 1.1411818601e-01 -5.2576498837e-02 8.3953804265e-02 -4.5795714307e-02 -3.4979573752e-03 -1.3951111395e-01 9.4431845607e-03 -8.3526403794e-02 -1.9354112033e-02 1.8118610388e-02 5.9180243612e-02
5.4353712227e-02 3.9464692249e-02 1.4357134739e-01 -1.3234168861e-01 1.1579367852e-01 -1.0737032071e-02 8.4315475205e-02 3.2584977653e-02 -7.5856708285e-02 2.9791563246e-01 1.0700203721e-01 1.3137758156e-01 -4.9481785127e-02
4.2817972328e-02 8.1042427211e-02 8.2779244707e-02 -2.3392824602e-02 7.6695658900e-02 1.4674185935e-02 3.3612061225e-02 -3.5478336209e-02 -3.3573020141e-02 -1.1593936355e-02 2.6009325230e-02 5.8005300599e-03 4.9539060683e-03
-1.0510220109e-01 1.0077961389e-02 -5.6869225451e-02 -2.7474754780e-02 -1.3098881201e-01 -2.3158798407e-01 -5.9756553697e-02 1.3653537860e-02 2.6927569713e-02 1.0844617864e-01 3.3276569740e-01 4.9512263584e-01 -3.5324415639e-02
4.5255928197e-02 -3.6731474367e-02 -3.7560989125e-02 7.3396294632e-03 -9.1760736934e-02 8.2920916229e-02 -4.9695651142e-02 -4.3541888903e-02 3.5537630681e-02 -1.3297423411e-02 4.4644121659e-02 7.7564573892e-02 -1.4873789506e-02
4.8487265521e-03 5.1315074819e-02 3.4019497627e-02 -4.2168638233e-02 9.7921047117e-02 -8.6801016707e-02 7.0034538467e-02 6.1888116948e-02 -6.2151420973e-02 -5.3227440346e-03 -1.5401967055e-02 -5.6236083185e-02 -3.7742795078e-02
5.9847115237e-02 6.3904954069e-02 1.8030528099e-01 -9.4070988837e-02 -1.9515618585e-02 4.0769284651e-02 6.3029597996e-02 3.4479429832e-02 -5.5124975499e-02 -7.8963660488e-02 1.8726324780e-01 2.2087725215e-01 -4.4172788290e-02
4.9443402227e-02 5.8626494512e-02 7.8051226210e-02 6.6634460361e-02 7.9664083386e-02 3.9164365240e-02 2.7390739573e-02 -5.1162705012e-02 -7.1664553130e-02 -2.7052140584e-03 -1.2054501764e-03 4.1833202989e-02 3.2467981950e-02
-2.2651345659e-01 8.1279380161e-02 -2.1777931567e-01 8.4016459025e-02 -1.0516906122e-01 3.7459448823e-02 -5.9916564022e-02 4.7662003600e-02 9.8994864889e-02 -6.1215204220e-02 1.8186889473e-02 6.1349748225e-02 2.6769270515e-02
1.3753945181e-01 -6.2587547310e-02 1.1771660642e-01 -6.9818488254e-02 -7.8172577406e-02 -4.1553517170e-02 -1.7580681475e-02 -5.4910015258e-02 -1.8458113728e-02 2.9419375524e-02 9.6373530145e-03 -1.5793171862e-02 -4.6064508787e-02
2.1179490816e-02 1.6598319358e-02 8.8126880922e-02 1.8510819451e-02 -6.1614020423e-02 4.7773989380e-02 -5.5090557798e-02 5.7524916270e-02 8.3904246467e-02 2.4704515938e-01 -2.1458690240e-02 1.5609351079e-01 2.9261838995e-02
-1.7997968605e-02 5.8672825269e-02 4.4965061195e-02 -7.6737377096e-03 1.1222698071e-01 5.9725478464e-02 5.6822188979e-02 5.7772195119e-02 -4.0540749458e-02 -3.9345748689e-03 3.8062640274e-03 -1.2461667374e-02 -2.2529787720e-02
3.5168312221e-03 7.9760192208e-02 8.5803911177e-02 -7.3774349066e-02 1.1698569610e-01 -7.7116249800e-02 1.2456289946e-01 2.5166829911e-02 -1.1227379050e-01 1.9094159169e-02 6.1438413956e-02 9.3445712085e-02 2.8777862933e-02
-2.0188816635e-01 4.7222810505e-02 -1.9335267547e-01 6.5361486063e-02 -4.6911317028e-02 4.2520120402e-02 -5.7917670944e-03 -4.9193676304e-05 1.3860881244e-02 3.4392442769e-02 -4.8109890339e-02 1.7721130480e-04 -2.3193314410e-03
-5.5853210528e-03 -7.5317416356e-02 -1.4015377556e-01 1.0007158382e-01 2.3952116121e-02 1.3274069756e-01 -1.3194934690e-01 3.4624698387e-02 1.6242838965e-01 2.2699748533e-01 1.5987864586e-01 2.6427510329e-01 7.4211296248e-02
4.4163687828e-02 4.7849842730e-03 5.9992450011e-02 -7.4089659877e-02 -2.6135872806e-02 -7.6961221631e-02 1.5851485064e-02 3.4022669906e-02 3.1272337482e-02 3.4071443982e-03 -8.4907704391e-04 -1.5155681222e-02 -7.7200238999e-03
3.6841849250e-02 -2.2355950778e-02 6.1810265133e-02 -4.2500321561e-02 3.0158736837e-02 3.8370484802e-03 2.8915977853e-02 -2.9618447068e-02 -5.0948756395e-02 -3.1162230343e-02 -3.5156173871e-02 -4.1714909975e-03 3.6430366286e-02
5.0267887520e-02 6.8791755374e-02 1.3232357785e-01 -6.1290016384e-02 4.6432662728e-02 -1.3705966872e-01 1.3641064265e-01 -5.1325314450e-02 -1.3530234853e-01 -4.4198005259e-01 3.3563653931e-02 -1.2240461480e-01 -4.4751093516e-02
-1.6893365568e-01 -7.8031886334e-03 -1.8127566468e-01 2.6856005945e-02 -7.5560307443e-02 -5.6206223673e-03 -6.4677417907e-02 3.1361479972e-02 9.2690708215e-02 -2.2234173214e-02 9.6870029213e-03 8.1330424980e-04 -6.5353234699e-03
6.1213166442e-02 3.6364556955e-02 6.4568514731e-02 5.8172550462e-02 9.9100851506e-02 6.5317099080e-02 4.1821593741e-02 -3.8656525226e-02 -5.2945294412e-02 -1.3571485221e-02 -1.3807463593e-02 -8.9298971655e-03 1.2922093449e-02
1.8924807130e-03 -4.7035716079e-02 -4.1811512429e-02 5.9440010230e-02 -4.1852092430e-02 -3.3863270595e-03 -4.4682290670e-02 -3.2185451286e-02 3.7395323546e-02 8.1195533027e-02 -5.9525739256e-02 -9.2819819574e-03 2.4831936225e-03
1.0860568741e-01 3.6419878180e-03 5.7920860281e-02 2.2427838599e-02 2.0431126491e-01 2.1619193075e-02 7.4133167946e-03 1.1889876075e-02 -3.6341415218e-02 -5.8742990419e-02 2.7955175490e-02 -9.4780624837e-02 3.0304751441e-02
-1.0719538273e-02 6.6115114267e-02 9.4685573702e-02 -1.0006883922e-01 2.5133662279e-02 -7.1575744025e-02 3.1553261055e-02 5.9995515351e-02 -4.2793036859e-02 -6.8142620446e-02 6.6645185366e-03 -4.1050296757e-02 -1.9381195214e-02
-1.1852965813e-01 9.7572029015e-03 -3.1029735486e-02 -8.5495796154e-03 -8.5086908234e-02 2.4721024494e-02 -2.8655638599e-02 1.1089396283e-01 2.9123976978e-02 1.9770000051e-02 1.7760102986e-02 -5.1389512548e-02 -4.1059432987e-02
-7.5324560314e-02 8.4433625314e-03 7.0984111757e-04 1.0842790882e-01 -1.0554602254e-01 -3.3350061053e-02 -5.5591856996e-02 2.2443293570e-02 1.3681181359e-02 3.8745901416e-02 1.3009361276e-02 -2.2888599292e-02 -7.1209088226e-02
1.0952937558e-02 6.1564561173e-02 5.6706822914e-02 -6.0128259167e-02 2.5005508420e-02 -5.0357209111e-02 8.7520631647e-02 1.7950258335e-02 -4.7062532440e-02 -7.3392187062e-02 -1.7313669293e-02 -1.7531422450e-02 -1.5832925294e-02
-6.8976548715e-02 -8.2471874410e-02 -9.8899269667e-02 -5.6746256628e-02 -1.0963791299e-01 -4.4791232457e-02 -3.9787912063e-02 3.2262376511e-02 5.9208098280e-02 -2.3527245505e-02 -1.3972290664e-02 -1.2662881560e-02 2.0789174661e-02
8.3443868167e-02 6.8821772228e-02 8.4768220440e-02 -9.1151982923e-03 1.4271139330e-01 3.1822957620e-02 2.2969437624e-02 1.4789087084e-02 -2.5564309903e-02 -1.0997894646e-01 1.2276915268e-01 9.4770458509e-03 -4.8524279730e-02
8.8644449249e-02 3.8754246494e-02 4.9711078821e-02 -4.2491532347e-02 2.9194742525e-01 -1.0068173710e-01 6.3116849502e-02 1.5888412650e-02 -8.2084385091e-02 3.3529020721e-02 -8.6156320690e-03 -1.4233668243e-01 -1.5082472337e-01
5.2949617754e-02 1.4491580080e-01 3.1889348733e-01 1.1736699330e-01 2.7374935490e-01 2.2708601701e-01 1.5325950349e-01 1.0476901360e-01 -1.5079973065e-01 -1.4270783335e-02 -4.7544538466e-03 1.2238549506e-02 1.5431580028e-04
6.8879718413e-02 3.9734747669e-02 3.4223788384e-02 -7.5690554104e-02 2.2486510993e-01 1.6215357405e-02 1.2559032847e-01 3.6485776130e-02 -9.6905896641e-02 6.3866739427e-02 1.1895667709e-01 1.8230872955e-02 -2.2803283299e-02
-4.8775696896e-03 -9.5778505787e-02 -5.0988190975e-02 -8.7819222732e-03 -1.2323669351e-01 -9.8932566715e-02 -4.8853563364e-02 -2.5854655887e-02 5.2152834155e-03 -3.0700259810e-03 1.2992985556e-02 -1.2847202123e-02 -5.2895372880e-04
-2.2036574207e-02 7.0124250443e-02 1.2212122822e-01 -5.1623542924e-02 8.9075036515e-02 4.4004492410e-02 -9.0718626033e-03 1.2132894783e-01 1.3729130160e-02 1.7075098184e-01 1.2935132568e-02 -2.7057419570e-01 -3.7145135824e-02
6.5984288501e-02 2.0851205366e-02 6.8444454955e-02 -2.3681076873e-02 2.7375658273e-03 -2.3351139012e-02 -2.0618432313e-03 -9.4897950778e-03 -1.0782663709e-02 2.6121285118e-02 4.5424400099e-03 3.3933194233e-03 -4.8007560247e-02
4.3510652375e-02 5.1757027789e-02 1.8838593728e-02 -3.5191839455e-02 4.7276167144e-02 -1.0344829422e-02 4.8247464266e-02 1.0400714382e-02 -4.6418612951e-02 -6.0240466940e-02 -2.7274269116e-02 -9.9532892414e-02 2.2383811328e-03
9.9957659125e-02 -5.0440127073e-02 -7.8776358343e-02 1.1181168378e-01 1.2455516846e-01 1.5752006661e-01 -1.6231522738e-01 2.6720273404e-02 1.9820929446e-01 2.5399597909e-01 1.7561939314e-01 2.4670452046e-01 1.3628030088e-01
-9.7733051830e-03 -6.3695687967e-02 -5.9500474836e-02 -1.3352131006e-01 -1.4287291986e-01 -8.7640043820e-02 -1.1288739428e-02 -1.3554492564e-02 2.7524549105e-02 2.4598115137e-02 3.2537579539e-02 -4.5584920518e-02 -1.0630767817e-01
2.5849704443e-02 2.1388290116e-02 2.8684647284e-02 2.6612925551e-02 9.7493291159e-02 1.0336121544e-02 3.2455604149e-02 2.9695999554e-02 -3.0235836336e-02 -8.3439799254e-03 2.4019547166e-02 -1.8644996020e-02 -3.4280967482e-02
-6.3307832629e-02 -3.9276196307e-02 -4.4328184039e-02 5.3443481238e-02 -1.0071622898e-01 2.4412488652e-01 -4.9073989021e-02 2.4328482751e-02 8.5549172604e-02 -1.8483230500e-01 6.0208659870e-02 2.1799454326e-01 2.8419880335e-01
-4.7734511271e-02 -4.5717722850e-02 -8.4289741517e-02 2.0712149066e-02 -9.8969621086e-02 1.0923593996e-01 5.7370734403e-02 -6.0154924112e-02 -1.2223413577e-02 -1.8858340621e-01 3.6007603081e-02 1.1729921483e-01 2.2750084325e-01
6.6688810300e-02 -3.3471094026e-02 7.9807790880e-02 -1.0090336727e-01 -4.2700735799e-02 4.7092121305e-02 6.0779351825e-02 -4.8048750143e-03 -2.7920794582e-02 -7.5219241326e-02 -8.1651110303e-02 -4.0164429288e-02 4.5105649015e-02
-1.4564131186e-01 -1.1194118542e-01 -9.8591831162e-02 -1.7825787189e-02 -1.9544578372e-01 -1.0822019475e-01 -7.4082936029e-02 5.8800199896e-02 5.1451483203e-02 -2.5697747201e-02 5.1140689204e-02 -6.3524308796e-02 -5.0907953265e-02
-8.2052828240e-02 4.7173762245e-03 -2.9011173074e-02 -3.3701846930e-02 -1.0498455407e-01 -3.0715454549e-02 2.2069107051e-02 -2.6227808946e-02 -5.6879595622e-02 -1.0853719689e-01 -1.1326955270e-01 -4.0642035556e-02 1.2397908059e-01
-3.6873939616e-02 -4.0217626440e-02 -3.1748753449e-02 1.9625912508e-02 -8.0379144032e-02 -8.3769129917e-03 -6.8005527543e-02 -2.0585231508e-02 5.1233556147e-02 -2.8074764011e-03 8.1491392925e-03 6.7333097148e-02 5.8973880873e-02
1.4520008458e-01 -2.0116027265e-03 1.2369689798e-01 2.9837892389e-02 7.5958175105e-02 -6.3088301402e-03 1.5014477213e-02 -7.7111658873e-02 -4.9696684252e-02 -1.1672054994e-02 -5.7667715676e-02 -4.9140039666e-02 -7.8199787115e-03
-2.1335706479e-02 -6.1791353059e-02 -7.6932958008e-02 6.0453340280e-02 -4.4856088503e-03 4.8835052379e-02 -9.7274428440e-02 -7.9898647636e-03 7.2440301312e-02 4.2554232320e-02 1.9571505279e-02 2.8485854870e-02 3.9204431853e-02
2.6040603043e-02 2.1926968536e-02 1.9366169420e-02 -2.6423347702e-03 5.8865145387e-02 3.2331184814e-02 9.2807588022e-03 2.7196388667e-02 1.7463538093e-02 7.1853706852e-03 7.2606145458e-02 9.8866510868e-02 -1.8994628761e-02
3.4888965116e-02 4.4787628139e-02 5.1387464089e-02 -2.2488010559e-02 6.0348137724e-02 -6.9285885794e-03 3.0114971132e-02 2.6657533496e-02 -2.7587757873e-02 -3.7606597782e-03 2.3054321527e-02 -1.3375812138e-03 -3.4393051172e-02
-1.4955573350e-01 2.0244298189e-02 -1.1399435469e-01 -6.5081139411e-02 -5.7036594616e-02 -2.0361440465e-02 -2.5766450944e-02 4.3633166840e-02 5.2444822380e-02 -5.6312922289e-02 1.3044463833e-02 1.4648407089e-02 2.2632565399e-02
-2.0890756087e-02 1.2812278487e-02 8.5505922068e-02 -1.7196363170e-01 -2.1707750114e-01 8.7187419663e-02 1.1835604674e-01 -2.3234283647e-02 -8.8925517647e-02 -2.4426581778e-01 -2.2577175366e-01 -9.6083294631e-02 5.6252291143e-02
-6.2451162005e-02 -2.1653469274e-02 -3.4473117166e-02 1.6961410410e-02 -6.1654269048e-02 -7.7345550095e-03 -3.7513803065e-02 2.9474245526e-02 3.6483124794e-03 -1.1197073742e-02 -2.0841145246e-02 -5.9577233996e-02 1.2572011961e-02
5.4181092017e-02 5.7570454414e-02 1.4316399462e-01 -1.0031112431e-01 9.9284641256e-02 -8.8530116436e-02 1.3360467291e-01 1.5457947934e-02 -7.0656157314e-02 2.8350172109e-02 -2.1022602017e-01 -4.7000469936e-01 -8.5366166239e-02
3.7497530618e-04 1.8507475950e-03 -1.7295430540e-02 -2.4286645206e-02 -7.6351607979e-04 -6.8931059162e-02 -3.2757597284e-02 1.7478417312e-02 -5.7898909614e-03 1.4610397671e-01 -6.8536855387e-03 2.6628048216e-02 -7.0521326765e-02
4.4019455480e-02 3.3279208259e-02 3.0969123573e-02 6.3084668720e-03 6.3920348645e-02 1.6914213696e-02 2.9400753131e-02 2.6282278500e-02 -1.4263380057e-02 -6.2525947127e-02 5.0429082418e-02 7.0118241457e-03 1.5732315590e-02
-2.6163456201e-01 1.2159050311e-02 -1.6694872354e-01 1.0265160726e-01 -7.4853437486e-02 3.8976073558e-02 1.1600543097e-02 6.4404123355e-02 5.1803410074e-03 -5.2956068274e-02 3.3309023057e-04 2.0326444627e-02 1.4837711613e-02
4.2875455645e-02 8.5583800321e-03 7.7234357928e-02 -7.6804797459e-02 -1.0769551513e-02 -4.4574546293e-02 -8.3285292299e-03 2.2176373152e-02 -1.8444415926e-03 -4.3710895163e-03 1.6808262286e-02 -5.0702767223e-02 -2.4093728896e-02
8.8603308129e-03 -6.4636953069e-02 -3.7748926374e-02 -4.9307086809e-02 -6.7474458144e-02 -1.4064165163e-02 5.5105367045e-02 -9.6300244199e-02 -7.0518391804e-02 -3.1457673048e-02 -1.3164888168e-01 -2.0598755561e-02 -1.0777705940e-02
3.3750015959e-02 3.9876017986e-02 4.6704845910e-02 7.5564561900e-04 2.2463790712e-02 1.8545793736e-02 3.4995968911e-02 1.3025703283e-02 1.0067473435e-02 -4.5330507542e-02 5.9648589110e-02 2.7711491733e-02 7.1069477218e-02
4.0887465019e-02 -1.6518527877e-03 -1.6183817080e-02 9.2054941576e-02 -7.5821242726e-03 2.2967735945e-02 -1.8962268463e-01 1.0204355676e-01 1.9892487741e-01 9.2893895046e-02 3.3586018474e-01 1.5461348199e-01 -1.2180004318e-01
1.1401354673e-01 -5.3320657748e-03 5.9840907011e-02 -1.1008437680e-01 -7.7708897537e-02 -8.4620298053e-02 -3.7708898229e-02 -2.5791389789e-02 -2.7362467040e-02 -8.1708383821e-02 -2.4044541173e-03 5.8674206204e-02 -6.5506316797e-03
-2.3247751335e-02 3.4728403003e-03 2.0964549831e-03 -2.6584215647e-02 -7.7549865367e-02 -7.3367099289e-02 2.6893794202e-03 -8.9994873837e-03 -1.8986168974e-02 -7.5010540204e-02 -7.6843425927e-02 4.0565767827e-02 8.8025199479e-02
1.1506588004e-02 -1.8725343898e-02 3.2777173149e-03 9.8447794772e-02 1.1222147290e-01 2.0949187969e-02 5.4349921844e-03 6.2016922809e-03 4.0886578684e-02 -3.3195926761e-02 -5.5295341744e-02 2.2824182364e-02 -2.6564676084e-02
4.2762072973e-02 4.5495551233e-02 6.2036031408e-02 -4.9646319871e-02 9.1885340563e-02 -3.3733648967e-02 4.5944310733e-02 3.0347014665e-02 -4.5999273330e-02 1.1343748295e-02 3.9976588681e-02 3.5631794080e-03 -3.3384490123e-02
3.9156335404e-02 4.2557498844e-02 2.7275302463e-02 -1.5818866886e-02 8.7603778518e-02 2.2018965755e-03 4.6616815065e-02 2.8059266518e-02 -3.8747954964e-02 -2.1275220361e-02 2.1186536876e-02 2.6084153498e-02 -1.9689071482e-02
2.8870994943e-02 -1.4556929494e-03 7.3118542043e-03 2.4612162359e-02 1.0091813257e-01 -2.1203095245e-02 -1.7951943326e-03 -1.0718329125e-02 -1.9185743584e-03 -1.2885788420e-02 7.2697171207e-02 4.6579262829e-02 -9.4551070558e-02
-9.1536973095e-03 -4.4262919446e-02 -6.1437657251e-02 5.3635868537e-02 -1.0308356753e-02 -4.8779316403e-03 -5.7895240205e-02 -3.0036805533e-02 3.8559975499e-02 1.0660360848e-01 -6.3571850193e-03 4.2964895557e-02 5.8301743705e-04
4.1613531895e-02 -2.7477799784e-02 1.0111351730e-01 -6.7305801667e-02 -5.1303278792e-02 1.9597592709e-02 -2.4083272555e-02 5.8384076116e-02 5.5289098267e-02 1.5714796147e-02 7.5391709085e-02 8.4755417131e-02 8.1357058760e-02
2.4491898602e-02 3.9463313831e-02 4.9598985038e-02 -6.2088729425e-03 5.0449814487e-02 5.3384996555e-02 6.4195946221e-02 6.4231571709e-03 -2.8318899189e-02 4.4292164011e-02 -4.8024904216e-02 3.3656795836e-02 -2.3671958335e-02
1.8775033412e-01 -4.8334005542e-02 1.5913070114e-01 -4.4379709020e-02 1.1870993900e-01 -1.8454525320e-03 7.6532983084e-02 -7.2005449925e-02 -7.8845013192e-02 -5.5655433570e-02 -1.3194074755e-02 1.7981839148e-02 -3.1586647050e-02
4.9954654074e-02 1.6850079744e-02 -2.9282767578e-02 6.8938296989e-02 2.2281728974e-02 1.2564174485e-02 -1.9605508523e-01 6.3949083884e-02 2.2933243736e-01 -1.1201675997e-01 9.7653767271e-02 -5.2738694019e-02 2.3465251829e-02
-5.0552231970e-02 -1.9522839683e-02 -1.0872486509e-02 3.0499831051e-02 -3.9729040003e-02 -1.8029838596e-02 -5.8652454912e-02 -1.8282921024e-02 -9.7951637851e-03 3.4883240849e-02 -1.5007079089e-02 -2.1459609216e-02 -1.7340205048e-02
7.0840302794e-02 -7.7246844502e-02 -6.9032458590e-02 2.6548625443e-02 -1.7241390195e-01 -1.7103546429e-01 -1.4360616423e-01 -1.0726116279e-01 6.7264296502e-02 -1.4229451687e-02 -6.6426454386e-03 -2.5874382326e-02 -2.6999111312e-02
2.0698288565e-01 5.0630748927e-03 3.1777767109e-01 3.4309056063e-03 2.1837414253e-01 5.7077107528e-02 1.2520396894e-01 -8.7958455375e-03 -1.3356551106e-01 -1.7347446696e-02 -7.5686907740e-03 -8.5934014057e-03 1.9232691404e-02
2.0765995531e-02 3.0661814727e-02 1.2000260697e-01 -2.4021496969e-01 -6.6293416120e-02 -1.0866116639e-01 1.7021574899e-01 -4.2652873319e-02 -1.1638658640e-01 2.4494728872e-01 -3.5319996078e-01 1.0248752817e-02 1.8407492175e-02
-3.9084762126e-02 -4.7885444385e-02 -4.8096980639e-02 3.8250654725e-02 -5.7945879033e-02 -9.8886552553e-03 -2.8052980759e-02 -5.5510794271e-02 9.6519767595e-03 2.9735075292e-02 -4.6686712824e-02 -1.1677143970e-02 -2.8415898947e-04
4.9475592710e-02 1.6379077352e-02 1.2004504368e-01 -3.7646979587e-02 -1.5370507633e-02 -1.0794000827e-02 3.7975593970e-02 -6.5547557575e-03 -2.6569877484e-02 7.7138882523e-02 -5.5086668004e-02 -7.5821534159e-02 -4.0232605479e-02
-4.7958106199e-02 -1.0894164970e-01 -1.7968575863e-01 1.9197483014e-01 3.6472203606e-02 4.6366115592e-02 -7.5690325990e-02 -5.4759766260e-02 4.3422578186e-02 2.3583347163e-01 -4.7276387535e-02 1.2495999873e-01 5.9474453854e-02
1.0702742791e-02 9.3119808823e-02 7.7088400183e-02 -2.4716519236e-02 1.2364717751e-01 -6.9064679944e-03 2.3618971442e-02 1.5035578193e-02 -3.6315128461e-02 -2.2570504357e-03 7.7494959191e-03 -2.6336076936e-02 6.7391885562e-03
8.9315457534e-02 3.3572247933e-02 9.7799467050e-02 3.4645575932e-03 5.1744037393e-02 -5.6785407380e-04 1.9753774588e-02 -5.8842833311e-02 -3.7921512648e-02 5.8591753653e-03 -3.2801839824e-03 -2.6777937070e-02 -2.1555586562e-02
6.3045779091e-02 -1.4504733019e-02 -7.4985846716e-03 9.6992286015e-02 2.0548846164e-01 8.1691950338e-02 -1.1962308961e-01 8.2595067149e-02 1.2583706830e-01 -2.2011173081e-01 3.5233361421e-01 -3.0264348596e-01 -1.1696466876e-01
5.0665038799e-02 -5.7115266738e-03 2.7894825295e-03 -5.2169509284e-02 4.1905011566e-02 -7.4106175950e-02 4.7827031639e-03 2.6470168305e-02 2.4333788809e-02 -2.0081180830e-02 -2.6350131481e-02 -3.2012464860e-02 6.4105125663e-02
3.2410535974e-02 9.4438291213e-02 6.1594171482e-02 4.3145303771e-02 1.1268518034e-01 5.7409879545e-02 -7.3005358350e-03 -1.6014224242e-02 -5.0551175493e-03 5.3132895730e-02 -1.4102167932e-02 9.1420418895e-03 -2.8716289899e-02
-3.6395659009e-02 3.5644345819e-02 1.2725325208e-02 2.0005862341e-02 -9.3574863529e-02 8.9442188354e-02 -4.0048692473e-02 3.4835928318e-02 6.4573294865e-02 -1.2569346375e-01 -2.3089293270e-02 -4.9777349694e-02 7.3471775446e-02
1.0199386264e-02 6.4585113309e-02 -3.8953700459e-02 1.7352465514e-01 -1.3035740299e-01 4.4439975472e-02 -1.9789443427e-01 6.5395224837e-02 2.0336551832e-01 7.6304278456e-02 1.2400391593e-01 2.0718330614e-01 -1.2879711030e-01
-6.6538163831e-02 -3.8886165532e-02 -1.1999454663e-01 8.3862705680e-02 3.2801111479e-02 1.0537741411e-02 -4.0692560754e-02 -1.2461405937e-02 1.9774085264e-02 -6.7811912730e-02 3.8724991395e-02 1.6954019523e-02 2.9505596224e-02
-3.1115346725e-02 1.7134687388e-02 1.3055824345e-01 -1.6904736035e-01 -6.0413533403e-02 -2.1463116237e-01 2.5388100449e-01 -8.4084247331e-02 -2.8306268315e-01 -3.0407850356e-01 -1.6109112315e-01 -8.7485886971e-03 -4.5527210330e-03
-5.4052346966e-02 -6.5001575881e-03 -5.1108169101e-02 4.7216025027e-03 -4.8500505228e-02 -1.7030281599e-02 -2.7415692180e-02 2.1271589555e-02 1.9629295613e-02 9.6492670863e-03 -1.9541461384e-02 3.9079734222e-03 2.0685030023e-02
-3.6076323381e-02 -3.2416322867e-03 -2.6055263569e-02 1.7985425119e-02 -7.7768174322e-02 -5.4397828739e-02 -2.7117284016e-02 -1.0595728030e-02 1.2246370651e-02 7.3484515026e-02 -6.9385387818e-02 -7.4252250166e-02 -4.6201328616e-02
9.4396457961e-02 5.4795536608e-02 1.0872672543e-01 -1.5684006216e-03 4.8046178844e-02 5.6593661698e-02 4.5723420785e-02 -3.5503061089e-03 -1.0596383452e-02 7.5563535156e-02 -2.7626766448e-02 6.9773490630e-02 -5.3948257648e-02
-4.1929910391e-02 -4.9369390582e-02 -7.9018874501e-02 1.5252374889e-02 -3.1898220899e-02 -4.7322976515e-02 -5.8872681445e-02 -3.5429667378e-02 4.6296409272e-02 -4.6730468267e-02 1.2440805945e-02 -2.3069020411e-02 1.1777481868e-02
-8.5231879361e-03 -1.6130303506e-02 -7.5013311876e-02 6.7439179807e-02 1.8480674604e-02 1.6006293009e-02 -1.4232954635e-01 5.8641931179e-02 1.3906593279e-01 -9.7577454311e-03 2.3074116427e-02 -2.2174031513e-02 -4.5470795450e-02
-9.1422346001e-02 -1.0644409903e-01 -1.1285834759e-01 -1.6203302420e-02 -4.4178207036e-02 7.0142590798e-02 -2.0771571140e-02 4.8687496697e-02 7.3489879727e-02 2.8321909163e-02 -2.0549381933e-02 -1.2412136841e-03 1.5286326467e-02
-3.1028677714e-02 -6.8346687837e-02 -1.0460844638e-01 7.3370699082e-02 -4.4129386118e-02 -2.8361376735e-02 -6.2182268282e-02 -2.2145986680e-02 4.1266804714e-02 4.2397584884e-03 3.5441430256e-03 -3.3961029584e-02 1.9946035138e-03
-4.0924442493e-02 -4.6927291415e-02 -8.9926242746e-02 -4.4394067342e-02 -5.6562170887e-02 -4.2415508521e-03 4.7594837651e-02 -2.3902044585e-02 -1.7184986711e-02 -3.3684947808e-02 -4.3807713019e-03 3.4813219515e-02 8.1320947344e-02
-7.8881185156e-02 -1.2437782204e-02 -1.5952497856e-02 -4.0829259408e-02 -1.0489642037e-01 -3.7410769239e-01 -8.9042364099e-02 5.0378404420e-03 -2.6286587271e-02 -2.1874068398e-01 3.9609195284e-01 -1.6999315131e-01 -4.4127292037e-01
-2.8030017931e-02 -6.8598674294e-02 -1.5386091032e-01 1.4654342715e-01 -9.0106970766e-02 6.0222790440e-02 -6.7113182834e-02 -6.3443070333e-02 7.1058189630e-02 -2.5043006373e-03 -1.8617025191e-01 5.7974872931e-02 -8.0795435933e-02
