1.3152726584e-02 5.7098001486e-02 9.3525193488e-02 -1.2393995592e-02 -5.5646205918e-02 1.8522277340e-02 9.8555242933e-03 1.0234595205e-02 -1.8667959070e-02 8.8751592812e-02 1.5288009359e-01 8.8362179727e-02 -5.7209764293e-02
3.8341733690e-02 4.1656650500e-02 5.4920618486e-02 2.3194584293e-02 4.5615702547e-02 3.7885246587e-02 -1.5262501761e-02 -1.7444029706e-02 -8.8543425994e-03 -2.6455842860e-03 1.4712229331e-02 1.0875347206e-02 3.2844847001e-02
5.3162855390e-02 4.4401846863e-02 8.3502070411e-02 1.3085708866e-02 2.9758337979e-02 7.7142008738e-02 -2.0051281301e-02 -3.8418327087e-03 1.2016512913e-02 1.0251545562e-02 1.9707239857e-02 2.0631790281e-02 5.4460873546e-02
3.1440496478e-03 -1.1026885431e-01 -9.3363599640e-02 4.1146410513e-02 -2.2617884571e-02 -2.5483389434e-02 -2.6071903887e-02 -6.0471587256e-02 2.2173774365e-02 -3.6674062557e-02 -9.9506755473e-02 -5.6107706956e-02 4.0449718734e-02
3.8006682410e-02 4.0650161349e-02 5.5871871975e-02 1.9405047564e-02 4.5706756637e-02 4.2247628054e-02 -1.5164013011e-02 -1.6529953042e-02 -8.2578446241e-03 -4.0038227508e-03 1.6511296756e-02 1.0191787022e-02 3.4980059433e-02
2.4968407107e-02 8.1225512540e-02 8.1591168122e-02 -4.5299471368e-03 1.5995216998e-01 9.7628064408e-02 6.4955386299e-02 3.3515334981e-02 -3.9304166686e-02 -1.2780918345e-03 -2.0626144451e-02 -2.3441064636e-03 2.3347343151e-02
1.3874254630e-02 3.2844662549e-02 9.5458964110e-02 -8.5722804316e-02 2.0865225467e-02 -5.3576454947e-02 8.2591664475e-02 -7.8238244425e-03 -9.4913902596e-02 -6.7172502181e-02 -4.3368478059e-02 -5.5397622825e-02 5.5494674716e-03
-1.2748269518e-01 -7.3205489328e-02 -1.0615941930e-01 -5.7629000168e-02 -1.4916609799e-01 -4.3185903904e-02 -4.0697477548e-02 1.0232095454e-01 6.0346546750e-02 3.0353919262e-02 4.2704363819e-02 -1.2945848155e-02 -1.7860010560e-02
-8.5077320823e-03 -7.4967486403e-02 -7.3143252219e-02 -7.1679924969e-03 -1.1778187233e-01 -6.5369753807e-02 -6.0389370112e-02 -4.1040512192e-02 4.1042269563e-02 -2.1033822942e-02 8.0337219367e-04 8.0080591932e-03 2.0306504382e-02
-1.8539535567e-02 -6.9715539723e-02 -9.6445865910e-02 9.6481243680e-04 -1.2529897959e-02 -1.4303662984e-01 -5.1146239496e-02 -1.2217019049e-02 3.6583945099e-02 -7.3555225386e-02 1.2359442935e-02 -3.9979265343e-02 4.6071779848e-02
2.8863932041e-02 7.5606636224e-02 9.0348731220e-02 -8.3692650945e-03 1.1358964908e-01 3.9501508480e-02 7.3498070091e-02 2.8233650662e-02 -4.4659818282e-02 3.1992494840e-02 -3.8878047295e-02 -6.2446933772e-02 -2.0235811650e-02
-4.8529381630e-02 -3.2783856490e-02 -5.6024359444e-02 -3.1421579865e-03 -8.1941191160e-02 -1.0178839074e-01 -4.7118016967e-03 -1.3533560328e-03 5.2965660651e-03 -1.0245879691e-02 -2.5781363401e-02 -2.4533558543e-02 -8.3263127003e-02
-1.0599121669e-01 -6.0119365190e-02 -1.9453266425e-01 9.8105897250e-02 -1.7110316607e-01 -1.6150266684e-01 -1.8420281144e-01 -2.1269815340e-02 1.3583916909e-01 -1.0575240843e-01 1.3699897393e-01 4.6422055127e-02 -7.3724007260e-02
4.8011866896e-02 1.0094323801e-01 9.0105136857e-02 3.1529351141e-02 1.5475567327e-01 6.6794439360e-02 5.4378702971e-02 -7.1969051952e-03 -4.6944700514e-02 -2.7570754150e-02 -1.6942830871e-02 4.2725886222e-03 1.0482782160e-02
1.9597657666e-02 7.5420380922e-02 1.5168266972e-01 -1.4500172058e-01 1.1292553329e-01 -1.2350080445e-01 1.1132282486e-01 6.3529522986e-02 -1.0888666036e-01 1.0610398828e-01 -7.3437624670e-02 -1.6621447704e-01 -9.7755778481e-02
-3.7111530659e-03 -6.7339226291e-02 -5.6262978913e-02 -2.2030778148e-02 -1.3023942936e-01 -1.0234658047e-01 -5.8936965118e-02 -4.5355206929e-02 4.0607471384e-02 5.2254333706e-02 -8.8409746700e-03 1.7098410144e-02 3.7668117712e-02
-2.8167787119e-02 -4.3752794419e-02 -5.1774849631e-02 -2.1284488611e-02 -6.5450651415e-02 -4.7876942226e-02 8.3993863076e-04 6.2419322031e-03 1.3450705677e-02 3.0849185238e-02 -5.6495233232e-03 7.1784071383e-03 -2.0958085924e-02
-1.6974567882e-02 -4.8419372072e-02 -9.4252976158e-02 6.7338991765e-02 -2.6992042657e-02 1.9980136656e-02 -4.8300223695e-02 -7.2040054125e-03 5.8794927865e-02 1.8187432822e-03 -9.4440048960e-03 -2.6460173652e-02 -2.7786882388e-02
2.6289229961e-02 8.9265316248e-02 1.7702550820e-01 -1.5905447633e-01 2.6749173307e-02 -9.7093763043e-02 1.2544378789e-01 2.6415489401e-02 -1.2244796710e-01 -2.0301187974e-01 1.3028829089e-01 1.3668515582e-01 -1.1752394810e-02
-2.3867865841e-02 -4.1681689893e-02 -4.1810788106e-02 -3.4389414366e-02 -1.0228965187e-01 -3.9820343879e-02 3.3589365759e-03 -8.5006359481e-03 1.1039666898e-02 -1.3395826773e-02 -4.2520596216e-02 3.1846769254e-02 1.3053864322e-02
1.3437474448e-01 4.5072238341e-02 1.8291064159e-01 -4.8839478991e-02 -4.1310106635e-03 1.2602788119e-01 -6.6355600814e-02 5.0080470331e-02 9.1651918320e-02 4.6453955061e-02 3.7226618172e-01 3.2579136577e-01 1.5078385356e-02
1.0862103430e-01 -2.2274731570e-02 1.7590407703e-02 8.3608967701e-02 8.0481400412e-02 7.3118020296e-02 -1.6245698171e-01 -1.2009099612e-02 1.4799862195e-01 2.6367705734e-01 1.3144764250e-01 1.6757599350e-01 -4.3233899685e-02
-3.6804824066e-02 -4.2163867479e-02 -5.6027189917e-02 -2.2264797907e-02 -4.3445527384e-02 -3.9738373481e-02 1.5827991259e-02 1.7153871159e-02 7.3732011350e-03 4.3207948700e-03 -1.1199466630e-02 -6.1388842694e-03 -3.2075415201e-02
-3.5711541190e-02 -4.2232672966e-02 -5.5477527538e-02 -2.1706541659e-02 -4.7918799519e-02 -4.2470226613e-02 1.1502572134e-02 1.4527936117e-02 9.4130136528e-03 8.6998446707e-03 -1.1927687935e-02 -4.7042886059e-03 -2.8560320174e-02
2.0590031753e-02 -5.0044364324e-02 2.0090776803e-02 -4.3961914251e-02 -2.3832933071e-02 2.1459227524e-01 1.5582248974e-01 -3.1897008795e-02 -8.9268161471e-02 9.7781502062e-02 -2.0342403795e-01 1.4243681632e-01 1.7468755249e-01
-3.8729046539e-02 -4.2178152217e-02 -5.6576439284e-02 -2.1465253590e-02 -4.4197969583e-02 -4.1459230979e-02 1.6161541526e-02 1.6477555454e-02 6.7988159154e-03 2.6495814472e-03 -1.7023943831e-02 -1.0977500473e-02 -3.4701313046e-02
5.9792071790e-02 -1.7627606518e-01 -1.4324290417e-01 -7.1004014677e-02 -6.9599743177e-02 -6.3613869368e-02 -3.7328264677e-02 -9.9155727553e-02 5.8857534027e-02 7.2272605014e-03 -2.9405060308e-02 1.5331438807e-02 4.7549906509e-02
-5.5862297380e-02 -6.1364572031e-02 -1.6399990617e-01 9.7241882341e-02 -6.3853129686e-03 -9.3832886168e-02 -4.9253589530e-02 -2.9688777254e-02 1.6778853342e-02 2.9963901830e-02 -6.2733363408e-03 -2.9775622990e-02 -8.8196563338e-02
-2.5503066321e-02 7.8878275401e-02 6.5942212221e-02 3.6378614109e-02 -1.2606127863e-01 -1.7821848024e-01 -3.3309732758e-02 -1.9342247149e-02 -3.8274318150e-02 -5.1396892497e-02 6.0628399073e-02 -2.3309663530e-02 -9.5652619315e-02
-3.9608298937e-02 -4.0928272479e-02 -5.5452057127e-02 -2.1270316332e-02 -4.4331622772e-02 -4.1837403206e-02 1.8302663147e-02 1.7004316986e-02 5.1703542250e-03 -3.2682963844e-04 -1.8586480168e-02 -9.0497401014e-03 -3.2219796611e-02
2.6134840588e-02 -3.0412232690e-02 -1.4395849568e-01 2.0178477397e-01 2.7046664403e-02 1.4389318149e-01 -2.3465206307e-01 2.2100910726e-02 2.2208857953e-01 3.2484877874e-01 2.4481797378e-01 2.8243536029e-01 1.5718354242e-02
-9.7127185967e-02 2.2483317737e-02 5.2527448639e-02 -1.2780674139e-01 -2.2926415418e-01 -1.7331449590e-01 8.7615714856e-02 -2.8418067308e-02 -9.9980448792e-02 3.2624726836e-01 -2.1665027538e-01 2.8388590837e-01 1.2677867385e-02
5.1100122130e-02 5.1293284980e-02 1.5267169488e-01 -5.7359840425e-02 -6.1831442554e-02 1.1706477832e-03 2.2788074763e-03 4.2618435810e-03 3.4166579958e-04 -6.2100332367e-03 1.6795869071e-02 4.2148816942e-02 -1.3873551927e-02
2.2374159893e-02 -3.8094546219e-03 -8.7970129064e-02 1.7251779988e-01 3.7438307078e-02 3.5077811280e-02 -2.0069923328e-01 6.4138214152e-02 1.9466873572e-01 7.6859364902e-02 1.7204756680e-01 1.6925343473e-02 -6.8847052676e-02
-1.4295055495e-02 -4.3053949479e-02 -4.8163232237e-02 1.0471064686e-02 -1.7823482175e-01 7.9830247470e-02 -1.3397883597e-02 -4.9016270391e-02 2.7451024903e-02 -1.4942484112e-01 -4.2612406016e-03 1.5646750439e-01 1.1082155643e-01
-1.3948289944e-01 -9.9650202673e-02 -1.3772904007e-01 -8.9480794634e-02 -1.2830768021e-01 -5.9456341050e-02 -2.7837598330e-02 1.1380536579e-01 7.2230047546e-02 1.2077352983e-02 1.2438159719e-02 -3.4913907814e-02 1.4724277419e-02
1.3725592195e-01 6.5615393867e-02 1.5321881925e-01 -7.3182567346e-02 -3.6966550867e-02 -1.5201236631e-01 -4.5428512650e-02 -3.7585140824e-02 -4.7984048096e-02 -4.5980755464e-02 -5.7583172247e-02 2.4336508666e-02 -6.4153540653e-02
-1.0039086806e-01 1.3120456472e-02 -1.7003920054e-01 8.1778232190e-02 5.7381151175e-02 -7.4986535903e-02 4.0185881448e-02 -7.4434716293e-02 -9.5606466103e-02 -6.4492051564e-02 -1.7938378935e-02 1.5969531948e-02 -1.7748098369e-02
-1.1477107132e-01 -9.8497166416e-03 -4.9271383636e-02 -6.5007722502e-02 -1.1816519506e-01 -1.5352694824e-01 1.0330657461e-01 -2.3791893660e-02 -1.1021041652e-01 -8.3568940728e-02 -2.2875372148e-01 -1.0503704014e-01 -1.2124608588e-02
6.2086569167e-02 3.4472003110e-02 5.2519232697e-02 3.7750356783e-02 5.9892826546e-02 6.3252025522e-02 -5.2186472363e-02 -4.4993981699e-03 3.5938727659e-02 1.0332775014e-01 5.5750675860e-02 4.5451724627e-02 6.9368691502e-03
1.9973084476e-02 9.1596661565e-02 8.9588516187e-02 1.8567412145e-02 1.4874757631e-01 8.0089652205e-02 6.1583148439e-02 3.1191237814e-02 -4.5176607656e-02 -8.7454657885e-03 -7.3144135152e-03 -3.9774554381e-03 1.1668234764e-03
2.3617842754e-01 5.2092850656e-02 2.5308634267e-01 -1.5196283057e-02 1.6342276819e-01 4.5595488790e-02 7.3492056343e-02 -6.7710032618e-02 -1.1462416697e-01 -1.4542298074e-02 5.2451842370e-02 1.7216407115e-02 3.3913861619e-02
8.4750345546e-03 5.6058069049e-02 1.2153906876e-01 -1.0680333531e-01 8.9950683302e-03 -6.0557414692e-02 8.9583387893e-02 1.3717921049e-02 -9.6487524982e-02 -5.6878129777e-03 -3.9652009283e-02 2.0334319514e-02 2.0626434883e-02
-5.4607849166e-02 -7.2890284268e-02 -1.8931210036e-01 1.0179369418e-01 6.1355550775e-02 -3.8197149458e-02 -4.5186612593e-02 -1.5335214795e-02 1.9858917948e-02 1.6844501001e-01 -3.7602549720e-02 -2.0880356737e-02 -4.1769360641e-02
-4.8055666855e-02 -9.4248517688e-02 -6.5743924575e-02 -7.2371954590e-02 -1.7528309430e-01 -9.2076654629e-02 -5.7609898366e-02 1.9473081988e-02 5.3585144930e-02 2.3125584876e-02 -1.0406606167e-02 4.3725873505e-03 -1.0528158982e-02
9.3168025830e-03 3.5248221481e-02 7.8079450290e-02 -7.4876104621e-02 9.7162378682e-02 -9.7545999770e-02 6.6278698063e-02 2.1197600927e-02 -8.3197999389e-02 4.9699411907e-03 -1.2697689860e-02 -3.1009012460e-02 1.5946535217e-02
3.7608798903e-02 4.9418447303e-02 9.7087249625e-02 -3.7231055816e-02 2.4112635595e-02 3.8984515782e-02 1.4307403164e-02 2.0562981218e-03 -2.0703937586e-02 -1.6385223869e-02 7.2216504636e-02 8.6388938005e-02 4.7765339320e-02
-3.9193835730e-02 -4.0627250042e-02 -5.8261700796e-02 -1.7648958653e-02 -4.2656170494e-02 -3.9477547657e-02 1.5912766311e-02 1.6490553829e-02 6.9588887609e-03 1.3542509395e-02 -1.9923952900e-02 -3.2767725055e-03 -3.2854011068e-02
-5.2182105555e-02 -4.9806793995e-02 -1.1638415143e-01 -2.3658828188e-03 2.4879010306e-02 -5.2962292615e-02 1.4379845214e-02 4.5583622314e-03 -1.0848489137e-02 3.2380439606e-02 6.0030326588e-03 2.6655517265e-02 -7.5308789255e-03
-1.9217921567e-02 -4.3491669711e-02 -1.0179413831e-01 6.3663214299e-02 1.2687888622e-02 1.5854919092e-02 -5.5576230655e-02 4.9336803213e-03 6.5235385417e-02 3.7061737259e-02 3.5347801245e-02 3.6830007084e-02 -1.0610842630e-02
-6.2114842771e-02 -4.1888453668e-02 -1.2587100048e-01 -1.5541451485e-02 3.6828363053e-02 -1.7450695021e-01 -2.7669328531e-02 8.4470896275e-03 7.3818812181e-02 -2.4388508354e-02 -8.8492483523e-02 -3.0756825104e-02 1.1798358377e-01
1.0466279502e-01 3.1644765842e-02 7.3526682714e-02 8.3445228332e-02 5.3598584123e-02 8.2984755504e-02 -1.2964667769e-01 3.3633939062e-02 1.2539040400e-01 -8.8281613508e-02 1.5059006661e-01 -2.4115284932e-01 -6.6156860352e-02
-1.1140880968e-01 -1.1923883582e-01 -1.2314778145e-01 -4.0754648754e-02 -8.5101807964e-02 3.8219828441e-02 -2.2055802449e-02 7.4726201631e-02 6.4066511593e-02 -3.3087940971e-02 2.5943705066e-02 1.8792655167e-02 4.9041309214e-02
1.3507431920e-02 4.0933492177e-02 9.1937942535e-02 -7.8438891806e-02 5.4358775211e-02 -5.6770793479e-02 6.6333582459e-02 6.9191982426e-03 -8.0570006392e-02 -4.7120146555e-02 -3.2983949210e-02 -6.7051419939e-02 6.4382936029e-03
-8.8492811602e-02 1.3864623101e-02 -1.5883803745e-01 1.1143557639e-01 6.4512281154e-02 -9.1751979022e-02 9.7094673984e-03 -6.0987495582e-02 -7.5676842571e-02 -9.8182755046e-02 1.7952279798e-02 -5.9699234444e-02 -5.6024686186e-02
-4.4089190772e-02 -4.9211839660e-02 -8.9416943668e-02 1.2980493902e-02 -2.3309584643e-02 -4.1553510840e-02 5.6248674952e-03 3.8831079732e-03 8.1441769180e-03 2.7640724067e-02 -6.3030425388e-02 -4.9267670623e-02 -3.6300793550e-02
-4.4216124369e-02 -9.1839169616e-02 -1.4932531034e-01 1.4737661582e-01 -1.7595946234e-01 1.8711769665e-01 -9.2667478790e-02 -8.7653648111e-02 1.0113707284e-01 -1.1080261983e-02 -2.6850777285e-01 -3.7486441279e-02 1.6583858350e-01
4.1896900615e-02 5.9313715362e-02 1.2325368801e-01 -8.5338414820e-02 6.8835863010e-02 2.1968389663e-02 4.3935448891e-02 3.5813172077e-02 -3.5311795001e-02 2.6159118600e-03 8.4763220234e-02 4.4357942714e-02 2.4777131943e-02
-6.2186802719e-02 -5.3986403622e-02 -9.0905239360e-02 -1.2190156920e-03 -1.6931347588e-02 -6.6927836645e-02 5.2291297864e-02 -8.8103927122e-03 -4.7556156060e-02 -1.5533686517e-01 6.4622537810e-02 1.7150269693e-02 -1.9103028797e-02
2.6996442527e-02 9.9315888673e-02 1.7338814630e-01 -1.6194006802e-01 1.5027543016e-01 -1.7783864446e-01 1.0908041623e-01 1.0246814924e-01 -1.0722246660e-01 1.5339578473e-01 3.3146926708e-02 -1.4130095371e-01 -2.1906169449e-01
1.8033267642e-02 6.7171174021e-02 1.9721079267e-01 -2.0352836878e-01 5.5261491809e-02 -1.0743781877e-01 1.8383537238e-01 5.5283863376e-02 -1.4666991155e-01 -1.8049265869e-01 -1.3037738209e-01 -3.5449886567e-01 -7.8697864318e-02
3.6133126801e-02 9.3173611453e-02 1.8865782610e-01 -1.4769973085e-01 9.7435232922e-02 -9.2821293021e-02 6.6150723497e-02 1.3076517025e-01 -3.2470030104e-02 1.0464082656e-01 1.6334292185e-01 8.7899003419e-03 -1.6724817454e-01
-3.0815852139e-02 -1.5279348439e-02 -1.0109380516e-01 7.5433255301e-02 -5.8098143668e-02 -1.3194362782e-02 -1.4509093958e-02 -1.0939154331e-01 -4.0702390805e-02 -1.6491651017e-02 -1.6724962851e-01 1.7892148567e-03 7.1955849476e-02
3.4609817437e-01 -5.4034110259e-02 2.6986622325e-01 -1.4087964405e-01 -4.2927287078e-02 -8.9460911957e-02 1.9171329275e-02 -1.5901199682e-01 -1.1095293682e-01 -8.8377657900e-02 -3.3243849641e-02 9.8051542711e-02 -1.1749219176e-02
3.1622658446e-02 -9.2437524380e-04 8.6461733457e-02 -9.9981704784e-02 -1.3649213929e-01 -7.9894064283e-02 7.3930680892e-02 -6.6021220082e-02 -1.1215819352e-01 -8.3188516287e-02 -8.7691436853e-02 -4.8270464447e-02 -2.8273178700e-02
9.0600560945e-02 -7.7506425209e-02 8.9820106566e-02 -5.5281169977e-02 9.3395695210e-03 6.4467147032e-02 -7.0283761145e-02 2.6030395722e-02 1.1557973933e-01 1.4601215907e-02 4.9970180056e-02 3.5683965130e-03 6.8384045751e-03
9.4064847263e-02 1.0324190827e-01 1.1719834526e-01 8.3285217201e-02 1.3595771910e-01 7.5791568890e-02 4.1724701149e-02 -7.0897820279e-02 -7.1384425748e-02 -3.9344805532e-03 -7.6123442019e-03 6.7648469822e-03 -1.1074041263e-02
-2.4670544328e-02 -5.8562879448e-02 -7.3204083176e-02 5.8884784719e-02 -1.7540003238e-01 1.7372399854e-01 -1.2770497095e-02 -6.5239640524e-02 4.9108013746e-02 -2.2571524351e-01 -1.2057228459e-02 1.5965406634e-01 1.4729553547e-01
3.4711678029e-01 -1.3830611219e-01 2.9317946709e-01 -1.3995526801e-01 1.1876373609e-01 -3.8310995846e-02 8.0253871897e-02 -6.0072998655e-02 -1.0593509459e-01 5.0662566576e-02 -1.7291895398e-02 -6.2773949637e-02 -1.7152638183e-02
-3.7646159333e-02 -4.1030999056e-02 -5.5438199394e-02 -2.1383991392e-02 -4.5007068250e-02 -3.8108841405e-02 1.5636470190e-02 1.8397653303e-02 8.7424667612e-03 4.8457216469e-03 -1.4116511218e-02 -6.5624467783e-03 -3.1221371805e-02
-4.7688379670e-02 -1.3423074650e-01 -1.4659935420e-01 1.8931983529e-02 -1.1659044792e-01 2.5856733002e-02 -5.1050004233e-02 -2.7217221208e-02 7.6421188718e-02 -2.1968626285e-02 2.4536202683e-02 4.4959453488e-02 -1.5693329429e-02
6.5203211909e-02 2.8415311550e-02 -2.0623244786e-03 1.3853392906e-01 2.3790836835e-01 -3.1357336435e-02 -1.6586171187e-01 1.3321457852e-01 1.5269467928e-01 5.4900718176e-02 1.6296748453e-01 -1.6441451428e-01 -2.2849199356e-01
-2.1154004333e-01 -4.2964037407e-02 -1.3841832864e-01 -6.4316447644e-02 -1.3871919468e-01 -2.2152381489e-02 -1.2313364067e-02 2.0071888200e-01 6.6800924035e-02 2.5036880605e-02 5.8849870970e-02 -3.3505292843e-02 -3.0022893572e-03
-2.5094658134e-03 -4.5392998584e-02 -8.0462042635e-02 3.7380680255e-02 -7.7660146309e-02 -3.6125261703e-02 -4.8234595984e-02 -7.1907737300e-02 1.3927863409e-02 -3.1969170483e-02 -3.2692722022e-02 1.1183271682e-02 3.3387612737e-02
-1.5413223969e-01 3.4366168680e-02 -1.7934771003e-02 1.3813409751e-01 -1.2676539392e-01 -3.9620409911e-02 -4.5982233637e-02 6.4802936033e-02 3.0836197312e-02 -2.0073730936e-02 2.0085915308e-02 -2.5704856182e-03 -1.7369378260e-02
-9.1569267588e-02 -1.3626124392e-02 -3.9785432805e-02 -6.0499266825e-02 -1.3017507697e-01 -1.3322731509e-01 6.9251924261e-02 -1.7810346473e-02 -7.2082166735e-02 -8.6646156732e-02 -1.7086702437e-01 -9.1650002809e-02 -1.4157645062e-02
8.9369794301e-02 7.9733709941e-02 1.6904275025e-01 -7.5317814543e-02 5.1192900606e-03 8.2999323167e-02 7.4709019705e-03 3.3333927058e-02 9.5067410813e-03 -1.1959976680e-01 3.3703355053e-01 3.3031599052e-01 4.0744346748e-02
4.0105143446e-02 4.2892673134e-02 6.2484498063e-02 3.4199373242e-03 5.7164432720e-02 4.6604992703e-02 -6.3890048653e-03 -5.3489041789e-03 -1.0213018583e-02 -2.0835150383e-02 4.7438795393e-02 2.4958271662e-02 3.8426882134e-02
4.8669121656e-02 3.8154952386e-02 5.5778399722e-02 2.6431513519e-02 5.1363789970e-02 5.1379298804e-02 -2.9280460047e-02 -9.8898534682e-03 1.0185478625e-02 1.6920956670e-02 4.1654925165e-02 1.1804541874e-02 2.5274058878e-02
2.5406303551e-02 8.7073505941e-02 8.0781651652e-02 2.0254648518e-02 8.7245432861e-02 3.9782327953e-02 5.0144963660e-02 1.1400602214e-02 -4.9435237352e-02 3.0760797365e-02 1.4768469934e-02 -4.0664910918e-03 -6.5740339838e-02
-8.5241377557e-03 -3.8454261141e-02 -8.6132516757e-02 6.6427071787e-02 -5.4952277182e-02 -4.7107712766e-03 -4.3608180538e-02 -8.2094487972e-02 1.6866589982e-03 -5.5486994594e-02 -3.6709652511e-02 3.2502852123e-02 6.2148313046e-02
-2.4735482036e-02 -7.6614893638e-02 -8.5496492323e-02 -2.4398938955e-02 -1.3324325115e-01 -8.7789221159e-02 -7.1593999824e-02 -1.7779263605e-02 5.8115607173e-02 -7.2108289146e-03 7.8536060408e-03 1.6324315336e-03 -9.2238540499e-03
4.9403886839e-02 6.4075879188e-02 1.7774099074e-01 -6.5528704522e-02 -6.7142330467e-02 7.4619086949e-02 2.3378359744e-02 2.3179031122e-02 3.0969020684e-03 7.7835643512e-03 -1.1760103344e-01 -6.7090357358e-02 3.6281531831e-02
5.1018406957e-02 5.3389946937e-02 1.2543074564e-01 -1.9550926022e-02 -1.0739396124e-02 7.6073902880e-02 -6.2445536067e-03 1.3627835681e-02 1.2558146542e-02 1.5053583539e-02 -4.8224102184e-02 -5.4485599995e-02 3.3581707390e-02
-2.2753660885e-02 4.6083284005e-02 7.8850107495e-02 -9.0380762955e-02 -4.6732705420e-02 -5.0805801402e-02 1.2068354315e-01 -1.4736621399e-02 -1.2735511333e-01 -1.1956586043e-01 -8.9917836660e-02 -8.9509493668e-02 8.1545609874e-03
-3.9119203938e-02 -4.0004515327e-02 -5.4804556907e-02 -1.6404422704e-02 -5.6102020353e-02 -4.5137106236e-02 1.2674539962e-02 1.0805092387e-02 7.9306641843e-03 7.4800594932e-03 -2.5307356285e-02 -4.1611434647e-03 -3.2333270482e-02
-3.9118639037e-02 -4.1065430838e-02 -5.7825170706e-02 -2.0933579315e-02 -4.2553118616e-02 -4.3274743813e-02 1.6777429629e-02 1.5724006696e-02 5.8197009420e-03 4.6027758305e-03 -1.8563332282e-02 -9.3242507732e-03 -3.5157972955e-02
6.7574699077e-02 -2.0781289367e-02 -6.8491538371e-02 1.9455933805e-01 9.6332323037e-02 1.2125097154e-01 -2.3731172366e-01 5.9578145060e-02 2.2746583976e-01 4.2308497042e-01 2.5463298085e-01 3.3526029193e-01 -3.0746076589e-02
-1.7295341079e-02 -7.9100296357e-02 -8.4660941151e-02 1.2910616154e-02 -1.5613216687e-01 -7.0274115781e-02 -5.7579511625e-02 -4.6162655985e-02 3.2341020435e-02 2.7206236396e-02 6.2243051278e-03 5.4979770992e-03 -1.1149800758e-02
-4.8698129222e-02 -5.2114914894e-02 -9.8154348219e-02 1.3095616374e-01 -1.9224747450e-01 2.1380619820e-01 -9.6449048383e-02 -3.3907405777e-02 1.1953426984e-01 3.9934858214e-03 -2.5252079920e-01 -8.3736616920e-02 9.1018569244e-02
3.4398243690e-02 4.0927329849e-02 7.0869661399e-02 -1.4610251143e-02 4.5644146729e-02 3.6695749586e-02 6.1435665843e-03 -4.9234528879e-03 -2.0122485407e-02 -2.1122763728e-02 1.3382986494e-02 -1.4117365733e-02 3.3041504563e-02
1.8484157823e-03 -5.1373980912e-02 -3.8751780397e-02 -5.7526124573e-02 -1.2636747198e-01 -4.0085929303e-02 -2.6406212644e-02 -1.9673871510e-02 2.2670325096e-02 5.9699744029e-02 -2.0876284908e-02 2.7786388022e-02 4.8234289058e-03
-3.5273851547e-02 -4.4151247703e-02 -7.0952792866e-02 1.7078365301e-02 -6.4560531991e-02 -3.7456647474e-02 -8.3667088204e-03 -2.5862751678e-03 2.0582435493e-02 2.1330237516e-02 -5.5244591927e-02 -2.5171846442e-02 -3.6189611257e-02
3.5141085085e-02 5.2132114941e-03 1.0365999285e-01 -1.0708801858e-01 1.5196322369e-02 7.3765912677e-02 2.4499710827e-02 9.3269805682e-02 4.2401602213e-02 1.0322334929e-01 -1.8738413556e-02 -1.4691006012e-02 1.2127104354e-02
4.1817277275e-02 9.2839402655e-02 1.3150308877e-01 -1.2032769002e-01 2.0964074381e-01 -1.9652552569e-01 5.0211958736e-02 1.1053910783e-01 -5.9035829233e-02 1.7134830941e-01 1.5249855988e-01 -1.6645990515e-01 -2.6974268663e-01
-2.0514357580e-02 -4.2234258295e-02 -7.8878292520e-02 3.4319423161e-02 -1.5372694149e-02 -3.4765876129e-02 -2.0057001823e-02 7.0446932466e-05 2.8619289336e-02 -2.9036429221e-02 -5.5358033563e-02 -5.6504152532e-02 -4.1605549878e-02
3.8231852228e-02 4.1489529590e-02 5.5237977412e-02 2.0734219301e-02 4.5005728093e-02 3.9286394038e-02 -1.5739261776e-02 -1.7099939407e-02 -7.9788761156e-03 -2.4702522248e-03 1.5610648914e-02 8.2213146714e-03 3.1975926101e-02
-1.4969985266e-03 -3.4686462662e-02 -7.8740612280e-02 4.2073693687e-02 -6.1152533398e-02 -4.3987907171e-03 -4.0848236904e-02 -7.9239593184e-02 6.4695402264e-03 -1.1524168053e-02 -7.2537087524e-02 2.5230222686e-02 5.5061925717e-02
-2.4114790047e-02 -5.3563150343e-02 -8.3526170934e-02 6.7587429891e-02 -1.7966449473e-01 1.1568922257e-01 -4.1310231885e-02 -5.8626922128e-02 5.2370621587e-02 -1.6653503118e-01 2.7722133970e-03 2.3062313573e-01 1.4747995954e-01
-1.3981776009e-02 -6.4850218200e-02 -1.7325725535e-01 1.9666609336e-01 -8.9243006976e-02 1.5863968788e-01 -1.8158565261e-01 -3.9675321405e-02 1.7210095112e-01 1.2312407005e-01 8.3923743418e-02 2.3435128089e-01 1.0228880722e-01
-1.6645695271e-01 -4.1768783110e-02 -9.0884609310e-02 -1.2623359093e-01 -1.3709476113e-01 1.0556997084e-01 -3.6520233344e-02 1.6288666162e-01 1.3078486894e-01 3.6740617236e-02 6.9398007474e-02 2.6088305109e-03 1.0084863059e-02
-1.1746219017e-02 -4.6731344530e-02 -6.5422064048e-02 3.1830815791e-02 -6.7840722949e-02 -9.7196269251e-03 -4.9448209010e-02 -4.4652731854e-02 2.2775694806e-02 -2.9537276188e-02 -1.8096017756e-02 2.1957405678e-02 5.0809459460e-02
-2.6034722807e-02 -5.5653776574e-02 -7.3220995969e-02 4.3870284689e-02 -1.7403985666e-01 9.4362933624e-02 -1.6908786770e-02 -5.8498074351e-02 3.0768012632e-02 -1.5587103567e-01 -2.0513163353e-02 2.1444772189e-01 1.4369557806e-01
-6.1637669054e-02 -3.4379555575e-02 -5.9688571854e-02 -1.4958419944e-02 -1.3569943519e-01 -6.1511053857e-02 3.6498435574e-02 -4.0131528431e-02 -3.5429501941e-02 -1.8709098435e-01 -1.2203663997e-01 -6.9798151896e-02 2.9042325650e-02
-5.9097281853e-02 -6.7617103030e-02 -1.4113195899e-01 6.1916387400e-02 -4.7796984067e-04 -4.3054916683e-02 -1.1692085319e-02 -1.5541433222e-02 8.3025566412e-03 9.6227877813e-02 -1.6873735105e-01 -1.4445879385e-01 -3.2994007156e-02
3.5965806577e-02 9.4808854799e-02 8.3544547502e-02 -2.0460353805e-02 2.0072082997e-01 -1.5403568416e-01 -3.8470774391e-02 7.7852107307e-02 1.4393814399e-02 3.3033019641e-01 -1.3706364804e-01 -4.5598605412e-01 -3.9545186035e-01
-1.2965157797e-01 -8.6257209130e-02 -1.2961877419e-01 -6.9223983484e-02 -1.3436911096e-01 -4.6111485765e-02 -5.8093904331e-02 9.2394752654e-02 1.0566323681e-01 3.6953764814e-02 3.8167801905e-02 -3.2298185436e-02 -6.8222204298e-02
4.8877177336e-02 4.0755729712e-02 7.3312762069e-02 8.6371885918e-03 4.4053766572e-02 6.1896490669e-02 -1.5720378536e-02 -5.1847466543e-03 3.8667316586e-03 2.0252095463e-02 3.6084380243e-02 3.8451119049e-02 4.5000618592e-02
6.6408350331e-01 5.4101081731e-02 9.0471341679e-01 -8.1546751242e-02 7.1158727755e-01 2.3466183108e-01 4.0373426967e-01 -4.1701995511e-02 -4.1537915101e-01 -7.7829738556e-03 -9.3601100119e-03 -3.3552266931e-03 -4.5294123639e-04
4.9628229416e-02 4.5010487262e-02 6.9755061403e-02 -6.5054513270e-02 9.0074053495e-02 -1.4920484166e-01 1.1765922012e-02 3.0632461348e-02 -3.9688054852e-02 7.2423751447e-02 1.0427839577e-01 -2.6227283290e-02 -1.3749597544e-01
2.2693013458e-02 5.8892971274e-02 1.1837930422e-01 -9.6391184896e-02 3.7221287854e-02 -2.8810824841e-02 6.7958682220e-02 1.4482112409e-02 -7.0267360275e-02 -4.8256577799e-02 2.1739674309e-02 1.3438322770e-02 1.9057524410e-02
-1.2702602801e-01 -1.5961040093e-02 -1.9270800647e-01 1.2122236270e-02 7.3569501606e-02 4.6216653198e-02 5.6634031560e-02 6.7933436780e-03 -3.8007542882e-02 1.9686714167e-02 -3.1321962832e-02 6.0367931876e-02 5.7281446470e-02
-7.6415334691e-03 1.4264941099e-01 9.5506293255e-02 3.7388052852e-02 -3.6219002968e-02 -2.8737881908e-01 -1.4971892197e-01 6.4966765187e-02 7.4991538329e-02 8.3958072112e-02 6.3166422922e-02 1.0738979165e-02 -2.0933013611e-01
3.2994788682e-02 3.7310777231e-02 2.4853873674e-02 3.3944010305e-02 2.4559781678e-01 -6.9717990666e-02 -1.9141141751e-02 8.2812996731e-02 5.9584468936e-03 2.0864366096e-01 1.4911044901e-01 -9.1162621997e-02 -1.7034551429e-01
6.9134637666e-03 6.5954367652e-02 7.8573560917e-02 -1.2832066814e-02 7.4176050708e-02 1.2746155208e-02 4.3992869112e-02 4.9654085579e-02 -2.8380179622e-02 3.4546954221e-02 3.4980536268e-02 -1.3473504228e-02 -6.7621063858e-02
3.8145805270e-02 4.1210086666e-02 5.4763774260e-02 2.1413832783e-02 4.4586136576e-02 3.8787918277e-02 -1.6286518849e-02 -1.8679595960e-02 -8.5078668853e-03 -5.7006491143e-03 1.4819828563e-02 7.6115580208e-03 3.1296296485e-02
-8.1172366739e-03 -9.4523187147e-02 -1.0906277536e-01 9.5440887142e-02 -1.0157083729e-01 8.9216456363e-02 -1.1184893133e-01 -2.1638001712e-02 1.2262920684e-01 3.1219974975e-02 1.0166572770e-01 1.2699973784e-01 -5.8355001103e-03
-5.0291421430e-02 2.4258378960e-02 8.1876350995e-02 -1.6386318831e-01 -9.9888466899e-02 -1.0860307394e-01 2.1514497983e-01 -6.2756450848e-02 -2.1955177172e-01 -3.3303619819e-01 -2.0247822338e-01 -2.5205455236e-01 1.3590186744e-02
3.5966331805e-02 4.5239774918e-02 5.5358432442e-02 2.0296520335e-02 4.5638103232e-02 3.8694298268e-02 -1.4427471919e-02 -1.4105448296e-02 -8.3002935297e-03 -1.2119193156e-03 1.5863919154e-02 6.5679174562e-03 2.7987470533e-02
-4.6512268351e-01 9.1224871908e-03 -4.8130318837e-01 6.9264774938e-02 -2.2313482228e-01 1.8452554698e-02 -9.4326434173e-02 9.9788380719e-02 1.4435738003e-01 3.2109478411e-02 3.2541494756e-02 3.6741901716e-02 -2.7910645860e-02
4.6694331409e-02 1.1638446207e-01 9.9642411765e-02 -1.3927456590e-02 1.7289367105e-01 7.1703749174e-02 6.1665888191e-02 3.7758849094e-02 -3.2769616007e-02 -9.9877641845e-03 -1.3099842850e-03 -1.1980269088e-04 2.4419078818e-02
-9.2405628726e-02 -1.1581556663e-01 -9.6665440632e-02 -1.0120115705e-01 -1.3233295678e-01 -6.6632666746e-02 -2.9470354066e-02 8.7703065853e-02 6.1711875908e-02 5.2444322905e-03 -1.0821530607e-02 -2.6193351094e-02 4.2329528176e-02
-3.4430153303e-02 -5.3609481871e-02 -5.9842678392e-02 -1.2724076583e-02 -4.4831345037e-02 -9.8160549191e-02 1.6229671612e-02 -3.8737225020e-02 -2.3749614404e-02 -1.1179848022e-01 -2.1847499452e-02 -4.6720769121e-03 -4.9844316659e-02
1.4880241504e-02 4.5235472917e-02 3.9554103230e-02 5.7330742141e-02 9.5648523473e-02 5.4241118977e-02 1.9114564739e-03 7.3226459005e-03 -1.1565446161e-02 -6.2502216721e-03 4.7439099910e-02 -4.0595838750e-03 -1.0373183176e-02
-2.7781394645e-02 1.1570152967e-02 -1.2583011397e-01 7.1611243806e-02 -7.1268191761e-02 -5.6428149262e-02 -7.2030088239e-02 -5.5128397508e-02 3.0877339652e-02 -1.2935458032e-02 -1.0283935504e-02 -7.3815474927e-03 -6.1409509274e-02
-6.4973396745e-02 -3.1261325967e-02 -4.9969169304e-02 -4.0258771410e-02 -6.4590811156e-02 -6.1782969311e-02 6.2864477242e-02 -9.1283384472e-04 -4.5785497370e-02 -1.0047216192e-01 -7.6719773338e-02 -2.6566564796e-02 4.2959887642e-03
5.5190300474e-03 -5.4141819206e-02 -5.5239593253e-02 1.6483528513e-02 -8.6189580204e-02 -3.6609083731e-02 -1.7791206730e-02 -7.6202132038e-02 -1.0493940093e-02 -2.4130516082e-02 -2.6123577938e-02 2.7972502217e-02 -1.4077365946e-02
2.0367973081e-02 -2.9374749730e-02 -1.4078185157e-01 2.1502763509e-01 1.6638983697e-02 1.3535127630e-01 -2.2443948140e-01 5.9110724140e-03 1.9189187444e-01 3.5805955223e-01 1.8854590719e-01 2.9215305594e-01 2.4571590558e-02
1.1750468388e-02 -3.6805689984e-02 -1.1053535053e-01 1.1176391433e-01 4.7667793588e-02 7.9282815802e-02 -1.5242144270e-01 1.9017487457e-02 1.6482018034e-01 8.1741793986e-02 1.0050846588e-01 5.1618359022e-02 -5.2558873117e-03
3.4315323066e-02 5.8483050944e-02 1.4676496084e-01 -6.7509815554e-03 -8.3113592424e-02 6.5436335386e-02 6.7732940752e-03 1.4518933487e-02 1.1530278470e-02 3.7883521686e-03 -1.2476410949e-01 -9.1116785150e-02 -1.2219504115e-02
-4.1586720326e-03 4.5678526904e-02 1.4970834291e-01 -1.7689772043e-01 -1.5042719018e-02 -1.0043593774e-01 1.8521071347e-01 -1.7731549135e-02 -1.7714456578e-01 -2.5185402050e-01 -1.6993338508e-01 -2.0365013375e-01 5.6109811247e-03
-2.3796575748e-02 -2.7167302417e-02 -3.8204548194e-02 2.0398346186e-02 -1.6574889790e-01 8.6364668519e-02 -8.0244795210e-02 6.7072921824e-03 9.3547412348e-02 -6.9488285653e-02 -5.6025588544e-02 -9.1788018562e-02 1.7262211555e-03
-1.1130923817e-02 -5.1491451007e-02 -5.2111814295e-02 -3.4883511216e-02 -7.5046484333e-02 -2.8111058013e-02 -8.5986872314e-03 -1.7467911752e-03 2.2640693403e-02 3.6688454091e-02 -2.7174268657e-02 3.1717139000e-02 1.2538858293e-03
1.6811577042e-02 6.7757806312e-02 6.3127666890e-02 1.3978234815e-02 1.5480593637e-01 9.5205970482e-02 7.2272319945e-02 1.6124816372e-02 -5.2944623702e-02 2.0520444485e-04 -3.4148356952e-02 -5.9277800897e-04 2.5735574060e-02
-8.9677178847e-02 -7.2636777126e-02 -1.6028070213e-01 -5.3617505632e-02 -1.1899136479e-01 -8.3348925511e-02 -7.0738880368e-02 4.1656062978e-02 8.9014010537e-02 1.1423110635e-02 -2.1030982224e-02 3.6411568827e-03 4.0112262487e-03
2.2883655764e-02 7.8652656771e-02 8.2268360916e-02 2.1874441713e-02 1.4944885414e-01 1.0078654536e-01 7.0755319921e-02 1.2498877131e-02 -5.6704113939e-02 3.7361250025e-03 -1.3823990751e-02 2.2613899276e-03 1.8296273902e-02
2.1042577380e-02 4.5311896778e-02 5.6848758870e-02 -1.9205927208e-02 1.6803444891e-01 -6.2699295683e-02 1.2677261095e-02 4.6168560594e-02 -2.4522854458e-02 1.2368952724e-01 3.7075357563e-03 -1.9119594946e-01 -1.0893105514e-01
-1.5207138153e-01 -1.0150713955e-01 -1.2798742007e-01 -1.0061405486e-01 -1.3487130536e-01 -5.6168407579e-02 -1.6563575845e-02 1.3715170933e-01 6.5580332320e-02 6.2572347716e-03 6.5894112867e-03 -5.0278885415e-02 1.6665949813e-02
7.2140834863e-02 -1.9388256747e-03 -1.0411468411e-02 9.4141096197e-02 2.5765230433e-01 1.4419999196e-01 -1.1281529543e-02 3.3202029850e-02 2.9216777526e-02 -1.1669118293e-02 1.6819235434e-01 9.1422794658e-02 2.3664428227e-02
2.0451737587e-02 5.7943199005e-02 5.6895352684e-02 -2.9047822625e-04 1.1469033803e-01 6.1537991465e-02 6.5092323149e-02 1.8773841217e-02 -3.8964962252e-02 -7.6772038047e-03 -3.2398411589e-02 -1.5057606204e-02 1.9124976861e-03
-1.4338877064e-01 -7.7236421709e-02 -1.3870084108e-01 -3.0140527626e-02 -8.9733200906e-02 7.7170463563e-02 -8.1524454428e-03 6.9591851217e-02 7.0964559360e-02 -3.0760648893e-02 -3.3563497932e-02 2.3085482748e-03 -2.9649105543e-02
-3.9590845981e-01 1.6011936575e-01 -3.6361684756e-01 1.0972056456e-01 -1.9425538055e-01 -3.4563308266e-02 -1.3724721949e-01 1.0694558412e-01 1.6004823749e-01 -4.0427129638e-02 -2.7821963459e-02 -1.7265220241e-02 5.2305654530e-02
-5.3676628249e-02 -4.1839453405e-02 -7.2445597599e-02 -1.9355659998e-02 -4.3034842792e-02 -7.7628977255e-02 2.0267193038e-02 5.3977740340e-03 -1.1073926421e-02 -1.4247059420e-02 -3.5775478899e-02 -3.9314841595e-02 -6.1221075235e-02
1.2874373114e-01 1.1180816125e-02 2.1957249753e-01 -9.7711241349e-02 -1.0299982731e-01 4.7219731087e-02 -2.8544802697e-02 2.8743644220e-02 7.0414985983e-02 1.4972380239e-02 1.3005809076e-01 1.5240386911e-01 1.1736182521e-03
6.4265421262e-03 -6.1334161387e-02 -8.8397199568e-02 1.2305649599e-02 -1.1697805134e-01 -7.0505648878e-02 -7.1892969640e-02 -6.7923812551e-02 4.3113747987e-02 -1.4666375985e-02 -9.9642870963e-03 7.0688470219e-03 2.1215033599e-03
-8.3121425171e-03 -5.9142169672e-02 -1.3107124884e-01 1.0769386785e-01 1.7633798603e-02 5.7420106194e-02 -8.9128745967e-02 -1.3940497127e-02 9.2902472936e-02 6.3479974684e-03 5.3819726289e-02 -1.1523287553e-02 -1.6399555532e-02
-4.5590415760e-02 -3.9229227894e-02 -5.7916104684e-02 -2.2096176796e-02 -4.8738975621e-02 -5.0702775855e-02 2.3137416244e-02 1.1340648038e-02 -3.2939130965e-03 -5.2008916435e-06 -3.0273108297e-02 -2.8913418872e-03 -3.2438874064e-02
-1.0253297804e-02 -5.1235088588e-02 -1.0913296897e-01 8.6233765179e-02 -5.3575100607e-02 3.0479213344e-02 -4.8061406468e-02 -9.0617558990e-02 1.0658475297e-02 -7.7128596846e-02 -4.6134591273e-02 4.3519355042e-02 1.0265703916e-01
-4.4225976391e-02 -4.0653601178e-02 -7.4451655521e-02 1.5337080428e-03 -4.8522347335e-02 -8.9119962850e-02 -5.1688123222e-03 4.2764690206e-03 6.8289274413e-03 -8.8519729734e-03 -1.3421786387e-02 -3.8110294118e-02 -8.3559866863e-02
-2.7036987179e-02 -1.0154054232e-01 -2.1612445686e-01 1.9199401812e-01 -6.9055224518e-02 1.2177466755e-01 -1.3626816966e-01 -1.0087165893e-01 1.0640454273e-01 -2.3176255694e-02 -4.5476306730e-02 3.8362253499e-02 1.3567091660e-01
7.4071291643e-02 -5.1496262621e-03 5.6893008261e-02 -1.5059535246e-01 -1.0861494738e-01 -1.5526087131e-01 -2.1781073540e-02 -2.6482245426e-02 -5.2329748286e-02 3.4521012643e-02 5.0620873694e-02 -3.9491898200e-02 -4.3783218291e-02
6.9368073659e-02 1.8357873508e-02 2.9591792896e-02 7.3156208170e-02 1.2877869583e-01 9.2650408352e-02 -6.4221997241e-02 1.6568175302e-02 5.6313862762e-02 1.2871370136e-01 1.4212817140e-01 9.1990341969e-02 -2.6802043673e-02
8.5171894427e-03 7.6770429896e-02 6.6231792457e-02 1.8249275260e-02 1.4520633971e-01 8.3933340649e-02 6.5838476188e-02 3.5170532572e-02 -4.7197630996e-02 1.9565597151e-02 -6.9206018113e-03 5.8592005208e-03 3.6423520843e-03
3.4375406910e-02 4.4888953359e-02 5.6925339582e-02 2.8210695158e-02 4.3152271220e-02 4.5076278043e-02 -1.3321566709e-02 -1.4107404638e-02 -5.6717328024e-03 -7.9722472292e-03 3.1384554776e-03 3.0336881732e-03 2.8280850996e-02
5.8559989021e-02 3.8362915861e-02 6.8168989174e-02 2.2131723531e-02 4.7966102733e-02 6.4352026759e-02 -3.4447684237e-02 -4.4817078896e-03 1.9915894683e-02 4.3637935838e-02 5.0804292334e-02 3.8297558632e-02 3.0972428901e-02
4.2583360486e-02 5.0530634915e-02 9.8086295153e-02 -3.1920652188e-02 3.9524961781e-02 3.4164114446e-02 -1.6998222487e-03 1.5302854172e-02 -3.2669183762e-03 6.0680726253e-02 -1.0306558902e-02 -2.1224219464e-02 1.8220037755e-02
-9.6458068631e-02 -4.8695250449e-02 -2.4796658471e-01 1.6989833656e-01 6.5633429049e-02 -7.4950340248e-02 -3.6461900438e-02 -8.1443222078e-02 -4.0466742080e-02 -5.1118820152e-02 -1.3402858918e-01 -2.3297819906e-01 -3.3573863086e-02
4.1008434987e-02 4.0318845850e-02 5.5842583826e-02 2.2424916358e-02 4.7490859269e-02 4.5238123707e-02 -1.9462525464e-02 -1.4948724850e-02 -2.1280014092e-03 4.3315092425e-03 2.4096061324e-02 1.4210209771e-02 3.2720070361e-02
4.2233843830e-02 3.9332264180e-02 5.4340717714e-02 2.2881049779e-02 5.1384631643e-02 4.6000126017e-02 -2.0556344074e-02 -1.2843098877e-02 -1.4031128038e-03 4.3307987947e-04 2.9377847119e-02 7.2496505384e-03 3.0188013867e-02
-3.3863130146e-02 -5.1452987316e-02 -1.0534778531e-01 1.1061862790e-01 -1.5354941329e-01 1.5891800316e-01 -5.7930943301e-02 -7.6320122433e-02 5.3496854000e-02 -7.3538695365e-02 -1.0960767905e-01 1.1843300635e-01 1.8684541500e-01
-4.4233988267e-02 -4.2973270185e-02 -6.3787536428e-02 -1.2804863985e-02 -4.5315829439e-02 -5.0974812112e-02 1.4712508673e-02 1.0613415309e-02 4.0275732775e-03 3.8869026921e-03 -4.0342742489e-02 -3.4799077599e-02 -4.1959881580e-02
3.8085153011e-02 3.5067714895e-02 5.1873297685e-02 8.8382330563e-03 8.4433826945e-02 3.8887092210e-02 -8.2996959511e-03 -6.4207242333e-04 -8.8705218367e-03 -5.4890529905e-02 3.5710602760e-02 -6.7118089090e-02 1.0268476520e-02
4.7145321537e-02 8.5752425593e-02 8.9873087156e-02 -4.0322239323e-02 3.6757930502e-02 -1.2926047424e-01 1.1243189345e-02 -1.0296541707e-02 -5.4251263210e-02 9.1836646316e-03 -1.2407950275e-02 -3.4620228059e-02 -1.6745062895e-01
-1.2620279042e-02 -6.9964407663e-02 -1.4866875559e-01 1.1949485579e-01 1.3936338726e-02 7.4913488567e-02 -9.2550890626e-02 -2.0525208722e-02 9.5310064438e-02 4.0293678865e-02 4.2162524299e-02 -1.5133119915e-02 -4.5358618772e-03
3.7322921180e-02 9.2558323966e-02 7.4568460044e-02 4.2800742467e-02 1.5778294290e-01 1.1033672872e-01 6.4108757570e-02 -1.4129883857e-02 -5.9742043746e-02 1.6709872858e-02 -1.2743589948e-02 2.0247866696e-02 1.9953825196e-02
-7.9881742471e-02 2.1992776652e-02 1.7629117609e-02 -5.8844506798e-02 2.1593469971e-03 -4.5300397041e-02 1.4861460982e-01 1.3542541148e-02 -1.2805763931e-01 1.4422638373e-01 -1.0877830871e-01 6.7342084975e-02 1.3015016052e-02
8.2308060950e-03 6.9876530260e-02 1.1706741857e-01 -1.1625455075e-01 7.9559591967e-02 -1.0079623026e-01 8.6272691018e-02 6.7808630377e-02 -6.8647843526e-02 1.4473028427e-01 -7.6405980616e-04 6.9347816949e-03 -1.2419662279e-01
2.6092625417e-02 6.4098650696e-02 1.4158697408e-01 -1.0693391310e-01 8.9294558785e-03 -9.9749914375e-03 6.7566402071e-02 2.3497184936e-02 -5.9452904640e-02 -1.3934362046e-02 -1.7718500675e-02 7.9551103601e-03 2.2783200879e-02
9.1885492382e-02 -3.9818519689e-02 -3.8146043558e-02 6.6768951868e-02 3.1491607069e-01 1.9273161697e-01 4.6617056991e-03 5.4580589761e-02 4.6396641645e-02 -9.8635404211e-02 1.3314948013e-01 -3.3023347576e-02 6.4486112601e-02
3.2215372251e-02 4.3002977980e-02 5.2683907806e-02 2.7271268940e-02 5.3630543002e-02 4.1900969261e-02 -1.0066645192e-02 -1.2194665378e-02 -1.0576797890e-02 -1.0704241193e-02 1.5806786842e-02 3.4962534486e-03 2.4416491941e-02
-4.8823741859e-01 -5.2796682756e-02 -2.5904258787e-01 1.8328692489e-02 -1.3807170238e-01 1.4266002788e-01 1.2388964559e-01 2.6331566580e-01 -7.6377164570e-02 -3.3751906949e-02 -3.1028608337e-02 -3.1816834861e-02 -1.2276196837e-02
3.9429910983e-02 4.1161994880e-02 7.9827154177e-02 9.9655378173e-03 1.0742489659e-01 4.9273313800e-02 6.2279889736e-02 1.7392342347e-02 -4.0105093156e-02 -2.5812455561e-02 6.3758525979e-02 1.8814187612e-02 9.3936641991e-03
-1.0268604254e-01 -3.8294781217e-02 -1.1940534753e-01 -2.3436674542e-02 -4.5696528701e-02 -3.2871384006e-01 5.4321861909e-02 -1.0276337115e-01 -1.4570701804e-01 1.7195639172e-01 -3.3810552645e-04 2.9480764204e-01 -1.6996122095e-01
-1.1264133995e-02 -5.0749133464e-02 -1.2770181856e-01 1.2190422195e-01 -2.4361494852e-02 5.5698319082e-02 -1.0816432929e-01 -6.2105771460e-03 1.0800553527e-01 5.9474938365e-02 7.3563888679e-02 5.8588880726e-02 -1.4686894626e-02
1.0453154105e-01 4.9649068130e-02 1.1192552539e-01 2.2990329861e-02 1.5503692432e-01 2.9019658580e-02 5.7040348726e-02 -4.8155307752e-02 -6.2196307046e-02 -4.1139425796e-02 8.5036179057e-03 5.4574789855e-02 3.0356194979e-02
3.9714749069e-02 4.0747065383e-02 6.0290455576e-02 1.4351550323e-02 4.3588619133e-02 4.1029486264e-02 -1.4104334781e-02 -1.3983735504e-02 -7.3227129249e-03 -4.0898246353e-03 2.3813614995e-02 1.6535564742e-02 3.5468369454e-02
3.6609441527e-01 4.8192117350e-02 2.4235427251e-01 2.0641030295e-01 8.2405887938e-02 8.3411807939e-02 -5.6038495693e-02 -2.3816316547e-01 -5.9361664779e-02 1.8614314729e-03 -1.6806417591e-04 1.1505611190e-02 3.2487513265e-02
-3.9415133253e-02 -4.1162614076e-02 -5.6052688921e-02 -2.2578826811e-02 -4.4220638753e-02 -4.1461606283e-02 1.7956769989e-02 1.7205000460e-02 4.9572421570e-03 3.4348226504e-03 -1.8758310122e-02 -8.1874327106e-03 -3.3140999350e-02
4.8639649056e-02 -6.4212061334e-02 -1.6377174552e-02 -1.4353247766e-01 -1.3670653757e-01 4.4044275125e-02 -2.8841261591e-02 -1.2722888853e-02 2.0658889982e-02 7.1464783650e-02 3.3446795294e-02 2.4200119956e-02 -1.9097805918e-02
-4.2885635248e-02 -3.7023280868e-02 -5.8533048649e-02 -1.6294251377e-02 -4.8604378236e-02 -4.6122931751e-02 1.8745137607e-02 1.2240068709e-02 1.2371793061e-03 2.5411259169e-02 -2.4841432551e-02 1.4553744116e-02 -3.1747542233e-02
-3.5856322114e-02 -8.6640062391e-02 -1.1814652048e-01 5.8593929066e-03 -1.3828274452e-01 -4.0604140763e-03 -3.2428990511e-02 -7.1219906135e-02 7.9705698987e-03 2.8035975399e-02 -7.7827708129e-02 1.1479504211e-02 1.2150072641e-03
3.3531920775e-02 3.9721337706e-02 4.8190464021e-02 2.4692310325e-02 7.5835004566e-02 4.7263845355e-02 -1.0826981025e-02 -3.2162995773e-03 -7.3578747500e-03 5.2595617119e-03 3.3203401334e-02 -1.1046185063e-02 1.1419662638e-02
-6.7040649739e-02 -7.0265676382e-02 -2.0154795667e-01 1.0104913741e-01 3.7259768767e-02 -1.3945255174e-01 -3.7725372163e-02 -5.0247019412e-02 -1.5226398786e-02 -1.3352655257e-01 1.7598490414e-01 4.8882383955e-02 -9.4338711132e-02
2.5305745989e-03 6.0616987464e-02 1.5535435928e-01 -1.6777787839e-01 3.4184492392e-02 -1.2973650601e-01 1.6174509535e-01 1.8668874712e-02 -1.6393687974e-01 -7.2593022758e-02 -1.2266645755e-01 -6.4444129796e-02 -1.7264409462e-02
-7.4161141404e-02 -2.7276865484e-02 -4.9713831213e-02 -3.9345545038e-02 -1.4905068593e-01 -9.5993678323e-02 4.5841011435e-02 -3.7627544652e-02 -4.8056037401e-02 -4.4547412095e-02 -1.9925769941e-01 -5.2308615121e-02 1.6124000072e-02
3.8537741604e-02 4.1219306140e-02 5.5749426889e-02 2.1333683377e-02 4.4142719444e-02 3.9052492680e-02 -1.6271129613e-02 -1.8806818970e-02 -8.6367141511e-03 -5.7106099768e-03 1.3577668777e-02 5.6441850202e-03 3.1469286808e-02
4.4240663422e-01 -5.9152613465e-02 3.7207239766e-01 -1.0897180489e-01 1.0945993621e-01 -1.7449029491e-01 3.1278856880e-02 -1.4629204067e-01 -7.6017286635e-02 -1.5501519551e-02 1.4673823736e-02 -1.6505692175e-02 -2.0249641369e-02
-3.2581668402e-02 -3.7524767528e-02 -4.7028613540e-02 -1.4336229845e-02 -1.2062613975e-01 -2.5847000448e-02 3.2649924285e-03 -1.5576215409e-02 8.8382404507e-03 1.5677741281e-02 -5.1292818608e-02 8.9531329646e-02 2.0896138992e-02
2.3053702206e-02 4.7531255753e-02 5.7591392053e-02 -2.2106862112e-02 1.8092817192e-01 -6.3821018406e-02 1.5745696187e-02 5.1472526016e-02 -2.5634910196e-02 1.7679431692e-01 -7.1214363430e-03 -1.7554509575e-01 -1.1181903119e-01
-5.2093566564e-02 -4.7933051807e-02 -5.2316643332e-02 5.9523940859e-02 -2.6038656583e-01 2.2276901314e-01 1.2994744353e-02 -9.4443164010e-02 1.2901912185e-02 -1.7016145163e-01 -1.0703150048e-01 1.7403007161e-01 2.8978847176e-01
4.2547047590e-02 4.0344842589e-02 5.7758268914e-02 2.2126024752e-02 4.3295587285e-02 4.4174953853e-02 -2.0879584118e-02 -1.5671811739e-02 -1.6091620021e-03 6.4570550242e-03 2.1162862251e-02 1.1774210725e-02 3.1566261793e-02
-6.6610347316e-03 -7.2039076625e-02 -8.4563731362e-02 -4.5081786206e-03 -1.4269529613e-01 -8.4323839503e-02 -7.0875064442e-02 -4.2605181916e-02 4.7908092225e-02 3.8753337773e-03 4.9114427149e-03 5.6558618936e-03 -1.3662950799e-02
1.0719892045e-01 4.1182155943e-03 4.0181472109e-02 6.8621208333e-02 8.0563876200e-02 9.1978328075e-02 -1.3835795340e-01 6.2385191987e-03 1.3021164086e-01 2.4183323248e-01 1.5809441926e-01 1.1522165750e-01 -3.8781600009e-02
-2.3093992966e-02 -7.7905593573e-02 -1.5945997148e-01 1.3339070251e-01 -8.0432365625e-02 8.8935243688e-02 -7.4941946902e-02 -1.0327943918e-01 4.4960219287e-02 -8.1819218676e-02 -9.0440498811e-02 1.7782906207e-02 1.4163791138e-01
3.1488194229e-02 -3.6919257259e-04 7.2274840207e-02 -6.8505181834e-02 -1.2722904027e-01 -1.0524414974e-01 5.6396586526e-03 -2.1886545953e-02 -2.3066723996e-02 4.1474919147e-02 -3.1071387737e-02 2.5228636868e-02 -1.3424455114e-02
3.9347423496e-02 4.0654681939e-02 5.8316871369e-02 2.0178682731e-02 4.3573111319e-02 4.3840134758e-02 -1.6831337317e-02 -1.6209266122e-02 -4.3568456403e-03 1.6423742084e-03 1.3853232464e-02 9.9871759805e-03 3.5218420696e-02
