-1.4507475205e-02 7.6855198684e-03 1.4610873004e-02 -2.7946975258e-02 -9.5403959685e-03 -3.8802123585e-02 3.0226498312e-02 2.4216599012e-03 -2.3856262930e-02 -4.7782804288e-02 -2.5926466979e-02 -2.8352885431e-02 -2.2920391193e-02
-4.3449759957e-02 1.5461968514e-02 -2.6354046569e-02 -7.6238061609e-03 -1.9213996606e-03 8.1875583698e-04 8.8468809534e-04 2.8117839147e-02 1.2949309472e-02 -1.8662728088e-02 3.3155423416e-02 3.3065014252e-02 2.0116130097e-02
-2.4661077308e-02 1.3146842575e-03 1.3902899396e-03 -2.0186766019e-02 -7.6817337588e-04 -2.1668739899e-02 2.1414904010e-02 8.7507422589e-03 -1.9130367080e-02 -3.9761383766e-02 -3.7215961743e-03 -3.6621171077e-02 1.0723902443e-02
-9.0772243320e-03 -9.1767487180e-03 1.4266550218e-02 -1.9690869726e-02 -2.6836834251e-02 -4.3234124351e-02 1.0188235157e-02 -3.3886285623e-03 -1.3729345496e-02 -3.3193822817e-02 -8.4447751292e-03 -1.9531295763e-02 -1.5274551590e-02
-8.3251284913e-03 -1.0188813474e-02 -2.5026347906e-02 7.5906018589e-03 -1.0721916669e-02 6.4385452689e-02 -1.5856814399e-02 7.0588770378e-03 4.1720316271e-02 1.7542605535e-03 5.3409918459e-02 8.7147396977e-02 4.9952993355e-03
-7.1818002336e-03 -4.6994211161e-03 1.3480769792e-02 -4.1970939929e-02 -4.8257615952e-02 -2.6958372430e-02 1.4202030132e-02 -6.2161642656e-03 -1.2208914584e-02 -1.5185792504e-02 -2.2204790922e-02 9.0373912925e-04 -5.1204657454e-03
1.2857565339e-02 -1.3163882107e-02 -1.5650761140e-02 2.2425873900e-02 -4.6122188039e-03 -9.6235193598e-03 -5.0319313301e-02 1.7416195208e-02 3.4171731330e-02 -1.5927980199e-02 1.9419297105e-02 -1.8470889690e-02 -8.7038160138e-03
7.8657659134e-03 -2.8980710772e-02 -2.5141562638e-02 5.5636922138e-02 6.0775457499e-02 6.8346133684e-02 -2.1101520049e-02 4.6007398577e-03 2.5469118115e-02 -2.9068886518e-02 8.1264890106e-03 -3.1235938043e-02 5.9831955718e-03
1.4528335730e-02 -8.0522977461e-03 -8.5432247418e-03 -2.0160585141e-02 -6.3286685767e-03 -5.6591186749e-02 -1.7991238109e-02 -7.8869389439e-03 -6.2495555427e-03 9.0131653753e-04 3.3741661935e-02 1.6953920141e-02 -5.5817220908e-02
-2.8764541682e-03 -9.2335347152e-03 -1.3297750599e-02 3.1183500636e-02 -1.4738891659e-02 -3.0839913976e-03 -3.9642810222e-02 1.5318238453e-02 4.4605184356e-02 -2.9193884460e-03 4.3054902624e-02 1.7694910603e-02 -2.0358642969e-03
4.9660425263e-02 -3.1520671289e-02 3.1437831758e-02 2.8780312796e-02 2.2949407146e-02 7.7756663529e-03 -1.4853470083e-02 -2.5292269149e-02 8.6160228192e-03 1.5473482216e-02 -3.9490699564e-03 2.4177942625e-02 1.0285872157e-02
1.4557570817e-02 -3.5991722591e-02 -3.1060634415e-03 1.7895651405e-02 4.7759644684e-02 1.7140614917e-02 5.9291909891e-03 -9.1914144608e-03 1.1594390966e-03 3.5663527507e-03 1.5742983675e-02 1.2932037726e-02 1.4968255159e-02
-9.2594903308e-03 -1.2530286819e-02 -1.1406037042e-02 -5.2466452061e-02 2.0144621954e-02 1.6094161365e-02 3.5627631824e-02 1.9833882038e-03 -1.6911215624e-02 -1.0037283765e-01 1.2908591035e-02 -4.0765216084e-02 4.4882744649e-02
4.0519360374e-02 7.0275332612e-03 7.1565926645e-02 2.7494282367e-03 4.4388271869e-02 -5.5182521817e-03 -6.3713137116e-03 1.8810302666e-02 2.6748225976e-03 -2.7666695872e-03 -4.8054291491e-02 -1.0059351047e-01 -9.7326242180e-02
1.9389037989e-02 -2.7798967502e-02 -6.1623070004e-03 3.9984853344e-02 -2.3165978299e-02 1.2933170183e-03 -4.1510681482e-02 1.4683368432e-03 4.7586786402e-02 6.5959407207e-02 1.7524722295e-03 1.9104969589e-02 -2.5141427991e-03
-2.5611626558e-02 2.4039417463e-02 1.9085212398e-02 -2.6032327562e-02 -2.4824654836e-03 -2.1038023729e-02 4.0414270921e-02 6.5526548427e-03 -3.8866906949e-02 -5.6786727115e-02 -4.3733698989e-02 -1.0108060730e-02 1.9277119072e-02
-2.1736766441e-02 -8.5063931621e-03 1.4017638474e-03 -1.6625004475e-02 -3.5898923021e-02 -7.8587422304e-03 4.7073940699e-03 1.0067293617e-03 4.2893438513e-03 -6.3739386956e-03 -1.4880821731e-03 3.5829346715e-03 -5.7049108839e-03
-6.3285233444e-03 -8.3077571754e-03 -8.1665763428e-03 -3.1648697871e-02 -3.1835277449e-02 -1.7663403468e-02 2.2583773711e-02 -1.6352064206e-02 -3.1606675762e-02 1.0394227369e-02 -6.4737893817e-02 -7.4508188854e-02 -2.3100064032e-02
1.2621096483e-01 6.1506542481e-02 1.6525404828e-01 2.6713676127e-02 1.0748100510e-01 3.7752881562e-02 5.5047955150e-02 -2.8013783036e-02 -6.7293735420e-02 -3.2878869060e-02 3.0546861881e-02 2.0475204550e-02 1.1490588957e-02
-5.5149643098e-02 4.1200467128e-02 -2.2710295272e-02 1.5857897096e-02 -1.1038846568e-02 -2.2332419998e-02 -1.9221222883e-02 2.3889517117e-02 -3.2422048286e-03 -2.0409096015e-02 1.3485954160e-02 1.8169836395e-03 -2.5156624016e-02
4.9654508235e-02 -1.1395450841e-02 4.2137082213e-02 1.3754653672e-02 3.0212950979e-02 5.7051018934e-03 6.2134143491e-03 -4.0037857075e-02 -7.0077635786e-03 -2.5696931387e-02 -1.8068396517e-02 3.2025256495e-03 1.7597100478e-02
-2.2606148358e-03 3.7379525546e-02 -1.1861212913e-01 8.1197394740e-03 -5.3246031964e-02 -5.2281069875e-02 -7.2593984280e-02 -9.7958257251e-02 6.0724367331e-02 -2.2709496365e-02 -3.2973714774e-03 -3.4544756291e-03 -1.5357430030e-03
-5.3080812169e-03 -1.3527754589e-03 -5.2782132994e-03 1.6388659087e-03 -2.2860281023e-02 -4.3287778885e-02 -1.2105686214e-02 2.0130766319e-04 -8.7996022876e-03 -1.8262120314e-02 -9.5312250579e-04 -2.8706303225e-02 -6.6740329014e-02
-2.1704204619e-02 -4.7765633564e-03 2.2344141414e-03 -2.1887997309e-02 3.0047162841e-02 -2.2730207892e-02 3.2177308068e-02 4.3554969707e-03 -2.4029073056e-02 -4.6196379479e-02 1.6836198415e-02 -1.4160922737e-02 1.9270185266e-02
-1.5934666154e-02 -3.8067706304e-03 -1.7300872032e-02 2.6969933194e-02 1.0685269857e-03 1.9820540896e-02 -3.7089021250e-02 2.2637678260e-02 3.7819170939e-02 8.1244794318e-02 1.1482162015e-02 3.9584256050e-02 -7.2038290593e-03
1.0030252812e-02 3.2058075751e-04 -2.7730888038e-02 3.4871512549e-02 3.0234309411e-02 -9.4783020818e-03 -3.8948511340e-02 1.6127447294e-02 4.1011691850e-02 -8.7379171738e-03 3.7774663257e-02 -1.0498626618e-03 4.7780297132e-03
-2.7472187707e-01 2.0104674944e-03 -2.3725766719e-01 1.9811201756e-02 -1.1274788939e-01 4.2135319897e-02 -4.8645252017e-03 1.2069631412e-01 4.2868778518e-02 4.9619169917e-03 -2.0894955873e-03 8.2329244401e-03 2.5785352680e-03
5.9541470815e-02 -5.1894084525e-02 3.3619103887e-02 1.9394483720e-02 1.2876243951e-03 -4.4104903208e-03 -2.1195480557e-02 -3.2963599080e-02 1.5463283926e-02 -2.5603239903e-02 2.9227419768e-02 2.4494132339e-02 -3.5903682818e-03
-6.2437077185e-02 2.4753959121e-02 -3.8648354652e-02 -1.6603132456e-02 -3.1790536058e-02 8.3188053609e-04 -2.9345845240e-03 1.8486767526e-02 8.2730769228e-03 -2.1232063348e-03 -7.0754964077e-03 -4.0492599891e-03 -9.1768308337e-03
1.2683064826e-01 9.6648680015e-02 1.7264966025e-01 5.6768698480e-02 1.2525157840e-01 6.1459094287e-02 5.1149502586e-02 -4.9833133173e-02 -7.1746824590e-02 -1.8907224666e-02 1.4700268921e-02 1.5333348959e-02 1.5818293407e-02
-3.5991228950e-02 1.8181363091e-02 -1.7248608721e-02 2.1917587757e-02 4.2588641986e-03 1.3450268599e-02 -2.4620893558e-02 2.3729332599e-02 3.8800892390e-02 1.4202303945e-02 1.4495515389e-02 1.6495667344e-02 2.8231300365e-03
1.5479623440e-01 5.2879769696e-02 1.6441878955e-01 -2.6297777767e-02 1.2624435321e-01 1.0537360797e-02 4.0611835788e-02 -4.4369840719e-02 -5.9572141434e-02 1.9858467463e-02 5.0194669767e-03 -1.1696761743e-02 -2.1252115172e-02
-4.0185384896e-02 1.2187471474e-02 -2.3445781926e-02 -9.1654984106e-03 2.1794872271e-02 8.5243194263e-03 2.2973768176e-02 1.5863500500e-02 1.2656887357e-02 -1.1423685447e-02 4.8336552201e-02 5.5634340556e-02 5.1034337303e-02
-3.2182637153e-02 4.0858835460e-03 -8.4494544583e-03 -4.1600238744e-03 4.2532128780e-03 -1.2201302331e-02 -2.4397236074e-03 2.2329112313e-02 1.0987250803e-02 -1.3364163920e-02 4.5012346632e-02 3.2120446701e-02 3.2019888841e-03
-2.0362206467e-02 -2.1599063092e-03 9.9720866043e-03 -1.6841121335e-02 -2.6478119377e-02 -2.9917343053e-02 1.2717808092e-02 -1.6860975029e-03 -9.5279207815e-03 1.7603960627e-02 -7.4074686020e-03 5.3938038985e-02 -8.1219497400e-03
-4.9729495861e-02 1.7227154383e-02 -2.3444191003e-02 5.5538805827e-03 -1.9152475040e-02 8.4220121024e-03 -4.9926536303e-04 2.8482770174e-02 2.2800247251e-02 -8.0829253370e-03 6.2891117995e-03 1.1677439274e-02 -1.7489386952e-03
5.6578553892e-02 -1.8061549868e-02 9.1564531035e-03 -1.2377024278e-01 5.6204702048e-02 -4.7126343244e-02 4.1791822961e-02 -1.1173585211e-02 -2.3555764719e-02 3.3910702523e-02 9.5907674361e-03 -2.1298179812e-02 2.6352000066e-02
-2.6299696261e-02 4.1421924381e-02 -1.0444781503e-02 -3.2270915169e-03 3.8810858130e-02 1.1032075147e-02 -9.8589636065e-03 4.0675695253e-02 3.9014487892e-02 5.3084007471e-02 -7.1861468354e-02 -8.8896697955e-02 -5.4372310380e-02
1.0349343421e-02 -2.7262905186e-02 -1.1073574299e-02 6.7535722400e-03 5.1520141081e-03 3.6736957129e-02 -9.9844774878e-03 7.1037642831e-04 1.6048516517e-02 3.0128590832e-02 6.1768379038e-02 1.0620771710e-01 -2.4490869017e-02
1.1952087578e-01 1.1333508187e-01 1.2749562260e-01 -1.2930196001e-02 1.3803220273e-01 2.2390809989e-02 3.4281313944e-02 -2.2778062711e-02 -3.3648116582e-02 -2.8569445794e-03 -1.6220691297e-02 -3.2384829767e-03 -2.6436377376e-02
-2.3791317839e-02 6.1735974169e-03 -3.4141560209e-03 1.5187777304e-02 -1.9418046115e-02 -1.2296224477e-02 -1.1018804174e-02 1.4960848265e-03 -2.9802387209e-03 2.0078490509e-02 -4.4575230629e-02 -3.8871327325e-02 -3.7152359936e-02
-4.5305471288e-02 1.2829235705e-02 -8.8721264321e-03 2.1109295072e-02 -1.8607273100e-02 1.5028403232e-02 -1.2722010799e-02 3.4227761329e-02 2.6410796742e-02 -8.7546473987e-03 -3.6222908522e-04 -3.4251005331e-03 -7.8710648105e-03
3.3794775324e-01 -1.9832972325e-01 2.5829494096e-01 -1.6170119585e-01 1.4172033189e-01 -6.0023020285e-02 1.1893710261e-01 -1.4176593060e-01 -1.2558474537e-01 -3.6971160494e-02 3.4048039709e-02 6.6773636602e-02 1.8757435387e-03
1.1000564050e-02 -9.1638657512e-03 -1.5803943353e-02 3.9756237134e-02 4.1117839316e-02 1.2574062242e-01 -7.1021411931e-03 1.1746122147e-02 3.4809018167e-02 5.2624216745e-02 2.1368564931e-02 2.0646824928e-02 -8.3280686913e-03
-7.0321446923e-03 -4.3727514811e-03 -4.5442806199e-03 1.5730390432e-02 -2.4921842396e-02 -1.0635077266e-02 -2.4907628493e-02 1.8716633648e-03 2.4118138660e-02 -3.1598261655e-02 4.6160834534e-02 1.2960094291e-02 -5.8889795234e-03
-1.0780971064e-02 9.7119305674e-03 1.3614085459e-02 -1.7064088204e-02 -2.0044575131e-02 -4.4655587603e-02 2.1146159327e-02 2.7914825217e-03 -2.6632239876e-02 -9.7030925201e-02 8.2956539183e-03 -3.2463172116e-02 -3.1498812579e-02
1.1434975120e-01 3.7849052759e-02 9.5928366162e-02 3.1838292594e-02 -7.3844790211e-03 -2.3353053385e-02 -3.5439730811e-02 -8.0619142220e-02 -1.1280443208e-02 -7.2262370715e-03 1.1186315490e-02 2.5119122811e-02 -6.5608886916e-03
-1.9909207751e-02 -1.2496525477e-02 -1.2639048504e-02 3.5637463657e-03 -1.6247268000e-02 2.5229810442e-02 -1.8375537947e-02 3.1241223515e-02 4.3282303391e-02 6.9411244221e-02 -2.3615971848e-02 -2.3024362966e-03 -6.7275859928e-03
-5.6143661455e-03 -1.6587012710e-02 -1.2145045374e-02 8.8258198526e-03 -1.6778684126e-02 1.3007026316e-02 -3.1884923997e-02 2.4513904621e-03 4.6005352506e-02 7.7370897675e-03 1.2170980381e-02 -5.6702067906e-04 9.0436156288e-03
-1.5339850151e-02 1.7954016590e-03 1.8131074781e-02 -3.0288622117e-02 -3.8156328035e-02 -1.9554069029e-02 2.3286829892e-02 5.5968983069e-04 -1.8104706563e-02 -5.7970497839e-02 -4.0914716753e-02 -5.6306286969e-02 3.7997941900e-03
-5.1434518798e-04 -9.7565444054e-03 -1.2823460525e-02 9.0238532825e-03 -3.9386990127e-03 -1.6864985727e-02 -2.8681306408e-02 7.5240841920e-03 2.0985319888e-02 3.3375352877e-02 1.6797307442e-02 2.1388083212e-02 -2.7803374450e-02
-1.3225062987e-02 -1.4676038881e-02 -2.4577937990e-02 2.8382846905e-02 -7.7868635337e-03 3.2359834434e-02 -3.6461457392e-02 2.0406513475e-02 5.3903309124e-02 -2.2719651419e-03 1.7806372346e-02 -1.0842481977e-03 1.7562830729e-03
-1.4960364675e-02 1.0763290464e-02 1.5570669926e-02 -2.8234618440e-02 -1.9457289460e-02 -3.2960996389e-02 2.7514303976e-02 -8.7116331245e-03 -3.2329945313e-02 -8.4022370780e-02 1.3558407641e-02 4.9747964300e-02 -6.3143624505e-03
-1.3779345279e-02 3.2549491272e-02 1.5394552211e-02 -3.7811896297e-05 5.0223278546e-02 2.7776136057e-03 3.2620327154e-02 -4.0982441706e-03 -3.3486524998e-02 -4.1495801225e-02 -2.4943567685e-02 -3.6827419977e-02 -4.6943752188e-03
2.8018404929e-02 -2.5921531212e-02 -2.5256553461e-02 1.9143899948e-02 3.9524107899e-02 2.1343018931e-03 -3.0637987156e-02 -8.9852297998e-03 2.2249962282e-02 4.0734694062e-02 -4.0332645827e-03 2.6477573934e-02 8.9289279106e-03
1.1638978720e-02 -1.3729240802e-02 -1.7629662593e-02 3.1578660778e-02 2.5806789500e-02 -3.3456731546e-02 -4.0598844326e-02 4.9063691820e-03 3.2594393533e-02 4.9183908539e-03 3.1920122841e-02 -1.6232433145e-02 -4.9245370854e-02
4.5681525683e-02 -1.6819587966e-02 6.5743187238e-02 -1.1518833998e-02 -2.4630698066e-02 -1.3166575799e-02 1.0501259309e-02 -1.5901547972e-02 -1.6192459833e-02 4.0297375894e-02 -3.5242974679e-02 7.1383070623e-02 4.7922821454e-02
1.4362072772e-02 -1.3025382208e-02 3.4787847528e-02 -3.9412232456e-03 -5.9295158264e-02 -9.9584729592e-04 9.6152378764e-03 -1.2882011261e-02 -6.3789487597e-03 -1.0040590860e-01 -7.8932713999e-03 -7.4091469012e-02 1.7150310368e-02
-9.7196180922e-03 -8.3348945787e-03 1.1659118139e-03 1.8253113605e-03 -2.4790379195e-02 -1.6768317306e-02 -2.6545994526e-02 1.0296752095e-03 1.6406117301e-02 1.3299103273e-02 4.0956576816e-02 4.6845830155e-02 -1.5008706751e-02
1.8604147014e-01 2.2497441726e-02 1.9694534707e-01 -3.1174573368e-02 1.0528724974e-01 1.8870543154e-02 5.7782178990e-02 -4.7975636073e-02 -9.5057555947e-02 2.7869945996e-02 8.8084405550e-02 3.9543106980e-03 -2.1180216888e-03
-9.0905657271e-03 -1.1540888625e-02 -2.8754614752e-03 -2.2428302339e-02 -3.5533739655e-02 9.8245112439e-03 -5.2776668631e-03 8.4122985829e-03 1.6421722990e-02 6.3007166250e-03 -2.8101402243e-03 1.9683275511e-02 2.4402842389e-02
1.4930639305e-02 -1.8370044496e-02 -7.9264360024e-03 1.2728507003e-02 -6.0962711407e-03 -4.2651814338e-02 -2.9638572026e-02 -1.2656697933e-02 1.4076135218e-02 3.0651883822e-02 1.8000220266e-02 2.4912977639e-02 -2.1570808781e-02
-3.4656685811e-02 1.2708333443e-02 -8.0848153196e-03 -3.1096603785e-02 2.5040844478e-02 -2.4150065306e-03 3.1782978576e-02 5.2225839330e-03 -6.6691827270e-03 2.4100572840e-02 -2.3628983515e-02 -6.4431804107e-03 3.7802811661e-02
1.2227436969e-02 -2.0766463550e-02 -1.9262545658e-02 3.1306395621e-02 4.9893412200e-03 -7.6094634994e-03 -4.5430379397e-02 7.1586966844e-03 4.3008793038e-02 3.8127882714e-02 1.6977434434e-02 5.6148197755e-03 -1.6076937594e-02
-4.7717589867e-03 -2.0176725490e-02 -2.8511436163e-03 2.0122453402e-02 -4.0459310222e-02 1.0839639984e-02 -3.1350562491e-02 1.9184056668e-03 3.8370722022e-02 -5.9995228894e-03 2.9699322114e-02 1.3582054436e-03 1.6256514337e-03
-1.5924503423e-03 -7.2786127646e-03 -1.4432706024e-02 -4.4540622580e-03 1.1689613674e-02 -3.1815678465e-02 -1.2605439987e-02 3.6184077951e-03 6.5182571251e-03 2.5079457174e-02 -1.9931569449e-03 -2.2817802171e-02 -3.3985943263e-02
3.2212816419e-02 1.2864950391e-02 3.4802154429e-02 -5.5617064151e-02 -1.4246025887e-02 -4.2270219598e-02 -3.8505658622e-03 -6.0587443883e-03 -3.5125715916e-02 8.9271130651e-02 7.3173737706e-03 -1.5308550794e-01 -1.7984323181e-01
-1.8154393397e-02 1.7475990135e-02 -1.6121832633e-02 6.1499948587e-03 1.9177789033e-02 -2.3985882623e-02 -3.2478471408e-02 2.6623261609e-02 1.1429688519e-02 6.6472542607e-03 3.9696130809e-02 -3.9789138465e-04 -1.3856513401e-02
-6.0497560138e-02 2.4285337584e-02 -3.6405238493e-02 -9.1920371275e-03 -3.2175851232e-02 -7.6409482591e-03 -3.4112135927e-03 2.1547242663e-02 1.1463079833e-02 -1.6868535087e-02 -4.3978204524e-03 -1.1591929126e-02 -1.1730503400e-02
-4.7980788636e-03 1.4879564418e-02 1.5407173754e-02 -2.7453393582e-03 -8.3944598434e-03 -5.6633014104e-02 -5.6993350194e-03 5.5188389202e-03 -1.4388605308e-02 -2.8595829064e-02 1.9519276616e-02 -8.7886163489e-02 -1.1462003385e-01
-3.0347010429e-02 1.1953097685e-03 2.6319544378e-03 -3.7763259328e-02 7.6413621858e-03 -1.8435279152e-02 4.6834011252e-02 4.3018582410e-03 -3.6938064527e-02 -7.2599098003e-02 5.0890734318e-03 3.8050739482e-02 2.9030949899e-02
-8.1750010788e-03 9.2639078066e-03 5.7577081568e-03 -2.3606719230e-02 -6.1290957919e-03 -3.9463977074e-02 1.7509284783e-02 -1.7884204266e-03 -2.1208239735e-02 -3.7453513920e-02 -3.5591312215e-02 -6.5122554746e-02 -1.6660224517e-02
-1.6931936632e-02 -2.5279606525e-03 -1.1396956236e-02 7.1893561971e-03 5.9361191421e-03 -1.6888942460e-02 -1.7696295544e-02 1.3147925695e-02 8.9949413852e-03 2.8300086817e-02 1.4094190997e-02 1.6440212118e-03 -2.0259452149e-02
3.2871799254e-02 4.8372663317e-03 -2.7149450257e-03 -2.9257424258e-02 3.9056242823e-02 -7.5536040760e-02 -2.1777010649e-02 1.3772777922e-02 -1.4606381183e-03 6.0313121252e-02 -9.9159106429e-04 -2.5659309940e-02 -6.2149172015e-02
-1.0449639654e-02 -6.5668265408e-03 -3.5904549934e-03 -1.6291451266e-02 3.3857833259e-02 -2.2136919355e-02 4.3009624388e-03 7.5844250247e-03 -1.2217107411e-04 -3.8723696223e-02 7.9610510422e-03 -7.4552104518e-02 -2.2835432609e-02
-2.1050936147e-02 1.3841831180e-03 5.0525227997e-03 -1.8221865310e-02 3.8683083399e-03 -6.6086090185e-03 2.2035788948e-02 9.3120830092e-04 -3.2391528608e-02 7.5886057006e-02 -7.5113599088e-02 -6.5459356696e-02 4.3419333251e-02
-2.8595192005e-03 -1.0040441711e-02 5.3649840796e-03 -2.3181308829e-02 -9.6291016758e-03 -4.0730153081e-02 2.8030541432e-02 -9.1257929677e-03 -2.0663055583e-02 3.0662780978e-02 -7.2826280548e-02 -8.9098021970e-02 -8.5234031268e-02
-2.1114669520e-02 -3.4262260508e-04 -9.7614034009e-03 1.9519547574e-02 2.7631695744e-03 -3.1497575199e-03 -3.3561781435e-02 2.3633818819e-02 3.1144427951e-02 6.4105443485e-03 -8.1215699222e-03 -1.8107706586e-02 -2.1344009788e-02
-6.2417438432e-02 2.4037004810e-02 -2.7565579389e-02 -6.3217708914e-03 -1.5436612252e-02 -3.6909850498e-03 -1.4912316875e-02 3.0408564482e-02 2.3390055084e-02 -8.3649844770e-03 4.1815861614e-03 2.0354819753e-03 -2.5506180090e-04
-3.8793411710e-02 3.4384630524e-02 -7.4300195279e-03 6.1461914248e-03 -2.7329319092e-02 -2.8798165589e-02 -9.5294146277e-03 1.4777238247e-02 2.5090860520e-03 3.3277212580e-03 4.1227909678e-02 3.3377526746e-02 -4.4064694542e-02
4.0599994633e-03 -8.8124565275e-03 -7.0364934923e-03 1.1992235465e-02 -1.5900057679e-02 -2.8725315563e-02 -2.5597343702e-02 2.6803560138e-03 1.7511624801e-02 9.7055901098e-03 3.7149082748e-02 1.7320448700e-02 -1.6018832996e-02
-1.0804312879e-02 5.4231715426e-02 2.1541765009e-02 3.2852141540e-02 2.3441295676e-02 3.7155850355e-03 1.3903946066e-02 -1.7433712210e-02 -5.2064139995e-02 -6.7222368767e-02 -8.0852788349e-03 4.4733610014e-02 1.0521064369e-04
-1.1267184604e-02 -6.6433680990e-03 -2.4096530578e-03 6.3461375308e-04 1.7675357806e-03 -4.0110113662e-02 -1.4245645325e-02 7.5582348849e-03 7.1929639963e-03 -1.3396061894e-03 4.7683197477e-02 2.6401214723e-02 -8.9138628229e-03
-4.5212962866e-03 2.1312960433e-03 -2.9240799944e-02 2.3187558381e-02 6.3468894435e-02 2.2723345052e-02 -2.5683127490e-02 2.5039873014e-02 4.2901945672e-02 3.6279450338e-02 1.8735219449e-02 6.5175755022e-03 -7.9728566007e-04
-5.4602963481e-03 1.5994620849e-02 -1.9943099701e-02 2.4715700276e-02 2.6656133789e-02 -3.3788368702e-02 -4.4248855482e-02 2.8609194528e-02 3.1612192095e-02 6.4182467973e-03 4.7725222311e-02 2.4761771059e-02 -4.7905982185e-03
5.0593431003e-04 -9.1869366983e-03 5.2862639957e-03 -1.2963775476e-02 -3.9473888763e-02 -1.8330003402e-02 -4.1047533800e-03 -9.1371000798e-03 1.4206912134e-02 -4.0833672146e-02 2.0926164271e-02 1.9938970736e-02 -8.5304914496e-03
-2.7599283311e-04 4.8253408324e-03 4.2925741180e-03 -2.7994047952e-02 -1.4492934385e-02 -4.2894894480e-02 7.9427618219e-03 -1.3365174323e-02 -1.1570019098e-02 6.5939252850e-02 -1.7144405313e-02 2.0217898083e-02 -3.6830732206e-02
6.3066421712e-03 -1.6933626960e-02 -2.7300569747e-02 3.7047021169e-02 3.8612177228e-02 9.6797604863e-03 -2.7953721629e-02 5.9883414346e-03 3.5603827435e-02 -1.8016276961e-02 6.6940222351e-02 1.8352667630e-03 3.0314128391e-03
1.0834437718e-02 -2.1401875734e-02 -1.3895146481e-02 3.3326220904e-02 -7.0208863311e-03 7.4498640591e-03 -4.7013267023e-02 -2.4915477052e-04 5.1058699735e-02 -4.8981834139e-03 1.3714904549e-02 -1.8356698575e-02 5.5076648524e-03
6.5513536429e-02 -1.6437687235e-02 5.6396126204e-02 1.5723077489e-02 2.7395059612e-03 1.4898260135e-03 -9.1922018256e-03 -3.1910219245e-02 -7.3188744443e-03 -2.2453448728e-02 -1.7223342079e-02 1.6450521102e-03 1.7386057879e-02
3.9657006340e-02 -3.3610958678e-02 -3.0622992477e-02 5.8122013464e-03 4.2188679658e-02 -4.0486582504e-02 -2.6829185515e-02 -2.8610286370e-02 1.1576114343e-02 2.5357621550e-02 -1.1252502211e-02 -1.0604874403e-02 -1.8813976622e-02
-2.2613300077e-02 1.3500343700e-02 1.6638822404e-02 -2.7762926194e-02 -1.1064075990e-02 -3.9612707338e-02 2.9552036756e-02 -8.6530609801e-03 -2.6635254074e-02 -3.4306204022e-02 -2.7636437518e-02 -2.2211001844e-02 -6.6790966747e-03
-5.5526260337e-02 2.3028156936e-02 -3.2257906051e-02 -2.7275371930e-02 -2.1432547111e-02 1.0964254243e-02 -3.7845259227e-03 4.3504061913e-02 2.8122456442e-02 2.0516779449e-02 1.3346075461e-03 -3.5069008931e-03 3.4442999859e-03
-6.9282700608e-03 -1.7517495922e-02 -1.4436174689e-02 3.2750536393e-02 6.0503399200e-04 2.4481132183e-02 -2.7986743479e-02 6.1435385047e-03 3.4517630548e-02 1.3549280297e-02 -1.8322016660e-02 -2.9610077326e-02 1.3822305246e-02
1.6605220262e-02 2.7812147319e-02 3.7012902208e-02 -8.5501421385e-03 -4.0693873064e-03 -4.7544384541e-02 1.2438675920e-02 -9.7624628908e-03 -2.8627758265e-02 -6.8559435457e-02 -8.0904988872e-02 -1.0496211250e-01 7.8539492285e-03
1.3175626247e-01 5.5601716827e-02 1.5955059549e-01 -7.7061134619e-03 1.0382041947e-01 3.5422538191e-03 4.0667671543e-02 -2.9227917503e-02 -5.9773578040e-02 -9.9541743632e-03 5.5644161690e-02 8.2730320523e-03 1.6918414623e-03
4.0006441504e-03 -9.8352379037e-04 2.3042338750e-06 1.8660285773e-02 -1.6675180760e-02 3.8714457068e-03 -1.3786303769e-02 5.0071479382e-03 1.4810593687e-02 1.6188312914e-01 -1.2536635683e-02 8.1221822666e-02 -5.6590951119e-03
-2.1491486346e-02 5.5998586901e-03 1.1271466644e-02 -2.5969593271e-02 -1.4767727782e-02 -4.4089692189e-02 3.4672475227e-02 7.5140475696e-04 -3.4454291752e-02 7.6199583714e-03 -1.3684984899e-02 5.6017443489e-02 -1.4392403927e-02
-3.5729815668e-02 6.9057837367e-02 -1.2504512028e-02 4.3978750412e-03 4.7411314017e-03 -4.3709507905e-02 -2.4109997195e-02 2.6405988187e-02 6.2853099588e-03 1.8130226525e-02 6.8800314830e-02 1.7028715327e-02 4.2582438691e-03
-1.8418989892e-01 1.8717694363e-02 -2.2795621569e-01 1.7972654626e-02 -1.2255918049e-01 -5.7086550287e-02 -6.8801065007e-02 1.7672444677e-02 8.1314963162e-02 2.3516919013e-03 -9.4990371536e-03 1.7163249703e-04 2.9435565725e-03
6.1856768457e-02 -1.9138224283e-02 2.4140773515e-02 3.0323702207e-02 2.2607457879e-02 -4.7638776231e-02 -1.3355209545e-02 -4.2492314208e-02 7.8004210144e-03 -2.5919016308e-03 -2.0255829235e-02 2.4056193994e-02 6.9968930445e-03
-1.8693649068e-02 3.7387533993e-02 1.5420653197e-02 1.8038392045e-03 5.4700369198e-02 8.8114106908e-03 4.1885544732e-02 1.3998593313e-02 -3.3026816152e-02 -3.8877289082e-02 -3.5136531585e-02 -6.6967696248e-02 1.5127012630e-02
-2.0302701268e-02 1.2807393572e-02 7.7214111063e-03 -4.2317758616e-02 -3.2444954057e-03 -2.6845141415e-02 4.1185090012e-02 1.4869037306e-03 -3.3816710306e-02 -1.7984221942e-02 -3.2409072333e-02 8.7441585245e-03 3.5442891113e-02
-2.3611442042e-02 1.2204965581e-03 1.0327564474e-02 -4.9764805860e-02 -3.5705111187e-02 -7.2163086833e-03 2.4181349183e-02 2.7967464425e-04 -2.2726530351e-02 -7.9519102999e-02 -3.9414829778e-02 -3.6094541556e-02 2.8976548076e-02
1.6564750321e-01 1.0148159992e-02 1.8585269495e-01 -3.2404522984e-02 1.2275712942e-01 7.5461119603e-03 5.5294572124e-02 -3.8201701187e-02 -7.3073305268e-02 1.7093461133e-02 -1.1539143843e-02 -1.6986866089e-02 -5.6706625685e-03
1.3741194866e-01 -2.4782500525e-02 1.1787750533e-01 -1.0458020821e-01 -8.1731784596e-02 1.7169614894e-02 -5.1738237745e-03 -2.1675254069e-02 -4.2344862845e-02 -4.4109480115e-03 -2.8161451500e-02 5.4902399641e-02 1.7353858038e-02
6.3952663285e-03 -1.4718198390e-02 -5.9052638999e-03 8.2850340819e-03 9.2226229267e-03 -3.0317888216e-02 6.0789094695e-03 -1.8864083340e-02 -1.2163674411e-02 9.0878291207e-02 -9.7688143798e-02 -4.3237930954e-02 -4.8033668805e-02
-1.8510578634e-02 1.0790474751e-03 2.1114098301e-03 -2.1645955990e-02 -3.5907870447e-02 -1.3622487439e-02 1.6021210156e-02 7.0661046804e-03 -1.1378960421e-02 -9.9172629409e-03 -4.2697787068e-02 -5.4787476952e-03 4.7501142283e-03
1.7810441109e-01 -2.2046265074e-02 1.4348252144e-01 -6.9559100150e-02 1.3493550838e-01 -2.7866636189e-02 6.3213119434e-02 -2.7028877069e-02 -5.2431707454e-02 4.0000707583e-02 -8.6582502567e-02 -2.9713253205e-02 -1.3135102484e-02
-5.4836289550e-03 -3.3970878940e-03 -1.2856792236e-02 4.1404032094e-02 -1.4973881774e-02 1.7677925011e-02 -5.6116712223e-02 2.2016940150e-02 4.4860704368e-02 7.6076590478e-02 1.6504833278e-02 3.5061698868e-02 -9.7241197859e-03
5.4090698442e-01 -1.2324958883e-01 5.2568610674e-01 -2.3627687725e-01 4.1805726042e-01 2.4747576207e-02 2.5348489222e-01 -1.1257006296e-01 -2.4147153117e-01 2.9053270811e-03 1.5517541655e-03 2.2136243585e-03 8.9230845079e-03
1.7616744536e-01 9.9269893479e-02 2.3139274241e-01 5.9035139839e-02 1.9648986484e-01 1.0675262925e-01 6.9482534966e-02 -3.5555313730e-02 -9.3879058888e-02 2.3353676206e-02 -6.5673129516e-02 -3.5120322637e-02 -8.6189786249e-05
-6.0234192677e-02 3.9765874296e-02 -4.2282612778e-02 -9.6323343197e-03 -2.5311519704e-02 -6.4099341560e-03 -1.1145411134e-02 2.1235219416e-02 1.7351770067e-02 -6.4636315596e-03 -5.1364080922e-03 -1.7191974852e-03 6.9950640943e-03
-6.3449275211e-03 1.3148557443e-02 8.2106607262e-03 -2.6737680687e-02 6.5089191398e-03 -5.6850177678e-02 2.7152978587e-02 -7.6860580320e-04 -3.7491526192e-02 -9.5849133585e-03 -9.0892609600e-04 -4.1796696763e-02 -7.7584713724e-03
-5.2396618145e-02 4.2983275665e-02 -2.2105524549e-02 -6.4174938577e-03 -3.3979171193e-02 -3.2011512808e-03 -4.9435723984e-04 1.3518184345e-02 7.5335762746e-03 7.5318653183e-03 -1.0832204621e-02 -3.2390069461e-02 -3.7351509400e-02
1.2942357160e-01 9.2465432801e-02 1.5521863024e-01 3.0178769711e-02 1.3057183730e-01 4.2810576117e-02 4.2116626415e-02 -4.2910614660e-02 -5.1878670340e-02 -4.2706748627e-03 -2.1789165592e-02 6.2513178781e-03 5.4071469793e-03
-1.8210845099e-03 -1.0374457184e-03 -4.2358345559e-03 -1.2638492202e-02 -1.0489322351e-02 -4.6487107846e-02 -2.7868574546e-02 -5.7385912831e-03 6.7524671996e-03 -2.4274075792e-02 1.0739007928e-02 -5.9445259725e-02 -1.0603620169e-01
-1.2381047368e-03 -5.2801156339e-03 4.2987971065e-03 1.5244747985e-02 -2.0379429176e-02 2.5941817117e-02 -1.0708851423e-02 7.3415895702e-03 2.4841649475e-02 7.5631606690e-02 4.1298070664e-02 1.3503889405e-01 4.0833816727e-03
8.8826310249e-03 -1.1160724799e-02 1.1239256750e-02 -3.0489152650e-02 3.6997204624e-02 -4.9855524630e-02 1.2302141442e-02 -2.9557039590e-03 -9.1482825111e-04 -2.2399306817e-02 5.0005638934e-03 2.2438666778e-02 -1.9088431442e-02
-5.4132867544e-02 3.0289831067e-02 -2.2445052497e-02 -1.9577504143e-03 -2.2269597494e-02 4.8181996721e-03 -2.1984231133e-02 2.6808307260e-02 1.8577091885e-02 -7.9377893941e-03 -3.2804142677e-03 -1.9380519345e-02 2.9682778063e-05
-3.2709607040e-02 2.2894138394e-02 -5.2080306312e-03 -1.7639622992e-03 -1.0996550488e-02 -3.5161543045e-02 -1.6049270469e-02 1.7902430256e-02 -1.5218046859e-03 1.3505474742e-02 3.6728711542e-02 1.3611982311e-02 -4.8985927501e-02
-2.2315415628e-02 7.7326072443e-03 1.2099617152e-03 -4.1991707040e-02 -1.4845659563e-02 -5.5707021368e-03 3.4268951098e-02 8.8607399079e-03 -2.5617219101e-02 5.9237358207e-02 -3.3693164562e-02 5.8002777757e-02 1.6900613272e-02
-1.8500324391e-02 2.2727935602e-02 1.8109256263e-02 -1.1609811629e-02 1.2316763037e-02 -4.7697326764e-03 1.1345564144e-02 2.0165988486e-02 -1.9481325562e-02 -6.2400196359e-02 -4.6590384483e-02 -1.2107362160e-01 -1.2808868223e-03
1.5165724800e-01 1.2603944564e-02 1.5910934799e-01 -6.0795753351e-02 1.1392114443e-01 -1.2391863143e-02 3.7093728099e-02 -2.2477039787e-02 -6.6585361242e-02 7.7128290190e-02 -3.7774362562e-02 -4.5850621836e-02 -2.8205725065e-02
-5.5296522838e-02 2.6384383165e-02 -2.9849107009e-02 -1.7121104217e-02 -2.5282399233e-02 1.2478402735e-03 -7.2256394478e-03 1.6004043890e-02 1.7757752787e-02 -1.1055347813e-02 1.2347083480e-02 3.8967650951e-03 1.4325904462e-02
-7.2650386960e-02 5.0185717158e-02 -3.7803528987e-02 8.1083837059e-03 -3.6733354440e-02 1.4183390964e-02 -1.1187307352e-02 1.4763265420e-02 2.1063677324e-02 -1.4607232322e-02 1.2660067312e-02 -1.0521365010e-03 -1.8865772423e-03
5.0743146071e-02 -1.8234965283e-02 -3.7492878581e-02 -4.5495777424e-02 5.8328595051e-02 -3.2471624357e-02 -2.5673787622e-02 -2.1600332997e-02 4.6613208509e-03 1.7739663876e-02 -2.0179478370e-02 -1.6337320305e-02 6.0708238515e-03
-3.5788065946e-02 1.7135004290e-02 -7.6574807800e-03 -1.4585215167e-02 -2.2135399555e-02 -7.2877211609e-03 -3.4728670244e-03 1.4358691104e-02 -8.0039463823e-03 1.1610931154e-02 7.0659835593e-03 1.9225809708e-02 -1.6299003384e-02
1.4219843855e-02 -1.4165597129e-02 -8.3308582156e-03 -6.8288626805e-03 -1.9508602917e-02 -2.2212081805e-02 -3.9514581140e-02 1.4885175300e-03 2.0182353216e-02 3.7439711039e-02 2.6712612928e-02 1.8538983678e-02 -1.7336832355e-02
3.6116353962e-02 -3.1396535094e-02 -3.4673500817e-02 1.4678089714e-03 4.6884023020e-02 -1.4396812337e-02 -1.3249991762e-02 -1.8742089751e-02 2.9789917173e-02 -5.9511993681e-02 -1.5618520488e-02 -6.0552483895e-02 -6.3078896552e-03
-2.0151894549e-02 -7.0395204033e-03 7.1335772023e-03 -2.2487071403e-02 -4.1482502703e-02 -2.2686531388e-02 1.7928481514e-02 3.2304187142e-03 -5.6957898559e-03 -4.6930980743e-03 -3.6685757007e-02 -5.3950619435e-03 9.9782829365e-03
-1.9263885670e-02 -4.9293654162e-03 -2.7155567216e-02 2.9204643822e-02 -7.4322585088e-03 5.1746501030e-02 -1.7801308599e-02 1.1454846429e-02 3.8090087496e-02 -4.2906851711e-02 3.6417065584e-02 1.3141003981e-02 1.5336190007e-02
-3.3888041280e-02 1.3709733462e-03 -2.2932401188e-02 3.2501581546e-03 2.5342186767e-03 2.1328203304e-02 -1.7726972840e-02 2.9567028931e-02 2.4947175332e-02 2.9275074324e-02 8.9304690816e-03 1.5365890189e-02 1.3290681101e-02
-3.5212430353e-04 -2.4938183075e-02 -1.8221440616e-02 -6.2196687933e-02 -6.5585045202e-02 7.7030713105e-02 -1.1415427381e-02 -1.2758758122e-02 2.7857561424e-02 -1.5368202358e-02 -1.0912931606e-02 -2.0613207593e-02 4.9223197138e-02
-1.9929088974e-01 3.3391398644e-01 3.1158936226e-01 2.5148454203e-01 5.7335543571e-01 5.3480457212e-01 3.7373201515e-01 2.4533855392e-01 -3.2505183515e-01 -1.1631611742e-02 -2.6313053135e-02 2.3201645784e-02 1.0945772588e-02
2.2767811475e-03 -1.1064386176e-02 4.3781350957e-03 -8.5633646198e-03 -2.6593892947e-02 -2.1093105836e-02 9.0414193717e-03 -8.8781928329e-03 4.8146342442e-04 -2.9880932375e-02 -1.2727884884e-02 -9.0951406771e-03 -3.4771245833e-03
1.4373954628e-02 -1.8101921039e-02 -1.5400253058e-02 3.9133897774e-02 3.0522100668e-02 1.4633538342e-02 -3.5208860800e-02 -6.9881496108e-03 2.8497464904e-02 1.6964911834e-02 6.8962977775e-02 4.5502655866e-02 1.3928813033e-02
-1.1648984095e-02 3.4201881700e-02 -1.0924008625e-02 1.3932168788e-01 6.7763053683e-02 2.0242934216e-01 2.4694219028e-02 -3.3481349964e-02 -5.3458743509e-02 4.8328461250e-03 2.1168567732e-02 1.4678253820e-02 4.0323678085e-02
-5.0028270087e-02 3.2434947853e-02 -2.1787440323e-02 -2.1528871477e-02 -6.8743674256e-03 2.8644827079e-02 -1.2708296659e-02 3.9140474994e-02 3.2282624724e-02 2.8724488117e-02 -1.6477467956e-02 -2.2942048761e-03 -5.3173046527e-03
7.6064888070e-02 6.2426435877e-02 1.7968186406e-03 1.0893613277e-01 -2.9647163293e-02 -1.0268654354e-01 -8.0297944720e-02 -1.1680548910e-01 2.1717915171e-02 3.2453196576e-02 1.9795049378e-04 5.1987000960e-02 7.3858104510e-03
-4.4361118901e-03 -1.2453842541e-02 -1.8527383481e-03 -5.3972589189e-02 -5.1383212510e-02 7.1807372011e-03 2.3913374714e-02 -6.0202698191e-03 -3.5872413970e-04 1.3227130904e-02 -5.8685166721e-02 2.2476267092e-02 7.4829527174e-02
1.4976347186e-02 -1.5031066288e-02 -2.0336575364e-02 5.3174086758e-02 -6.7903301430e-03 6.9217317527e-03 -5.8569897382e-02 -5.2949606878e-03 3.7125165782e-02 -2.6398713929e-02 4.3604922444e-02 -7.1514658494e-03 1.1655374851e-02
4.3770346188e-02 -3.5830034198e-04 2.3449274214e-02 9.6418094542e-03 3.4480487448e-02 -8.4405933786e-03 -4.4032351677e-03 -3.2504832098e-02 -4.8138142999e-03 -5.3130334233e-03 -1.2295178752e-02 2.3760960648e-02 4.9886303595e-03
1.2065918705e-02 -1.9387864716e-02 -1.9003540777e-02 3.7780662002e-02 5.2458167657e-02 3.6186085220e-02 -3.6633912650e-02 1.6539044300e-03 3.2715183423e-02 -6.4063228023e-03 -1.1346393411e-02 -3.0050354925e-02 -5.8505689686e-03
4.4529558358e-03 -1.5385866886e-02 -3.1057215510e-02 2.3835549235e-02 2.3880199420e-02 3.7341856262e-02 -4.3999486151e-02 4.3884711753e-03 5.0431296057e-02 2.3061291916e-02 3.8710722005e-02 2.6028555712e-02 -7.6078271823e-03
-6.8387954292e-02 2.4200988687e-02 -4.2661468503e-02 -1.4234734999e-02 -3.2706280618e-02 2.0749760378e-02 -3.3396408780e-03 2.8458346939e-02 1.9877396612e-02 -1.4950167259e-02 -1.5241579731e-02 -1.6864832936e-03 2.2069740827e-02
1.8010052580e-01 1.4443621178e-01 2.6848558460e-01 1.2647228072e-01 2.3069420473e-01 1.4684176786e-01 9.2667514465e-02 -2.0316223129e-03 -9.9222650939e-02 -5.0295258322e-02 -6.6190321265e-03 1.2699147321e-02 3.3924788361e-02
-3.3894920421e-02 1.0930624091e-02 -2.8066219257e-02 -1.1772774081e-02 -1.3464825168e-02 1.9732725860e-02 1.9629200588e-03 2.7565342211e-02 2.0298719395e-02 -9.9576248475e-03 4.4066658166e-02 3.7045103291e-02 3.1497231631e-02
3.2585327631e-02 7.0163008437e-03 4.2090959605e-02 -4.1070180024e-02 -4.8339424598e-02 -3.3981855502e-02 2.3657454259e-02 -1.8105551515e-02 -4.5318028895e-02 -1.0769496474e-01 -5.5368467154e-02 7.4068718365e-02 1.3181650704e-02
-3.2081786923e-02 2.2913815827e-02 -1.2554203067e-02 4.2577798059e-04 -9.8460217526e-03 -8.8005601166e-03 -8.5359506861e-04 2.3262344253e-02 1.1351970236e-02 5.1754544484e-03 2.7321454515e-02 3.0143373199e-02 -1.1246645197e-02
6.7846986252e-02 -1.8220881377e-02 7.5771042036e-02 -4.2250916901e-02 -2.8653404117e-02 -1.0594577086e-02 8.3424286382e-03 -2.6814717639e-02 -2.9280929919e-02 8.4698119499e-03 -2.8700849771e-02 2.5153477484e-02 3.6320325255e-02
-1.0031991971e-02 3.5127721505e-03 -6.1507690223e-03 -1.7044380383e-02 -7.8771383499e-04 -3.3949153397e-02 1.4230031451e-03 3.5617385356e-03 -3.4901906334e-03 -1.6104189987e-02 1.4258620998e-02 -3.3230074162e-02 -2.6350176079e-02
-1.9333000015e-02 9.6642413957e-03 -4.5467252470e-03 -1.9189959818e-02 -7.7111322957e-03 -1.7654980913e-02 2.6598187760e-02 -8.4222895004e-04 -1.3976152301e-02 -1.0163188078e-02 -3.6009692229e-02 -6.4772143039e-02 -2.1679312144e-02
-8.8500406104e-03 -1.3315533668e-02 2.3506441884e-03 -1.1335436014e-02 -2.8003418366e-02 -2.6003139208e-02 7.7702870546e-03 -2.4829391781e-03 -1.0651001231e-02 9.7268577133e-03 -1.1598028972e-02 -2.1563805674e-02 -3.6053541913e-02
1.3341399156e-02 -2.4023012839e-02 -9.5922933272e-03 3.3695433198e-02 -1.8436754863e-02 -2.7857047258e-02 -3.5300804360e-02 4.4341741705e-03 3.1187214575e-02 -1.6012417924e-03 3.1256786143e-02 1.3264702372e-02 -1.1620396191e-02
-3.2101198433e-02 8.2183273265e-03 -1.3455157175e-03 -1.3513228441e-02 -1.9546921063e-02 -8.1794188746e-03 3.4572071903e-03 1.0569832075e-02 4.1579641364e-03 1.5675607582e-02 2.7542922604e-02 7.2583188677e-02 3.3224016537e-04
-4.9160996664e-02 2.8336111100e-02 -1.6405504957e-02 5.7775137935e-03 5.7694456957e-03 2.8057448272e-03 3.6404957555e-03 2.8881881443e-02 9.2156577051e-03 5.4489539824e-02 -1.4855002004e-02 1.4181897481e-02 4.7135456298e-03
6.9459222581e-02 -1.8188537616e-02 6.7757557841e-02 -2.4492298327e-02 -3.5379111896e-02 -2.5393641634e-02 -2.7288245838e-03 -3.2613106643e-02 -1.4204346571e-02 2.3557648738e-02 -3.5776915601e-02 2.3291349515e-02 1.5340987119e-02
-1.0592933989e-01 8.7757236842e-02 -1.9327247653e-01 7.0654288991e-02 -9.2783996474e-02 1.1939935133e-02 -7.4425190783e-02 -6.4905890357e-02 4.1144365005e-02 -2.6295164268e-02 7.7006146021e-03 -1.6051517340e-02 -3.9465562955e-03
4.5575163036e-02 -1.5317987876e-02 3.7090732734e-02 3.2713679389e-02 4.1473515647e-02 1.1298828181e-02 -8.6859336106e-03 -3.4363447077e-02 -1.6504398897e-03 -1.4918444214e-02 -5.8933375611e-03 -9.5240157217e-04 2.1703624548e-02
-4.2169508619e-02 3.6973795892e-03 -1.3327829840e-01 4.5790799100e-02 3.4314535684e-02 5.5763947951e-02 1.0041720466e-02 -3.0571799018e-02 1.7787546466e-02 5.0446900980e-03 -4.7912493178e-02 2.0067539894e-02 1.4192018583e-02
-2.1241286344e-03 -3.2562702270e-03 -5.2997090078e-03 2.2210126828e-02 -2.2458274113e-02 -3.0849325509e-02 -3.8291119957e-02 7.2927978351e-03 3.4267371518e-02 6.7437769606e-03 4.5995452708e-02 8.3671996863e-03 -1.6930316302e-02
-2.6763288945e-03 -2.7831951711e-02 -5.4289200372e-03 -2.5826971555e-03 2.9625188888e-02 -2.3483896710e-02 1.1989991568e-02 -1.1665238939e-03 -1.9952936144e-02 1.2514455113e-01 -2.9701669290e-02 9.6058426111e-02 2.9670547037e-03
-2.7301711451e-04 -1.6753215675e-02 -2.1248716031e-02 2.0323154097e-02 -1.2221286428e-02 3.9293553543e-02 -2.9628521837e-02 7.2919503687e-03 3.9077537112e-02 1.7588472985e-02 5.2256166155e-02 5.3009884719e-02 1.4962007330e-03
6.2856458437e-03 2.6696287554e-02 1.0510048155e-02 -2.1646701291e-02 -1.5002655802e-03 -9.8505022262e-02 -1.1997023353e-02 -1.0570350607e-02 -3.1780054032e-02 4.2006316713e-02 9.9435411140e-03 -2.6799097285e-02 -1.0116375888e-01
1.1131191078e-01 -8.6006042696e-03 9.9598274166e-02 -1.0405240709e-01 -7.4656670072e-02 1.4558665012e-01 -8.0632495639e-03 3.4017198026e-03 1.9293316820e-02 3.6989211205e-02 -1.2680180542e-02 -5.3294186882e-03 5.1230669783e-02
-4.1022340741e-02 3.2963863074e-02 -2.1509895644e-02 1.4348297227e-02 1.1649129139e-02 -1.2073144408e-02 -3.4165971587e-02 3.5232127595e-02 3.1507660159e-02 1.5776597478e-02 -8.9956165013e-03 -2.9939885165e-02 -4.2499471487e-02
2.4874290321e-01 -9.4093134416e-03 2.8271663492e-01 9.1747893489e-03 1.9994175164e-01 6.8158129436e-02 9.7830259848e-02 -4.7230817545e-02 -1.0080408968e-01 -8.4612317954e-03 -3.8702372270e-03 -1.6032121010e-02 -1.9638853260e-02
-2.6725879543e-02 -9.2643948254e-03 -8.6269558782e-03 8.5857976975e-03 1.6988738713e-02 -9.3249667918e-03 -2.3334492380e-02 1.4285662734e-02 2.4541367755e-02 2.0647200864e-02 2.9512570452e-02 4.7534672728e-03 -6.8904281726e-03
5.6661192742e-02 -3.8948604362e-02 3.3147933664e-02 -4.3893337493e-02 -5.9811233090e-02 9.3719107363e-02 -7.9780208546e-03 -3.1370820276e-02 3.2469205679e-04 -3.7955254847e-02 5.9142805418e-02 8.7573125987e-02 -3.8245986304e-02
4.6650778815e-02 8.2253565630e-02 9.0955515959e-02 1.3338705987e-02 3.9503460456e-02 -1.8875238999e-02 -2.4553214755e-02 -1.3004201090e-03 -2.6434673107e-02 3.3342382098e-04 1.0790739544e-01 -1.8558353822e-03 2.2286915271e-03
-2.9102529597e-02 5.5677776963e-02 2.5483392165e-02 -1.7571360350e-02 2.4760736264e-02 -3.5894820613e-03 4.4976462611e-02 1.6668830011e-02 -4.6551886549e-02 -3.6156419774e-02 -5.0991426910e-02 -4.7442623740e-02 1.3154510675e-02
-1.5788237915e-02 2.2837701312e-03 -1.8187148815e-02 -3.2087953015e-03 2.4430989957e-03 1.3541995229e-02 -2.0498107446e-02 1.5806697420e-02 2.7179154642e-02 7.0751359715e-02 -2.0725618025e-03 2.7109795965e-02 -3.5186615532e-03
3.1390993287e-02 -1.4296446135e-02 -6.1485179774e-03 -9.7584229368e-02 2.5570186029e-02 -6.5929403596e-02 2.8579872838e-02 -8.9164783738e-03 -2.6604444419e-02 6.8097389343e-02 1.2313765722e-03 -5.7657266402e-03 -3.9652354121e-02
-2.0876302014e-02 8.1579700950e-03 1.1403369926e-02 -3.6996911985e-02 1.3226284910e-03 -2.2061949819e-02 3.3541812175e-02 3.4445603953e-03 -2.7949217815e-02 -1.6157083264e-02 -4.5726159599e-02 -2.3902942572e-02 1.6924050220e-02
-4.8122007454e-03 -4.1493724597e-03 -7.4820328641e-03 -5.1268348817e-04 -4.1051884415e-03 -1.5630215991e-02 -1.6270326611e-02 2.4853130343e-04 1.3126784300e-02 -2.3958741222e-02 -1.4264073790e-02 -4.3511301249e-02 -1.9777501806e-02
-6.9443193759e-02 2.9144060755e-02 -3.2486598725e-02 -6.0091840918e-05 -2.1395092326e-02 8.2322189799e-03 8.4326807086e-04 2.6545198690e-02 1.7700114666e-02 -1.3652528059e-02 -5.4496655609e-03 -1.1715576705e-02 2.2423573856e-03
-1.5991719803e-02 -5.8631886281e-03 -1.1803834089e-02 2.0859537356e-02 1.3931669763e-02 -3.9370204234e-03 -2.0188875622e-02 2.3068096706e-02 2.9657980289e-02 2.8670508774e-02 6.3722935445e-02 6.6591429439e-02 9.4514503474e-03
-3.7943932143e-02 1.7152784333e-02 -4.3182593310e-03 -6.6923708753e-03 -1.5939033819e-02 -2.9509238196e-03 6.7011192521e-03 7.3721124891e-03 3.9130087118e-04 -3.5688727128e-02 -3.0631356940e-03 3.9545121985e-03 -1.3229564750e-02
2.9980840155e-02 3.1268025702e-02 1.8751664670e-02 -3.4242199675e-02 -8.0356421994e-03 -8.6390420392e-02 -3.6984182828e-02 3.0956010508e-03 -1.9225754630e-02 -2.3790822773e-02 1.6830157550e-01 1.8496720039e-03 1.0594564987e-02
5.5514466758e-02 -2.8646538132e-02 -1.3649720198e-02 1.0275695609e-01 1.2968398609e-02 9.9146513560e-02 -6.0797387824e-02 -2.7044822581e-02 5.9622549001e-02 -7.9747300109e-02 4.9057314202e-02 -2.3255924627e-02 2.2881484038e-02
-2.3605819860e-02 1.0908286083e-03 7.1508573546e-03 1.3317066687e-02 7.4565554166e-03 -2.8514308297e-02 1.0970247744e-02 -3.1858492268e-03 -1.4041119016e-02 4.3039625532e-02 -2.6343703619e-02 -2.3600369698e-02 -4.5304153402e-02
