4.8958275836e-01
-3.9360781446e-01
8.0251319863e-01
2.2142286154e+00
-1.1782291187e-01
-1.0513700497e-01
1.4169031419e-02
-5.4053113517e-01
1.4526670907e-01
-1.5310543411e-01
-5.1437640337e-01
1.4115117316e+00
-6.0796548967e-01
7.6391834546e-01
-1.6530936523e-01
1.1378982945e+00
7.7823387020e-01
-2.8675860460e+00
8.2106110331e-01
-1.0729983343e+00
2.9668335147e-01
3.7842152186e-01
-3.9347153923e-01
1.2978324466e-01
-7.7596936951e-01
-1.2275255479e-01
-6.4443299311e-01
4.4265455692e-02
1.1577708099e+00
-1.6755723595e+00
-6.7782430296e-01
-1.4102212443e+00
-3.9903063113e-02
1.2474010676e-01
2.4704188328e+00
-1.8007914999e-01
6.2134781483e-01
3.7053875790e-01
3.5327704490e-01
-6.4605269711e-02
-2.4572314538e-01
9.3908485741e-02
-1.5211001954e+00
-1.8462077855e+00
1.2510116307e+00
3.2518173106e-01
-7.4928777454e-01
-4.9563380166e-01
6.5146435261e-01
9.9297300572e-01
-1.2875433467e-01
3.7340414188e-01
6.3765753688e-02
-1.0670768361e+00
-1.2943482481e-01
3.1010644358e-01
-7.0325083863e-01
-8.4200570944e-01
5.4257132006e-01
-2.9478186351e+00
5.9016752987e-01
-4.5279736389e-01
1.5580304009e+00
1.6802723512e-01
7.3657025139e-01
8.3470894991e-01
-5.4462290942e-01
1.7960657704e+00
5.7699218674e-01
3.1498546881e-01
-1.3930421962e+00
-4.2064554629e-01
1.7794809168e+00
2.5249523286e-01
3.8380324543e-01
1.1787454586e-01
-5.6664061708e-02
2.4875279913e-01
7.9384015979e-01
-6.4249677119e-01
3.0673595106e-01
1.8015866588e-01
1.7229057627e+00
-4.7194573353e-01
-2.3577291634e-01
5.5430884933e-01
-5.9532179178e-01
3.2241545037e-01
-5.3190278387e-01
-2.0590909350e-01
-3.7003423500e-01
8.9975148308e-01
1.4313872553e+00
4.5078099134e-01
-1.0318765370e+00
-9.3822444338e-01
1.5071108018e-01
1.0679617966e+00
-8.0132458679e-01
-1.6692333466e+00
-8.7312342278e-01
4.4603281327e-01
2.4104817337e-01
-6.7206363412e-01
-9.7800729290e-01
-9.3180159881e-01
1.3805098135e+00
6.9600343533e-01
9.5143073358e-01
-1.0865035481e+00
-1.5528511369e-01
-5.8887194039e-01
-1.6671598252e+00
2.6386989281e-01
-9.2947274492e-01
-2.0697571311e-01
1.2425499129e+00
8.0919449099e-01
1.0780453265e+00
1.1622642486e+00
7.9644606584e-02
2.2962085331e-01
-7.0778161645e-01
-1.2334927754e+00
3.7036995675e-01
-1.0838429632e+00
1.8770451430e-01
1.2187487054e+00
-4.3917735415e-01
-7.5137913500e-01
-6.1704628476e-01
-3.4931086120e-01
1.1239804425e+00
1.2136376642e+00
3.2640787186e-02
1.2217379220e+00
1.8330289975e-01
-2.0959903058e+00
-2.7215744559e-01
-8.7400178438e-01
-1.0097995762e+00
-1.1516254024e+00
2.8011300156e-01
-9.8658441206e-01
7.0668595093e-01
-8.0610617962e-01
4.3118927905e-01
-8.6486211752e-01
-1.9384560774e+00
-1.0309432884e-01
-6.3665924509e-01
3.3250971895e-01
4.8654208830e-01
-4.6209465697e-01
-8.7126430096e-01
3.3621355981e-01
-1.3903966430e-01
-3.1116254709e-02
-1.2547675898e+00
3.6222642946e-02
-1.2752244622e+00
-8.8544069263e-01
1.2107139085e+00
-2.9184514494e-01
-2.2511626215e-01
-9.7294653601e-01
1.7898012819e+00
-9.7858753027e-01
1.6713652035e+00
-7.6518896982e-02
-7.1854328998e-01
-3.1102270798e-01
6.1944054519e-01
5.1253520829e-01
5.2171370321e-01
1.0280951720e+00
4.1906465054e-01
-4.9247330356e-01
-2.9225350010e-01
-8.3335582232e-01
-1.0482539070e+00
2.9684401901e+00
