-5.9223435968e-01
-4.3177874956e-01
1.5451255624e+00
6.1222034065e-01
1.0790736544e+00
1.7983742712e-01
1.1959477532e+00
-2.7181420614e-01
6.8125856336e-01
-1.6455847067e+00
4.7153519651e-01
1.2921240355e+00
1.6591310496e+00
5.0833220797e-01
-3.8272523944e-01
1.0939834419e+00
-1.1029036338e+00
-8.6400838100e-01
-9.0063732980e-02
-7.8962617802e-01
1.3466646002e-01
-5.5699956941e-01
7.6138877521e-01
6.5516081750e-01
-1.1830220341e+00
6.1635932174e-01
-7.0567868430e-01
-5.4264791341e-01
-1.9468002655e+00
1.0993853672e+00
1.4087099558e+00
1.3173474559e+00
1.7460027911e-01
-1.8411290407e+00
7.6277047446e-01
1.8015764556e+00
-2.9438237361e-01
-1.5296324540e-02
-1.4113537331e+00
4.6832894674e-02
-3.5840979791e-02
-4.1013512684e-01
5.0864419447e-01
1.4073769563e-01
1.5346883339e+00
7.4326447521e-01
-4.5600908340e-01
8.8186634794e-01
-1.9542960644e+00
1.0446983905e+00
1.4096613482e+00
1.4650275132e+00
-8.7431396606e-01
5.2691400347e-01
-6.2335855938e-01
1.5533088859e+00
-1.7243347096e+00
2.5287404100e-01
1.6507843809e+00
2.1166808756e-01
-1.4639564147e+00
2.7451042071e-01
6.9897275934e-01
1.0949582684e+00
-1.1171415913e-01
-7.4508990062e-01
-3.6853474521e-01
1.5132590189e+00
5.5095275940e-01
-9.0625002597e-01
-1.0700857078e+00
2.6686831340e-01
5.8755270885e-01
8.4270815685e-02
2.5690196758e-01
6.6000152742e-01
-1.2927446689e+00
1.2975289422e+00
-1.4736922040e+00
-1.2559038123e-01
-9.3239762709e-01
3.1025122290e-01
1.0034419733e+00
6.2180137225e-01
4.4149242544e-01
9.8865357756e-02
-5.6947631811e-01
-2.5960244767e+00
1.7954084054e-02
-1.2268099681e+00
-8.4183140439e-01
-2.4947137709e-01
-4.1156265346e-01
-7.7222980759e-01
-9.6900957310e-01
2.6681302506e-02
3.5735539917e-01
8.3368306014e-01
-8.0903580096e-01
1.1753116331e+00
-1.1972879517e+00
4.4329134386e-01
-6.7055712989e-01
4.9899980513e-01
4.7864857175e-01
-1.9103255257e-01
-1.7175840427e+00
1.0696821277e+00
-1.1157590905e+00
8.2185597574e-01
-1.3565347733e-01
-6.7652803704e-01
8.2033250537e-01
-1.7809720233e+00
1.3643781811e+00
-1.6198556589e+00
-1.6997534191e+00
-1.2929603514e+00
2.2349158899e+00
9.9534264336e-02
9.3541345944e-02
5.4771867621e-01
-2.3227489001e-01
1.9002271200e+00
-5.7438162869e-01
1.4133639956e+00
4.2524295354e-01
-2.8726862485e-01
1.2535599315e+00
-6.9948337716e-01
1.0948030971e-01
6.6007627573e-01
4.8459759017e-01
4.3186351748e-01
-7.1835218588e-01
-6.3178067392e-01
4.0069768857e-02
5.2650403592e-01
2.8935663207e-01
1.3977512890e+00
-8.9290413173e-01
-6.8252748239e-01
8.3256456218e-01
5.9234353145e-01
1.2879497887e+00
1.4703743187e+00
1.3941087225e+00
-7.2041024163e-01
-1.0658617276e+00
3.5422250425e-01
-1.3897032736e-01
1.3561052256e-01
-2.5714742698e-01
1.6649219955e-01
-1.0196560557e+00
1.6248773289e-01
-1.0031203471e+00
1.3473634241e+00
-2.2002318641e+00
1.2410292063e+00
1.1372357123e+00
-2.6131432977e+00
2.5035740808e-01
-1.1809887946e+00
-8.8254054672e-02
3.9105231499e-01
4.5473944452e-01
2.8074182047e-01
8.0058298731e-01
4.3056359593e-01
4.2869325499e-01
1.0015707664e+00
8.9739921242e-02
-9.2749851169e-01
8.8868651455e-01
-1.1335532028e-01
-1.2733494731e+00
-1.3587765394e+00
-1.5328313104e+00
