4.8844389867e-04 2.6193407783e-02 1.1803844911e-01 4.9865087804e-03 -5.2472281028e-02
1.7808123480e-03 -6.2361850908e-03 2.1711017622e-02 3.1825242785e-02 6.9667970637e-02
-5.1921919753e-02 -1.2888530288e-02 2.1710301668e-02 5.4991437467e-02 -9.4093938041e-03
-1.3706739950e-02 7.8012866244e-02 -6.0551291490e-02 -1.2370663475e-01 -5.5845132383e-02
-2.5404284083e-02 -3.8054342828e-02 7.2881361777e-02 1.0306275224e-01 -1.6062070016e-03
-4.4693637552e-02 3.4097963402e-03 1.6921598478e-02 2.7556158900e-02 -4.8235048563e-02
-5.6651781516e-02 5.5700762846e-02 7.2971094208e-02 -5.6094374631e-02 -1.0554247843e-01
5.1923600565e-02 -3.1593893513e-03 -7.9202052039e-02 -3.2732544799e-02 -1.1169877623e-01
6.3017642470e-02 8.3783870990e-02 -1.2010657203e-01 -1.0747968389e-01 -1.5453210642e-01
2.6114900290e-02 -2.2582299522e-02 1.7169472477e-02 -4.5276884584e-02 3.0183265617e-02
4.9919746281e-02 1.7186502000e-02 -3.2777067800e-02 -4.3059473200e-02 -3.8918956116e-02
-3.8844763650e-02 -3.1575751923e-02 -7.1547729561e-02 -8.4563807777e-02 -1.2294550828e-01
-2.5842684184e-02 3.3129682401e-03 4.9421048553e-02 5.7494876766e-02 4.7223533644e-02
-2.8565145004e-02 8.6512748938e-03 8.9617889908e-03 7.0485304555e-02 7.0865019594e-03
-1.8085080584e-02 4.7064588253e-03 2.9933549936e-02 -1.2656872741e-01 4.9351525949e-02
-1.9712434667e-02 -5.0970702291e-02 6.3953726008e-02 5.1198075246e-02 -3.6703526066e-02
-5.1979166408e-03 3.4044415521e-02 -6.9642544724e-02 3.8582455035e-02 -8.8504158246e-02
2.0520397576e-02 -5.6994119206e-02 -7.2224343128e-03 5.1778856860e-02 1.4004135196e-01
-5.3527071157e-03 7.3259201530e-02 6.8521239428e-02 -9.8295601560e-02 2.5595390943e-02
-3.4184220647e-02 -2.0476540804e-02 8.5644666450e-02 2.7520132286e-02 -2.6665418828e-02
1.5652427327e-02 -8.6119830428e-02 -9.0924335075e-02 5.0132730539e-02 -9.4704579883e-02
1.2786359533e-02 1.9982695149e-01 1.0209786970e-02 -9.8399678175e-02 3.9070157634e-02
-2.6070008475e-02 -2.1031788788e-02 1.1899938485e-01 7.8131824568e-03 8.5041322250e-02
-3.9928318557e-02 -5.0049773075e-02 6.7215177787e-02 6.0342239587e-02 6.8580990448e-02
-9.0950236958e-03 -3.2301189708e-02 -4.7640544716e-02 3.5659425708e-02 -1.1096780525e-02
8.4986013356e-02 8.8104837969e-04 -1.9862253352e-02 1.8114026211e-02 -1.2212108402e-01
-4.7897341434e-02 1.6788285036e-02 5.7102541983e-02 1.0073511773e-01 6.9217955151e-02
9.8525886761e-04 1.0199338595e-02 2.5570346628e-02 4.1166662396e-02 5.5250947189e-02
-5.3903022527e-02 9.3933761303e-03 -5.5270473624e-02 -3.6596776133e-02 -6.0467310893e-02
1.5271955342e-02 6.3881434378e-02 1.1004692996e-03 -4.8413331934e-02 -1.3405544862e-01
1.1376541112e-01 -3.6603910463e-02 -1.1891657296e-02 -4.9827572728e-03 4.7255831314e-02
-1.6211116267e-02 2.2065326546e-02 -4.8338794243e-02 -6.4692267757e-03 7.9425029430e-02
3.2521485567e-02 -6.6527152633e-02 2.8497839309e-02 9.0267173495e-02 1.7818068386e-01
1.3452865913e-02 1.6216851027e-02 -2.3185519080e-03 -3.9643726478e-03 9.6474425616e-02
7.3176582376e-02 -8.0260082686e-03 8.7015209693e-02 -5.4636321818e-02 -5.5902530519e-04
-1.4913141569e-02 4.1726557500e-02 4.7602081774e-02 -1.0643958332e-02 -4.6342440848e-03
3.5246711824e-02 4.4426658155e-03 1.1700555403e-01 -2.1821674350e-04 -2.0137286844e-02
-2.2406818603e-02 -4.8901183886e-02 -4.5958242014e-03 -3.0587670632e-02 1.5282088771e-02
7.6275944664e-03 8.0293366162e-03 6.4885727393e-02 7.6548436341e-02 -9.0778051847e-03
-1.4627532237e-02 -4.7586626947e-03 1.0091209559e-01 7.4894408136e-02 -8.2461983099e-02
5.5551401213e-02 -9.2655333135e-03 1.0667549161e-01 6.0789428246e-02 9.1448944554e-02
-5.7496432793e-02 1.6080152053e-02 9.7364655257e-02 1.8560776592e-02 1.8707139110e-02
-3.5555359404e-02 -2.1790917363e-02 3.6889470445e-02 -2.7161316970e-02 1.2879368431e-01
-4.8635240556e-02 -7.7266720237e-02 -4.6089921748e-02 1.4544740382e-02 -1.0245299962e-01
-3.9490082171e-02 8.4831085237e-02 -7.3009191014e-02 7.5680293082e-02 -9.1737570303e-02
-7.3837905324e-03 -2.8584400283e-02 -3.4660999118e-02 1.2782335193e-02 -8.5044460376e-02
5.3267767257e-02 -1.0349777830e-02 1.9192238291e-02 9.4391295551e-03 1.2696824983e-01
-7.6921366199e-02 1.0258820666e-02 -5.3831566238e-02 1.0334834484e-02 4.5621711699e-02
-5.5387880852e-02 9.8179204935e-03 6.7508511303e-02 -2.6545550022e-02 4.8873052059e-02
1.2882479551e-03 6.2027066531e-02 -6.2729855027e-02 -3.6255520031e-02 -1.3280303507e-01
6.0070265543e-02 -4.8243257681e-02 6.3907511537e-02 -4.2591355496e-02 2.3533207541e-02
7.6832092183e-02 -1.8048504770e-02 4.0609886968e-02 6.2480571511e-03 -8.8848897469e-02
3.1892207507e-02 -2.6984870138e-02 7.1850578396e-02 3.8211555991e-02 1.5263687684e-01
-1.4193453970e-03 -2.0502700100e-02 -8.0685149547e-02 4.1387020081e-02 1.4110062327e-01
-1.5145996242e-02 6.2317106975e-03 6.3819263988e-02 -5.0197721565e-02 2.3998062721e-02
1.3495250175e-02 -1.9406046844e-02 -4.8119568734e-02 -4.7768110522e-02 5.9117030123e-03
5.7013315426e-02 -3.6392190644e-02 -6.4133551617e-02 -1.4749067204e-02 5.1361961378e-02
-7.5282932270e-02 -1.1367059995e-02 -9.3122671055e-02 -1.1816524435e-01 9.7371937431e-03
-4.9610870698e-02 4.3390917221e-02 -2.0847770759e-02 -5.1505289019e-02 -8.0098985972e-03
7.5737931041e-03 -5.3475348138e-02 1.8829758751e-02 2.3132024733e-02 1.3861982499e-01
7.0238685356e-03 5.3039836306e-04 3.3217188397e-02 9.1009883711e-02 5.4841215166e-02
8.6848556658e-02 -5.5190870611e-02 -6.4393080698e-03 -1.3427743735e-02 4.6212969199e-02
-3.8581941762e-02 -1.1730183683e-02 -4.1625576860e-02 -6.1419620536e-03 -5.2136192712e-02
-3.0723039901e-02 1.0629605817e-02 1.5603588595e-02 1.9268635651e-02 -7.6602809092e-02
-3.5602336564e-02 6.1721891822e-02 -6.7094185644e-02 -7.7988146120e-02 -3.3496789396e-02
-4.7400126849e-02 3.0494326951e-02 -4.6364175574e-03 2.3707121885e-02 3.7712553853e-02
2.4823698264e-02 -9.0781023219e-02 9.1055864329e-02 1.2405593131e-01 3.0760055711e-02
5.6480934958e-02 1.3109280700e-02 3.7318516761e-02 -1.6495969032e-02 -1.1602920799e-01
7.4250749754e-02 1.6900520105e-02 -5.6737059867e-02 -4.2882250984e-02 -6.4788162130e-02
-2.4375983912e-02 -2.0384322997e-02 -1.8980323751e-02 9.0616835538e-02 1.2620071451e-01
-1.8565722904e-02 3.6794842369e-02 4.0900088302e-02 7.1000974723e-02 5.5757340783e-02
-7.2748959366e-02 3.7306808724e-02 3.5179081609e-02 7.5349920222e-02 -5.0022793515e-02
-7.3188304853e-02 4.2562547742e-02 -2.3020022234e-02 2.6177352347e-03 -2.5878491884e-02
5.5325289279e-02 -7.9076122917e-03 1.5066154245e-02 -4.5425860066e-02 3.8734396265e-02
4.4694689307e-02 1.4080502579e-02 -6.6540126503e-02 -5.7451602075e-02 -6.9467650739e-02
-2.4466053490e-02 -7.0429141967e-02 -3.5081855277e-03 5.2216230263e-02 2.8034184969e-02
2.2228445573e-03 2.4433855292e-02 -2.1576123769e-02 2.7125176166e-02 1.4385560015e-01
-3.9874007652e-02 1.0519349853e-02 5.7591328442e-02 2.1268143809e-02 6.6342380710e-02
8.7562498868e-02 3.8035234727e-02 3.6663268922e-02 -1.6534306721e-01 -3.7821058753e-02
-1.3938185036e-02 5.7257232703e-02 1.2053619975e-02 -8.9340287021e-02 -9.2663137919e-02
-1.7424442873e-02 6.1159023353e-02 -4.9385911681e-02 6.7660223615e-02 -7.9685079196e-02
-3.0265546811e-02 1.4004183193e-02 -4.5630838184e-02 6.2377219795e-02 1.2159184274e-02
-6.0574749801e-03 -4.0859875156e-02 -4.3089653018e-02 4.5712360521e-02 1.0697139248e-01
2.4781023039e-02 -7.8579263281e-02 1.1116082296e-03 9.8049575579e-02 4.6783518093e-03
-4.1810121772e-02 8.1056538047e-02 -6.9288574236e-03 -4.0347325165e-03 6.7975376343e-03
-2.0622103742e-02 -1.3446610734e-02 -6.6686719778e-02 -6.1422007607e-03 -7.2986808285e-02
-4.6013434541e-02 -1.3622905832e-03 8.5384611522e-03 2.7856998831e-02 6.2223290947e-02
-1.2353154136e-02 -2.1720680671e-02 -1.6463698239e-02 1.2998517741e-01 4.0870378212e-02
-3.3135726984e-02 5.6821233111e-02 9.6669658891e-02 -9.3453517323e-02 1.2667785684e-02
2.0648158165e-02 3.6425254452e-02 -9.3185670367e-02 -1.1914903466e-02 3.2751087388e-02
-2.9521873717e-02 7.6960002832e-02 -9.6610278778e-02 4.9447418452e-02 8.2600361044e-02
1.2871996322e-01 -3.9592314219e-02 3.1920514847e-02 -2.0225761212e-03 -5.5961655720e-02
-6.5972746899e-02 9.0146672893e-02 -1.7277143406e-02 -6.9323522466e-02 -4.3378830256e-02
-1.4126297288e-02 1.0636792448e-02 1.1795269865e-02 3.9857231458e-02 4.3650971473e-02
9.8232759961e-03 -3.8887031669e-02 3.5256756069e-02 4.5948096240e-02 3.1062054174e-02
-4.5181553758e-02 -1.2847533030e-02 5.4487623868e-02 5.2070306444e-02 5.1799811734e-02
-5.4810308334e-02 1.6562537439e-02 7.3645705152e-02 -1.8517722975e-02 -3.7392305822e-02
1.0082447196e-01 -1.0566099114e-02 2.0351167417e-02 4.4386360098e-02 3.6076894011e-02
1.7467299774e-02 5.8710382080e-02 -1.7612168893e-02 -5.6012525407e-02 -7.2749586870e-04
-1.9331778090e-02 1.3242453963e-01 -1.0804359533e-01 -1.0619438273e-02 2.5395735930e-02
4.9477360177e-02 -1.9674439317e-02 -4.9902108091e-02 -8.1569755042e-02 2.4781829541e-02
9.3048331392e-02 -9.4132034452e-03 -3.5174732811e-02 8.2935994313e-04 6.1522961653e-02
2.2800548513e-02 -5.6758681200e-02 8.1924118112e-02 1.3145908386e-01 5.1232536808e-02
1.2403992304e-02 5.1810330576e-03 -6.8365725072e-02 1.4668677775e-02 -5.7110884738e-02
-8.6734053826e-03 4.1280983413e-02 1.1754150954e-01 6.5802083051e-02 4.5672415964e-02
2.4878553733e-02 -1.4799632079e-02 1.6920679151e-02 5.5950662536e-02 3.9745937726e-02
2.1722514617e-02 2.7326589086e-04 -1.5972290481e-02 -5.9127011562e-02 6.2913181582e-02
3.3205667414e-02 7.9933791438e-02 -3.6313869633e-02 -5.8715104931e-02 1.9459163182e-01
4.9822392528e-04 -2.0700713477e-03 4.4322953828e-02 1.2490572249e-02 8.5159561831e-02
3.9802674026e-04 -5.8918107153e-02 8.1918328172e-02 1.8642499295e-01 -2.1329543273e-01
-2.8751015892e-02 7.9389668046e-02 -2.8235597189e-03 -5.4674954630e-02 -4.4174977277e-02
-1.9353938189e-02 -4.2668258960e-02 2.2461396919e-03 4.6343319120e-02 7.4624046837e-02
3.5179310862e-02 2.4536440749e-02 -8.4174488555e-02 7.2457307124e-02 8.2128214985e-02
7.7898996088e-03 -1.7804400236e-03 -2.0007988165e-01 -8.7679495764e-02 -3.0276910269e-01
-1.4726183300e-02 -2.6516319475e-02 6.3653620507e-03 -5.2106607837e-02 -5.9139029432e-02
-1.3219719532e-02 -7.0378437183e-02 3.1984237215e-02 8.8366531809e-02 5.8892227189e-02
5.5751854054e-03 -2.3325361430e-02 -1.4081352888e-02 6.6095227282e-02 -4.4152148243e-02
-3.9432998983e-02 2.8422758018e-02 -9.3375508415e-02 -1.5864508739e-01 8.8022399220e-03
1.9541561086e-02 -1.3266545688e-02 4.5880643418e-02 5.2319981928e-02 2.7325797249e-01
-1.2385862172e-02 2.5755267363e-02 -7.8795339388e-02 -1.5032746645e-01 3.2740492444e-02
2.7271083333e-04 -3.4394640916e-02 -7.3780561442e-02 1.1316421396e-01 3.4882335006e-02
-5.0991486136e-02 -2.2561559652e-02 8.7031191070e-02 1.5552979350e-01 -2.1405094099e-02
2.0712841610e-02 -3.7828844801e-03 1.7007513282e-01 8.6211267307e-02 1.5122472615e-01
-1.1346719019e-02 3.7859570830e-02 1.2220598262e-02 1.2064974914e-01 -5.7797116627e-02
-2.9771576007e-02 -3.0153636038e-02 7.1602481886e-02 1.0909243402e-02 -1.0593270803e-02
-9.3672628143e-03 -1.8232081003e-02 5.6209094933e-02 -3.9036250387e-02 4.9151418173e-02
5.7916432049e-03 3.8423026267e-03 -3.9649788162e-02 -3.9313926665e-02 -9.2515933866e-02
2.3482500352e-02 1.6974638992e-02 6.9107234632e-02 3.2934797318e-02 1.9452650767e-01
3.0808529623e-02 -1.1836847615e-03 -9.0886524476e-02 4.9929663499e-02 8.7423475517e-02
-6.1772734934e-03 -1.4467410461e-02 -4.5094018618e-02 -5.9673054882e-02 -7.8654874370e-02
5.7627942693e-02 -2.6135255283e-02 6.5673078034e-03 2.9193202486e-02 1.6189557140e-02
-9.3689268059e-02 -4.4748370058e-02 1.5911180347e-02 4.3826910154e-02 -4.8316693784e-03
7.4758513141e-02 -3.0975589262e-02 7.7621365447e-02 1.0417445218e-02 -4.3272850324e-02
-1.3607196948e-02 -1.0843509961e-01 7.5335480544e-02 8.8619709077e-02 2.1135976772e-01
-5.9053675087e-03 1.8116832580e-02 6.8165364625e-02 8.9232017963e-03 -5.8322942781e-02
-1.9799079126e-02 -9.5496666120e-02 -1.2589260037e-01 1.6228131844e-02 -6.7557290493e-02
-6.9448632324e-03 -5.3604416351e-02 5.2328053078e-02 5.6914766525e-02 5.3543053864e-02
3.3769727129e-02 -2.6636143723e-02 5.8795336564e-02 5.1937941426e-04 7.5474153082e-02
6.6966387804e-03 4.6135168112e-03 4.8759888977e-02 -4.0387484194e-03 7.8480769117e-02
-1.2088318730e-02 1.9435192177e-02 1.2560930908e-01 -4.0258706362e-02 1.2641723721e-01
1.0105431246e-02 -2.5308838626e-02 -2.0199909228e-02 -3.1094862764e-02 -9.5881007321e-02
1.6982067537e-02 -2.8353660333e-02 1.0076491106e-02 4.2331634202e-02 -1.3561977433e-01
4.3423824245e-02 -3.0172116428e-03 5.4796105528e-03 2.6892245479e-03 5.8232794158e-02
-6.3774482082e-02 4.6561185273e-02 -7.0810587769e-02 3.0093493996e-02 2.2685553180e-02
6.3562395508e-03 -1.7491948873e-02 -5.9920772648e-02 -2.8739264587e-02 -7.4415297950e-02
-8.3227030788e-04 2.0869884283e-02 3.9029903012e-02 5.1524389648e-02 7.1917406519e-02
5.1615267772e-02 1.5927836029e-02 -5.8608733145e-03 -4.1197776037e-02 -1.9133458445e-01
2.8727571953e-02 6.3986335407e-02 3.4280466714e-03 2.6763608284e-03 3.8049519302e-02
-2.5593428561e-03 -2.8358584970e-02 -3.6195131643e-02 -3.5649909087e-02 1.5791338598e-01
2.7456087965e-02 -5.8417409221e-03 -5.6847887485e-02 -2.3543498516e-02 6.0138979014e-02
-6.8551344030e-02 9.3979825461e-03 -1.0612004311e-02 3.1326402076e-02 9.3245081321e-02
4.1074412780e-02 -6.4343830952e-03 3.6381459280e-04 -3.3808805725e-02 7.7160180849e-02
-4.3522462071e-02 -5.3244038244e-02 -2.7869935522e-02 6.7931090718e-03 -2.1561962339e-01
2.7215794132e-02 -1.4582267274e-02 7.3780709058e-02 1.9663063723e-02 1.6817673014e-01
-1.0490517067e-02 -8.9439340542e-03 -1.0599649078e-01 -8.2224027389e-02 -1.0441975463e-01
3.0856954679e-02 8.0050529348e-03 -7.8277607334e-02 -7.1016277223e-02 -2.5974448394e-01
1.3182034283e-02 -3.6828934458e-02 -3.2861728055e-02 -3.0365552623e-03 -8.0199520034e-02
5.5360551875e-04 2.5071723682e-02 1.5582653441e-02 3.6627679696e-02 8.8185899291e-02
-2.9973393805e-02 8.0715170982e-02 -2.5479179143e-02 -5.4472282627e-02 -8.5622046646e-02
3.9002842106e-02 -2.7837735672e-02 5.9680944744e-02 -2.8518178248e-04 6.0638042842e-02
-4.9701223260e-02 1.2240524157e-02 9.5710982632e-02 -3.5920033198e-02 -2.7683386405e-02
2.0089793742e-03 3.4680202766e-02 7.6248583274e-02 -5.8628341821e-03 -3.5019245822e-02
-4.5223451625e-02 -6.2117346687e-02 1.2692080815e-01 1.1404971983e-02 8.3770149746e-02
-6.6754381338e-02 6.2792472165e-03 4.1169363172e-02 1.0539099981e-02 9.1425233435e-02
2.3376311120e-02 2.8447165261e-02 -3.5898660569e-02 -6.2253659653e-02 -4.0044760108e-02
2.2060268752e-02 -4.8134174871e-02 -8.8792462192e-02 -1.7456940969e-01 1.0227561948e-01
2.2969033647e-03 -3.4209348603e-02 -2.6931052239e-02 -3.9840094757e-02 -1.5438938945e-01
-1.8471392564e-02 2.3211274046e-02 -3.7561428054e-02 -3.6422427882e-02 -1.0141420670e-01
8.4539981470e-02 -3.3877393976e-02 -5.5039331215e-02 2.5391443676e-02 2.9938919796e-02
-6.9763443886e-02 -3.4223601663e-02 -4.2079892557e-02 3.7135584030e-02 3.4680297468e-02
1.7719247829e-03 1.1156863042e-03 -1.6110495638e-02 5.9789289462e-03 -6.0535020209e-02
3.0509874194e-02 -5.4909241940e-02 -1.8488037240e-02 7.0263616435e-02 1.1990308982e-01
8.3637823740e-02 7.0052482704e-02 1.1324138614e-01 -4.1731543518e-02 4.8486842450e-02
4.6048379143e-02 3.5221597076e-02 7.5044649298e-02 7.6441850808e-02 1.5988883229e-01
2.4511756825e-02 1.6164075868e-02 4.0681460070e-03 2.5138011938e-02 -8.2974516011e-02
2.7105393466e-03 -2.2143629047e-04 -7.5582322166e-02 -9.6625574051e-02 -2.5927166198e-02
-1.2417077743e-02 -2.8740789703e-02 8.3867996900e-02 7.1616860655e-02 3.3758983139e-02
-1.0893139057e-02 -2.0965493782e-02 2.0774046214e-01 1.3480406283e-02 1.9002338633e-01
-4.4255846054e-02 -8.4940732838e-02 7.9720824457e-03 1.5070897918e-02 8.8973731829e-02
4.0526376697e-02 -1.4253053072e-02 -2.9933688761e-02 5.9716652360e-02 7.8593970716e-02
-8.7333860855e-03 -4.5061750745e-02 -2.0717286591e-02 3.5192052710e-03 -7.2148809859e-02
1.2725956327e-02 4.1742918972e-03 6.2447745496e-02 -2.1077179315e-02 1.4965324185e-01
-6.0002206873e-03 -4.3586309027e-02 -3.9432248441e-02 -2.2141969964e-02 6.6966613161e-02
2.2414372281e-02 -3.4644107636e-02 -1.1443153068e-02 3.1557556901e-03 6.2665186083e-02
-5.1938266346e-03 2.6171900440e-02 -6.2285764665e-02 -5.6639758747e-02 -7.6041931489e-02
-2.7359675607e-02 -1.8580339388e-02 -7.1982596678e-03 2.4338853430e-02 9.5670601302e-02
-3.3095245681e-02 -6.8291549297e-02 -1.3870374325e-02 -1.2978680932e-01 7.5386816167e-02
-1.5956097772e-02 -1.5212197314e-02 -1.5728103678e-02 -5.5692238931e-02 -4.0382868342e-02
-9.8206819231e-04 -8.6891792205e-02 -4.1343797880e-02 2.7629775100e-02 5.6873263632e-02
-3.1910996951e-02 -5.0936717581e-02 1.5338901218e-01 1.2812314647e-01 1.6781732230e-01
1.9545458296e-02 3.9536978526e-02 -3.8158289159e-02 -1.4198724602e-01 -1.0099136050e-01
1.2244509688e-03 -8.6930054105e-02 -1.4206545950e-02 -4.7874379502e-02 -2.3955270008e-03
7.5862077238e-02 2.5751994857e-02 4.1003982173e-02 -4.9681838259e-02 1.2800709284e-02
5.2423491267e-02 -5.3825740740e-02 8.5087741841e-02 5.4199969929e-02 2.7615498010e-01
