4.1573298791e-01
1.5549492310e+00
-1.1116590632e+00
1.4202692777e+00
-6.0644347344e-01
-4.0391597996e-01
-2.3041871243e+00
-5.0223583404e-01
-1.3889432318e+00
-8.7503993365e-01
-1.5708715973e+00
6.5103388726e-01
-1.0869727633e+00
-8.2173779169e-01
1.8949684675e+00
7.7754152160e-01
3.1707347428e-01
-9.1797903537e-01
-5.7165205881e-01
7.8224258790e-03
-8.9767378955e-01
-3.4426417086e-01
3.7766879942e-01
2.8342532325e-01
-1.2043559479e+00
9.8120537913e-01
-6.3297396926e-01
2.4830882677e-01
1.0985071770e+00
8.6969798132e-01
1.0708295276e+00
1.6575622741e+00
1.5397001583e+00
-8.6261954648e-01
8.3336253062e-02
1.0227635139e+00
-3.0879509996e-01
4.0955671252e-01
5.0329607521e-01
8.4962077163e-01
-4.5171285492e-01
6.8592433458e-02
5.4916660686e-01
-6.6543795003e-01
9.6266881421e-01
6.6761692487e-01
2.9887024372e-01
6.6576443836e-01
-9.2110139782e-01
-6.2239066727e-01
-2.9368503467e-01
-2.2626470865e-01
2.0310660495e+00
7.1128747402e-01
-1.3355334585e+00
-2.3651211849e-01
2.8386605157e-01
2.1365366565e+00
5.2209451656e-02
3.9510680360e-01
7.6101438064e-01
1.0416113298e+00
-3.3361921491e-01
3.4769757238e-01
-1.1971044929e+00
1.9451404629e+00
-6.2703521842e-01
8.3979920508e-02
9.3046130161e-01
1.0088237872e-01
-2.1605311319e+00
7.7320413142e-01
-3.2160411698e-01
-1.2386334249e+00
1.8817894761e+00
9.3895563446e-01
1.5987670102e+00
-3.0186256936e-01
1.8177108018e-01
-4.5938036926e-01
8.9424181298e-01
-3.4674241685e-01
3.8933585233e-02
1.2155584813e+00
1.3870291139e+00
1.0291926339e+00
3.0351708535e-01
8.0841061417e-01
-8.3222493348e-02
-1.8319962787e+00
-1.0591325438e+00
8.7243304177e-01
-1.8611212942e-01
-1.5753563800e-01
5.1909693026e-01
-4.6236486726e-01
-6.9229444894e-02
6.1518954941e-01
-8.7403960191e-01
7.4002660925e-01
2.4107185202e-01
1.8631974988e-01
1.8246204761e-01
-9.0145388557e-01
1.8751062426e-01
-2.0585508384e-01
-1.1728986628e-01
4.1167236990e-01
6.5578013390e-02
2.0472691164e+00
-3.2122989460e-01
-7.2894786356e-01
-8.2634009007e-02
8.3326725090e-01
6.9893501344e-01
7.2159813777e-01
1.1123189766e+00
-2.6270959730e-01
1.3368108991e+00
8.9617503058e-01
5.1541149298e-01
1.2487367680e+00
6.2095864162e-01
-1.1694596027e+00
-1.2363904097e+00
-3.2053839219e+00
1.1625848531e-01
-1.6149516979e+00
-2.8071108916e-01
-3.1442404566e-01
-8.4343622360e-01
1.3629425151e+00
-7.4592727359e-01
-2.6711350807e-01
8.7851114117e-01
-1.2187215146e+00
-8.6363507775e-01
4.1229676532e-02
1.7876680606e+00
2.6778984894e+00
1.2620130950e+00
-1.5172653098e+00
-1.1877019443e+00
2.4107213358e-02
1.5009674643e-01
-3.0570090142e-01
1.1984184609e+00
-4.5887334552e-01
1.7324334572e+00
2.1122141908e-01
-1.9147689344e+00
1.9491122289e-01
-1.0773433339e-01
-3.7372687260e-02
-3.5881447135e-01
-3.5802606355e-01
1.2360070220e+00
-4.1780878360e-01
-2.2671418924e+00
-8.8305892355e-01
-5.9549044504e-01
1.3654017757e+00
2.5600506851e+00
3.1773935075e-01
-1.4474230163e-01
3.1008284134e-05
7.6178974862e-01
-1.4147813176e+00
-3.5848102068e-01
-2.5776053459e-01
-3.2080529096e-01
1.6333660965e+00
1.1749256082e+00
-1.1933821325e+00
1.1650803568e-01
4.3737413134e-01
-9.9629603995e-01
-2.2706535053e-01
2.2548948225e-01
2.0603200715e-01
6.4360658924e-01
-1.6409427715e+00
-6.2826307402e-01
1.4229346408e+00
5.2788371816e-01
4.9079529245e-01
-2.7099173225e-01
-1.7394983730e-01
8.7253226252e-01
-6.3581768847e-01
-7.5994368941e-02
-1.3151297876e+00
5.9767601808e-01
-1.2862720894e+00
-5.0877176587e-01
-2.7397945077e-01
1.0901899106e+00
-1.2767189937e+00
-3.9655369854e-01
-4.8572485916e-01
-1.4597158389e-01
-1.7792134524e+00
1.6543153908e-02
9.1676566822e-01
-5.0857645828e-01
-1.2665266620e+00
-1.0864253264e+00
9.9946448270e-01
-9.7657887397e-01
3.4100642875e-01
4.2613513069e-01
1.0704454674e+00
-2.0778705886e+00
-3.6908040276e-01
-2.4311712061e-01
9.8317912937e-01
-7.5969408382e-01
-1.0152437541e+00
-1.7719043400e+00
8.1957453834e-01
-1.0672913677e+00
2.4033793417e-01
2.8504713961e-02
-1.2855240752e+00
-1.5139687441e+00
-2.5440953463e-01
-1.4061138853e-01
3.1654312812e-01
-4.8858533825e-01
3.4666832061e-02
4.8873612389e-01
-2.9910603649e+00
1.1013483785e-01
