-3.0568322438e-01 -3.3009350570e-01 1.1885347796e-01 -9.2884644784e-04 1.1179350932e-01
4.8129525782e-02 1.4605425853e-01 -1.5452347393e-01 7.7969900950e-02 -3.9276257565e-01
9.2050946050e-02 -9.4017092768e-02 -2.8028890061e-01 9.9958150881e-02 3.8129787936e-01
-1.4660828484e-01 4.9504276784e-01 3.2265180707e-01 4.1934860367e-01 1.6647948275e-01
2.0050222829e-01 -6.8710123573e-02 3.2564487092e-01 -5.5731233198e-02 -1.1617864525e-02
-8.4856270491e-02 1.7781518708e-01 -5.4736087204e-01 2.3426586516e-01 9.2253250563e-02
-5.3097258374e-02 -1.6435178340e-01 1.7051699997e-01 1.2921585747e-01 9.8745739778e-01
-5.5697271673e-01 1.7113907141e-01 1.2035021681e-01 1.3937330041e-02 9.0650013850e-02
1.2048152252e-02 -2.1517522847e-01 3.2573630398e-01 9.7800176902e-02 9.8339956514e-02
-4.2525468652e-03 -4.9656745106e-01 1.9761365945e-01 6.0579515498e-01 -7.5548728129e-02
-4.9298107870e-02 1.8851114120e-02 3.3121618834e-01 3.9661245658e-01 4.2603003214e-01
-3.1178508432e-01 -1.1254877845e-01 -8.5127832889e-02 1.6298190005e-01 -4.8507472240e-01
-1.6741998291e-01 1.4618832200e-01 -2.5520652037e-01 -6.5702563521e-01 5.2940394815e-02
-6.1459377120e-01 2.1062188361e-01 1.3264045969e-01 -6.6578520521e-03 -5.4096399010e-02
-1.4357870619e-02 3.4770500981e-01 5.2476235994e-01 4.1976147741e-02 3.6552907539e-01
3.1895491612e-03 -1.9892575386e-02 -1.4894513580e-01 -1.6365994209e-01 -5.7383878767e-01
5.7153866065e-01 -2.3619138441e-01 -1.4674269641e-01 9.3142027107e-02 1.7723017056e-01
6.4042133138e-02 -1.2849203631e-01 5.7988215443e-01 -3.4777470860e-01 -1.2520468212e-01
4.1221068497e-02 -2.5139532083e-02 3.5003094344e-01 -2.5183565826e-01 -1.3572927034e-01
3.1102122599e-02 -2.1042648508e-01 -4.9922945680e-01 -7.7855481255e-02 -1.3335401098e-02
5.1130916975e-02 -1.8570533740e-01 -3.7701889898e-02 -1.0046936897e-01 8.8727453439e-01
5.7858619347e-02 -7.9078183292e-02 5.0766001577e-01 -3.6469223369e-01 -1.2666471240e-01
6.6659408140e-03 3.1517465192e-01 -3.2539356439e-01 -1.3437642283e-01 -2.7306806330e-01
-1.2971501336e-01 -1.3146684055e-01 7.4982082623e-02 3.3212420267e-01 5.1649669638e-01
2.0687346565e-01 -3.0108083302e-01 -2.3160892704e-01 -4.2742053782e-01 -2.8928948207e-02
-6.5559776105e-02 -2.0594290622e-01 1.5140330666e-01 7.1594983825e-02 3.4323103498e-01
-2.1810893286e-01 5.0943269845e-02 -2.1976740945e-01 -6.5995909249e-01 1.8441689159e-01
1.7661738435e-01 5.4327654395e-02 1.1731266530e-01 4.8213822723e-01 -2.4572383725e-01
4.2896239158e-01 3.7093095045e-01 2.9512914842e-02 -1.9786543319e-01 3.3288767264e-01
3.9420146963e-02 7.2098251651e-01 1.3483077980e-02 -1.8666410304e-01 4.1458969060e-02
-1.4936927701e-01 7.1184812143e-02 -3.4171938995e-01 -2.1385897382e-01 -1.3231799937e-01
7.2919238958e-02 2.0431815284e-01 -5.9583200906e-02 1.8199568067e-01 -4.8453124011e-01
