8.6729774906e-02
9.0644849929e-02
1.1633404523e-01
-3.3103889366e-01
-4.6871156635e-01
-1.0924924537e+00
5.0861140825e-01
-1.2753636207e+00
1.7711003873e-01
5.5224332132e-01
8.4275848652e-03
-1.8498866524e+00
-2.4090684050e+00
1.6480792357e-01
8.5214828645e-02
1.0011352232e-01
1.6551196233e-01
1.4460013990e-01
-2.7055627925e-02
-2.3110551104e+00
1.5787135145e+00
-2.2529419604e-01
1.5165460569e+00
1.9965726362e-01
1.9486793824e-01
1.5773302560e-01
2.3579505794e+00
2.1964717838e-01
3.4304421300e-01
-1.3663034828e+00
6.1457309493e-02
8.7732775570e-02
1.6915950427e+00
1.4886800102e+00
3.1134808940e-01
4.3999865073e-01
-3.0205707253e-01
4.5192615523e-01
-2.5598598214e-01
1.7087156763e+00
