1.8506827924e-02 -4.5561012374e-02 -1.3528430493e-01 -1.5327629314e-01 -5.7324498960e-01
1.1892283582e-01 -3.1130269508e-01 5.7064792880e-02 -1.6940773309e-01 3.4322393556e-01
2.9310895903e-01 -4.2212027205e-01 6.8810265764e-02 -1.6096554875e-01 -3.2526093811e-02
-1.2387252784e-01 1.9846582042e-01 3.0729532440e-01 -3.3297035241e-01 1.0015834523e-01
-6.0754151633e-02 8.2006314575e-02 1.6331761012e-01 1.4218903127e-01 5.5235926993e-01
-1.4333776538e-01 6.4817427963e-02 -2.7970885395e-01 -3.8487965313e-01 2.9108994509e-02
-4.1493758327e-02 -5.4885472855e-02 3.8802542329e-01 2.6898411642e-01 -2.5056458960e-01
3.3436665954e-01 -1.9632046669e-01 -5.1864613110e-02 3.2325397989e-02 6.9688854398e-02
2.1162728278e-01 -8.8301008767e-02 2.9386894026e-01 2.5694104626e-01 1.2809798713e-01
3.6114505499e-01 1.4195799919e-01 -1.0383752333e-01 5.5762950842e-02 2.1343158290e-01
-7.7030504549e-02 -2.7655301415e-01 -1.5749876307e-01 4.3660103077e-01 -7.2381958550e-02
1.3257856046e-01 -8.8346659763e-02 -4.5473680306e-01 1.1908715701e-01 1.6539255071e-01
-2.9247835581e-01 4.9676924544e-01 -6.6231967557e-04 3.3650865456e-01 -2.8118771670e-01
-2.3186724003e-01 -4.4511883865e-01 -6.5740387499e-02 -5.3575639216e-02 1.5382665892e-01
2.3651334905e-01 -2.8208968428e-02 -1.4733730790e-01 -3.8786923551e-01 2.7969640745e-01
-5.1986646516e-01 1.1285768257e-01 5.1227545338e-01 -4.8236946184e-01 -2.5708079603e-02
3.1000238146e-01 3.5650223070e-01 1.7630292888e-01 -6.5667819475e-02 -5.9551212395e-02
2.3655660825e-01 -2.3899847466e-01 -7.2692288679e-02 -1.8724222089e-01 2.8465699214e-01
2.6892133625e-01 -9.4827293835e-02 6.5724208490e-01 -4.8541104596e-01 -1.6714535121e-01
1.3840439260e-01 2.6149481223e-01 7.0368496213e-02 -2.6479921431e-01 4.3205078468e-02
8.9049027714e-03 3.7070323403e-02 3.4523070116e-01 4.3969308915e-02 1.3862011244e-01
3.6609349164e-01 -3.0920364816e-03 -2.2560056286e-01 6.1604684355e-02 -9.5129365131e-02
-2.4316289991e-01 -2.3589170153e-01 2.1241702374e-01 -2.1771450952e-01 -6.5930311978e-02
-2.4149849651e-01 3.2079949867e-01 -2.8401664331e-01 1.2501301310e-01 1.4513505247e-01
