-3.4304059526e-01
-3.9289577897e-01
3.7755969174e-01
-9.7457208472e-01
-6.9757332486e-01
-1.2805976903e+00
-9.3126363572e-01
-1.2369741659e+00
7.0506723609e-01
-2.3458335728e+00
-3.1792094234e-01
-1.1869922232e+00
-1.2483256450e+00
-2.1229233950e+00
8.1050998675e-01
-6.6940981124e-01
-2.3284321467e-02
7.7563498991e-01
-5.6206645179e-01
8.4465787296e-01
5.6225636900e-01
-1.1428037186e+00
9.3124821024e-01
-4.5519510841e-01
-3.7094550272e-01
3.4274629484e-01
-6.6242050583e-01
-9.3407212262e-01
-1.7403268717e+00
-1.1472785726e+00
-9.1599382631e-01
-1.1318638075e+00
