1.1836145852e-01
-3.5483760608e-01
-3.4144008023e-01
-5.5960022363e-01
2.0493413759e+00
-1.6777827363e-01
-9.6411502847e-02
-7.8642090770e-01
-4.1868252143e-01
-4.6968638259e-01
5.2844885091e-01
9.5294624517e-01
5.3724397657e-01
1.7940166532e-01
-1.4924403263e+00
1.4163450793e-01
7.8024787814e-01
-1.9062162755e-01
-2.1746617611e-01
4.8102213243e-01
6.5244155403e-01
8.6238987188e-01
7.0301048898e-02
8.0411688582e-01
-3.1601463255e-01
-5.0609260701e-01
6.8576403622e-01
1.6900469216e-01
1.2699452879e+00
6.4755952587e-01
-2.8252090573e-03
