-6.2206606216e-01
-1.4461098759e-02
2.8439879704e-01
-4.2545307580e-01
-9.4248116093e-01
2.3148204016e-01
1.1013157108e+00
-3.5728469166e-01
1.1511354291e+00
-2.9833774659e+00
6.0098028420e-01
-2.2545866014e+00
-1.8681663701e+00
7.4332324998e-01
-1.0604450232e+00
-1.8371761616e-01
1.1028470696e-01
9.9712892120e-01
3.3002684208e-03
3.6709640767e-01
-6.4805356916e-01
-3.1848500367e+00
-1.1292767173e+00
-5.7017594367e-01
1.8516182337e-01
-2.4348743560e-01
-4.0301066952e-01
2.5021194922e-01
3.5235667523e-01
1.0716055909e+00
-2.0895768034e+00
-1.0838338141e+00
1.7362104169e+00
-2.5712212139e+00
5.3515149221e-01
-8.3203393511e-01
6.6405868915e-01
-3.8687969583e-01
