-6.4285253006e-02 1.6161545567e-01 5.1235437884e-02 2.3991187917e-02 -5.4869391597e-02 7.8837622040e-02 -5.4592331870e-02 -2.3082105918e-03 3.0405072125e-02 2.4195445635e-02 -5.0166764319e-02 1.0697650225e-01 1.9926086540e-02 -9.2872077858e-02 -9.0695374366e-03 -2.6269955400e-02 6.9722270203e-02 3.1767405458e-04 -7.3505729150e-02 -8.1897221182e-02 1.1036289385e-02 5.1955564408e-02 1.6723886825e-01 9.5660177611e-02 -7.4921389623e-04 -4.0055722003e-02 1.0872298251e-02 -1.3317145687e-02 8.2831247429e-02 9.8574387723e-02 -8.3711241037e-03 -1.3519317484e-01 7.6591206395e-02 1.5312924331e-01 -5.7415934870e-02 2.0152662329e-01 7.0403556493e-03 -4.3472522435e-02 1.9571452225e-01 -8.1770982162e-02 -9.6858235145e-02 -3.4007965896e-02 7.3879144079e-03 4.5128828018e-02 -3.6996713328e-03 5.2085973992e-02 8.8989721121e-02 -1.5172687897e-01 -1.0674296629e-01 3.7086177725e-02 -3.4181971621e-02 3.3682638542e-02 -8.2977349688e-02 1.2610502493e-02 9.0444004187e-02 -1.3363922354e-01 8.0056068268e-02 8.4406374703e-02 6.5212622024e-02 -6.3717940098e-02
1.3392755826e-01 7.6729432936e-02 -3.5590730004e-02 8.5679089048e-02 -9.9608020882e-02 1.6280004149e-01 -6.7899054348e-03 2.4278932949e-02 -9.6044016317e-02 -9.8219066332e-02 4.5875391918e-02 -2.6337659592e-02 4.5947773300e-02 -8.5346574156e-02 6.4901103820e-02 3.1404673824e-02 8.6122520213e-02 6.5755146079e-02 9.2145476507e-02 -2.1454088753e-02 6.1856791364e-02 -4.0679508884e-02 -6.9861381130e-02 -5.7784463863e-02 -5.1188870248e-02 -1.7143735001e-01 -2.8773064376e-02 -5.7145696675e-02 -1.4422589759e-01 2.4648961199e-01 1.1244673022e-01 2.0055457342e-02 3.9661069970e-02 -1.1592448431e-01 -2.6755577052e-02 -7.8485712535e-02 -5.9291063248e-02 -1.5891678581e-02 3.5867501225e-03 -8.6205892638e-02 -6.4862108310e-02 -1.7923825893e-01 -2.3590638726e-02 -6.9266297793e-02 2.4358853221e-03 6.5478960085e-02 1.0951095356e-02 7.7633595000e-02 9.8132741183e-02 5.0902519693e-02 -5.5809598202e-02 7.2869298206e-02 -2.2606408204e-01 7.2733070306e-02 -3.2955709762e-02 -9.2849086182e-02 -2.0226739880e-02 9.3013437811e-02 8.2808678789e-02 1.8579857206e-01
-6.4898214892e-02 -1.7399621845e-02 -5.6033449923e-02 -1.9903558531e-02 1.4045708801e-02 1.2142635853e-01 1.4730034378e-02 -1.8307360164e-02 -1.9238415553e-02 2.2721236121e-03 5.2598749536e-02 -6.7995178425e-02 1.9803512456e-02 3.4209341951e-02 -8.2548176101e-02 1.1399210688e-01 -3.1115277298e-03 -7.3983026241e-02 -6.4981623932e-03 -1.3579445108e-02 8.7535792093e-02 1.7732449687e-02 7.4134294360e-02 -1.0911782274e-01 2.3804825143e-02 -4.3954578717e-02 -1.8464012082e-02 7.0213620789e-03 4.8076944908e-02 1.3441406825e-02 2.9391638774e-02 -3.2497699047e-02 5.1645863582e-03 -2.8576130315e-02 1.1097633635e-01 1.8963121782e-02 -6.9838851266e-03 -5.5711653035e-03 -2.0461099335e-02 8.0149791511e-02 1.9793587864e-02 -4.8011067896e-02 -3.5488171005e-02 -9.9249368112e-02 -4.9299182723e-02 -2.1694774350e-03 9.9404758187e-02 -8.6352317118e-02 3.8067983089e-02 2.2997230836e-02 -3.5944389629e-02 -5.2844560980e-02 -5.9012736609e-02 7.9663014332e-03 5.6101579004e-03 1.6285282512e-02 -5.2615893499e-02 5.0435229938e-02 7.9661235481e-02 1.0971951364e-01
-4.7081463618e-02 -8.4878027783e-02 8.8184574228e-02 3.4969155424e-02 -3.5246703039e-02 3.5238971365e-02 -2.1226190426e-02 8.8483406956e-04 -2.9849313879e-02 9.8377672389e-02 -2.2557420461e-02 -6.8113185292e-02 7.4116925756e-02 3.0518700599e-02 2.1137236443e-03 -4.4526577719e-02 3.7936727083e-03 -2.5932413952e-02 -4.2634140839e-02 4.8384992817e-03 -6.0230511225e-02 2.9154508714e-02 -7.4182735252e-02 3.3156200395e-02 -8.2328602618e-02 -6.2191767721e-02 6.4110473230e-02 -3.4330177738e-03 -8.2697511462e-02 -7.3806771434e-02 -4.8831661921e-02 3.0265713425e-02 1.2693875574e-02 1.8824011214e-02 -1.3465933066e-02 5.6835512408e-03 -3.6006420421e-03 -2.2538611388e-02 -5.9937816473e-02 -7.0622323122e-02 -8.5532917428e-03 9.0248270183e-02 5.5434269490e-02 -4.3724868957e-03 -2.5777550214e-02 -6.2465270740e-02 -4.4755080829e-02 3.2587761313e-02 3.7285096142e-02 -1.3492277961e-01 8.1636651378e-03 -2.7109249684e-02 5.8097114174e-02 -6.7723873407e-02 1.3247664155e-01 -2.1269171000e-03 4.2471958034e-02 -4.1629688753e-03 -8.1210064120e-02 2.7370459832e-02
-7.3889160113e-02 -8.2301639788e-02 3.0716190817e-02 7.5086315687e-02 3.7549317089e-02 -7.9478522381e-02 -7.0034776810e-02 5.1044107613e-02 1.3683554193e-01 1.5793506924e-02 -9.9597995624e-02 5.1710269543e-02 4.9713043079e-02 -1.9649947302e-02 6.3614904401e-02 6.1028670346e-02 1.1035689266e-01 7.3985526824e-02 -3.6422453480e-02 -1.5046908330e-01 -3.6815551397e-02 5.9980709849e-02 2.0950389092e-01 1.2380507735e-01 -1.0879303820e-01 9.4454618603e-03 -4.3375639260e-03 2.6870460553e-02 -7.3641373256e-02 -3.1926420200e-02 -1.6187312237e-02 -4.5463155166e-02 -3.3162941947e-02 3.4765465511e-02 5.5574575943e-02 5.0912066062e-02 1.4387927535e-01 -6.0424632619e-02 7.2233303972e-02 -3.3972236697e-02 -6.2782458864e-02 1.4072599185e-01 6.0466222321e-02 -4.5527944451e-02 -1.9979931918e-02 6.9108482974e-02 3.0822736620e-04 -5.0854746261e-02 2.9104941012e-02 -9.1726055966e-02 -1.4119564422e-01 -5.8261695645e-02 7.1793320184e-02 3.1183019702e-02 -5.3196088599e-02 1.7695198060e-02 6.1243503720e-02 2.6114796405e-02 1.8395779484e-02 -7.4024392178e-02
-5.0872091916e-02 1.2903473850e-02 3.4436344755e-03 -1.9622777081e-02 -5.5796069599e-02 2.3695519727e-01 -2.4939265640e-01 1.9000848924e-01 1.2458962934e-01 8.0704836549e-02 -5.7084012510e-02 1.6184824886e-01 7.1442075877e-02 1.6232207868e-01 -1.1654734454e-01 -1.0987738683e-01 -5.9388184752e-02 6.6762787305e-02 -3.0253695543e-02 -5.7654362627e-03 4.5859746188e-03 -4.9637989162e-02 -4.4211140798e-02 9.9219173716e-02 -2.2666476387e-02 -3.2125988203e-02 -1.9635010357e-01 1.0212920915e-01 2.0592773618e-01 7.7492109421e-02 7.1165638068e-02 1.7116069243e-01 6.8724714108e-03 -1.6489731477e-01 1.8385860997e-01 2.1891441914e-02 -6.5099839220e-02 5.6211664943e-02 -7.0689513743e-02 1.1322416309e-01 8.7165608752e-02 -1.7819535711e-01 3.5824990363e-02 -3.9661879697e-02 2.2844607164e-02 -1.4443901869e-02 -8.5409029194e-02 3.6716101693e-02 2.9053324449e-02 4.8794346090e-02 1.3051215249e-01 6.1500490862e-02 2.1265976006e-02 1.6659500606e-02 1.9648270764e-01 -3.0269017137e-02 -1.3838387781e-01 -2.8275075635e-01 1.7934118863e-02 6.0532330125e-02
8.7337731170e-01 -1.6476138310e-01 -6.9251925478e-02 -1.4734868396e-02 -8.3862142742e-02 1.3528031768e-01 -7.6731874740e-02 -6.1439328105e-02 1.2287769355e-01 9.5793900385e-02 1.9527558413e-01 1.0154765587e-01 6.0224589165e-02 3.8806106667e-01 -6.9399473990e-02 3.3885827869e-01 2.7325158950e-01 -1.0584495482e-01 -1.2201974071e-01 7.2993884336e-02 -9.7339767109e-02 -1.5931330985e-01 1.4489974046e-01 8.4869922005e-02 2.5895997543e-01 -8.0489400456e-03 2.5202543021e-01 1.5866739134e-01 -1.7058307417e-01 4.3103420028e-01 -1.3142453539e-01 -3.8995519543e-03 -1.8446142589e-03 4.1218870383e-02 -2.8374331940e-02 -2.8895256332e-01 -2.6766212726e-01 -3.8186955185e-02 -1.6393205545e-01 2.9073833993e-01 -3.3098990620e-02 1.4039344790e-01 1.1138951999e-01 8.3411874541e-02 1.3267969665e-01 -4.7705824209e-02 -8.6243511766e-02 1.4352080397e-01 -5.0970310473e-02 -7.4764474990e-02 3.7600955052e-02 -2.3174051394e-01 1.1586802104e-01 3.5452999641e-02 -1.3198362128e-02 -7.6241364459e-02 -9.5320122826e-02 1.5190567967e-01 -3.4163603394e-02 -2.4820861801e-02
5.9041495195e-03 -2.3952882885e-02 -1.6031832236e-01 -1.1397400814e-01 -2.0519854917e-01 1.6997839751e-01 9.9934212570e-03 -1.7820675318e-02 -1.2491253918e-01 -7.2414243798e-02 1.6950614150e-01 2.1859412882e-02 1.9405982107e-01 1.2260067225e-01 -1.7529891780e-01 -5.0163475864e-02 1.9754633377e-02 -1.5282683640e-01 -4.9631773921e-02 2.5620284160e-02 -1.3933044659e-02 1.0939726618e-01 -1.1993670703e-01 1.2611807178e-01 7.3165747551e-02 -1.7969202364e-01 -7.8919792962e-02 2.4674628522e-01 -1.2391584071e-02 6.3210600947e-02 1.4254072168e-01 -2.0572009639e-01 -1.9465815950e-02 5.4955069591e-02 2.0853323713e-02 1.7862305766e-01 -1.2893016763e-01 -7.4930758992e-02 2.5238535831e-02 8.5420726280e-02 -4.1186529498e-02 -1.1664882910e-01 1.9473146331e-01 8.2146813703e-02 -1.5420209033e-01 -1.4767336847e-01 3.6732137055e-03 -6.3192402722e-02 -7.0353090336e-02 4.3808619389e-02 -3.4433969523e-02 -1.8543283313e-01 -3.6153790554e-02 5.6981195563e-02 -4.1762024770e-02 4.5006517221e-03 -9.2058162200e-02 8.2456742056e-02 -1.1102854956e-01 1.3839528836e-01
1.4414127485e-01 -3.3373815545e-02 -1.9550420512e-01 -2.2812706050e-02 -8.8288348755e-02 1.5013751741e-01 -8.3285788908e-02 1.0899812492e-01 7.0210510243e-02 -2.0000974177e-02 -1.4338151102e-02 9.3394475573e-03 6.6838301582e-02 3.0667813540e-03 -1.7359590224e-01 -7.0329735831e-02 -1.8633249147e-01 -2.6749972435e-02 3.2127658938e-02 3.7120734390e-02 9.9663038032e-02 -1.2255529918e-01 -5.9584578575e-02 -4.9725707457e-02 1.0395411123e-02 -3.5126177647e-02 -2.1291595422e-02 6.7334329348e-04 -4.0668096395e-02 5.6274504973e-02 3.9061104696e-02 -4.1610046267e-02 6.5162248323e-02 -2.3522639651e-01 -5.3248670066e-03 -1.2629979884e-01 8.2852672571e-03 1.1992413482e-01 -2.4062959630e-01 -1.2220902088e-02 1.1098537432e-01 -3.1131899843e-03 -6.2896968386e-02 2.5386263721e-02 -5.6308620701e-02 4.5966033431e-02 -4.2041605478e-02 8.7411034820e-02 1.0115010165e-01 1.6986807414e-01 1.2069979614e-02 7.9366388367e-02 -2.1157890786e-01 2.0176741125e-01 -7.3346767322e-02 6.4321974577e-02 -9.9096214686e-02 -9.4563799253e-02 -2.0988089151e-02 6.6768264320e-02
6.3840541207e-02 7.5609815883e-02 8.3481169109e-03 1.3135425185e-01 -1.0670439399e-01 1.3126852168e-01 1.5564364840e-01 -2.8897282605e-02 -1.0032647687e-01 1.0012785890e-01 -2.3218029045e-02 -1.2543327096e-01 2.4128153623e-01 1.8048915059e-03 4.6592825629e-02 -9.8486631241e-02 6.7862656066e-02 6.2900953001e-02 1.6196733804e-01 -1.8285288846e-02 -2.2090380526e-02 -5.1990105267e-02 -1.1928415882e-01 3.8201392011e-02 -2.2868587887e-01 8.2485667263e-02 -6.9457039294e-02 7.6974710873e-02 -1.0251054359e-01 1.0530861420e-01 2.4419502025e-01 -5.4836406408e-02 4.7111849439e-02 -8.7664198328e-02 7.0162797000e-02 1.2202903389e-02 -9.0729521729e-02 -4.1339334015e-02 1.2988228322e-02 2.1874576951e-02 -6.8728152467e-02 -1.0036548766e-01 -6.2710992242e-02 8.6119614989e-02 -4.4035916473e-02 -9.7780124264e-02 -2.7476016801e-02 -1.3040527998e-01 2.1398530363e-01 -1.2251298553e-01 3.2459454196e-03 2.2739303454e-02 1.5984267406e-01 -1.6528997368e-01 6.3886608601e-02 -1.7333818447e-01 -4.1256416549e-02 1.0268090328e-01 5.2698796452e-02 1.9664139867e-01
1.1138032955e-01 6.0105911203e-02 6.2041546922e-02 -1.0091406882e-01 -1.6464711097e-02 -1.3207239905e-01 1.5408720175e-01 3.1130143111e-02 -5.4576949207e-02 1.5032160409e-01 9.8336822012e-02 -1.6788277102e-02 3.3601860162e-02 -4.4137263343e-02 1.0327747762e-02 -1.4124124543e-02 4.3280728526e-02 -1.4600770241e-01 5.3292329476e-02 2.9195588521e-02 -9.1184671734e-02 -8.7579313852e-02 1.0066094214e-01 -7.1238343524e-02 6.9388125787e-02 -1.2615963737e-01 1.8740437825e-01 -1.6051948607e-02 -2.0002560752e-01 8.5481476877e-02 3.6635646531e-02 -3.8894369916e-03 -8.4854973527e-02 -1.2571543611e-01 -1.4409481776e-02 -5.5802409182e-02 3.0341525858e-02 1.6538848479e-01 -6.2096978914e-02 3.0278734840e-03 1.8563318904e-03 -4.8672303168e-02 -2.7087053737e-02 3.7918461785e-02 -1.1541409061e-01 1.9364016652e-02 3.7029713187e-02 -7.3011855843e-02 2.0151283856e-02 1.0752680299e-01 -1.8515249498e-01 3.4936988892e-02 2.3628160817e-03 1.5103994373e-02 -3.0979151289e-02 3.3134207617e-03 -3.8989384803e-02 -7.0246915368e-02 -1.7840029869e-01 1.3958558120e-01
-8.1053348482e-02 1.2469342510e-01 -6.0749787850e-02 -1.6991497911e-01 -1.3782426846e-01 -2.3102082255e-02 6.2221658459e-03 -9.7450880666e-02 7.8118469278e-03 3.7847831561e-02 1.1514749692e-01 -7.5086038422e-03 1.0785288516e-01 1.8946120109e-01 -1.3292306457e-03 -3.5537079863e-02 -7.4259770786e-02 -1.0827470355e-01 1.8131777332e-02 1.1109626443e-02 -8.5524032408e-02 8.3263295052e-02 -7.4459819961e-02 5.7549627518e-02 -3.2526697293e-02 -1.7121913368e-01 -9.2590961787e-02 1.5183689651e-01 1.2212934501e-01 -8.7833780786e-02 8.9072924415e-02 -1.7934784595e-01 8.7040818226e-02 4.2737098866e-02 1.1595541264e-01 1.3489175847e-02 -1.0707392555e-01 -1.3563965313e-02 1.8175503827e-01 -4.1990543871e-03 5.9515850053e-02 -8.4915877331e-02 8.2946084964e-02 6.3443915532e-02 -3.3717374361e-03 -1.2423077996e-01 6.4493062791e-02 -6.9610007957e-02 1.7462181999e-02 -2.0103780415e-02 -7.6392389305e-02 6.7013591949e-02 2.2307480054e-01 -1.0868509666e-01 7.7081343287e-03 -4.6368068201e-02 -1.4918236819e-02 -1.1117575271e-01 5.6562520402e-02 2.0063902442e-01
-6.1103989544e-02 -5.4721826556e-02 9.5842121174e-02 8.2608995129e-03 -6.1500601553e-03 8.8795210628e-02 -1.3548389857e-01 1.0377917264e-01 9.7591531134e-02 -7.5892800180e-02 -1.5592133133e-01 4.4283819221e-02 -2.7382682859e-01 1.3110004673e-01 9.3837443387e-02 1.7360743776e-01 -4.4573942025e-02 7.4204074500e-02 -4.6725750908e-02 3.7925192236e-02 9.2491010271e-02 -3.8362176912e-02 6.8995417419e-02 -2.6422121098e-02 -5.1837757387e-02 8.7656805661e-02 9.5630782083e-03 -7.9092811272e-02 1.4334603905e-03 -1.5800952774e-01 1.5328400811e-02 2.0173144092e-01 -1.3813508747e-01 -1.7460317990e-01 1.1562742938e-02 8.9798650492e-02 2.0171342160e-01 1.6513006046e-01 1.5583160325e-01 -7.0702664391e-02 3.6524012116e-02 1.4389932856e-01 -1.0701120903e-01 -1.1963824828e-01 -1.0232330980e-02 1.5664539604e-01 1.2406962675e-01 2.0782163473e-02 -2.3708136128e-01 1.2508535163e-01 3.7695762245e-02 -1.9622706131e-01 -4.4277068314e-02 6.7448335255e-02 -1.3838981192e-02 2.4728626300e-01 1.2067809393e-01 -4.9910770395e-03 6.0406422444e-03 -1.1016416016e-01
-3.0153090047e-01 1.5493281633e-01 -1.8570597079e-01 7.9273816980e-02 -2.7902748361e-01 6.8768704210e-02 1.8243637228e-01 1.9075833709e-01 -2.1031428839e-02 4.4450310940e-01 -3.1308043486e-04 -8.2553551193e-02 -8.9201591939e-01 -2.5900732296e-01 2.1049364311e-01 9.0559962450e-03 -9.7078174731e-02 8.4355107296e-02 1.3009243616e-03 -5.7452249151e-02 2.1344433580e-01 -1.5321300207e-01 4.2239402368e-02 8.7130043458e-02 -1.1215879197e-01 2.0114955726e-01 -1.7171485100e-01 1.4976727605e-01 -1.1061193167e-01 3.5398656183e-02 -3.4483657514e-01 -1.5959678174e-01 3.0875745983e-02 -3.5511979180e-01 5.1792424087e-02 -6.2688472568e-02 1.4178994623e-02 -3.1369961529e-01 4.8387343856e-02 1.5033502716e-02 -2.3835699746e-01 -3.6538055525e-02 -6.7356994944e-02 4.4402711418e-02 -3.1726097439e-01 -2.7623293649e-01 1.1953263773e-01 2.2429071760e-01 5.4154318146e-02 2.2851196269e-03 1.9211762398e-01 1.0921235378e-01 -4.9157865051e-01 -1.1763685184e-01 -5.6248039018e-01 -1.4322936357e-01 -1.8348099105e-02 -7.7790822656e-02 -2.7639539067e-01 -1.8596865962e+00
-3.9870432093e-01 -3.0951634849e-01 -4.0486148462e-01 -1.4904357787e-02 7.3971439800e-02 -2.1913878278e-01 -2.1537105731e-01 -4.2355357971e-01 -4.7007679565e-02 8.6635062773e-01 1.3775822750e-01 4.2294445534e-01 5.9444768402e-01 -6.9210186647e-02 1.2047338104e-01 4.4775750075e-02 1.1547288258e-01 -1.2142230303e-01 4.1265204793e-01 -1.1023821867e-01 -3.3527466593e-02 -1.7631013124e-01 -1.3232625600e-01 2.2064118359e-01 7.5663661396e-02 -9.4984980116e-02 4.4396196969e-01 -1.5012568440e-01 -1.0468205145e+00 7.1832848474e-01 -1.4687089659e-01 3.5057176855e-01 -8.1140817660e-02 5.5072474283e-02 -1.5175097492e-01 2.2133819021e-01 -6.8771083952e-01 -2.7419957246e-01 4.2352582399e-01 3.1393430132e-01 1.4126922222e-02 -4.1182703687e-01 4.8453336096e-01 -9.9940306295e-02 -1.1218762968e-01 1.5397017451e-01 -1.2927764581e-01 -9.4701830212e-01 1.2835642959e-01 -1.1578903343e-01 -2.0531876284e-01 -5.5792388142e-02 -5.1564548065e-01 1.8544162008e-01 4.0133153270e-01 -2.5037341822e-01 -5.6149233245e-02 2.8395143071e-02 2.4850038760e-01 -2.6202853156e-02
5.3737714282e-02 -6.6371211464e-02 -1.0784580305e-01 7.6665042458e-02 7.4428227798e-02 -2.5872970826e-02 1.7479991463e-01 7.8485759613e-02 -5.1180161077e-03 -5.7608499171e-02 -6.3200194549e-03 -8.5663781531e-02 -6.0195820703e-02 3.8325845696e-02 -8.5514745550e-02 -8.3504168381e-02 -1.9974689930e-01 -7.2826589804e-02 4.7816896176e-02 -1.0917862638e-01 7.3207619867e-02 -8.1080967039e-02 4.3217626218e-02 -1.0704741786e-01 -2.7634525832e-02 3.7699842121e-02 3.3065562734e-02 1.1119057548e-01 -2.5228131184e-02 2.0444810066e-02 1.3259944624e-01 4.3344707603e-02 8.5786882305e-02 -1.7351561516e-01 -6.1206002257e-02 8.5888769106e-02 -5.6127572436e-02 4.2699299615e-02 1.0789438261e-01 -7.9298599753e-03 -1.4134580538e-01 2.6019881235e-02 -9.2250002740e-02 -1.4499050639e-01 3.4121323761e-03 -6.6457525058e-03 1.1847806011e-01 1.7794479278e-01 1.0710173059e-01 -1.6106784676e-01 1.0230181616e-01 2.9765350199e-02 6.4837069519e-02 4.1426927362e-02 1.8220196619e-03 1.5050408444e-01 2.7627783552e-03 2.8459479592e-02 6.8987493441e-03 -1.1236559323e-01
-3.9260668340e-01 -1.6219068575e-01 -5.4869496551e-02 2.4801563687e-02 -9.9036343644e-02 -1.7812347162e-01 -5.9875833943e-02 -1.6469447217e-02 6.3577242045e-02 -2.5972023887e-01 5.2853591055e-02 -1.1034505729e-01 -2.4359474068e-01 2.0055585609e-01 -7.6058458544e-02 -7.6272992198e-02 2.2683112410e-01 2.9768316618e-01 5.9015644830e-02 -1.8149996259e-02 8.1238446778e-03 -2.1275350448e-01 -2.6760461034e-01 -2.0435969712e-02 -1.3827964978e-01 2.4006811283e-02 1.6523893455e-01 2.0931787876e-01 -3.5693666054e-01 -2.9587771431e-02 2.8690015843e-02 -5.5770062388e-02 4.9958461084e-02 -5.2733374077e-01 -2.9069484378e-01 -3.8145668664e-02 3.0522559481e-02 -2.4793755964e-01 2.2251012510e-01 1.1933689447e-01 2.2946525080e-01 -1.7680701136e-01 1.1639587136e-01 6.0860625963e-02 4.1576738419e-02 -1.6671219504e-01 2.6496555879e-02 -6.8015430513e-02 -1.3239556051e-01 -3.5152039425e-02 -3.7406381996e-01 -2.2592306807e-03 -5.9073800542e-02 2.6219053798e-02 1.0884509042e-01 3.0010338784e-02 -1.0230690366e-02 -5.6009519898e-02 1.0493280077e-01 -1.7408736144e-01
-1.2971842756e-01 -1.0648596013e-01 4.2648363800e-02 -9.0794218068e-02 -9.9250328568e-02 3.0652305638e-01 -1.2586107232e-01 -3.5243645313e-01 -1.4626080067e-01 1.0902661133e-01 1.1239473131e-01 8.5990198743e-02 6.1304857195e-02 1.5940566810e-01 -2.8591282883e-01 1.7403362892e-01 1.4840889123e-01 1.3271878030e-01 -1.2123902727e-01 9.2267977846e-02 -6.1266867199e-02 5.3874018894e-03 -1.7296942315e-02 8.2244431176e-02 3.0721751983e-02 -3.1185270132e-02 7.6658510326e-02 4.1173040608e-02 -7.3272298424e-02 9.5694119583e-02 -5.1067446832e-02 1.9811498337e-01 1.1751341436e-01 -2.6613033124e-01 -1.2510832653e-01 3.8206175668e-02 -1.8567477242e-01 1.2981437009e-01 -4.4791473165e-02 3.6308415621e-02 1.2468005454e-01 -1.1051624434e-02 5.4383998136e-01 -7.9644138749e-02 7.0257895618e-02 -3.4802302216e-02 -2.6821944991e-01 3.4211261598e-01 1.0480239640e-01 -1.4537446344e-01 -1.8209886533e-01 -1.6567562763e-01 9.8113742776e-02 8.4996613807e-02 2.6692259469e-02 -2.1241506204e-01 -1.3638856951e-02 2.2406348579e-01 4.5381446080e-02 1.1793705896e-01
-4.5378697891e-02 -1.2265182195e-01 -2.8350826223e-02 -4.8865022659e-02 2.5382763799e-02 -7.3054618469e-02 6.9530424837e-02 -2.1048098296e-02 -1.4122593837e-02 -9.0208652401e-02 4.1463429131e-03 -4.9677065639e-02 -5.6215913354e-02 -5.9962915795e-03 2.1340297514e-02 1.0246889447e-01 -9.6073363632e-02 1.8224717865e-02 -1.2744736109e-02 -2.4189334592e-02 -1.0564921904e-01 -3.5584116305e-02 2.9351032309e-02 -1.0221016860e-01 -6.6266592747e-03 2.0346851604e-02 -6.4933602633e-02 -6.5892011857e-02 7.3445542592e-02 1.7717255630e-02 6.3135284744e-03 2.1820190106e-02 2.2081907564e-02 4.5159371837e-02 -2.5643612006e-02 7.1891177805e-02 -6.0009758301e-03 2.3136835138e-02 8.5925013466e-03 4.7235470988e-03 -1.1364414608e-02 -8.0849007154e-03 2.8945740964e-02 -9.3641495219e-02 1.3503000399e-03 9.4109926344e-03 -1.3195561157e-01 -2.1561367939e-02 4.5903947454e-02 -1.0000850257e-01 1.7139758114e-02 4.3289741245e-02 -5.6563650874e-02 -5.0291815548e-02 3.6951000943e-03 -5.1279513575e-03 -3.8569334868e-03 -6.4287310339e-02 -1.1717798456e-02 4.6633617551e-02
1.8261670641e-01 -7.9537551990e-02 -1.1854680415e-01 2.7543589252e-02 -1.4698237768e-01 8.8577360597e-02 -5.7149174659e-02 -7.7139380853e-02 -3.6300757445e-02 -7.2706062393e-02 1.6375538102e-02 5.1651099543e-02 1.1451484654e-01 7.1536041063e-02 3.6356455669e-02 -7.4760469915e-02 -1.6186181016e-01 -1.6452828496e-01 7.5239310806e-03 -8.9352506447e-02 9.4411227051e-02 1.3981946630e-01 4.6719543646e-02 -1.9993385510e-01 -6.2390604756e-02 -1.4936631920e-01 -2.8655690035e-02 1.2665724554e-01 8.9497999589e-02 3.6496522386e-02 1.6256154746e-01 -6.9263682823e-03 7.9383177986e-02 -1.2719350699e-01 -1.5902528411e-01 -5.5120389548e-02 -1.0024408373e-01 -3.0827327134e-02 5.6843658625e-02 2.1245061134e-03 3.3335201522e-02 -1.1539346284e-01 -1.5609117672e-03 -7.9346198594e-02 -1.3294464611e-01 -2.2782163461e-01 -3.6191135199e-02 1.4366030071e-01 -7.9208814996e-02 1.8699006023e-01 -7.6925421094e-02 3.1184592215e-02 -9.6946269657e-02 1.6849455928e-02 -6.6276983122e-05 2.1039777214e-02 3.0532379259e-02 -1.0583870512e-01 2.1566911048e-01 1.0285494396e-01
-2.9346654339e-02 -8.2457185276e-02 1.0692313890e-01 -1.1993882566e-01 7.9979018564e-02 2.1991509825e-01 5.1189094626e-02 1.7103803093e-02 -1.1098715007e-01 -2.5191077960e-02 -3.4272843131e-02 1.9795777228e-01 -5.3299552462e-01 6.2450298370e-02 -2.4747343715e-01 1.9894133472e-01 2.0948696049e-01 -1.3711439035e-01 -3.9771721098e-02 7.7967385633e-03 -1.3393057408e-01 1.5877306170e-02 8.9231498998e-02 7.6350985387e-02 1.3725594875e-01 -5.9786950915e-02 2.9654763389e-01 3.2633886807e-01 1.8402270460e-01 -5.4430888811e-02 3.4928614682e-02 2.3763368638e-02 3.8033616158e-02 -1.0456778288e-01 6.7652503235e-02 -5.0316782138e-02 1.5145340169e-01 1.9603480209e-01 -1.2914284537e-02 8.0652683457e-04 1.1177548476e-01 1.3767598320e-01 8.1900891409e-02 -1.6758868313e-01 -5.8046700987e-02 -4.2727277261e-02 -8.0499817790e-02 1.4422054430e-01 4.2583930950e-02 -2.3705416917e-01 1.4491290097e-01 1.1288797926e-01 4.4614125044e-01 1.0683965268e-01 -1.7899802297e-01 -4.0869802848e-02 -8.8570578444e-03 -2.1907596181e-01 1.6500923810e-01 -2.5980064619e-02
4.5470929713e-02 -1.2400035164e-01 5.1124921260e-02 -1.2537015105e-01 8.6067799263e-02 -7.6351208502e-02 1.2632590214e-01 -4.7108022895e-02 -5.0269999478e-02 4.7561904331e-02 -7.8289480155e-02 -1.1386451599e-01 -1.3385554910e-01 -6.6709050573e-02 1.3844410857e-02 1.1442323323e-01 -7.3177471892e-02 2.4866142679e-02 -8.5262680748e-02 2.3018406239e-02 -2.9818683451e-02 -1.0526778145e-01 -6.1263577943e-03 -1.6267228043e-02 1.6750777710e-02 2.2721585814e-02 -7.6385476513e-02 5.2444697821e-02 -9.5038791911e-02 -4.3506198544e-02 7.8194278841e-02 -3.0096199005e-02 4.1405605094e-03 -1.4118462386e-01 -1.3467290949e-01 5.8196570182e-02 9.0220556760e-02 1.4005504374e-01 3.4862502426e-02 -7.5902529152e-02 -1.4296942617e-01 2.6982304500e-02 -9.6956279965e-02 -1.0761560263e-01 -1.1764172867e-02 3.7353472996e-02 2.0339783593e-01 1.4661869404e-01 -6.4665282501e-02 4.4906015951e-02 -2.1437562489e-02 -1.3153145824e-01 -4.7085230470e-02 7.2600111896e-03 1.2058840479e-02 2.8186846845e-01 6.0384117513e-02 -2.7439857428e-02 -4.6990660662e-02 -9.9178400566e-02
-6.5079971423e-02 -5.3668434026e-02 9.7933423044e-02 2.7691730400e-02 -8.3344559090e-02 -9.7364766069e-02 -1.4833607683e-02 1.1331650075e-01 7.7616429737e-02 2.7189370243e-01 -3.0504574438e-04 1.1689499144e-01 -1.1512474327e-01 3.8707462572e-02 9.5649309956e-02 1.2850693465e-01 -5.9055466783e-02 8.1190635340e-02 -1.1919498540e-01 -2.5563361401e-01 -8.7662644156e-02 -6.9932450599e-02 9.2185440042e-02 -3.1734501798e-02 1.3153012946e-02 8.5089437045e-02 -1.7566840739e-01 1.1254129012e-01 1.6142492256e-01 8.9966583803e-02 -1.1039092662e-01 -9.3737577335e-02 -1.0457405161e-01 -2.0367204633e-02 1.0609129719e-01 8.2641229602e-02 5.8915658958e-02 1.5215102923e-01 1.8702344783e-01 -2.7198969016e-02 1.7887986092e-02 2.4589938604e-02 -1.7127951970e-02 -1.3679900330e-01 4.9210297831e-03 1.3244907522e-02 4.4919225568e-02 5.4127442651e-02 1.0950621986e-02 -8.8794745646e-02 8.2975060186e-03 -9.5966990839e-02 2.8871493332e-01 2.6922925632e-02 3.6839002939e-02 6.7809035591e-02 4.9298428763e-02 -6.7178977336e-02 1.8598946709e-02 -3.8592858436e-02
2.4895508000e-02 -1.2088433305e-02 -8.0732471167e-03 -2.9033195051e-03 -1.8664319147e-02 6.8583763954e-02 -1.1825344489e-01 -3.2592637911e-02 5.4001695320e-04 -5.8483593349e-02 -3.2545421296e-02 -8.6835658865e-03 3.0376052411e-03 1.0496714880e-01 1.0546969412e-01 -2.3271477922e-02 -3.9952616371e-02 -7.1164179368e-02 2.0221918329e-02 1.2411795643e-01 7.2553987943e-04 -3.8868033934e-02 4.4172685770e-02 -3.0183045244e-03 -2.1326812765e-02 -7.2406484908e-02 6.6582545516e-02 2.9828700797e-02 -2.4956596479e-02 6.2487766073e-02 6.2686027076e-02 -1.0341402266e-01 -1.0939046054e-01 -1.2760824560e-01 6.1912385777e-02 -8.3556692794e-02 3.2573456319e-02 1.2081899105e-01 -9.0552650586e-02 2.2081517264e-02 -3.6719130672e-02 -4.7908722941e-02 1.8438858225e-02 -6.8502160539e-02 2.4912663769e-02 -9.2050462733e-03 -1.1645182721e-02 4.7375022200e-02 9.5337033020e-02 1.8829925358e-02 1.6592246388e-02 4.5609908731e-02 -2.4240051580e-01 2.0183690249e-01 -8.6633524161e-02 -4.2112511348e-02 -6.7708689584e-04 8.6132919297e-02 9.5369732783e-02 6.4353478455e-02
8.0547660277e-02 -1.1752469586e-02 8.9062980748e-02 -1.5889109170e-02 -1.2171659656e-02 -8.3381815588e-02 -1.3414264789e-02 1.9589029593e-02 1.0340887832e-01 6.3970204000e-02 -6.4068889783e-02 5.1469543364e-04 -2.4508830954e-02 -5.0179661475e-02 -4.9401896733e-02 -1.0517134522e-01 1.8661369333e-01 4.1363903691e-03 9.0971165550e-03 -3.8204493345e-02 3.1457148066e-02 -2.7355921042e-02 -3.6104184710e-02 -2.4027797499e-02 6.4468185346e-02 -5.9161080805e-02 7.0819119432e-04 -1.1942205035e-02 -1.0009542121e-02 -1.6699694026e-02 9.9466076816e-03 -1.2652798712e-02 5.7316672510e-02 2.5640074494e-02 -7.8654504376e-02 -5.2006706541e-02 1.3244986837e-02 -7.2482144243e-02 3.6316189692e-02 6.0006663989e-02 -7.5605264461e-03 1.2653101181e-02 -3.7634320649e-02 4.5401765006e-02 9.2084478296e-03 4.8933249524e-02 9.1273250036e-02 3.2883507733e-02 -1.2366994811e-02 -3.9573844892e-02 7.9871096664e-02 -9.2401130734e-02 6.0273923762e-02 1.8032545574e-02 -2.4156878879e-02 -7.3207171129e-03 1.4162948651e-02 -1.8006042470e-02 -4.9728782350e-02 1.7646847248e-02
-8.5733009751e-02 -1.9107881984e-02 -4.8893049189e-02 -3.0542000147e-02 7.5890646621e-02 1.6270910348e-01 -7.1702831157e-02 1.5674823538e-01 5.3445381709e-02 -1.5494247826e-01 -8.6226802782e-02 9.0761785522e-02 -2.4374639690e-02 2.2122879180e-02 -1.0586052524e-01 -1.2204301066e-01 -4.4571774973e-02 2.2806250053e-01 -6.3112393870e-02 8.2375151331e-02 1.6443915158e-01 -1.2486033747e-01 4.7970565775e-02 -2.5135394904e-03 -1.8071510206e-01 -8.4980861242e-02 1.1806627268e-01 -2.0799040831e-01 -5.2089543750e-02 -4.6942818011e-02 1.2689966826e-01 5.7214821716e-02 -7.5402256355e-02 -2.0357191504e-01 6.0572295466e-02 1.0703861043e-01 2.0638236252e-01 -6.8381506097e-02 6.9881745962e-02 -1.0150946702e-01 -1.3777777383e-01 -5.3127589260e-02 -1.0696017704e-01 -8.6112146395e-02 1.2219405100e-01 9.0150215522e-02 -5.8473497816e-03 1.7003970925e-01 1.2445357934e-03 -1.0667191650e-01 1.3959706366e-01 5.1641988418e-02 -8.9457987713e-02 4.3251524836e-03 4.4202038144e-02 -9.2642311015e-02 6.8438951728e-02 1.4570154611e-01 -1.1503153184e-02 -4.5122909197e-02
-7.0876909952e-02 -4.4550913286e-02 -1.7466395364e-01 -3.8609041546e-02 -1.7763582633e-01 1.0351651072e-01 -6.6745220288e-02 2.6108040582e-01 -4.4720460271e-02 1.3572508428e-01 7.1104345407e-02 9.5623298267e-02 8.8143833067e-02 4.2218429544e-02 5.4134922552e-02 4.6078617050e-02 9.2520610471e-03 -5.0259179652e-02 7.4908953387e-02 7.5775609348e-03 -1.2757307234e-02 -5.2943421129e-02 -7.1014480408e-02 -7.1594840428e-02 6.4253657508e-02 1.8131861125e-02 -2.3483827266e-02 5.2455028827e-02 -9.7399156977e-02 2.6649606025e-01 -2.8682980718e-01 1.5247386416e-01 2.4399687864e-02 -3.1549589135e-01 -4.7287199351e-02 3.0019690110e-02 -1.3234535899e-01 -5.3117885092e-02 2.2795370218e-01 7.6165583516e-02 7.1040450397e-02 -2.7471213814e-02 1.7926299619e-01 -1.8130974789e-02 -6.5422138490e-02 8.9059607123e-03 9.0375483510e-02 1.4375800123e-01 3.5454459129e-02 -8.7273659947e-02 -1.2377292277e-01 5.7998338409e-02 -1.1516480168e-01 -7.4484914924e-02 -1.6055664147e-01 8.9919433341e-02 -2.3925710155e-03 -1.5439437593e-01 -9.1047638867e-02 1.2100284775e-01
2.3971347357e-02 4.9547115290e-03 1.7906870565e-02 7.5970244493e-02 5.1296271860e-02 7.6946958615e-02 -4.0964350901e-03 -5.7439624477e-02 8.9191934829e-02 5.7435941826e-02 7.6784492281e-02 -1.5042671375e-01 -6.9856907855e-02 -2.4695946645e-02 2.7825658005e-02 -7.9578765248e-02 -1.9960193331e-02 -7.6143645970e-02 -9.2894569143e-02 -6.4166969636e-02 -9.3542166137e-02 4.0801533257e-02 -1.5085359611e-03 7.6767119542e-02 6.8835649061e-03 -3.5228898441e-02 2.1458459610e-02 1.5024697889e-01 1.0709458713e-02 -7.2698905049e-02 -5.8200278702e-02 -2.3776004512e-02 -9.9833647647e-02 7.2207570441e-02 -2.5876562054e-02 2.8584113829e-03 -1.1245930240e-02 6.5169412006e-02 1.6715812744e-02 4.1805599927e-02 -3.8257030082e-02 -1.4058966610e-02 2.4141659606e-02 -6.5626556408e-02 2.3694427754e-02 -3.7310746183e-02 1.2210873643e-01 7.7740338214e-02 5.2087306077e-02 5.4839790477e-02 -1.1217534432e-01 7.7008715453e-02 5.1994221424e-02 3.6072015889e-02 -2.3320183662e-02 1.3721334183e-02 1.0656419469e-01 -1.5633431190e-02 -2.6372874120e-03 1.7207741840e-02
-2.4706615750e-02 1.6113810615e-01 -2.1875809244e-01 -1.2959743865e-01 -1.4513860507e-01 -2.4020181798e-02 9.1705557964e-02 -3.7548970507e-02 -4.1909271930e-02 -9.1745335431e-03 2.2089845431e-02 -6.7270369697e-02 1.3763531966e-01 1.8320957954e-01 -8.2371813940e-02 -8.3344348419e-02 -2.1217731563e-02 3.1656355014e-02 -1.1221436039e-01 -7.1376160447e-02 -2.4574223190e-02 -4.3897171832e-02 -6.9609500896e-02 1.1091205706e-01 5.0200386497e-03 -1.7530613308e-01 -5.1431840806e-02 1.3106807976e-02 -6.4753851830e-02 -4.4741495031e-02 1.0163468013e-01 1.1928691513e-02 -3.2692618219e-02 2.5414328999e-02 4.5944137571e-02 1.3524140130e-01 -1.2010980308e-01 -6.8656737903e-02 -1.1873165773e-02 1.0256469976e-01 5.9400025358e-02 -1.0288396960e-02 6.6184747757e-02 1.9547079682e-02 -1.0733060758e-01 6.0488278126e-02 -4.8241596628e-02 -2.2086951993e-01 3.0575328621e-02 8.0731252139e-02 -7.1815134146e-02 4.4542703898e-02 9.2271764137e-02 -3.4715320117e-02 7.0563067645e-02 -2.1342869797e-02 -9.3429134285e-03 -7.2999664901e-02 -1.2096316488e-02 8.5330708541e-02
-1.6159700979e-01 4.9834244839e-02 7.1846113404e-02 1.0360439113e-01 -4.6682543059e-02 1.2748009022e-01 1.1161421856e-01 -9.4621055413e-02 -3.2377403491e-02 -2.1931406271e-01 7.4846900297e-02 6.9209426731e-02 1.2090083384e-01 -9.7374362225e-02 1.1508757096e-01 2.3211719659e-01 -8.4571667142e-02 9.2122018659e-02 -9.2392870270e-02 -1.6804108788e-01 7.4786955050e-02 -1.0998127948e-01 1.3169177870e-01 7.4626577764e-02 -9.3285361764e-02 2.3623202917e-02 -1.3600293017e-01 -1.9703745928e-01 8.2155847184e-02 -1.2216647082e-01 -1.0310441416e-01 4.9506126000e-02 -7.4817328608e-02 -1.4797665880e-01 1.1743473768e-01 4.0872165347e-02 1.3744285266e-02 9.3648491485e-02 1.2964939290e-01 -1.2922790113e-02 -6.6663425178e-02 -2.2554364486e-02 -5.2184611773e-02 -8.0747239067e-02 -1.0464731278e-01 -4.1424824534e-02 5.9463443353e-02 2.0047164763e-01 -8.2025062520e-03 1.0627755462e-01 6.4110110492e-03 -7.6024258003e-02 -1.3240982211e-01 -1.4293688909e-01 -5.6984779414e-02 3.0302456728e-02 5.1462883640e-02 7.1101258598e-02 8.1361373945e-02 -4.7123362251e-02
2.8346132506e-02 -3.2959506823e-02 -4.5974301108e-03 -1.4602638867e-02 -1.9605049923e-02 -2.6799960362e-02 3.1023424582e-02 6.0603304480e-02 -2.6440234086e-02 8.7422111369e-02 -6.2915019789e-03 -6.8816618655e-02 1.6305982140e-02 5.2861322943e-02 1.0592819547e-02 -7.9462948906e-02 2.4394283125e-03 -2.1958060877e-02 -1.4902155240e-02 1.6472797982e-02 -1.2039374789e-01 -6.9980690181e-02 7.4884287640e-03 4.1565329595e-02 -8.5487044890e-02 -1.0040165855e-02 5.1328407144e-02 7.6657715372e-02 -3.0321660558e-02 2.7685394039e-02 9.7697587807e-03 5.0982813620e-02 1.7675112816e-03 5.5262866247e-02 -2.4311416520e-02 8.0960415290e-03 4.5937967038e-02 1.7963779103e-02 -5.7284738044e-02 -5.1317182238e-02 2.7176473058e-02 7.6480095835e-03 5.4389804606e-02 6.8609202341e-02 -6.6299167830e-02 -3.2578487223e-02 -9.1097331227e-02 -1.1987184861e-01 8.9181273201e-02 -5.0413847686e-02 5.3076651797e-02 6.9939153894e-03 -7.0226032645e-02 -5.3944093213e-02 4.0187030125e-02 -8.3114222942e-02 2.2663399348e-02 -3.4013946785e-02 3.3305946968e-02 3.4965409115e-02
2.0363322279e-01 5.3119345344e-03 -6.8488163571e-03 1.1427731395e-01 1.2464135981e-01 1.3907329833e-01 1.4897857422e-02 5.9186756462e-03 -9.3436278942e-03 -5.9749655793e-02 -1.0705366831e-01 -9.4180457284e-02 -8.3856817874e-02 2.0461595308e-01 4.9288302124e-02 4.0308150468e-02 -7.3957197314e-02 4.2762119549e-02 -2.6707375012e-02 4.8098881111e-02 -1.2493313535e-02 -4.9227766729e-02 6.2286525423e-02 -3.3955879975e-02 -2.3575738076e-02 -1.3825138923e-01 9.7192111570e-02 -2.3163342844e-02 5.4043377353e-02 -1.8092613050e-01 2.7230948900e-01 -4.6661305644e-02 -1.3198132689e-01 5.2271241073e-02 6.2815880712e-04 1.6370985564e-01 -1.3369843979e-01 -2.2457879936e-02 8.2991168457e-02 -5.5648698034e-03 6.3042166854e-02 1.1985781535e-02 -2.4617010722e-02 1.7838660731e-02 -1.9634896944e-02 -6.7896063521e-02 1.7393234594e-01 -1.0524458792e-01 -8.2747347443e-02 5.1318440464e-02 8.7979668731e-02 -2.3176342033e-01 -1.8197573253e-01 3.4956333121e-02 -7.0777914145e-02 -1.5685370010e-02 1.3723423348e-02 -6.3146174617e-02 6.8852355219e-02 4.0958943115e-02
1.6745460915e-01 -8.4725608703e-02 1.0330637673e-01 -9.3168323167e-02 1.3133865882e-03 -4.5081423908e-02 2.9961923474e-02 -4.3933521224e-01 8.9538661090e-02 -1.1925600934e-01 1.2553011929e-01 -9.6015971999e-02 5.8764466087e-02 1.0389549019e-01 2.9653240069e-02 3.2557366039e-01 1.5756157401e-01 -1.8942646491e-02 1.1206890576e-01 2.2783469176e-01 6.1550688652e-02 2.9155001632e-03 -2.3784230679e-01 1.9196745113e-01 4.8093374550e-02 1.1033900973e-01 -6.2620997145e-02 2.3671024608e-01 -4.5521211754e-02 -1.9072570526e-02 1.3668246306e-01 2.2165041835e-02 5.5464197229e-02 -3.2265169529e-01 -8.1875462277e-02 1.5567001006e-01 -2.5409630659e-01 -2.9310423911e-02 -1.9690071779e-02 3.8807782784e-02 -7.3435332546e-02 -8.2801219928e-02 -9.0942573278e-02 -6.5673061012e-03 -2.1476919695e-02 1.1710886051e-01 -2.3133319014e-01 -7.7270660813e-02 1.1586123529e-01 5.0851554431e-02 7.5888904316e-03 -5.9580531297e-02 6.0085763182e-02 5.2378056078e-02 5.0250149763e-02 -7.2311734232e-02 7.9432344859e-02 -1.1779543504e-01 -9.0449536484e-02 -1.4697334449e-04
2.5658433813e-02 1.3633767067e-04 4.9107708289e-02 -1.7622852389e-01 -1.5020510943e-01 3.6415153010e-02 -1.5214245786e-02 7.9205460289e-02 -3.0091525849e-02 6.8430190092e-02 6.1096137075e-02 -9.1748195619e-02 1.8359767237e-01 8.5709118491e-02 -1.1877672672e-01 -2.1201207013e-01 -1.3384941628e-01 -8.8982348977e-02 -8.7195614058e-02 2.2797437313e-02 -7.4389581881e-02 -8.4755141669e-02 -1.0517471144e-01 -1.0186154937e-01 3.2692419549e-02 -1.5402875001e-01 -1.4376210424e-01 1.1659231241e-01 9.3083209027e-02 1.0773837922e-01 2.4369894641e-01 -5.9872262021e-02 6.6632972441e-02 -2.3522265220e-01 -1.4517093834e-01 7.5761021714e-02 -4.0082731143e-02 1.5264578971e-01 7.3473055306e-02 5.3175674894e-02 1.3444816588e-02 -1.0206725654e-01 7.3434030872e-02 3.3991938584e-02 1.0201881647e-01 -8.9042770480e-02 1.1327192311e-01 8.4836640599e-02 3.3701690034e-02 -1.3574537639e-03 2.6066571454e-02 6.2311086795e-02 1.3767417227e-01 5.8588686142e-03 1.0248201033e-01 7.8291113753e-02 -9.8677860430e-02 1.6273236883e-02 -1.0531629937e-01 1.7507867865e-01
8.2017313221e-02 7.0261932067e-02 -4.4220615421e-02 1.7505740640e-02 6.3500861822e-02 -1.5079986946e-01 -2.4014624793e-02 5.8348753761e-02 -2.0091814043e-02 -7.2255427348e-02 1.1421721251e-01 7.2658729793e-02 -5.7787717347e-02 -5.9568730205e-02 3.4900999187e-02 6.7947193840e-02 -9.6661439363e-02 -1.3806816054e-02 -1.3119276771e-02 3.7861186882e-02 -8.9759386769e-02 9.0554094980e-02 -1.2468979999e-02 -2.8220568883e-02 5.1723640504e-02 -1.0074146435e-03 7.9288151213e-02 -4.1417135772e-02 -8.1649034697e-02 5.1543594605e-02 6.0011763908e-02 6.6371969139e-02 -9.2128989718e-03 7.0664992361e-02 1.4770972859e-02 2.5816978657e-02 -2.6308208994e-02 3.5022757296e-02 -5.2642177734e-02 -3.0433709482e-03 -5.5628128468e-03 4.7025706791e-03 -2.4663860153e-02 3.3215649820e-02 1.5034727595e-04 -4.6308193732e-02 -1.7229552067e-02 2.1030658416e-02 -7.0991349279e-04 5.1359154691e-02 -6.5951716470e-03 1.3888269167e-01 5.5742588365e-02 2.9782271115e-02 7.1742108129e-02 -9.9535660662e-02 4.4957616525e-02 -9.1175338889e-02 8.6946210333e-02 -8.5040290832e-02
-5.5909848252e-02 -1.4654243110e-01 4.1548965941e-02 1.5316704647e-02 6.1059227956e-03 6.2711548700e-02 -1.7682308103e-02 -1.9136744148e-02 1.3853099457e-01 -6.4419669139e-02 -4.2546393568e-02 1.6433017394e-01 -8.4413149368e-02 2.6188972287e-03 -7.8629516269e-02 -4.8833105528e-02 -3.0937455121e-02 3.6056230162e-03 -1.1932294119e-01 3.6679542628e-02 6.7378915724e-02 2.2357775809e-03 2.9802699693e-02 -1.0696118463e-01 1.3970075365e-01 5.8140497267e-02 -9.9871311238e-02 -1.2454244418e-03 -2.7205907140e-02 2.2206104161e-02 4.8809618728e-02 2.9533519089e-02 4.9948460502e-02 -1.1294070077e-01 -8.2550362373e-02 3.6970388668e-02 1.4243385769e-01 7.7488345132e-02 1.5343004210e-01 -4.7437062067e-02 -2.2690204232e-02 6.9587538597e-02 -4.6017376058e-02 -1.2001190250e-01 -9.3781925869e-02 4.3499197543e-02 1.6431176764e-01 5.7167145946e-04 -8.3004801857e-02 6.0776767205e-02 -1.1864555506e-02 -5.9366374032e-02 -1.0608890032e-01 3.5390170094e-02 3.1557135588e-02 3.5307159139e-02 2.1230588291e-02 -5.4297555656e-02 2.6720840103e-02 -5.2359235194e-02
8.5005385502e-02 -4.4762648784e-02 -1.4725433623e-01 -1.1110746080e-02 -2.0994452702e-02 -2.7752510227e-02 -6.4740006724e-03 -5.6399588456e-02 -1.8567358132e-02 -9.9596519913e-03 6.3529307388e-02 -2.9292312544e-02 -4.2636432307e-02 2.2183725556e-02 -7.1003574119e-02 -4.9431428853e-03 9.4072530557e-02 5.6843436640e-02 -4.1197539933e-03 8.6565686592e-02 -7.4645960752e-02 -1.1969337605e-01 -1.1421977741e-01 4.0658171828e-03 3.4244939167e-02 7.4675459154e-02 1.1294466185e-01 -1.4339500315e-01 -4.3631469737e-03 -7.7266522185e-02 -3.4826836355e-03 1.0130349597e-02 -3.3780388469e-02 5.9315111832e-02 5.4644231577e-02 -4.7066908042e-02 -2.2622652235e-02 -1.3597624971e-01 3.3939397122e-02 4.3366084505e-02 -9.5664097825e-03 3.5785736460e-03 2.8695558351e-02 -2.7207727437e-03 3.9910518421e-02 1.1862371953e-01 -5.7843190919e-02 -6.1399887227e-02 -7.6527605966e-02 9.9366904879e-03 6.1541859265e-02 7.1450518863e-02 4.8666089624e-02 -1.9925619207e-02 1.2346857754e-02 8.4655261972e-02 -3.5915569668e-02 -2.1537147189e-02 7.4570875718e-02 -1.3517738801e-02
5.2613252327e-03 9.4234455566e-02 -6.3885459889e-02 -7.5880650019e-02 -8.2699339675e-02 1.6885294929e-02 1.3148195226e-01 2.7139004273e-02 -7.4278301019e-02 7.8939137276e-03 -1.7567832094e-02 4.6306495407e-02 7.6301633116e-02 1.3443226480e-01 1.0362477670e-02 -1.5089402799e-02 3.8544983598e-02 6.6537011622e-02 -1.7062661305e-01 -4.6473090395e-02 7.1782491051e-02 -1.0327230305e-01 -1.1099029722e-01 3.0255342806e-03 2.9860204658e-03 -3.4169477733e-02 2.3732452026e-02 -5.1286334793e-03 -1.8095112242e-01 -2.2341309512e-02 1.4818594707e-01 -8.0834659244e-02 -7.2136048731e-02 -5.1665117747e-02 1.0927438716e-01 1.6117562308e-01 9.8565450874e-03 -5.1831681558e-02 5.5012864136e-03 -8.2547432866e-02 3.8749109410e-02 -4.0734894228e-02 9.2414816972e-02 -2.7603278924e-03 -1.9193825377e-01 -6.1914815648e-02 3.8429069053e-02 -8.4897085492e-02 1.9918169422e-02 -4.3832293960e-03 1.7282752595e-02 -1.1679689642e-01 -8.1735967991e-02 8.9244800967e-02 -2.6998228972e-02 -5.5694500759e-02 1.7962415792e-02 1.3220855953e-01 -2.1738177121e-01 -5.0352574157e-03
