-3.9920850823e-01
-3.7657234835e-02
-2.0436387111e+00
8.6252448429e-02
8.2976226638e-01
6.2191615478e-01
1.3554385318e-01
-4.5463627547e-01
-5.3184907685e-01
6.8115009812e-01
-1.3977435465e+00
-1.1720664935e+00
1.6760481794e+00
-4.4115752133e-01
2.4947566232e+00
-9.0213777359e-01
8.7812462912e-01
6.5828282799e-01
8.1892470041e-01
1.7193005348e+00
1.6563193332e+00
-2.4611390503e+00
1.5735248772e-01
-5.9793512841e-01
6.4824408509e-01
8.8574088589e-01
2.6360847663e-01
3.9874547857e-01
-1.3724166328e+00
-1.8913408275e-01
3.5145743130e-01
-9.9025583255e-03
-1.9050965063e+00
1.0810880315e+00
1.0561240484e-01
-8.1663218390e-01
-5.1191382618e-01
1.0826929667e+00
-2.3298106630e-01
-9.9062577933e-01
1.2597865288e+00
-1.3521029716e+00
2.2889894890e-02
-4.5785190154e-01
3.0201607138e-02
-4.8841033300e-01
8.3040554622e-01
-3.2290011474e-03
3.4187222228e-01
-1.3060841668e+00
2.8758794475e-02
-1.0189375403e+00
-9.5424591541e-01
-9.2230420104e-01
-1.1135123468e+00
5.4037167126e-01
-6.0997850166e-01
-1.1166278671e+00
-7.5300632262e-01
-5.2028583015e-01
-1.1565912902e+00
1.0128610650e-01
-1.2384085412e+00
-4.9245967724e-01
-7.2223390271e-01
3.2911919121e-01
2.7334134793e+00
-1.0039611782e-01
4.8823761042e-01
-7.7566574808e-01
1.6913819769e+00
-1.5421421089e-01
3.4116357425e-01
-5.1841579884e-01
-2.0491814965e-01
-5.8811226311e-01
-1.3262466295e+00
-1.5163764545e-01
6.7396909885e-01
3.2085874825e-01
-1.6353949935e+00
-4.5797015191e-01
1.6904208981e+00
2.0618023528e+00
-8.0515606293e-01
-1.4755780626e+00
8.0529579606e-02
1.1087272604e+00
8.2830289764e-02
-8.6013173117e-01
-4.0203006481e-02
-1.1027231664e-02
-7.3552259576e-01
5.2624033685e-01
2.4956802095e-01
1.0085433769e+00
-1.2215294816e+00
1.6516629808e+00
1.8172361370e+00
8.9520723110e-01
9.0903547210e-01
8.0657741717e-01
6.4080112190e-01
4.0570896906e-01
-4.5461539552e-02
7.9983170178e-01
-7.2762910685e-01
-6.9370855908e-01
1.2096439199e+00
-4.5968031495e-01
-8.8874239505e-02
-8.4178359175e-01
5.1601632261e-01
4.5111296601e-01
1.4569565828e+00
-2.1930262341e-01
3.1859847753e-01
5.8837227216e-01
-4.4530917524e-01
-6.5336074686e-01
-1.0600362859e+00
-6.0722166138e-01
-6.8960670377e-01
3.2357499199e-01
-4.7398040351e-01
-6.0641179515e-01
8.7953974290e-01
-2.5786766851e-01
1.0557081113e+00
-9.5984088733e-01
-1.0979340624e+00
2.0548523894e-01
1.7621790352e+00
5.9691457620e-01
3.3527221808e-01
-1.6992894591e+00
-6.0971198364e-01
-9.2851084884e-01
-3.3474879882e-01
4.9408777769e-02
-1.6154135513e+00
5.3002977270e-01
1.2062462994e+00
7.8204110670e-01
-4.2497749740e-01
8.1306217692e-01
4.9166625601e-01
2.0476869804e+00
-2.0944344769e+00
-1.0173989272e+00
4.1491400009e-01
