1.7921621471e-01
-4.8490649484e-01
-9.6375167443e-01
-1.9372549001e+00
1.0994003832e+00
-1.1278503794e+00
-3.2499290606e-01
-7.0293253206e-01
1.1760217517e+00
-6.4678004702e-01
5.4071905384e-01
-4.6632411841e-01
-1.4047260097e+00
-9.2226740998e-01
1.4712429106e+00
-1.6119188197e+00
6.4351409968e-01
9.0322109659e-01
-1.3139953981e+00
1.5989196115e-01
6.7584256498e-01
2.3796642543e+00
-8.2643751895e-02
1.7905765030e-01
2.0912472571e-01
9.3580387204e-01
-1.7091917387e-01
1.2994012319e+00
1.6118895201e+00
9.2338109867e-01
2.1836073732e-01
3.3672478571e-01
1.1798890633e+00
-1.0800790392e+00
3.7675434028e-01
-1.2598487215e+00
2.7242576762e-01
-1.2040226518e+00
-4.6960901040e-01
-1.3945685554e-01
-8.1607443945e-01
1.0308422609e+00
1.3729800581e+00
5.8745748215e-01
3.5739462766e-01
3.2464042967e-01
-1.5184468973e-01
7.3056406022e-01
3.0838426557e-01
6.8973032268e-01
9.3492718185e-01
2.6890717108e-01
-6.9949551001e-01
-1.0041666434e+00
9.8852971903e-01
-4.2973924928e-01
1.4538271359e-01
1.8684985192e-01
-5.4112290785e-01
2.3401433813e-01
9.9898862351e-01
-6.6649189592e-03
1.3450587367e+00
6.7341074085e-01
-1.1752517078e-01
7.9750061359e-01
1.1186893038e+00
-2.7245157299e+00
-9.6383268845e-01
-1.9117865944e-01
-3.0003224919e-01
-8.5851777588e-03
-1.0304554250e+00
7.6830273505e-01
-5.3823210712e-01
4.4355725155e-01
1.5448093133e+00
5.1855460411e-01
-9.0933816597e-01
-1.2523773173e-01
-4.1318664201e-01
4.3809263284e-01
-8.1030386700e-01
3.7385151102e-01
4.3655618736e-01
-5.6245117447e-01
-1.9264364621e+00
2.6085721009e-01
5.5299159346e-01
-4.1875062428e-01
5.1608242513e-01
5.5916719003e-01
-7.4375926315e-01
-5.1230856486e-01
4.6287573106e-01
3.4926523451e-01
-1.2280683644e+00
1.0234906997e+00
3.1399073294e-01
1.9110751154e+00
-9.4180065473e-01
-2.7967837491e-01
3.2329736464e-01
-3.0199176207e+00
-7.0483126097e-01
6.2071519864e-01
3.6577718862e-01
-1.9248622273e-01
8.9078042694e-01
-1.3638604794e-01
-1.6180589089e-01
1.6995173698e-01
-1.7325636441e-01
9.2586170844e-01
-1.2093065312e+00
6.5455514872e-02
-9.4665910030e-01
-2.0886503186e-01
8.9516553020e-01
-1.3720374302e-01
2.1668109163e+00
-9.0647216852e-01
-3.8870606504e-01
2.2648713263e+00
-6.9982048272e-01
-1.6405161985e+00
1.2169826827e+00
-1.0601396077e+00
1.2015221648e+00
-7.3111236051e-01
-5.0469616845e-02
1.6454981418e-01
-1.1089908779e+00
-6.8240368888e-01
-4.3891038262e-01
1.8846368745e+00
1.8659552502e-01
3.0192249217e-01
-9.8556618472e-01
-4.2617165801e-01
-9.0797765999e-01
-1.4645490475e+00
-1.8946001491e-01
-3.4517555576e-01
-3.2703390224e-01
-2.1275539553e-01
-1.1678857025e+00
-4.8786786597e-01
-7.7158904698e-01
-7.0719309332e-01
5.6250668912e-01
-1.2829341011e+00
-1.0756532328e-01
2.4560343342e-01
1.4134564020e-01
-7.4992623072e-01
-5.6405358403e-01
-1.4616493456e-02
-1.6090748345e+00
9.6039404951e-01
1.7323612199e-01
-5.9934070997e-01
-1.2264456956e+00
5.3177432493e-01
-6.9835344778e-01
-6.1678731451e-01
-1.0348243862e-01
1.0233174641e+00
1.6104996470e-01
3.1131416849e-01
-7.0508025626e-01
-2.7173359827e-01
-1.9653642372e+00
-5.7411692762e-01
1.8632099599e+00
1.0703548624e+00
8.2554717009e-01
-7.2874360962e-03
-8.2549960820e-02
1.5514024051e+00
4.9405267151e-01
-1.6485318748e-01
2.0721755476e-01
-5.0403369580e-01
1.8755098550e-01
