5.8455463063e-02 2.4968907167e-02 7.7317612377e-02 1.1569118522e-01 1.7181325504e-01 4.5794461121e-02 2.4092921940e-02 4.6789730861e-02 1.0834258312e-01 1.3255024613e-01 -2.4528763559e-02 -5.5262074381e-02 -1.9284132564e-01 -1.4463086448e-02 8.4779997690e-02 -8.7846325873e-02 -2.3545286650e-01 -1.1514724062e-01 -1.0233430392e-01 -1.3780429232e-01 2.7905886957e-01 3.8586119435e-02 3.7769015659e-03 6.7692999067e-02 -1.7410469647e-01 1.2014386906e-01 1.8901474745e-01 9.6441838692e-02 3.0892405018e-02 -5.2801761208e-02 1.6371696139e-01 7.7511950745e-02 8.9521248812e-02 3.7541888283e-02 -1.1652042909e-01 7.3327719700e-02 -7.2247856883e-02 -1.7693748820e-03 2.6110237128e-02 -6.6205089346e-03 -8.3826497917e-02 -6.1814406403e-02 -3.3960851435e-01 -5.5492861589e-02 1.0075578684e-01 -1.6421892831e-01 2.4313951732e-02 1.6089466241e-03 9.3193658834e-03 5.7193115484e-02 -1.6306062477e-01 2.1776574602e-02
7.7957914003e-02 -1.3676597734e-01 -1.4516401685e-01 1.0685719955e-01 -1.2293436757e-01 7.5204507620e-02 3.6010936241e-02 2.5074917527e-01 2.8903525393e-01 -3.3196693435e-02 1.2421667834e-01 4.1062503827e-02 1.2559054064e-01 1.4538679041e-01 6.7788938540e-02 5.1468382768e-02 1.0033263237e-01 -2.3689823575e-02 1.7573498194e-01 1.8779190991e-01 4.4290055756e-02 2.7360875243e-02 -1.8829181815e-01 1.8409593798e-01 -2.3530972715e-02 -4.6748422145e-02 -1.0800596515e-01 2.0306922527e-01 2.4967834467e-01 -1.2408581000e-02 -2.6557463999e-03 3.0895457592e-02 1.1803835005e-01 -3.2172645540e-02 -1.9092578735e-01 -6.7416147696e-03 -3.5823234072e-03 3.9175171824e-02 -3.7044596796e-02 -2.9068280995e-02 5.5530425143e-02 4.6304317105e-02 -1.6509126484e-02 7.9978222070e-03 5.3987337601e-02 -1.3784076859e-01 2.0763496483e-02 1.0055099694e-01 -1.3291202591e-01 1.1094954373e-01 2.8349843214e-01 2.6701274754e-01
-2.9801757258e-02 5.6574921011e-02 3.6793553716e-02 -1.2179148858e-01 -2.1498266886e-02 -2.2939510153e-01 5.1722550952e-02 -5.8862728533e-02 1.2289743803e-01 2.6687788181e-01 -2.3689675672e-02 -3.6165130505e-02 2.1840585184e-01 7.7861646715e-02 5.8251711714e-02 6.1544469924e-02 -1.3890306064e-03 -5.6603743401e-02 7.9953070009e-03 7.7340522465e-03 -2.7687377182e-03 -2.6682036182e-01 7.9906396969e-02 9.9480355434e-02 2.6514866053e-01 1.2097059979e-02 4.2794373599e-02 -5.9901431338e-02 1.6029650687e-01 2.1164240752e-01 -1.4502145765e-01 -1.1232524994e-01 2.7799447865e-02 -2.1526643351e-01 3.1270163033e-01 1.5931258157e-01 6.2729063047e-02 9.5612692467e-02 -1.3569657446e-01 3.7278598621e-02 1.7602981771e-01 5.0755805892e-02 -7.1788025360e-02 1.4045463221e-01 5.2038036181e-02 2.7260600433e-01 6.0581934290e-03 1.0994912548e-01 6.6623560940e-02 -5.7749152613e-03 -8.4504153233e-02 -3.1817555243e-02
1.3785804052e-01 8.2355597223e-02 3.2976093384e-01 2.2712030522e-01 1.3791040537e-01 -2.5901444738e-01 3.4038266919e-01 1.0450185781e-01 1.9020623555e-02 4.4207625304e-02 8.7406001004e-02 2.1113237866e-01 3.0344705567e-01 -2.9239497947e-02 4.0425596670e-03 1.6102499447e-02 6.7211217643e-02 -2.6901214083e-02 2.8211268260e-02 1.8089579552e-01 -1.4791771142e-01 -1.1540066647e-01 -8.2089153588e-03 -2.0859051051e-01 1.3130449029e-01 -2.5137199178e-01 -1.2607002081e-01 -6.3532640635e-02 1.7671349102e-02 2.4860420060e-01 -8.8276572758e-02 3.2541776881e-01 -1.0335186924e-01 9.0544319389e-03 1.2608540368e-01 2.6425115141e-01 2.9487884997e-02 1.8994073752e-02 4.4775754410e-02 -2.4837486606e-02 -1.2407036078e-02 4.6885517958e-02 7.2327865491e-02 1.6936217591e-01 -1.0513132603e-04 -9.3011700334e-03 1.3556421418e-01 -1.8660737748e-01 1.8294385710e-01 -1.4576723659e-03 -1.6157575713e-02 -7.5846852489e-02
-2.0650830946e-02 1.8976897209e-01 1.8146170578e-01 -1.4624562422e-01 2.4700319079e-01 1.0393483972e-01 1.8706624411e-02 2.1459569445e-02 3.2235580886e-01 2.6439490264e-01 7.7126770559e-02 -5.8592836389e-02 4.8607075430e-02 4.3659915946e-03 8.1432271723e-02 -1.2346572237e-01 1.4319452794e-01 1.4796479248e-01 1.7469233976e-01 -7.4960523646e-02 1.9810733223e-01 -5.2751573346e-02 2.3819283970e-02 1.8787742472e-01 2.1107972130e-01 -1.1909141088e-01 9.3676344496e-02 -1.4663382442e-01 -1.7448545429e-01 1.2816046871e-01 -4.9921789573e-02 1.1604691571e-01 -6.4676984373e-02 -1.9972755987e-01 1.0204121759e-02 1.7052765212e-01 -6.6946840668e-02 1.7336040235e-01 1.8847967266e-01 3.0158707792e-02 7.8532939239e-02 2.6657927305e-01 9.5320192533e-02 -1.5009630811e-01 1.1274018329e-01 1.2092123968e-01 1.6981525966e-01 1.6285441860e-01 7.4035980377e-02 1.2396258565e-01 1.3110361348e-01 -1.2020712726e-01
1.3752982017e-01 -8.0212742284e-03 -1.8330269275e-01 -6.2360129301e-02 1.0807623233e-01 2.8044911980e-02 -8.6031688609e-02 2.3487091010e-01 -2.2430248294e-02 -2.7460635403e-02 -2.0386520490e-01 9.7760140116e-02 8.3705887685e-02 1.4474846476e-01 2.0572840437e-01 1.0801382711e-01 1.1319108260e-01 6.5196256347e-02 8.9964202320e-03 -1.1935797943e-01 4.8874153707e-02 6.1693810627e-02 1.9638684097e-01 -3.3407016839e-01 -1.3946338637e-01 9.8021501414e-02 8.8966366968e-02 2.9514836690e-01 8.1561014290e-02 1.2178150939e-01 1.5922168338e-01 1.9298525137e-01 1.7990603056e-01 1.9947491539e-01 -1.4724514229e-01 2.2184298716e-02 1.0813257648e-01 6.4297327265e-02 1.9764533227e-01 2.8917867159e-02 2.0741366932e-01 -5.0480201458e-02 1.1155064242e-01 1.1193899955e-02 2.0545043849e-02 -1.2004427737e-01 4.7288082853e-02 -2.6625526819e-01 -3.6702103914e-03 -5.1051249684e-02 -7.0703417133e-02 -6.0776654666e-03
2.1921432345e-01 6.4430882170e-02 2.1596649597e-01 -2.5947161437e-01 -1.0802578976e-02 1.8614910387e-01 2.8938992463e-02 -1.3679810150e-01 2.7473151773e-03 1.6708167704e-03 2.4345268715e-02 1.6563436221e-01 2.4200500784e-01 1.6974153325e-01 -1.5612488018e-01 1.5475191400e-01 7.3958994501e-02 1.5031387459e-01 1.8865255191e-01 6.7372511870e-02 3.3437108583e-02 -1.2638655497e-01 1.5195496377e-01 9.2288212341e-02 1.3907853395e-01 2.4757103713e-02 -1.1508737438e-01 1.4449120413e-02 -2.4444275068e-02 1.2238027316e-01 7.7743289656e-02 2.0024372909e-01 -9.5289807391e-02 -2.9747185134e-03 5.3999550355e-02 -1.5325888650e-01 1.5246962116e-01 1.3558113219e-01 7.1953392210e-02 7.7948580842e-02 3.2255456747e-01 1.5336877641e-01 6.7578126164e-02 -9.2664551358e-02 2.4485024228e-01 1.4927395544e-01 7.0483308934e-02 1.7579775707e-01 9.3875943311e-02 -6.5598919086e-02 1.8475950037e-01 -4.4997693763e-02
-2.0954915211e-01 2.4641997074e-01 2.2846821521e-01 -3.5348872073e-02 -4.9401324738e-02 1.3066804260e-01 -1.0770347465e-01 -6.3820758461e-02 1.7867291920e-02 1.0100044881e-01 1.5518828345e-01 5.8217637892e-02 6.6935572916e-02 1.3891583759e-01 1.1168604564e-02 3.8046020154e-02 3.0817034341e-01 1.8169712383e-01 1.4178612741e-01 5.9454977067e-02 7.8479390223e-02 4.0908472300e-02 1.1825018805e-01 -5.2394679922e-02 1.9863933964e-01 1.2669871784e-01 1.5383730566e-02 2.0680409924e-02 -8.3363408043e-02 9.8910627911e-02 -1.1162335453e-01 2.5015864902e-01 -2.5633852288e-02 -3.8562432530e-02 1.9398920626e-01 -7.4320564654e-02 4.7727007117e-02 1.2228977985e-01 1.3088497032e-02 1.0734469258e-01 1.7633946455e-01 6.9931669291e-03 1.9587227238e-01 1.1999807097e-01 1.5255767986e-01 1.2840030422e-01 1.1613222247e-01 3.0895297667e-02 -8.7081437591e-03 1.7048308542e-01 -9.6023277292e-02 1.8559558659e-01
7.8515554750e-02 -3.9621974412e-02 6.5922785357e-02 1.5973437152e-01 1.0327005282e-01 9.1653096874e-02 7.4832805460e-02 -1.5266408164e-02 6.7322959776e-02 1.4165279262e-01 -1.0285452751e-01 2.7426112573e-02 -2.4665869375e-02 -1.3827966072e-02 -4.3943287985e-03 5.9435113132e-02 -7.5796323966e-02 5.7051927384e-02 1.2383294115e-01 -6.3330787668e-02 -1.1233493934e-04 -3.6705139960e-02 1.7239125078e-01 -4.2061657333e-02 1.1183057454e-01 1.5403759650e-01 2.8060365680e-02 -1.3844410183e-01 1.1925812443e-01 6.1247799799e-02 -1.1745665623e-01 1.2598023186e-01 1.7072005186e-01 4.9898461368e-02 1.1169707843e-01 1.5154783706e-01 7.7127580909e-02 -1.0139495432e-01 -1.3425272976e-01 1.1854525689e-01 1.8665388349e-01 5.3205208941e-02 1.1485732876e-01 -8.2515815960e-02 1.9517864910e-02 5.5969151314e-02 -6.0356803229e-04 1.4017653617e-01 5.6233133839e-02 -7.3867989962e-02 2.7281340710e-03 1.2884174881e-01
2.9486773917e-02 1.2287716185e-03 -5.3243901783e-02 -5.0469778339e-02 -1.0134977489e-01 2.0017410542e-01 -3.2952359803e-02 -1.6141282221e-01 -1.2302840229e-01 -1.1743087224e-01 -8.6519645263e-02 9.6784074280e-02 -7.5436258982e-02 7.5388812064e-02 7.1293410635e-02 -2.2482385753e-01 -1.3562939156e-02 -1.2710763268e-02 5.6768568604e-02 -1.0492388465e-01 1.1603860864e-01 9.9789356070e-02 1.8959006267e-01 -2.0923515737e-01 -1.2613958824e-01 2.4419787050e-01 -9.8975585798e-02 3.5708501985e-01 -3.0761190674e-01 -6.3102231144e-02 1.9883960777e-01 -8.5603745875e-02 2.1712376573e-02 1.3060779459e-01 3.3760486856e-02 -7.1157670415e-02 -4.8392814079e-02 1.1051936614e-01 9.5932051005e-03 -8.5293730342e-03 2.6416431111e-02 6.7193134212e-02 6.2198635679e-02 1.3675512720e-01 7.3320547050e-02 1.4088353554e-01 1.8352219032e-01 7.1700249972e-02 -9.5146939934e-02 1.0260605698e-01 -1.0229812934e-01 3.0403644946e-02
1.6583678014e-01 -6.5133388287e-02 -1.5452599176e-01 7.3340554461e-02 -2.3360954195e-04 1.8137549272e-01 -1.5075287352e-01 2.3569866389e-02 -4.5350935934e-02 2.7926087482e-02 4.7336082758e-02 -1.8072494177e-01 -1.1962841944e-01 -4.7857571302e-02 1.0940552781e-01 -7.8524961452e-02 3.8337848609e-02 -5.7841316334e-02 -7.4890419647e-02 1.7791486748e-01 4.0282737842e-03 2.4784538143e-02 1.1390483586e-01 3.8090452587e-01 -5.5789997648e-02 2.0499228487e-01 1.7488246692e-01 1.3656798458e-01 -2.9477375009e-02 -5.1781191903e-02 1.7381277875e-01 -3.3551770810e-01 1.7689634459e-01 -2.9303253457e-02 9.0504200120e-02 -1.3754944577e-02 -6.0944162654e-02 1.4841433794e-01 -3.6645022467e-02 1.1269776101e-01 -8.4613133776e-02 -3.2972153715e-02 9.3810869009e-02 -1.1724687950e-02 2.3155357670e-02 1.8981119720e-01 -8.3992733792e-02 1.8886739424e-01 -8.3549510933e-02 3.4363391542e-02 -7.9094855273e-02 3.7904946625e-02
-2.3052255239e-01 3.6482868075e-01 9.9815395836e-02 2.0954638431e-01 -1.9835447190e-02 -1.2555796779e-01 -2.2440316799e-02 1.3611848937e-01 2.5280789071e-01 1.0349645355e-01 1.0614649726e-01 1.2021371260e-01 2.7111547449e-01 -6.6968090614e-02 -5.8009740580e-02 2.2779422904e-01 -4.5426301839e-02 9.1580180237e-02 9.5515096199e-02 6.9271593330e-02 -1.5963527164e-01 2.4977803021e-02 -2.7700342977e-01 9.0396560864e-02 2.6429794805e-01 1.6623111132e-02 7.8819451860e-02 -1.8330545733e-01 1.2527883770e-01 1.5705010072e-01 5.7678054005e-02 1.0573665597e-01 -7.7935611845e-02 -8.5344480664e-02 1.8277248982e-01 9.8223079355e-02 2.1945428973e-01 8.3805990019e-02 -9.4796290839e-02 4.7892216427e-02 -6.1630273575e-02 7.5695519273e-02 7.4933315824e-02 1.8919958474e-01 1.1263764562e-02 -8.0989704797e-02 1.2639020961e-01 2.2866101509e-01 8.2247341819e-02 6.6348518871e-02 -8.8080756990e-02 -8.5695746762e-02
1.2048497264e-01 -1.3658383531e-02 5.4066170524e-02 -1.5711159072e-01 2.2182743237e-01 1.0371726412e-01 2.6975270922e-01 3.4330811297e-02 -1.3002773105e-02 2.5461293493e-01 -1.7294672760e-01 1.1078976717e-01 1.2970905723e-01 6.6425617891e-02 -2.5466394827e-01 1.3917807229e-01 4.0650153324e-02 1.8221131421e-02 2.8389586425e-01 1.7053651604e-02 1.4020107582e-01 -2.0328943616e-01 7.2742217614e-02 2.0152904072e-01 1.3561499769e-01 1.3558817355e-01 1.2285978196e-01 3.3012240135e-02 1.8235051982e-01 3.3398738331e-02 -1.5995176194e-01 6.6660298278e-02 1.7577959912e-01 1.2110416673e-01 1.7407667813e-01 2.5920077297e-01 7.8604879328e-02 2.1546444615e-01 -1.4266855475e-01 2.4273601242e-01 3.1745997807e-01 2.0943785639e-01 1.4897414182e-01 -1.1732490493e-01 4.7383354903e-02 1.0210648693e-01 -1.6962796070e-01 -1.4313057407e-01 2.1041083211e-01 4.4463662480e-02 1.3921773792e-01 7.8079323899e-05
-2.2882859203e-01 1.4756097945e-01 1.4790588903e-01 -2.0477121296e-01 8.7347416266e-02 6.0846711672e-02 -1.8553495600e-01 1.1409449977e-01 -2.7479850429e-02 1.2995477176e-01 1.3401125943e-01 2.9381529830e-01 1.9255534898e-01 2.4819623502e-01 -7.8630022259e-02 2.7601391323e-01 1.3982662591e-01 2.0386269435e-01 5.3826264458e-02 1.4889421522e-02 -6.0610065860e-02 -1.3869474439e-01 -1.9813579420e-02 8.4643699054e-02 2.6740404856e-01 -1.1897946121e-01 -1.2507609107e-01 1.1583174205e-01 6.3614202061e-02 8.7597347307e-02 3.8019214824e-02 2.2161717997e-01 -1.2943703168e-01 -4.9317602971e-02 -5.2902213733e-02 1.8714134449e-01 4.6472309259e-02 9.0853672749e-02 -3.9524268500e-02 -1.0098440157e-01 2.5837577985e-01 3.5894435031e-01 2.6217058956e-01 6.8973473898e-02 3.5662120658e-01 2.9130464057e-02 2.9345845176e-01 -1.1974536432e-01 1.1325311300e-01 1.5506693564e-01 -3.8769531337e-03 -3.6864768736e-03
4.3616295415e-02 -8.7651098345e-02 6.6941175333e-02 4.6719024269e-03 -1.0976873261e-01 -1.2191767782e-01 1.5627963557e-01 5.5325718162e-02 4.0606843839e-02 -5.0032143803e-02 -4.3533125690e-02 1.2673841746e-01 2.3748215186e-01 -8.9879888466e-02 3.5981095769e-02 -5.2166502842e-02 8.0319735525e-02 -2.0923963985e-03 -1.5740492205e-01 4.4652569636e-02 -7.4970829135e-02 -9.0229716175e-02 2.2718861605e-01 1.8123953633e-01 4.1610141463e-02 6.8707949740e-02 2.8456000906e-02 8.3544910602e-02 2.3476369429e-02 6.2781353849e-03 4.7916931099e-02 9.0324194485e-02 -2.5510926935e-01 6.8441779196e-02 1.4761939440e-01 -4.0675916549e-02 2.1310203093e-02 -2.4181103505e-02 -2.1400382096e-01 1.7204546598e-01 6.2296616740e-02 6.6724219017e-02 1.3662766710e-01 1.5523293904e-01 3.1803893924e-02 7.8252038963e-02 1.5930847034e-01 2.1424592159e-01 -5.0267494903e-02 2.3135354668e-01 1.7265016812e-01 6.3584310759e-02
5.7887739274e-02 -1.1621402886e-02 -9.0490961367e-02 1.6936091835e-01 -1.6048905110e-01 -3.3438124732e-02 1.1419221776e-01 -4.8093147863e-03 -1.3456676202e-01 -5.9629193452e-02 -1.0658710639e-01 -9.9923944991e-02 -5.3379720260e-02 -1.2620077719e-01 1.3132843759e-02 -6.2811146263e-02 -9.4023983065e-02 -3.8408858630e-02 -9.2393754610e-02 -1.2046940603e-01 -5.0835784621e-03 9.8432610620e-02 -1.6386805111e-01 1.6584459152e-01 -2.4088213080e-02 1.0873691878e-01 1.0605222444e-01 1.8589211085e-02 -6.4394926219e-02 4.2603244571e-02 3.3419674230e-01 2.0075214124e-02 -2.0045529237e-01 7.5932930724e-03 -7.0890776788e-02 -4.8840392933e-02 8.3520801894e-03 -6.2572346766e-02 -9.7690573001e-03 -1.1241666490e-01 -2.4038720057e-02 6.4975763278e-02 1.8318145852e-02 3.8769701673e-02 -9.3622023333e-03 1.1083953775e-02 -1.3090263153e-01 2.2791495041e-01 -5.8162837461e-02 -4.4837427996e-02 2.9079492478e-02 2.0225979718e-02
-1.4177517164e-01 2.3588719775e-01 7.2039150985e-03 -8.4229449424e-02 1.9139860502e-02 1.2362320238e-01 1.1783789888e-01 -5.4463683821e-02 -3.3976028050e-02 4.4742876081e-02 3.4113072207e-01 2.6423342545e-01 2.0686259133e-01 5.4524636739e-02 1.6837260597e-01 3.4544573801e-02 -2.2158785668e-01 5.4856888991e-02 -8.1650679971e-02 -1.2252853182e-01 -1.2113346328e-01 -1.6303990086e-01 -1.5363235962e-01 2.6213381875e-01 7.4406654158e-02 2.8571434897e-02 -2.0539686169e-01 1.2290578621e-01 -2.7841396813e-01 7.9183782165e-02 -3.6048147960e-02 1.6241843867e-01 -9.6581969211e-02 -1.5559550154e-01 3.2041497118e-02 -5.2862627339e-02 -4.9866940624e-02 1.3125469987e-01 7.4806966394e-02 -8.7405884535e-02 8.6201662939e-02 2.0719048178e-02 5.1364684519e-02 1.1681875059e-01 2.1935990049e-02 4.8784586504e-02 8.7628501178e-02 -8.8796836033e-02 -2.4389146060e-03 3.0732157580e-01 -2.9924374365e-02 1.3101715910e-01
1.3113978858e-01 -6.1888147110e-02 -6.5219517399e-02 7.0682399498e-02 2.0020578877e-01 -5.3294070665e-02 1.9611573522e-01 -1.4726462269e-01 1.5515799280e-01 7.6162352075e-02 -1.5419541991e-01 -4.7834137304e-03 -1.4939468731e-01 -1.6294463786e-01 -2.8821882974e-03 -1.7797881214e-01 -5.0510279198e-02 1.2864672943e-01 -1.5038214622e-01 8.1626658608e-02 2.3060876455e-01 1.9978502162e-01 3.9367592101e-01 -3.6543089140e-03 3.6476563669e-02 6.5133000667e-03 3.0176478110e-01 1.2875983366e-01 -2.0701454237e-01 -2.3374193243e-01 6.7172661573e-02 4.5037166737e-02 2.3915242668e-01 7.7544476354e-02 8.7752743563e-02 -7.8678152029e-02 -1.0601753353e-01 -5.6678279812e-02 -1.4333689603e-01 2.9504581392e-01 -2.6636068640e-02 4.7690351173e-02 -4.1574258679e-02 -1.0755174394e-01 4.6570841732e-02 -1.5756530454e-01 3.5246622974e-04 2.3742555277e-01 -3.5490928893e-02 -2.7495857174e-01 -1.0448672738e-02 -3.6540547003e-02
2.5961629546e-01 -1.7196243628e-01 -3.7295710740e-02 1.0271549701e-01 1.5086802835e-01 4.9248995545e-02 9.9467353958e-02 -1.1973162777e-01 -1.5199886989e-01 -2.0304920089e-01 -9.7303179631e-02 -3.4511033793e-03 6.7301992807e-02 1.9345078744e-02 4.6629916957e-02 1.1789890112e-01 7.0425745620e-02 -1.6373706675e-01 -1.5248917996e-01 -3.8249695550e-02 -2.3942386711e-02 -7.2497194741e-03 1.3326947294e-01 -3.6559230133e-02 -1.4202670604e-01 2.0289368682e-01 -4.8538067846e-04 1.5335221073e-01 -3.6189619510e-02 1.8869605823e-01 1.9432255728e-01 4.4778577772e-02 -6.9053606257e-02 -9.2867907470e-02 5.4934791626e-02 -5.9792041561e-02 -1.8859668019e-01 -3.4344866577e-02 -3.9722372426e-02 -1.0480579131e-01 -6.0885397601e-02 -1.0000244819e-01 -2.2166710405e-01 2.5780409879e-01 -1.0593207254e-01 7.0474276793e-02 1.4224096856e-01 3.4589360414e-03 -1.0989846519e-01 -8.3684588552e-02 -1.3130395800e-01 1.6064957986e-01
1.9615398492e-01 -1.1901420938e-01 -1.8233692698e-01 2.8780494902e-01 1.4792984184e-01 1.2060302160e-01 4.2040376184e-02 -1.4501125726e-01 -3.6053958465e-02 -2.0001691689e-01 -5.2524357964e-02 3.3853553868e-02 -7.5450112717e-02 -7.6129029065e-03 1.0597320828e-01 -1.1575077773e-01 1.2882506113e-01 -7.6253684941e-02 -1.3282999504e-01 6.4786018275e-02 8.8254510515e-02 3.6381854652e-02 1.8312443691e-01 2.4445868825e-02 8.2637666431e-03 1.1971755736e-01 9.8788143609e-02 1.3117074835e-01 -9.1524780164e-02 -1.1289520103e-01 1.3701145499e-01 -6.4001121071e-03 1.2033381738e-01 7.3152381604e-02 -2.3080007093e-01 -1.2383972845e-01 -2.3704788030e-03 -6.2126125672e-02 5.9398726630e-02 2.8432418376e-02 5.3836835228e-02 -3.2274023211e-01 -8.9057503716e-03 -1.6866561561e-01 -1.5484965915e-01 -2.2794495898e-01 -6.5732667166e-02 -3.0218948622e-01 -2.2273350842e-01 1.2923286720e-02 1.1341437744e-01 1.1325268555e-01
-2.1808594557e-02 -6.0746759399e-03 -7.0390958349e-03 8.3382667771e-02 -1.9838165775e-01 6.2512835502e-02 -2.6028297854e-01 -2.3487368312e-01 -2.8727284136e-02 -6.5195568885e-02 1.9060823333e-01 1.2141633709e-01 1.8979053201e-01 1.1564896611e-01 2.8044486709e-01 -1.4020984384e-01 -2.0136819218e-01 -4.5056588099e-02 1.1953130849e-01 2.2502978872e-01 -1.7880009278e-01 1.3694155888e-01 -3.8667880161e-02 3.4421163924e-02 -3.3945587988e-02 1.3332179361e-01 1.0387582540e-01 -5.1217335720e-02 1.3633476286e-01 4.2280112480e-02 1.9542845517e-01 1.5101523595e-01 1.4329817357e-01 -1.2128913893e-01 1.3162878121e-02 -1.0713563793e-01 -1.4093495116e-01 -1.1367270260e-01 -2.8686593633e-02 -3.2348780347e-02 5.7285579531e-02 -5.1272857376e-02 -1.0026997732e-01 -3.7822373084e-03 1.1321835729e-01 7.6530874779e-02 1.0413361799e-01 1.0060531403e-01 -4.3208461051e-02 8.7571989511e-02 -1.2707384544e-01 1.3737946247e-01
1.2769707129e-01 -4.8570012118e-02 -4.2918784889e-03 -3.1186363368e-03 -6.7570711342e-02 8.7647561617e-02 8.8833601724e-02 5.4490971585e-02 -6.6788196339e-02 1.4100278089e-01 1.7397408115e-02 1.3438082195e-01 2.1981213872e-01 -9.3328194570e-02 2.0956385321e-01 2.9636436274e-02 2.2782947487e-01 7.5230929175e-02 1.3458620189e-01 3.9257987778e-02 5.1610458676e-02 5.0498481540e-02 9.9262506081e-02 -2.6405505722e-01 -8.7315088854e-02 3.7287371290e-02 -1.0867045004e-01 -1.4013773450e-01 1.4238417018e-01 2.6794689234e-01 1.3400705973e-02 1.6490280027e-01 4.2364918174e-02 1.2406982231e-01 6.0850735592e-02 1.4488581926e-01 3.6701148821e-02 6.4920662790e-03 2.7204688337e-01 1.2901889659e-01 -6.4747832768e-02 5.7995437764e-02 -1.8834775961e-02 1.2977269959e-01 -8.9794123026e-02 -6.6987154234e-03 5.4624503171e-03 -8.2301380296e-02 5.2856102495e-02 6.8629249705e-02 -1.1186476567e-01 1.0009256431e-01
2.0426035072e-01 -5.6098193837e-02 -1.3838815795e-01 -1.0772745310e-01 1.7102288464e-02 1.1414045910e-01 -1.6788156561e-01 2.3052252178e-01 1.2882407332e-01 2.3227109033e-01 -7.9814075392e-02 2.9050553370e-02 1.5435404533e-01 -3.0004948426e-02 2.6644011175e-01 -2.3918599035e-01 2.1419158029e-02 -3.0865787598e-02 1.1976516266e-01 7.2156576875e-02 6.2151524978e-02 1.2126541844e-01 1.5734765544e-01 2.5259545557e-01 1.3315020565e-01 1.1947806841e-01 9.9840814917e-02 2.7763083400e-01 -1.0096865057e-02 3.3158977735e-02 1.5531911877e-01 -1.3560719167e-01 2.2909844467e-01 -1.7219888987e-01 -7.2053000899e-02 -1.3391915189e-01 5.8312532528e-02 1.1014890635e-01 8.1147212603e-02 1.0259668432e-01 1.8129040598e-02 7.6057117968e-03 1.0919993950e-01 -3.3517019991e-01 -9.5492580046e-03 -3.4518304605e-02 -2.9265268538e-02 -3.1276342280e-02 -5.2761578625e-02 2.9103716224e-02 2.8800469206e-01 2.4411111065e-01
1.7994222416e-01 1.4949943799e-02 5.0299032725e-02 7.4769688105e-02 2.9522957778e-01 5.9698988591e-02 1.4903146687e-01 6.1478937248e-02 1.5164055856e-01 4.3449015663e-02 -5.3253613372e-02 3.7777851392e-02 8.6754849924e-02 6.8221844361e-03 -1.3289726337e-01 2.2989466431e-01 -1.7578984994e-02 -1.7643005569e-02 5.4490702639e-02 -1.1065305041e-01 1.5300282583e-02 2.7565721673e-01 3.8093767026e-03 -6.0465678396e-02 -4.9055008797e-02 8.1213111594e-02 1.8805902778e-01 -2.5585284962e-02 -1.0295543166e-01 6.3363471905e-03 1.2085603409e-01 3.4417704907e-02 4.8033566208e-02 1.1199141272e-01 3.8772125321e-02 9.0889730748e-02 1.2875786372e-02 -3.8483623571e-02 -6.0794234806e-02 4.8155865664e-02 1.5999866801e-02 8.4107521106e-02 9.1885624152e-02 3.3964400334e-03 2.1489635292e-01 4.9396651917e-02 3.3608307497e-02 2.7441649720e-02 -7.7106012684e-02 -1.0337772653e-01 -2.1936138615e-02 -1.2732125520e-01
