1.5970933760e+00
6.6531107584e-01
-4.5529525263e-01
-1.2620683242e+00
6.3068544471e-01
-6.4044067906e-01
-1.0657939332e+00
1.0197835637e+00
6.2185273588e-01
-4.6556261177e-01
-1.4087106823e-01
5.8949967604e-01
-5.6327223126e-01
1.2140486123e-01
2.2731732592e-01
-1.2675408664e+00
1.9080285702e-01
4.1874111702e-01
7.3629309554e-02
1.3608825410e+00
9.4261997336e-01
8.0028888272e-01
-1.5239083747e+00
-2.7711938462e+00
-1.7275710769e+00
-1.1412601991e+00
1.3187986286e+00
3.5773092130e-01
-1.8054842098e+00
-1.9037192508e+00
-6.5973467601e-02
2.9568757034e-01
-2.6807302833e-01
1.2014916414e+00
1.0965752824e+00
1.1791664485e+00
1.1578464885e+00
3.0765274787e-01
-7.1998845185e-01
-1.0001645777e-01
-3.7421812377e-01
6.9014561835e-01
5.7279539329e-01
9.9089509236e-01
-8.9367214117e-01
-1.3656010588e-01
1.5146197258e+00
-1.3148791665e+00
8.2478910280e-01
-3.8516363778e-01
9.5983430112e-01
-1.7709810663e+00
-2.7659064999e-01
6.7920250664e-01
-3.1465926082e-01
-5.8084028380e-01
6.5081004163e-02
1.4240520434e-01
1.2102029888e-01
-1.2236776783e+00
5.9718496029e-01
-9.3277556383e-01
3.6636003740e-02
-1.8592288317e+00
1.1595415556e+00
2.2072436125e-01
-7.2031965080e-01
-8.4794943055e-01
-2.0338708710e+00
1.5578090708e+00
3.9823101339e-01
1.0921739702e-01
1.2417126570e+00
9.7955477720e-01
4.3369157687e-01
-1.5535446408e+00
1.9257979120e-01
-1.5303984152e+00
4.2816859697e-01
-7.4507942341e-01
4.7069085770e-01
-9.9074747174e-01
-3.3845304250e-01
9.2032902176e-01
-4.7190738194e-01
-3.9065564673e-01
3.1846588472e-01
1.4048206436e+00
-3.9058271588e-01
9.5924848481e-01
3.0806199120e-01
7.5386722950e-01
-2.7954372954e-01
1.4442932941e+00
-9.1419570783e-01
-1.2552884896e+00
9.0378312903e-01
-1.4920966645e+00
-1.0744037465e+00
2.3600962195e-01
-1.4054916502e+00
-7.5725381305e-01
-1.4647347496e+00
2.4172029143e+00
5.4435955686e-01
1.5008182598e-01
-7.1735940251e-01
-8.5815835068e-01
-2.0916163124e+00
-1.7983068135e+00
9.1334002220e-01
-2.1604589193e+00
1.2249350180e+00
1.7550008217e-01
-2.2640633691e+00
-7.0435517834e-01
1.5699839367e+00
6.2167693061e-01
4.6670964938e-02
-9.8305075771e-01
1.4048213563e-01
-5.4554886933e-01
-1.3519063137e+00
5.2376500193e-01
-6.6832757994e-01
-8.2557340060e-01
-8.0974336806e-01
-1.1617583765e+00
-6.6858314172e-01
-5.4968113933e-01
-7.1492877362e-01
2.4224745006e-02
2.6617071115e-01
2.0077589316e+00
-1.1279209292e-01
-3.1484502509e-01
-1.0259316546e+00
-4.9996777484e-01
-2.0872807662e+00
-3.2455941372e-01
-1.2256918167e+00
-1.4263266020e-01
2.2069681204e+00
2.2093064822e-01
4.0119519253e-01
