5.9129291206e-02 1.0773774873e-01 4.4446984064e-02 7.5765214780e-02 2.0737569533e-02 -1.2791622090e-02 1.2445933215e-01 6.5179884585e-02 -6.9881784806e-02 9.6007887410e-02 -1.1769692299e-01 -5.1334860800e-02 -7.4555169488e-02 -1.2811590053e-01 -7.6864170819e-02 -4.0560567261e-02 -8.1164691302e-03 -2.4238406500e-02 2.5628343065e-02 -8.3764593170e-02 2.4132679880e-02 -8.1627037960e-03 6.2560940884e-02 6.3341265528e-02 3.2719437396e-02 6.4236148012e-03 1.5711795804e-02 5.8423596210e-02 4.2745496684e-02 -6.3769026286e-02 2.7356728698e-02 -5.4697353654e-03 1.4695551502e-02 -3.3970657202e-02 -4.1173917518e-02 1.0821369248e-03 -3.2401080427e-02 2.4863935759e-03 -5.4596371866e-02 -3.8438562267e-02 -3.0125058780e-02 -1.2141218647e-02 1.0764654887e-01 6.2431870708e-02 5.0641106933e-03 1.2416774398e-02 -5.1937745428e-02 -3.2113017617e-02 -1.6122247103e-02 -8.9235359987e-03 5.4037684005e-02 -1.4938947329e-02 3.4273827278e-03 -1.0093053169e-02 -9.6955351199e-03 -1.5095651615e-01 -9.2335716337e-02 -3.2683881354e-02 -6.1067063899e-02 -4.2294034246e-02 4.3955005551e-02 -5.3558481695e-02 -3.5907418049e-02 9.9048877820e-03 -5.6615958544e-02 8.4579377292e-04 9.4952686374e-03 -9.3194506606e-02 -5.7189649726e-02 4.5501434573e-02 -5.4288079819e-02 -6.1671199569e-03 -8.9911731782e-03 -1.0746838536e-01 9.4885078103e-02 -1.0789215044e-01 1.4552346676e-03 -4.1727561410e-02 -7.7554754028e-02 2.4796726978e-02 -2.1352849269e-03 -8.1240162539e-02 8.9078579496e-02 -7.4729545018e-02 -7.4414396748e-02
3.9928268821e-02 1.3436112833e-01 8.6634591841e-02 1.7865528936e-01 3.5830794483e-02 -2.8513025294e-02 -2.5459191127e-01 2.6779807311e-02 9.5984082557e-03 -1.9447967895e-01 5.1965806781e-02 -2.2377937668e-02 2.9417876169e-02 6.5731001920e-02 2.5027500506e-02 6.3565513660e-02 -7.2251661885e-02 4.9976058978e-02 -6.9813409502e-02 2.2368236381e-01 1.4133621406e-01 -4.2579902681e-02 -1.1653719641e-01 -5.5589404161e-02 -6.4471327294e-03 -9.4320328630e-02 5.4801621866e-02 -5.9578318343e-02 8.9959886238e-02 4.2169351010e-02 -4.7055289269e-02 6.2093609835e-02 -9.5381342941e-02 -1.0332341030e-01 2.3306722305e-02 5.1392279741e-02 4.1873533163e-02 3.7476647883e-03 -1.4174818626e-01 -2.2225603833e-02 -7.0111549591e-02 -1.1790737663e-01 -3.9851423283e-02 5.3769453783e-02 4.4761253233e-02 7.8553265553e-02 9.7908926161e-02 -1.6283873225e-01 3.0813176471e-02 8.3402529009e-02 -6.9026937617e-02 -8.8126622672e-02 -4.0522235743e-03 1.0681653790e-02 1.1669137931e-02 4.5585727513e-02 -1.0676958283e-01 -7.4238583859e-02 -1.3183443918e-01 -1.4717823578e-02 -1.5745028624e-01 1.6580999221e-01 2.7837883359e-02 -1.4742330341e-02 3.8932420937e-02 -7.4037939162e-02 3.6537441858e-02 9.8591803799e-02 6.5961640424e-02 -2.1779845550e-01 3.0991633961e-02 -2.8912420602e-02 -4.2602870812e-02 3.7135014439e-03 1.9326014134e-02 -9.5931990099e-02 -7.2539139219e-02 5.9580856837e-02 -5.0031324488e-02 9.9168642495e-02 1.5930401740e-01 1.5692796849e-01 9.1536652853e-03 9.8078877795e-02 -1.0321965736e-02
-1.4548544581e-01 -2.0283153930e-01 -1.5415882597e-01 -9.8669313451e-02 -1.4999903780e-01 -2.3479938990e-01 -4.5634673203e-02 2.9224363675e-02 6.4902380816e-02 1.6592679098e-01 -8.9919292961e-02 -8.4919594044e-02 1.5916300738e-01 7.1070109458e-03 -2.3752328656e-01 -3.0843470090e-01 6.5314058548e-02 5.6615448193e-02 -8.7703664534e-03 -5.1522856941e-02 -9.7249728835e-02 2.0329312409e-01 7.5049963432e-02 8.1411053299e-02 2.2849918214e-01 -9.8260196271e-02 -1.5212469824e-01 -8.9498219422e-02 -1.5685808606e-01 -1.5058797474e-01 -2.5315192921e-01 -1.1194693388e-01 3.0736080761e-01 -2.8083043901e-01 -1.7809117414e-01 -1.4766545109e-01 -2.9703610028e-02 -9.8683669714e-02 2.0425588027e-01 6.6481435761e-02 -2.2256298703e-01 3.9056298898e-02 -7.7323341354e-02 1.0576915765e-02 -5.3733491014e-02 1.0675964048e-01 -1.0841484406e-01 -6.7973726280e-01 1.3684752904e-01 2.0209751861e-01 -1.4178959874e-02 1.0536078734e-01 6.2616986011e-02 -9.0143831441e-02 6.7628212410e-02 2.5766613332e-02 9.0597837264e-03 1.7825836187e-01 -2.3161399627e-01 8.1620290023e-02 9.5881405876e-02 -6.4563341578e-02 3.3751862507e-01 -9.5407841867e-02 -7.8200503228e-02 6.0814961739e-02 -1.0493727701e-01 -1.6554198515e-01 9.2938296727e-02 8.0755902775e-02 9.6424089180e-03 2.0162854540e-02 4.5090255618e-02 2.5305609131e-01 -1.9738989736e-01 1.1072305813e-01 3.3704480350e-01 3.5655141337e-03 1.5481584055e-01 2.7692334088e-02 -1.0453659511e-01 -6.8475800345e-03 -5.9876972470e-02 2.8869569374e-02 3.7264780485e-02
-2.1721695369e-01 -1.7464731231e-01 1.5675021980e-02 -1.1820393222e-01 -1.7354806370e-01 -5.7789668665e-02 -1.0958111708e-01 -1.5714014072e-01 -1.5603921583e-01 -5.6876698436e-02 1.6013268908e-01 3.9919555521e-02 1.4338118897e-03 -3.4503063956e-02 2.0438739136e-01 -3.1528345628e-01 2.4047156869e-01 1.7170704312e-01 6.0875490132e-02 3.4197985291e-02 -1.2933771743e-01 1.2997076849e-01 9.9745509935e-02 1.5645516520e-02 -1.5666362045e-01 5.4364714318e-03 8.2892799159e-02 1.0297797747e-01 -1.2088561204e-01 2.9124041650e-02 -1.3728028275e-01 -1.5547898233e-01 1.4305634512e-01 -4.0970578690e-03 -2.3404547444e-01 -6.4073103938e-02 -6.1009324235e-02 -7.1374577082e-02 1.8417064412e-01 -1.7814762556e-01 1.4027359672e-02 2.2296222183e-01 -9.7988287182e-02 1.2433323113e-01 -2.6783145271e-03 1.9324121175e-01 -4.1079872879e-02 1.4374274079e-01 -1.0645183175e-01 1.5103877783e-01 -1.2468777513e-02 -8.8065527857e-03 -3.3464363901e-03 -5.5586876395e-02 1.5961625306e-01 5.6127494132e-02 5.0616872809e-02 -4.4429963673e-02 5.2477802208e-03 5.6860137588e-02 1.4950730570e-01 1.4286410911e-01 -1.2448282632e-02 -1.4098284922e-01 -8.3236964383e-02 -1.5314763006e-01 -1.5800079889e-01 3.0194439231e-02 -2.2265906550e-01 -1.5521793548e-01 1.9775809131e-01 2.0076986493e-01 2.2145594186e-01 4.0015552539e-03 -1.8884649368e-01 8.2978718333e-02 -2.7822418548e-03 1.2528138629e-01 2.2232302854e-01 -4.1462117730e-02 -7.4801828304e-02 1.6734609935e-01 -5.0218847469e-02 -2.4127166754e-01 -2.1688692453e-01
2.0487287309e-02 -3.5989123347e-02 -1.6770117114e-01 -7.1903949893e-02 -1.8786162734e-02 -9.2587332133e-02 1.2600595729e-01 -3.9678196176e-02 -8.3040936465e-02 1.7013740296e-01 5.9059343997e-03 1.5491271709e-02 -2.1951130944e-02 -5.2422956390e-02 -1.4436905366e-01 -8.2305022119e-02 7.2656318753e-02 -3.2079409456e-02 1.5179480545e-01 2.4728591326e-02 -2.3666061020e-02 1.5421857693e-03 7.0343587663e-02 1.3173947833e-01 6.8056312996e-02 -5.4706506253e-02 -2.6937845189e-02 2.6103931831e-03 -2.3391477690e-01 -6.3085119798e-02 6.2644208858e-02 -3.6049842282e-02 2.0964323200e-01 -5.5957173721e-02 -5.1784964371e-02 -3.4594936104e-02 -7.0145999628e-02 -7.3324238834e-02 6.7454003859e-02 -2.7692168922e-02 -5.8872435717e-02 3.4677105652e-02 3.5891831545e-02 1.6060389900e-02 -7.1067946706e-02 9.7351812700e-02 -1.0404143157e-01 -1.0984052892e-01 -9.1625511397e-03 3.8475241863e-02 -2.6005957556e-02 4.8428621427e-02 -5.0200011166e-04 4.2531733422e-02 4.1506627725e-02 -6.2927775126e-02 6.8726848345e-02 9.8922384895e-02 -1.0952568216e-01 6.2434657384e-02 9.4375949575e-02 -1.1586597013e-01 2.3175820680e-01 -1.8956903164e-02 -8.5218883941e-02 -2.0507377210e-02 -7.0723979001e-02 -7.0181130608e-02 1.8874721417e-02 1.3944530397e-01 -1.9582332763e-02 -2.9866650130e-02 -7.6795582581e-03 -2.8415702526e-02 3.5857865863e-02 9.8546406489e-02 1.0907804006e-01 -4.1621887322e-02 5.0860507540e-03 5.5406917441e-02 -1.9563195823e-01 -1.4381229410e-02 7.8648680335e-04 -1.7109179253e-02 3.0564582059e-02
-6.0148470318e-02 2.0526519809e-03 9.6462884728e-02 -7.5414285220e-02 -8.1687480300e-02 -3.4332983336e-04 4.2289876307e-03 -1.1348961831e-01 -5.6396298001e-02 -1.5409215200e-01 1.2291701638e-01 -7.5923864460e-02 -1.9507834635e-02 -7.8235831429e-02 3.6814791213e-02 1.0880734597e-01 4.4242556507e-02 1.3333496124e-01 6.0806228477e-02 -6.6223034803e-02 -5.2593416853e-02 5.6387939798e-02 -6.0828560496e-02 -4.9240461017e-02 -1.0639952638e-01 6.9910077616e-02 1.0850212870e-01 2.9639321736e-02 -4.5064146525e-02 -8.5082561813e-02 7.2846084651e-02 3.4318058511e-02 -1.1670452554e-01 1.6785393311e-01 1.4988410511e-02 1.1456581937e-02 -1.5216599745e-01 -8.9628256195e-03 3.3230083171e-02 -8.1124682203e-02 1.8410414839e-01 8.7908870425e-02 2.4159011788e-02 6.7417899094e-03 7.8958965230e-02 -1.7240622031e-02 1.5569376115e-02 9.1827656606e-02 2.3821812288e-02 -4.5237539383e-02 4.4511455609e-02 -4.1207598504e-02 2.3011322430e-02 9.3775893756e-02 -5.2625012774e-02 6.1628644338e-02 3.5887902647e-02 -9.8995094292e-02 2.7172542797e-02 -1.9217462868e-02 1.3968163666e-02 5.6336658229e-02 -1.0840603805e-01 5.5687461714e-03 -5.3552980769e-02 -1.4137381639e-01 -6.4037416306e-02 1.7343967136e-02 -1.4449342783e-01 -3.4851632022e-02 -9.2697512713e-02 2.5421562745e-01 6.0224446179e-02 -2.2435596599e-02 -2.9445893695e-02 -6.0517702019e-02 -1.2927726107e-01 1.6541365846e-01 6.3829931788e-03 -7.2280241390e-02 -5.6676801015e-02 6.2890209532e-02 2.6292897228e-02 7.0525113271e-02 5.4022320450e-02
5.5025465600e-02 3.3313224635e-02 -3.1665751630e-02 3.3810040045e-01 1.9614860716e-01 2.3586338461e-02 -8.3000670044e-02 -3.0841364188e-02 1.2149648226e-01 5.3772113284e-02 3.9000838391e-01 1.7238037312e-01 -1.3419864702e-01 7.1328108898e-02 -3.2718280798e-01 5.6173374470e-02 -7.5148791517e-02 -2.4185089635e-02 1.4966474735e-01 2.1131630290e-01 2.1516621025e-02 -1.3424909681e-01 -7.6482464274e-02 -1.0464053520e-01 1.0705687038e-01 -2.1754847266e-02 -9.8843571377e-03 1.3066777410e-02 2.5362527855e-02 6.9666378747e-02 -3.8334379072e-02 2.6305146796e-02 1.3218807031e-01 -5.5878344746e-02 2.4515523351e-01 -3.5937414727e-02 -7.5418655443e-02 -7.2018501790e-02 7.4359920245e-02 8.9823887380e-02 -1.0791908903e-01 -8.2791715701e-02 -1.6298788647e-01 -1.6216835442e-01 6.3448361234e-02 4.1408595400e-02 3.2245955546e-01 2.2143724297e-02 -2.1650400758e-01 -8.9574498459e-02 -1.0784088545e-01 1.1690435483e-01 -8.6485676331e-02 -1.1864949869e-01 1.9611387385e-02 1.7370650069e-01 -1.3945315407e-01 -2.7605787724e-02 7.7860013803e-02 -6.7527204693e-02 -1.7378934307e-01 1.2690591376e-01 1.6176797959e-02 1.5291286191e-02 -1.1305248367e-01 -6.5842330399e-03 5.2711290405e-02 1.8671538751e-02 5.3798096546e-02 1.3882918202e-02 5.9630000203e-02 1.3847188655e-01 -2.2074066076e-02 7.8484328743e-02 6.1795833387e-01 1.8148686277e-02 1.8962986242e-03 -2.1870107206e-02 8.1981742690e-03 2.8295475798e-02 1.2308980839e-02 6.5451202144e-02 -2.2761298247e-02 1.5351988718e-02 3.1212741700e-01
-2.6534388397e-02 7.1393500585e-03 -6.3489457485e-02 3.3991587415e-02 4.1727565680e-02 3.6894199770e-02 -3.3104221802e-02 -1.3099008045e-01 -4.4830702567e-02 -3.9830131712e-02 4.1956207898e-02 -1.9332967053e-02 3.9864369604e-02 3.0407895576e-02 8.3063734815e-02 1.0343081008e-01 -4.2373442690e-02 9.5210947708e-02 3.5597788695e-02 1.4188936959e-01 -2.2882525676e-02 -3.1062209596e-02 1.9628640446e-03 -3.5587632858e-02 8.3785621933e-02 5.4795277062e-02 -1.8429729681e-03 -1.1489747918e-02 -9.2614060590e-02 3.6115254003e-03 9.3287662008e-03 -6.0733541110e-02 -1.1658103932e-01 7.4432885979e-02 -6.7487039320e-03 -1.4774859953e-01 -1.6534209956e-02 -4.9395229055e-02 -1.0240075618e-02 -6.2827994966e-02 6.7365451538e-02 5.3437287731e-03 -4.2513123271e-02 3.5266641825e-02 9.1548120854e-02 7.3231962422e-03 1.9123324721e-03 3.8259608269e-02 5.2056979056e-02 5.5776026745e-03 -1.4677710639e-02 -2.0862512145e-01 -4.4762980281e-02 1.8431136185e-02 1.7031547131e-02 5.7637502872e-02 1.8582126719e-02 1.0840417271e-01 1.5870504078e-02 -1.3653018776e-02 2.6850731522e-02 5.1861814487e-02 2.1910569522e-02 -2.4630243840e-02 1.5946572633e-01 5.1411475473e-03 2.9307620272e-02 1.7111827623e-01 -4.9788400189e-02 2.9920391643e-02 3.1412041654e-02 -1.7916528559e-02 3.4602544004e-02 1.2824932290e-02 -4.7173772574e-02 1.0594875337e-01 -1.2276822174e-02 7.2238694882e-02 -8.2766385528e-02 -1.2955118988e-01 -3.6292478490e-02 3.1363352372e-02 2.5657178834e-02 2.8400702383e-02 -1.0854776679e-01
-3.2834853221e-02 -2.6122649008e-02 1.0799357614e-02 -4.9918316834e-02 -1.2207434518e-02 -1.2449811149e-02 1.5842963966e-01 3.7716515923e-02 -6.5961221154e-02 3.6386949159e-02 -2.8631418645e-01 1.5287668701e-02 1.4521800526e-01 -6.2330407804e-02 1.8765806206e-02 2.5244649815e-02 1.1355358332e-01 3.8011603946e-02 3.1087823374e-02 -1.5247565022e-01 -1.8801908507e-01 1.2129418637e-01 3.8696609029e-02 1.3219161372e-01 -2.2364788826e-02 -3.4483783231e-02 -9.0396059807e-02 3.2857853981e-02 -1.3285006598e-01 -4.7589851339e-02 5.1431471941e-02 -6.0362762946e-02 1.2102194470e-01 -7.4931331471e-02 -1.2781552671e-01 6.8535486124e-02 -4.4087844968e-02 -3.2153779395e-02 1.0959108080e-01 1.5252588041e-02 3.3571135048e-02 1.0700109124e-01 7.9531903764e-02 9.3764075915e-02 -1.3382556452e-01 1.0207882377e-01 -1.8601937405e-01 -1.2931232739e-01 8.6309228639e-02 1.5714627620e-01 -5.6270450672e-02 -1.2850943915e-01 5.4822006453e-02 -2.8519881009e-02 6.7043889552e-02 -7.6135163427e-02 1.4172903751e-01 7.6694221224e-02 -1.6059128232e-01 1.1640920445e-01 1.8765010951e-01 -1.6721392444e-01 1.9326376613e-01 -1.9491620273e-02 9.2089145298e-02 5.9775211534e-02 -9.3214397107e-02 -7.6014686332e-02 -5.1563118769e-02 1.0895546038e-01 4.9194581424e-02 -1.0025525540e-01 5.6672624154e-02 -4.3788162092e-02 -2.4894654471e-01 2.8829210581e-02 -3.0593879504e-02 5.4934626231e-02 -2.5990748472e-03 -2.0279407398e-01 -4.2507306276e-02 -6.9743245224e-02 -4.0138601406e-02 -2.3034303365e-02 -3.4580555767e-01
-8.2524372164e-02 -5.2146154818e-02 2.6188969061e-03 1.6045002093e-02 7.1233130938e-02 1.5787709259e-02 -1.7534853324e-01 3.3819686093e-02 1.2252792119e-01 -3.8662204577e-02 7.3558310783e-02 -9.0858938713e-03 1.3203996247e-01 3.6875544739e-02 1.7044066558e-02 -3.0773682878e-02 -9.8950668633e-02 9.8690351386e-02 -7.1909570185e-02 2.8769440401e-02 8.4703714476e-02 -7.2321770186e-02 -7.8535011055e-02 -3.1665122680e-02 7.1837932270e-02 -4.6655008936e-02 -5.2385977205e-02 9.0697253427e-02 1.0165425910e-01 5.8112677756e-02 3.7690621733e-02 -1.2918664550e-02 -1.0383254952e-01 3.2702207552e-03 1.3177149985e-02 -1.5548864062e-01 8.9263006968e-02 2.7425237592e-02 -8.7089575707e-02 -4.5658810740e-04 -1.8410382959e-02 3.0400548228e-02 5.2554728112e-02 1.3212249274e-01 3.6485797872e-04 5.1169542525e-02 5.0562792810e-02 4.8506486259e-02 -1.3398422231e-01 7.1183519896e-02 -5.1788755453e-02 -9.4967580434e-02 -1.9371756651e-02 -2.5750811898e-02 -3.8081043325e-02 7.2839673356e-02 -4.8573293554e-02 9.2108003750e-02 -3.4445290930e-02 6.8239700907e-02 -1.8649080776e-02 6.4255192172e-02 -7.3684458771e-02 9.9545158913e-02 5.5311518779e-02 -3.3151976134e-02 1.5760737386e-02 -2.6749729195e-02 6.0550914736e-02 -3.9608865048e-02 4.5550215948e-02 3.8907458055e-04 7.1807625965e-02 9.5589128032e-02 6.0901548993e-03 8.2028491040e-02 1.6198390375e-02 6.6846516550e-02 4.3360977315e-02 -2.3762181150e-02 9.3742107541e-03 4.2665172739e-02 2.3218297640e-02 1.5368481887e-01 3.7899458738e-02
2.4106497942e-01 1.8597718132e-01 2.2844809318e-02 1.7425104048e-02 1.2626442628e-01 9.6662596448e-02 4.2579271531e-02 6.9843849920e-02 6.0324353551e-02 6.2243523714e-02 1.1660882137e-01 -2.7869647699e-02 -1.9096009278e-01 3.5656259503e-02 5.3684556521e-02 -1.0529154316e-01 -2.7327826876e-01 -1.3611087314e-01 -1.1334455936e-01 6.0935910129e-02 1.2146588996e-01 -1.4511502756e-01 -3.4665067675e-02 -1.3367595461e-01 -8.0993809070e-02 1.4411964000e-01 3.0202548421e-03 -6.0612139681e-02 1.8920684717e-01 -5.5051150900e-02 -4.5257718381e-03 1.3719095378e-01 -1.3452202962e-01 -2.4512819378e-02 -1.2313748279e-02 1.5559387817e-01 1.5033824455e-01 1.8963069997e-01 -1.9785483033e-01 -1.8940790885e-03 -3.6845582955e-02 -5.5720538247e-03 5.7193524341e-02 -2.8785214627e-02 2.2422316077e-01 2.6220340126e-02 1.9508880383e-02 4.9223867488e-02 -9.1841140791e-02 4.1409832042e-02 -8.3198069905e-02 2.8346188923e-02 -2.1391935121e-01 -1.2159322414e-01 -6.0661961168e-02 -3.1626709933e-01 -2.2589408415e-02 -1.9707683576e-01 -2.8665405429e-02 -1.5772225715e-01 -1.4008007433e-01 4.5555152539e-03 -1.4556008596e-01 -1.3221878232e-02 -6.4594805118e-03 3.2935546688e-02 2.5547054752e-01 -2.6311418088e-02 1.8238889669e-01 3.9962089512e-02 -8.2773778952e-02 -3.1975801492e-02 -1.0174888288e-01 -6.6951612207e-02 8.8435838684e-02 -3.3171745614e-01 -3.8249538367e-02 -1.9874218324e-02 -1.0314962705e-01 1.1587374295e-01 3.4409652782e-02 -1.6681462055e-01 1.6809500064e-01 -9.2274913270e-03 -1.1869498030e-02
-7.3871040264e-02 -1.1648974837e-02 4.4244673952e-02 -4.1853485239e-02 -4.8706778837e-02 3.2361416554e-02 1.9154373764e-01 5.0153686869e-02 4.4587179611e-02 -7.5413947656e-02 -2.1152371541e-01 2.0432366707e-02 3.8035338716e-02 -7.6210642640e-03 1.6193480767e-01 5.2090343340e-02 9.9080819688e-02 -4.6110225499e-02 -4.0250342397e-03 -1.1881260937e-01 -3.5937315530e-02 8.5417052552e-02 -3.8667202693e-03 1.2520666590e-01 -1.5105704617e-01 8.7440347549e-03 -2.2535695241e-02 2.3203620509e-02 -2.2751344230e-03 -6.5396625888e-03 2.5080895015e-02 4.6800249231e-02 3.5242651957e-02 1.7745542776e-01 -1.0316547486e-01 7.3475932538e-02 2.8899521741e-02 -1.5576328603e-02 8.8546613917e-02 5.5383382697e-02 7.0899374928e-02 3.4071163087e-02 6.0580593999e-02 5.9164357828e-02 -5.6058264542e-02 -2.2388808890e-02 -1.8350333393e-01 1.2507054419e-01 1.2989348899e-01 -1.2150142007e-02 -3.3124354449e-02 5.8558314544e-02 1.0128979359e-01 -1.1476222697e-02 -1.4293817852e-02 -1.8145717930e-01 -1.4497130950e-02 4.1939696928e-02 -3.8816709571e-02 -2.4181824824e-02 2.1106188083e-01 -1.2410886539e-01 -4.7420532187e-02 8.5195025160e-02 8.5903966829e-02 7.2624028545e-03 -6.7912230422e-02 1.0344262838e-01 1.1635943895e-01 3.4735308270e-02 -7.6061351003e-02 -9.5730908020e-03 8.0363855661e-02 -1.0732113521e-02 -2.1869434644e-01 6.9943768659e-03 -6.4985577132e-02 -2.1862194484e-02 9.9468233294e-02 -3.8775882090e-01 1.1899311838e-02 -8.8416330694e-02 1.7954489661e-02 -1.0657621533e-02 -2.0325210455e-01
3.6211900668e-02 3.7471258603e-03 1.7628629267e-01 5.5726652010e-02 -6.3906489257e-02 -2.4837589159e-03 -1.2056123108e-01 -5.7096126092e-02 -6.7623985637e-02 -1.6306075795e-01 -1.1179556709e-02 9.4104210633e-04 -5.7007797744e-02 8.3313082642e-02 -8.2580556482e-02 4.4093733409e-02 2.3206022193e-03 6.4423287733e-02 6.0352139163e-02 5.2703799525e-02 5.6880063597e-02 5.5278174929e-02 1.6925793768e-02 7.0625843565e-03 6.7342154684e-02 5.5146442743e-02 7.5154052826e-03 1.7552932630e-03 1.7425684553e-01 -1.4854515600e-02 -1.0031620544e-01 3.9565689783e-02 -1.1772959861e-01 2.2674776722e-02 1.0846976990e-01 -2.0417125502e-02 8.8002894858e-03 8.1936416331e-02 -1.2818141675e-01 -5.7186727006e-02 7.1636172801e-03 3.3328460796e-02 -8.8444852522e-02 4.3530688245e-02 4.3404414838e-02 -1.3914228494e-02 1.2493438685e-01 2.9952527086e-02 4.4355551581e-02 -6.2669969285e-02 1.6258683753e-01 -3.4212619549e-02 -1.5945706863e-02 1.8655401938e-02 -3.1918976029e-02 1.5548327214e-01 1.0368735993e-01 -7.4615943394e-02 5.2241708449e-02 -1.2579005796e-01 -1.7504285256e-01 1.1156071132e-01 -7.3508379996e-02 -5.9496213544e-02 -5.5536224736e-02 9.4314171432e-05 6.2459047115e-02 8.8905216810e-02 4.2181006837e-02 -2.3077289295e-02 -4.1376590902e-02 1.5953115680e-02 -8.6915403974e-02 4.3166390106e-02 -6.9474269660e-02 -7.7105183138e-02 5.4065819647e-02 -3.3914478740e-02 5.3690253120e-02 9.9978511341e-02 5.8831892940e-02 1.7326843515e-01 4.3608242739e-02 9.1441624324e-02 -7.9428289217e-02
1.0071200679e-02 -6.5080958081e-02 1.0528111774e-01 1.0588251297e-01 1.1740979233e-01 2.9796552553e-02 -1.9447507033e-02 1.3263025178e-02 1.1742681655e-01 -1.4537768779e-02 -8.2478649850e-03 -2.9317739545e-03 6.8599813541e-02 6.3294314651e-02 -3.0019554033e-02 1.0394796905e-01 -6.5123592509e-02 -2.0994284806e-02 -3.2342687975e-02 3.2494309615e-02 9.8643179754e-03 -3.3065935517e-02 -1.0206461380e-01 -3.2327946362e-02 -3.1993553651e-03 -6.3796825041e-02 1.4977407047e-01 -2.7985039627e-02 1.9152634049e-02 1.9965779818e-03 -3.4104897125e-02 8.7231157833e-02 -1.4236775834e-01 9.3690153838e-02 7.9233909826e-02 -5.2720438489e-02 8.5253376490e-02 3.7920539653e-02 1.5183820914e-02 -2.2611594291e-02 5.3818814999e-02 7.8905140519e-02 9.1856494572e-02 -8.0139721139e-03 -1.8923863807e-02 3.1734984106e-02 6.2152894012e-02 5.8442333665e-03 -8.5233840843e-02 1.3901223180e-02 -4.9929334435e-03 -1.6718033875e-01 2.6445841028e-02 -3.9424057403e-03 -1.3397828655e-01 5.8062575473e-02 3.5752748009e-02 2.1856516611e-02 1.5455142092e-02 -5.5878705238e-02 -8.2509897846e-02 -7.3568661563e-02 -1.8436215717e-02 -3.0428116550e-02 5.8811691455e-05 -2.2635399572e-02 -1.0180177918e-01 1.5341272625e-01 3.0385094334e-02 7.1597492335e-02 -1.3077084301e-01 5.5308283548e-02 -9.8550113622e-02 -6.9319571776e-02 -6.3558144143e-02 1.0841900622e-01 3.9077225443e-03 1.5001911530e-02 -9.9007348855e-02 1.5388570336e-03 7.0292662061e-02 3.2623525662e-02 8.6570377805e-02 1.4802968089e-02 -7.3905818525e-03
-7.1828634598e-02 3.4890373294e-02 -5.4302125597e-02 2.4987657992e-01 1.1150417013e-03 6.2576274964e-02 2.0363204568e-02 -6.5786257267e-02 -1.2587163418e-01 2.0955574448e-01 1.3187764354e-01 3.3292830253e-02 -9.4307200902e-03 -4.2513175925e-02 -5.6782343012e-02 -2.9713432772e-01 6.0710487833e-02 5.5561268936e-02 1.2969169467e-01 2.7795647014e-02 2.8123163259e-02 3.1453182429e-02 -1.1280662191e-01 -5.7175192046e-02 2.4973239982e-02 -5.5837536365e-02 -1.4899469427e-01 2.0883456133e-02 2.8429964408e-01 -7.9376213556e-03 -1.8839105703e-01 -6.4279176115e-02 1.3635302423e-01 -8.6289424879e-02 -7.6881066555e-02 3.9878434622e-02 -5.7931603330e-02 -2.3417247491e-03 2.3373720918e-02 -3.8337990819e-02 -1.2052195092e-01 -5.4385177901e-02 -4.1656718382e-02 -6.2472462051e-02 -1.1472548059e-01 1.1794099525e-01 1.2071626525e-01 1.2200192870e-01 -1.1198562100e-02 1.4711265649e-01 -4.7877147582e-02 -2.6790063714e-02 -1.1472980234e-01 -1.4203973298e-01 1.6088712537e-01 2.8843323851e-02 8.6951762262e-02 8.7851124583e-03 7.9435683185e-02 5.6452349892e-02 1.2994953663e-01 -3.3971765436e-02 -3.8630513604e-02 1.0250493286e-01 3.1457259403e-02 -3.2615854726e-03 -3.3043433634e-02 -5.7830874703e-02 9.3924269402e-03 -1.1884186380e-01 5.5889352648e-02 9.8363353697e-02 4.0441288563e-02 1.3037255353e-01 -6.0383489093e-02 -6.9534296314e-03 7.1384305388e-02 -1.0305276195e-01 4.5339284277e-02 1.2398370711e-01 -2.0454088287e-01 1.3885750818e-02 -1.0570716416e-01 -1.2883286748e-01 -7.5614945950e-02
-2.4515744763e-01 -1.1940831331e-01 -7.2927829175e-02 1.8558480672e-02 1.9960432650e-02 -2.2148606808e-02 -6.5145581339e-02 -1.3180850461e-01 6.5805200097e-02 -8.2307150351e-02 2.2477111755e-02 -1.1251431979e-02 1.3207802834e-01 1.0156854523e-01 -1.0810592517e-02 -7.0269908378e-02 7.1267621847e-02 5.5597756394e-03 4.2925751470e-02 1.5308321297e-02 1.3147039939e-01 7.3668408473e-04 -3.9507759626e-02 -3.8364733316e-03 -2.3294773857e-02 -4.7192543102e-02 -5.6754528605e-02 -1.9069256749e-02 4.0052352222e-02 -3.0897982122e-02 -8.7333310443e-02 -1.3038814307e-01 -1.0590686291e-03 -6.6732806749e-02 -5.3005421696e-02 -9.2762927657e-02 1.8016746062e-03 -5.5766236312e-02 7.5921362294e-02 -1.0225788193e-01 4.1828622418e-03 4.6538036710e-02 7.3107794033e-02 2.3844874083e-02 1.3594029000e-02 4.4551880010e-02 7.3123481363e-02 -4.0848671741e-02 8.6368719154e-02 6.2892455939e-02 1.2388230432e-02 5.1835273884e-03 1.5931941353e-01 6.7487315311e-02 1.1780296537e-01 2.2194215403e-01 7.7213027813e-02 5.0670038014e-02 1.0966876446e-01 3.3604186231e-03 -3.2507773189e-02 1.3233810425e-01 1.0848268952e-02 7.7507505597e-02 -1.1840818777e-02 5.4092456488e-02 -7.9623537487e-02 -4.9531547627e-02 -9.1363979977e-03 -6.0167403201e-02 3.4425992375e-02 7.5411515534e-02 4.4684004493e-02 2.8722587672e-02 -1.0944815720e-01 7.4747351558e-02 1.1531916511e-01 2.4434487459e-02 8.5393690646e-02 -9.7976318829e-02 -2.4979283229e-02 1.2845027516e-01 -5.5992051457e-02 1.7535687572e-02 7.3517998264e-02
4.5630623653e-03 6.4153644447e-02 1.8440914334e-03 4.5050281914e-03 -7.1258658007e-02 -4.1834936865e-02 -1.5022374176e-01 1.4767708879e-02 5.2925171586e-02 -9.3634599511e-02 -2.8410828991e-02 -7.0739396786e-02 1.0558021377e-01 1.2521208688e-01 -2.3934592501e-02 -7.1751761833e-02 9.0435722935e-02 5.3746143717e-02 -4.9629203473e-02 -7.6390347970e-02 3.2444385509e-02 -1.2673099448e-01 -2.0097925577e-03 9.8327658066e-02 3.8989146045e-02 -3.1186437590e-02 3.0492085536e-02 8.0110135678e-03 -5.3577859487e-02 -3.7728142311e-03 -7.5762177720e-02 -6.8419554646e-03 -1.0998263541e-01 -1.8790911650e-02 -7.1230655322e-02 -1.6748615677e-01 -7.4882003240e-04 -9.6107236728e-02 -6.9817213730e-02 -1.4650956372e-02 9.0719376104e-02 4.5931796319e-02 -9.3225122021e-02 -2.2204641406e-02 1.2369413041e-01 -1.6731292609e-02 5.3276365206e-03 -1.1154008279e-01 -1.1848103230e-02 -1.3490442401e-02 -2.4044405447e-02 -7.6828248840e-02 9.9816114012e-03 -2.5751128571e-03 9.1136100442e-02 5.1686599029e-02 -5.1139569382e-02 1.2027983047e-03 2.7663515285e-02 6.0030604068e-02 -8.4350619280e-02 8.9107514267e-02 1.4998616560e-02 1.4173955148e-02 -8.5045046806e-02 6.9112601127e-05 1.6430778015e-02 1.2638662118e-01 6.3046385644e-02 -9.4045566199e-02 5.0191627403e-02 2.9641476116e-02 9.6885642247e-03 1.0032918128e-01 -4.6163246623e-02 8.9915790171e-02 9.8794687967e-02 4.1101840942e-02 9.4494287916e-03 1.4336615696e-01 -5.3634522750e-02 8.6018262244e-02 5.3411305607e-02 8.1329731992e-02 -8.9378868401e-02
-6.4526671082e-02 -6.9983311553e-02 -6.1558492833e-02 -2.7044566270e-02 -2.0484023680e-01 -1.0834332310e-01 -1.0305904733e-01 -1.2963687955e-02 1.0017718673e-01 -1.3663869330e-01 2.0843192733e-02 -2.0646704640e-02 5.6406480309e-02 4.5012803102e-02 -3.0899334823e-02 -2.7094977638e-02 1.1870235223e-01 1.0321079664e-01 -1.4289569037e-01 -1.8473016683e-02 -3.8304979297e-02 -3.6733697209e-03 -1.4290504205e-01 -7.6779684178e-03 7.1908380629e-02 -1.1988597126e-01 7.1253655803e-02 2.7487504112e-03 -7.7630585293e-02 -3.7912263057e-02 3.2608974603e-03 5.0934010168e-02 8.4929626015e-02 -1.9043983631e-02 -5.8550851070e-02 -1.0563850437e-01 5.2672159194e-02 -1.0045677413e-01 4.0287597005e-02 -1.0022192727e-01 1.2914833897e-01 2.3851520378e-02 -1.1369568867e-01 2.2574841851e-02 3.8300864457e-02 -9.9947788028e-02 -5.3255184686e-03 -5.3767103146e-02 6.8878743318e-02 2.3370567192e-02 4.3296984472e-02 -1.0027458236e-02 1.2189971632e-01 1.6937002994e-01 2.7854794941e-02 1.9115258992e-01 -7.9417235683e-02 1.2407679248e-01 -1.0683335436e-01 3.1170607461e-02 6.2632980933e-03 3.3861054551e-02 9.3793974797e-02 -2.2982958757e-02 7.7112613665e-02 -5.3912614735e-02 -6.7095348634e-02 6.3813082948e-02 1.1918281919e-01 -4.7869664614e-02 1.5161245155e-01 -2.1543318771e-02 4.3532534395e-02 9.2594455515e-02 3.4299047965e-02 1.0036620054e-01 6.2093217870e-02 2.7453123589e-02 2.2074897375e-02 -1.1171836664e-02 4.9909248934e-02 1.3198733694e-01 -6.2565578593e-02 -1.8890022056e-03 -3.3179773075e-02
7.0851340533e-02 9.7699446524e-02 -3.1841399618e-02 -2.7956316802e-01 -3.0712157968e-03 -1.3073059764e-01 -3.1067125593e-01 -9.3044046209e-02 -3.2324997521e-01 1.9249617634e-01 2.4418092865e-01 -1.8494348620e-01 -1.1409863851e-01 -3.8090507445e-02 3.4213761095e-01 -3.1442619271e-01 -2.7566920755e-02 2.2308092026e-01 -1.3477549516e-01 1.5095619825e-01 5.7315489494e-02 -7.5390763607e-02 2.8520312323e-02 -8.6519709874e-02 -5.7788383326e-02 2.0292347280e-01 8.1324615100e-02 1.3491880969e-01 2.0647107753e-01 -2.8464901759e-01 -1.7248764148e-01 3.6071108598e-02 -2.1901535935e-01 -3.2815200002e-02 -2.1064744371e-01 -6.0532096928e-02 1.1640960735e-01 7.8570662649e-02 -2.0462888989e-01 -1.8402035031e-01 -3.9359029146e-02 5.5434411534e-02 2.2737612339e-02 2.0597063606e-02 1.8599616039e-01 1.2848710369e-01 1.0530605876e-01 2.0252782000e-01 -1.5148773709e-01 1.0878007499e-01 -1.6732998295e-02 -7.6749597547e-02 -1.5611041917e-01 -8.9538556376e-02 -9.4117200095e-02 -2.4445698241e-02 -1.2234751377e-02 -1.3729164191e-01 -1.0770221044e-01 -4.0388873814e-02 -2.8779057681e-01 5.1185031666e-02 -1.7055775545e-01 -5.0137400268e-02 2.1409016494e-02 -1.2888235805e-01 -6.0231571351e-03 -2.5884199150e-01 -7.4164339662e-02 -1.5894740953e-01 2.7933664228e-02 -2.9999692022e-02 1.1648314959e-01 9.1313748269e-02 -1.4999597316e-01 -1.5572540854e-01 2.5151395533e-02 1.7515321241e-02 -4.8631297480e-02 2.0029477072e-01 -8.9326556818e-02 1.2116337576e-01 2.8281564183e-02 2.1761582387e-02 -9.8455259113e-02
-3.9907928757e-03 9.9713651799e-02 -3.9893810910e-02 4.3255758439e-02 -1.8666698992e-02 7.5887850378e-02 5.3852262361e-02 1.1393711318e-01 -5.2436398125e-02 6.0622312523e-02 -5.4447202102e-02 -5.7459464615e-02 -6.5077245420e-02 -1.0140720812e-01 -1.0178831634e-02 4.5464334060e-03 1.0637379994e-01 6.9250090954e-03 -8.2059733687e-02 -4.2855062322e-02 1.1922393758e-03 6.9671994052e-02 -1.7882012982e-02 -2.3179441515e-03 -7.3652123498e-03 4.4558802895e-02 1.4273663053e-01 -8.6232230616e-03 -5.2432187737e-02 -1.4577313532e-01 5.9262320230e-02 -4.9690236585e-02 7.5097393948e-02 9.1689171245e-02 -2.9180325484e-02 1.2564674215e-01 -2.2367722074e-02 9.7665456402e-02 -3.2972923672e-02 8.3945947283e-02 -3.9724713188e-02 -1.2010827806e-01 5.7242404698e-03 2.3253577170e-03 2.6467678085e-02 -2.7509717332e-02 9.5278975860e-02 -1.1489682177e-01 1.2940294355e-01 -5.6549568358e-02 8.5836077088e-02 1.6956916961e-02 5.0459902023e-02 -1.6304685120e-02 -4.2911755487e-02 -7.9847706915e-02 4.8984201424e-02 -2.8357732701e-02 -6.0560798426e-02 -2.4324971261e-02 -4.2117263192e-02 -1.3416237309e-01 1.9375240909e-02 -1.7897095510e-04 3.9552531552e-02 -5.4275975257e-04 3.1176548621e-02 -1.7961082729e-02 -1.0589886464e-01 9.3695820733e-03 2.0894312293e-02 -5.8113711337e-02 -7.9406089595e-02 -4.4333570398e-02 4.5897115791e-02 -1.3381607454e-01 -7.1046306060e-02 -8.7575909345e-02 7.1761021562e-03 6.5397936557e-02 -3.6885250619e-02 -1.3743205432e-01 -8.5305883795e-02 -1.4285596437e-02 9.9080724848e-02
1.0284428940e-02 -7.4910466960e-02 1.4766562429e-01 -1.1527959267e-01 -1.3172665219e-01 8.8222413397e-02 1.7540660698e-01 -1.3762569734e-01 -2.0661467691e-01 -2.1010391635e-01 4.0903464275e-02 3.2784679061e-02 3.2650173752e-02 -1.7067196689e-01 3.3085768072e-01 1.7711873845e-01 2.2977504481e-01 8.8734119220e-02 1.2005217552e-02 5.6468310212e-02 -3.2121750005e-01 2.9654500761e-02 2.5306647601e-02 4.5618290406e-02 -4.8668570206e-01 -7.0115707503e-02 1.4132771746e-02 3.5095892914e-02 -4.4418050598e-01 1.6383191000e-01 2.8667118273e-01 -1.1263134530e-01 2.5090586929e-01 1.7846607259e-01 -7.3044814453e-02 7.1970496581e-02 -1.8338506115e-02 -1.5374982860e-02 2.1430959270e-01 -1.0387947005e-01 2.0561050986e-01 8.6525502623e-02 -9.5904449434e-02 -1.1040441144e-01 9.6279423994e-03 -1.9057983236e-01 -1.7256404043e-01 2.8636927878e-01 5.5070086101e-02 -1.1785655968e-01 -7.0769591070e-02 1.0970052353e-01 1.3681130762e-01 4.2386957679e-02 4.6218474734e-02 1.1955239990e-01 3.6344257832e-02 1.7011706340e-01 2.1817728164e-02 4.8015445521e-02 1.1313546554e-01 -1.9014193764e-01 -1.0940767144e-01 -1.0503232806e-01 1.1045239858e-01 -7.8002874619e-02 -7.4805706243e-02 2.4213415158e-01 -1.9426402845e-01 1.3127304700e-01 1.2712492591e-01 1.2583295391e-02 7.1590903129e-02 -2.5898288003e-01 -3.4629062339e-02 8.7830257249e-02 -2.6173934043e-01 1.1364433271e-01 1.9710247275e-02 -4.3393999896e-01 -2.7641423822e-01 -1.4726907763e-01 -6.2812165962e-02 -2.7898164824e-01 -3.3949304643e-01
2.1635941647e-02 1.1009579510e-01 2.3898863346e-01 1.4572989090e-01 7.6024473910e-02 -5.9580255856e-02 -5.6841763276e-02 -1.4852880403e-01 6.8530376336e-02 -1.6358744112e-01 -2.5776192162e-01 1.5332256008e-01 8.9692115513e-02 1.9134697738e-01 5.4542610106e-02 -1.9264578989e-01 -9.1453488344e-02 -2.5763708744e-02 -1.5010707191e-01 -2.2011764570e-01 2.3272703072e-01 -1.5714920573e-01 8.5559163217e-02 9.6748338581e-02 -4.4164488724e-01 -1.2726635218e-02 3.2541209408e-02 1.3013331377e-01 2.3572056536e-01 1.6135060640e-02 -2.8403864251e-01 1.0417980890e-01 -4.3886795299e-03 9.4047052869e-02 -1.6509316429e-01 1.4328661548e-01 6.0169169324e-02 2.6863133831e-01 -6.2175519074e-02 3.9558091252e-02 1.9607150611e-01 2.4263292574e-01 6.2091072295e-02 2.0278173418e-01 7.5177635236e-02 3.1342646289e-01 -1.5200684048e-01 -1.5576572397e-01 -6.8903924802e-03 1.5412230733e-01 -2.0597734472e-01 -2.2485527713e-01 -6.3673377940e-02 -1.7942051276e-01 -6.7383214591e-02 -1.7681602787e-01 -6.1135010436e-02 -1.8758996764e-01 -3.0356626026e-01 -6.3654255584e-02 -2.2689026387e-02 -5.4205546568e-02 3.6554771305e-02 6.8305598901e-02 -2.7905391206e-01 7.3307183228e-02 9.8537627844e-02 1.9732206631e-02 1.6739292205e-01 -1.1613639225e-01 -2.2033280942e-01 3.0631559433e-01 2.4529289653e-02 -1.7724542722e-02 -2.8770716921e-01 -2.1095339611e-03 4.6332703515e-02 2.3173412275e-01 9.7147177516e-02 3.0731830056e-01 2.2162310756e-02 -4.9516394592e-02 1.7694631763e-02 1.2408897925e-01 1.2873037314e-01
-2.2177730510e-01 -1.2463869775e-01 -5.3371159035e-02 -1.1779084587e-01 -5.4002916827e-02 -7.4973720090e-02 -2.8944801574e-02 -1.2501874575e-01 2.6085443286e-03 -1.9842511804e-02 3.9420485388e-02 4.5315114278e-02 2.2251556498e-01 1.7303876436e-02 2.2526750480e-02 -6.8991067997e-02 4.1710522641e-02 5.9406566102e-02 -9.7663388074e-03 7.4682329764e-02 -7.9782569610e-02 6.7255057326e-02 2.5527028154e-02 3.6085733727e-02 -1.3009659493e-02 -2.6860233933e-03 -6.7370976303e-02 1.2969188092e-02 -6.7901249694e-02 7.2291809605e-02 -1.1783716678e-01 -8.5158445616e-02 7.1749613212e-02 1.2052863267e-02 -9.2783308879e-02 -6.5160937161e-02 -1.0181459088e-01 -8.3102380315e-02 9.8153117662e-02 -1.0803401345e-02 -7.3478659651e-02 7.7852477913e-02 -4.9785690763e-02 -1.2685060890e-02 -1.0330612360e-01 1.0960726104e-01 2.8765738634e-02 -1.1294751529e-01 2.3578679365e-02 5.5010460358e-02 -7.5014420242e-02 1.4512217992e-01 -3.6410940163e-02 -4.7961870232e-03 6.9299088053e-02 1.9228040394e-01 3.7784722274e-02 4.2813801898e-02 6.9270176468e-03 4.3792883546e-03 1.0840873654e-01 3.7415319691e-02 8.8799823016e-02 9.4214152879e-03 5.4231170469e-02 3.3931891974e-02 -1.7173788339e-01 2.2766463518e-02 1.1674068323e-04 -5.4905188178e-02 1.5512891502e-01 7.3894790165e-02 1.3819795572e-01 4.8653476203e-02 -1.0137225954e-01 -8.4961267336e-03 1.4126770243e-01 2.6225621584e-02 7.4985277865e-02 -1.0625793609e-01 -9.1381291105e-02 1.2268545136e-01 -1.2330364380e-01 3.5096680790e-02 -4.8433628848e-02
3.8833984083e-02 -1.1725179413e-01 5.1350265548e-02 3.1378635554e-03 6.0148433078e-02 -4.2626297915e-02 -9.2526610328e-02 -7.2416728050e-02 1.1577253268e-01 -2.1010223975e-01 -1.5290741205e-01 -1.9280255174e-02 -1.2950805271e-02 1.6482414054e-01 -6.0856850283e-03 -7.7690321479e-03 2.6328749752e-02 2.4742162802e-02 -3.6873672422e-02 3.1484706639e-02 5.5733098958e-02 6.4274327396e-02 -1.4297425300e-01 -3.5090120209e-02 1.3083492481e-01 -3.6644768315e-02 6.3296388898e-03 8.1962250350e-03 -9.1894373403e-02 7.0804807652e-02 -3.0531509579e-02 5.1380820116e-02 -5.0297467174e-02 -4.6361006802e-02 8.4419543039e-03 -4.6649602508e-02 2.2661807625e-02 1.5112875632e-02 -9.3237146616e-02 -3.7710527209e-02 9.5834447107e-03 3.3609433674e-02 -9.3515094250e-02 -3.8937450085e-04 7.2159496735e-03 -3.8893171632e-02 3.6027141833e-02 2.7080620684e-02 -6.1419983501e-02 -2.1223428154e-02 6.7178437885e-02 -1.0241539530e-01 6.4584423940e-02 1.3204478510e-01 -4.8983297881e-02 8.0500781443e-02 -6.0982605342e-03 -1.8722458434e-02 -3.7738228606e-02 -5.1069648737e-03 -4.7220216330e-02 9.5711836570e-02 -1.2785139099e-02 9.4049696090e-02 -7.9830705834e-03 4.2521097359e-02 -5.1911235992e-02 4.0801884214e-02 3.1312592833e-02 -6.1734699989e-03 -1.0321043594e-01 7.0746550889e-02 5.1930790858e-02 6.8024406313e-02 -9.0272570523e-02 4.3247390560e-02 2.1320233864e-02 6.7968824473e-02 -7.2343815064e-04 1.2680488509e-01 8.1522200947e-02 1.5244058099e-01 -9.8284376830e-02 3.8270913407e-02 -1.2680529727e-01
-1.6438511804e-03 1.2363975942e-01 -6.6527946217e-02 1.1019538005e-01 8.3817285948e-02 7.3243939752e-02 1.2333498719e-01 6.6537529695e-02 -1.5370236067e-02 1.3090392727e-01 -1.3827369673e-01 -2.4560112536e-02 -2.2479568218e-02 8.9695769876e-02 -1.4340023489e-02 7.8882715620e-02 -1.1671631213e-01 -8.0425249766e-02 3.4673771970e-02 2.2840024037e-02 -7.5253340576e-02 -9.2855104806e-02 -2.1838344572e-02 4.6522443441e-02 -7.0427110890e-03 -2.4846143880e-02 -3.9473749683e-02 -1.4401487229e-01 9.1455608533e-02 -4.9210504825e-02 -8.4438349616e-03 -1.3840019691e-03 -1.9902040035e-02 1.2168128245e-01 6.3325085996e-02 8.0666285154e-02 -1.4748989983e-02 4.9602466366e-02 4.0012698419e-02 1.4512584976e-01 -4.8905182246e-02 -2.0393151807e-03 7.1541974954e-02 -4.4655586047e-02 4.4846790550e-02 1.4410793609e-01 1.1152125337e-02 3.0277609614e-02 4.4964197613e-02 -3.6706551027e-02 -5.8658436746e-02 -1.3834425129e-02 2.1426084034e-02 -5.1527977502e-03 -6.7034486309e-02 -1.4441301718e-01 4.8517049059e-02 -6.3081646217e-02 6.9881215233e-02 -3.5364528368e-04 4.9804403372e-03 -1.9635431871e-01 -3.5675048423e-02 2.1033043303e-02 -8.5298493610e-02 9.5833033191e-02 3.2787945038e-02 -7.6303015688e-02 -7.1210329402e-04 2.0127745409e-01 -4.1330365034e-02 -3.5433552586e-02 -7.0254751310e-02 -1.5178061030e-02 1.0344217469e-02 -1.8886773675e-02 9.4651035353e-02 -9.4693369483e-02 -4.8192918142e-02 2.4316766973e-02 6.1585125172e-03 -1.2750601448e-01 3.2755734801e-02 -1.1556383762e-01 1.6136583094e-01
-1.3786269518e-01 -1.9398175579e-01 -1.0853460976e-01 -2.1000180994e-02 -1.5531029916e-02 -1.0092089765e-01 7.6661884894e-02 -4.0256116230e-02 1.2482280538e-01 3.9717664912e-02 5.3118762446e-02 4.5039586782e-02 1.9887374513e-01 -3.2205247372e-02 -8.6914704912e-03 -1.3113894059e-01 2.7806074355e-01 1.4945276749e-01 8.1894058652e-02 -1.3449159965e-01 -6.9096788926e-02 2.2733767651e-01 4.0632849739e-02 1.1716116706e-01 2.1343680461e-01 -5.7754452858e-02 -1.8290158535e-01 1.4296217369e-01 5.6860706800e-02 -2.1690217757e-02 -5.8414934988e-02 -1.4931910809e-01 1.5011985534e-01 -1.1890250179e-01 -7.6296669173e-02 -2.1843734779e-01 -1.9105804271e-01 -1.1788852529e-01 2.4484041361e-01 -1.0039760962e-01 8.5451348582e-02 2.2558038191e-01 -1.2070540248e-01 5.2334259541e-02 -1.0516302944e-01 1.9675648687e-03 1.8542643226e-02 -1.2883251815e-01 -4.2587626839e-02 1.6925914553e-01 1.3300123251e-01 -8.0662482216e-02 2.1619840870e-01 3.3311226851e-02 3.6754524659e-02 1.5861166176e-01 2.1433780732e-01 1.9464643662e-01 -4.6100315657e-02 1.4990397501e-01 1.3496661654e-01 -1.4266058128e-02 1.5713256058e-01 6.0387480613e-02 4.1630354463e-02 -8.2323832660e-02 -1.9167580268e-01 3.6314641307e-02 -1.3735002060e-01 -5.4335303307e-02 5.1007080557e-02 3.5507160353e-02 1.9768282180e-01 6.2372054538e-02 -4.0018613301e-02 1.5385282303e-01 2.3339064186e-01 3.0392284865e-02 1.5637973054e-01 -2.4375184689e-01 3.3876195515e-02 1.1234691666e-01 -1.5996727880e-01 -1.7501088620e-01 -1.8869825483e-01
1.1691875856e-01 9.1660107665e-02 -1.4684893236e-01 1.2844006037e-02 -4.2980837445e-02 -2.3249475295e-03 9.3917079974e-02 -6.7855562730e-03 -8.9279098399e-02 1.6663207769e-01 7.5939736185e-02 -7.0291979269e-02 -2.8140226971e-02 -7.4348621640e-02 -1.0600468447e-01 -1.0736497496e-02 -4.2495260083e-02 -5.1568345029e-02 5.1321021027e-02 8.6482418460e-02 9.6613795752e-03 5.7632138141e-02 -2.9104181636e-02 -1.2728648649e-01 -6.6464622126e-02 -6.5446745851e-02 1.2573988562e-01 -6.2163649704e-02 -1.2304924487e-01 -1.0310695943e-01 7.5105550375e-03 -5.0752168391e-02 1.2604578621e-01 -1.1651010855e-01 -5.3744798616e-02 -3.7399446673e-03 -8.1442665922e-02 -2.2804956539e-02 -2.7602185424e-02 1.1804306818e-01 -8.6680861281e-02 -1.3218234790e-01 1.9738930394e-02 -3.9892408264e-02 -2.5377801570e-02 -1.2476858958e-01 -2.0170363507e-03 -4.9381978439e-02 6.8598222906e-02 -9.0014191747e-02 7.0236955835e-03 1.9263819064e-01 2.4029128474e-03 -4.2816568582e-02 -7.7290425489e-02 -1.6461806862e-01 5.1393237867e-02 4.1943232021e-02 -7.0311539463e-02 5.6203154217e-02 1.0012430103e-01 -4.6126839924e-02 -1.0998081110e-03 6.0297451913e-03 -5.4837961333e-02 5.2625060765e-03 4.2613604386e-02 -6.2104633860e-02 6.3263759979e-02 -3.4392037750e-02 1.2448504519e-01 3.9690472972e-02 9.5404211899e-03 -1.6848150145e-02 7.9936334216e-02 -1.8730081076e-02 2.1503928896e-02 -8.8269900778e-02 -8.8277354933e-03 2.0255482134e-01 -2.7916608534e-02 -1.4397849120e-02 2.0557800679e-03 -4.2404940675e-02 6.4688856659e-02
4.5261187133e-02 4.5817213096e-02 5.9508736380e-02 1.0331831361e-01 9.2595098930e-02 1.9118716915e-02 -4.7168508731e-02 8.8911181649e-02 1.4964699302e-01 1.6642348679e-02 8.8877798662e-02 2.7152578257e-03 -2.1910965349e-02 7.3053250439e-02 -5.8560557443e-02 -5.0188442416e-02 -1.2982972121e-01 -3.3913306395e-02 -2.1570048665e-02 -9.5963221666e-02 8.4256745088e-02 2.6698468426e-02 -3.9818123422e-03 -2.6434800219e-02 3.2030658556e-02 1.5339629753e-01 6.0210724576e-02 2.1666122731e-02 2.1727426990e-01 4.9219598854e-02 1.5182303161e-01 3.5730637966e-02 -1.8372782127e-01 4.0850881322e-02 -1.6527184821e-02 8.1073961365e-02 3.3032792265e-02 3.8195818622e-02 -8.8605736605e-02 -7.2608492019e-03 1.6783666203e-02 1.9195560635e-03 4.9898590847e-02 2.9289713775e-02 1.8441673250e-02 9.1139834165e-04 2.5182193246e-01 1.3467529076e-01 -1.6101475895e-01 4.8069805624e-02 -2.5297456340e-02 -1.6603565727e-01 -1.0625879914e-01 -1.6159414178e-02 1.1278629542e-02 1.4700744471e-04 -2.0852815180e-02 -1.6864220475e-01 2.6037323106e-01 -7.9911248843e-02 -1.2162580554e-01 4.4324244323e-02 1.2514663963e-03 1.0464779603e-01 8.6818059084e-03 4.5157826610e-03 9.5765742053e-02 -9.2455943232e-02 7.2550548000e-02 -7.9060818549e-02 -4.6844590229e-02 1.1988157451e-01 4.7959105443e-02 -3.4410344356e-02 1.0443631400e-01 -1.7596832484e-02 -4.9662614599e-03 1.1104309936e-01 -9.1484105844e-02 1.2308335100e-01 1.9005779401e-01 1.1345994445e-01 1.2416779332e-01 8.0574758182e-02 1.8668897331e-01
-7.2128512444e-02 -7.4601122441e-02 4.2276864123e-02 9.8128177027e-02 2.3482238584e-02 -1.1610769028e-01 1.1702074442e-01 -4.0978559148e-02 -3.7552938826e-02 -3.7065408765e-02 -3.6851760241e-01 2.5472584187e-02 -4.8416972294e-02 -8.0152832516e-02 -2.0413264395e-03 -1.6967621495e-03 -9.1493682600e-03 6.1686411467e-02 4.4151102975e-02 -7.3098734451e-02 -5.5588672455e-02 2.0241046219e-02 4.6546031297e-02 -1.7475962280e-02 -3.0076177049e-02 1.0209216178e-01 -4.6965523340e-02 -3.1797606283e-02 1.8178676563e-01 -5.1187521270e-02 3.6523276199e-02 -1.1412536170e-01 1.6912570407e-02 8.6650720846e-02 1.0032091445e-03 4.8342558797e-02 -7.5210968560e-02 1.1628396191e-01 2.5596859804e-01 -3.5118921275e-04 -4.1284035670e-02 7.3872816244e-02 1.3974396193e-04 1.8081301712e-01 -1.0876680362e-01 2.1536412342e-02 -2.8546641910e-03 -1.2549113346e-01 9.7104846329e-02 4.8645088906e-02 5.0634131270e-03 -7.6905270773e-02 5.7370303478e-02 3.2693433777e-02 -4.6042568471e-02 -6.9989652592e-02 9.3117186491e-02 -1.0865900490e-01 -1.4325188661e-01 -1.3001874699e-02 1.4316278363e-01 3.0042569232e-02 8.7010821910e-02 -1.1810650178e-01 -2.4048990604e-02 -1.3342227847e-02 -4.6923527086e-02 -1.6213723132e-01 -2.2112546510e-01 2.4156801499e-02 -1.3161496711e-01 1.5357763716e-02 -6.2480131262e-02 -8.4268862137e-02 -1.9722400767e-01 -1.7404381330e-02 -1.1474628659e-01 1.5074329409e-01 2.5189685760e-03 -3.4322714278e-02 -5.8411395187e-02 -1.0267314667e-01 1.6945115861e-02 -4.5639098542e-02 6.2596071618e-02
-2.6614283129e-03 4.2007681073e-02 2.8464321265e-02 -9.1113733718e-02 2.9411277142e-02 2.5451414578e-02 -8.9492908815e-02 1.6640946921e-02 -1.0461346892e-01 -7.1048981821e-02 1.0905529474e-01 -9.3722057079e-02 1.0389643892e-01 8.9941288718e-03 5.8044438581e-02 2.5406831943e-02 -1.8123210699e-02 -6.7081584970e-02 -8.6877881475e-02 1.2113765608e-01 -3.2373143067e-02 -2.3145472811e-02 -4.8291686450e-02 -1.4359086277e-02 -1.9692627936e-02 6.6117786259e-02 1.7335919289e-02 8.8047805078e-02 2.2398991495e-02 -5.0646021005e-02 -5.9262750694e-02 2.6945869031e-02 -1.8266274502e-01 1.1520563508e-01 -8.4206362931e-02 -9.0300071085e-02 3.1290655696e-02 -1.7391408705e-04 -1.0948831742e-01 -2.7517484058e-02 -4.9916863220e-02 -4.3240308455e-03 -4.2605159763e-02 3.5608344184e-02 8.2648617661e-03 5.2148129911e-02 9.1097044824e-03 9.7504462162e-02 -1.0615686498e-01 -5.3216009229e-02 -1.0697227786e-01 -6.7704945621e-02 -7.6816218290e-02 -8.5108513041e-02 -6.8034134254e-03 9.5746576781e-02 -7.1874949197e-02 -5.4815036135e-02 1.0898686219e-01 -3.4117695555e-02 -5.6340570154e-02 1.3071292738e-01 -1.4480729682e-01 -3.8807715066e-02 7.2899744519e-02 -7.7290879694e-02 -2.5396383586e-02 1.2678275330e-02 5.1653744958e-02 -4.1987805636e-02 8.2253534245e-02 8.7323945607e-02 9.3263519692e-02 3.4137477908e-02 -5.2472039775e-02 -4.5014906122e-02 8.4676772612e-03 3.0694428498e-03 -5.2043426773e-02 2.7238910816e-02 -3.2657335152e-02 1.1405048776e-02 8.6215929033e-02 9.6309419269e-02 -1.3369199245e-01
8.1726782875e-02 4.3148186384e-02 4.5890376356e-02 -2.4489342642e-02 5.9709699285e-02 -9.6231925394e-03 1.5138716580e-01 8.7601432396e-02 -4.5072515007e-02 9.4889882283e-02 1.9146196184e-02 -4.1517580285e-02 -1.1457959099e-01 -7.2407819893e-02 -6.1321445052e-02 2.2318490308e-02 -1.2532339942e-01 -1.1743852284e-01 -8.4061653682e-02 9.7436413075e-02 3.3696021552e-02 2.9129567356e-02 1.2157352819e-01 -3.0560536974e-02 3.0750442699e-02 4.5882634855e-02 5.0130552584e-02 -8.2517926981e-02 3.8997683060e-02 1.3519538303e-02 3.5956246000e-02 1.0957050692e-01 -2.6832146650e-02 -2.0049291366e-02 4.9954246646e-02 9.0960949262e-02 6.8593120765e-02 -5.9708356163e-03 2.6623856794e-02 1.9051655958e-03 -4.5225546905e-02 -1.0803358844e-01 -4.7762466796e-02 3.0626887292e-02 -1.9609429905e-02 -4.4658825292e-02 -4.8428860438e-02 4.7945709185e-03 -4.2586213601e-02 -2.7041266850e-02 2.7733879887e-02 4.2662813613e-02 -3.4534665974e-02 -4.0904459278e-02 2.2482029256e-02 -1.2237641589e-01 -9.1479674571e-02 1.0716313088e-02 -2.2682282438e-02 7.0558536478e-02 5.6688496231e-04 -6.5643740530e-03 2.6238354712e-02 -1.4819845657e-01 4.2514554807e-02 2.0457843906e-02 1.4083836898e-01 -5.1303329021e-02 -3.1270379741e-02 -3.0870976913e-02 -1.2925409130e-01 -1.0290031840e-01 -7.2095565955e-02 -6.3812957801e-03 3.9016482553e-02 -1.2907801393e-02 -2.7438732602e-02 -5.1180585115e-02 2.9433821330e-02 3.4971413908e-02 6.7710395299e-02 -6.6815858630e-02 1.4871145571e-01 -4.1992388880e-02 1.5378405404e-03
-5.7286324759e-02 -5.8544018691e-02 -2.4722969866e-02 -3.5237246816e-01 -4.8164299515e-02 3.1626771848e-02 1.1769814181e-01 -1.1741371241e-03 -1.1630862084e-01 3.7587262206e-02 -1.6231611457e-02 -4.5744950632e-02 -4.2700627232e-02 -1.3986892747e-01 3.0557784154e-01 -3.4110271684e-02 1.1779977823e-01 1.1390019162e-01 8.5473645579e-03 -1.6856919868e-02 -1.2908224227e-01 1.9381881011e-01 1.0908652949e-02 9.0474949119e-02 2.2931840188e-02 3.0833438142e-02 2.2421889384e-02 -5.8311816294e-02 -1.5126128371e-01 -6.5180879430e-02 1.2623135744e-01 -6.8688210999e-02 9.5132393468e-03 1.6785474800e-02 -9.0115586089e-02 -1.0094134092e-01 -5.4962395917e-02 7.1872876917e-02 3.4063048816e-03 -7.2984986845e-02 1.5552773981e-02 -1.3508381770e-02 7.0184306931e-02 -3.4535225342e-02 2.6759940700e-02 -1.3538317547e-01 -2.0823879166e-01 6.4632260756e-02 4.4307321649e-02 -3.6272633186e-02 1.7063282285e-01 -1.1886356450e-01 2.4945711247e-01 1.0937088674e-01 -9.7187733643e-03 1.2955237285e-02 1.3669862701e-01 1.0649565789e-01 -1.3817873401e-01 7.1835771938e-02 1.7618404105e-01 -1.1618004230e-01 -2.7678025721e-02 -1.2673200319e-01 6.6221931616e-02 -3.1715717300e-02 -7.2573403599e-02 -5.0844710301e-02 -8.4630361955e-02 3.7241349350e-02 1.0072304767e-01 -1.1042733549e-01 -1.3757953512e-02 4.9925351109e-02 -1.8854063393e-01 1.0431115139e-01 -9.8896212913e-04 4.6337765614e-02 2.3183903619e-02 -3.1031773690e-01 -9.2244547209e-02 -4.7710507190e-02 1.0951785787e-01 -4.2011359688e-03 -1.6072335637e-01
8.3611654358e-02 8.1157689026e-02 -1.6159173914e-02 -9.0080150290e-02 8.4041547933e-02 -7.4467725161e-02 1.1137911326e-01 3.5247658243e-02 -3.0916029494e-02 -4.2083532769e-02 8.5657199384e-03 7.9029638620e-02 -1.5908138825e-01 -1.5603083217e-01 2.0780865069e-01 1.6745988385e-02 2.7988799400e-02 -2.6907380642e-02 -4.9431115837e-02 -6.2963777208e-02 9.1633404010e-02 3.6235492868e-03 1.7422607847e-01 -6.6987260437e-02 -6.7942554117e-02 8.6301136940e-02 -4.1861576830e-02 7.8828220673e-02 6.2725203221e-02 -3.1817049669e-02 -3.2631837427e-02 -2.2206165690e-02 -4.0969275095e-02 -5.5302922185e-02 -2.3537978624e-02 1.0680602490e-01 6.0958403062e-02 1.1161761433e-01 4.0816871344e-02 -7.8265932678e-02 5.8259140932e-02 1.4098127142e-01 4.7629437429e-02 4.7527534174e-02 2.8354464594e-02 1.2943306072e-02 -1.9273481655e-01 1.0593695712e-01 -1.6632024198e-01 -1.8000935823e-03 -1.0207898901e-01 -3.9906112453e-02 -9.5875973662e-02 -2.1692259718e-02 -5.8113033065e-02 -1.1134222333e-01 -6.8402929242e-02 -1.7471099573e-01 -1.8327534616e-01 -5.6453779927e-02 -6.8053220635e-02 -3.6808115571e-02 2.7715459289e-02 -2.5137612359e-01 -1.4790726038e-01 4.2760698204e-02 1.5204576074e-01 -8.4158556899e-02 -2.6606783793e-02 2.0715751030e-02 -4.6480768723e-02 2.6672572490e-02 -3.6245065299e-02 -1.5592439871e-01 5.1607386636e-02 -6.6686688489e-02 1.7253604609e-03 2.0912726617e-03 -5.5892450625e-02 -1.4929524860e-01 -1.3308008676e-02 -9.5094237118e-02 6.4025461009e-02 -3.6316325556e-02 -9.0988633454e-02
-4.3580354916e-03 -7.1341756977e-02 5.6952898097e-02 2.0094433441e-03 4.0946626842e-02 -1.4191875349e-01 -2.0821273902e-03 -1.1143292430e-01 -5.1840436744e-02 3.7531402184e-02 -2.7567487864e-01 9.8655144549e-02 4.1006061835e-04 -2.7006333783e-02 -1.1802497911e-01 9.7341696625e-03 -4.2907713134e-02 -3.9024176545e-02 -6.3958964079e-02 -3.3116415706e-02 4.1601621537e-02 -2.4030327554e-02 6.1939587256e-02 3.4445442653e-02 6.1523716256e-02 2.4718840370e-02 3.5081686693e-02 1.0149917526e-01 5.1360681157e-02 3.9577338288e-02 -2.3020847007e-02 -2.5424630774e-02 1.3827740270e-01 2.8895909588e-03 -1.4620311369e-02 1.8072913300e-01 5.9553883863e-02 3.2350072547e-02 -4.4907857981e-02 4.9626228505e-02 -7.1706283819e-03 -3.3193510840e-02 2.3204424948e-02 2.4697280677e-02 -3.5141955025e-02 4.6765665825e-01 -1.1499574851e-01 -3.5786074792e-01 2.2179938360e-02 -1.1770162565e-02 5.8576732298e-02 6.4276882375e-02 8.7679335549e-03 -2.7756071238e-02 7.8791214140e-02 -8.4451600228e-02 -1.4743943484e-01 -9.1596336004e-02 -1.8973956386e-01 -1.4811361659e-02 8.0674341106e-02 -1.6997868377e-02 2.4085923512e-01 5.3740311894e-02 -4.1200682267e-02 5.6333866149e-02 -5.8808947290e-02 -4.3360227717e-02 2.1206259158e-01 5.1736784870e-02 -7.8587732017e-02 -4.0569127912e-02 1.3256690344e-02 8.5946201309e-02 -1.4732749247e-01 -7.8373134525e-02 9.1232579649e-02 -6.2933783122e-02 5.6540737736e-02 1.7533902899e-01 -7.0552709575e-02 -5.2578150466e-02 3.7305452713e-02 1.1763874879e-01 2.0760705276e-03
-8.1437956139e-02 -1.0127891081e-01 2.1313194376e-01 1.1096312467e-01 -5.7977436043e-02 -9.4180475626e-02 -3.9104236170e-01 -6.3432352150e-02 3.7283460494e-02 -9.0068883425e-02 -3.5155942473e-01 -1.1566136237e-01 3.9753283507e-02 8.6847872248e-02 -1.9230301252e-01 7.1493339605e-02 1.3077815992e-01 3.9980249749e-02 -2.4690835183e-01 3.0984693537e-02 1.3091357340e-01 5.1400280527e-02 -3.6780757811e-01 2.2612168887e-02 1.8034018152e-01 -1.1764079194e-01 9.8587970415e-03 1.5641358812e-02 3.3729438589e-02 3.9021471644e-02 6.1387586150e-02 7.6340322898e-02 -2.5605702835e-01 -9.6751159113e-02 1.7601458710e-01 3.8557519076e-02 1.4273436919e-01 -1.0630318284e-01 -1.5461988088e-01 7.4852442934e-02 -7.4005753764e-02 -1.7248440089e-01 2.6102396167e-02 1.9745816471e-01 -5.3020868921e-02 3.0365828468e-02 -2.6352360133e-02 -2.0787888672e-01 2.2724536153e-01 5.8613424624e-02 2.1546640612e-01 -1.4468085328e-01 8.1699917321e-02 1.2957177770e-01 8.9375205131e-02 2.0063225104e-02 9.4524788026e-02 -3.2301710781e-02 -1.3910252734e-01 1.1591162362e-03 9.0075960208e-02 1.6994948806e-01 2.4381769507e-01 2.3060592852e-01 2.3608432107e-01 -9.3135758908e-02 -1.7591629725e-01 1.6418695591e-01 -7.2721620539e-02 -1.1979165617e-01 -1.0112917027e-01 -4.2792476478e-02 -4.1206050498e-02 2.2719238595e-01 -1.2068512629e-01 3.3574519780e-02 3.0181975612e-02 9.4682312933e-02 3.9563042594e-02 5.8518541348e-02 2.3379272466e-01 2.1940922661e-01 1.5709005657e-02 1.4927999704e-01 -2.0162084876e-01
-2.6325499999e-02 -7.5665921032e-02 3.0357295531e-02 1.0347152808e-01 -7.7740340743e-03 -3.8561545220e-02 -5.6518700371e-02 -8.6225750977e-02 7.0401086701e-02 -1.6409901781e-01 -3.6343657824e-02 7.3016842274e-02 5.2606200942e-02 7.3675804438e-02 -2.4528800093e-01 1.4674437529e-01 1.2280781696e-02 -5.7167830294e-02 1.2475198088e-01 -8.3482318568e-02 7.8604794352e-02 -8.2437315196e-03 -5.7237487634e-02 9.7900982630e-02 4.5108153551e-02 -8.2118414664e-02 6.6626157556e-03 8.5568262738e-02 -8.7142486209e-02 1.4940199044e-01 1.5224950215e-01 -4.0237303213e-02 7.0526329332e-02 -7.3610532414e-03 8.3403428867e-02 3.7853497322e-02 -5.5066254317e-02 -4.0792823237e-02 5.9052220079e-02 -3.6653364168e-02 7.2811588432e-02 1.0592517285e-01 -1.7645418790e-01 1.3758035348e-02 -8.4170995680e-02 1.8499860391e-02 4.8287244163e-02 -3.9352206955e-02 -1.1808257068e-01 5.1922979036e-02 -1.1562762770e-01 -1.5156504183e-01 -3.9909314830e-03 1.1191099890e-01 6.5526469284e-03 2.3454129706e-01 7.9063169190e-03 4.1397772925e-02 5.3594723124e-02 4.0029968487e-02 -1.0020774297e-03 -5.5012036197e-02 -1.7800848746e-02 -1.8518142528e-02 -7.2991699636e-03 8.4416463463e-02 -2.8385005693e-02 8.8066657690e-02 1.0196380921e-01 1.3388864472e-01 5.6145302201e-03 3.5515800864e-02 1.5671788187e-05 5.9551420487e-03 9.4829151071e-02 1.4310935548e-01 1.1818616303e-02 2.9980543558e-02 -4.1723006716e-02 6.5861569394e-02 2.3631172521e-02 7.5615229884e-02 2.2127841427e-02 2.9260371719e-02 7.3470739826e-02
4.7110673724e-02 3.4389468741e-02 -8.9172846199e-02 -5.2812974177e-02 -4.6108111817e-02 -3.1632975491e-03 1.5888093403e-01 9.0504177126e-03 1.8739235536e-03 5.5239943168e-02 -6.9552007528e-02 -9.1881782339e-02 8.8120058128e-03 -9.1775076314e-02 -2.5299942867e-02 1.5530897219e-02 -1.5082615302e-02 -7.5874102014e-02 1.0627482328e-02 -1.0176204149e-01 -2.2331880907e-02 -1.0701579563e-02 -2.9518625547e-03 6.0772344549e-03 -3.2005236786e-02 -2.7143930781e-02 -1.8554913792e-01 -1.0391315777e-01 -1.2179917157e-01 -2.0426701985e-02 -6.6589112625e-02 -1.2449169149e-01 5.2798186062e-02 -6.1339450161e-02 -9.3352655481e-02 7.2150355100e-02 5.0567507280e-02 -3.7163634544e-02 1.0232123759e-01 2.8699515620e-02 -6.1383588567e-02 -4.7938389313e-02 3.4939081919e-02 4.0593208526e-02 3.4781891466e-02 2.2549313451e-04 -1.0910090379e-01 -2.2879848041e-02 -8.0363202920e-03 -1.3628729837e-03 9.5211747123e-02 5.1202337718e-03 -4.1477591736e-02 -2.9175409266e-02 1.4492985139e-02 -9.9493634204e-02 -2.6867949204e-02 -2.6510640001e-02 -1.2831846286e-01 2.5784481667e-02 1.2525533133e-01 -8.1618040479e-02 -1.0130041378e-02 -5.0456902588e-03 -3.3277215887e-02 2.3564142745e-02 1.1820060848e-02 -5.2041800629e-02 -9.9599699553e-02 3.3675308507e-02 -5.9790462758e-02 -4.4640792421e-02 1.1728453913e-02 -4.7664755715e-02 9.0741150780e-02 -5.0591978181e-02 -3.3283340117e-02 -6.4540833288e-02 3.5109522410e-02 -5.3304270802e-02 -5.8848371631e-02 -1.2906577949e-01 -9.4320427018e-02 -2.8730489685e-02 -4.9502724388e-03
-1.2122144237e-01 3.6013948478e-02 -1.7605900022e-01 -4.3644707787e-01 -7.7782349378e-02 9.3618439018e-02 1.3049731698e-01 2.1539952762e-02 -1.7870930196e-01 4.8237101478e-01 8.4911506717e-02 6.5875809302e-02 -6.9206584556e-02 1.7998560244e-02 -5.8344567423e-02 -3.7347292252e-03 1.8334511500e-02 8.2712737288e-03 2.4343303700e-01 2.2612243588e-01 -2.5580960455e-01 9.3671503125e-02 -8.7654060804e-02 -5.0574568443e-02 2.1226685063e-01 1.2207518634e-01 -7.9360906988e-02 -1.9209965531e-01 2.0944787340e-01 -1.9957355415e-01 -2.7303298942e-02 -8.4103808085e-02 1.2976317193e-01 -1.7080329860e-02 2.5330539772e-02 -1.7807548678e-01 -1.4666418446e-01 9.0001625252e-04 2.7774397039e-01 3.2613104458e-02 -3.0751992337e-01 -6.4633319496e-02 3.4917041601e-02 -1.9685997587e-01 -3.1118822598e-02 -2.0355521539e-01 1.5825418100e-01 -9.2095312871e-02 1.4875881244e-01 -1.8003413692e-01 -1.2037672497e-01 1.8904751144e-01 1.1741516682e-01 -2.8186697991e-01 -4.5373954974e-02 6.3469186063e-02 1.6143179215e-01 1.8491401407e-01 2.5825169632e-01 6.3477819180e-02 8.1955942714e-02 -3.5083290292e-02 -3.1716996769e-02 8.1947086518e-02 4.9059572264e-02 8.9273289362e-02 -5.0380355206e-02 -3.4112319986e-01 -6.2789517294e-02 2.4747460554e-01 -2.6113583686e-02 -1.4879436543e-02 2.5312900720e-02 3.5673246748e-02 5.6924174242e-02 1.2705643333e-01 1.0565834984e-01 -1.3006968739e-01 -7.4987840662e-02 -1.7583554738e-01 -3.0850054407e-01 -1.2025858746e-01 -2.4079858999e-02 5.7918194900e-02 2.3192397369e-01
-6.0271875086e-02 -6.8412357588e-02 -1.5988908954e-02 3.5147740864e-02 -6.8640158358e-02 1.1362575407e-02 -1.0956111110e-01 -1.1978835830e-01 -4.0111332378e-02 4.5897715901e-02 4.4716217033e-02 2.0389662715e-02 -2.2777948468e-02 9.2353033293e-02 2.2289047792e-02 -3.5379179498e-02 -4.3760220219e-02 9.4303781859e-02 1.2917783457e-01 -2.2120728999e-02 1.1220893718e-01 -5.4820999213e-02 -1.1312472838e-02 2.6346600006e-02 -4.1308982823e-02 -8.9277973181e-02 -7.1023796395e-02 2.6089093297e-03 -9.4872781653e-02 8.8132983730e-02 -4.3333152205e-02 -6.6725659563e-03 6.5182339914e-04 1.9662772053e-02 6.5491841873e-02 -4.8514741921e-02 -1.7398676217e-01 -6.8865196247e-02 7.2502440868e-02 -4.1073522819e-02 5.2193018787e-02 1.0803067191e-01 -1.4668405064e-01 -7.8350656520e-02 -6.1492413767e-02 6.4989133233e-02 1.1816104414e-01 6.2995817089e-03 -2.4268006411e-02 -1.3276082706e-02 -8.1836930662e-02 3.1402144319e-02 2.1956558667e-02 -9.0595225200e-04 -3.8555643227e-02 2.2533430559e-01 -1.1349958355e-01 5.5687390604e-02 9.8215340080e-02 -3.6252415802e-02 -3.7837811948e-02 2.8532196693e-02 3.2681428181e-02 -3.3853275903e-02 1.2549866782e-02 1.0579158384e-02 9.6695959921e-03 1.8882382216e-01 2.4004241645e-02 -8.0750145225e-02 -5.5711897517e-03 1.3740592156e-01 -2.8716292555e-02 -4.2782168795e-02 1.6773710387e-03 -1.8743856960e-02 6.0003254404e-02 4.1998659553e-02 1.6207821517e-01 2.6902089268e-02 -4.0944789864e-02 9.3040897940e-02 -5.7884112610e-02 -4.8433858382e-02 2.3889504794e-03
8.7139593856e-03 6.8010253964e-02 5.4173169892e-02 3.3677937549e-02 -2.0150882403e-02 8.6397477360e-02 5.0018136685e-02 3.0982697116e-02 -2.8089589209e-02 8.1241524706e-02 -6.0802865036e-02 2.2531159618e-02 -1.3292996704e-01 -1.0041138624e-01 -1.8981871897e-02 4.4983310313e-02 -4.9675281033e-03 2.8654681007e-03 1.2383556338e-02 -6.1811786454e-02 1.5350009684e-02 -1.0700708006e-02 3.8786232606e-03 -7.8292691381e-03 4.8744628945e-02 -3.1985776316e-02 -7.0914530330e-03 -2.1121044974e-02 1.2225824503e-01 3.9001543386e-02 9.1276260502e-02 4.4441835601e-02 -3.0712608970e-02 -6.5434099230e-02 -6.1099783470e-02 6.6713468044e-02 -2.5046181676e-03 2.2723750126e-02 8.0778150106e-03 -1.0968156315e-02 -1.8160575908e-02 1.5150152350e-02 5.7400442194e-02 6.4250910299e-02 -4.9049451811e-02 -3.8803018182e-02 -2.5707678027e-02 3.4458735449e-02 6.6658813239e-02 7.3941870578e-02 1.1358000464e-01 -1.2148379570e-02 -1.2241276475e-02 -1.6864162232e-02 -1.2442473909e-02 -1.4584431129e-01 3.8689535454e-02 6.5632321975e-03 -3.3529554764e-02 -6.5191063871e-02 3.7166705127e-02 -2.1905726598e-02 -2.9989857710e-02 2.8590359052e-02 -1.2353353157e-02 -4.2645603838e-02 3.8320602005e-02 -1.4394714344e-01 -4.7738006148e-03 2.9940203926e-02 -7.3422904503e-02 -1.6586462226e-02 1.4472475583e-03 -8.5153109283e-02 4.8622614070e-02 1.6390829449e-03 -1.0444381994e-01 -7.0111820539e-02 -9.8220198455e-03 1.6436154227e-01 3.5313775687e-02 -8.8782661027e-02 8.6218352654e-02 4.4717391761e-02 1.9612236131e-02
-5.6688844582e-02 1.0439792698e-01 1.5474227844e-01 1.4888156530e-01 3.6827513799e-02 1.0745854436e-01 -9.5097888203e-02 7.7948911604e-02 6.3191463038e-02 -7.8625061821e-02 -1.2162480006e-01 -1.6339820786e-01 2.7804141062e-02 1.5456631509e-01 5.5743385433e-02 1.0659458895e-01 -2.1181916352e-02 5.6495299714e-02 -1.1112103343e-01 -8.0599822973e-02 -1.6920425637e-02 -7.6366136063e-02 -1.5577572977e-01 -5.9432080595e-02 -2.6780282430e-02 3.7120333855e-02 7.4147130533e-02 -8.7422347089e-02 2.6255108627e-01 -1.1813934296e-01 -9.6090237208e-02 6.0318024416e-02 -1.8744362456e-01 7.3431063513e-02 -3.7929001706e-04 1.4444214416e-02 3.0643170402e-02 1.2961227718e-01 -1.1521428612e-01 3.5247029755e-02 3.9447259507e-02 3.5644533832e-02 1.6876976203e-01 7.3374387863e-02 2.1218488778e-02 6.6252064969e-02 3.1615898347e-02 -8.0688236755e-03 2.7717952423e-02 -6.2381604558e-02 2.6008790650e-02 -2.2534382608e-01 6.6904776144e-02 5.1583475938e-02 2.6148567078e-03 1.0967026172e-02 3.5710199345e-03 8.7592991622e-02 -3.3718907087e-02 -7.4182055834e-02 -3.1648229735e-02 2.8807423154e-03 -4.2356642035e-02 1.0382992961e-01 1.5657057350e-02 -5.6729220415e-02 1.3785532335e-02 3.4187580950e-02 1.0895847592e-01 -4.9530782894e-02 -7.4853309494e-02 -9.1335934657e-02 -9.4382220213e-02 6.1347096633e-02 -1.7852473549e-01 -1.7181583698e-02 -7.5420851779e-02 1.0351349542e-01 3.3847999850e-03 2.5372453788e-01 1.7797015716e-01 -2.6815605096e-02 -5.6937707307e-02 1.3243416783e-01 1.2813949944e-01
4.5517864576e-02 -3.1174004245e-02 -2.6388354498e-02 3.7992072982e-02 1.4729587282e-02 3.3733605836e-02 1.7066718803e-01 4.2057669867e-02 -7.6102184590e-02 9.7556586386e-02 -1.7873644771e-02 4.3811943268e-02 6.7332244936e-02 -5.8410325916e-02 -4.0899303127e-02 -3.3000394568e-02 -1.4448137317e-02 -1.0075957726e-01 1.2364337974e-01 -9.0938434060e-02 5.0426840449e-03 1.1379671544e-02 7.6911054987e-02 -3.5069764584e-02 1.3102470422e-01 -3.7984231316e-02 -2.9907574944e-02 -1.6440009894e-02 1.7537693488e-02 -3.0789844663e-02 7.2228023244e-03 -1.3980604630e-01 2.0700684901e-01 2.1415595184e-02 -7.2254208460e-02 2.2797830973e-02 -3.1194385583e-04 8.7229006031e-02 1.2098782916e-01 7.5084501138e-02 -1.3554206025e-02 -2.4567624135e-02 6.5595391280e-02 1.8463346703e-02 -4.5682915509e-03 9.3102314532e-02 -2.8428860139e-02 -1.3120340497e-01 6.8851002319e-02 1.6115551379e-02 -3.4341084837e-02 3.9631285501e-03 7.2299865568e-02 -6.0121740834e-02 9.8377084022e-02 -7.0338271391e-02 3.2786952189e-02 5.5447612572e-02 -8.2635897931e-02 4.9971127701e-02 2.3245760439e-01 -1.3536995817e-02 8.0700960607e-02 5.5428231033e-02 -7.0330218778e-02 8.4185587087e-02 -3.2473847944e-02 -1.0029474067e-01 -1.0539562054e-02 6.2990810313e-02 6.3460831804e-02 1.6808682819e-03 2.4205902166e-02 1.9288669503e-02 6.7042313877e-02 4.9746875688e-02 5.1638044967e-02 -2.2829552358e-02 -3.4399574863e-02 -1.3385399767e-01 -7.8379226533e-03 -1.7576230505e-01 -7.2407967831e-02 1.9127969560e-03 6.5425399613e-03
4.8652163514e-02 4.3784156486e-02 -8.9712007890e-02 1.8446425481e-02 1.1058014887e-02 2.4362055359e-02 5.4140999933e-02 1.2781082421e-01 1.1838021711e-02 -1.6753698729e-02 -3.2612856050e-02 2.0930455528e-02 -8.4796947781e-02 -1.2233788822e-02 -4.3386696263e-02 2.9059622282e-02 6.2182673872e-02 -4.7255343351e-02 -2.7969903665e-02 -9.0064771467e-02 1.1837175778e-02 -3.5764592950e-02 4.4612606349e-02 -7.3365877076e-02 4.6614682333e-02 -1.1313460244e-01 3.1985347147e-03 -3.2840476405e-02 5.1978547937e-02 2.1581361412e-03 9.3165361318e-02 3.7256678323e-02 1.2295010829e-01 2.8030464178e-02 -1.0836517866e-02 8.9611414401e-02 6.5238928039e-02 8.0175289009e-02 -6.6041503860e-02 -5.1769974383e-04 7.5372395506e-02 -1.0116560882e-01 1.2148155846e-01 6.7079172016e-02 2.1201619770e-02 -6.5629806533e-02 -2.0898146054e-02 5.6986680759e-03 2.8419462588e-02 -1.1246689089e-01 -5.1970730235e-02 -8.8278624510e-02 -5.4479466309e-02 -1.9633167569e-03 -1.3038942568e-01 -1.6492116396e-01 -6.0327279010e-04 5.2820936098e-04 4.4691201486e-02 -6.3053112679e-02 1.0695905763e-01 -3.1984254399e-02 -8.5112148709e-02 9.7285345256e-02 -8.0642874909e-02 2.0382641515e-02 1.3882901411e-01 2.0678791348e-02 1.8613503252e-01 1.9836386615e-03 -4.1832624994e-02 -5.0212778457e-02 -1.4418902532e-02 7.7498107068e-02 8.5254782797e-02 2.0903936436e-02 -5.9969210196e-02 -8.5441421533e-04 -1.2496246009e-02 4.6792642539e-02 1.9246018830e-02 -1.1955281691e-01 3.5500342070e-02 4.2067738484e-03 -2.6573181544e-02
1.1063647719e-01 1.8036427382e-01 -3.2029397943e-02 2.0118863908e-01 4.6978066355e-02 -1.4951178282e-01 -1.5089715320e-01 -1.9567038290e-02 8.8776407681e-02 -3.0675418570e-03 -2.4376464678e-01 -1.9859117816e-02 7.3168489703e-02 -6.9560451734e-02 -1.4683390480e-01 -4.4522393819e-03 -9.9491505791e-02 3.5408159496e-02 -1.1010097571e-01 -1.7850986661e-02 5.1001473350e-02 -1.9983268077e-01 -2.8503499672e-02 -1.0467631639e-01 -3.4725842275e-02 5.0478832487e-02 1.1146482375e-01 5.9594100823e-03 6.1841115284e-02 6.0626645937e-03 -7.1520892011e-02 6.5852844938e-02 -2.0838333450e-01 -7.1467344982e-03 -3.9349105140e-02 1.4249291991e-01 1.9507802244e-01 2.7635287468e-02 -2.7511750922e-01 1.2142558024e-02 -3.8484796704e-02 -3.6840161961e-02 7.0718865701e-02 7.9903817938e-02 1.2518578755e-01 1.2605871522e-01 -6.8141583338e-02 -2.1286576508e-01 6.7573083657e-02 2.9986868629e-02 4.9578163025e-02 -8.3176481631e-02 -9.7059543996e-02 2.3699826110e-03 2.5007223497e-02 -1.8011039143e-01 -1.0216577998e-01 -1.6275942829e-01 -1.6137553707e-01 3.2299384941e-02 -1.4127830731e-01 1.6010380785e-02 8.9041742534e-02 5.6331078672e-02 6.1480095546e-02 9.9533560390e-03 1.5835856769e-01 -9.1976004460e-03 2.8406315045e-01 -6.3926307490e-02 -9.8582750141e-02 -2.6245793510e-02 -1.0505758524e-01 -2.9909183989e-02 5.1742478986e-04 -1.8364481795e-01 -1.8067202811e-02 -2.5863978922e-02 -3.9290711586e-02 2.9631743021e-01 2.6541036856e-02 -9.4407285357e-02 -2.2220864336e-02 8.6965334355e-02 2.6792757402e-02
-5.0438559609e-02 -1.4265077058e-02 -1.2638900299e-01 -4.0269502093e-01 -6.7954550475e-02 -3.0829811740e-01 5.5651067721e-02 1.2811828449e-02 -4.4928281152e-02 6.0253874721e-02 -4.3833806720e-02 -6.8547620829e-02 4.5577195544e-02 -2.8854402592e-01 -1.0282105371e-01 -1.1192520797e-03 1.7035386838e-01 6.5252958241e-02 -8.3639084082e-02 5.4467047535e-02 -5.2080940517e-02 1.3934474927e-01 1.6097883421e-01 -5.0117169984e-03 9.4569169519e-02 3.7497825714e-02 9.2173865455e-03 -1.9728982529e-02 -1.2798013424e-02 -2.3528199552e-01 -3.7440972384e-02 -3.5307602234e-02 6.0350155773e-02 -9.9210238457e-02 -1.0073908734e-01 -1.7350965136e-01 1.1431770822e-01 1.2433794185e-02 1.5468743654e-02 -1.8150014099e-01 -1.5350648334e-01 7.2449254892e-02 7.4018367464e-02 8.8916575908e-02 -9.0893738061e-03 -8.1714951546e-02 -2.4829181019e-01 -3.2993627419e-01 -6.8351911349e-02 -1.4762742117e-02 9.2250237121e-02 1.1351222286e-01 7.4794164311e-02 1.1945322412e-01 -4.3050685985e-03 -6.5227451375e-02 5.3277464760e-02 1.2063828146e-02 -3.9790195808e-01 1.3108142454e-02 1.5466493306e-02 -4.0574487506e-02 1.9600780305e-01 -2.8245723086e-01 5.1099582507e-02 -4.4376014591e-02 -7.9779387110e-02 -1.2645285954e-01 -2.5893936034e-02 4.9815827134e-02 -1.3606461831e-03 -8.1906649028e-02 1.0679325541e-01 -7.4499176623e-02 -1.7607857623e-01 -1.1098880163e-02 -7.4199017757e-03 7.1373531082e-03 -1.3119988474e-01 -5.9504521321e-02 -3.6598910365e-02 -2.0537316906e-03 4.5901375430e-02 3.7901439686e-02 -2.1443240665e-01
1.2964757616e-02 -6.2885471990e-02 -2.1075410184e-01 -3.6061583927e-01 -8.7925822089e-02 -1.1384346132e-01 7.0392890036e-02 1.0335705125e-01 -4.1467755394e-02 1.3282445254e-01 -1.8012083206e-02 -9.0602802819e-02 1.6225478167e-01 -8.3126174520e-02 2.9075424918e-02 4.1242387728e-02 8.9217152267e-02 -5.2333256743e-02 4.6874018833e-02 9.7143687244e-04 -8.5814882580e-02 8.7916576299e-02 -5.0022400614e-02 1.1662250894e-01 8.0147485154e-02 -4.9092554719e-02 4.8876978532e-04 3.5288542982e-02 -2.5593962506e-01 -1.2838873312e-02 -4.8831221651e-02 -5.1155481999e-02 8.6310164045e-02 3.5222790772e-03 -5.4206927460e-02 -2.3386628703e-02 -5.8130900756e-02 -7.5752064674e-02 -2.5817614156e-02 3.5863390363e-02 -6.7939657435e-02 -9.8547347711e-03 -2.8631871766e-02 -1.3439731873e-02 -1.5429362199e-02 -7.1132180594e-02 -2.2391370233e-01 -2.1313032006e-01 1.0081200211e-01 1.0963527613e-01 -3.6966602674e-02 6.9296485434e-02 1.2227348089e-01 -7.3711670534e-02 1.1660593458e-01 -3.1549584665e-02 6.5469013178e-03 2.1548617704e-01 -2.0009337654e-01 2.1977397240e-01 1.4223284297e-01 -3.1014371798e-01 6.4559791626e-02 3.7607661381e-02 8.5975037919e-02 1.2772644352e-01 -1.0987863780e-01 6.0503581132e-02 -1.4839292563e-02 1.1519581051e-01 4.7362863503e-02 -1.0585997010e-01 7.5880441618e-02 6.2499220871e-02 -6.5126653004e-02 1.6951675033e-01 1.3148717333e-01 -1.5739113259e-02 5.6318363013e-02 -1.7515748823e-01 -2.9339463669e-01 -5.1393014517e-02 -1.4609367356e-01 -5.8070659155e-02 -2.5876428480e-01
-6.1248358511e-02 -8.1918379912e-02 -6.2142526551e-02 1.2017194392e-01 1.1168880758e-01 -2.0236400835e-02 5.2995606159e-02 -2.7365855530e-02 1.3961381443e-02 -4.4302527729e-02 1.2946162711e-01 1.3431799588e-01 -8.0597179398e-02 9.8146630068e-03 -3.1444056110e-02 -5.0958510592e-02 -5.8074807873e-02 1.3785276235e-03 2.6038638279e-01 -1.4908850739e-02 -9.6331301715e-02 -7.5853255919e-02 5.1956361817e-02 1.4034907644e-01 3.6262764381e-02 5.1768434183e-03 -1.1104484522e-01 1.1683382621e-01 -7.8123916215e-04 1.2523985188e-01 -1.6410606970e-02 -6.2041156510e-02 1.9678161213e-01 -7.4516824784e-04 6.2477196968e-02 -2.1233254492e-01 -1.2794150504e-01 -1.1163151711e-01 2.2090306862e-01 8.1209899991e-03 -1.0313593610e-01 9.2326055548e-02 -1.3733336657e-01 -3.3200175920e-02 -6.4989530830e-02 -4.9291006035e-02 1.9791431865e-01 -2.9149586981e-02 -7.4530200234e-02 6.0872423729e-02 -2.4848010647e-03 2.4112796630e-03 -3.5905767623e-02 4.1424649464e-02 9.7666143362e-02 1.2731829646e-01 6.6502198426e-02 7.4109134597e-03 1.3767099134e-01 -3.1382530667e-02 -3.1902024534e-02 -1.2064744615e-02 -1.3720192440e-01 3.6445319362e-02 -8.0227591796e-02 5.2562183502e-02 -3.2489951739e-03 5.5078493015e-02 -6.3809665947e-02 -3.0605556122e-02 4.3401556644e-02 1.0940987995e-01 -3.0820912883e-02 -3.6109723875e-02 1.6512981329e-01 2.0485931566e-01 1.1941313553e-01 -4.5764507501e-02 6.0972565110e-02 -8.1280882129e-02 -9.3679931070e-02 8.3400399027e-02 -1.3239899817e-01 -1.4086410683e-01 8.0006237122e-02
-1.5612629156e-02 -2.2137330152e-02 -1.1693097292e-02 -2.5163498114e-02 3.1088154218e-03 5.2358825536e-02 -1.3848024503e-01 3.9039610189e-02 -7.3858193017e-02 -7.9613919933e-02 1.6834324006e-01 4.5957242140e-02 3.6933676908e-02 4.3389682274e-02 5.6355322463e-02 -1.0116023082e-02 7.8421342882e-02 3.0005049190e-02 3.7179195418e-02 4.3154019529e-02 -1.0909560567e-01 9.5382185450e-02 9.7007824548e-02 -4.9709166319e-03 -3.8309611684e-02 -5.3715950737e-02 2.7977407779e-02 4.0677141531e-02 -5.6620937275e-02 -1.9987049139e-02 -1.1542941871e-02 -3.0592419917e-02 -2.8940013250e-02 6.6240040493e-02 -2.9599324564e-02 -1.4368551124e-01 -2.2438057583e-01 1.1108116562e-02 2.1097504039e-01 -1.3590219572e-02 1.9741037536e-02 1.1069794115e-01 1.9600919028e-02 -4.2368296394e-02 -1.4231159235e-02 -2.0652533803e-01 5.0803771254e-02 1.1720606747e-01 -7.2142185002e-02 -7.2312689749e-02 1.1920532690e-01 1.4956014918e-02 -9.7103154825e-02 1.0714875451e-02 -8.0515061805e-02 1.4218923347e-01 1.6396005269e-01 3.5138696149e-02 8.8145752921e-02 -1.1682395728e-01 4.0091266154e-02 3.7833722662e-02 -1.7044910286e-01 -6.1389477510e-02 -5.8125234656e-02 -3.7323840816e-02 -5.1411482036e-03 2.1587022646e-02 -4.1592004841e-01 3.1672437350e-02 5.7902793575e-02 6.0040249804e-02 -2.5350651662e-02 -2.4130720245e-02 4.8523788735e-02 6.0698404377e-02 9.6017650015e-02 6.6706296724e-02 -3.3897325033e-03 -2.6726772350e-01 -8.6568839248e-03 6.1556033105e-02 9.2908916851e-03 -1.6434359300e-02 -6.1052990529e-03
3.2975997141e-01 6.5546205830e-02 -2.5589333234e-02 -9.7693276920e-02 8.2510171929e-02 -3.0854834746e-02 -2.6757182039e-01 5.6521859283e-03 -7.4705888700e-02 4.4456215482e-02 4.4721963320e-01 -1.9003845993e-01 -4.5513960303e-02 -5.6993859786e-02 1.0682361565e-01 -2.0083614325e-02 5.1967501015e-03 1.9125167261e-03 -1.8230489802e-01 2.1576601894e-01 1.6426088524e-02 -9.1097044486e-02 1.5906173075e-02 -8.3009025218e-02 3.1188099138e-01 9.6152123451e-02 1.5787286766e-01 -1.1102902603e-01 3.5618719475e-02 -1.0970466580e-01 4.0349501763e-02 7.6808662850e-02 -2.7524112114e-01 6.5139252946e-02 8.6231869518e-02 1.7758484210e-02 1.9675902813e-01 -6.6169102672e-02 -2.4755376490e-01 -6.0338516161e-02 -4.7566356111e-02 -1.6449530581e-01 4.2830038920e-03 -2.4118196192e-02 2.1011049437e-01 -1.3729232679e-01 -6.8000552397e-02 9.4555832304e-02 -7.7762469799e-02 -1.6184072893e-01 1.1446595457e-01 2.4274046720e-03 -2.1165873067e-01 1.0291199310e-02 -8.0074006022e-02 -1.5325873670e-01 -3.9819938693e-02 -1.9776984266e-01 -1.0265673627e-01 -4.4992031352e-02 -2.1485727928e-01 1.3011379910e-01 -1.6178905424e-01 -2.1511868368e-02 1.1976353702e-01 -1.3630108451e-01 5.9181353020e-02 -2.0908328171e-01 -6.5601913662e-02 -9.8990304118e-02 -5.5550169447e-02 -1.4259134057e-01 -3.6166989321e-02 -3.2472621899e-02 3.2381035879e-01 -3.0145724482e-01 -7.7500836973e-02 -1.0945577401e-01 -1.1949593963e-01 -1.8755109635e-01 -3.2058282954e-02 8.7221516838e-02 3.0120328146e-01 1.0514227081e-01 -7.3811993607e-02
-9.7570947495e-02 2.0362314378e-02 1.6122069760e-01 2.0971786653e-01 -3.8201411349e-02 2.0273795493e-01 1.4481977473e-01 7.0012015040e-02 -1.0370969965e-01 8.1342248386e-02 -2.4423397933e-01 -9.6154535783e-02 -1.2345252023e-01 1.5119504597e-01 9.9060007596e-02 -1.8863687631e-02 -1.5958684630e-01 -3.7316986904e-02 4.9990678901e-02 -1.8619828124e-02 -1.5961325570e-01 -3.7531897024e-02 -1.4427335166e-01 -6.9011972458e-02 -5.9222704743e-01 5.7792707911e-02 5.0270766416e-03 -1.6662377806e-02 1.7292027889e-01 8.5533405424e-03 -1.9709181557e-01 7.5039895011e-02 -7.8099967183e-02 1.5574360553e-01 -9.7069543751e-02 2.7007432287e-01 2.5635129143e-02 1.2121306446e-01 -4.0839828289e-02 1.4381974596e-01 2.3378906600e-03 -6.6572953762e-02 7.8980251471e-02 -1.2068112437e-01 2.3807319868e-02 3.9087083452e-02 1.0735432897e-01 1.9501167379e-01 1.9797385096e-01 -7.3768010219e-02 -1.7840564580e-01 -4.2600666974e-02 6.6412882108e-02 -1.1315285867e-01 3.1781740791e-03 -8.6610817333e-02 4.3030250811e-02 -5.0852853445e-02 2.2806313052e-01 -2.6254104443e-02 2.7646307059e-02 -4.0622311205e-02 -1.5661645460e-01 1.7238237513e-01 5.1734206915e-02 -8.5814672013e-02 -2.6611933106e-02 -9.9257560456e-02 -6.5904491598e-02 9.3605402796e-02 -3.3451866056e-03 -1.5342059751e-01 -6.3800396166e-02 -5.2682364518e-02 -2.4290660277e-01 -1.1006388344e-01 -2.2774996088e-01 -1.0238412578e-01 1.3526407315e-02 3.5816459371e-01 -3.2133945528e-01 -5.7318479098e-02 -1.1076917025e-01 -1.0668469133e-01 7.2000354220e-02
8.1521053337e-02 -1.4546648309e-01 7.6792272057e-02 -3.3542155834e-02 -1.9907027580e-01 -3.8660918203e-02 -2.7949724775e-02 -1.5052944705e-01 6.2253549771e-02 -9.5815815487e-02 -1.5527844879e-01 1.4419267177e-01 -5.4832027581e-02 -2.3123879739e-01 -7.9427089267e-02 2.4647891168e-01 2.0220041618e-01 1.1794675199e-01 -1.0300858489e-01 -5.5400232278e-03 -1.3505436554e-01 4.2230161919e-02 -1.4204862217e-01 2.1869374735e-01 3.0123674967e-01 1.2305349991e-02 -1.0496043712e-01 4.2266099996e-02 -1.8370947250e-01 3.3887630267e-02 1.7859276815e-01 -7.2453594385e-02 1.8792785126e-01 5.4592988841e-02 1.6508946454e-01 -1.0279454202e-01 -1.7757615061e-01 -1.5074733378e-01 2.4523148145e-01 -9.3494938293e-02 1.3776166484e-01 1.5383262745e-01 -6.6648993360e-02 4.0258403359e-03 -3.2387228123e-02 -2.6343224177e-01 -6.7216997934e-02 -1.6830128040e-01 -6.3029115497e-02 -1.0487607486e-01 1.7276812636e-01 -6.0738604890e-02 8.1855757191e-02 8.7138810986e-02 3.0072085071e-02 2.1159703040e-01 2.5440183330e-01 8.5069919722e-03 -4.4921713008e-02 8.8158989308e-02 2.1787381765e-02 9.3875729473e-02 2.2821403054e-01 -1.6215946037e-01 -2.3581775456e-02 -1.7158515564e-01 -1.8036231893e-01 2.9610806455e-02 -7.8412562186e-01 5.3874852038e-03 -2.1813054153e-02 -1.0785590605e-01 2.7362761410e-02 -1.4869365595e-01 1.2010354237e-01 1.4552901440e-01 -1.2828997028e-01 1.9929694203e-01 -1.8921390465e-01 -3.0121485826e-01 -3.0989304758e-02 9.9652915095e-02 1.0412454205e-02 -7.4517437641e-02 -1.0160050040e-01
4.6907078992e-02 8.4528790454e-02 -2.0238876549e-02 -4.3283656934e-02 5.0783922747e-02 -5.2941438338e-02 -5.9200883714e-02 -2.5634807483e-02 -6.7535829594e-02 7.4675041574e-02 6.6485795075e-02 -1.6237978786e-01 -1.1949300468e-01 -7.8656361495e-02 7.6658933213e-02 -1.3020711849e-02 -6.3187765787e-02 1.3970085862e-02 -2.1369739510e-01 6.7709609048e-02 -1.1305558820e-03 -9.7942841531e-02 8.4592735242e-02 -6.0525568086e-02 -1.1204909195e-02 1.1618572917e-01 1.1763015465e-01 -5.3802122635e-02 7.2933685868e-02 1.3426097440e-03 3.5235476125e-02 6.4334053375e-02 -1.9851402297e-02 4.0116405579e-02 -4.1446012147e-02 1.3962456712e-01 1.6346945846e-01 4.1330722575e-02 -1.9241037560e-01 4.2995396976e-02 5.7169897887e-02 2.4632455791e-02 1.0019749943e-01 7.4787251679e-02 1.7104672801e-01 -8.6207534892e-02 -1.5361181813e-01 9.0976940002e-02 -6.1532059508e-02 2.8296794152e-02 5.6192353462e-02 2.7572708040e-02 -1.3558527230e-01 -3.8188380204e-02 -1.1148706573e-01 -1.6709345480e-01 2.2923617227e-03 -4.9024660886e-02 -1.5425653342e-01 -6.8963941494e-02 -1.6873419272e-01 -5.8434493897e-02 -2.1071418845e-02 -1.2363271057e-01 9.4996841008e-03 -8.1454345974e-02 1.9799566451e-03 -1.4518656201e-01 -1.1280981409e-02 6.7160632739e-02 -2.8556328884e-02 -2.6029976788e-01 5.1837030717e-02 -1.2402255569e-01 7.3440616645e-02 -5.2062043641e-02 -3.9934640756e-02 -5.4208428797e-02 -9.2969540393e-03 -1.5917065027e-01 4.5505410723e-02 -1.5571136532e-02 1.0317401107e-01 -6.1943127743e-02 -3.4713221064e-02
3.0031672950e-02 -2.1130978524e-02 5.2111233072e-02 6.7002232912e-02 5.0386050898e-02 -2.7104347846e-02 -2.0375231507e-01 4.2528933866e-02 1.0989222087e-01 -1.1989175451e-01 2.2766565331e-02 1.6579374768e-01 7.6343547376e-03 8.4283252512e-02 -6.7414089620e-02 5.7360178921e-02 -6.9576319152e-02 3.9948261405e-02 -8.5956510172e-02 -9.7801961111e-02 5.3312743436e-02 -1.0057666813e-01 1.0969777502e-02 -1.0788923784e-01 1.8564048218e-01 9.5477506026e-02 7.3816567611e-02 3.6793218899e-02 7.8610403692e-02 -1.8910158664e-02 4.7128380799e-02 4.0641462275e-02 -1.1365312989e-01 -7.7317223737e-02 1.4643963023e-01 -9.2135047040e-02 -4.8688488479e-02 -6.0833327734e-02 -3.6275019148e-02 4.2959502478e-02 4.7907747279e-03 -2.0106390101e-02 3.1806217269e-02 1.9663797219e-02 3.4368215300e-02 -1.9231776721e-02 1.3460687329e-01 -9.1135838540e-02 -9.6581855370e-02 3.5502238011e-02 1.0744433463e-01 -8.1341005155e-02 -3.2744476331e-02 1.3773345210e-01 -9.0992167839e-02 4.3587917045e-02 -2.5196593399e-02 -4.1701406850e-02 7.0375196050e-02 -6.7565334752e-02 -1.3240611243e-01 9.8443202991e-02 4.9608563445e-02 -3.0600240579e-02 3.0017464868e-02 -1.8740261593e-03 1.5141304981e-02 7.9240934507e-02 -1.9356861030e-02 -7.9305952281e-02 -7.8801582841e-02 9.3850472313e-02 -1.1094929113e-03 7.8122646863e-02 9.8316410063e-02 6.1102414339e-02 1.3356821527e-01 7.6541162084e-02 -5.7081283362e-02 3.1636100187e-02 1.4638549799e-01 1.7690698547e-01 1.2725881904e-01 8.2856283058e-02 -5.0405649741e-02
6.3523474798e-02 1.5074041541e-01 -1.3359324329e-01 -2.6217580163e-01 -1.5567873443e-01 1.6608007256e-01 9.2748578914e-02 1.8907679788e-01 -2.1724025248e-01 2.2035551275e-01 6.6073322180e-02 -8.9048325591e-02 6.1728490563e-02 4.4591195494e-02 1.4072157780e-01 1.5627772753e-01 3.5749433039e-02 -1.5746093499e-01 -1.8594690707e-02 1.0817503466e-01 -3.5121581602e-01 1.1620366128e-01 -1.8275195724e-01 7.7107202723e-02 -3.0937881564e-01 7.3624731616e-02 2.0242627950e-01 -1.3490341934e-01 -2.8381577489e-01 -9.2817480669e-02 -4.8342585113e-02 -4.5842796657e-02 1.9164525643e-02 1.8792331485e-01 -1.1700352651e-01 9.4039958428e-02 8.1932644251e-03 -4.6583829719e-02 7.6353628407e-03 5.1477489249e-02 8.2560613663e-02 -1.8566793769e-01 2.3200857325e-01 -1.4958620752e-01 -2.6834386667e-02 -1.9944153364e-01 5.1546517334e-02 2.6403613540e-01 2.2789807151e-02 -1.6304200499e-01 -2.1220377568e-01 2.2952157191e-01 1.0530129826e-01 -2.0071063450e-01 -5.8816440974e-02 -1.0065770183e-01 -8.3569027011e-03 1.8890924175e-01 3.6946124740e-01 8.0706477719e-02 2.2162650287e-02 -1.8122950370e-01 -1.3517697307e-01 2.5849199703e-01 1.4439787713e-01 -4.0031355182e-04 -1.6741467852e-02 -2.0730603841e-02 -1.1279611760e-01 1.0184174376e-01 1.3998201068e-01 -9.9306030942e-02 5.1860804622e-02 -5.4443487679e-02 -6.5505972044e-02 5.4777886958e-02 -1.3669621712e-01 -2.0454902282e-01 -1.0207139330e-01 -6.6444221999e-02 -3.4492068066e-01 -7.5777249811e-02 -1.8132511446e-01 -3.7842338719e-02 2.6835514156e-01
5.0674049022e-02 6.5296311836e-02 2.3879844169e-01 -5.0071115657e-01 1.0234244539e-02 -2.1954197934e-01 1.6796908533e-01 8.4481886732e-02 2.6175373935e-01 -2.4431129462e-01 -2.1225851458e-01 -9.1777391856e-02 -6.7662600037e-02 -1.1786194543e-01 -3.1560814937e-01 3.7463290974e-01 2.2153413901e-03 -6.5007692199e-03 -8.6786075611e-02 -1.3531467034e-01 2.5886807967e-01 8.9853128340e-02 2.5622514176e-01 1.5815595194e-01 2.7318872462e-01 4.9752246244e-02 1.4721463106e-02 -6.2067929395e-02 -1.7694493836e-02 1.5250800990e-02 3.4748511544e-01 1.8940320100e-02 -1.0613305384e-01 -1.7361202130e-01 2.1712990378e-01 -1.9390407524e-03 4.9641847354e-02 5.3488534419e-02 5.7039222867e-03 -1.6471178061e-01 -2.2452684478e-04 3.1812197717e-02 -2.9571243554e-02 3.1648700973e-01 2.1812146306e-02 -1.6122178615e-01 -1.0002050622e-01 -3.1244287897e-01 -1.0391938798e-02 -1.0721366358e-01 1.0187128695e-01 -1.5581635119e-01 6.6646491929e-02 2.5789389985e-01 -5.8942854119e-03 1.6998653013e-01 -1.0807437079e-01 -3.0722609483e-04 -1.9660589632e-01 9.2365884418e-03 -2.2770616342e-01 1.0558074247e-01 3.2689190015e-01 -2.7330591532e-01 -5.1268215809e-02 1.1690923947e-01 -7.6229689429e-02 -7.6020991952e-02 1.1767271053e-01 1.5106913609e-01 -1.6721066184e-01 -3.1659899613e-01 -3.3487563003e-02 -1.9828668949e-01 -1.9621438744e-01 -4.5388386350e-03 -1.4008931462e-01 2.1012576431e-01 -5.5096035618e-02 1.9823841916e-01 2.4043161907e-01 -3.3102922647e-02 1.4552216742e-01 5.6277678344e-02 -1.2850234406e-01
5.9886339169e-02 7.1156689296e-02 -6.2889250115e-02 -1.0927251729e-01 9.8905366356e-02 6.1879840703e-02 1.4305165160e-01 3.5133744837e-02 -7.8000137723e-03 1.2713643067e-01 -9.9851749076e-02 6.4196572207e-02 5.0665204156e-02 -6.1975468196e-02 -2.5158158592e-02 7.3790995975e-03 4.5718304688e-02 -1.2791760166e-01 1.2380736256e-01 4.8612613703e-02 -6.4623040724e-02 -7.7928271295e-02 -1.8328578481e-02 3.1542987883e-02 -4.6386796404e-03 5.9382724262e-02 -2.1314774295e-02 -5.8204685669e-02 6.4553356301e-02 2.1158581602e-02 2.2065437741e-02 -4.2884716626e-02 5.5855761430e-02 1.5302357081e-02 -4.3541742802e-02 -9.0496428904e-02 -1.2589370558e-01 3.8779809631e-02 1.6237943986e-01 2.0959309798e-02 -1.5888315114e-03 4.1558415652e-02 3.7823702645e-02 -2.0550986696e-02 -6.6486865575e-02 -1.3198510225e-01 -6.5759562949e-02 2.6450391866e-02 1.1366476476e-02 5.3993055367e-02 -4.9745978727e-02 -1.7882517298e-02 1.9431436413e-02 -6.6142630352e-02 2.6105766444e-02 4.0916799588e-02 3.8834526293e-02 8.3014093515e-02 7.3621678798e-02 -7.2150367457e-02 5.6251450231e-02 -1.4730962379e-01 -1.8850156120e-02 4.1234700205e-02 -4.8325303528e-04 1.1514737054e-01 -5.1962085388e-02 -8.3006080608e-02 -5.1089910655e-02 1.1317366404e-01 3.4939953181e-02 -8.9840962770e-02 -8.2736281985e-02 -9.1768430521e-02 -2.9060926659e-02 2.0816473615e-01 8.2064871481e-02 -9.8627940178e-02 -6.8577650390e-02 2.7182394700e-02 -4.9222456782e-02 -1.2495966019e-01 -1.3862346861e-01 -8.1807561172e-02 2.9141521383e-02
-1.8651159779e-01 -5.8066530774e-02 -1.0663843225e-01 2.2233506920e-02 -1.1544337914e-03 1.1405053467e-02 5.6910123965e-02 2.3705287257e-03 -2.3493193879e-03 -6.2771245961e-02 7.9407482914e-02 7.7215598614e-02 1.4484653529e-01 5.0163690724e-02 -6.3660893735e-02 -6.8661007982e-02 1.4707938020e-01 -2.0337025944e-02 1.2143474357e-01 -8.0452600329e-02 -3.1083332725e-03 1.0349112415e-01 4.2660275257e-02 3.6374656671e-02 1.5393889860e-02 -1.3797780355e-01 -1.3336873516e-01 1.5474790876e-01 -8.2125957104e-02 1.3354668012e-01 -6.3056782832e-02 -8.7337621141e-02 1.5914135340e-01 -1.0159677626e-01 -7.4177904943e-02 -1.2099955675e-01 -3.8772552682e-02 -4.9160353893e-02 2.0949120319e-01 -2.8043037203e-03 3.9014428502e-02 8.4329948266e-02 -1.7142968594e-01 -1.3113595611e-01 -9.4421520489e-02 2.0448630281e-02 5.8033874295e-02 -1.2823105062e-01 2.6731810068e-02 7.1226540962e-02 -1.4729747387e-01 -1.9505955947e-02 1.2604542616e-01 2.6380097483e-02 7.9773887882e-02 1.9749920766e-01 6.9588139396e-02 1.3032096315e-01 -3.9930229063e-02 8.6122222185e-02 1.0443543599e-01 -5.2765490806e-02 9.6618645797e-02 -4.0242425988e-02 -3.9608144800e-03 1.0389379542e-01 -2.1130380795e-01 1.6849492812e-01 2.1063239387e-01 2.5550616069e-02 2.1985159307e-01 1.7368174092e-01 1.0605690783e-01 -1.1768757840e-03 1.5510133429e-02 2.1568261089e-01 2.4151664954e-01 7.2957369669e-02 1.8392705948e-01 -8.3081688614e-02 -5.0782710249e-02 9.4801328591e-03 -1.4875556106e-01 -1.0470278072e-01 2.3557377503e-02
1.1033451913e-01 -8.6104003895e-03 -1.9753539479e-01 -1.3636494262e-02 -2.1225299153e-01 -4.3555788277e-02 8.3828011922e-02 -3.4589051449e-02 -1.8499862207e-02 2.0589513716e-02 1.9442649437e-01 -6.6040039328e-02 -8.5091935361e-03 3.8933178446e-02 -2.4255241524e-01 -2.1137780417e-01 6.3357320398e-02 -4.3374427301e-03 5.5949018490e-02 1.2652477420e-01 6.2831389255e-02 6.2979445322e-02 8.6048472286e-02 -6.8875518433e-02 4.8230762534e-03 -1.8716504911e-01 1.8276664593e-01 -9.4588513914e-02 -1.7667526972e-01 4.9473582886e-02 9.6954087914e-03 -2.5698837707e-02 1.2400900562e-01 -6.1525290771e-02 5.2088212442e-02 -7.8838170952e-04 -6.6780157256e-03 -7.8520673463e-02 -7.2300391360e-03 5.6503032861e-02 -1.3263292089e-01 -1.2819146466e-02 -1.9515884767e-01 -1.6494298385e-01 -3.2372956679e-02 -2.4617046042e-01 -6.6140652361e-03 -5.5547112253e-02 -3.4395421511e-03 -7.2706063181e-02 -8.3820622373e-02 3.0938341664e-01 3.4559176664e-02 3.8697343608e-02 4.8171398444e-02 3.1252440963e-02 -8.7437719054e-02 3.9520208935e-02 -6.4479724082e-02 6.3957684631e-02 1.0837048480e-01 1.9735316532e-02 9.3846542171e-02 2.3800517763e-04 -1.2955678501e-01 4.9892473051e-02 -1.2229492072e-02 2.5758645274e-01 2.8988468798e-02 -1.0219990980e-01 1.9017212884e-01 7.2603886136e-02 8.2369418040e-02 5.2470031207e-03 1.1784961789e-01 2.9509293191e-02 1.4079622129e-02 -7.8064909362e-02 2.0631443714e-01 -8.3237847860e-02 -2.8740850175e-03 7.1686067014e-02 3.4930282723e-02 -1.2869240047e-01 -1.4627818869e-01
-2.4332988169e-02 -5.6462291771e-02 -3.3223722667e-02 -1.6741012369e-01 -8.6172601366e-02 -8.3565823119e-02 1.5732535554e-01 -2.5476679115e-02 -7.4612452246e-02 3.9498688978e-03 -1.2510945759e-02 -4.6444362823e-02 -7.1389694175e-02 4.7863481444e-02 2.0157367450e-01 -5.2747838540e-02 3.5514762232e-02 -1.2494935535e-02 -1.5143734590e-02 -4.6863197604e-02 -9.0809684617e-02 2.0171276391e-02 1.5057972507e-01 -1.2765641804e-01 -1.7837747306e-01 1.1429907282e-01 4.8051085198e-02 -4.9765339169e-02 7.0286018166e-02 -1.0510331930e-01 2.6865555946e-02 -9.1380283936e-02 2.5506868976e-01 1.2626464073e-01 -9.5509422031e-02 -8.5595334954e-04 -4.1061567592e-02 -8.4227401361e-02 2.4284547100e-01 -1.2242145080e-01 1.2268692243e-01 9.2161679456e-02 4.8305417113e-02 2.7455585419e-02 -4.1825545348e-02 6.2859250477e-02 -2.5430169337e-01 2.7511133549e-02 4.4593596559e-02 5.7549631456e-02 1.3978691953e-02 6.8749059498e-02 6.6368802531e-02 -1.1213915425e-01 -7.0739961059e-02 -1.4280386259e-01 -5.1887821489e-02 -1.2699707057e-01 -8.6916466387e-02 3.5464275022e-02 7.3632550551e-02 1.0462658210e-01 -1.6291288819e-02 -3.7398893256e-02 -4.2517193907e-02 -1.3319260204e-01 -1.1410340674e-02 -1.4419085812e-01 -6.5396135637e-02 -6.6270828755e-02 -5.4382081301e-02 1.2056443383e-01 7.7529341969e-02 -1.5538480933e-01 -2.4229414652e-01 6.7676155645e-02 -9.8105798745e-02 8.4131914962e-02 3.3080890349e-02 -9.8156684383e-02 -5.9012850788e-02 -3.9406203396e-02 9.3702336474e-03 -1.8078741493e-01 -2.8440088688e-02
-1.5980367279e-02 2.4422009430e-02 1.8902003580e-01 9.2548096916e-02 -5.2793473436e-02 8.3042377397e-02 -1.3065333142e-01 -6.6844818313e-02 2.1239268612e-03 -6.3698042669e-02 2.7216338030e-02 -1.1479400786e-01 1.0563569127e-02 8.2497141764e-02 -4.2291694514e-02 1.2682857808e-02 -4.8317751758e-02 8.3274897721e-02 4.2585444747e-03 5.1766738915e-02 2.8588421336e-02 1.1115905802e-02 5.1134126072e-02 -3.4055248122e-02 -1.2577694597e-01 -7.2309721158e-02 8.9988532836e-02 2.1880134247e-02 2.5038635474e-01 -1.0866182096e-01 -9.7514381217e-02 6.3675163377e-02 -1.6274296835e-01 1.1703147248e-01 1.5162025113e-01 -2.5570502198e-02 4.5465254618e-02 -2.8003439312e-02 -1.7810920765e-01 -4.8860207649e-03 -7.9509983347e-02 -4.0636325338e-02 -4.5701857905e-02 -4.3346794283e-02 4.8741557257e-02 1.1342370906e-02 2.0472562722e-01 7.5579333382e-02 2.4515184418e-02 -1.8180910531e-01 6.0481919215e-02 4.3039219917e-02 -8.3300966187e-02 -3.8152942259e-02 -3.9164829416e-02 6.3642964806e-02 2.3533782229e-02 -6.2024224510e-02 6.4079506581e-02 -9.5841144762e-02 -5.8103215555e-02 1.0726450104e-01 -7.1978897647e-02 5.8272238671e-02 -1.9407196729e-02 9.4336146566e-02 4.2946704023e-02 -8.2926149862e-02 6.9254650013e-02 -1.0735472011e-01 4.3661431014e-02 4.3033072580e-02 -1.2650722444e-01 5.9541014609e-02 -1.4289317908e-02 -4.0647404273e-02 -1.4956286875e-02 3.5153594866e-02 1.8996188078e-02 1.0454180141e-01 3.8542043701e-02 5.5393229934e-02 -1.2402133057e-02 1.5989509807e-01 4.1466537202e-02
