1.1227850121e+00
1.5650760325e+00
-1.8192465869e+00
1.6727634014e+00
-1.3173654322e+00
-1.6150280995e+00
-1.8899201476e+00
1.6959278781e-01
3.2866904099e-01
-1.1817590281e+00
-3.9391292272e-01
-8.3063274298e-02
9.6502423505e-01
-1.0629369295e+00
-7.7488193481e-01
-6.7680207970e-01
6.1133496524e-01
1.1328854491e+00
-1.7630705180e+00
-1.3143910372e+00
5.1814113884e-01
5.3143104978e-01
9.7996411646e-01
8.4030401231e-01
1.3440172639e+00
1.1472144626e+00
-1.9446594685e+00
1.3346769761e+00
-4.3672166346e-01
2.5897931173e+00
1.4955235405e-01
-1.9637808505e-01
3.5123638414e-01
-4.9921872185e-01
-1.6209281550e+00
-7.0160975953e-02
8.0273072481e-01
-5.2530423131e-02
1.4923548648e+00
-8.3829976453e-01
1.1816449430e+00
-5.7883859757e-01
5.4535695298e-03
1.6495762483e+00
-2.5061716356e-01
1.4829739357e-02
-1.1817100847e+00
2.8743058833e-01
6.5903441829e-01
6.9223464527e-01
9.8271241425e-02
1.4539739672e+00
-2.5703146254e-01
1.2631247251e+00
1.3354803009e+00
-9.1199542979e-01
-1.2091681006e+00
7.2543376284e-01
1.4812360886e+00
-2.5615547352e+00
-8.9880930148e-02
-8.9665330257e-01
1.5395613662e+00
