8.7087399103e-02 9.2779106785e-02 9.3870987859e-02 -7.0638928743e-03 1.6337553057e-01 1.1365817108e-02 1.4994677825e-01 2.8078052201e-02 -1.8538082572e-01 -3.9440166864e-01 -7.9738283441e-02 -2.5938007479e-01 1.0245822540e-01
-7.2222740798e-02 -8.6905725094e-02 -1.5505692199e-01 -3.0637941468e-02 -5.0312147962e-02 -8.6593620243e-02 2.4773126973e-02 -3.7646094887e-02 -4.2811222790e-02 -1.1394797910e-01 2.1444375116e-02 -2.5626154659e-02 5.4295585602e-03
4.9097615280e-02 -6.5982928200e-02 3.0811155786e-02 3.2535286954e-02 -8.2988142335e-02 -8.8928654894e-03 -6.5248805804e-02 -1.0953949620e-01 -2.9106283137e-02 -5.8301404622e-03 1.4399754785e-02 -6.8021663875e-02 3.6896793303e-02
-2.5930964793e-02 -2.8424245389e-02 -2.0670872049e-02 2.4483214006e-02 1.5700903676e-02 1.8620362269e-01 2.6078171155e-02 -3.9650275729e-03 1.6518572215e-02 -4.9987239319e-02 6.4137838504e-03 -1.1316871701e-02 -1.0228696139e-02
1.6492790045e-01 1.3974101813e-01 1.4953428549e-01 1.5668060379e-01 1.4397973837e-01 -2.3622045628e-02 -3.2151197181e-02 -8.2435725744e-03 2.9679215825e-02 1.0734219008e-01 -2.4187432439e-01 -1.2663039205e-01 -1.5724504207e-01
-2.0561667253e-02 -4.7732035346e-02 8.9949873562e-04 -1.0910161439e-02 -2.7085794032e-02 -4.3052541981e-02 -6.0348274462e-02 2.4505530618e-02 -2.0545290532e-02 -3.1642425858e-02 4.5124842226e-02 -1.2985290383e-01 -1.0089503103e-01
8.7822393302e-02 -1.1450900099e-01 -4.8868285714e-02 -8.5808684321e-02 2.0577854395e-01 -2.2440274483e-02 -4.0010930081e-03 1.6729495928e-02 4.2593517994e-02 -1.6007893433e-02 1.9566641998e-01 -1.2020241920e-01 -5.1067533805e-02
1.0550054582e-01 1.4624925131e-01 2.2044123031e-01 -1.5751169714e-01 -5.2802925771e-02 4.7512615598e-03 1.3557847057e-01 3.2825439789e-02 -9.6188841038e-02 -1.5399658673e-01 8.3010254158e-02 1.7879200651e-01 -1.2446084012e-01
9.8771081605e-02 2.2154232053e-03 1.1010853120e-01 -7.2681969031e-02 9.3765301051e-02 1.5225428592e-02 1.1958122205e-01 -2.5522742565e-03 -1.3287188765e-01 3.1394739269e-02 -2.7313551286e-02 -9.9499370960e-03 -6.5354629772e-02
8.4535519713e-03 1.8129859022e-01 1.4725099604e-01 8.0590571683e-02 1.2744622613e-01 1.1143456121e-01 4.2192968957e-02 4.8716793363e-02 -3.9133626489e-02 -4.4973451634e-02 1.7495575520e-02 -2.7232785584e-02 4.3383937752e-02
3.7200149650e-02 3.6321629658e-02 1.0894029478e-02 -4.2852911761e-02 -1.1613505342e-03 -8.4781978071e-03 -4.4930651387e-02 -9.8205851179e-03 4.2066077492e-02 2.7591543291e-02 3.1958214425e-02 6.3641831438e-02 1.0592101148e-02
-1.8723361841e-01 -1.1402038347e-01 -8.6144655594e-02 -7.5645703070e-02 -1.5138769727e-01 1.4635108414e-01 1.1234957444e-01 6.5202366599e-02 -5.8257272850e-02 -2.5021306047e-01 5.0135439648e-02 -3.3090954451e-02 4.3134572520e-01
-1.3861035130e-01 -5.7756322300e-02 -1.3775382639e-01 -2.7222301151e-03 5.0682762853e-03 8.5541848768e-03 1.2914115447e-03 3.3153496306e-02 1.1865999824e-01 1.2356096553e-02 -1.9423035927e-02 1.6377177738e-03 1.1355560896e-01
1.9333970277e-01 -5.3781195723e-02 7.0007253415e-02 1.2560775095e-01 1.0461157714e-01 1.4133048861e-01 -6.3031245096e-03 -8.3714615208e-02 1.1671338283e-02 5.4876903354e-03 -1.6010133907e-01 3.5595614488e-02 -4.0544439484e-02
-7.2697911078e-02 -1.8563044914e-02 -6.5314386131e-03 -2.0921702653e-02 -8.6459845584e-02 3.8485347215e-02 8.5083867158e-03 -5.1397158813e-03 -8.0493940925e-03 -8.3791712499e-02 5.7397638627e-02 -6.2889571802e-02 7.8861727285e-02
4.9773387424e-02 1.9680667981e-02 1.2755903824e-01 2.2595251573e-02 -2.8182828330e-02 -1.2907671840e-02 3.6512579788e-02 -7.1761910513e-03 -4.2043267149e-02 1.6019900538e-02 9.8004826965e-04 -1.3360522589e-01 3.0116797646e-02
6.2510001045e-02 2.8907095935e-02 -2.6504863677e-02 -3.8180722568e-02 5.8760231866e-02 2.4536054185e-02 4.2566151004e-02 3.2944428267e-02 2.9639808792e-03 -9.4831827774e-02 4.6441424731e-02 3.9508309832e-02 3.9934535449e-02
-1.0706110973e-01 6.8152934095e-02 -2.1170779562e-01 4.6893989627e-02 -5.6697005842e-02 -4.5886704978e-02 -1.5653333383e-01 -1.3460615744e-01 1.4001134942e-01 1.4669985543e-02 -5.8428401075e-02 5.0608124898e-03 1.9433448845e-02
3.3483671346e-03 -9.0852888048e-02 -3.0589369537e-02 3.6551501009e-02 5.1083615432e-02 1.1709869178e-01 -7.2423542659e-04 -1.6208163987e-02 2.8094521794e-02 8.8341631240e-02 3.8699406071e-02 3.9842934752e-02 2.0633007191e-02
8.0746381770e-02 5.3008302579e-02 -2.1507996660e-02 4.1961796516e-04 3.6086199965e-02 -4.0974969796e-03 3.4036107604e-02 2.3950799527e-02 4.3808586299e-02 -1.7326276609e-02 4.5916990773e-02 2.9334650208e-02 -1.0259881953e-02
-1.0090080793e-02 7.8949504784e-02 9.4834498701e-02 3.9398213679e-03 -2.7748312862e-02 3.3813417803e-02 7.9325346159e-03 2.2136293087e-02 -7.6460362702e-02 -4.4853534523e-02 9.4855795321e-02 4.6957245574e-02 -2.2802137296e-01
6.7952645308e-02 6.6185952560e-02 1.4698186815e-01 -7.0025039652e-02 7.6266785082e-02 5.1659073510e-02 1.0382109535e-01 2.3634037314e-03 -8.4506124167e-02 -9.0899869873e-02 -9.3413205509e-02 -1.6393401574e-01 1.5592479549e-02
-1.4799673549e-01 5.6626894155e-02 -1.5547042308e-03 7.3520619017e-02 -7.1997013878e-02 -1.4631912973e-01 -4.7386456658e-02 3.1909942662e-02 4.2083166666e-02 -4.5027656613e-02 -3.6809446119e-02 5.1279961745e-02 -6.1598496959e-02
-1.3024367153e-01 -3.4898705227e-03 -7.9269119093e-02 -1.2698900607e-01 -1.5379943793e-01 -6.3351714282e-02 5.1581802889e-02 6.6735775512e-03 -7.3215745543e-02 -3.6464060695e-02 -1.0406134095e-01 -1.0706969658e-01 -3.3516172878e-02
-2.2869974274e-01 -6.4772165966e-02 -1.8212789389e-01 5.6456094861e-04 -9.0170060300e-02 2.5760607153e-01 3.7334494074e-02 8.6724417203e-02 1.0138487459e-01 -1.4442816616e-01 -4.0185620277e-02 1.7916330093e-03 9.0859853337e-02
8.3473141527e-02 6.3569923847e-02 1.0757908731e-01 -4.3029554857e-02 1.5882684374e-01 1.0423175230e-01 1.3995693601e-01 -6.0206276900e-03 -7.0101619486e-02 1.4893760805e-02 3.8673444429e-02 1.9683758092e-01 2.8084077081e-02
2.9176364174e-02 9.2618326675e-02 -4.7134151954e-03 -1.7522199198e-02 2.2665590234e-01 7.3609401296e-02 1.6443537982e-01 -1.5097240470e-02 -1.3567839447e-01 -2.0033321974e-02 -2.9757548517e-02 -2.8356518243e-02 -3.5770373285e-02
1.0415822270e-01 5.4251059612e-02 -2.7275255841e-02 8.2349526905e-02 5.8873934229e-02 1.2700969737e-01 -3.9159723231e-02 5.9142028651e-02 9.1937000413e-02 -1.4829493208e-01 5.7142959991e-02 -8.7610810353e-02 1.0329901330e-01
5.2376701483e-02 1.2307181476e-01 9.8449202522e-02 -5.8731696690e-02 3.5907430458e-02 -4.2811735013e-02 4.2198112068e-03 7.5028159313e-02 3.9649419532e-02 3.3240876858e-02 -6.8551672593e-03 -4.1417423582e-02 -3.7042386254e-02
-2.4231225957e-02 5.5734554714e-02 3.0221517931e-02 -4.1606633355e-02 2.0515101958e-02 -1.4370874786e-02 1.0239416773e-01 1.9548696444e-02 -9.3198052397e-02 1.2306265317e-01 -1.2787391895e-01 -5.9720281248e-02 4.7084222515e-02
8.7783608197e-02 4.1960409379e-02 4.8629509853e-02 -5.7011408221e-02 9.6501944060e-02 2.5072755197e-02 -9.4470286723e-03 6.4541634376e-02 6.5532836063e-02 -1.9421365733e-02 1.2357193558e-03 2.5140952473e-02 -4.5543840836e-02
2.8151506138e-02 -1.4619696582e-02 -5.1614133193e-02 -5.1505583608e-03 3.9567694383e-02 4.2750571073e-02 -5.0850623538e-02 2.0937208403e-02 5.3295276671e-02 5.4402695911e-03 2.8792734609e-02 2.2543121311e-02 -5.6612158168e-02
-6.9628005498e-02 1.8242212458e-02 -2.7001977622e-02 1.4070404178e-01 -2.4946820068e-02 4.5363753228e-03 -2.2343015116e-01 1.3714251831e-01 2.1712234143e-01 1.2874980182e-01 2.2087799535e-02 1.0341492614e-01 -9.1051804691e-02
-6.6102358314e-02 -4.6661019512e-02 -5.1527641819e-02 6.1109410502e-02 1.3952758071e-02 7.4248892309e-02 8.3779131969e-03 -2.5489301257e-02 1.9337925734e-02 -3.0364612430e-02 -4.1725962688e-02 -1.0271334712e-03 2.0815861740e-02
7.3268471624e-02 -1.0261456467e-02 1.7122410489e-02 -7.8217998648e-02 2.1114048459e-01 3.1522611513e-01 1.4582983098e-01 3.2784799368e-02 -8.1989808261e-02 -2.4881688440e-02 -1.3942407863e-01 -3.4636116838e-01 3.6890273817e-01
8.8494984128e-02 8.7293582711e-02 1.2450756358e-01 3.1875224418e-03 1.1699485487e-01 1.1102491075e-01 8.5062230821e-02 -2.2960668119e-02 -7.2025680102e-02 4.0203263479e-02 -1.9832139446e-02 1.3873058685e-02 8.5449798899e-02
5.9803511728e-02 2.7016589052e-02 5.4179016935e-02 -8.6270403912e-02 -8.4785749655e-03 -3.8910774197e-02 -3.6153822693e-03 -2.0257180404e-02 6.5337564273e-03 1.5374504991e-02 1.5432399717e-02 2.1676942412e-02 -1.5624769524e-02
-1.0257604858e-01 7.3377347137e-03 -5.4464305019e-02 -4.9219753427e-03 -8.0934164019e-02 -4.8877255516e-02 -1.2682609230e-02 3.2811297075e-02 -4.7668133819e-02 1.2537329650e-03 3.7316097010e-02 -2.6368081909e-03 2.9210444801e-02
7.6987027110e-02 5.2414052982e-02 1.3617621834e-01 -1.6490236482e-01 2.4206356057e-02 -1.7545479011e-01 1.2960171094e-01 -9.7146763298e-02 -1.8331775201e-01 2.0701327380e-02 8.9393846462e-02 -1.2213084129e-01 2.1597970341e-02
4.6061611803e-02 -2.5360129691e-02 2.7266677729e-03 7.7951766251e-02 2.6607508907e-03 6.6395185670e-02 -3.0414148352e-02 -4.3221016612e-02 3.0331874464e-02 1.0778063053e-01 1.4007569450e-01 -3.0347047952e-02 -7.3779818639e-02
1.3405597480e-01 3.9421152839e-02 1.9950694498e-01 -1.4930581907e-02 9.2820121500e-02 -2.6307613740e-02 5.2715435374e-02 -9.6208109000e-03 -1.0076037713e-01 8.9128028131e-02 -8.3435238629e-02 -1.4361235578e-01 -3.5567633356e-02
-1.7860149914e-01 9.5481541412e-02 -1.8058369357e-01 3.0055317779e-02 -7.0340650420e-02 2.9128743573e-02 -9.7697948348e-02 7.1326148009e-02 1.0346665633e-01 -6.0158173362e-03 -1.9896323813e-03 7.6828359686e-03 -5.1887678703e-02
-6.1174257269e-02 4.6828451369e-02 -6.1318986751e-03 2.3775141132e-03 -8.4101518510e-02 7.4665300370e-03 6.7540033185e-03 -4.9320200856e-03 1.4195291002e-02 -1.3822590180e-01 1.4324728817e-02 -9.4061901115e-02 2.9196110076e-02
-7.5947367692e-02 1.4086872817e-01 8.5782757300e-02 7.0653850112e-02 -4.0281470882e-02 1.2754018390e-01 2.7904389281e-02 1.2955741752e-01 -4.5818824509e-02 4.4782787215e-02 2.8463462880e-02 6.5729836580e-02 -2.7867026313e-02
-7.2522777718e-02 -2.7943039871e-02 -1.8571476904e-01 5.1929940989e-02 -9.1560497188e-03 7.3743035420e-02 -1.0531447085e-01 -1.9674114319e-02 1.1639921837e-01 1.4128311721e-01 6.9438767385e-02 3.2937225897e-02 3.4653897989e-02
6.8158803804e-02 1.4093373438e-01 9.2699379704e-02 -1.3228732376e-02 1.6071567806e-01 -5.9953175879e-02 1.2413016750e-01 -5.3109520610e-02 -1.7269482032e-01 1.3232824467e-02 8.8773913027e-02 1.0393504985e-01 2.8514798479e-02
5.1765976458e-02 2.9727423306e-03 6.2465248509e-03 -1.4239123374e-01 4.4695508023e-02 -1.0117018800e-01 -1.1515686394e-01 9.3585449420e-02 1.3199153914e-01 -7.9531523411e-02 2.6696482920e-01 1.7695311395e-01 -1.2561569967e-01
-5.2570515664e-02 -6.1782671205e-02 2.6313889121e-02 9.5258397563e-02 -4.8168298428e-03 1.5821864780e-01 2.8753982188e-02 3.8621209888e-02 1.5272855350e-02 4.7175810827e-02 3.5088659268e-03 -6.3128680914e-02 5.4604675969e-02
9.9141222817e-02 1.9847583373e-02 1.1907791960e-02 -8.4668309202e-02 4.5023526542e-02 4.0936327799e-02 1.6807651130e-01 -4.4742597170e-02 -7.4853406129e-02 -1.1282491356e-01 6.9222267369e-03 -7.1144637131e-02 6.1664793249e-03
-2.8311988448e-02 2.0593634221e-02 -6.3494498286e-02 4.8820333295e-02 -2.9549569022e-02 2.6793796643e-02 -5.1500876690e-02 2.3127345774e-02 6.5536976728e-02 1.6330730959e-02 -4.4542328917e-02 5.7315011450e-02 4.9292694280e-02
-5.4863016208e-02 -1.4317842385e-01 -1.1336403686e-01 1.1747573916e-01 4.6551658824e-02 7.5857061892e-02 -2.4786159908e-02 -7.3285307114e-02 -3.8368105041e-03 2.1654919300e-01 5.2317785676e-02 1.4437742499e-02 2.6111558396e-01
6.9252075985e-02 -1.1054905861e-03 -3.9333027679e-02 -3.7739151075e-03 1.0330211014e-01 9.4985060639e-02 6.4507119039e-02 3.8273994571e-02 -1.0046319041e-02 -3.2258537874e-02 -9.8512004348e-02 -2.4193194766e-02 -3.8179748097e-02
-4.9344319614e-02 -1.6179889473e-03 4.8555099407e-02 4.9014871704e-02 6.6778915855e-02 4.5852137836e-02 5.0996620636e-02 8.5129618707e-03 -8.6562033543e-02 6.0154689671e-02 -1.3597010194e-02 4.1595635155e-02 5.3167068477e-02
-9.8368084986e-02 -1.0089128552e-01 -1.0634385118e-01 -4.8066019861e-03 -1.5872296758e-01 -1.2520654962e-01 -7.6094468879e-02 1.2903585343e-03 4.3670674208e-02 3.2218101175e-02 1.2158916256e-02 1.3127837630e-01 -1.2130565361e-02
-1.2686395420e-03 -4.1380399780e-02 -4.0439967635e-02 -7.9389531390e-02 -5.5447699124e-02 -3.6559220832e-02 -3.1437539619e-02 9.5794792461e-02 1.1891493088e-01 3.9759689001e-03 7.6426044004e-02 -5.1174224674e-03 -4.6704925503e-02
-3.8439762421e-02 -5.8870651618e-02 -2.6764528766e-02 7.9080393506e-02 6.5461537389e-02 1.4569927283e-01 -5.8242540528e-04 -1.8007632090e-03 1.9585272838e-02 -3.0503638058e-01 -1.4910526335e-03 -9.1810365764e-02 5.9694948594e-02
1.4567971841e-01 -3.4007417569e-02 3.2768997140e-02 2.9101353449e-02 5.7474120786e-02 -1.9469924005e-02 -5.5442587014e-02 -7.3751011942e-02 2.5175622163e-02 -1.6431038042e-01 -4.7222393372e-02 1.2136062858e-04 3.5071811299e-03
4.0688523486e-02 -6.0360385545e-02 -2.6215985578e-02 7.7642205204e-02 4.0875692254e-02 1.2107180808e-01 -1.3641728162e-01 1.3271618460e-02 1.1488346025e-01 7.5337562653e-02 2.3745916682e-01 2.6621796697e-03 6.1257701947e-02
-1.0372675555e-01 -1.9482328692e-02 -3.6735311778e-02 3.8408936774e-02 -1.9184803159e-02 3.5653549690e-02 -6.3420860996e-02 4.0018490219e-02 5.4515488575e-02 -5.3899052085e-03 2.6365675356e-02 2.9245820540e-02 8.0128164912e-02
-1.4890501495e-01 -1.4683073139e-02 -1.0306162404e-01 -7.5402838734e-02 -2.3162224648e-02 -9.5673917113e-02 4.1093826334e-02 1.9939631227e-02 -7.3711910587e-02 -1.8348159775e-01 7.2580551490e-02 -9.5162400151e-02 -5.9046934166e-04
7.4382959355e-04 5.2535952440e-02 4.5880918774e-02 -1.4672225297e-01 4.2321651996e-02 1.4783167577e-02 9.1478100720e-02 -6.0753179333e-02 -1.0431859846e-01 3.1923451077e-02 -7.7705704939e-02 3.8369005515e-02 -1.6995548593e-02
1.6251437627e-01 -2.5447547376e-02 9.5063867285e-02 1.1225590001e-01 2.5071768122e-01 1.4580083608e-01 -2.8568110711e-02 6.5492302663e-02 -3.8369983197e-02 1.1630744947e-01 1.8849402103e-01 1.6955760609e-01 4.0952244207e-02
-9.7070800746e-03 -8.6318255970e-02 -9.9108601386e-02 -3.2167014041e-02 -1.9275719740e-02 1.6059235764e-02 1.5084841534e-02 -7.6128571768e-02 5.1863888488e-02 -8.9215114660e-03 -5.2957589818e-02 2.1542769580e-02 -9.2103202551e-02
-1.6255098840e-01 -5.3587435458e-02 -8.3906404417e-02 6.0713715379e-02 -8.2162863621e-02 1.2547925835e-01 -1.3362892023e-02 3.5417858208e-02 3.7012093180e-02 -8.5507472114e-02 -4.2447916038e-02 1.9403116841e-02 1.2216332219e-01
4.9665764882e-02 7.0211562057e-02 8.9016528607e-02 -1.9870064938e-02 -2.9945721543e-02 3.6419983590e-02 4.6986266520e-02 -9.9703635233e-03 -9.9276910602e-02 -4.6620598087e-02 -3.8756298726e-02 4.0993155902e-03 -8.8920387000e-02
-1.4205398104e-01 7.5155263094e-02 -7.9660957195e-02 -3.0558248992e-02 -4.3888762556e-02 6.4213687094e-03 -4.8260761558e-02 1.5411495431e-01 5.7582963976e-02 -3.8560001721e-02 5.8988392276e-02 -7.5848693355e-02 -3.6756379934e-02
-4.8962198825e-02 5.5467248716e-02 -5.8519473024e-02 3.7782204268e-02 -9.5188238083e-02 -1.9164543083e-02 -9.4715943341e-02 -1.6371810459e-02 8.8546284971e-02 -5.8120093312e-02 -6.4197380846e-02 2.0551257608e-02 3.5681104152e-02
2.3811736751e-01 -1.6153549688e-02 1.5417961160e-02 1.1786401989e-01 1.8785987612e-01 9.9327386158e-02 -2.4830358140e-02 -7.9840499322e-02 -1.9169826783e-02 6.8046302941e-02 1.4229253190e-01 7.2924916957e-02 4.2420170597e-02
-1.3214889021e-01 -1.7310886560e-01 -2.1314442519e-01 1.2945898142e-01 6.1642725038e-02 -1.2203538274e-01 -3.3525559869e-02 -7.2966205926e-03 1.6985694493e-02 7.9808617362e-02 4.5439234766e-02 -1.2129894066e-02 -1.7610574134e-01
-5.8177000841e-02 4.9260244417e-02 7.0787448148e-03 1.0495569368e-01 -1.7720638058e-03 4.4772606602e-02 -3.0123608547e-02 4.7778104610e-02 4.7541221365e-02 -2.6385126748e-02 -6.8618323924e-03 6.4491647691e-02 7.9161732689e-02
-4.7179046413e-02 -1.3228550163e-02 -1.6954867222e-02 1.0123653485e-01 -1.7234297172e-02 2.9169646464e-02 -4.7693253223e-02 1.5332564908e-03 -4.9103290330e-03 6.0421314240e-02 2.1984957803e-02 1.9842118972e-02 2.4685057914e-02
-5.8101237665e-02 -2.3385031352e-02 -4.5321430798e-02 3.9492424326e-02 5.0401975801e-02 -1.1638278190e-02 -4.6491074600e-02 3.0668954408e-02 3.0615870008e-02 -1.7390780182e-02 -7.1085153503e-02 2.6259654542e-02 1.5570440079e-01
1.5856932072e-01 1.2505478608e-02 2.0364061458e-01 8.1182659083e-02 2.7417088996e-01 1.2701966920e-01 7.7826408373e-02 4.9449848107e-02 -8.3664615889e-02 3.4435263595e-02 -1.1848669070e-02 -1.0440674608e-01 -5.2340413647e-02
-1.4653680140e-01 -2.1434643475e-02 -6.7512698564e-02 -4.1337511278e-02 -4.3690270860e-02 3.6932576893e-02 -2.1654791028e-02 1.0645467005e-01 9.1856773102e-02 -5.0365719124e-02 -2.6172591236e-02 3.0812438211e-03 -4.8674202823e-02
-1.4684440988e-01 -8.6274183226e-02 -7.1161656798e-02 5.2267727818e-02 -2.1090694154e-01 -1.2984902320e-01 -1.9357936312e-01 -1.1168392602e-02 1.9636621097e-01 -2.5261757415e-03 5.4486932988e-02 -8.5928747773e-02 -4.4929237352e-02
-2.8732257047e-02 -5.2280382280e-02 2.0359124331e-02 -9.1691297387e-02 1.2602434774e-01 2.0085786086e-02 4.0931016187e-02 5.1140940231e-02 5.3400108516e-03 9.5739858783e-02 6.4946256530e-03 -1.2604807840e-01 1.5600038047e-01
-1.1543013970e-01 -8.6457333156e-02 -2.2601084367e-01 1.0670046339e-01 5.8495357145e-02 5.3468563784e-02 -8.0403099991e-02 5.8077395846e-02 1.9659152127e-01 1.8684214274e-01 -7.4425587435e-02 -8.5194656412e-03 -8.5846515349e-02
-3.1667948069e-02 -6.0384111245e-02 -2.6824663697e-02 -1.1475452305e-02 -2.6857223594e-02 -6.4990770402e-02 5.7736739113e-03 -5.4361442347e-02 4.0325653621e-02 -1.6865295651e-02 1.1431726954e-02 -2.5319522498e-02 1.3475119473e-02
2.9520866939e-02 -9.5567641895e-02 5.3511409136e-02 6.4814563805e-03 -3.3732467748e-03 4.7820171542e-02 3.5429312559e-02 -3.5998817155e-03 -1.2585473388e-01 -2.4453614665e-02 7.4668335898e-02 -2.1520729620e-02 5.7621706726e-02
-1.6071326683e-01 -1.6850607931e-03 -1.2470316812e-01 1.5650035848e-01 -3.4243530142e-02 9.6468561878e-02 -8.3096522115e-02 3.6766659974e-02 5.5266832133e-02 3.5566158344e-01 1.2642980140e-01 5.3528454748e-01 1.4109412181e-01
1.2371314802e-01 1.6451994815e-02 1.0055767808e-01 2.6605424992e-02 -1.4576742306e-03 -8.2742720475e-02 2.6904928661e-03 -6.7130341412e-02 -5.8911073481e-02 6.1764609103e-02 2.1836991770e-02 -1.2478114315e-02 -3.2493658957e-02
-1.5055251562e-01 5.2802504122e-02 1.8251108409e-02 1.9932592366e-01 -1.0572038005e-01 1.4258182328e-01 -1.1266793441e-02 3.4566901728e-02 -3.2976986531e-02 -1.4694183408e-02 -1.5876138951e-01 5.5929113625e-02 5.2579289460e-02
3.4531466699e-03 2.9419594111e-02 -1.9470518881e-03 -2.9525811114e-02 3.8748933200e-02 7.9645747856e-03 3.7682193390e-02 -1.8247962536e-03 -6.1584604277e-02 2.2721011489e-01 2.6938150870e-02 1.1671527127e-01 1.5303883721e-02
-8.5351146193e-02 -5.2004975235e-02 -1.3489713862e-01 -6.9047510847e-02 -1.2381282638e-01 -1.7487865983e-01 2.7886158248e-02 -1.0789583583e-01 -7.4403899669e-02 -2.7092669098e-02 -1.4816860883e-01 -3.7039595832e-01 -9.1801971705e-02
7.4101595939e-02 -6.1046127137e-02 -3.6018830875e-02 1.1766439134e-01 -3.3094747975e-02 4.0568488139e-02 -3.0040217397e-03 -1.6961939485e-01 -1.0633846584e-02 -9.7663622478e-02 -2.3666051145e-02 -1.6751866399e-03 5.0461612642e-02
7.1288911048e-02 4.1186546550e-02 1.4142337155e-01 2.1098785663e-02 -3.7783610359e-02 1.2525567585e-01 4.9091989644e-02 2.0122421316e-02 4.6332736049e-02 3.6123120165e-02 -4.1031198376e-03 6.0931187131e-02 7.1271036302e-02
6.2482125607e-02 1.9005369104e-02 1.3205696921e-01 -2.8047421510e-02 7.2377262128e-02 -1.3397692773e-02 4.8987568917e-02 -2.2488534698e-03 -2.5884724838e-02 2.6480554381e-03 4.5756319710e-02 -2.8372208383e-02 3.9920041155e-02
8.6701933530e-02 1.1138083990e-02 1.0146338147e-01 -1.3171593452e-01 2.9790585667e-02 1.2368855007e-02 6.8232188390e-02 -3.2131145817e-02 -8.8938938068e-02 7.0835052623e-02 -1.0327700069e-01 -6.7353811093e-03 -5.8356694736e-02
-7.5230190792e-02 -8.7882199223e-02 8.8754068021e-03 2.6888807196e-04 -8.8380247195e-02 3.2243924598e-02 -6.6884798333e-02 5.1989927634e-02 6.7757484159e-02 4.0320489120e-02 2.9136162698e-02 8.4498927190e-04 -4.5362781842e-04
5.1530980150e-02 1.2661860603e-01 1.5324096715e-01 -2.1365780404e-01 -2.4135308785e-02 -8.5301600353e-02 7.3882133887e-02 2.2610258790e-02 -4.2204590703e-02 -2.4217541100e-02 1.7573559581e-01 2.0156226568e-01 2.8778005805e-02
6.6842943976e-02 1.9706277806e-03 1.0239467486e-01 -9.0256768971e-02 2.8030467335e-03 -1.6011225423e-01 1.9788168940e-01 -2.4927390179e-02 -1.9606719616e-01 -9.5549064694e-02 -7.2618086208e-02 -9.6254941095e-02 -6.8170459533e-02
5.1034455601e-02 7.5262935475e-02 5.7284721635e-02 -3.6810423224e-02 1.6241492547e-01 1.1444123391e-01 1.4356668633e-01 8.9428236587e-02 -8.6054286699e-02 -2.2730946139e-01 -1.0608001026e-01 1.1725578626e-01 -9.4605639195e-02
-1.2385143725e-01 -7.5547571639e-03 -6.7478131419e-02 4.7420387460e-02 -1.2681817420e-01 -1.4833233415e-01 -8.5370962179e-02 7.5816279917e-02 7.0454715991e-02 -1.6570485027e-01 -1.9450123901e-01 -1.8011902599e-01 -7.3289205377e-02
-5.8329079648e-02 -3.4337291186e-02 -2.8338668229e-02 -5.3516998880e-02 -1.3217810337e-01 -6.9021260559e-02 1.2331510389e-02 -1.4950524297e-02 2.0465771230e-02 -2.3618774810e-02 2.7557508904e-03 -1.4028649563e-02 5.3462195393e-02
-1.4723221181e-01 -1.9318983821e-02 -5.1464101685e-02 -4.1713721369e-02 -1.8673739365e-01 -1.9413956670e-01 -1.8044618544e-01 8.9456841437e-02 1.3828377873e-01 1.0021909141e-01 -4.0876778826e-02 1.9339548882e-01 -1.6747941443e-01
1.1504725097e-01 -9.8071764570e-02 1.4796746573e-04 -1.3742439591e-01 2.7476403899e-02 -7.6475145446e-02 -2.3197995368e-02 -5.3626859341e-02 1.7480369785e-02 -2.2990007750e-03 -3.2083562991e-02 -6.3179447440e-03 3.9971067708e-02
-2.3830787234e-02 -2.4805195600e-02 6.9437165341e-03 6.3975273580e-02 -8.8149523881e-02 -1.1169784060e-01 -7.6015555191e-02 -4.6527107078e-02 -1.0488913677e-02 4.6717591685e-02 8.8252969997e-02 -1.9264269334e-02 1.9345273162e-03
-2.3387583983e-01 -2.0424652995e-02 -5.3607379002e-02 -3.0688574704e-02 -8.4017823184e-02 -6.9761090260e-02 1.2424729079e-02 9.6349497348e-02 1.3758764565e-02 1.0209886776e-01 -7.7305685693e-03 -8.9121565060e-02 -8.3979316082e-02
1.7785344585e-01 5.7188425361e-02 6.5009727918e-02 1.0677115273e-02 3.3307750100e-02 1.0997068067e-01 1.6767473927e-03 -5.9299582072e-02 -3.4894514237e-02 1.1992615574e-01 -2.3122087058e-02 1.6357163901e-01 3.4673387107e-02
1.9478266701e-01 -7.3762888963e-02 7.3084844312e-02 -7.9358315318e-02 6.9651818043e-02 2.9507528370e-02 4.8177567388e-02 -1.7659967332e-02 -5.5333839811e-02 1.3830544454e-02 -1.1699934518e-03 2.3593394790e-02 -1.3260600842e-02
-1.3251683770e-01 8.5877316699e-03 -6.4769832508e-02 -3.1548286044e-02 -4.8353948578e-02 -2.3180406170e-02 -1.1947920104e-02 3.5942370648e-02 3.2184564397e-02 -4.8871274852e-02 2.6457065110e-03 -1.5491142102e-02 3.4893807677e-02
9.0826284240e-02 -1.0283737380e-01 -3.7528669649e-02 -1.0296505466e-01 1.1623578858e-02 1.0533038997e-01 -4.6211168121e-05 -9.8026164900e-03 -8.2288923726e-03 7.3780367914e-02 2.4564957291e-03 2.1873208831e-01 2.0826229223e-01
7.5310976349e-02 8.6462161312e-02 1.2862858525e-01 2.8805762721e-02 1.1364961204e-01 -4.2467166432e-03 3.7527886734e-02 -2.7328047615e-03 -5.6368714703e-02 -5.1645301124e-02 4.9040763343e-02 1.2545201676e-02 -4.9377425583e-02
-6.7833096111e-03 -7.9328637911e-02 -3.4930850868e-02 2.4843955918e-02 -3.6255651479e-02 -2.2183183856e-02 -6.5804442371e-02 -6.2841273837e-03 -2.0410799377e-02 -1.1941025094e-03 -8.2905415086e-02 -3.4393299411e-02 -2.3821594345e-02
8.2969828142e-02 5.4801816247e-02 6.6648940765e-02 -1.9476489594e-01 -6.5195154774e-02 6.7335688548e-02 1.3680008235e-01 -1.7443398463e-02 -7.6442360626e-02 -9.7503674317e-02 4.7450515549e-02 1.0070792109e-01 9.5531849212e-02
1.2484913303e-01 1.1145907748e-01 8.5424780710e-02 -7.4791849708e-02 9.8481628851e-02 2.7973110141e-02 9.3853161553e-02 -4.2415885876e-03 -5.8562018832e-02 -4.8960560145e-02 -1.2321462942e-01 1.0185131005e-01 -9.4386709208e-04
1.5102086234e-02 -2.8806977386e-02 2.7165370353e-02 -6.9596856079e-02 -2.4365962316e-02 -7.1679693522e-02 4.1545809054e-02 -4.3839690059e-02 -1.1588029292e-01 -2.4273516104e-03 -5.8424431510e-02 -3.9694986302e-02 -1.6240434173e-01
-6.0253436625e-02 5.1422618857e-02 8.5817276177e-02 4.7090572720e-02 -2.3603118609e-02 -6.2209283958e-02 8.9489388114e-02 4.0012621509e-02 -1.6534761569e-01 -7.4479058716e-02 -1.8622414884e-02 7.3519232750e-02 -5.4953833470e-02
1.4739455232e-01 9.0580090449e-02 1.8175774077e-01 1.6311865222e-03 5.3446508238e-02 -6.5473713260e-02 8.5716293328e-02 2.4498253854e-02 -5.3622198583e-02 8.7232128466e-02 5.3864083639e-02 -1.3508753775e-01 1.5699469396e-02
1.0687348282e-01 1.9749284749e-02 4.7950158846e-02 6.4259206018e-02 2.9777029877e-01 4.9838401363e-02 1.3878489336e-03 8.8322945046e-02 -5.9918757490e-02 -8.5416251372e-03 8.8610785958e-02 -1.5372956233e-01 -2.1853994820e-01
7.3326826898e-02 -4.3000187827e-02 -4.3945315890e-02 1.3165809860e-01 -7.0305725819e-02 1.8911490413e-02 -1.2984608618e-01 -1.3118360605e-01 7.9977375009e-02 -3.3977566698e-02 1.0408557270e-02 1.2673008394e-02 9.5838746438e-03
1.0385785713e-01 1.0767524722e-01 1.3179012841e-01 -2.9189828850e-02 1.2107603306e-01 1.4576071614e-01 2.0195993229e-01 -7.7327012220e-02 -1.7815468056e-01 -5.0212509737e-02 2.2684528941e-01 9.0524522041e-02 9.7654588981e-02
-3.8197420896e-02 -3.6301466668e-02 -1.4619048282e-02 6.9064365292e-02 -1.7960087535e-02 9.6443030788e-02 -3.2585124029e-02 1.9122835484e-02 1.4264226583e-02 3.0333846278e-02 -1.0799206822e-02 -7.3039029930e-02 3.8234289123e-02
-1.0556727187e-02 9.2373392458e-03 7.0922580777e-03 -1.1051933348e-01 1.3787434491e-02 -6.5120002070e-02 6.6595878827e-02 7.6299146506e-02 -4.1803087477e-02 -6.6629960915e-02 7.5737950591e-05 -2.7643429687e-02 -7.2770198207e-02
-1.5510285602e-01 8.0707013809e-03 -1.4504952761e-01 1.1255242445e-02 -1.7572362982e-02 -2.3780471225e-02 -6.5709540773e-02 -2.9883919256e-02 1.1144820150e-01 2.5166243368e-02 -6.2377886827e-02 -7.6615980885e-03 9.7574423222e-02
2.6284539161e-02 -6.3790164944e-02 -3.4189751478e-02 4.2972967219e-02 -4.1973842069e-02 -7.2011623585e-04 -8.5267107103e-02 -5.6989782613e-02 4.9606235126e-02 7.1541077112e-02 -2.2803661899e-02 -5.8046834054e-02 5.1402923899e-02
4.4487334252e-02 -3.6812064228e-02 3.3100847609e-02 -8.0186844436e-02 1.7844498939e-01 -3.4631006660e-02 1.5872412232e-01 -4.5404061446e-03 -1.3758096321e-01 1.2582885310e-02 -8.9720529741e-02 -1.7905353411e-01 -4.9943756962e-02
-1.3250465232e-02 1.5762661976e-01 2.2094928514e-02 8.9666729380e-02 1.8826672129e-01 2.0282555942e-02 1.3714954990e-02 -5.6325662540e-03 -1.6115276594e-02 3.6536677463e-03 4.5129085669e-03 -3.7812085924e-03 -1.7175215990e-02
1.3212658538e-01 1.8940865582e-02 1.1171336701e-01 -1.0735890615e-01 2.5421587467e-02 5.6496495098e-02 7.0264869950e-02 -1.8443562729e-04 -3.5375901186e-02 -2.2912169684e-02 -5.6980794908e-02 -9.9485391110e-02 6.9695400129e-02
1.0946510965e-01 -3.5674088199e-02 9.3544369909e-02 -5.7377920093e-02 -3.4191885200e-02 -6.5289303368e-02 -1.6703926262e-02 7.9162285363e-02 4.5075095001e-02 9.2364624666e-02 6.5963792380e-02 7.1082441516e-02 -1.0910143920e-01
-2.4385933183e-02 3.1542803850e-04 -3.7208595945e-02 1.6524744243e-01 5.7725280218e-02 1.8839206162e-01 -1.8152957685e-01 1.7651618419e-01 1.8212501489e-01 3.8360987541e-02 2.4353348270e-01 -3.6397635417e-02 -1.2700762052e-01
-1.3375759072e-03 -7.7832634356e-02 3.1843203940e-02 -6.9518903437e-02 -1.1334039466e-01 -8.6788333063e-03 -4.3578581012e-03 -1.2077978794e-02 5.3342248441e-02 7.2762266791e-02 -2.8952987872e-03 2.8809393599e-02 4.0460387619e-02
-1.0060038139e-01 9.7218629584e-03 -3.4275885377e-02 1.3329682919e-01 8.0160077610e-02 8.3913113388e-02 -3.0257162247e-03 8.1540615130e-02 6.9870906270e-02 2.8296544903e-02 8.1215328398e-02 -1.8822464380e-02 -1.2653245038e-02
-1.4379493353e-01 1.1681056043e-01 2.8081080895e-03 8.1091241866e-02 -2.1663431927e-01 -1.1007724517e-01 -1.5119293187e-01 6.3027604325e-02 6.8714067682e-02 1.6205882578e-01 -1.7591796325e-01 -5.4573470799e-01 -1.5873018224e-01
1.5977165947e-01 -9.5551873006e-02 1.4728990778e-02 6.5543743498e-03 -9.0538461736e-03 1.9810292735e-03 -3.3165064322e-02 -1.4742410196e-01 -1.8544256467e-02 9.2530621091e-05 1.1905142694e-02 -1.7538931208e-03 1.1220962124e-03
1.2951014692e-01 1.8244973901e-01 7.4767364275e-02 3.7428966050e-02 2.1612672709e-01 1.5104568442e-01 -6.9790262585e-02 -5.9826731980e-03 3.7437435098e-02 -3.9431603747e-01 2.3163411904e-01 -2.2097213577e-01 1.0468855505e-01
-8.1637222065e-02 -6.6593573944e-02 6.5339332537e-03 -9.3606776945e-02 -4.6102721562e-02 1.7052793496e-01 1.7800615816e-01 -4.9188752380e-02 -1.9702431917e-01 8.8031837801e-02 -2.5769013393e-01 5.2419090191e-01 3.5588658710e-01
-1.6924352032e-01 -4.4035452887e-02 -3.5999993061e-02 -1.3303267731e-01 -1.5567528388e-01 -1.1482744501e-01 1.4829444296e-01 -2.0731064128e-02 -9.1447392097e-02 -6.2507503600e-02 -2.5810775852e-01 -2.5594943741e-02 1.3694357258e-02
-1.2916432159e-01 -2.8415052030e-02 -5.6800985507e-02 -1.1392026458e-01 -4.6912904572e-02 -1.8697871550e-01 4.9261744783e-02 3.9211173142e-03 -7.6434069797e-02 4.8140552510e-02 -2.3548193329e-02 -4.1652259138e-02 -5.7925343256e-02
5.6433232111e-02 -1.0156661056e-01 2.1101763240e-02 -2.9392120989e-02 4.4755990812e-02 1.6772834430e-02 -1.9984468491e-02 -3.5675047430e-02 4.5924437774e-02 -3.0563825645e-02 2.7326676133e-02 1.0906326529e-02 1.7163149161e-01
-1.6126235560e-01 -9.4117738558e-02 -1.5789013206e-01 -1.5224648432e-01 -5.7911076669e-02 -3.5361073233e-02 -5.5625141370e-02 -3.1562222397e-03 4.8944364097e-02 2.2968941020e-01 -1.8573238595e-01 -6.0088081684e-01 2.2337079484e-02
-5.1504899303e-02 -2.1876169204e-02 5.2076310989e-02 -1.6051409698e-01 -4.0737015981e-02 -4.6788121224e-02 2.0970048768e-01 -4.7623033215e-02 -1.6884131317e-01 -3.1273684487e-01 -4.9951966815e-01 -1.9149311816e-01 2.2118965857e-02
3.5938206440e-02 2.4656255134e-02 6.0801867993e-03 2.1267022577e-02 -6.6044146969e-02 -4.9230254879e-02 -1.1985507547e-01 -8.9362671041e-03 8.1093292270e-02 1.4669382781e-02 9.9711171079e-03 -1.6242173866e-02 3.9674509561e-04
-6.9989865298e-02 -4.3962935778e-02 -1.1051766399e-01 4.3099507294e-02 1.0795974247e-01 1.3960727912e-01 -1.2417883395e-02 9.5170677826e-02 -1.6953357026e-04 -2.2277843905e-03 -2.7349516130e-02 -3.9510563437e-02 8.3335565980e-02
1.1867460388e-01 -4.4275115483e-02 -5.7842637907e-02 1.1768005019e-02 -3.0935491058e-02 -8.3653133994e-02 -3.2598026378e-02 -1.1503695332e-01 3.4988017590e-02 -6.3951858089e-02 7.2533175768e-03 2.7146104476e-02 -3.4379181064e-02
-8.3643002292e-02 9.0920567928e-02 -4.9316132808e-02 -7.9678527689e-02 -6.4376337213e-02 -1.7780352935e-01 -2.0350421611e-02 2.1642017765e-02 -1.1154595971e-02 2.4051840845e-01 5.8875173000e-02 2.9722496167e-01 -2.5469892548e-01
1.1258422969e-01 8.2952526212e-02 5.1246323407e-02 -1.0382332115e-01 8.6566196559e-02 1.1248945234e-01 7.1162718466e-02 -6.2763975368e-03 -6.5440539118e-02 1.6753248630e-01 -1.0069299596e-01 2.1022201150e-02 7.6015338350e-02
-5.2504903163e-02 -4.6315358900e-03 1.9772411658e-03 5.7074876262e-03 5.7211253221e-02 1.0200329929e-01 4.2079373812e-02 1.2943170922e-01 2.0327674746e-02 1.5711868451e-02 -3.0159568033e-02 -6.5229045836e-03 -6.3671977507e-02
8.9765561730e-02 3.5235258556e-03 1.6610773877e-02 -2.3110680385e-02 1.6670800277e-01 1.3554269040e-01 -4.4767984522e-03 -1.8764802087e-02 8.4381278230e-03 2.2336940084e-02 2.0755110742e-02 -2.8632392558e-02 8.1842118531e-02
-1.8424501214e-01 5.5183511706e-02 -8.7227501850e-02 3.7444497072e-02 -3.0522212094e-02 4.4114988764e-02 5.6261505038e-03 1.4154039040e-01 6.0924844192e-02 9.9335219721e-03 5.6363580570e-02 4.2970408783e-03 2.4128453791e-02
1.7343833639e-02 5.5831314685e-02 9.4056350757e-02 -6.3004878830e-02 -7.8487451010e-03 4.8356298685e-03 6.4247118108e-02 1.8714352213e-02 -3.7268478588e-02 8.5228478047e-03 4.7296710850e-02 -6.3820927006e-02 -1.5445996284e-02
9.2996529447e-03 5.1109573574e-03 -3.8989895445e-02 1.1247663401e-01 5.7981072183e-02 3.6675249348e-02 -4.3379545880e-03 -1.0383298013e-01 1.2046232942e-04 1.4456971167e-02 -1.0375616673e-01 -3.0668239685e-03 7.8978208583e-02
-1.1339227490e-01 -6.7120425945e-02 -1.5189993797e-01 1.5824466004e-02 -1.4367855225e-01 -8.3744591408e-02 -2.0305724468e-01 2.1934707469e-02 1.7323598224e-01 -7.8124829742e-02 1.1265948737e-01 6.6258032777e-02 -1.6473708963e-03
1.7147568822e-01 6.1229437488e-03 1.0857781438e-01 1.4442487543e-02 7.3774797296e-02 -4.3227104729e-02 8.5314462594e-03 -8.9050422692e-02 -5.4170305955e-02 2.3071094109e-02 -1.8144365497e-02 -3.0147708098e-02 -1.6194614330e-02
2.3113128346e-01 -1.5057722056e-01 1.8712208215e-01 -7.1357449437e-02 3.0172437782e-02 -1.9909224817e-02 1.8357983397e-02 -7.8584861986e-03 6.1197029016e-03 -1.3743341804e-03 -2.3521007859e-02 5.6515800234e-03 3.0433214954e-02
-1.2502589344e-02 -1.1443413396e-01 -3.0356930448e-02 1.0647140477e-01 -6.5529450944e-02 2.0537935287e-02 -6.4119105613e-02 -1.1056094637e-01 6.1303796135e-02 -1.6011759378e-01 5.8205720729e-02 1.2831719518e-01 6.3497102986e-02
5.7499638349e-02 4.5269134096e-02 3.8017064907e-02 1.2500006748e-01 3.7994398022e-02 -1.4177512968e-01 -2.6066823936e-02 -6.9736939334e-02 -1.1495316540e-01 -8.2005975379e-02 8.1290370973e-02 -1.1876448449e-01 -1.8102466662e-01
-5.6924096399e-02 8.5892930815e-02 5.9145908520e-02 6.2120149812e-02 2.3363396789e-02 1.2949676094e-01 2.3901942276e-03 1.7166813003e-01 2.8956191798e-02 7.4107889499e-02 2.3828628015e-02 -2.9115315870e-02 -6.6942918631e-03
-9.4124290480e-02 5.5317045938e-03 -1.4190541887e-02 -5.1327060409e-02 -1.0186187769e-01 -2.1451651311e-02 1.0043364930e-01 1.5487290087e-02 -6.6585636335e-02 1.0920096517e-03 -1.4706926745e-01 5.8825609172e-02 4.1839068868e-02
-9.1129091658e-04 2.3576606469e-02 1.0697814893e-02 -6.8816212078e-02 3.8266932496e-02 1.6942075447e-01 2.8549786111e-02 8.0172619235e-02 -1.0716669574e-02 -1.4597920428e-01 4.2375183543e-02 -5.3753747625e-03 1.8200101103e-01
-1.8938673002e-01 -7.9942323308e-02 -2.5978502162e-01 9.1174007327e-02 1.3468429539e-01 1.3829090846e-01 -8.2636964371e-02 1.8110081657e-01 2.3227932711e-01 6.0012925692e-02 1.4410422299e-01 6.3304519703e-02 -7.2909475611e-02
2.9038593871e-02 5.8382104532e-02 2.9856142286e-02 7.3202192233e-02 2.3007499591e-01 -5.4343685160e-02 5.9170738662e-02 5.2267743224e-02 -2.3615446303e-02 2.4795590598e-01 9.6815520368e-02 -1.0679608770e-02 -1.0988963877e-01
1.6860442559e-02 -1.7317287218e-02 9.2382227256e-02 3.5043096038e-02 3.9829261622e-02 7.4925283867e-02 -1.3829259629e-02 -2.7885613442e-03 -3.9140757689e-02 -7.2958840622e-02 -5.8158988873e-02 -2.8853508839e-02 2.5991383005e-02
1.1632833771e-01 5.0436450235e-02 5.0979296099e-03 3.5839852379e-02 6.1669364600e-02 1.2875513286e-01 2.9863260003e-02 8.1915419318e-02 6.5082319500e-02 1.2349816336e-01 7.5128582561e-02 1.6840884135e-01 2.8891769249e-02
5.2766836344e-03 -1.6544245939e-02 1.8487716644e-03 -5.6285672763e-02 1.3667148722e-02 1.5589330850e-02 5.4893524088e-02 -7.5567495839e-03 7.3875144859e-04 -1.3689438896e-01 -1.4236912521e-01 -1.6447767053e-01 -2.8000741881e-02
3.9901534745e-02 -4.4919973953e-03 -1.9587031352e-02 6.2741033835e-02 1.1921104690e-01 5.3156579115e-02 -6.1391354000e-03 2.3795785551e-02 3.3517716119e-02 -5.0422980492e-02 -1.2441447484e-02 -3.1864647894e-02 1.7595566182e-02
3.9744438899e-02 3.2387227528e-02 -3.9130871565e-02 4.4524227628e-02 6.1978013497e-03 1.3025876851e-03 -3.3842479471e-02 -1.7017559796e-02 9.1167214248e-02 -6.6638057132e-02 4.9626759592e-02 1.3026199866e-01 -8.1117280493e-03
1.6738525632e-01 -1.5199230638e-01 -5.7755132831e-03 -1.4783289599e-01 2.6091525314e-02 -9.6997266183e-02 -3.1453412790e-02 -6.6465215736e-02 1.2294051464e-02 3.4698023238e-02 5.6790674405e-03 -2.7477992252e-02 6.5145653443e-02
7.2013135886e-02 -7.5398720790e-02 -7.1246581060e-02 3.0981740081e-02 2.7001349970e-02 1.1568553213e-01 -2.4119807846e-02 -4.5381674536e-02 1.0100188027e-01 2.3225444186e-02 -3.5596702340e-02 1.2985169606e-01 1.9314400963e-01
6.6880831298e-02 -1.3078577430e-02 3.9986071990e-02 -4.5196643934e-02 5.0329250211e-02 -4.5634055840e-03 4.2679483455e-02 -4.2820832398e-02 -1.4147361360e-02 2.6832730670e-02 5.3902010295e-02 -6.7065442035e-02 9.1775931423e-03
-1.0952778361e-01 -1.5382472207e-02 3.5236506468e-03 1.5225753121e-01 7.5307314389e-02 2.5956099452e-02 -6.8133090052e-02 7.6838114080e-02 6.3216519428e-02 1.0901492298e-01 8.2174132189e-02 1.5282072482e-01 1.5416769468e-02
1.1184863554e-01 5.6816117523e-02 1.1161881847e-01 -9.0846903879e-03 4.2718542487e-02 -3.9243496627e-02 2.7586501496e-02 -3.8295669824e-02 -8.3615824039e-02 -2.5556087043e-03 5.3479560995e-02 5.0133299078e-02 -8.7399160895e-03
-1.4660564879e-01 -1.6058070694e-02 -1.6182825131e-02 1.4069134980e-01 -2.2199216229e-01 2.4361264842e-02 2.1470837350e-04 -2.9743026810e-02 -1.1278932478e-02 -1.1016731684e-01 -2.0090406934e-02 7.4762126065e-02 1.9225391123e-01
7.9209070038e-02 4.3307163137e-02 -5.5045510346e-03 2.1059573843e-03 5.7583019845e-02 1.4613924878e-02 2.4579361292e-02 9.9233468123e-03 2.9412138234e-02 3.9694415912e-02 -1.0879729618e-02 2.7949024705e-02 -4.2211902991e-02
-4.5633922862e-03 -3.5957561031e-02 2.5011955661e-02 -8.3987896998e-03 -6.7547117093e-02 -3.0855362018e-03 -4.4255060042e-02 -5.1763005666e-02 -3.3470138420e-02 4.3623135245e-02 8.0382137465e-02 -5.9519405931e-02 -5.7698074631e-02
1.9110944981e-01 3.5825074358e-02 2.2365237828e-01 8.2838797140e-02 1.4135947502e-01 1.2532072625e-01 -4.0386194341e-02 -8.4901563168e-02 -3.7610890832e-03 -2.8035966052e-01 -1.2238339990e-01 3.0733776588e-01 1.9218441558e-02
-1.0304104360e-02 -6.1103134598e-02 -1.8121358706e-02 3.8956255945e-02 2.3927130011e-02 1.1710968724e-02 6.0874497284e-02 -7.9016901355e-02 -1.1749836670e-01 1.2101435461e-03 -1.4776241807e-01 2.6118470745e-02 -1.8270333217e-02
1.2138503494e-01 5.6851541303e-02 8.1466454333e-02 -1.4722411542e-02 -2.3895166455e-02 -7.4328795414e-02 -1.0735765496e-01 -2.0184205549e-02 1.3564485374e-01 5.1656506588e-02 -1.1375394172e-01 -2.4776349197e-03 -1.4018047110e-01
1.9426725203e-01 -2.4505028212e-03 -1.4829829587e-02 -6.5545882686e-02 1.1347163516e-01 -8.8750859095e-02 -1.0144137408e-01 -4.8489360675e-02 5.6433017573e-02 -1.6667350408e-03 1.2002408007e-01 2.9037136869e-02 -7.5122210486e-02
-1.8220897844e-01 -7.1887134166e-02 -1.9820217796e-01 4.1286677899e-02 -5.8609851302e-02 -3.2249725204e-02 -9.4848880876e-02 2.3144925468e-03 1.3458799032e-01 -1.0242463461e-01 5.0311988785e-03 1.5848492856e-02 -6.6170159553e-02
-2.9566703612e-04 5.3281583605e-03 -1.6256966476e-02 8.3523776850e-02 -4.6348862636e-02 -8.5136295683e-02 -1.3020992843e-02 -2.6460018563e-02 1.3949658689e-02 1.2956028573e-01 -2.4816674396e-02 6.5017367699e-02 -2.8721496873e-02
-5.1656838266e-02 -6.8810188555e-02 -4.6922081957e-02 1.3948439619e-01 -9.2240933896e-02 -6.9348382950e-02 -2.0194286141e-01 -3.7579942152e-02 1.4539727828e-01 1.1030898097e-01 1.5412181164e-01 2.8489980341e-01 -4.8000106137e-02
6.6194180383e-02 5.7334529678e-05 1.4145019116e-01 9.3127832234e-03 1.8757308695e-02 -1.2678612881e-02 1.5542283027e-02 -7.4130405553e-02 -8.6460990805e-02 -1.1328772245e-01 -3.3945539282e-02 -5.8391633729e-02 3.9848029350e-02
-1.8556155522e-02 8.1728452207e-02 5.9198949537e-02 -1.1320737589e-01 3.8351203877e-02 -1.1259669056e-01 7.2477002889e-02 5.1619219423e-02 -4.6280431433e-02 -5.3587547657e-02 7.5648782642e-02 3.5040523465e-02 -6.7120447143e-02
-1.3494682722e-01 -2.2875451830e-02 -7.4120001112e-03 2.7940494500e-02 3.0446337622e-03 -2.3518841835e-02 2.3162119586e-03 5.5898949864e-02 -6.0392871702e-03 1.8052869947e-02 1.4731055605e-02 -9.1072908196e-02 4.4279417885e-02
-7.6524881680e-03 -1.6190828413e-01 -8.2180956960e-02 -6.0970699568e-02 -1.0312654837e-01 -2.8704293119e-02 -1.2072631804e-01 -1.1922929036e-01 1.3047371905e-01 -3.3781387336e-02 -4.9791459267e-02 -1.4574943051e-02 5.6497671222e-02
8.1238364321e-02 -3.6279420063e-03 8.5961843472e-03 3.5742867379e-02 1.5100672583e-01 1.6180292670e-02 7.6789512250e-02 -1.1014170722e-02 -9.7518855295e-02 4.2944728151e-02 -7.4946881363e-02 2.9032073358e-02 -1.0809745421e-01
-1.4088249901e-01 -4.8361916948e-02 -1.2244759844e-01 1.4284412711e-01 -4.5682106444e-02 -1.1781631357e-02 -1.4802327259e-01 5.9995828514e-02 1.7939894401e-01 -4.0041618913e-02 4.7576203519e-02 -1.0280267515e-01 -9.3140686987e-02
7.7051602966e-02 -1.7941222621e-01 -8.6055083179e-02 -2.6060594377e-01 -7.1968345405e-02 -2.3198581671e-01 -3.0506574362e-02 -1.2051106026e-01 2.4671658071e-02 1.7395682278e-02 -1.3271493437e-02 5.4624178971e-03 -2.3203331461e-02
-1.2492487091e-01 -2.4307026243e-02 1.9363636267e-03 3.7202018618e-02 -8.1234633827e-02 9.2193566492e-02 -4.0660031915e-02 1.0891753019e-01 -5.1506441427e-02 1.7825970053e-02 4.1627584978e-03 1.7077688148e-04 -3.4260188561e-02
8.8892782181e-02 6.5996751052e-02 1.5765333934e-02 1.0396926044e-02 8.7711456013e-02 3.8247405421e-02 -1.8099298501e-02 -6.3031040037e-03 -7.5820223025e-03 -3.0473454011e-02 -3.5416516526e-02 1.6652135393e-01 -3.9238385267e-02
9.7550203238e-02 -7.8175573773e-02 -3.8095205651e-02 -1.8942006321e-01 -1.0028953141e-03 3.7082435744e-02 1.7376075596e-02 -2.2849751696e-02 -9.9619073398e-03 9.3883571876e-03 4.4544126903e-02 1.7323021266e-02 7.3019310482e-03
-1.9160401019e-01 -4.0684089827e-02 -8.5230420795e-02 8.5080046042e-02 -1.5772136141e-01 -2.7474322080e-01 -1.9630985061e-02 2.2930886013e-03 -5.2325841644e-03 -4.9765052375e-02 -2.1848872257e-01 6.1486999156e-02 -2.1618704657e-01
3.1319706626e-02 -6.6664818508e-02 -3.3269965024e-02 -1.6503675485e-02 -7.6123155507e-02 7.2134106976e-02 3.6099788375e-02 -1.6420884501e-01 -5.7637126637e-03 4.9295001967e-01 -5.3575381029e-02 -1.2489970881e-01 1.6806345829e-01
-7.8827071237e-02 2.0397610914e-02 3.1902034576e-02 -2.5474242986e-02 -1.5617586360e-01 -1.4865020285e-01 -2.0460144086e-03 -2.9551062355e-02 -8.2472781788e-02 -1.7970379833e-01 3.3756916171e-02 -6.3850999380e-02 -3.6470568288e-03
