1.73681228e-09 6.98302593e-10 1.75756367e-09 6.04801257e-11 1.38766511e-09 7.37060484e-10 4.53235572e-10 -2.11414854e-10 -6.49503248e-10 6.43379496e-11 5.77640454e-10 7.38050814e-11 -5.34081712e-11
6.98302593e-10 8.27294937e-10 1.04264151e-09 2.40387605e-10 9.59939266e-10 6.88817662e-10 3.18980614e-10 1.82077391e-10 -4.26922244e-10 -9.13953221e-11 -6.63955990e-10 1.78948633e-12 -3.10771015e-12
1.75756367e-09 1.04264151e-09 1.99507701e-09 1.94837008e-10 1.66145904e-09 9.94622586e-10 5.49022548e-10 -4.05075283e-11 -7.64396692e-10 -2.62076033e-11 -3.57890845e-11 5.46214001e-11 -3.98847338e-11
6.04801257e-11 2.40387605e-10 1.94837008e-10 9.27130861e-11 2.08625269e-10 1.84642956e-10 6.90934894e-11 9.85860926e-11 -8.75693432e-11 -2.52251862e-11 -1.10737789e-10 5.50061777e-12 1.72040704e-11
1.38766511e-09 9.59939266e-10 1.66145904e-09 2.08625269e-10 1.42941470e-09 8.89682897e-10 4.74989362e-10 4.19100568e-11 -6.48825757e-10 -3.77532139e-11 2.93239707e-11 2.89632700e-11 -2.03046913e-11
7.37060484e-10 6.88817662e-10 9.94622586e-10 1.84642956e-10 8.89682897e-10 6.11910101e-10 2.96577884e-10 1.11342752e-10 -3.99048372e-10 -5.75557840e-11 -2.37389102e-10 2.35865240e-11 1.42323433e-11
4.53235572e-10 3.18980614e-10 5.49022548e-10 6.90934894e-11 4.74989362e-10 2.96577884e-10 1.60692002e-10 1.92782849e-11 -2.16723804e-10 -3.43517449e-11 -3.88307881e-10 4.49028484e-12 -1.10516942e-11
-2.11414854e-10 1.82077391e-10 -4.05075283e-11 9.85860926e-11 4.19100568e-11 1.11342752e-10 1.92782849e-11 1.70384661e-10 -7.24892600e-12 -5.92591118e-11 -3.14667493e-11 -2.60790717e-11 2.20583780e-11
-6.49503248e-10 -4.26922244e-10 -7.64396692e-10 -8.75693432e-11 -6.48825757e-10 -3.99048372e-10 -2.16723804e-10 -7.24892600e-12 2.98306597e-10 3.40067400e-11 3.54048209e-10 -9.52172238e-12 2.18372163e-11
6.43379496e-11 -9.13953221e-11 -2.62076033e-11 -2.52251862e-11 -3.77532139e-11 -5.75557840e-11 -3.43517449e-11 -5.92591118e-11 3.40067400e-11 6.97752747e-09 6.89117891e-09 7.24083694e-10 1.74840779e-10
5.77640454e-10 -6.63955990e-10 -3.57890845e-11 -1.10737789e-10 2.93239707e-11 -2.37389102e-10 -3.88307881e-10 -3.14667493e-11 3.54048209e-10 6.89117891e-09 3.76358640e-07 7.96838958e-09 -9.10807002e-10
7.38050814e-11 1.78948633e-12 5.46214001e-11 5.50061777e-12 2.89632700e-11 2.35865240e-11 4.49028484e-12 -2.60790717e-11 -9.52172238e-12 7.24083694e-10 7.96838958e-09 1.52417614e-09 -3.39204522e-11
-5.34081712e-11 -3.10771015e-12 -3.98847338e-11 1.72040704e-11 -2.03046913e-11 1.42323433e-11 -1.10516942e-11 2.20583780e-11 2.18372163e-11 1.74840779e-10 -9.10807002e-10 -3.39204522e-11 6.20526838e-10
