9.36384867e-03
7.70135064e-03
6.97261578e-03
6.10882141e-03
5.43853070e-03
4.59902635e-03
4.12804921e-03
3.82143217e-03
3.31614185e-03
3.16359245e-03
3.10644057e-03
3.31227909e-03
3.46027771e-03
3.74552611e-03
4.00371700e-03
4.12866598e-03
3.98849764e-03
4.29942314e-03
3.90976537e-03
3.90912971e-03
3.50623810e-03
2.94821132e-03
2.49940460e-03
2.06614887e-03
1.46543933e-03
9.53633047e-04
6.21452758e-04
1.07288789e-04
-1.65802083e-04
-1.49911481e-04
-1.79827343e-02
-1.64056726e-02
-1.54531839e-02
-1.39658867e-02
-1.35186506e-02
-1.25394030e-02
-1.13992990e-02
-9.85179090e-03
-9.85537207e-03
-9.77904244e-03
-9.30297348e-03
-8.98961960e-03
-8.98654397e-03
-8.25680333e-03
-8.32439855e-03
-7.83725967e-03
-7.45326142e-03
-7.30263527e-03
-6.63082458e-03
-6.50137752e-03
-5.89466528e-03
-5.45315711e-03
-5.23218952e-03
-5.37266300e-03
-5.20598836e-03
-4.69199458e-03
-4.13780113e-03
-4.11865043e-03
-3.99213747e-03
-3.91442112e-03
-5.30908092e-04
4.02761328e-04
-6.18961719e-04
-1.49636872e-03
-1.72608405e-03
-9.81858528e-04
-1.21224149e-03
-5.53496112e-04
-1.13839275e-03
-6.10785581e-04
-5.42339289e-04
-6.87065877e-04
-3.16229972e-04
2.42774742e-05
5.35007651e-04
9.37639491e-04
1.30073039e-03
5.28512382e-04
8.31806422e-04
4.92272225e-04
1.98939906e-05
1.34331398e-05
3.23648369e-04
-9.18544810e-04
-1.19306975e-03
-1.18755977e-03
-7.57588684e-04
-8.83823393e-04
-8.38730453e-04
-1.67989518e-04
