# r (Mpc/h_fid) | xi_lin(r) [extrapolated to z=0]
3.000000e+01	3.506844e-02
3.012012e+01	3.470779e-02
3.024024e+01	3.435160e-02
3.036036e+01	3.399983e-02
3.048048e+01	3.365241e-02
3.060060e+01	3.330927e-02
3.072072e+01	3.297033e-02
3.084084e+01	3.263554e-02
3.096096e+01	3.230485e-02
3.108108e+01	3.197820e-02
3.120120e+01	3.165549e-02
3.132132e+01	3.133667e-02
3.144144e+01	3.102171e-02
3.156156e+01	3.071055e-02
3.168168e+01	3.040315e-02
3.180180e+01	3.009942e-02
3.192192e+01	2.979930e-02
3.204204e+01	2.950277e-02
3.216216e+01	2.920977e-02
3.228228e+01	2.892025e-02
3.240240e+01	2.863413e-02
3.252252e+01	2.835137e-02
3.264264e+01	2.807195e-02
3.276276e+01	2.779583e-02
3.288288e+01	2.752295e-02
3.300300e+01	2.725325e-02
3.312312e+01	2.698667e-02
3.324324e+01	2.672319e-02
3.336336e+01	2.646277e-02
3.348348e+01	2.620536e-02
3.360360e+01	2.595091e-02
3.372372e+01	2.569938e-02
3.384384e+01	2.545075e-02
3.396396e+01	2.520499e-02
3.408408e+01	2.496205e-02
3.420420e+01	2.472186e-02
3.432432e+01	2.448438e-02
3.444444e+01	2.424959e-02
3.456456e+01	2.401747e-02
3.468468e+01	2.378798e-02
3.480480e+01	2.356109e-02
3.492492e+01	2.333674e-02
3.504505e+01	2.311490e-02
3.516517e+01	2.289557e-02
3.528529e+01	2.267869e-02
3.540541e+01	2.246422e-02
3.552553e+01	2.225212e-02
3.564565e+01	2.204235e-02
3.576577e+01	2.183493e-02
3.588589e+01	2.162982e-02
3.600601e+01	2.142699e-02
3.612613e+01	2.122639e-02
3.624625e+01	2.102797e-02
3.636637e+01	2.083172e-02
3.648649e+01	2.063762e-02
3.660661e+01	2.044564e-02
3.672673e+01	2.025575e-02
3.684685e+01	2.006793e-02
3.696697e+01	1.988213e-02
3.708709e+01	1.969837e-02
3.720721e+01	1.951660e-02
3.732733e+01	1.933679e-02
3.744745e+01	1.915891e-02
3.756757e+01	1.898291e-02
3.768769e+01	1.880878e-02
3.780781e+01	1.863652e-02
3.792793e+01	1.846611e-02
3.804805e+01	1.829754e-02
3.816817e+01	1.813076e-02
3.828829e+01	1.796574e-02
3.840841e+01	1.780244e-02
3.852853e+01	1.764086e-02
3.864865e+01	1.748098e-02
3.876877e+01	1.732278e-02
3.888889e+01	1.716624e-02
3.900901e+01	1.701133e-02
3.912913e+01	1.685805e-02
3.924925e+01	1.670637e-02
3.936937e+01	1.655628e-02
3.948949e+01	1.640774e-02
3.960961e+01	1.626071e-02
3.972973e+01	1.611518e-02
3.984985e+01	1.597114e-02
3.996997e+01	1.582859e-02
4.009009e+01	1.568753e-02
4.021021e+01	1.554793e-02
4.033033e+01	1.540976e-02
4.045045e+01	1.527298e-02
4.057057e+01	1.513756e-02
4.069069e+01	1.500351e-02
4.081081e+01	1.487082e-02
4.093093e+01	1.473947e-02
4.105105e+01	1.460946e-02
4.117117e+01	1.448077e-02
4.129129e+01	1.435337e-02
4.141141e+01	1.422725e-02
4.153153e+01	1.410240e-02
4.165165e+01	1.397878e-02
4.177177e+01	1.385638e-02
4.189189e+01	1.373519e-02
4.201201e+01	1.361519e-02
4.213213e+01	1.349640e-02
4.225225e+01	1.337881e-02
4.237237e+01	1.326240e-02
4.249249e+01	1.314714e-02
4.261261e+01	1.303301e-02
4.273273e+01	1.291996e-02
4.285285e+01	1.280800e-02
4.297297e+01	1.269714e-02
4.309309e+01	1.258739e-02
4.321321e+01	1.247873e-02
4.333333e+01	1.237116e-02
4.345345e+01	1.226464e-02
4.357357e+01	1.215914e-02
4.369369e+01	1.205464e-02
4.381381e+01	1.195114e-02
4.393393e+01	1.184864e-02
4.405405e+01	1.174713e-02
4.417417e+01	1.164662e-02
4.429429e+01	1.154710e-02
4.441441e+01	1.144855e-02
4.453453e+01	1.135095e-02
4.465465e+01	1.125428e-02
4.477477e+01	1.115852e-02
4.489489e+01	1.106366e-02
4.501502e+01	1.096970e-02
4.513514e+01	1.087663e-02
4.525526e+01	1.078446e-02
4.537538e+01	1.069319e-02
4.549550e+01	1.060282e-02
4.561562e+01	1.051332e-02
4.573574e+01	1.042465e-02
4.585586e+01	1.033678e-02
4.597598e+01	1.024971e-02
4.609610e+01	1.016345e-02
4.621622e+01	1.007801e-02
4.633634e+01	9.993413e-03
4.645646e+01	9.909646e-03
4.657658e+01	9.826687e-03
4.669670e+01	9.744495e-03
4.681682e+01	9.663035e-03
4.693694e+01	9.582285e-03
4.705706e+01	9.502258e-03
4.717718e+01	9.422978e-03
4.729730e+01	9.344462e-03
4.741742e+01	9.266718e-03
4.753754e+01	9.189730e-03
4.765766e+01	9.113460e-03
4.777778e+01	9.037864e-03
4.789790e+01	8.962917e-03
4.801802e+01	8.888614e-03
4.813814e+01	8.814966e-03
4.825826e+01	8.742000e-03
4.837838e+01	8.669743e-03
4.849850e+01	8.598196e-03
4.861862e+01	8.527337e-03
4.873874e+01	8.457122e-03
4.885886e+01	8.387512e-03
4.897898e+01	8.318471e-03
4.909910e+01	8.249989e-03
4.921922e+01	8.182094e-03
4.933934e+01	8.114829e-03
4.945946e+01	8.048231e-03
4.957958e+01	7.982312e-03
4.969970e+01	7.917048e-03
4.981982e+01	7.852379e-03
4.993994e+01	7.788224e-03
5.006006e+01	7.724520e-03
5.018018e+01	7.661262e-03
5.030030e+01	7.598496e-03
5.042042e+01	7.536315e-03
5.054054e+01	7.474825e-03
5.066066e+01	7.414099e-03
5.078078e+01	7.354135e-03
5.090090e+01	7.294841e-03
5.102102e+01	7.236070e-03
5.114114e+01	7.177675e-03
5.126126e+01	7.119566e-03
5.138138e+01	7.061785e-03
5.150150e+01	7.004549e-03
5.162162e+01	6.948181e-03
5.174174e+01	6.892758e-03
5.186186e+01	6.837380e-03
5.198198e+01	6.780123e-03
5.210210e+01	6.721333e-03
5.222222e+01	6.667325e-03
5.234234e+01	6.619098e-03
5.246246e+01	6.562765e-03
5.258258e+01	6.507576e-03
5.270270e+01	6.460705e-03
5.282282e+01	6.401849e-03
5.294294e+01	6.357119e-03
5.306306e+01	6.299341e-03
5.318318e+01	6.254039e-03
5.330330e+01	6.202432e-03
5.342342e+01	6.148878e-03
5.354354e+01	6.104752e-03
5.366366e+01	6.056885e-03
5.378378e+01	6.004397e-03
5.390390e+01	5.953850e-03
5.402402e+01	5.906551e-03
5.414414e+01	5.860642e-03
5.426426e+01	5.814763e-03
5.438438e+01	5.768486e-03
5.450450e+01	5.721757e-03
5.462462e+01	5.674801e-03
5.474474e+01	5.628627e-03
5.486486e+01	5.585137e-03
5.498498e+01	5.544555e-03
5.510511e+01	5.501663e-03
5.522523e+01	5.452866e-03
5.534535e+01	5.409307e-03
5.546547e+01	5.371943e-03
5.558559e+01	5.323272e-03
5.570571e+01	5.284609e-03
5.582583e+01	5.241340e-03
5.594595e+01	5.200111e-03
5.606607e+01	5.157736e-03
5.618619e+01	5.120110e-03
5.630631e+01	5.073733e-03
5.642643e+01	5.039579e-03
5.654655e+01	4.998392e-03
5.666667e+01	4.954150e-03
5.678679e+01	4.917682e-03
5.690691e+01	4.882640e-03
5.702703e+01	4.843849e-03
5.714715e+01	4.803113e-03
5.726727e+01	4.763034e-03
5.738739e+01	4.724321e-03
5.750751e+01	4.686662e-03
5.762763e+01	4.649761e-03
5.774775e+01	4.613707e-03
5.786787e+01	4.578865e-03
5.798799e+01	4.545199e-03
5.810811e+01	4.511116e-03
5.822823e+01	4.473788e-03
5.834835e+01	4.434047e-03
5.846847e+01	4.399490e-03
5.858859e+01	4.370320e-03
5.870871e+01	4.332709e-03
5.882883e+01	4.295736e-03
5.894895e+01	4.268279e-03
5.906907e+01	4.227924e-03
5.918919e+01	4.200317e-03
5.930931e+01	4.162222e-03
5.942943e+01	4.134699e-03
5.954955e+01	4.095911e-03
5.966967e+01	4.070566e-03
5.978979e+01	4.033251e-03
5.990991e+01	4.001696e-03
6.003003e+01	3.975375e-03
6.015015e+01	3.940141e-03
6.027027e+01	3.905840e-03
6.039039e+01	3.878079e-03
6.051051e+01	3.851150e-03
6.063063e+01	3.821312e-03
6.075075e+01	3.789592e-03
6.087087e+01	3.757914e-03
6.099099e+01	3.727136e-03
6.111111e+01	3.697323e-03
6.123123e+01	3.668388e-03
6.135135e+01	3.640385e-03
6.147147e+01	3.613368e-03
6.159159e+01	3.586861e-03
6.171171e+01	3.559310e-03
6.183183e+01	3.528916e-03
6.195195e+01	3.497069e-03
6.207207e+01	3.469701e-03
6.219219e+01	3.447636e-03
6.231231e+01	3.419711e-03
6.243243e+01	3.387253e-03
6.255255e+01	3.365982e-03
6.267267e+01	3.338628e-03
6.279279e+01	3.308655e-03
6.291291e+01	3.288758e-03
6.303303e+01	3.255713e-03
6.315315e+01	3.237308e-03
6.327327e+01	3.204560e-03
6.339339e+01	3.185751e-03
6.351351e+01	3.156193e-03
6.363363e+01	3.131557e-03
6.375375e+01	3.111449e-03
6.387387e+01	3.080646e-03
6.399399e+01	3.057548e-03
6.411411e+01	3.038413e-03
6.423423e+01	3.012055e-03
6.435435e+01	2.983826e-03
6.447447e+01	2.960201e-03
6.459459e+01	2.939832e-03
6.471471e+01	2.919216e-03
6.483483e+01	2.897079e-03
6.495495e+01	2.873950e-03
6.507508e+01	2.850680e-03
6.519520e+01	2.827796e-03
6.531532e+01	2.805473e-03
6.543544e+01	2.783605e-03
6.555556e+01	2.761762e-03
6.567568e+01	2.739151e-03
6.579580e+01	2.715053e-03
6.591592e+01	2.690111e-03
6.603604e+01	2.667323e-03
6.615616e+01	2.649304e-03
6.627628e+01	2.632092e-03
6.639640e+01	2.608063e-03
6.651652e+01	2.582615e-03
6.663664e+01	2.566968e-03
6.675676e+01	2.547310e-03
6.687688e+01	2.520678e-03
6.699700e+01	2.507062e-03
6.711712e+01	2.482623e-03
6.723724e+01	2.463700e-03
6.735736e+01	2.444842e-03
6.747748e+01	2.422939e-03
6.759760e+01	2.405161e-03
6.771772e+01	2.385137e-03
6.783784e+01	2.363620e-03
6.795796e+01	2.349561e-03
6.807808e+01	2.323341e-03
6.819820e+01	2.309447e-03
6.831832e+01	2.291507e-03
6.843844e+01	2.266707e-03
6.855856e+01	2.251099e-03
6.867868e+01	2.236955e-03
6.879880e+01	2.215685e-03
6.891892e+01	2.193144e-03
6.903904e+01	2.175117e-03
6.915916e+01	2.160264e-03
6.927928e+01	2.145141e-03
6.939940e+01	2.128320e-03
6.951952e+01	2.110250e-03
6.963964e+01	2.091843e-03
6.975976e+01	2.073725e-03
6.987988e+01	2.056169e-03
7.000000e+01	2.039229e-03
7.012012e+01	2.022805e-03
7.024024e+01	2.006559e-03
7.036036e+01	1.989790e-03
7.048048e+01	1.971610e-03
7.060060e+01	1.951827e-03
7.072072e+01	1.932268e-03
7.084084e+01	1.916340e-03
7.096096e+01	1.904488e-03
7.108108e+01	1.890356e-03
7.120120e+01	1.869324e-03
7.132132e+01	1.850780e-03
7.144144e+01	1.840937e-03
7.156156e+01	1.823952e-03
7.168168e+01	1.802767e-03
7.180180e+01	1.794007e-03
7.192192e+01	1.774468e-03
7.204204e+01	1.758463e-03
7.216216e+01	1.747079e-03
7.228228e+01	1.725688e-03
7.240240e+01	1.717455e-03
7.252252e+01	1.695115e-03
7.264264e+01	1.687004e-03
7.276276e+01	1.666151e-03
7.288288e+01	1.654983e-03
7.300300e+01	1.640213e-03
7.312312e+01	1.621119e-03
7.324324e+01	1.613660e-03
7.336336e+01	1.594080e-03
7.348348e+01	1.578104e-03
7.360360e+01	1.570134e-03
7.372372e+01	1.553567e-03
7.384384e+01	1.534401e-03
7.396396e+01	1.522814e-03
7.408408e+01	1.513547e-03
7.420420e+01	1.499555e-03
7.432432e+01	1.482003e-03
7.444444e+01	1.465297e-03
7.456456e+01	1.451358e-03
7.468468e+01	1.439396e-03
7.480480e+01	1.427964e-03
7.492492e+01	1.416193e-03
7.504505e+01	1.403873e-03
7.516517e+01	1.391110e-03
7.528529e+01	1.378035e-03
7.540541e+01	1.364662e-03
7.552553e+01	1.350883e-03
7.564565e+01	1.336564e-03
7.576577e+01	1.321790e-03
7.588589e+01	1.307212e-03
7.600601e+01	1.294147e-03
7.612613e+01	1.283764e-03
7.624625e+01	1.275209e-03
7.636637e+01	1.264672e-03
7.648649e+01	1.249055e-03
7.660661e+01	1.232357e-03
7.672673e+01	1.222462e-03
7.684685e+01	1.215837e-03
7.696697e+01	1.200557e-03
7.708709e+01	1.184182e-03
7.720721e+01	1.178808e-03
7.732733e+01	1.166093e-03
7.744745e+01	1.149217e-03
7.756757e+01	1.145260e-03
7.768769e+01	1.128064e-03
7.780781e+01	1.118833e-03
7.792793e+01	1.108997e-03
7.804805e+01	1.093950e-03
7.816817e+01	1.088182e-03
7.828829e+01	1.071411e-03
7.840841e+01	1.066120e-03
7.852853e+01	1.050785e-03
7.864865e+01	1.042611e-03
7.876877e+01	1.032677e-03
7.888889e+01	1.017764e-03
7.900901e+01	1.014678e-03
7.912913e+01	9.974990e-04
7.924925e+01	9.893850e-04
7.936937e+01	9.839557e-04
7.948949e+01	9.673285e-04
7.960961e+01	9.581758e-04
7.972973e+01	9.544134e-04
7.984985e+01	9.421978e-04
7.996997e+01	9.275836e-04
8.009009e+01	9.199103e-04
8.021021e+01	9.155634e-04
8.033033e+01	9.075559e-04
8.045045e+01	8.953942e-04
8.057057e+01	8.828992e-04
8.069069e+01	8.728070e-04
8.081081e+01	8.651807e-04
8.093093e+01	8.587560e-04
8.105105e+01	8.523949e-04
8.117117e+01	8.455911e-04
8.129129e+01	8.383221e-04
8.141141e+01	8.307543e-04
8.153153e+01	8.230394e-04
8.165165e+01	8.152247e-04
8.177177e+01	8.072347e-04
8.189189e+01	7.989076e-04
8.201201e+01	7.901166e-04
8.213213e+01	7.810090e-04
8.225225e+01	7.722798e-04
8.237237e+01	7.651779e-04
8.249249e+01	7.607404e-04
8.261261e+01	7.582549e-04
8.273273e+01	7.544796e-04
8.285285e+01	7.462110e-04
8.297297e+01	7.354923e-04
8.309309e+01	7.295073e-04
8.321321e+01	7.296926e-04
8.333333e+01	7.259067e-04
8.345345e+01	7.146412e-04
8.357357e+01	7.100092e-04
8.369369e+01	7.119879e-04
8.381381e+01	7.029477e-04
8.393393e+01	6.961906e-04
8.405405e+01	6.996347e-04
8.417417e+01	6.895700e-04
8.429429e+01	6.876703e-04
8.441441e+01	6.879701e-04
8.453453e+01	6.780228e-04
8.465465e+01	6.835106e-04
8.477477e+01	6.727593e-04
8.489489e+01	6.780768e-04
8.501502e+01	6.689944e-04
8.513514e+01	6.741253e-04
8.525526e+01	6.654071e-04
8.537538e+01	6.720100e-04
8.549550e+01	6.626693e-04
8.561562e+01	6.700497e-04
8.573574e+01	6.634441e-04
8.585586e+01	6.654640e-04
8.597598e+01	6.687279e-04
8.609610e+01	6.618896e-04
8.621622e+01	6.693946e-04
8.633634e+01	6.695035e-04
8.645646e+01	6.648574e-04
8.657658e+01	6.724181e-04
8.669670e+01	6.759961e-04
8.681682e+01	6.716504e-04
8.693694e+01	6.744653e-04
8.705706e+01	6.832026e-04
8.717718e+01	6.864754e-04
8.729730e+01	6.846814e-04
8.741742e+01	6.859911e-04
8.753754e+01	6.929726e-04
8.765766e+01	7.015246e-04
8.777778e+01	7.075834e-04
8.789790e+01	7.107182e-04
8.801802e+01	7.128752e-04
8.813814e+01	7.159633e-04
8.825826e+01	7.207510e-04
8.837838e+01	7.270534e-04
8.849850e+01	7.343163e-04
8.861862e+01	7.420328e-04
8.873874e+01	7.498850e-04
8.885886e+01	7.577197e-04
8.897898e+01	7.654833e-04
8.909910e+01	7.731755e-04
8.921922e+01	7.808460e-04
8.933934e+01	7.886356e-04
8.945946e+01	7.968414e-04
8.957958e+01	8.059433e-04
8.969970e+01	8.164795e-04
8.981982e+01	8.286681e-04
8.993994e+01	8.418542e-04
9.006006e+01	8.542760e-04
9.018018e+01	8.639554e-04
9.030030e+01	8.708771e-04
9.042042e+01	8.784988e-04
9.054054e+01	8.911998e-04
9.066066e+01	9.080632e-04
9.078078e+01	9.216192e-04
9.090090e+01	9.284589e-04
9.102102e+01	9.376312e-04
9.114114e+01	9.557468e-04
9.126126e+01	9.710299e-04
9.138138e+01	9.771250e-04
9.150150e+01	9.909117e-04
9.162162e+01	1.010774e-03
9.174174e+01	1.018066e-03
9.186186e+01	1.031058e-03
9.198198e+01	1.051530e-03
9.210210e+01	1.057565e-03
9.222222e+01	1.075819e-03
9.234234e+01	1.091016e-03
9.246246e+01	1.099685e-03
9.258258e+01	1.122070e-03
9.270270e+01	1.127765e-03
9.282282e+01	1.150439e-03
9.294294e+01	1.157671e-03
9.306306e+01	1.178712e-03
9.318318e+01	1.187234e-03
9.330330e+01	1.208071e-03
9.342342e+01	1.215904e-03
9.354354e+01	1.238308e-03
9.366366e+01	1.244403e-03
9.378378e+01	1.267698e-03
9.390390e+01	1.274995e-03
9.402402e+01	1.293453e-03
9.414414e+01	1.309043e-03
9.426426e+01	1.317312e-03
9.438438e+01	1.339825e-03
9.450450e+01	1.348987e-03
9.462462e+01	1.361084e-03
9.474474e+01	1.382493e-03
9.486486e+01	1.391241e-03
9.498498e+01	1.401860e-03
9.510511e+01	1.422462e-03
9.522523e+01	1.435305e-03
9.534535e+01	1.442040e-03
9.546547e+01	1.456813e-03
9.558559e+01	1.475629e-03
9.570571e+01	1.487461e-03
9.582583e+01	1.494306e-03
9.594595e+01	1.504866e-03
9.606607e+01	1.520774e-03
9.618619e+01	1.536641e-03
9.630631e+01	1.548179e-03
9.642643e+01	1.555988e-03
9.654655e+01	1.563264e-03
9.666667e+01	1.572368e-03
9.678679e+01	1.583597e-03
9.690691e+01	1.595909e-03
9.702703e+01	1.608071e-03
9.714715e+01	1.619323e-03
9.726727e+01	1.629453e-03
9.738739e+01	1.638603e-03
9.750751e+01	1.647034e-03
9.762763e+01	1.654986e-03
9.774775e+01	1.662617e-03
9.786787e+01	1.669995e-03
9.798799e+01	1.677106e-03
9.810811e+01	1.683862e-03
9.822823e+01	1.690103e-03
9.834835e+01	1.695602e-03
9.846847e+01	1.700112e-03
9.858859e+01	1.703484e-03
9.870871e+01	1.705869e-03
9.882883e+01	1.707915e-03
9.894895e+01	1.710745e-03
9.906907e+01	1.715430e-03
9.918919e+01	1.721965e-03
9.930931e+01	1.728435e-03
9.942943e+01	1.731729e-03
9.954955e+01	1.730397e-03
9.966967e+01	1.727420e-03
9.978979e+01	1.728388e-03
9.990991e+01	1.734370e-03
1.000300e+02	1.738329e-03
1.001502e+02	1.734339e-03
1.002703e+02	1.729031e-03
1.003904e+02	1.732064e-03
1.005105e+02	1.736295e-03
1.006306e+02	1.729967e-03
1.007508e+02	1.724050e-03
1.008709e+02	1.728872e-03
1.009910e+02	1.726518e-03
1.011111e+02	1.716476e-03
1.012312e+02	1.719288e-03
1.013514e+02	1.716822e-03
1.014715e+02	1.705345e-03
1.015916e+02	1.708612e-03
1.017117e+02	1.700814e-03
1.018318e+02	1.692621e-03
1.019520e+02	1.694919e-03
1.020721e+02	1.680552e-03
1.021922e+02	1.682301e-03
1.023123e+02	1.671461e-03
1.024324e+02	1.666412e-03
1.025526e+02	1.660675e-03
1.026727e+02	1.649792e-03
1.027928e+02	1.646748e-03
1.029129e+02	1.633043e-03
1.030330e+02	1.630528e-03
1.031532e+02	1.616687e-03
1.032733e+02	1.612920e-03
1.033934e+02	1.601396e-03
1.035135e+02	1.593520e-03
1.036336e+02	1.586202e-03
1.037538e+02	1.570593e-03
1.038739e+02	1.567392e-03
1.039940e+02	1.547660e-03
1.041141e+02	1.545395e-03
1.042342e+02	1.533543e-03
1.043544e+02	1.518405e-03
1.044745e+02	1.513792e-03
1.045946e+02	1.496357e-03
1.047147e+02	1.487194e-03
1.048348e+02	1.479857e-03
1.049550e+02	1.461265e-03
1.050751e+02	1.450936e-03
1.051952e+02	1.443475e-03
1.053153e+02	1.428404e-03
1.054354e+02	1.410230e-03
1.055556e+02	1.405001e-03
1.056757e+02	1.394075e-03
1.057958e+02	1.375148e-03
1.059159e+02	1.359727e-03
1.060360e+02	1.353130e-03
1.061562e+02	1.341632e-03
1.062763e+02	1.326444e-03
1.063964e+02	1.305848e-03
1.065165e+02	1.294485e-03
1.066366e+02	1.285945e-03
1.067568e+02	1.273735e-03
1.068769e+02	1.260619e-03
1.069970e+02	1.243461e-03
1.071171e+02	1.224282e-03
1.072372e+02	1.209467e-03
1.073574e+02	1.198775e-03
1.074775e+02	1.187951e-03
1.075976e+02	1.175345e-03
1.077177e+02	1.161847e-03
1.078378e+02	1.148225e-03
1.079580e+02	1.134395e-03
1.080781e+02	1.120073e-03
1.081982e+02	1.105263e-03
1.083183e+02	1.090207e-03
1.084384e+02	1.075191e-03
1.085586e+02	1.060419e-03
1.086787e+02	1.045995e-03
1.087988e+02	1.031944e-03
1.089189e+02	1.018236e-03
1.090390e+02	1.004774e-03
1.091592e+02	9.913727e-04
1.092793e+02	9.777731e-04
1.093994e+02	9.637490e-04
1.095195e+02	9.492965e-04
1.096396e+02	9.346869e-04
1.097598e+02	9.200548e-04
1.098799e+02	9.047398e-04
1.100000e+02	8.877735e-04
1.101201e+02	8.703022e-04
1.102402e+02	8.563532e-04
1.103604e+02	8.473210e-04
1.104805e+02	8.377231e-04
1.106006e+02	8.239370e-04
1.107207e+02	8.091221e-04
1.108408e+02	7.916758e-04
1.109610e+02	7.736147e-04
1.110811e+02	7.653959e-04
1.112012e+02	7.567922e-04
1.113213e+02	7.422985e-04
1.114414e+02	7.248922e-04
1.115616e+02	7.073041e-04
1.116817e+02	7.024729e-04
1.118018e+02	6.902645e-04
1.119219e+02	6.737948e-04
1.120420e+02	6.555361e-04
1.121622e+02	6.519112e-04
1.122823e+02	6.385738e-04
1.124024e+02	6.189879e-04
1.125225e+02	6.104723e-04
1.126426e+02	6.017404e-04
1.127628e+02	5.840210e-04
1.128829e+02	5.720291e-04
1.130030e+02	5.652239e-04
1.131231e+02	5.470561e-04
1.132432e+02	5.379719e-04
1.133634e+02	5.289824e-04
1.134835e+02	5.086516e-04
1.136036e+02	5.063771e-04
1.137237e+02	4.921729e-04
1.138438e+02	4.767670e-04
1.139640e+02	4.715676e-04
1.140841e+02	4.512993e-04
1.142042e+02	4.501347e-04
1.143243e+02	4.327617e-04
1.144444e+02	4.270247e-04
1.145646e+02	4.140549e-04
1.146847e+02	4.030020e-04
1.148048e+02	3.939666e-04
1.149249e+02	3.802469e-04
1.150450e+02	3.734304e-04
1.151652e+02	3.594141e-04
1.152853e+02	3.528107e-04
1.154054e+02	3.405035e-04
1.155255e+02	3.318705e-04
1.156456e+02	3.231199e-04
1.157658e+02	3.097686e-04
1.158859e+02	3.054687e-04
1.160060e+02	2.866631e-04
1.161261e+02	2.859666e-04
1.162462e+02	2.683574e-04
1.163664e+02	2.659821e-04
1.164865e+02	2.572310e-04
1.166066e+02	2.419134e-04
1.167267e+02	2.403226e-04
1.168468e+02	2.244385e-04
1.169670e+02	2.196647e-04
1.170871e+02	2.146684e-04
1.172072e+02	1.963478e-04
1.173273e+02	1.952190e-04
1.174474e+02	1.893468e-04
1.175676e+02	1.713809e-04
1.176877e+02	1.699026e-04
1.178078e+02	1.648741e-04
1.179279e+02	1.496605e-04
1.180480e+02	1.427596e-04
1.181682e+02	1.404394e-04
1.182883e+02	1.323887e-04
1.184084e+02	1.159720e-04
1.185285e+02	1.148428e-04
1.186486e+02	1.106403e-04
1.187688e+02	1.024022e-04
1.188889e+02	8.687483e-05
1.190090e+02	8.395905e-05
1.191291e+02	8.138104e-05
1.192492e+02	7.573711e-05
1.193694e+02	6.458215e-05
1.194895e+02	5.187084e-05
1.196096e+02	4.942870e-05
1.197297e+02	4.713601e-05
1.198498e+02	4.189331e-05
1.199700e+02	3.555473e-05
1.200901e+02	2.453923e-05
1.202102e+02	1.337615e-05
1.203303e+02	8.340732e-06
1.204505e+02	6.550841e-06
1.205706e+02	3.171074e-06
1.206907e+02	-1.835835e-06
1.208108e+02	-6.973079e-06
1.209309e+02	-1.255932e-05
1.210511e+02	-1.957878e-05
1.211712e+02	-2.789712e-05
1.212913e+02	-3.639510e-05
1.214114e+02	-4.403022e-05
1.215315e+02	-5.042720e-05
1.216517e+02	-5.578155e-05
1.217718e+02	-6.050985e-05
1.218919e+02	-6.499052e-05
1.220120e+02	-6.947149e-05
1.221321e+02	-7.408265e-05
1.222523e+02	-7.887922e-05
1.223724e+02	-8.387763e-05
1.224925e+02	-8.906965e-05
1.226126e+02	-9.441342e-05
1.227327e+02	-9.980308e-05
1.228529e+02	-1.050258e-04
1.229730e+02	-1.097387e-04
1.230931e+02	-1.135254e-04
1.232132e+02	-1.161054e-04
1.233333e+02	-1.176665e-04
1.234535e+02	-1.190658e-04
1.235736e+02	-1.214760e-04
1.236937e+02	-1.254177e-04
1.238138e+02	-1.301793e-04
1.239339e+02	-1.349705e-04
1.240541e+02	-1.407209e-04
1.241742e+02	-1.485839e-04
1.242943e+02	-1.556298e-04
1.244144e+02	-1.569480e-04
1.245345e+02	-1.548685e-04
1.246547e+02	-1.565369e-04
1.247748e+02	-1.611976e-04
1.248949e+02	-1.668200e-04
1.250150e+02	-1.760420e-04
1.251351e+02	-1.798631e-04
1.252553e+02	-1.758845e-04
1.253754e+02	-1.778126e-04
1.254955e+02	-1.827244e-04
1.256156e+02	-1.919529e-04
1.257357e+02	-1.960691e-04
1.258559e+02	-1.910091e-04
1.259760e+02	-1.944283e-04
1.260961e+02	-2.012924e-04
1.262162e+02	-2.097578e-04
1.263363e+02	-2.036823e-04
1.264565e+02	-2.063137e-04
1.265766e+02	-2.140534e-04
1.266967e+02	-2.197730e-04
1.268168e+02	-2.137912e-04
1.269369e+02	-2.184422e-04
1.270571e+02	-2.294240e-04
1.271772e+02	-2.234167e-04
1.272973e+02	-2.255072e-04
1.274174e+02	-2.357378e-04
1.275375e+02	-2.323866e-04
1.276577e+02	-2.328140e-04
1.277778e+02	-2.431271e-04
1.278979e+02	-2.386762e-04
1.280180e+02	-2.401794e-04
1.281381e+02	-2.514547e-04
1.282583e+02	-2.435069e-04
1.283784e+02	-2.483636e-04
1.284985e+02	-2.559725e-04
1.286186e+02	-2.502591e-04
1.287387e+02	-2.604105e-04
1.288589e+02	-2.546595e-04
1.289790e+02	-2.585074e-04
1.290991e+02	-2.649388e-04
1.292192e+02	-2.606301e-04
1.293393e+02	-2.720125e-04
1.294595e+02	-2.634434e-04
1.295796e+02	-2.733853e-04
1.296997e+02	-2.671439e-04
1.298198e+02	-2.738422e-04
1.299399e+02	-2.719903e-04
1.300601e+02	-2.754527e-04
1.301802e+02	-2.767077e-04
1.303003e+02	-2.779891e-04
1.304204e+02	-2.803955e-04
1.305405e+02	-2.810679e-04
1.306607e+02	-2.828320e-04
1.307808e+02	-2.846946e-04
1.309009e+02	-2.842600e-04
1.310210e+02	-2.892628e-04
1.311411e+02	-2.855976e-04
1.312613e+02	-2.949917e-04
1.313814e+02	-2.881055e-04
1.315015e+02	-2.998321e-04
1.316216e+02	-2.915181e-04
1.317417e+02	-2.991008e-04
1.318619e+02	-2.955951e-04
1.319820e+02	-2.950866e-04
1.321021e+02	-3.036788e-04
1.322222e+02	-2.968192e-04
1.323423e+02	-3.063060e-04
1.324625e+02	-3.010450e-04
1.325826e+02	-2.999563e-04
1.327027e+02	-3.106553e-04
1.328228e+02	-3.026653e-04
1.329429e+02	-3.058716e-04
1.330631e+02	-3.111216e-04
1.331832e+02	-3.050276e-04
1.333033e+02	-3.104590e-04
1.334234e+02	-3.129237e-04
1.335435e+02	-3.075902e-04
1.336637e+02	-3.122330e-04
1.337838e+02	-3.167315e-04
1.339039e+02	-3.103872e-04
1.340240e+02	-3.116799e-04
1.341441e+02	-3.213164e-04
1.342643e+02	-3.137668e-04
1.343844e+02	-3.121951e-04
1.345045e+02	-3.203144e-04
1.346246e+02	-3.210941e-04
1.347447e+02	-3.154754e-04
1.348649e+02	-3.150052e-04
1.349850e+02	-3.242940e-04
1.351051e+02	-3.231570e-04
1.352252e+02	-3.179804e-04
1.353453e+02	-3.170986e-04
1.354655e+02	-3.237791e-04
1.355856e+02	-3.282352e-04
1.357057e+02	-3.218501e-04
1.358258e+02	-3.199548e-04
1.359459e+02	-3.199945e-04
1.360661e+02	-3.272463e-04
1.361862e+02	-3.307810e-04
1.363063e+02	-3.253005e-04
1.364264e+02	-3.226731e-04
1.365465e+02	-3.218785e-04
1.366667e+02	-3.237321e-04
1.367868e+02	-3.304694e-04
1.369069e+02	-3.334377e-04
1.370270e+02	-3.296342e-04
1.371471e+02	-3.259761e-04
1.372673e+02	-3.249730e-04
1.373874e+02	-3.243795e-04
1.375075e+02	-3.248916e-04
1.376276e+02	-3.283945e-04
1.377477e+02	-3.332569e-04
1.378679e+02	-3.359599e-04
1.379880e+02	-3.351974e-04
1.381081e+02	-3.324895e-04
1.382282e+02	-3.299320e-04
1.383483e+02	-3.284649e-04
1.384685e+02	-3.278800e-04
1.385886e+02	-3.276337e-04
1.387087e+02	-3.274141e-04
1.388288e+02	-3.272106e-04
1.389489e+02	-3.271379e-04
1.390691e+02	-3.272744e-04
1.391892e+02	-3.276087e-04
1.393093e+02	-3.280612e-04
1.394294e+02	-3.285299e-04
1.395495e+02	-3.289250e-04
1.396697e+02	-3.291852e-04
1.397898e+02	-3.292813e-04
1.399099e+02	-3.292144e-04
1.400300e+02	-3.290147e-04
1.401502e+02	-3.287418e-04
1.402703e+02	-3.284817e-04
1.403904e+02	-3.283321e-04
1.405105e+02	-3.283711e-04
1.406306e+02	-3.286156e-04
1.407508e+02	-3.289962e-04
1.408709e+02	-3.294008e-04
1.409910e+02	-3.298186e-04
1.411111e+02	-3.305154e-04
1.412312e+02	-3.320110e-04
1.413514e+02	-3.346072e-04
1.414715e+02	-3.376094e-04
1.415916e+02	-3.391175e-04
1.417117e+02	-3.373688e-04
1.418318e+02	-3.329678e-04
1.419520e+02	-3.290942e-04
1.420721e+02	-3.281227e-04
1.421922e+02	-3.288765e-04
1.423123e+02	-3.297670e-04
1.424324e+02	-3.325805e-04
1.425526e+02	-3.373603e-04
1.426727e+02	-3.377333e-04
1.427928e+02	-3.316550e-04
1.429129e+02	-3.275024e-04
1.430330e+02	-3.280708e-04
1.431532e+02	-3.293845e-04
1.432733e+02	-3.343555e-04
1.433934e+02	-3.375544e-04
1.435135e+02	-3.307152e-04
1.436336e+02	-3.265808e-04
1.437538e+02	-3.276885e-04
1.438739e+02	-3.311587e-04
1.439940e+02	-3.368983e-04
1.441141e+02	-3.301547e-04
1.442342e+02	-3.257528e-04
1.443544e+02	-3.271864e-04
1.444745e+02	-3.331842e-04
1.445946e+02	-3.339846e-04
1.447147e+02	-3.251776e-04
1.448348e+02	-3.259011e-04
1.449550e+02	-3.309329e-04
1.450751e+02	-3.335886e-04
1.451952e+02	-3.241793e-04
1.453153e+02	-3.252078e-04
1.454354e+02	-3.320391e-04
1.455556e+02	-3.295199e-04
1.456757e+02	-3.232493e-04
1.457958e+02	-3.259997e-04
1.459159e+02	-3.332454e-04
1.460360e+02	-3.226710e-04
1.461562e+02	-3.235549e-04
1.462763e+02	-3.319051e-04
1.463964e+02	-3.235760e-04
1.465165e+02	-3.223547e-04
1.466366e+02	-3.300983e-04
1.467568e+02	-3.234572e-04
1.468769e+02	-3.214673e-04
1.469970e+02	-3.296149e-04
1.471171e+02	-3.215021e-04
1.472372e+02	-3.208912e-04
1.473574e+02	-3.299210e-04
1.474775e+02	-3.189868e-04
1.475976e+02	-3.213169e-04
1.477177e+02	-3.274173e-04
1.478378e+02	-3.182860e-04
1.479580e+02	-3.251020e-04
1.480781e+02	-3.195846e-04
1.481982e+02	-3.186309e-04
1.483183e+02	-3.269452e-04
1.484384e+02	-3.165371e-04
1.485586e+02	-3.239557e-04
1.486787e+02	-3.167531e-04
1.487988e+02	-3.180263e-04
1.489189e+02	-3.220385e-04
1.490390e+02	-3.157423e-04
1.491592e+02	-3.250665e-04
1.492793e+02	-3.141724e-04
1.493994e+02	-3.229643e-04
1.495195e+02	-3.131955e-04
1.496396e+02	-3.192204e-04
1.497598e+02	-3.135424e-04
1.498799e+02	-3.162856e-04
1.500000e+02	-3.144679e-04
