1.89148794e-09 6.57199176e-10 1.82389482e-09 2.20138873e-12 1.45821555e-09 7.18095708e-10 4.81621396e-10 -2.92508122e-10 -6.79045313e-10 7.60459057e-12 1.60159677e-09 -6.58689207e-11 -1.71791733e-10
6.57199176e-10 8.78354338e-10 1.02836638e-09 2.73520292e-10 9.62573226e-10 7.23238845e-10 3.14652207e-10 2.10800701e-10 -4.22926704e-10 -6.35396534e-11 -1.19646277e-09 7.25573283e-11 1.53814555e-10
1.82389482e-09 1.02836638e-09 2.01315840e-09 1.70512785e-10 1.68947011e-09 9.90804222e-10 5.60512325e-10 -8.22577622e-11 -7.74721770e-10 -4.96351555e-11 -3.15777083e-10 2.06642649e-11 -4.15390835e-12
2.20138873e-12 2.73520292e-10 1.70512785e-10 1.22423920e-10 1.96519118e-10 2.05299576e-10 6.08606516e-11 1.34057556e-10 -7.88756282e-11 2.08250267e-12 -2.74220856e-10 2.55587539e-11 1.02652934e-10
1.45821555e-09 9.62573226e-10 1.68947011e-09 1.96519118e-10 1.48394100e-09 8.97943243e-10 4.89116260e-10 8.32486291e-12 -6.63634751e-10 7.27647303e-11 6.92133474e-10 -6.43303902e-11 2.74281208e-11
7.18095708e-10 7.23238845e-10 9.90804222e-10 2.05299576e-10 8.97943243e-10 6.44317723e-10 2.96561514e-10 1.28967676e-10 -3.98652905e-10 -3.52860110e-11 -1.17161616e-09 5.47606847e-11 2.02737116e-10
4.81621396e-10 3.14652207e-10 5.60512325e-10 6.08606516e-11 4.89116260e-10 2.96561514e-10 1.66236379e-10 3.01297804e-12 -2.22586379e-10 -2.95361886e-11 -5.94072568e-10 1.59717869e-11 1.62945021e-11
-2.92508122e-10 2.10800701e-10 -8.22577622e-11 1.34057556e-10 8.32486291e-12 1.28967676e-10 3.01297804e-12 2.09439187e-10 1.06919322e-11 2.62192034e-11 -9.03042980e-10 2.71880823e-11 1.62035694e-10
-6.79045313e-10 -4.22926704e-10 -7.74721770e-10 -7.88756282e-11 -6.63634751e-10 -3.98652905e-10 -2.22586379e-10 1.06919322e-11 3.04497262e-10 4.84665852e-11 5.51501933e-10 -2.28767427e-11 7.65360571e-12
7.60459057e-12 -6.35396534e-11 -4.96351555e-11 2.08250267e-12 7.27647303e-11 -3.52860110e-11 -2.95361886e-11 2.62192034e-11 4.84665852e-11 4.31192192e-09 1.07081949e-08 -2.73386650e-09 -5.27884685e-10
1.60159677e-09 -1.19646277e-09 -3.15777083e-10 -2.74220856e-10 6.92133474e-10 -1.17161616e-09 -5.94072568e-10 -9.03042980e-10 5.51501933e-10 1.07081949e-08 4.77957482e-07 -7.12451009e-09 -8.80610701e-09
-6.58689207e-11 7.25573283e-11 2.06642649e-11 2.55587539e-11 -6.43303902e-11 5.47606847e-11 1.59717869e-11 2.71880823e-11 -2.28767427e-11 -2.73386650e-09 -7.12451009e-09 1.97738019e-09 6.78696334e-10
-1.71791733e-10 1.53814555e-10 -4.15390835e-12 1.02652934e-10 2.74281208e-11 2.02737116e-10 1.62945021e-11 1.62035694e-10 7.65360571e-12 -5.27884685e-10 -8.80610701e-09 6.78696334e-10 1.94242233e-09
