8.94455568e-03
7.58285797e-03
6.60378461e-03
5.82105874e-03
5.06914301e-03
4.31510610e-03
3.93801791e-03
3.48271730e-03
3.33105194e-03
3.07921260e-03
3.13711301e-03
3.19043768e-03
3.47623430e-03
3.78781544e-03
4.03475385e-03
4.15251405e-03
4.19113603e-03
4.36881224e-03
4.21217329e-03
4.02373192e-03
3.73111445e-03
3.11509188e-03
2.65179627e-03
2.06525639e-03
1.45081276e-03
1.00133270e-03
5.45422056e-04
1.71118594e-04
-4.12752668e-05
-2.04901953e-04
-1.78573460e-02
-1.67179241e-02
-1.60688704e-02
-1.48522252e-02
-1.38158863e-02
-1.32790282e-02
-1.20788623e-02
-1.12352744e-02
-1.06685749e-02
-1.02087857e-02
-9.32142742e-03
-8.82345044e-03
-8.56098402e-03
-7.98876442e-03
-8.17062482e-03
-7.73117235e-03
-7.22211172e-03
-6.96889702e-03
-6.60020689e-03
-6.33206303e-03
-5.69013900e-03
-5.53977283e-03
-5.23451978e-03
-5.06930247e-03
-5.13084440e-03
-4.77926334e-03
-4.35341954e-03
-4.25039801e-03
-4.11768868e-03
-3.99508766e-03
1.17984173e-03
1.29356186e-03
1.57176772e-03
1.20624099e-03
1.51922392e-03
1.21886225e-03
9.36457064e-04
1.25675887e-03
9.14374926e-04
1.13501175e-03
6.21298389e-04
3.37126005e-04
4.82192871e-04
6.44590305e-04
6.61955129e-04
8.54736749e-04
1.11234882e-03
6.14984348e-04
9.24091209e-04
1.11133141e-03
8.84212243e-04
9.29628916e-04
7.92552032e-04
7.07887140e-04
5.91142142e-04
6.47929996e-04
5.61354676e-04
5.05538304e-04
4.24469437e-04
7.31534957e-04
