8.96208412e-03
7.87981103e-03
6.82668149e-03
6.00614400e-03
5.33441840e-03
4.70840671e-03
4.22676606e-03
3.90594974e-03
3.53610013e-03
3.40307518e-03
3.52032639e-03
3.47993908e-03
3.71917571e-03
3.75156889e-03
4.02890791e-03
4.09720872e-03
4.11566131e-03
4.10246635e-03
3.91614223e-03
3.73100926e-03
3.39231743e-03
3.09829190e-03
2.64091465e-03
2.14544652e-03
1.67280331e-03
1.12032662e-03
8.02637555e-04
3.01101286e-04
1.02384566e-04
-5.61233643e-05
-1.73962221e-02
-1.64326000e-02
-1.53107768e-02
-1.40974304e-02
-1.34988183e-02
-1.28349172e-02
-1.18909118e-02
-1.13515291e-02
-1.05970422e-02
-9.92777652e-03
-9.29282279e-03
-8.92557217e-03
-8.46276026e-03
-8.37035489e-03
-7.90196380e-03
-7.44134328e-03
-7.22298343e-03
-6.73849462e-03
-6.51566799e-03
-6.13682087e-03
-5.69167467e-03
-5.15383198e-03
-5.26285161e-03
-4.76481459e-03
-4.59313631e-03
-4.49664529e-03
-4.38399486e-03
-3.99746834e-03
-3.89949597e-03
-3.81561825e-03
1.01095562e-03
1.47446565e-03
1.31677635e-03
8.72450882e-04
1.06677353e-03
7.28036508e-04
7.07367398e-04
1.40458861e-03
7.28120647e-04
5.72019764e-04
4.08278139e-04
-2.63768508e-05
9.58058852e-05
6.65593896e-04
1.58977448e-04
7.32906525e-04
7.82674650e-04
4.38155298e-04
3.33674549e-04
9.17774125e-04
7.87718431e-04
9.04651475e-04
4.90927381e-04
4.66162977e-04
6.77196460e-04
3.31179353e-04
3.87622348e-04
3.32672175e-04
6.23844027e-04
4.60581086e-04
