3.7894130796e-01 -6.0492171945e-02 1.0885458779e-01 4.7671458517e-02 2.0974903653e-02 3.7353107182e-02 -2.7912933715e-01 1.1127079010e-01
2.2526335672e-01 -2.6570815235e-01 3.1980704106e-01 -6.3982129539e-02 1.0418637612e-01 -3.6150140749e-01 -3.0203477320e-01 -3.6399885141e-01
5.2051210285e-01 -4.4804901286e-01 3.2782456404e-01 3.8312659509e-01 -1.4906946109e-01 -2.7096910199e-02 -9.2130183468e-01 1.7439325857e-01
-5.7035555020e-01 3.2078734155e-01 -2.5575268981e-01 2.6400320576e-01 -2.1826017790e-01 7.0765529280e-01 -1.2863119757e-01 4.9149522299e-01
-1.0986362134e-01 7.1786763014e-01 -5.2943994674e-01 -1.0950747311e-01 -7.4842960247e-02 -1.0581316899e-01 2.8332488120e-01 5.3730818620e-02
5.4936832986e-02 -4.5404378655e-01 3.8693185891e-01 -1.7370141469e-01 5.8060659012e-02 -5.6046058952e-02 -4.5407870358e-02 1.9930691306e-01
9.2651163485e-03 -3.0840444844e-01 2.5749951361e-01 1.5035460688e-01 1.0180660247e-02 -1.6520430768e-01 6.2362047010e-02 -2.7526100781e-01
5.4438563736e-01 8.2116697459e-03 6.8869037251e-02 2.8235200658e-01 -2.0621037260e-01 -2.0315526785e-02 -5.4166792928e-01 3.8070233141e-01
9.0207769504e-01 -3.8931248336e-01 3.3605092190e-01 3.5797648318e-01 -1.0709528198e-01 -1.3768103098e-01 -1.0290544049e+00 8.4500164149e-02
5.4915750640e-02 -2.8880113000e-01 1.3163910248e-01 3.6273541115e-02 6.2270613030e-01 -1.0693713018e-01 -1.0576714401e-01 1.4512440445e-01
3.1659735952e-01 5.7120714734e-01 -7.3001425544e-01 -7.5560991548e-01 1.9768808709e-01 -4.5521237078e-01 -2.7438648105e-01 2.7706766569e-01
-4.2670702215e-02 9.3764185377e-02 -4.4194049921e-02 1.5985683905e-01 -5.6410501895e-01 1.8761181860e-01 -8.3935319045e-02 -1.1530126978e-01
1.2654118212e-01 -7.3233332228e-01 3.4282220555e-01 -1.0795569776e+00 1.6056350902e-01 -3.2059058536e-01 -7.0332649034e-02 8.0177385803e-02
