2.9077002061e-01 6.9227927859e-01 1.8048075632e-01 5.6878396859e-01 -2.0036540980e-01 1.3765231585e-01 1.3181882438e-02 2.7540972725e-01
-4.7939208067e-02 4.3639758196e-01 2.5014640447e-01 -9.4042865001e-01 3.4962191892e-01 -2.7394965537e-01 2.9498609125e-01 4.8436991534e-02
-5.6029142809e-02 -5.3685369186e-01 3.2125589977e-01 1.5139801964e-01 9.1534589225e-02 2.7530551934e-01 1.3239637550e-01 1.4659622555e-01
3.3328255500e-02 2.5696041471e-01 -3.1120889208e-01 -1.1995286781e-01 9.3635419625e-02 3.9676393566e-02 1.3927995285e-01 -7.5733665237e-02
3.6046419616e-02 -1.4635439044e+00 -7.1255139176e-01 5.6703233038e-03 2.8225308988e-01 -3.4907906588e-02 2.0503879899e-01 1.1047450973e-01
-1.9154044533e-01 4.4575470725e-01 -4.1760262171e-01 -1.1071656846e-02 -2.0415258408e-01 4.6056784508e-02 -5.5165773486e-02 -2.3284714314e-01
-9.6887449418e-02 -1.5646720295e-01 -7.3109356551e-02 -9.0835567764e-02 -1.7321075345e-01 -8.8767304834e-02 -1.9772450831e-01 -8.5621142457e-02
-2.7292488774e-01 4.8789071119e-01 -2.1063411805e-01 -1.3657731449e-01 -4.1618944068e-01 -1.3471836242e-01 3.9044966982e-02 6.5023710479e-01
2.4922907871e-01 8.0755917830e-02 1.2249371182e-01 4.3560417591e-02 3.7012472050e-02 -6.3558849700e-01 -4.8322484718e-01 2.9919688371e-01
-1.9858377928e-01 1.5661947368e-01 2.6167448225e-01 1.9245224295e-01 -2.4198146955e-01 2.9597076599e-01 9.2812837630e-02 1.7871960017e-01
