1.9379045220e-01 -3.5331286410e-01 2.2745396647e-01 1.5647434109e-02 3.4982791557e-02 1.7536502325e-01 2.7394047444e-01
1.4976882479e-01 4.9396701218e-01 -4.0937521039e-01 -1.5509525570e-02 3.5582589137e-02 3.5328929942e-02 1.9008789754e-01
2.6963625306e-01 2.3064289568e-01 -9.5180371261e-01 4.4733895131e-02 1.2987470124e-01 1.3014690499e-01 3.1383895252e-01
7.5978690598e-02 4.9826845878e-01 7.4584860287e-01 1.4862815868e-01 6.0526896014e-02 1.5906204311e-01 1.1651280345e-01
-1.9384547639e-01 -1.7293677012e-01 1.3701045160e-01 6.1177129015e-02 -3.4994812665e-02 8.7661253618e-02 2.7322032513e-02
1.0207655359e-01 4.7274086140e-01 -2.4654261582e-02 6.8247124421e-02 -1.5094483105e-02 5.6668066632e-02 8.5008367913e-02
3.3544669087e-03 -3.9154339530e-01 -1.3419953564e+00 -1.0454065085e-01 -5.2132869039e-02 -2.0225642844e-01 -1.1647917582e-01
1.8855428916e-01 3.1059615077e-01 -3.0863751752e-01 5.9518964299e-02 9.1471888188e-02 1.4000084005e-01 1.0096692282e-01
3.2810569653e-01 1.6697018798e+00 1.6554147420e+00 3.7170427222e-02 6.9226190805e-02 1.9685193398e-01 6.0816470962e-02
1.7237359331e-02 -8.4672598436e-02 3.5399495713e-01 -4.0271530584e-02 -9.1365618083e-02 -1.2522604335e-01 -6.9896592692e-01
-2.5662423276e-01 -6.1867124389e-02 -1.4093315223e-01 -1.5507730344e-01 -2.3854121072e-01 8.7016069233e-02 2.9987008272e-01
4.1250584749e-02 8.8246862475e-02 -4.3271957756e-01 1.8847202910e-01 5.4669787325e-02 5.8751208817e-02 7.1713769557e-01
-6.7608583647e-02 -5.7063185035e-02 -8.2530782736e-02 -1.3295885291e-01 -3.0047374879e-01 -2.5139747018e-01 -2.3919471100e-01
