4.9599006981e-01 1.2829018985e-01 4.5672584987e-01 -2.6865313052e-02 -6.7971721774e-01 -1.8845279917e-01 2.4750354228e-01 9.5633382453e-02
-4.6645971212e-01 5.0557274447e-02 -8.4235397000e-02 -3.5184346060e-01 1.9211789106e-01 -1.3020640276e-01 8.9703726340e-01 2.9246206426e-01
1.4761201728e-01 -6.9825676607e-02 7.6365314885e-01 -1.4863893110e-01 -1.2707468945e-01 6.0352448450e-01 5.7392647482e-01 3.7389341268e-01
-2.8921877270e-02 -1.2104259007e-01 6.7187647125e-01 2.0119710430e-01 1.4924071434e-01 -4.8563441893e-01 7.6258834684e-02 -6.3241518022e-01
1.2731895304e-01 4.3372642801e-01 -1.1538992711e-01 2.7305433078e-01 1.4431209435e-01 2.9438171315e-01 5.5174790288e-01 1.2769109613e-01
8.5381148324e-02 1.7254586794e-01 -1.7563163490e-01 -4.1059921174e-01 -5.0252969062e-01 -9.8194923784e-02 -2.8793137175e-01 6.0446826755e-01
-4.2183517288e-01 8.6033481437e-01 6.3793798744e-02 -1.0729491842e-01 2.0240844781e-02 -1.3323796352e-01 2.4522417519e-02 -6.5609367888e-01
-8.6275135046e-01 -3.5820618707e-01 3.8793658452e-01 2.6151786582e-02 2.6053355635e-01 -1.6914403509e-01 -2.1647920598e-01 -4.4017284127e-02
1.9972099733e-01 -4.2940187319e-03 -3.6780855515e-01 9.5540686736e-02 -1.6870479281e-01 6.5542413381e-02 -2.2904940077e-01 7.2565685528e-01
-1.0920285214e-01 1.0136434876e-01 -6.5521866669e-03 3.5159031206e-01 3.7946365090e-01 -2.7143034176e-01 6.0099848103e-01 6.0232092556e-01
