6.1369333372e-02 -1.9744290518e-01 -1.5804890007e-01 3.2192730145e-02 -1.7432130728e-01 1.6776301797e-02 4.4354946431e-02 -7.6563997557e-02
4.7740828361e-01 6.6672566073e-01 -2.7257104945e-01 -3.2021005568e-01 5.5865533014e-01 7.9485684191e-02 8.9075954156e-01 5.8335130675e-01
-5.3574791056e-02 1.3187450437e-01 1.0114154434e-01 1.1286009781e-01 1.5546758751e-01 -6.8810055781e-02 -1.9514028136e-01 8.0741156466e-02
-1.1886794814e-01 4.4249509106e-01 1.0369730430e+00 -7.3401621682e-01 -2.6537591529e-01 1.0443418992e-01 7.9605485892e-01 -2.4219567677e-01
-3.8661601957e-01 2.5674449338e-01 -1.5539076879e-01 3.2592598493e-02 3.4788896789e-01 -1.4036868958e-01 8.5332607630e-02 2.7308250550e-01
-3.3284152392e-01 2.5928829237e-01 4.1013872240e-02 3.2867755637e-02 2.8400524970e-01 -1.4011414419e-01 8.3750633096e-02 2.2943225685e-01
1.7681757754e-01 1.4337881661e-01 2.1410275422e-01 3.3676402792e-01 2.4941920648e-01 -3.5741353340e-01 -2.2081458520e-01 2.7240283617e-01
4.8340136998e-02 2.3430347109e-01 4.6163240057e-01 7.8855702177e-01 4.1404013177e-01 3.5039539066e-01 -7.1995339051e-01 4.4280631809e-01
4.6761984976e-02 -1.4457185421e-01 -8.8819751496e-02 -1.4109096891e-01 -1.8895647473e-01 5.3227607135e-02 1.9777680949e-01 -1.0933451121e-01
8.7788478330e-02 2.0492806494e-03 1.8544593655e-01 9.8837516892e-02 3.0803057350e-03 -5.1488754901e-01 -1.3949973957e-01 1.4108281180e-02
