5.5206363777e-03 -1.4160717358e-01 -3.3202686898e-02 -4.6976397317e-01 -1.0127256830e-01
-1.5949400721e-02 -4.6070970095e-03 -3.3812995700e-02 -7.0698600772e-02 -2.8533908160e-02
6.7068530670e-02 8.1193328097e-03 -4.0569928827e-04 -2.9117518031e-02 -4.0082288424e-03
-8.5741097804e-03 5.8940504106e-02 -2.6000313697e-02 -9.7579992718e-04 -1.1036585795e-01
3.8818062484e-02 -2.0051382313e-02 6.8366963576e-02 6.3724954093e-02 4.1536039371e-02
-2.8978472968e-02 9.9704770965e-04 6.3398388247e-02 1.0314793006e-01 5.7031782296e-02
-3.5295809567e-03 6.1428476726e-03 -3.2915972308e-02 1.4023993646e-01 -6.6223484126e-02
-1.2184951047e-01 2.1057991468e-02 1.7561459352e-02 1.7557649842e-03 -9.7116383693e-02
3.1021677174e-03 1.0747060120e-01 7.4791442600e-02 -7.1086914443e-02 -1.3438862291e-02
1.0669198416e-02 -9.4887897678e-02 1.2612658875e-02 -7.1801719509e-02 4.5685004202e-02
-4.9462656235e-02 4.4147614244e-03 -9.7862506438e-03 -7.9862724618e-02 -5.0883057502e-02
1.5100562317e-02 8.9542411056e-03 -5.8462929252e-02 6.3933571002e-02 1.2813497759e-01
-3.4745022595e-02 -4.2628357223e-02 -9.0953277709e-02 -1.7509499424e-01 -5.2427417634e-02
5.5346514654e-04 -3.7409949234e-03 -2.6714296876e-02 6.7827096166e-02 -1.2037180448e-03
-7.8877073146e-03 -1.1130093783e-03 5.7038067580e-02 -1.0099982745e-01 4.7158756148e-02
1.4054638621e-02 -3.6870576344e-02 1.1033016712e-01 1.7271539794e-01 5.2317078680e-02
7.0146773096e-02 9.2372699952e-02 -8.4439035899e-03 7.8662207659e-02 -8.4035853900e-02
8.8025156222e-02 -3.8614194496e-02 -1.0352811940e-02 2.4362741309e-02 1.3953951623e-01
6.1654614892e-03 -2.9499021369e-02 9.1669443395e-02 -7.6351186059e-02 3.9835334931e-02
5.4823238571e-02 -1.0446396228e-01 -1.1663589136e-01 -9.3152279078e-02 3.1388809897e-01
4.3067689070e-02 2.0555755146e-02 4.7494272063e-03 -5.7483885315e-02 6.7249408997e-02
2.3019958281e-02 -1.6066218992e-02 3.5974465019e-02 -8.6938392756e-02 4.2866130585e-02
3.3848244786e-02 5.2625807338e-02 -1.6066401630e-02 -9.6252041632e-02 1.2429289711e-01
-1.1614160354e-02 -4.9987574689e-02 8.0383600181e-03 1.2913164807e-02 6.1362687137e-02
4.3462672401e-03 4.8395193420e-02 -5.5446211470e-02 4.0569649410e-02 -3.6940185012e-02
-3.4910644307e-02 1.4308358685e-01 8.2037188148e-02 1.0622622035e-01 2.1478214721e-02
5.9668970728e-03 -2.6447832148e-02 -1.6650327602e-01 3.1766924772e-02 3.5599828957e-03
-4.0407552389e-02 5.4767588628e-02 2.0502423779e-02 -1.1650920436e-01 -1.9966270010e-01
-6.8731693159e-02 9.4381402659e-02 3.0104168556e-02 4.4252970567e-02 -3.3234509067e-02
-6.9291131132e-03 1.0182231925e-01 2.6822883263e-02 -1.1005427186e-01 -3.6114127368e-02
-6.3082774224e-03 -7.4920758504e-02 -5.7733621329e-02 -1.1714350477e-01 4.4693738767e-02
-1.7141498402e-02 -2.5451673852e-02 3.0827363640e-02 5.6121557896e-03 -9.6850136632e-03
-4.5496102478e-02 3.9236417539e-02 -1.5906194834e-02 -3.5729965917e-02 1.4115990798e-01
4.4348888531e-02 -8.0613631265e-02 -3.9386715119e-02 -1.4948755960e-01 -4.7107756110e-02
-1.1422673561e-02 -1.7702520092e-02 -1.2933968033e-02 -6.8196077598e-02 -2.1823520206e-02
-5.0239625952e-02 -1.9023935822e-03 -1.4725402060e-02 -1.3207567453e-01 2.7521569897e-02
2.7934785173e-02 -2.0701187625e-02 -6.6102491623e-02 -3.8257444017e-02 2.8229801381e-03
-1.0983430257e-02 1.9185039591e-02 4.1241413444e-02 -1.3616908829e-01 4.5638023783e-02
4.1061577354e-03 2.6793249635e-02 2.5121033347e-02 -3.1808624883e-02 -3.7105700965e-03
-1.6654859766e-02 1.6027145523e-03 -1.4182709124e-02 9.1289714443e-02 -4.5783851634e-02
1.6023790582e-03 -6.7098568858e-02 3.7476764838e-02 1.0961297623e-01 2.9087656861e-02
8.9449745662e-02 -1.8111290545e-02 2.4233221471e-01 -9.6594265262e-02 1.5863073164e-01
-5.8856218871e-02 -1.0767106580e-01 -4.1995736832e-02 5.0258276415e-02 -1.1768343259e-01
2.4105272256e-02 -7.7502585915e-02 -6.2691411180e-02 2.2941379934e-01 -2.1960935943e-02
6.6621938969e-02 -7.1391249639e-02 -5.6996994139e-02 3.7512739293e-02 4.7833684576e-02
7.1761921412e-02 -5.2430198611e-02 -4.9844616172e-03 -2.1385783239e-02 4.4109440976e-02
-1.8302885254e-01 1.0485727829e-01 5.0269255462e-02 -1.1073447266e-01 -9.6745431393e-02
5.6819310602e-02 -1.9855696324e-01 9.1824474999e-02 7.1089600322e-02 1.4726630145e-02
4.1699039160e-02 -8.4212000766e-03 -6.5789757253e-02 5.0608385015e-02 -3.1114629233e-02
-1.4793054999e-02 9.9165684585e-02 -8.3216218477e-02 1.8208768183e-01 -1.7206259698e-01
-3.6024313756e-02 -7.6706375726e-02 2.3976713459e-02 1.2745488859e-01 3.3903799454e-02
1.0378163479e-01 1.2077333501e-02 -3.4025413094e-02 -5.9065422466e-02 4.2370906755e-02
4.5791233285e-02 7.8928392451e-03 2.8280007359e-01 -3.2471572166e-04 4.5518707361e-02
-1.7929296881e-02 -9.0161856242e-03 2.4630584922e-02 -2.7545237011e-02 -2.5596768001e-03
-2.4643251920e-02 -3.4908979235e-02 2.6096560813e-02 1.4863502190e-01 1.2639366502e-01
2.1582592040e-02 3.2492888105e-02 1.6388654822e-02 6.4944694032e-02 1.0486279172e-02
-3.2166773190e-02 4.3737033858e-02 -8.7383327025e-02 1.8645583170e-02 -1.4684348933e-02
-8.5292065445e-02 3.9849596869e-02 4.1638807296e-02 -4.0346203776e-02 1.1883032505e-01
1.1397521554e-01 -1.4223879797e-02 -2.3113172290e-02 -1.2573978338e-02 3.0176165573e-02
-1.1283746273e-02 8.9625420146e-02 -3.8271378161e-02 -1.7946722287e-01 -1.5288959923e-02
5.6293489571e-02 -6.0044146892e-02 7.2789017047e-02 1.0245964638e-01 3.3682109203e-02
-7.3593662869e-04 7.1343051932e-04 3.6033578118e-02 1.2332904033e-01 3.0775593808e-02
-4.2247017594e-02 6.1928005303e-02 -2.5416972530e-02 8.0059676845e-02 4.2670580035e-02
1.1802332397e-01 -4.1141327219e-02 1.0252524698e-02 -1.8433379594e-01 -1.3540709881e-02
-1.1118235433e-03 -3.2901192790e-02 5.6804901351e-02 2.3549420451e-01 5.0080937808e-02
-5.6300493542e-02 -1.2076759578e-01 -7.2887924187e-02 5.9061258737e-02 3.6174855792e-02
-3.8783974383e-02 -1.4520616265e-02 -1.5329709219e-02 7.0491241351e-02 6.6647783733e-03
-1.0073242216e-01 -7.3931183721e-03 6.6582763451e-02 -4.3721835725e-03 4.8384274008e-02
5.5761192476e-02 -2.6221464689e-03 9.1304262500e-02 7.1770181838e-03 -3.7748270476e-02
-3.0052972484e-02 -5.7854408236e-02 4.5864020922e-04 3.8725415487e-02 -9.7409927257e-03
1.3634181228e-02 3.2956523382e-02 6.1281319275e-02 -1.1910003232e-01 -6.1414540530e-02
-5.0403072300e-02 3.4902404764e-02 -7.4603661105e-02 3.7078123144e-02 1.1258776702e-02
-1.8090953513e-02 1.4224926584e-02 -5.1593353329e-02 -9.2315173449e-02 4.0671483348e-02
3.0522412972e-02 -1.6914157592e-02 -3.2661472041e-02 8.2729968807e-02 6.4038313586e-03
-9.7617493073e-02 2.2544211304e-02 4.7870950694e-02 4.5700147508e-02 3.1406934555e-02
-4.4301330433e-02 1.7550224415e-01 -8.8715606207e-02 -4.5503318071e-02 -2.6694643600e-01
5.2900866984e-02 -1.0301134036e-02 -3.3331160247e-02 -4.9835478717e-02 -1.2063049768e-01
-7.0571691514e-02 -4.7881429975e-02 -1.0630087812e-02 -9.7067579069e-02 -1.7533740396e-01
-1.2484085542e-01 -1.4301284753e-02 -6.5277093720e-02 -5.3628081195e-02 4.5671123490e-02
6.8052210520e-02 2.3377126921e-03 1.1060220469e-02 -5.6800737064e-01 -1.0818116131e-01
2.7712915119e-02 -9.2073427239e-03 3.1151434676e-02 2.0517534326e-02 9.6565615438e-02
5.8914441892e-02 2.9629576956e-03 1.5409916696e-01 3.8297006924e-02 -1.3024859411e-02
-6.6163037263e-02 -6.2328245686e-02 -4.9372105045e-02 1.7545187760e-01 -5.5528685982e-03
-1.1696693403e-01 6.5418266706e-02 8.4779266566e-02 -2.1604366801e-01 -1.1194452733e-01
9.2616658717e-02 -1.0311017952e-01 3.6656995303e-02 7.2401039934e-02 6.5544421014e-02
-2.5355011128e-02 7.0148366174e-03 -4.6211620805e-02 1.1586534729e-01 -6.6744374465e-02
6.9944815825e-02 -1.6802487294e-01 4.1480489666e-02 1.4466618889e-01 3.6478998959e-02
7.3538855582e-02 5.1776168361e-02 -6.8780935121e-02 -2.8499788927e-01 -4.7504157068e-02
3.4205320261e-02 -3.8194829933e-02 -4.5827432314e-02 6.6216789645e-02 -4.9232269231e-02
-4.3178106240e-02 4.3419592822e-02 1.7166941816e-02 -3.0228636425e-02 5.8919524779e-03
7.6044668130e-02 -2.5198363205e-02 -4.0635880645e-02 1.5796209006e-01 -1.2467916782e-02
-3.2500527633e-02 -2.1418109968e-02 -1.1832458871e-02 -9.9480389505e-02 5.7472292977e-02
-2.3206701246e-02 4.0634987893e-02 -2.5334218723e-02 -3.4462746589e-02 3.5226108983e-02
-7.6314900564e-03 3.6241820779e-02 -8.0806015826e-02 2.8789193022e-02 -3.8305206080e-02
4.5210483754e-03 -7.1841847771e-02 -9.3823595320e-02 -1.0523957958e-01 -5.1095273030e-02
1.6656439269e-02 9.6687416923e-02 -4.3799667071e-02 -6.6851052569e-02 -1.5833000534e-01
-5.0867431793e-02 2.0537484550e-02 -2.3102094183e-02 -6.3381996124e-02 -5.4191179564e-02
8.9179209239e-03 -7.2484382507e-02 -7.4933093456e-02 -1.7846219918e-02 7.9369081071e-02
1.1716757456e-02 -7.8257303856e-02 6.8858466888e-02 3.2752061808e-02 1.7895711720e-01
6.3159011665e-03 1.2852766507e-01 -2.3964712861e-01 -5.0800086598e-01 -1.9482358344e-01
3.2023442262e-02 6.1625335472e-02 2.3265320161e-02 1.9032526672e-02 4.1530309951e-03
-4.4867779368e-03 1.7592387587e-01 -2.0137343092e-02 -1.7714718264e-01 -2.3147019398e-01
1.3429538281e-01 -8.3077095216e-03 3.5491108211e-03 -1.4216812114e-01 2.2853450246e-01
-2.6337334133e-02 -3.4708408748e-02 1.0875724363e-01 -1.4819512350e-01 -1.4745117294e-01
2.0988419119e-02 9.2813556054e-02 -9.4566387846e-03 1.9802631491e-02 -6.1447477034e-02
-1.0047942693e-02 1.0195677126e-02 4.5410809006e-02 1.8145389883e-02 -1.3490431188e-01
7.1238118430e-02 -8.4711559761e-02 -4.1412405454e-02 2.3853942681e-02 1.6703602347e-01
-8.7916033666e-02 3.8448413395e-02 2.3672401882e-03 5.1029865320e-02 1.2165682490e-02
-2.1747601642e-02 8.4977414366e-02 -6.0843810707e-02 1.3849221233e-02 9.5433452122e-02
-3.6422232969e-02 -3.0638035270e-02 -6.5095369872e-03 1.5829984799e-02 -3.6554497321e-02
6.6703414033e-02 6.3607945094e-02 -1.0203705804e-01 -7.5719335090e-02 -5.0410448365e-03
1.3887228312e-01 -7.9529322191e-02 2.8695015763e-02 2.7677145436e-02 5.9037690423e-02
1.1403944483e-02 -7.3085665818e-02 -7.0637854024e-02 -3.5607669597e-02 2.0950020429e-02
8.2792432595e-03 2.1132643067e-02 -2.9044835310e-02 -1.2477947346e-01 -4.4681658882e-02
3.6131176349e-03 -1.6006954005e-02 -4.8010872261e-02 8.6979027523e-02 3.6634375746e-03
4.7279235238e-02 -3.6452250549e-02 1.1464158655e-01 2.0890375693e-01 1.0240586876e-03
4.0789596065e-03 -4.7763379803e-02 -1.4983732394e-02 3.2358703215e-02 -9.5921352819e-02
2.1993891430e-02 -3.4426256143e-02 6.2468344783e-04 6.9374601429e-02 -1.4798125419e-02
-1.3385666674e-02 -2.1944487241e-02 -4.6395461657e-02 -3.7103034777e-02 9.1086284111e-02
-3.0445801044e-02 8.6390134828e-02 -2.6323669814e-02 -4.0145396080e-02 -1.3143608457e-01
-1.5659345573e-02 3.5457740567e-02 -6.3641014035e-02 4.0254526427e-03 -9.9425562121e-02
-2.8746326480e-02 9.5088652100e-02 -4.8642138250e-02 7.1469363473e-02 -2.2770383806e-02
7.6488342913e-02 -6.8288967858e-02 -3.2261655877e-02 2.5918228498e-02 -2.9368757513e-02
-2.2992869099e-02 -1.5047727847e-02 1.5556775998e-02 -8.8393915458e-02 -1.0265704925e-03
1.7732455569e-02 -9.5238192925e-02 8.5330654142e-02 9.8015414232e-02 6.4939283930e-02
-1.6492469394e-02 8.8760867338e-02 3.0751131717e-03 1.0003459837e-01 -5.7509997140e-02
-1.1716876937e-02 4.5233466181e-02 -5.3472632755e-02 -4.4950603256e-02 -3.2483402529e-02
1.5222885088e-01 -6.5891945823e-02 1.9655686639e-01 2.0203361753e-01 2.2608295450e-01
-2.1826097717e-03 -5.0123783464e-02 6.5273568540e-02 8.9617900086e-02 4.4099813735e-02
1.5331620720e-02 -7.9125048955e-02 7.4556124289e-02 -7.9650033483e-02 3.0000721194e-02
-1.4590390386e-02 -2.9434480367e-02 -1.5109687008e-01 -3.5582632061e-01 -1.8951359154e-01
1.1342116815e-01 -4.0601947950e-02 1.4490748756e-02 -5.9102492370e-02 -3.6897389516e-02
-1.2606331363e-02 9.0594057118e-02 -2.6611711712e-02 5.2119846730e-02 -5.5760560150e-02
-2.1242838755e-02 1.1915828565e-02 -5.8969935023e-02 -1.3148585201e-01 -4.2163868344e-02
8.8965720110e-03 2.7361524416e-02 8.2849275444e-02 -3.6503081227e-02 3.0233296277e-02
3.0113430029e-02 -1.1192745795e-02 -1.7679806500e-02 -6.8047648765e-02 3.3255224883e-02
7.2417088902e-02 -9.4161794900e-02 6.4764260959e-02 2.5875755275e-02 -2.0773351385e-01
1.5888439481e-02 7.3902808120e-02 -8.6495826621e-03 -3.1760784508e-02 -6.0841037239e-02
8.2526455125e-02 -1.2055466447e-02 -5.0130822156e-02 -4.6344457355e-02 -3.1947812281e-02
-4.4506327273e-03 8.9630195801e-04 4.3834577690e-02 9.6180010743e-02 -3.1685296629e-03
-1.0237437626e-01 -8.7906641966e-03 3.6218503903e-02 5.3258069402e-02 -3.1529074346e-02
-1.0860198512e-01 6.9205854084e-02 1.2040258774e-01 1.6745826378e-02 1.4536655890e-02
1.5807004658e-02 8.0301851476e-02 -9.1423770365e-03 7.9089250441e-02 9.9265118412e-02
-3.8376296347e-04 -3.0019830650e-02 4.6953945704e-02 2.0402346926e-01 -4.1033461266e-02
1.4178607605e-02 -6.7816893817e-02 -5.4467201802e-02 1.6370300664e-02 4.1800342175e-02
-5.5565662534e-02 -8.4748178212e-03 -4.4403736636e-02 1.5219275425e-01 4.1054452910e-02
-2.1246612473e-03 7.0944239578e-02 3.5302023026e-02 8.5097705388e-03 5.6488731188e-02
4.8776033612e-03 2.2594810226e-01 6.0894457539e-02 -9.8251863419e-02 1.2940918416e-02
-3.1060763437e-02 5.5434876455e-03 -6.3836810485e-02 6.8280039437e-02 5.6973430513e-02
1.5074514054e-02 1.8386524579e-01 -1.9804139087e-03 5.1554021316e-02 -1.1628258638e-01
3.7434876191e-02 1.0252401841e-01 3.2307586228e-02 -9.3866225373e-02 4.6044256200e-03
4.4322576737e-02 -4.4573386992e-02 -8.9467408047e-03 -4.3041000196e-02 -6.9457825967e-02
5.1832624694e-02 -9.6083972883e-03 6.0837742974e-03 -1.9888867943e-01 -6.9647370024e-02
3.6726164315e-02 4.0852602084e-02 -1.6912074697e-02 8.8712394699e-02 -5.3536030944e-02
-3.2423892653e-02 8.8804803197e-02 -4.8752717305e-02 1.1491743829e-01 -6.7522951962e-03
3.4370268972e-03 -2.1420623726e-02 -2.8032793163e-02 5.9000244599e-02 -5.9847483361e-03
2.5387014162e-02 2.4268219297e-02 -2.1225137762e-02 3.9234939206e-02 -1.3059916073e-01
2.1052997486e-02 -2.7338219496e-02 1.1836123624e-01 6.1704921902e-02 5.7245868674e-02
1.3951975619e-02 2.7927406617e-02 3.7057136746e-02 9.0542987782e-02 -4.8121812490e-02
-1.0169792644e-01 6.1123472315e-02 1.0183032453e-01 2.0279857718e-01 -2.9774337964e-02
1.9026253732e-03 4.2104376455e-02 -6.8386360720e-02 -1.9003715118e-01 -8.1621460139e-02
-7.2386962789e-02 5.7321248769e-02 1.0027355659e-01 1.5977879257e-03 -9.8228720977e-02
2.4795188045e-02 1.1792376099e-01 5.9864768749e-02 -1.0598136761e-01 -9.6936209826e-03
6.0993601985e-02 -8.5074560701e-02 8.5343751069e-02 -3.6444253866e-01 -8.8447368034e-02
9.1628425685e-02 1.2806925452e-02 9.6273449520e-02 -2.9610374651e-02 1.9053643756e-02
7.5835352664e-02 1.6953835875e-01 4.9506010898e-02 -3.8744746834e-02 -4.0738860724e-02
-9.9489353681e-02 4.9897208436e-02 1.1175956396e-01 2.7548656235e-01 -4.0114867549e-02
1.7053406591e-03 1.1900399904e-02 -3.8103388849e-03 -1.4880961618e-01 3.1051114204e-02
-3.8335851958e-02 1.7708214964e-01 5.7047214046e-03 8.5371600619e-02 -5.6185894619e-02
-1.1399461235e-01 4.6064483891e-02 6.5791018159e-02 5.9672262526e-02 -7.9236886457e-03
-1.4268968386e-01 2.1590160117e-02 1.3611108100e-02 5.7166559787e-02 7.2213716538e-02
4.5425255984e-03 -8.5151563383e-02 -2.0032136593e-02 7.4455475786e-02 -9.4521321210e-02
-2.2409957140e-03 -2.0526958078e-02 -4.9712413223e-02 -8.1166332884e-02 -1.0501913932e-03
1.5920055688e-02 -3.1548343965e-02 7.1595102813e-02 1.5024319753e-01 4.9793016764e-02
3.5750644596e-02 -7.9460284014e-02 -8.8698212989e-02 -5.0801079586e-02 4.4877810140e-02
9.4315196513e-03 -1.2578451543e-01 -1.9393113743e-01 -1.1629921842e-01 -1.2224275102e-01
-5.5715473679e-03 -6.9549653382e-02 3.1997847827e-02 6.6608502368e-02 8.0357404944e-02
-3.6136506308e-02 4.2246810126e-02 -6.1075286347e-02 -8.2230798344e-02 -6.2252302059e-03
2.5703488359e-02 -1.8310574808e-02 9.7042688328e-02 -3.0449993930e-02 3.3021901822e-02
1.8963644256e-02 9.2058447486e-02 -8.3124914374e-02 -2.7137884585e-02 6.3108369834e-02
-5.3493130320e-02 -4.0159634341e-02 -1.0187911262e-02 2.3696555862e-01 5.0722767612e-02
1.6531429342e-02 2.7386166186e-02 7.9088827777e-02 -1.5390213553e-01 1.8258238094e-02
2.7663809909e-02 -1.9089347684e-02 -5.3933180239e-03 7.2669023864e-02 -4.4156009069e-02
-3.7941266970e-02 4.4652728782e-02 1.2162582272e-02 -1.4057076497e-01 -2.0159221720e-02
-6.3509830973e-03 -5.0689776955e-03 -1.1393114869e-02 -6.8133279552e-02 5.4743454634e-03
-1.4643483974e-02 -2.9470860041e-02 -1.5584005461e-02 8.9257497920e-02 1.1805401712e-01
1.4404686285e-01 9.3743179609e-03 -1.4727162920e-01 -1.6317280653e-01 -3.0332997173e-02
5.5212022520e-03 4.2210400809e-02 6.2780379985e-02 1.4109491095e-02 -3.6287876921e-02
6.7451828349e-02 5.6906916177e-02 -4.8355423563e-02 1.5195318207e-02 -6.7261883828e-02
-1.0688738151e-01 8.6015108528e-02 -1.1702996858e-01 3.3811937499e-02 4.4031606939e-03
