7.3157911683e-01
-3.7528457341e-01
1.0237855938e+00
7.2722859378e-01
-8.0739207624e-01
-8.7246280205e-01
9.8381173584e-01
-1.3588301412e+00
-9.8748426649e-01
3.8137936284e-02
1.5276546400e+00
9.7131104816e-02
6.5936872416e-01
-1.0201494453e-02
5.1187577082e-01
7.7946139090e-01
-2.7495299747e-03
2.4457198178e-01
1.7338540055e+00
-5.9344222580e-01
-5.1474086816e-01
1.8932817995e+00
2.3373711729e+00
2.1552924559e+00
-8.5375544320e-01
-1.7050106877e+00
-5.8774531741e-03
-7.0433493924e-01
1.3452391517e+00
1.5356948779e+00
-1.3002564176e+00
5.5179722860e-01
1.0360683868e+00
2.8172896600e-01
-4.3154437326e-01
-6.6379803291e-01
-3.1012205631e-01
-5.7272732468e-01
-1.0770250690e-01
2.1800471066e+00
4.3580433390e-01
4.9262075931e-01
-1.8167677443e+00
-8.9007336011e-01
7.7478453892e-01
-2.0919987994e-01
4.4174399437e-01
-2.7709943930e-01
-2.6126785811e-02
-4.8573935680e-01
-4.4712244387e-01
1.5565331053e+00
-1.2125528785e+00
-7.9048308111e-01
1.5997381908e-01
5.1137617522e-01
-3.0238860798e-01
1.9786012064e-02
-2.3315666425e-01
2.8451889637e-01
-3.6546428755e-01
-1.2907963948e+00
6.2377016064e-01
1.1916087844e+00
-7.8296189496e-01
3.2756816801e-02
-1.6344828935e+00
6.9750018193e-01
2.3146751221e+00
-7.6492624668e-01
-7.4390176251e-02
8.6050152542e-02
-7.3212746892e-02
-4.2519934311e-01
-6.5287617769e-01
