3.6005876903e-01 -6.5881859056e-02 -2.4814483429e-01 9.6477723283e-02 2.6910862962e-01 -1.5274815840e-01 2.3564461849e-01 -6.9206883682e-02 -1.8038631329e-01 -1.1522678038e-01 -1.5538657848e-01 1.9396982134e-02 -8.4248896656e-02 3.6435751248e-03 6.8810524444e-02 2.4332553470e-01 2.6918565819e-01 -2.1258650842e-02 6.7957956261e-02 1.0896791294e-01 1.2797014514e-01 -5.2657667061e-02 2.0310020515e-02 -5.0137134756e-02 -1.9826159448e-01 -8.1720304726e-02 -5.0936753346e-02 1.0800264176e-01 1.2659004736e-01 3.5380831703e-02 1.5046494143e-01 1.4622608076e-01 -6.1420309546e-02 -1.5496438825e-01 5.0182470078e-01 2.0796755953e-03 1.7436972370e-01 4.9836787240e-02 1.3858519070e-01 6.9955924183e-02 -1.6823349498e-01 2.3461461269e-01 2.2903259722e-01 -7.3870957190e-02 -1.4314587532e-01 -8.1172874561e-02 8.5430047024e-03 -2.3292281130e-01 1.3190628198e-01 -1.3923766665e-01 -7.9078863662e-02 -1.0322196553e-02 -2.8650565745e-02 -3.9369392194e-02 -9.3557347606e-02 3.0462532671e-02 -3.3771574743e-02 1.6630084612e-02 1.0301376849e-01 7.2178593960e-02 -3.4308539255e-01 -2.4914924032e-02 -4.9853794405e-02 3.5657973338e-01 -2.5884190288e-03 -6.4958558034e-02 1.2391445970e-01 1.1689247849e-02 -3.8210501207e-02 -1.4837876863e-02 9.6932836430e-02 -7.5138137276e-02 5.7170171682e-02 -2.7238444298e-01 4.0860172067e-02 -2.5388907770e-01 3.6175274354e-02 -2.3205888963e-01 9.7445224078e-02 -1.0039624564e-01 9.5417915325e-02 1.3885486484e-01 -2.8728428968e-01 1.1426494529e-01 -5.9039136535e-01 -1.2548780774e-01 1.2297943732e-02 -6.7074261399e-02 -1.4165720011e-01 -1.8136151575e-01 2.2103336121e-02 -8.3088532682e-02 3.5839169647e-02 -7.0788206300e-02 8.3544251777e-02 -1.8725885653e-02 5.9079570374e-02 -1.0952590334e-02 1.4497487606e-01 2.7865132396e-01 -2.8809367477e-02 -1.9337267717e-01 -1.6421831493e-01 -5.1194808935e-02 -1.7676805232e-02 8.3985991088e-02 -1.4875718411e-01 -4.5217648855e-02 -1.3704952894e-02 -3.1144132429e-01 -7.6095882611e-02 -2.0310343949e-01 -1.9688647158e-01 -1.7645194986e-01 1.7729896280e-02 3.7554625343e-02 1.9010415132e-01 -1.7433462068e-02 -2.5453347799e-01 -4.7909518477e-02 9.9336863904e-02 1.6940132091e-01 -2.7465658194e-01 -2.0579276129e-01 -3.9886821758e-02 -6.0878998590e-02 2.1372347902e-01 2.8520868015e-01 -1.4150462099e-01 -2.0597408982e-01 4.0292438252e-02 -1.4613801440e-01 -2.2687282103e-01 -1.3335119025e-01 -5.6371941642e-02 -3.3487233888e-02 9.7345969648e-02 2.2787951583e-01 -5.8991643616e-02 -1.2790261164e-01 -1.5537071325e-01 -5.3870951830e-02 2.7783668727e-01 -3.2986164334e-01 -3.9833602691e-02 -1.0327951607e-01 1.9877934619e-01 -9.5533535782e-02 4.4089119308e-01 -3.7976775488e-02 1.1192036448e-01 -6.9021268879e-02 1.6502736786e-02 3.6164224506e-02 5.0165725828e-02 -1.2466100292e-01 2.0104694422e-01 -1.9908548604e-01 -6.5566417385e-02 -1.7058211676e-01 3.7823352053e-02 1.5968218520e-01
3.6183643694e-01 2.8539440290e-01 -6.6066490346e-02 -1.2069762669e-01 1.0993214840e-01 1.9599385185e-01 -7.7223718292e-02 -7.6898456692e-02 1.5247767458e-01 -8.2219934106e-02 1.4585343319e-01 -6.1640382889e-03 1.1258389332e-01 -5.9377845296e-02 -1.4221946082e-01 -1.1469662652e-01 -1.6751396787e-01 -2.6118509740e-01 1.3282128501e-01 4.8045912156e-01 7.4504286818e-02 -3.5088838200e-02 -1.6670637481e-01 -2.1822156057e-02 -1.7377467016e-01 -3.7750169804e-01 -1.4488388060e-01 -1.7348322372e-02 -2.4539024918e-01 2.7174162616e-01 -2.9289275358e-02 -2.4934768110e-01 -2.9631428749e-01 -2.2938305661e-01 -2.1673797546e-01 -5.4181933814e-02 1.1579360955e-01 -1.5857966510e-01 6.9616288913e-02 3.3081808189e-02 2.3072350303e-01 -3.0305533142e-01 9.2192418245e-02 2.4369081958e-01 -1.4813057202e-01 2.6318660892e-02 3.3399206820e-01 -1.6854243361e-01 4.6592133651e-02 2.6377358526e-02 -2.0527274923e-01 2.6873380435e-01 5.4143545850e-02 -5.0002500923e-03 -9.8401795411e-02 -2.0692555937e-01 3.9769047091e-03 1.5793647066e-01 1.6785990965e-01 4.1878007571e-02 3.0256443279e-01 1.4363769547e-01 -9.0322075728e-02 1.3295896638e-01 3.7048836814e-02 1.0842032501e-01 -6.3348610283e-02 4.8460205182e-02 2.2130883749e-01 4.1322174246e-01 3.0102115412e-02 -4.4474797818e-01 5.3650418416e-02 -5.8524243005e-02 1.0546001122e-01 5.1938944370e-02 9.5245612430e-02 9.3863384202e-02 2.1588148706e-03 -9.1442778545e-02 -4.2659725506e-02 -3.0680481384e-01 1.3954078336e-01 4.8906440323e-02 -4.0670516516e-01 -1.7625258688e-01 8.0992478334e-02 -2.1570434872e-01 1.1033970634e-01 -3.9356714146e-01 -8.6587755765e-02 2.5158569665e-01 -7.9335690893e-02 -9.2621478129e-02 -2.1772624442e-01 -1.3182289320e-01 1.3962895928e-01 1.8156420166e-01 -1.1593873185e-01 -3.5565121333e-02 -1.5716987410e-02 1.6050046066e-01 -7.9726937501e-02 1.1276934458e-01 -9.1553668436e-03 3.8449635712e-02 -4.0150442418e-02 1.3535491184e-01 3.8106692787e-02 2.2150903291e-01 2.4108025957e-01 -8.9262098801e-02 -2.3612335091e-03 2.4672445202e-01 -2.4013690833e-01 -1.3624899504e-01 2.1787956875e-01 -1.3172538439e-01 -1.7940123124e-01 2.9399109258e-03 -6.0978803255e-02 1.1903603502e-01 1.2348055957e-01 1.1159297158e-01 -8.5268504532e-02 -8.4066595482e-02 -1.3795115708e-01 -1.1181142543e-01 -4.5955510623e-02 7.1177642925e-02 2.0577571955e-01 2.9950380468e-02 7.3609359118e-02 1.0605351186e-02 -8.7538052042e-02 -1.8461200813e-01 -1.9382580346e-01 1.2942148614e-01 4.7210335102e-02 1.1268271600e-01 1.0488938656e-01 -4.2299317771e-02 -1.8781378390e-01 -1.1117134065e-01 1.9919544241e-01 6.5304844828e-02 3.2266665400e-02 1.8204452385e-01 -2.0457624911e-01 3.9419438465e-02 3.2652011483e-02 -4.9047469329e-01 -1.8470435982e-01 1.7591103278e-01 -1.6890778144e-01 1.8309089910e-01 -1.6972566800e-01 -1.7965944882e-01 3.1762957263e-01 -1.3518765151e-01 -3.0174739814e-01 -1.1418699055e-01
5.5912741982e-02 -1.5775288381e-02 -5.2595967920e-02 -3.5940030581e-02 -4.5519827841e-01 5.3549210603e-01 -1.1277640222e-01 1.5522413965e-01 -1.4588928837e-02 2.8412773553e-01 3.2779005689e-02 -1.4178477048e-01 4.0976213464e-01 -4.7462614598e-02 4.3385626254e-02 -1.4772956476e-02 1.9776960415e-01 6.8287641863e-02 1.5962284935e-01 2.3026566127e-01 3.5067464299e-02 1.6044065741e-01 -4.1623522619e-01 4.5049188002e-01 7.4307833530e-03 1.6566145447e-01 4.6146582704e-02 -1.4833723395e-01 1.0487594938e-01 2.2790029457e-03 -2.4724279601e-01 -3.2899130540e-01 2.1234217941e-01 1.2761992523e-01 -1.2861198899e-01 -2.9161730303e-01 -5.1354800195e-01 1.5212490916e-01 1.0951614481e-01 -2.9805969025e-01 6.2924892112e-02 1.4209943706e-01 2.5289034425e-01 2.2840515337e-01 -1.8564427944e-01 -3.5323825943e-02 -8.9958320577e-02 -2.2078144057e-01 -2.1452635993e-01 4.8924601942e-02 -9.4975558094e-02 2.8571858866e-02 9.0594431017e-02 -2.8996461707e-01 4.1475158521e-02 -6.2892506626e-01 -2.3290990503e-01 -1.8275171646e-02 -9.8567785538e-02 -2.6586527503e-01 -2.0839966441e-01 4.1173877150e-02 -4.3325080204e-01 -7.5007461759e-02 -1.0895320741e-01 7.6863607641e-02 7.5578829943e-02 -7.7786067258e-02 1.3044109093e-01 3.3103560943e-01 6.4895503470e-02 3.6372976546e-01 2.7226576343e-01 -1.7670901145e-01 -3.9272913821e-01 -1.8356187846e-01 -1.8992087178e-01 2.7378163113e-01 2.1524952030e-01 -2.8917011626e-01 1.0720958047e-01 -1.3459281050e-01 3.2727851056e-01 8.4793692768e-02 -4.5989673078e-02 -3.3330023794e-01 2.3904072310e-01 -7.2639749100e-02 3.1304583366e-01 -1.8461158351e-01 1.0937515220e-01 -2.3319187271e-01 5.8170789342e-02 -2.6998264307e-01 6.9712217269e-02 -4.6140496531e-01 1.7816289585e-01 1.5775846079e-01 4.3185666173e-02 -4.7501061833e-01 -2.7904504047e-01 1.8343283465e-01 2.8436984818e-01 2.0981754846e-01 1.3757407298e-01 -1.0291078529e-01 -2.0835539304e-01 2.6807485075e-01 7.2256930770e-02 -1.2537279669e-01 1.2492631778e-01 2.6454375714e-01 1.9442390494e-01 1.8083541060e-01 -7.4667233343e-02 1.1363239350e-01 1.8133956903e-01 3.4059993809e-01 2.5239081976e-01 -2.2470108204e-01 -7.4084552750e-02 -3.2323841365e-03 7.3002384427e-02 -1.8011430381e-01 8.8230571278e-02 -2.3305042351e-01 -2.3501092714e-01 -1.6430872480e-01 1.4172824182e-01 2.7058044290e-02 1.4972230856e-01 3.0887174879e-01 3.4482883140e-01 7.5895927966e-02 3.1466414454e-02 -2.0821678533e-01 -3.7005914641e-01 1.9493910303e-02 3.9530908816e-02 -7.8974616475e-02 1.1499480272e-01 -6.1620895595e-02 -5.9664321592e-01 2.2210093551e-01 2.8609225947e-02 2.6900846526e-01 -5.0921316725e-02 9.9472431645e-02 -6.7179332942e-01 -2.8932660897e-01 2.6767496779e-01 3.5097543998e-01 -4.2845138337e-01 -3.0467497203e-01 -3.9200531627e-01 1.9120174214e-01 -3.7328325658e-01 -2.7524513531e-01 2.4282246452e-01 2.5049144697e-02 -1.2799465264e-02 -9.6058793075e-02
1.0290223053e-01 -1.9709947318e-01 -2.0177218389e-01 2.5908902969e-01 1.1794343289e-01 9.6429523337e-02 -6.0615754596e-02 2.7301974909e-01 3.4824033411e-01 2.3860624244e-01 2.2790644498e-01 -2.5026685678e-01 -1.3796963243e-01 1.4176987328e-02 -6.9046159543e-02 -3.5316874182e-02 -3.0117253571e-01 2.3303616316e-01 1.0496573908e-01 1.4138783495e-01 1.5666169341e-01 4.3179642057e-02 -2.8248034454e-01 -2.0609763747e-01 3.7376056549e-01 -5.6396994408e-02 -5.4848140288e-02 4.2439748407e-01 9.4361937015e-02 -1.5779897613e-01 -3.9543320313e-01 -1.1533321695e-01 3.2284395442e-01 1.5796901538e-01 6.6238804417e-02 -2.9238621060e-02 4.3341267209e-01 -4.3525643242e-03 9.2077218421e-02 6.7842820522e-01 -3.2932395026e-01 9.2174161026e-02 3.3329463204e-02 9.5144728966e-02 -2.6333864544e-01 2.2111314950e-01 1.7342278314e-01 -3.7127079959e-01 -1.2180881741e-01 -1.0844574560e-01 2.0511715648e-01 -4.1086913920e-01 2.0032135917e-01 -3.3359626332e-01 3.4550795168e-01 -1.4034074824e-01 -2.3623842126e-01 4.5401455736e-03 -4.2598160649e-01 -1.3496068468e-01 -4.1856546825e-01 9.1440320379e-02 -4.8121719497e-01 -2.4146183980e-02 -1.9902670256e-01 -1.3835805911e-01 1.6883418430e-02 -2.1803008383e-03 -2.0626569508e-02 -3.8220238219e-01 1.0229754159e-01 2.0607337429e-01 1.0624303951e-01 -3.1516779723e-01 -2.7550771796e-01 -8.9250188866e-02 3.3998823648e-01 -1.4668232218e-01 7.0092038839e-02 -2.7054093561e-01 1.4107572385e-01 7.0184787284e-02 2.2936358081e-01 1.6676801624e-01 3.4733310849e-01 -2.4359760018e-01 2.6663402262e-01 -1.9543080218e-01 -1.0944460983e-01 4.1838126938e-01 1.8271739354e-01 -3.2012324122e-01 -6.5594028823e-02 -4.6395571762e-02 3.7134778074e-02 8.2618974212e-02 -1.9731227503e-01 2.9043793261e-01 2.5985660415e-01 -5.0361160330e-03 -4.3572530067e-03 -1.9851836866e-01 2.2863070561e-01 -7.8516781990e-02 -5.5183066253e-02 -1.8335161388e-01 2.3768566747e-01 -1.1225109725e-01 6.4426470430e-02 2.3365247489e-01 -4.3724992949e-01 -5.9788431875e-02 2.2776536821e-01 2.2437583902e-01 -1.1831335206e-01 -2.6422662972e-01 -1.7344528676e-01 1.7420690204e-01 2.3777038032e-01 -1.7763838893e-01 3.3562174736e-01 3.1535594218e-01 -3.2937227712e-01 -1.5218015312e-01 2.7959686468e-02 -3.4750281838e-01 -4.6332493559e-01 -3.8489556654e-02 4.5650451059e-02 1.0638633469e-01 1.1990536377e-01 -1.0885114701e-02 2.6938646118e-01 9.4740128407e-02 2.0023324716e-01 1.9926891204e-01 1.1459952098e-01 2.3893734472e-01 -3.9698923526e-01 -1.9095872377e-01 1.6324977466e-01 2.1273413957e-01 -6.4229600159e-02 4.5570729012e-01 1.2204427157e-01 -1.6794049234e-02 1.2333441697e-01 -2.3183374919e-02 1.7967840918e-01 -2.5644637629e-01 -1.3821158708e-02 1.4832494267e-01 -1.5365114447e-01 3.9495053392e-02 2.0266774365e-01 -2.7912945057e-01 2.3119457967e-01 -4.7893982715e-01 -2.7386728851e-01 2.0224163664e-01 2.3597129228e-01 -1.7240772803e-01
-1.4026550645e-01 -4.3362564198e-02 1.0213793531e-01 1.1697934102e-01 -3.9208813284e-02 2.7391305970e-02 1.3587738564e-01 2.2350345020e-01 1.8356600514e-03 -3.9402195377e-01 3.2146338269e-02 8.2925436167e-02 -1.0343031845e-01 -1.6596941870e-01 -1.2300190960e-01 -1.4866850146e-01 9.1830048416e-02 -2.1669182195e-02 2.1306903750e-01 3.7928385833e-02 -1.2008373851e-01 -1.0513352011e-01 3.6849253660e-01 -1.3439035099e-01 -2.0037343640e-01 -1.0830129546e-01 -4.9068847195e-03 -2.5036893483e-02 1.1284597131e-01 -1.6795658683e-01 9.5988279706e-02 2.1167371299e-01 1.4241594072e-01 -2.2058147339e-01 -7.1457774569e-02 8.6667779692e-02 6.4354311559e-01 -4.9180136894e-02 -1.3365640688e-01 3.0058338234e-01 2.6517717454e-01 -9.0947035876e-02 4.9942519235e-02 1.1409209177e-01 1.9490688624e-01 -3.7823439606e-02 1.0846702252e-01 3.1198932126e-01 9.6820789253e-02 4.8149321314e-02 1.4274751370e-01 5.6130095606e-02 -2.1644225705e-02 6.4964885537e-02 -2.0851335241e-01 1.5425489984e-01 5.6350907480e-02 -2.0593293392e-01 -6.7836586542e-02 8.7374536839e-02 1.1698164397e-01 3.6569776836e-02 -1.6084382782e-02 -1.8496689184e-01 1.8773905160e-01 -3.2260088314e-01 3.2448794291e-01 -3.3857651646e-02 3.6041750629e-02 -2.1308922474e-01 2.6684974111e-02 -2.1550074476e-01 -3.2369066171e-01 2.6012509046e-01 -1.4265042788e-01 2.1139844811e-01 3.1143825700e-01 -2.2269974100e-01 2.0769946866e-02 2.5461808143e-01 2.2641610489e-01 -1.4604428220e-01 6.0232468663e-02 -1.2275055893e-01 -3.1183238045e-01 3.3873995773e-01 1.5149494689e-01 1.0610472997e-01 9.8605128332e-05 -6.2790421998e-02 -2.2543981010e-01 1.5696815943e-01 -1.3094134713e-01 1.0199489386e-01 -4.4211862352e-02 4.3127831651e-01 -2.2697704518e-01 -5.9262722055e-02 1.6060495986e-01 2.1978426259e-01 1.8737149104e-01 -1.3314722661e-01 -2.4984424254e-01 8.7561951674e-02 -1.3055316919e-01 -4.1194844932e-02 9.5392548299e-02 -7.5579725615e-02 -5.5429740825e-02 -1.4329058572e-01 2.4198854851e-01 -1.1246371982e-02 2.7542551386e-02 -2.7553248286e-01 2.7808039335e-01 1.8713456428e-01 -1.7832127847e-01 2.2724648820e-01 -2.2815213870e-01 -1.9023834530e-02 -1.4504873540e-01 2.3138532358e-02 9.3125092925e-02 3.7263827749e-01 7.4516506598e-02 6.1921287961e-02 1.6288581870e-02 -3.8107491780e-01 -1.3148161603e-01 -3.0396558325e-02 1.3466448845e-01 -2.8882971926e-01 -3.8786084175e-01 -1.8803934698e-01 2.9637879446e-01 3.0658657037e-01 -1.3702189654e-01 2.6873518725e-02 2.0754054492e-01 -1.7864934911e-02 -1.5961603929e-01 1.0836301479e-01 -3.4622633837e-02 -4.9996966353e-02 7.3977719240e-02 -2.2106861279e-01 8.6599849727e-02 1.3078866292e-01 6.3902441498e-02 6.9478468066e-02 -3.3066699523e-01 -2.0958748922e-01 2.4201310874e-01 1.7390341521e-01 2.9973630485e-01 -1.4583912857e-01 3.2304061598e-01 2.1863819681e-01 1.1468318645e-01 -2.3217919078e-01 -3.0604357149e-01 -8.4476905717e-03
2.1327380940e-04 -1.0529684110e-01 -1.7697386407e-01 3.0175953665e-01 -1.7107718474e-01 -1.4568914648e-01 8.8593412768e-02 -2.3801694714e-01 7.5017260551e-03 -4.7737195590e-02 4.2000474899e-02 1.4592746585e-01 -3.9080319904e-01 -5.8015363285e-02 -1.0905265084e-01 1.3844116855e-01 9.1347753998e-02 -4.1323444393e-01 1.3377325112e-01 -1.2604824905e-01 -5.3559952366e-02 1.5630431316e-01 -1.6799586052e-02 -2.1093618011e-02 -2.1417459623e-01 -3.6596789519e-01 -7.3497191641e-02 8.1137346879e-02 -2.0870128044e-01 -1.6267886128e-01 -7.1148493618e-02 1.7804390356e-01 -5.0123442723e-01 -3.2232588855e-02 -1.3287945630e-01 -1.0149740926e-01 -5.2264025390e-01 -4.0173489738e-01 -2.2273350147e-01 -1.2050598459e-01 2.3525473819e-01 1.4554749794e-01 -3.7683660560e-01 -2.9375443345e-01 3.1394562688e-01 -1.3376752683e-01 -2.8248122796e-01 1.3226949149e-01 4.1808734333e-01 -3.1038867337e-01 -1.4526740435e-01 -3.8880036083e-02 -1.0888962932e-01 1.2722134327e-01 -2.1192112176e-01 2.3451534395e-02 8.6193518509e-02 -2.2590350344e-01 1.3727815315e-01 8.2439273687e-02 2.5302541404e-01 2.6868442080e-02 -9.2957468800e-02 1.8819759965e-01 1.2186345071e-01 -1.0552729206e-01 -3.1568650426e-01 -4.6097304933e-02 -3.0959181380e-02 2.4428253948e-01 2.5708471875e-01 -2.2981004883e-02 -2.7013214947e-01 2.8087454828e-01 3.7594867952e-01 1.9184115676e-01 -1.3133994312e-01 -5.1134639103e-02 -1.0275440821e-02 1.8232681422e-01 3.5545578642e-02 1.4774207786e-01 -8.8424589679e-02 -3.8522760371e-02 9.9289332068e-02 -1.4795655821e-01 -3.1894988512e-01 -2.1807389942e-03 -3.3024837929e-01 -4.4251968170e-02 1.5676999169e-01 1.0579079576e-01 2.3132478359e-01 1.7603992459e-01 2.9896270447e-01 -3.1119175212e-01 3.0813187262e-03 -1.6398853198e-01 3.9168293780e-01 2.9977060034e-01 -2.5041065736e-02 -2.8926125484e-01 -5.2849610567e-01 -1.1113607144e-01 3.9739999924e-02 1.4358318414e-01 -2.8902773576e-01 -9.5581860369e-02 -1.4326679764e-01 -4.8906642209e-02 3.3410680495e-01 -1.9850213679e-01 -1.2805498849e-01 -4.5482421968e-02 5.5407355992e-02 1.2712739305e-01 8.3387756770e-02 -6.6681386718e-02 -3.0249602850e-01 -1.0594745227e-01 -3.3822110775e-01 -3.1603577979e-01 -5.8362832859e-02 -1.9884728859e-01 -1.4067161769e-01 -1.6966022871e-01 2.7899456607e-01 4.0041114180e-01 -2.4019612643e-01 -2.2886028496e-01 2.1822209096e-01 -1.1380616056e-01 2.7560576541e-01 -6.4716483330e-02 -3.1327016551e-02 -7.1458582816e-02 2.8483485562e-01 2.0466339613e-01 2.5638336659e-01 -2.6039223493e-01 -2.7226887115e-01 -2.4882722579e-01 1.2575277453e-03 -2.4304279695e-01 3.5506195080e-01 -3.8636345774e-01 3.8219017863e-01 -2.8108019994e-01 -1.9865069779e-02 2.2802361832e-01 -6.2912365918e-02 -5.6901360693e-01 2.7925764644e-01 4.7513729943e-02 4.0615039275e-02 2.7156231900e-01 -3.2784083345e-01 1.9511014607e-02 2.1491312053e-01 -1.5160475597e-01 -1.2761035085e-01 4.2253438363e-01
1.2633475160e-01 1.0861629014e-01 -2.9742594069e-01 -5.4708042533e-02 2.2056265941e-01 2.2235450174e-01 1.3295907818e-01 1.7673328606e-02 -2.0349774154e-02 4.2535451077e-02 2.2249899610e-01 -2.2687682542e-02 -5.5997714577e-02 -1.4421455247e-01 2.0659376032e-02 2.4820390598e-01 2.5081900142e-02 -6.2108090828e-02 1.9874594441e-01 -2.9151740435e-02 -1.1568312649e-01 -2.4121283829e-01 -7.4217965597e-02 -2.2499511938e-01 7.1227329223e-02 -2.8641897553e-01 -1.2656485653e-01 5.7836904405e-02 8.4266519548e-02 1.3599227753e-01 -5.7644580001e-02 -7.0397056185e-02 -3.6263873596e-02 1.2578599416e-02 -1.8703676428e-01 -1.5267733902e-01 2.9251122181e-02 5.0539645142e-02 -1.9366175184e-01 -8.2502958589e-02 5.4886983580e-02 -1.1441327686e-01 -2.5107460537e-02 1.9105421367e-01 2.6457937068e-02 -1.6906104521e-01 3.0297065775e-02 -1.2736436072e-01 1.6845324533e-01 -7.3511433123e-02 -1.0971011664e-01 2.5543627368e-01 7.0829585772e-02 -7.5555127363e-02 -3.6421888430e-01 2.4991427637e-01 -2.3889380134e-01 1.1969435435e-01 -1.6679846635e-01 6.2131980515e-02 -1.4285098592e-01 3.8259359341e-02 3.5202436280e-02 2.3935010353e-01 -9.7963725611e-02 1.1051608629e-01 2.8837717948e-02 1.2661050575e-01 -1.3102699455e-01 3.1629635349e-01 -4.7711394657e-01 -2.8563814460e-02 7.0951653813e-03 9.6945108256e-02 2.7530977426e-02 5.8500575218e-02 -3.1359998764e-01 7.6441162801e-02 -3.0393533197e-02 -4.8060718102e-02 -4.4026382804e-02 1.8428528242e-01 -1.0005034438e-01 1.2496220239e-02 2.5322450891e-02 2.3739683086e-02 -4.6510012714e-03 -1.9223321303e-01 1.9894437664e-01 7.8363562255e-02 -6.0505777516e-02 1.0938708716e-01 2.3609204993e-01 2.6555378435e-02 1.0336800491e-01 -1.3455468945e-01 2.0656487843e-01 9.2925750927e-03 1.0575145478e-01 2.9210102834e-01 -2.6778974920e-02 1.1519554399e-01 6.5062818815e-02 -1.8907207686e-01 2.0345429241e-03 2.5122569906e-01 -1.6558576636e-01 1.0282774641e-02 -1.6038274326e-01 2.7912722727e-01 1.1732371012e-01 7.5641712952e-02 -4.7486819007e-02 1.4174131869e-01 -6.6205487178e-03 -1.2051918677e-01 7.6978885065e-02 -1.1358499664e-01 -2.3992628516e-01 1.0776213601e-01 -2.1206633709e-01 5.7543756520e-02 -1.2270715258e-02 1.6750845106e-01 -7.1219783276e-02 -2.1787131410e-01 2.0608786482e-01 2.0616273133e-01 -3.0451099437e-01 1.5688067809e-01 1.0945475753e-01 2.2732256437e-01 -3.8078978199e-02 4.4711225343e-01 7.3184995240e-02 -8.7519034434e-02 1.4730850005e-01 -1.3062975253e-01 1.9926382960e-01 -1.5811881234e-01 9.4533489998e-02 -1.8050115478e-02 3.1846398943e-02 -9.0942918855e-02 -3.1768114722e-01 2.6563465367e-01 -2.5543547334e-01 -8.4461045386e-02 3.2864013540e-02 1.8753671178e-01 4.2421154076e-02 1.1674444984e-01 -2.9978336264e-01 -1.5402582216e-02 -4.3009583886e-02 1.8889273824e-02 -1.7953131766e-01 4.0961573457e-02 2.2306192856e-01 -4.5527924016e-02 -5.9958792647e-02 1.3657069787e-01
-5.0021940690e-02 8.4501164881e-02 6.6850228963e-02 -3.0229734436e-02 -1.8273153476e-01 1.4956505734e-01 1.5464226615e-01 -1.8717231599e-01 -1.3610676447e-01 -5.0510512199e-02 1.6930266617e-01 -4.2427481308e-02 2.6906705018e-01 -1.9031944527e-01 -1.4188684461e-01 2.9401461203e-01 1.8788285862e-01 -3.0223252073e-02 1.3611942871e-01 1.7557839287e-01 -1.8327958934e-02 -2.6289658575e-02 1.4281569567e-02 6.0361076950e-02 2.7283878096e-01 3.4610217643e-01 2.6469261569e-01 -1.0705201758e-01 5.2320060465e-02 1.8536564867e-01 -1.5933980210e-01 -1.0446550696e-01 2.1437755912e-01 -1.2717245753e-01 -4.7516167556e-01 -6.1989545430e-02 -1.8931399601e-01 -5.6759115079e-02 1.6381442998e-01 -7.4998689767e-02 -8.3968732447e-02 -3.2504390863e-02 -1.0255351229e-01 1.8288146574e-01 -1.9326639228e-02 -8.6543853404e-02 5.7084780854e-02 -3.1763413197e-02 8.9169612693e-03 -5.1096003242e-02 1.4856202186e-01 -7.3678530544e-02 1.2035095554e-01 -2.6559447361e-02 -8.8642062888e-02 -7.7024576752e-02 3.6879977307e-02 6.2557069337e-02 -1.4315055707e-01 2.5630606596e-01 2.2047499757e-01 1.0447601307e-02 -7.7940423413e-02 4.6396320776e-02 -1.2438203979e-01 -1.4520356556e-02 4.9872548148e-02 -3.1878775563e-01 -1.7792612401e-01 2.0523328202e-01 1.7573919503e-01 1.1791954751e-02 2.3933820723e-01 8.7576979280e-02 -3.5533263113e-02 -1.6426823085e-01 -9.8922508153e-02 2.4611717801e-01 2.1199028958e-02 1.3895934324e-01 -1.3893203664e-01 1.6280387875e-01 1.1692905655e-01 3.4262672238e-01 4.3826238292e-01 1.6013948826e-01 1.5356648446e-01 -7.6616025195e-02 -1.5964937810e-02 1.5394985934e-02 1.1845157469e-01 -7.4735315548e-02 1.5288868845e-01 2.9738614741e-01 8.0633146406e-03 -1.7723657893e-01 1.3862184633e-01 -1.3904490957e-02 7.4977502732e-02 -1.7299683576e-02 -4.6180830612e-02 5.5675657330e-02 1.4124985105e-03 1.4714567991e-01 -2.1770083206e-01 -1.7186457857e-01 -3.5487614405e-01 3.0535125528e-02 1.0231404405e-01 -8.4427146479e-02 1.4345300300e-01 1.0347311042e-01 3.6682411891e-02 1.8297885818e-01 1.7399361817e-01 -1.8370680164e-01 3.8675212703e-02 7.8688819019e-02 1.9711357270e-01 -2.9916638657e-01 1.1216363167e-01 4.1359975995e-02 3.6875225127e-01 1.9059875827e-01 -1.7828735663e-02 2.0675478283e-01 9.8755138991e-03 -2.4756194419e-01 1.4238372049e-01 -1.1084814924e-02 -1.9369900768e-01 7.0146604427e-02 -3.9060151212e-01 1.3360000250e-01 9.7604345353e-02 -1.8278933231e-01 -1.7799504608e-01 1.6890560140e-01 3.6112582825e-02 2.3722071108e-01 6.2318614679e-02 -4.3490116981e-02 -2.3811950353e-01 -1.5455157520e-01 -8.1838059976e-02 1.4221065942e-01 1.8085397029e-01 8.2872449453e-02 -5.1939494000e-01 -2.8826767862e-02 9.1235119497e-02 1.5351752402e-01 1.2212178222e-01 -2.0659782824e-01 -1.5325718762e-01 -4.0515760530e-02 -1.9462124578e-01 2.1795497114e-01 1.7824745534e-01 6.6472465921e-02 1.3088322656e-01 2.7692521950e-01
3.4676713704e-01 1.4636187750e-01 -1.0462782151e-01 4.2658207231e-01 -2.1981119646e-01 6.2579689646e-01 -4.0746605613e-01 1.3882801629e-01 1.8530498997e-01 3.0355994386e-01 2.5749808333e-01 -5.6434144347e-01 4.9291746735e-02 -3.6523104339e-01 1.3723687132e-02 4.1452545310e-01 4.5101615590e-01 1.1960764541e-02 1.6098909438e-01 1.1137830086e-01 2.5064966808e-02 2.9138852914e-01 -2.1729112495e-01 4.1981757673e-01 4.4737418643e-02 1.5064753700e-01 -2.3171791991e-01 -2.7265103211e-02 1.6348104647e-01 1.2522577818e-01 -1.5068199692e-01 -2.7890196691e-03 2.4585273058e-01 1.5117828795e-01 9.8901777713e-02 -5.1835322633e-01 -3.5615447311e-01 -2.1225377598e-03 3.3670630182e-01 -2.9115075720e-01 -7.2783545368e-02 2.6541028812e-01 1.5225179187e-02 1.7721100182e-01 -1.6399295341e-02 -2.4990787942e-01 -1.0511072330e-01 -1.5516246928e-01 -3.6455925021e-01 -2.4361181741e-01 -4.1761158295e-01 1.5611904247e-01 -2.4674259217e-01 -2.0277947816e-01 -9.6325820398e-02 -1.4840376202e-01 -3.5416924396e-01 6.0174169656e-02 -2.8478357286e-01 -6.4938815521e-02 -3.7422725956e-01 1.9792767107e-01 -6.4727449474e-01 1.7269057407e-01 -4.8340522307e-01 -1.1490859693e-01 3.1514749965e-02 -4.6130651641e-01 4.4076308359e-01 1.9214712819e-01 6.1616982543e-02 2.6994929243e-01 7.5772756324e-02 -3.5274205818e-01 -1.7361492559e-01 -3.1688509976e-01 1.1013228647e-01 2.8120654953e-01 -1.3463189413e-01 -5.5738430433e-01 9.1329712024e-03 2.2682964375e-02 -1.1147465092e-01 4.9713480518e-01 1.9558100220e-01 -2.4998569758e-01 2.5183226484e-01 -2.4021090474e-01 2.4013851976e-01 -2.8276536955e-01 1.0473823110e-01 -1.4345482853e-01 3.2373340025e-01 -1.3201538284e-01 1.5315941606e-01 -6.2369115799e-01 2.4279545557e-01 7.0330576515e-02 -1.1168666702e-01 -5.1298966315e-02 -4.9296336636e-01 8.6732655510e-02 -7.8523562892e-03 9.1955850462e-02 8.3003467932e-02 -3.7774456261e-01 -3.2668625542e-01 2.6888088886e-01 7.6991614293e-02 1.5062195954e-01 3.7000141807e-01 1.7777041243e-01 -5.5445506390e-02 3.4437642562e-01 -3.3548559193e-01 -2.7587493169e-01 9.8911751358e-02 1.0620494569e-03 -2.9121289977e-02 -1.6889474674e-01 -3.3787244475e-01 2.1676332823e-02 -3.7291921511e-01 1.1821907469e-01 -3.2747442760e-01 -2.7556010320e-01 7.4571976446e-02 -1.5140324732e-01 -3.4603397213e-02 -1.9951329381e-01 3.2307408238e-03 2.6314542205e-01 -1.0853202583e-02 7.0906046912e-02 -2.9847754236e-01 -3.4597500264e-01 -1.6822997481e-01 2.1512183577e-01 1.8794743749e-01 -2.3844887950e-01 -2.6907000532e-01 -1.0393071844e-01 2.0327589785e-01 2.9054998034e-01 3.6952706895e-02 1.3464984767e-01 -8.3177625784e-02 3.3036541929e-01 -1.1837317365e-01 -1.6572305625e-01 1.0612214519e-01 8.3329466840e-02 -2.2780060300e-01 -4.6117489550e-02 -5.3887702570e-01 1.9847530649e-02 -3.0715242681e-01 1.9427375372e-02 4.7141023831e-01 -1.5464376371e-03 -2.1118460000e-01 -3.8777205721e-01
-3.3150055282e-02 9.1402076437e-02 4.4408723352e-02 3.0257142069e-01 1.6115854470e-01 4.0649652592e-02 6.8679459285e-02 -2.7081478124e-01 -1.1325477381e-02 -2.8649851933e-02 -1.4423826844e-02 5.2625295804e-02 -5.1790439046e-02 3.7166776077e-02 -2.1601241775e-01 1.5216760806e-01 1.2105031453e-02 5.2820256183e-02 2.4222346372e-01 3.3299690849e-02 -3.4297276497e-01 -2.5986021511e-01 1.2395345798e-01 -3.4424942075e-01 -6.3960676942e-02 -4.9923479826e-02 -6.3601709931e-02 -1.1363633297e-01 -9.7336986011e-02 2.7196123183e-01 -2.0054588882e-01 -6.8586530529e-03 -1.6802638114e-01 1.5768329313e-01 1.4455221983e-01 -3.5928039149e-02 -3.3142174185e-01 -2.7487383760e-01 -7.2414937846e-02 -1.6460132618e-01 -5.6888863382e-02 1.9794045265e-01 -1.0749035907e-01 -3.4264260671e-01 1.9640813136e-01 3.9923604839e-02 -4.1156623186e-01 4.5829919478e-01 7.0694924204e-02 -1.5481205155e-01 -2.4054922501e-01 -1.9204296623e-01 9.1434453941e-02 2.8395929453e-01 2.4303133903e-03 -5.7474771997e-02 -1.6611844003e-02 1.8156325734e-02 7.9760904623e-02 3.2642459579e-01 1.1176801556e-01 2.3671259917e-01 -6.7062510533e-02 3.1090476860e-01 -2.3550425215e-01 -2.3332623826e-01 2.3680974926e-01 6.9350866682e-02 2.7001983038e-01 -7.6940566917e-02 2.0524081214e-01 2.7648402927e-01 6.2183860611e-02 -4.2534098895e-02 3.2586689996e-01 7.9388375852e-02 -2.8630383834e-01 4.0167791300e-02 -3.1563041219e-01 4.8495336695e-02 2.3267764408e-02 -3.2060690494e-01 1.2482830493e-01 -1.7737064830e-01 -1.4273252849e-01 3.5166803894e-02 1.0740941457e-01 3.9619332114e-01 -2.4962512285e-02 2.1441636055e-01 -5.2659071200e-02 -2.3842629687e-01 1.8659007864e-01 2.7808742363e-01 2.0246919084e-01 -1.0049358461e-01 2.0890104460e-02 -3.1447229976e-01 -1.0249748247e-01 2.0246958702e-01 2.7879044444e-01 -2.4009766793e-01 -2.7801367878e-02 -9.7983249930e-02 6.0777571747e-02 1.0996640580e-01 -2.1840416167e-01 -1.0518439582e-01 -2.8266757959e-01 -2.2519285595e-01 6.6913278691e-02 -1.3528228582e-01 -2.7261527992e-01 -1.6580675849e-01 -5.4557833191e-02 2.1250170313e-01 3.3081796119e-02 -2.9794068833e-01 -1.7795309028e-01 1.1483248360e-01 -1.9769618876e-01 -1.6425607416e-02 2.2469605534e-01 1.6344462257e-01 5.0020066674e-02 -3.7066782186e-02 2.4005004936e-01 -2.9759971302e-01 -2.5392476512e-01 4.2057634166e-02 1.0565046306e-01 -3.7356726793e-02 3.6740857181e-02 1.6126109486e-01 -2.2458809370e-01 -1.2685761344e-01 -1.4593989499e-01 1.0655102400e-01 1.6088403044e-01 -1.6640537245e-01 -2.3151437693e-02 -2.0117773051e-01 2.3803487289e-02 5.2249707004e-02 -1.2661453432e-01 -8.5331787302e-02 1.8494623039e-02 3.1464743134e-01 -4.2194271801e-01 2.8689563709e-01 1.1022107594e-01 2.5881319137e-02 -8.4443266226e-02 2.7772403205e-01 1.2830879366e-01 3.4675311180e-01 7.7061309995e-02 1.6534410011e-01 8.6045369743e-02 -2.0689246069e-01 6.3290522752e-02 -1.1913840873e-01
9.4691936119e-02 -1.2313406401e-01 2.1393749740e-02 -1.3783021972e-01 -1.8926341139e-01 -2.4375622634e-01 -3.7186763605e-02 -5.8178069745e-02 -1.0190332868e-01 -4.3392486266e-01 -4.2471280757e-01 4.3582081714e-01 -2.3801660683e-01 3.1361801228e-01 -1.6335002452e-01 -1.2684852585e-01 -9.0914621086e-02 1.1713984866e-01 1.0770456197e-01 -3.0793837439e-01 5.1410549728e-01 4.0650189723e-01 5.2421966748e-02 2.1114085833e-01 1.6385579171e-01 3.2101579931e-02 -1.7123098797e-02 1.5247681651e-02 -3.1821916580e-01 -3.1799781657e-01 3.3115043985e-01 -6.5084212048e-02 -3.0716288045e-01 -2.1258884246e-01 7.7311969082e-02 -9.1357439398e-02 -3.7658363537e-01 -2.7137618392e-01 -2.5897590297e-01 -6.7348265938e-01 2.3242952446e-01 3.1843605349e-01 -7.1621392699e-02 1.0138097346e-01 2.4216591554e-01 -3.3093138150e-01 1.9972772842e-01 9.4511025220e-02 7.6329886598e-02 -1.6442141244e-02 -1.4109204557e-01 4.4770660961e-01 1.6309966931e-01 1.6538337622e-01 -2.1620266496e-01 2.0686395112e-01 -2.3687774126e-02 -3.8033295665e-01 -2.6462926037e-01 -1.2611819229e-01 2.4599977075e-01 2.5514517447e-01 7.8787384648e-02 -5.1474615569e-01 -1.6750006063e-02 2.7405537799e-01 3.4624888185e-01 -7.8734729731e-02 -1.7971004713e-01 -1.0284323989e-02 -5.5201696978e-02 -5.3595802477e-01 3.2201010543e-03 4.4932297227e-01 -2.3811821775e-01 4.2282522094e-01 -9.6098716525e-02 -2.2207572960e-01 2.4597159861e-01 2.1165364427e-01 -1.8258045488e-01 2.3793160577e-01 -3.1210085006e-01 8.6469805798e-02 4.1406732007e-02 3.7648685420e-01 -6.6091594679e-02 -8.4392871025e-03 -2.5767770138e-01 -4.2684655902e-01 -6.2861717728e-02 2.1696860300e-01 -2.6155216303e-01 4.2085886414e-01 -3.8909448010e-01 -2.2453811623e-01 -1.3831525252e-01 7.6625153917e-02 3.0800813637e-02 -3.4523970076e-01 2.4311710861e-01 -2.6647494920e-01 3.9968783774e-02 6.8345562063e-02 -3.1758012109e-01 5.1098309346e-02 -2.8408011656e-04 -1.2512663866e-01 -1.8578210067e-01 -3.7907484812e-02 -1.1593679773e-01 -1.2893321876e-02 -8.2492926490e-03 1.3601776079e-01 1.8697163904e-01 1.6726626659e-01 -7.6930282050e-02 4.4279155665e-03 -9.8647746569e-02 1.4815792917e-01 -1.4096968821e-01 6.6536275829e-02 3.1302155366e-01 4.8132096409e-01 1.5079315498e-01 1.7177312695e-01 -2.9458279764e-02 -5.3254817796e-02 1.6015334898e-01 -2.1249851355e-01 -1.4095236310e-01 -3.5067737267e-01 -5.0113890533e-01 -2.1377758886e-01 1.5078910424e-01 -8.9992932568e-02 -8.3457589306e-02 1.3647485325e-01 1.1423132311e-01 2.5526564664e-01 1.5364872736e-01 -6.1583191675e-02 -8.9417957629e-02 -1.4919616838e-01 3.1259180271e-01 3.6473198187e-02 4.8216707217e-01 -3.6076135857e-01 -3.4334791935e-01 -1.4797889654e-01 -8.2486191060e-02 1.8164286135e-02 2.9430940841e-01 3.4484878640e-01 -1.4490303449e-01 -1.6809459348e-01 2.7993296064e-01 1.5946892625e-01 1.1596650505e-02 1.1051732608e-01 -2.5695990577e-01 1.6121658988e-01
7.0617341923e-02 1.4517542145e-02 -4.8276566759e-02 -1.1054791174e-01 2.4095085203e-02 1.3663945915e-01 -1.6287575394e-01 -1.6693693430e-01 9.4546283195e-02 -1.4486304774e-01 -1.2005595020e-01 -9.1916501497e-02 3.7609678180e-01 1.1720108799e-01 -1.4224510483e-02 -1.8561815907e-01 6.7160424095e-02 4.0812122555e-01 -6.6145316865e-02 1.8969177477e-01 1.2746058417e-01 2.4756580475e-01 -1.9640556623e-02 2.8537422680e-02 -3.9356530378e-02 8.8947326181e-02 3.5859164356e-01 2.1787451137e-01 1.0304014529e-01 -1.3024486854e-01 -1.9481477383e-02 -1.1660071871e-02 8.6684538313e-02 -1.3655584108e-01 -1.4241862774e-01 -3.9828157000e-01 3.7139352062e-01 2.9755338733e-01 2.0700388539e-01 1.7960890385e-01 -7.9223888438e-02 6.8539575060e-02 -2.2211783117e-01 2.4643314305e-01 -1.2572554282e-01 2.6863432533e-01 8.4635742031e-02 -9.4388788680e-02 -2.8690131591e-01 2.1703573437e-01 -1.6711113369e-01 1.7496568167e-01 -2.7123949043e-01 -2.8640363268e-01 -5.6210803766e-04 -1.3592408710e-01 -1.1143766182e-01 1.1985273706e-01 -1.8958233354e-01 -4.3433026539e-01 -1.8659551196e-01 -4.1246758251e-01 7.0252509223e-03 -3.7625454820e-01 -9.4968161871e-02 1.5296814813e-01 -1.6332906661e-01 -1.0074114736e-01 -3.2038376029e-01 -1.8777819000e-01 -3.9982685944e-01 -3.7624947461e-02 6.3209343336e-02 -1.2772963022e-01 -1.8302154614e-01 -1.7056214948e-02 2.3447300921e-01 1.3798020549e-01 2.1410569345e-01 -2.9510306916e-01 -1.7687800740e-02 2.6766349397e-01 8.8191645429e-02 -1.2083815745e-01 -2.0715591999e-01 -1.2498213278e-01 7.7409569255e-03 -5.6969999197e-01 1.9248805057e-02 -3.9322820959e-02 7.7553050707e-02 1.7796275482e-01 2.7488562211e-02 -2.3693501711e-01 -2.6055246509e-01 -1.0598588971e-01 -7.6482449241e-02 1.3353885179e-01 -1.0877675407e-01 -2.7245133099e-02 -4.3676072019e-01 -7.5932063982e-02 1.5748255258e-01 6.9967494464e-01 -3.5829254186e-01 1.4936573557e-01 -4.7442940723e-02 2.5530521220e-02 -2.8421879680e-01 1.9478126229e-01 -2.2820431957e-01 2.6554745496e-01 -3.0136406094e-01 9.6546016514e-02 -5.1876970426e-02 -4.5276530699e-01 -1.0220322047e-01 2.5413781875e-01 -1.2692716863e-01 1.3235084818e-01 -3.3241871054e-02 1.2230939591e-01 -3.5897406874e-01 -2.4119665117e-01 6.7621986307e-02 8.8935362815e-02 1.6157662421e-01 2.4509201779e-01 7.6857980952e-02 3.7216383508e-01 1.1355414908e-01 -3.6820071605e-02 9.1238371417e-02 -1.1975757726e-01 -1.1165965524e-01 -1.7275155850e-01 8.2848999708e-02 -1.1348205511e-01 -2.3412214067e-01 1.7603319144e-01 1.0486066902e-01 3.5430136253e-01 6.3580165711e-02 1.8404920685e-01 -1.0033901223e-02 2.8665359069e-01 -9.7214652075e-02 -2.0905100847e-01 -8.9205253619e-02 -1.0838278320e-01 1.3331443821e-02 8.8032882390e-02 -3.7596897106e-01 7.4141631779e-02 1.1866409463e-01 -4.5186631395e-01 9.4887376390e-02 -4.1733677394e-01 4.0497719866e-02 -7.6722696100e-02 -4.1804445265e-02 -1.3375393142e-02
-3.2324240080e-01 2.4156788779e-01 1.6557967233e-01 6.2435973292e-02 1.2513029669e-01 -1.5834467366e-01 4.7843199802e-01 -4.3822454098e-01 -2.0000455017e-01 9.0898217415e-03 -1.0548292935e-02 4.2744193820e-01 1.9199431205e-02 -1.5670475052e-01 2.7531654663e-01 4.6273294505e-02 -3.9311179882e-01 -1.8178186593e-01 -1.8456919276e-01 -5.5083750493e-02 -8.8552146334e-02 -1.0263275595e-01 1.6134824788e-02 -2.8260081281e-02 -1.9539617498e-01 -6.8813078506e-03 -2.5423609893e-01 -3.8407211532e-01 -4.0418232059e-01 4.1859898858e-02 2.2891293625e-01 4.1997550606e-01 -3.2742955515e-01 -8.3325247723e-02 3.9841620480e-02 3.3033829050e-02 -2.7339549296e-01 -1.4754834187e-01 -1.3234888758e-01 3.7282403579e-02 -5.1808190649e-02 1.6140871391e-01 6.4841092097e-02 -2.3516899605e-01 1.7087188355e-01 -1.1333214432e-01 2.2834283727e-01 2.3386611274e-01 3.1220117527e-01 -1.0051100314e-01 -2.3466365723e-01 -5.1581039619e-02 -1.3106130544e-01 1.4487312003e-01 2.0026093199e-02 1.0077465583e-02 -6.9145113686e-02 -6.6790542052e-02 3.2445375138e-01 3.1164345146e-01 1.8338527824e-02 1.1840708536e-01 3.0414734847e-01 1.1074459806e-02 8.0107599798e-02 2.5754831032e-02 -7.5086963659e-02 2.4081611649e-01 2.0407655983e-01 1.9546705315e-02 -2.0854282691e-01 2.6293514095e-02 -2.4106470412e-01 2.8173003662e-01 4.8008217637e-02 2.7345205423e-01 -5.5892271109e-02 -2.4134368641e-01 -9.0536062219e-03 1.8634684257e-01 -2.8606020121e-01 4.0806592979e-01 -1.3432337288e-01 -3.1556744791e-02 -5.3057254293e-02 4.7360452556e-01 -2.2326486217e-01 7.8125826672e-02 -1.2855245177e-01 -2.5638750953e-01 9.8043956609e-02 3.8583142841e-01 2.2635858003e-01 7.5362731885e-02 2.2840050819e-01 -1.1992384278e-01 -6.9742777569e-02 -3.4272014000e-01 2.8304066826e-01 2.0104311170e-01 1.6370187263e-01 -1.9610326476e-01 -7.7901116950e-02 -4.6775770498e-02 -6.3932606746e-02 1.9059048468e-01 -2.4420407305e-02 -2.7337290604e-01 -9.9653314584e-02 -1.4949213421e-01 3.9322525364e-02 -8.3517838248e-02 -2.2321567641e-01 5.8300175807e-02 6.0538150225e-02 1.3413883110e-01 -1.7681780033e-01 -3.4287337797e-03 7.3685326917e-02 1.6768584994e-01 -2.6936609885e-01 -4.8568710288e-01 1.0472815284e-01 -1.0298887379e-01 2.0908293232e-01 1.8417401934e-01 5.0383444621e-01 2.7227420144e-01 -3.0259224474e-01 -2.2697414656e-01 3.2050013489e-01 1.1915452570e-01 1.2649238172e-01 -2.2636411314e-01 7.5169918550e-02 -2.6047759109e-01 3.2804403376e-01 -1.0048579450e-01 2.9640783646e-01 2.8131534344e-01 3.6059425714e-02 -4.3059634418e-01 4.7585996396e-01 -1.7924169615e-01 2.1704997058e-01 -3.5046416774e-01 5.9494029422e-02 -6.8952379479e-02 3.4310496129e-01 3.5922891514e-01 -2.8346850116e-01 -1.2957356687e-01 1.7543309506e-01 -3.3755959438e-01 -2.6105071515e-03 1.1836298035e-02 4.4501538134e-02 1.3802649987e-01 -2.0940636885e-01 -2.5672589712e-01 4.0082332201e-02 1.0936747670e-01
