-1.2077663865e-02 5.9608088314e-02 -4.4018221980e-02 -1.3956729242e-01 -9.3112432085e-02
-1.0221131444e-02 6.8444331049e-02 -2.8037831076e-03 1.5456245301e-02 -5.8609843527e-02
2.2705751653e-02 1.2249797608e-02 -5.8733209912e-02 3.8076487391e-04 2.2601648964e-02
3.1290438890e-02 2.5740170700e-02 7.0017156427e-02 8.7143465859e-02 -1.1781534176e-02
-5.2724802385e-02 2.7110385539e-02 -6.4394576710e-02 -1.1255139958e-02 -1.6797143782e-02
-3.1390379283e-02 -3.0296451767e-02 -2.1508117596e-02 1.0743857193e-01 -4.2633368733e-02
-6.9739412712e-02 8.4841224175e-02 9.4663462052e-03 1.7046994669e-02 -1.3700409827e-02
4.7567726167e-02 -1.0610680725e-01 8.5220420135e-02 8.5651328677e-02 9.2328950692e-02
-6.0507776633e-03 4.0508619398e-02 4.6094347577e-02 1.2068308056e-01 2.7626170084e-02
6.0257327029e-03 5.5713863351e-02 3.9664442827e-02 4.3429584964e-02 -2.2644960267e-02
1.2551774293e-01 -9.1523717162e-02 2.4711460292e-02 -8.9980076921e-02 -2.0239628140e-03
1.7632868379e-02 7.9996674039e-02 4.6763974513e-02 -4.1281175609e-02 4.8655829792e-03
-6.0351601701e-02 2.5691362796e-02 1.1718749274e-01 6.6748650610e-02 2.8699432841e-02
-1.9792285587e-02 6.9244192422e-02 3.6512629376e-03 8.0590345518e-02 4.8577478472e-03
1.0894162086e-02 5.6222140246e-02 5.6040887672e-02 5.6719977328e-02 4.6929305018e-03
-6.0554851093e-02 1.4356323162e-02 5.1010632293e-02 -6.8687065769e-02 2.0011640026e-02
-5.8405720361e-02 2.5211353372e-02 1.5701574461e-02 -3.4898225431e-02 9.1857299157e-02
-4.5684724991e-02 1.0791712144e-01 3.5482521265e-02 5.5517716753e-02 -1.0995648332e-02
-1.8688973754e-02 3.7341635919e-02 7.6874258535e-02 1.1498945228e-01 -2.2362298827e-02
-6.7059950875e-02 -1.4809846547e-02 -9.2755495350e-04 9.3683235345e-02 2.6006402564e-02
3.7263785439e-02 1.7901756952e-02 1.0278669278e-01 -9.3438128414e-02 5.6982060658e-02
9.4573654859e-03 -1.3913414231e-02 1.2181285355e-02 8.6599471472e-02 1.7223230219e-02
-4.8696214073e-02 2.9416859709e-02 3.7795494393e-03 -1.8785559565e-02 -9.6296883075e-02
-2.7129038585e-02 -4.4058486319e-02 2.2785559842e-02 1.1193341029e-02 2.5672896410e-02
-5.2884644926e-02 -5.1827954728e-03 -2.3679684158e-02 8.2283312302e-02 -5.6017189996e-02
3.9086334774e-02 3.0091269135e-02 9.6059760175e-02 3.5602282795e-02 1.2910705933e-01
-2.8808619386e-02 -1.6468798463e-02 -1.8934395256e-02 -2.0818900160e-02 1.0151706669e-02
5.1251512566e-02 -5.3528507187e-02 2.4082382682e-02 3.6302187672e-02 -1.0330125811e-02
1.6871882532e-02 -3.8187116145e-02 6.9149086156e-02 1.5268674472e-01 -1.8454686086e-02
5.0748655046e-03 9.6640707912e-03 2.7687803721e-03 -6.3027971769e-02 2.1609602129e-02
-1.7154255207e-02 1.4773293717e-02 2.1719947092e-02 1.3822230210e-01 -2.4525668004e-02
1.2766335227e-03 -2.5512215707e-02 -1.5371296596e-02 -5.9549748816e-02 1.9133767331e-02
-1.5690781784e-02 5.6832376811e-02 -1.5211952055e-02 8.3786888517e-02 4.6490329098e-02
-3.8931666125e-02 -3.0928301328e-02 2.2718321002e-02 6.8903842733e-02 1.1188884823e-01
-3.0913001536e-02 -6.9240215319e-02 8.8586541487e-02 7.7279517335e-02 1.3913185958e-01
1.0192752836e-02 -3.9085252484e-02 5.9411743714e-02 1.1216050601e-01 1.0036891923e-02
-1.1768814448e-02 1.7857129293e-03 -7.7522977031e-02 8.1991074184e-02 -2.7473163060e-02
4.2846689020e-02 -4.1062617421e-02 6.0842237594e-02 4.2603548684e-02 -2.6069985369e-02
-4.3718070240e-02 1.4794103653e-03 -1.0323325805e-02 -7.5433436723e-02 -7.1145507166e-02
7.3740920183e-02 -3.2666505140e-02 4.9167341471e-02 -5.9063482424e-02 -1.1718306502e-01
-1.0280037423e-03 -1.1097211111e-02 7.3332034129e-02 -5.8572990814e-02 5.4710165054e-03
-4.6846116803e-02 4.2537509031e-02 -1.7817406615e-02 2.2088607988e-02 8.0701430959e-02
-1.8037422523e-03 -6.7385472787e-04 -1.0998624681e-01 -1.5283542064e-01 -6.8820798890e-02
3.6021903296e-02 -3.9517443130e-02 2.2233290621e-02 5.8813715441e-02 2.4304832515e-02
-1.4336992552e-02 1.0378087433e-02 -1.2119479512e-02 -9.1006433570e-02 3.1599151434e-02
-5.5583345334e-03 7.7117884672e-02 -2.0802054338e-02 6.0396764029e-03 -5.1428083934e-02
-5.5204453559e-02 1.4917122079e-02 7.2921466902e-02 7.1836141650e-02 -4.4304122647e-02
-3.0368972999e-02 3.3315801962e-03 -3.9611199326e-02 1.1190536929e-01 7.9293944447e-02
-1.0146192570e-02 4.3874646743e-03 1.1715607940e-01 8.4255315228e-02 5.8446124398e-02
7.1694379522e-03 4.7024190445e-03 -2.0975485648e-02 -6.2525446219e-02 3.8063974666e-02
-3.2379668106e-02 2.8876836882e-02 4.1846918024e-03 -6.9884399893e-02 6.2407397408e-03
3.4189122629e-03 6.3562529872e-03 -9.7824152904e-03 -3.9506510291e-03 -7.0255394861e-02
6.4334631403e-03 5.1519868730e-02 -7.9155128016e-02 9.3202400376e-02 -3.4280147946e-02
-2.8301814190e-02 1.3639701311e-02 3.9368576754e-02 1.0387252816e-01 1.4408225865e-02
2.4695568521e-02 -6.0621486689e-02 -4.8651253231e-02 1.2245304290e-01 1.7917063727e-02
6.6758480965e-02 -5.7371957014e-02 1.7099635543e-02 -4.1911566153e-02 1.2972959942e-01
1.2801062604e-02 6.3921203186e-02 3.7847608737e-03 -1.1336163376e-01 -3.4975456122e-02
2.9566660138e-02 -1.4417542717e-02 -2.7078388465e-02 1.5846643488e-01 1.1914841193e-02
-5.5039538047e-02 2.3883963878e-03 7.1251461080e-02 5.2515777446e-02 -1.9258089860e-02
-2.6368064795e-02 1.0734502662e-02 6.7269811693e-02 9.8492022329e-02 -6.9642357528e-02
-1.2712951428e-03 4.3085554039e-02 1.2317406849e-02 -7.9020632045e-02 -5.5045585380e-02
-4.1137434732e-02 -1.4228307369e-02 -9.5622706042e-03 -3.5968438518e-02 -3.4931514074e-02
-3.2432846055e-03 -2.5396005342e-02 1.7876703949e-01 2.5781413714e-01 1.0848856391e-01
4.0660401888e-02 -2.1982592189e-02 1.3424351829e-02 -1.0380027981e-01 8.6375571759e-02
-1.9754306832e-02 -2.8426201817e-02 -3.3482267915e-02 1.2197386901e-01 5.0387831284e-02
3.0744745216e-02 -2.5593409751e-02 1.2371500706e-02 2.0599221742e-02 1.5116180533e-01
-5.8463871234e-03 2.2451599372e-02 -7.8593009625e-03 -2.0115638841e-01 -6.6273510676e-02
-1.0739776209e-02 7.3164845606e-02 9.8166163416e-02 -1.1661272298e-02 -5.4275557070e-02
2.6335836894e-02 -1.8328149444e-02 -2.4447498054e-02 -1.4557059544e-01 3.7894687640e-02
2.8164354796e-05 -1.2915152283e-02 -3.4089866924e-02 8.1244845220e-02 9.5240624123e-02
3.4514374030e-02 5.9935968521e-02 6.4128530035e-02 -3.7876380226e-03 8.2570504445e-02
5.4967277735e-02 2.9290768526e-02 5.3416864386e-02 1.0873736130e-01 1.1564951434e-01
-5.5610266549e-02 6.9364808306e-02 1.0831773180e-01 6.4357839714e-02 -2.7957382109e-02
-6.4694352891e-02 -3.9311615349e-02 4.6679433366e-02 5.4485801803e-02 4.4378199964e-02
2.6501752011e-02 -5.5310028159e-02 -4.0704256865e-02 -3.7988792147e-02 7.5037771759e-02
9.9138412547e-03 -1.5614171529e-02 4.1675300311e-02 1.1850955830e-01 -1.4237672849e-02
-1.1396995693e-02 -5.6921575727e-02 5.7122013193e-02 6.7936721121e-02 -1.5288566804e-02
5.4769212424e-02 -2.1361239458e-02 -2.0201830829e-02 -6.4459248415e-02 1.6365989564e-02
9.0403696918e-02 -3.1505443073e-03 3.3658253519e-02 -2.0520028774e-02 1.6934193260e-01
1.0709784798e-02 -1.1026393493e-01 -8.4105467531e-02 1.0635485358e-01 -5.8012617644e-02
4.8667087105e-03 -1.7423114933e-03 -5.3063531975e-02 -1.1287046257e-01 1.5270642572e-02
-1.6994378719e-02 -1.2705389608e-02 7.6409464885e-04 1.6127825609e-01 8.8272140813e-02
-1.5951465177e-02 3.3957156344e-02 -5.6089671961e-02 -7.8952464591e-03 -5.9691789045e-02
8.2388627840e-02 5.6369867322e-02 2.0328370586e-03 -2.7936553704e-02 1.0376145570e-01
5.7454263739e-02 -5.8616595286e-02 -6.3493735575e-02 -3.9831405697e-02 -3.6373196494e-02
1.2110883379e-02 9.4858349824e-03 4.2893747612e-02 2.4575518408e-02 5.5957579667e-02
-2.2974764049e-03 -2.7020405613e-03 -1.0364536225e-01 -1.1161091566e-01 -8.5729346604e-02
1.7447286677e-02 -4.7303343151e-02 -3.0886621953e-02 -1.0975848237e-01 1.2030092793e-02
-1.6815270929e-02 8.6183869046e-02 -4.3114752775e-02 -4.9032126774e-02 -1.1672867679e-02
3.2580456188e-03 3.4414349829e-02 -1.9371080553e-02 -1.1775178319e-01 -5.6580328928e-02
-5.9852500780e-02 -2.3587121484e-02 -4.7963558316e-03 1.4444918218e-02 1.0521829806e-01
1.1202242102e-01 -2.3375188036e-02 1.9871507871e-02 -9.2765011670e-02 -4.2663431277e-02
-2.7730723803e-04 -1.1625981336e-02 6.9136268621e-02 -6.4858990273e-02 1.7443264827e-02
-2.6764014046e-02 -2.4245489833e-02 6.0088481110e-02 -7.3959252336e-03 2.3012877903e-02
-4.1844970406e-02 4.3979560449e-02 3.3690131970e-02 -1.1096520055e-01 5.6249901252e-02
-2.1785781999e-02 4.8665038727e-03 5.4774334916e-03 -1.1029936294e-01 5.7583234030e-02
3.0660935951e-02 2.2904389665e-03 -4.0171154302e-02 -7.1467450555e-02 -7.5673364050e-02
2.5007583151e-02 -6.5564180734e-02 -4.9394711886e-03 3.2671943109e-02 1.0928360536e-01
3.1946609377e-02 4.0442744715e-02 -3.5221406012e-02 -1.5464460887e-01 -9.2904005689e-02
1.7739759221e-02 -2.2025693598e-02 7.7958481158e-03 9.8835850324e-02 8.8935412124e-02
-3.3750892519e-02 -2.8902380265e-02 2.3746986973e-02 2.5469546980e-01 -7.0544728702e-02
-1.0398694418e-04 5.7389228039e-02 -4.9703004995e-02 -7.0501175296e-02 -3.2161459126e-02
5.2494066699e-02 4.6786514727e-03 1.1893947615e-01 1.3204923352e-02 1.1402477417e-01
-2.6028954195e-02 1.4730790163e-02 9.0787485085e-03 3.9658009569e-02 -1.3315412581e-01
-4.1195174417e-02 3.5166459350e-02 -7.0510758935e-02 -4.3751370717e-02 -2.2951703312e-02
-5.3829946849e-02 -3.6344490626e-02 -4.0382667038e-03 -8.0693922544e-02 5.4426561013e-02
-4.1391605245e-02 -1.8533728925e-02 -7.2387282858e-02 -4.8770726329e-02 1.1971327245e-01
3.0042109335e-02 1.9358510604e-02 3.7081806575e-02 -8.4710705244e-03 5.7468196183e-02
-6.0160047313e-03 -6.7793803640e-02 7.3961155664e-02 1.2656126693e-01 1.8878225117e-01
4.2187298537e-02 3.8629776946e-03 9.4205840506e-03 -1.0965167628e-02 9.4226066292e-02
-5.9449208979e-02 2.1940035349e-02 -3.0543158961e-02 -9.2127222234e-03 3.0613917749e-02
6.0547966603e-02 -3.0070108802e-02 -2.1657552831e-02 -4.2484473056e-02 -2.8140003719e-02
-1.0914711640e-02 6.1338918461e-03 -1.1278358410e-02 1.1236995427e-02 -1.2897949785e-01
-3.3868588301e-02 1.2954729448e-02 5.7990213476e-03 -1.4389711784e-01 1.0523598619e-02
-2.6718690610e-02 -5.5998064959e-02 -4.7801602282e-03 1.0425831016e-01 -2.2894622527e-02
-7.8165668288e-03 1.4127163485e-02 4.2384040015e-02 1.0335270401e-01 3.3866046979e-02
3.6451479235e-02 3.4572771603e-02 -2.2567187711e-02 -6.2974753214e-02 -1.6176391157e-02
-1.2066685074e-02 3.6182760431e-02 -5.5629953625e-02 4.9767290792e-02 -3.6797990880e-02
-3.7083423418e-02 -1.8797121066e-02 -6.1803830722e-03 1.3006958502e-01 5.4632195966e-02
2.6685679820e-02 -3.5832211918e-02 -9.8512566024e-03 1.2373419492e-01 4.5734114217e-02
1.5241236170e-03 1.0084351441e-01 -2.4975839946e-02 -8.4856401538e-02 -6.1137483047e-02
-8.7175777008e-03 3.8054090635e-02 -4.7081919113e-02 -6.9110927598e-02 -3.0946541144e-02
-1.6845474690e-02 -1.0685150334e-02 5.1728898219e-02 4.5606305506e-02 7.7665316236e-02
-5.9846645886e-03 -7.5164544070e-02 -2.0208913337e-02 1.2418333170e-01 6.4096196929e-03
4.4728951505e-03 -5.1713660149e-02 -5.8438957400e-02 5.8658556827e-02 -1.0511437052e-02
-2.5928478508e-02 -2.8293105590e-02 -1.9029027883e-02 -3.8334113823e-02 3.3978391188e-02
-1.0120174383e-02 1.2729392624e-02 -3.7915241789e-02 1.6719408486e-02 -5.9975443486e-02
5.5345851619e-02 -7.2495814010e-02 -5.6766062733e-02 3.6079210730e-02 1.2026296181e-01
-1.1870546341e-02 2.1421253147e-02 -3.2697359703e-02 4.5303624999e-02 2.0193960970e-02
4.0203681907e-02 -6.9158163391e-02 6.6178069431e-02 4.0343249082e-02 1.1110756829e-01
-3.6159512032e-03 3.8398795768e-02 -2.1567334480e-02 -6.3600318192e-02 -4.2248840678e-02
-3.6632925190e-02 8.9491496324e-02 1.5335620480e-02 -4.5263029426e-02 2.5004588404e-03
1.0881881099e-01 -2.4248386384e-02 3.7240341788e-02 1.0489952987e-02 3.9029953483e-02
-5.3216905323e-02 7.6712246747e-02 1.3071292492e-02 -1.7040751349e-02 -4.3757654023e-02
1.2900272358e-02 8.0113689035e-02 1.4599785596e-03 -1.1892270125e-01 -6.8207660592e-03
-3.0403145460e-03 1.1199766880e-02 6.0290106124e-02 -7.7351221788e-02 -3.3866177557e-03
9.5245893816e-02 3.1073492021e-02 -1.0253920737e-02 5.9083353411e-02 1.3777859236e-01
-1.4475635078e-02 1.1160900977e-01 -4.3428450984e-02 -8.6816349799e-02 -2.2600793148e-02
-1.7037950445e-02 1.1314103119e-01 2.2756272435e-03 4.7197141874e-03 2.6689674990e-02
1.6577958016e-02 5.3721190897e-02 3.4839166930e-02 9.7188081343e-02 1.5769194885e-02
-5.6371209836e-02 -3.9245880006e-02 5.1510375780e-02 -4.6171083744e-02 -3.1532373593e-02
5.6976714137e-02 -5.6307445957e-02 -1.4589303056e-02 1.1693977556e-01 1.1403897157e-01
2.4300616837e-02 1.4395059429e-02 -4.4133431896e-02 8.4428362693e-02 -7.8107869197e-03
1.9688334904e-02 -3.4742753946e-02 5.8404708914e-02 -5.0977152132e-02 -3.4290798136e-02
-3.3547849200e-02 6.6228472136e-02 -6.8718450191e-02 -1.2434836274e-01 -2.9987509631e-03
1.2104019759e-02 -6.1493518439e-03 -1.4671969033e-02 9.4722941198e-02 1.4124892241e-02
-1.9456378239e-02 4.1160605300e-02 -5.7205115716e-02 4.0711967122e-02 8.4197420125e-02
3.1123768756e-02 -5.2416476858e-02 -2.1927992756e-02 3.3599759106e-02 1.1289537947e-01
-2.7837725780e-02 1.5113227601e-01 2.0483850704e-02 -3.6636019317e-03 -2.9219812249e-02
3.5238826585e-02 2.6414346662e-02 3.4838710753e-02 3.9477210071e-02 -2.2043780044e-02
-3.7353282314e-02 -2.6000322288e-02 -1.1464136297e-02 8.9472511363e-02 7.7377333135e-02
-3.4799751987e-03 -3.4782955887e-02 -7.2562820827e-03 7.5080438980e-02 8.5715346012e-02
1.9947328352e-02 2.1826681247e-03 -1.0402035766e-03 -7.3410477588e-02 -4.3190247062e-02
-8.3870919947e-03 8.7077539692e-02 -1.5043011207e-02 -1.5974220620e-01 -4.6738060720e-02
1.0305342625e-04 -4.2475383520e-02 -7.6078035063e-02 6.0889322201e-02 -7.7365793128e-02
-5.1953602453e-02 -3.8990623019e-04 -6.4115441999e-02 -1.1420966979e-01 -1.0469529136e-01
-2.5584798302e-02 1.2034784489e-03 -6.5887837324e-02 -7.8799072053e-02 -7.1169495840e-02
6.3484524612e-02 -5.0319477357e-02 -3.5401511431e-03 -7.8728855375e-02 -1.5588987386e-02
6.2396887291e-03 1.6248121920e-02 5.2623991988e-02 8.0146063657e-02 1.0931090926e-02
-1.2323830315e-03 5.0370299365e-02 -2.4067607882e-02 1.5642707186e-02 1.2087233367e-01
-6.0951902365e-02 7.9172750592e-02 -6.1304747744e-03 4.0324384620e-02 -4.8024405622e-02
3.0523649052e-02 -3.0673901888e-02 -3.6913452480e-02 1.3502404404e-02 9.4983389127e-02
8.5909432846e-02 -6.3645648394e-02 1.1585706169e-01 -1.8239140335e-03 4.9626900395e-02
3.2591456277e-02 3.9557692872e-02 3.2949096288e-02 -4.1872271451e-02 -1.0562766091e-01
-2.8973375885e-02 -3.5753684609e-02 -8.1748063385e-03 -1.2261696782e-01 -4.5615294356e-02
-4.1013848683e-02 -4.2803448237e-02 2.4124566119e-02 5.3117225337e-02 -2.4550922085e-02
-1.1346829782e-02 9.4409227172e-02 -3.1143316206e-02 9.4568602113e-02 -6.0439037257e-03
1.3124817060e-02 7.0049794803e-02 -1.9578313740e-02 7.3480484397e-02 1.4706293832e-02
-2.2538965664e-02 5.4294012928e-02 8.7605949422e-02 -6.4896733359e-02 2.6561660145e-02
-1.9779364944e-02 9.2213487697e-03 -8.4680084083e-03 -1.1090683192e-01 -8.7190903383e-02
-6.0643099973e-02 1.0436161627e-02 5.2070037069e-02 6.5087093321e-02 4.8135709553e-02
-4.6870323474e-03 3.1250638056e-02 2.1340875015e-03 -8.9452147511e-02 1.2178466565e-01
-8.1465290185e-02 5.6461051224e-02 2.8613381924e-02 -9.5858029242e-02 -3.2955597419e-02
9.0539450142e-02 -7.1291724284e-02 -9.3754834134e-02 -1.0767972148e-02 4.5811777632e-02
4.4186873984e-02 -1.7539747943e-02 3.7934757699e-02 -7.8943838488e-02 -3.7230340116e-02
-1.8182822049e-02 4.5526851733e-03 1.1514317710e-02 1.4634645277e-01 4.8079599975e-02
4.0370287044e-02 7.4290200756e-02 -1.1378027310e-02 -2.3289505942e-02 1.3303368893e-02
3.9284400495e-02 -7.6512882544e-02 -3.5178342040e-02 -5.4958775330e-04 -8.0887233409e-02
-7.9472094707e-02 -4.8739651571e-02 5.2246695141e-02 2.1346893416e-02 1.0456708243e-01
-1.7400597577e-02 -3.2824275045e-02 -3.3024784194e-03 6.9609795843e-02 2.5782084151e-02
-3.5096240587e-02 -3.4083936679e-02 1.1505907123e-02 9.4185982110e-03 5.3634572254e-02
-1.2124503917e-02 -1.0628394154e-01 -4.4982167990e-02 1.8239023004e-01 -1.1472116550e-01
-1.5206803727e-02 4.0376895744e-02 -5.1413588407e-02 6.5653050484e-02 7.9081047746e-02
-5.4000165042e-02 -1.1338079441e-02 2.5827691288e-02 -9.9496275516e-02 2.1373679893e-02
-4.1010825060e-02 -8.2697369868e-03 -1.4869230366e-02 1.4733650866e-01 2.2376651775e-02
3.2501321199e-02 5.9942859947e-03 -2.1684534544e-02 2.5605166272e-02 -1.5872761329e-02
1.7476486091e-02 -3.1498188747e-02 -6.5962923620e-02 -8.8794967450e-02 -9.5479713187e-02
2.8287335077e-03 9.2431371673e-03 -5.3027044583e-03 7.8079106324e-02 1.4474932843e-02
-5.7652063595e-03 -4.8442546055e-02 -9.1007118997e-02 -3.2761479259e-02 -3.7007836416e-02
4.4748730986e-02 -5.6275273608e-02 -4.9223472599e-02 -7.2171047513e-02 3.7049886714e-02
-3.9953506267e-02 -3.9997853629e-02 -5.0895265331e-02 -1.7281439814e-02 2.8208225112e-02
1.2239180759e-01 -3.5664407879e-02 1.1425960778e-01 3.8624109365e-02 1.0978327413e-02
5.6166700862e-02 1.5735326026e-02 7.4809438730e-02 -7.3346473276e-02 8.5098331503e-02
-3.0255057228e-02 -2.0317114374e-02 5.1082550659e-02 1.5395729011e-01 -8.3871724553e-03
-4.0197949863e-02 7.3342158960e-02 2.7105667247e-02 -1.0477312832e-01 -4.5846222102e-03
1.2980064302e-02 -1.2382261449e-01 1.2245962159e-03 -1.6429942851e-01 7.1254059218e-02
-2.3779881191e-03 -1.5169714622e-01 4.3386099046e-02 6.0118562944e-02 8.7859365133e-02
6.4872604830e-02 5.3327565496e-02 1.5097201707e-02 -1.1190036544e-01 -6.4485562644e-02
-3.1457529789e-02 4.9729721993e-03 4.8777794689e-02 8.4618542955e-02 -1.2472811928e-02
-1.4523189912e-02 5.3586459157e-02 -6.9339671272e-02 -9.7270121598e-02 -3.3391713838e-02
-4.4710964418e-03 -6.0869086743e-02 -3.7832457541e-02 -1.0844163853e-01 2.1794290549e-02
3.0117988717e-03 -9.3627482805e-05 4.8158311096e-02 3.0417102778e-02 -8.7384121724e-02
-1.3809253650e-02 -2.5093767528e-02 5.2022563653e-02 1.1302886607e-01 -3.6405392668e-02
-1.6544430745e-02 4.7420742126e-02 -3.7024682006e-02 -1.3264850043e-01 -2.5369820588e-02
5.5897915828e-04 2.3934134774e-02 4.9487746588e-02 -6.7222565482e-02 -2.9653572854e-02
-1.2864955735e-02 -1.0293185106e-02 -5.5715535208e-02 8.2080400177e-02 -7.3031187734e-03
1.0716430116e-02 1.7200707522e-02 -9.4359763825e-02 -1.5346659939e-01 -6.7968600333e-02
1.4481586715e-02 -6.4269506474e-03 -1.7244635773e-02 -1.1555358973e-01 -9.5428189498e-02
-5.7521957189e-02 6.9096974408e-02 -4.1242197904e-02 8.5593445223e-02 -1.9897795707e-02
2.5776134149e-03 -1.1268868089e-03 -4.6762447291e-02 -4.6225937633e-02 -8.4371514876e-02
7.2836217396e-03 -2.8970528904e-02 2.6604376024e-02 -7.7560401145e-02 -1.0560769614e-01
9.4730210605e-02 -2.3030753925e-02 -5.8121842411e-02 5.8293058523e-02 4.8391940452e-02
-4.5224351366e-02 6.6300538650e-02 5.6908859498e-03 6.1330610540e-02 -1.4399282660e-02
-4.4891734728e-02 2.4848356631e-02 -2.4561007238e-02 9.0357452323e-02 -4.6737475823e-02
1.2596510132e-02 3.1685033368e-02 -2.7419184972e-02 4.9176168444e-02 -6.6101949175e-02
3.9848031714e-03 2.8362709489e-03 3.9830860652e-02 7.2514467108e-02 1.7298004830e-03
-1.5810579473e-02 6.9976916767e-02 -1.3704012204e-03 -5.9474217584e-02 -9.8322648052e-02
4.5653668057e-02 -1.8211457536e-02 5.9815912524e-02 -2.6966787770e-02 9.3313538477e-03
-4.3692911949e-03 2.8878333710e-02 1.2172824587e-02 -5.1508964179e-02 -6.2840094401e-02
9.7797611866e-02 -6.8344368043e-02 -1.9629930775e-02 5.5732295498e-02 5.6322331146e-02
2.0362676877e-02 -2.0319990431e-02 7.3376257214e-03 -4.1176823291e-02 1.1977507757e-02
1.5137164921e-02 7.9332671899e-02 2.6236732948e-02 -6.2615716468e-02 2.3259989866e-02
1.5998757183e-03 -1.6064360461e-02 3.7320618108e-03 8.6253851468e-02 -3.6541451645e-02
-4.8341757508e-02 7.7229820847e-02 -1.1431596878e-02 -3.5748802641e-02 -3.4983040328e-02
6.9998133638e-02 -7.0288581248e-02 -4.8134283886e-02 7.3832543891e-02 -5.2883806220e-03
-4.3393349260e-02 1.0147034937e-02 2.6820143164e-02 1.7665631191e-02 -7.9752659618e-02
3.7012836302e-03 1.4842620110e-02 -3.2481575071e-02 -9.0194915710e-02 -4.2230525395e-02
3.7791185887e-02 -3.5672118586e-02 1.0200175744e-02 3.1468748442e-02 7.1467792047e-02
-3.6752505294e-02 -1.7069330594e-02 3.0201114303e-02 1.2998183721e-01 1.3031596567e-01
2.9333095822e-02 -2.7528524624e-02 2.4786201463e-02 -7.5923801244e-02 -5.9342402433e-03
7.5230133541e-03 -6.8607898402e-04 -1.1972583597e-02 -2.1052408489e-02 -2.0711079904e-02
-2.8929505747e-02 4.6107894558e-02 2.6070890865e-02 -6.9636907774e-02 -5.2802693246e-02
2.1294631471e-02 2.8565568067e-02 1.1843494696e-02 -5.5388446639e-02 -3.6999087565e-03
3.1519316435e-02 -7.4666364047e-02 4.2956224192e-02 3.5736521526e-02 6.9139129855e-02
-4.5320896006e-03 -4.9629237477e-02 6.7957564305e-02 -4.2688881811e-02 -1.0779078498e-02
-2.3755388856e-02 -1.2043759651e-03 1.0649455501e-01 1.6903228578e-01 -2.0060290535e-03
