-1.7036167809e-02 -5.7103273063e-02 1.1691432080e-01 7.7911316244e-02 -1.7451519033e-02
-4.0966114372e-02 1.3275181355e-01 -9.3109105491e-02 -8.1409239949e-02 -5.3544026782e-02
-5.1159177751e-02 -5.9319709040e-02 1.0651256327e-01 1.3686847439e-01 1.5075414237e-01
6.7763637064e-04 -4.1929676002e-02 -8.2508564860e-02 -3.5111843680e-02 -1.1644465726e-01
1.2855127678e-01 -4.4848289148e-02 -1.7462533734e-02 -4.4994202859e-02 -8.5003272733e-02
2.6715093147e-02 -1.1588847127e-01 1.6117681598e-02 2.7262187490e-01 4.7986320004e-02
-1.1169566439e-02 3.9583169328e-02 -1.7311508124e-02 1.4530842134e-01 -1.3862524490e-02
4.4248756080e-03 3.0921799797e-02 -3.5563207864e-02 7.5491037540e-02 -6.2039741406e-02
6.8317494940e-02 -1.8718554758e-02 -1.0973134910e-02 9.5895393886e-02 -1.9456056197e-02
-4.2735361027e-02 -8.3580191068e-03 -2.8066304541e-02 1.9150864551e-01 -2.1412571194e-02
-7.2252960567e-02 1.0831508722e-01 3.0243193782e-02 5.7483770688e-02 7.3483205876e-02
9.3196363887e-02 -1.1155100825e-01 -3.5678291806e-02 -1.2626196408e-01 1.0700139497e-01
4.4925051057e-02 6.6943382965e-03 -3.6451456020e-05 -1.6442190520e-01 -1.0428532614e-01
5.1273619151e-03 5.5012706394e-02 -8.9870157879e-03 -3.8688137971e-02 -9.4812117283e-02
-4.0091161873e-02 -5.9244384293e-02 2.1976655219e-02 1.7660731018e-01 -7.9626334940e-02
-7.1773711091e-02 8.2020796133e-02 -1.4022422315e-02 7.9557907374e-02 1.1334001673e-01
-1.0849503596e-02 -8.3971541694e-02 6.7452732133e-02 2.1386430343e-01 5.5789438436e-02
3.7588505052e-03 3.0591725888e-02 1.0593655688e-01 -1.3172908853e-01 -1.8261481480e-02
-2.6884693771e-02 -3.3915168898e-02 -5.8954365516e-02 -1.4769023262e-01 -9.6124038261e-02
-2.8537997479e-02 1.2950124695e-02 -2.3019417330e-02 1.2193977647e-01 -3.5718527980e-02
2.7865198443e-02 -1.7342455673e-02 -2.7559321103e-02 9.5533650032e-02 1.2181412811e-01
-1.6931151318e-02 1.1542997290e-02 -8.1333012804e-02 -1.6829975827e-01 -5.2507480415e-02
5.3386207218e-03 7.9611859523e-02 -1.6045049889e-02 -5.4834724512e-02 -2.2430147816e-02
-2.7726662296e-02 4.5788379676e-03 -1.3519868539e-03 -6.8273645197e-02 2.1374966778e-03
-2.2009511099e-02 1.4697575164e-02 -6.2898437277e-02 8.7519753582e-02 -3.6108104740e-02
-3.7539907153e-02 -6.3677870270e-02 4.5070084678e-02 1.2777342170e-01 -7.1841007481e-02
9.6143381438e-02 -1.8898624163e-02 -6.7380299601e-02 2.8985283774e-02 7.2789100000e-02
-2.9280345465e-03 -5.2648274920e-02 -2.3607695942e-03 2.7458561175e-03 1.3412490458e-01
6.2974623435e-02 -3.7316931566e-02 -8.8778874820e-02 4.2477151443e-02 -1.8489490736e-02
1.4745237580e-02 8.7775962734e-02 -4.4455725730e-02 -2.3913598967e-01 -1.0440165790e-02
-1.8286468781e-02 6.4980173103e-02 1.0640765444e-01 -6.8628824102e-02 -5.9565298009e-02
9.6164711612e-02 4.9734363277e-02 -1.8656294848e-02 -9.3586691121e-02 3.0712952188e-02
8.3624064298e-03 1.6447600630e-02 2.1791726890e-02 7.0006742487e-04 -1.0553389309e-01
-3.0049151503e-02 -6.8237859612e-02 -3.9015795971e-02 -4.6175312636e-02 3.3857353308e-02
-5.7809469966e-02 5.4449254543e-02 2.7963821666e-02 1.5812694946e-02 -4.7570294160e-02
-7.0105805157e-03 -4.2476762356e-02 4.8592943816e-03 2.1801758093e-01 -9.3371807739e-02
2.1670478184e-02 2.0637036622e-02 6.8541273815e-02 -3.6525707954e-02 1.1894695345e-01
2.0358616045e-02 -2.1644810148e-02 4.4227229763e-02 -6.1459722655e-02 1.6657206253e-01
-5.1445962015e-02 3.2868247792e-03 -3.9290314168e-02 1.7883818560e-02 -7.0567939430e-02
-1.1348705553e-02 5.1320856419e-02 3.8654984480e-03 -1.0194501081e-01 6.2259818911e-02
-6.0429357724e-02 1.4824705709e-02 -9.9116962563e-02 -1.1077327435e-02 -2.2350776370e-02
-4.3311067994e-03 5.9821534847e-02 -8.4833057750e-03 -9.8283518142e-02 -3.9956477711e-02
4.2838297098e-02 1.9303269060e-03 5.0715837272e-02 -1.5436502387e-01 2.1526082077e-02
7.9424345033e-03 8.7354203361e-02 -2.3891775573e-02 -1.3655832408e-01 -1.0512735807e-01
7.9079681587e-02 -1.7681124039e-02 -4.1402343780e-02 -1.6439234586e-01 1.6573555556e-02
-1.1877167630e-01 -1.2073911921e-02 -1.6781801712e-02 -6.4203341808e-02 -3.3533543318e-02
-1.8220754274e-02 -8.6642686616e-02 -8.0998646687e-02 -9.5460581274e-03 -1.1641751768e-01
-3.2417935249e-02 6.6423550171e-02 -8.1348977722e-04 -6.5329792205e-02 -1.2231556371e-02
9.7185734803e-04 -5.0626969641e-02 -5.8463647484e-02 -1.2304774509e-01 -5.3899675602e-02
-9.2912760000e-03 -2.3273822172e-02 -3.2567708393e-02 -1.1783166499e-01 -6.5349615398e-03
2.1641493546e-02 3.3944118534e-02 -1.5500601240e-01 -1.3837969620e-01 -5.7041401284e-02
-5.9947855228e-03 -2.6414903205e-02 -1.1103543228e-01 -9.4311279226e-02 -1.0701883005e-01
-7.7967698902e-03 2.5387128585e-02 1.7605104580e-02 6.7833986768e-02 -6.4296150611e-02
1.4137873147e-02 -5.2701176235e-02 4.5684522209e-02 -1.5365042343e-03 3.0656473037e-02
-9.1106843696e-02 1.6941323736e-01 -4.8430472352e-02 8.6883026730e-02 -2.7028193984e-02
2.3817660511e-02 -7.0691671995e-02 1.4033670645e-02 -2.1109040317e-01 7.5204041651e-02
-2.1046752694e-02 3.1519764820e-02 1.4060323116e-02 -4.4606105248e-02 -1.1321565097e-01
1.3744134980e-03 -6.8822147836e-02 8.3677608699e-02 9.8041405585e-03 -1.0099588577e-01
-1.4716430743e-02 1.4768914067e-02 6.9497962532e-02 -2.5012986021e-02 1.2937464009e-02
-1.7626290268e-02 -4.7369181348e-02 -2.9966997266e-02 -6.2687031018e-02 6.2580326156e-02
-6.9057782757e-02 2.8373998986e-02 7.1955646013e-02 -5.4515185764e-02 -5.1316387451e-02
6.8725152531e-04 -3.3130847572e-02 5.5291933834e-02 7.0566775811e-02 3.5710285349e-02
-1.5411943172e-02 -4.0484063254e-02 -3.5680302822e-02 -1.5597868486e-01 -1.4779909883e-02
2.0283600931e-02 4.3341408794e-02 1.5487594566e-02 3.9483619060e-02 6.7938883986e-02
9.6989245293e-02 -5.5776499530e-02 -7.2289360194e-03 4.2099583933e-02 -1.3371437534e-01
4.9346643010e-02 -5.1680590241e-02 -1.7370661235e-02 1.4367226880e-01 5.2904652911e-02
-1.5171883333e-02 2.6585629888e-02 -1.4130757707e-02 1.3938630958e-01 -2.9941887654e-02
-3.7695442628e-03 -5.6094780418e-02 -4.4779808882e-02 -5.5101696592e-03 -1.4084304384e-02
-6.3667069908e-02 6.3985356437e-02 4.1506535080e-03 1.9514367415e-01 -3.7503646348e-02
2.5508803087e-02 -8.0548318778e-02 -1.2262440304e-01 -1.5266432833e-01 -8.1793905134e-02
-3.2731386979e-02 3.8102053484e-02 -4.3447951065e-02 -3.1940922435e-02 -9.2553044174e-02
4.8763991342e-02 5.5491130738e-02 6.1321834287e-02 6.0840831345e-02 7.8725287272e-02
-2.9307716001e-02 6.0840887184e-02 4.4834647118e-02 -6.6678044358e-02 -4.0264205149e-02
2.4572036694e-03 -7.0901927097e-03 -1.7021852821e-01 -6.3286145566e-02 8.1717177713e-02
6.5070627721e-02 -4.5132435596e-02 -8.4936790895e-02 5.6992481367e-02 -1.1249007733e-02
7.1990437078e-02 2.1201853191e-02 3.9206492789e-02 -2.1708738205e-02 -7.4741731990e-02
-4.0872587425e-02 -8.9410302990e-03 2.1553026769e-02 -1.1317574487e-01 -3.7099167116e-02
-3.4357670508e-02 -1.2709284516e-02 6.1827238260e-02 2.4695313857e-03 1.1213258090e-01
-1.2653736603e-01 -1.7877471321e-02 6.0767087717e-02 9.7821532068e-02 6.3551549752e-03
3.6893456795e-02 -9.7955284180e-02 -1.9746569076e-02 1.1902809409e-02 -1.0122118889e-01
-2.6617851373e-02 -6.9019896444e-02 2.2759321403e-02 8.7440414549e-02 1.0953890261e-01
7.7363400192e-03 -1.1303853958e-01 3.0727199077e-02 4.2028473078e-03 1.1468791455e-01
7.9534435292e-03 5.3137377899e-02 3.9366903211e-02 -1.3789914129e-01 2.8547353715e-02
3.3638503661e-02 8.3544828838e-03 1.3478931880e-01 -4.1644263670e-02 6.6377051700e-02
-4.9333797745e-02 1.4889056320e-01 8.3019924742e-02 1.1688619935e-01 -9.1231493470e-02
-5.7487542968e-03 -6.8896917277e-02 5.0265814187e-02 2.2184198175e-01 2.7285202823e-02
3.9156203265e-02 -1.0576067859e-01 8.0099767574e-02 5.4773072709e-02 1.1296033635e-01
1.1275064755e-01 -1.6531248651e-02 -4.6510899964e-02 -3.0760136435e-02 6.0410417962e-02
7.9215701557e-02 -2.1023877472e-02 7.4995322086e-02 7.0357332538e-03 2.4764874634e-03
2.3698533293e-02 -3.8082907766e-02 1.0758093387e-01 2.8094934343e-01 1.1488953747e-01
1.9352873220e-03 -1.4006089636e-02 9.8672414923e-02 3.1383783115e-02 -1.0435766904e-01
-3.9996722979e-02 -3.8758963803e-02 -5.0510602028e-02 2.7537248005e-02 4.7240571600e-02
-6.4791248087e-02 -2.8285581793e-02 -5.4908363751e-02 1.1311384586e-01 -3.9701856775e-02
1.8324300056e-02 1.0341119993e-01 -3.2411233357e-02 9.2763925412e-02 1.0211224856e-01
9.4585205244e-02 -5.1046669381e-02 9.6194481791e-02 1.1782561433e-01 1.1138132022e-01
7.1351967212e-02 -6.6990725097e-02 3.0972421420e-02 2.6957948214e-02 1.7684862135e-01
-1.3173166977e-02 3.5508015591e-02 -1.7801663385e-02 -8.4989360701e-02 -4.2831198730e-02
4.2262717979e-02 7.1483603824e-02 1.3905207856e-02 -2.8762493453e-02 -7.3585673629e-02
-8.5654071759e-02 -3.1291000964e-02 2.4574192319e-02 -2.5021838296e-02 8.5460850337e-02
-4.8321651959e-02 -7.2569094035e-02 2.4748239731e-02 6.9753283712e-02 4.3948104377e-02
3.0059739154e-04 -1.3076510470e-02 9.5530308740e-02 6.6062166530e-02 -5.7921368694e-02
-2.3073888397e-02 -7.2185352988e-02 1.1340224404e-02 1.4885461705e-01 3.9342704343e-02
7.6011323442e-02 6.8626278027e-02 -1.4806938158e-04 -5.5612176762e-02 -1.5927265718e-02
-2.9543813466e-02 -4.5170930055e-02 7.9473791692e-02 -8.1383666321e-02 8.0198280315e-02
-8.6695736976e-02 6.4180252887e-02 -2.8042711322e-02 -5.1525779790e-03 -3.4247561978e-02
1.8417958014e-02 -5.7452377271e-02 1.7351309282e-02 -5.9949456852e-02 8.4445112444e-02
3.2979004221e-02 -1.4046255335e-02 5.3441358429e-02 7.1581298217e-02 1.7674428654e-01
3.0174390519e-02 -2.7298299881e-03 -5.1306312735e-02 7.7206453244e-02 3.5368609586e-02
-3.6879915126e-02 1.8517524610e-02 -2.7074634380e-02 -2.2884099237e-01 -1.1607063239e-01
1.0198476900e-01 -2.9413474019e-02 -2.2687490664e-02 -1.3210292204e-01 -1.3450680399e-02
3.5614242213e-02 -6.8768023079e-02 -3.9944241967e-02 1.9339883648e-01 1.8931627264e-01
-6.2292751660e-02 1.3837053672e-02 -1.6464191079e-02 -1.0834404264e-01 -3.9171655551e-02
2.7256789587e-02 -3.7491594109e-02 9.2464893938e-02 -6.3680836238e-02 1.0946641240e-01
1.6651675489e-02 -3.5941304620e-02 3.1325925695e-02 9.6688988910e-02 7.3248183538e-02
-9.7904737300e-02 8.6649527281e-02 -1.7528375374e-02 -2.6082405827e-02 -7.8082828073e-02
8.5431233808e-02 -1.0466826375e-01 1.9915845537e-02 -1.8166509227e-02 4.8111284579e-02
-8.9627803916e-02 3.0315071340e-02 -1.3954840320e-01 -2.8691279616e-02 -7.1726745043e-02
8.3563322743e-02 -1.1716674300e-01 -2.6032852594e-02 -8.0306645024e-02 -1.1317717081e-01
-3.6835316234e-02 3.1116385301e-02 1.8779166435e-02 9.5214904346e-02 7.3487189587e-03
2.8197162669e-02 -2.2927376969e-02 -4.1888958372e-02 -1.8098208908e-01 1.9967933735e-01
4.4655961687e-02 -9.9691230107e-02 -9.0907506775e-03 -5.2557379540e-02 -1.9322455312e-02
2.1231225180e-03 7.9663534218e-02 -2.3841339270e-02 3.0732371825e-02 9.6484948229e-03
-3.7337436421e-02 -1.3763990386e-02 5.1175238254e-02 8.8463298204e-02 6.2641809534e-02
-4.7829770517e-02 3.2424849875e-02 -7.5705820415e-02 -8.6243493815e-02 2.8286297236e-02
1.8729664172e-02 -1.7277177847e-02 1.3711517368e-01 1.0284898197e-01 -2.2252129457e-02
-1.3095877719e-02 -3.0952523124e-02 -2.5583580288e-02 -6.1673984561e-02 -4.2720874748e-02
6.7065768264e-02 -9.1546092635e-02 1.5986684775e-02 9.1049405535e-02 5.6182101464e-02
-2.4015580763e-02 7.9979444359e-02 6.7974970575e-02 9.2992585506e-02 -1.8903076363e-02
1.6087984617e-03 -6.9189136256e-04 -1.1428840135e-01 -1.0775705200e-01 -5.7579777201e-02
-5.4405408021e-02 7.6197913877e-02 -3.7102514869e-02 1.1534657763e-01 -1.3390099789e-01
4.2309513735e-02 2.2909018345e-03 -8.8335911777e-02 8.2503884474e-02 4.6334809451e-02
9.5559271785e-02 2.1988669083e-03 -3.4502404875e-03 -4.2013230910e-02 9.5791586468e-02
2.1713125906e-02 -9.5728034583e-02 1.1167124147e-01 3.0239879973e-01 3.4325100139e-02
6.0719755695e-02 1.6764987307e-02 1.5005548655e-02 -9.8016880521e-02 -7.8689755557e-02
-1.1172426840e-02 1.1552438440e-02 2.3174558105e-02 7.5669060803e-02 2.1463176010e-02
4.6637306139e-02 1.4426573862e-01 -8.7380986920e-02 -2.2102777228e-01 -7.7381374231e-02
2.0842256457e-02 -1.1765370208e-01 -7.9437969615e-02 3.5074441974e-02 -1.0731274487e-02
-1.5401813109e-02 -6.5354663292e-02 -7.0023693674e-03 -8.0118035147e-02 7.6275971520e-03
3.5695347920e-02 2.8344347922e-02 2.7613236754e-02 -1.4096936602e-01 -1.1221296980e-01
8.0226189681e-03 6.1483758323e-02 -2.7468864140e-02 -1.2196500001e-01 -1.0541682332e-01
8.8377834965e-02 2.7551858980e-02 6.8839348262e-02 1.0078829322e-01 3.5019870846e-02
1.2950154484e-03 8.9388517404e-02 -5.4882851207e-02 1.4888791267e-01 1.1732925464e-02
-5.5297340326e-02 -6.0733353992e-02 -3.0612395198e-03 1.7019653816e-01 1.0932438135e-02
4.6045865014e-03 -2.3219201920e-02 -1.5688103236e-02 1.7376734049e-01 -6.1176867943e-02
5.5149281379e-03 -3.9920619255e-02 -8.1232968951e-03 -7.6004189395e-02 3.7962449027e-02
-4.6855528127e-02 6.1858347788e-02 3.0412538578e-02 1.7164359799e-01 2.3987429553e-02
-2.4041275016e-02 5.6206367993e-02 -8.7673008156e-02 -1.0469359827e-01 -6.9633841699e-02
-4.5550079700e-02 -1.9128009976e-02 -5.8043801783e-03 6.1709665057e-02 -1.8685786129e-02
4.5598654669e-02 1.8817494621e-02 -4.7471107730e-02 1.2045003493e-01 -7.9700057325e-02
4.2481205530e-02 9.0174687884e-03 1.1042046684e-01 3.1204715973e-02 8.3075003956e-02
-4.1150812688e-02 1.3773501837e-01 1.2395516001e-01 -1.3802328073e-01 7.3471180650e-02
-8.7517532789e-02 3.4945000963e-02 7.3497028326e-02 4.8401820557e-02 -2.8889227146e-02
-1.7734554220e-02 1.2994970503e-01 1.0613134276e-01 3.9543338121e-03 9.3413398650e-03
-3.9738346188e-02 1.9551274247e-02 1.5742802081e-01 -7.7696193744e-03 -1.2894832541e-02
-2.6873967781e-02 1.1938117757e-01 -1.2168472224e-02 -1.5996144142e-01 -4.9806647081e-02
-7.7262174012e-02 4.8553018609e-02 5.3711984350e-02 -4.4407155675e-02 -3.9909066295e-02
7.5557963092e-02 -8.5259377238e-02 8.6061870056e-02 -7.1991401522e-02 5.3487193329e-02
8.4601613390e-03 7.8448713960e-04 -6.9755966081e-02 -2.3362861955e-02 9.5357372429e-02
-1.7221729255e-02 2.8570708191e-02 6.3048351771e-02 1.1937814652e-01 2.3900305663e-02
-6.1664696303e-02 9.7720741686e-03 2.6703665400e-02 2.3403887700e-01 8.6731997298e-02
-8.2120414143e-02 -1.8374094912e-02 -8.2950879801e-02 9.2785587391e-02 -9.4885594001e-03
-3.8533148763e-02 -7.1156752937e-02 1.0565572610e-01 1.4540360225e-01 8.1849702414e-02
