2.1663505465e-02 7.4813613729e-02 2.1964380628e-01 -1.2828210053e-01 -2.3674692734e-01 8.0584957027e-03 1.8182391048e-01 -4.2024389467e-01 2.7996561233e-01 -1.5476102321e-01 -9.8794850822e-02 2.7092494367e-01 7.6687865440e-02 1.6651640597e-02 3.6535406925e-02 -4.4085719856e-01 -3.2629038514e-01 3.3496965813e-01 4.0512570946e-02 3.9740467419e-02 -7.8916085248e-02 2.8943149866e-01 -3.9730336928e-01 1.5134643147e-01 -3.3137588461e-01 1.5989920795e-01 1.7146342426e-01 -2.0403546331e-01 2.3401861488e-01 -6.1962978634e-02 -1.0077910349e-01 2.8446085148e-01 -2.4802721509e-01 -2.7477687077e-01 3.0858163007e-02 1.3081700266e-01 -3.0259923648e-01 -1.2372569193e-01 1.4724600132e-01 1.1301281637e-01 2.6260331002e-01 8.4821216066e-02 -7.2814950128e-02 -2.4961482281e-01 -1.0628312839e-01 2.2800964383e-01 -1.4623631558e-01 2.0558357463e-01 -1.5712370074e-01 6.2544531167e-02 -5.8315961755e-02 -1.1441384362e-01 1.0940522038e-01 4.9733032060e-02 -2.4245487444e-01 3.3103101539e-02 -6.6778162717e-02 2.0431015151e-01 -3.4572022641e-02 -6.6157672105e-02 -3.1261232331e-01 2.5371121432e-02 -1.0423633110e-03 -1.6199467758e-01 -1.2727851505e-01 8.0788627670e-02 4.4197652012e-02 1.8756337250e-01 1.3421626406e-01 -2.0937029322e-01 -4.3657239135e-02 8.9396408729e-02 -1.0102873228e-01 -5.0638171385e-01 4.0782079266e-02 6.3228076395e-02 -3.6923007631e-01 -2.6754615413e-02 -1.3096820180e-01 -1.2860908532e-01 -2.6623994146e-02 3.5142304491e-03 -1.0387731378e-02 -5.9799665491e-02 -3.6639129309e-02 -1.9804430184e-01 -1.3374828249e-01 2.7011669182e-02 4.1578072393e-02 -1.0162092065e-01 -2.6921629111e-02 1.2770401946e-01 -3.7034374669e-03 8.2120964470e-02 2.8341044746e-01 -1.8657161851e-02 6.0591133071e-02 2.5689863057e-02 -1.2374320823e-01 -1.2418707510e-01 -1.2574506452e-01 -1.2860286599e-01 2.1340176470e-01 -2.4531797695e-01 1.6930919350e-01 -4.0546294951e-02 -3.2489536578e-01 2.0572932786e-03 -1.1789474833e-02 -1.6242595010e-01 -2.7669850040e-02 -2.5795255756e-01 -2.6340643522e-01 7.7871475105e-02 1.6058464857e-01 1.5839891570e-01 -1.7757111317e-01 1.7939452267e-01 3.4203237361e-01 3.6029430282e-02 1.7020453814e-01 8.0446132231e-02 1.2662396641e-01 -1.1538701780e-01 3.5598464131e-01 -7.2203849974e-02 1.8114213960e-01 1.3319812979e-01 -9.8124865674e-02 -2.1759982716e-01 1.6213119704e-01 1.4197924385e-01 3.7501850147e-02 1.7186939356e-01 -2.6007258765e-01 3.7179889198e-02 9.0714661056e-02 -3.7880457799e-02 -1.1478865582e-01 -5.8875309258e-02 -1.3428042018e-01 4.2746482857e-02 2.1736011389e-01 -6.7496975374e-02 -1.1390214336e-01 -2.0275156373e-01 2.7440767534e-01 1.6245966291e-01 1.3135869397e-01 8.7017862038e-02 -6.0130422483e-02 -1.8655964477e-01 -2.9409106717e-01 4.1356083054e-02 6.3698310348e-02 -6.0107969401e-02 1.3381406237e-02 2.2568865394e-02 -1.3322782841e-01 -8.6886848111e-02 7.3043214366e-04 -1.8057666321e-01
-1.6576176700e-01 -5.3098670094e-02 -2.3709857447e-02 3.5239681067e-01 1.4779595498e-01 -1.0226551004e-01 2.7221911897e-02 5.8630476375e-02 -1.1088385779e-02 -1.4908015966e-01 -2.4164644275e-01 1.1713248362e-01 -1.3738711434e-01 -3.2118212212e-01 -1.8774523675e-01 -2.6156423466e-01 -1.2733748049e-01 -1.0839586717e-01 1.4639615733e-01 -5.0778855790e-02 -1.6122646363e-02 4.5190986948e-02 -1.7342443537e-01 1.0876124649e-01 2.1893248821e-02 -9.3062626487e-02 2.6584476759e-01 -2.3011975106e-02 -1.4493102236e-01 -1.1255392515e-01 -2.6618095239e-01 1.9736595982e-02 1.8724717537e-01 2.0775741397e-01 3.7950369229e-02 -2.1760422784e-01 1.8696587790e-01 -2.8954980801e-02 -6.5462846035e-02 -7.2297044946e-02 -2.7427390539e-01 1.9407512909e-02 -7.0132467290e-02 -1.2758914466e-01 -7.2507469392e-02 -2.8364648076e-01 -7.9308070041e-02 -2.6499495201e-01 3.3799541175e-01 1.7558303958e-01 -5.7250152170e-02 -5.4581328683e-02 -5.7409073063e-02 -6.6722252901e-02 2.1733713438e-01 1.2913839175e-01 1.7583029063e-01 6.9872022718e-03 6.3656286322e-02 3.5175129003e-01 -1.4121429451e-01 6.3833510809e-02 2.2596758608e-01 -3.5381878792e-02 -6.2028420689e-02 1.3403283171e-01 1.6760962906e-01 6.4380016721e-02 2.6416174646e-02 -2.2663831162e-01 5.8193078606e-02 -1.9275937582e-01 -1.2693486350e-01 1.1969726581e-01 -7.2657228136e-02 6.9825193644e-03 -2.9102827033e-01 1.1317212296e-01 -6.6761350031e-02 1.8271744251e-03 -3.0937969485e-01 6.9617708514e-02 -9.8953709219e-02 -2.0074502429e-01 -1.0221530649e-01 3.0814060228e-01 1.2845897076e-01 -2.5024740406e-01 -2.9517564041e-01 -2.4811738867e-01 -4.0901962314e-02 -1.5187443977e-01 -3.1396987104e-01 -2.9520865804e-01 -1.7666264772e-01 -1.0945697535e-01 -2.1305641219e-01 -1.3646410896e-01 -2.2579722345e-01 6.4074092550e-02 1.1306189543e-01 -1.1039679658e-01 1.2285834898e-01 1.7673229396e-01 1.2891026097e-01 9.9737708623e-02 -2.2702526583e-01 2.5422340515e-01 4.0883880055e-02 1.7329545472e-01 4.8388315423e-02 3.1917713249e-02 2.7680161926e-02 -1.2495625932e-01 -1.7029707022e-01 3.6841228443e-01 7.8366868781e-02 -4.3903048258e-02 6.9897575292e-02 -1.6965047775e-01 3.1107723891e-01 1.7790876226e-01 -1.2224874925e-01 -6.7424257800e-02 -3.0501807422e-01 9.9589184046e-02 -1.4653586553e-01 2.8870033808e-02 -1.5692709747e-01 4.6792195449e-02 -1.6090726087e-01 -3.0296501577e-02 -2.1373813482e-01 2.9544130411e-02 -1.9092469603e-01 -1.5166847522e-01 7.9209059880e-02 2.9454249567e-01 -2.0807465106e-01 -2.7528576889e-01 3.0061119333e-01 2.0989775469e-01 3.6195759877e-01 7.1220985222e-02 1.2863808242e-01 2.2704056630e-02 -1.6048560807e-01 -4.8151840948e-02 -1.2194894354e-01 -1.0003431877e-01 3.0390662227e-02 -1.4400554411e-02 2.6852151424e-01 1.7080539618e-01 -3.8361862606e-01 9.3710264845e-02 -3.1363477937e-02 -2.5886558769e-01 -9.7148490803e-02 1.1276720144e-01 -3.0054452251e-01 -1.0682705105e-01
9.4738875272e-02 -3.8805989183e-02 -2.2821403086e-02 1.1624699213e-01 2.3510032177e-01 -3.3438765544e-01 3.5591085995e-01 9.6829404001e-02 -8.3913649383e-02 -3.0211246345e-01 -2.5896979872e-01 1.0925970760e-01 2.1052970761e-01 1.2082816457e-01 2.6791484101e-01 -4.4039699529e-02 -2.6599158247e-01 -1.5524578692e-02 -2.6651391274e-02 -6.0998371105e-03 -2.5063190672e-01 1.3031110380e-01 -1.6065479675e-01 -5.0228731420e-02 1.8496424521e-01 -1.2934588914e-01 4.0389094208e-02 1.7243323146e-02 -2.7736577304e-01 1.7738074790e-01 5.6290695663e-02 -3.1178997241e-01 5.8105887898e-01 8.5319956429e-02 -2.0829607101e-01 -1.8680617001e-01 6.1784756082e-03 -2.5742110377e-01 3.3196624887e-01 2.2769930380e-01 7.7619845678e-02 2.2360864975e-01 -1.4551695873e-01 4.2804453470e-01 -3.5506239585e-02 1.4345453553e-01 -2.2558393237e-01 -4.3638484903e-01 4.5186410401e-02 1.7407721353e-01 -2.5239257141e-01 5.4549567198e-01 1.2112158541e-01 -2.6149700348e-01 7.3214155475e-02 2.5728422716e-01 -1.1234319307e-01 -2.6891132641e-01 3.6184651731e-02 -3.8577235036e-03 6.8231516958e-02 4.7125965887e-02 3.9931525136e-01 -2.5164191399e-01 -2.8666350231e-01 -2.5810810764e-04 2.6155216008e-01 -4.9359253189e-01 2.6398881695e-01 1.7987896885e-01 -4.4472848058e-01 3.2413443721e-01 -3.7243497977e-01 1.2978853108e-01 4.7558483311e-01 -2.9920388078e-01 -6.1367782367e-02 -4.4159201406e-01 -5.5991409923e-01 2.1691912075e-01 -2.9401326226e-01 1.3731207543e-01 -2.2301907847e-01 1.9789940586e-01 3.3940202883e-01 5.9781621700e-02 3.9229300656e-01 1.7110083517e-01 8.0499191492e-02 -4.1633127583e-01 -1.1522814063e-01 -1.1164378131e-01 2.1325403516e-01 -2.7801608971e-01 7.4792495670e-02 -1.3379094878e-02 2.9291081884e-01 -1.4553147920e-01 9.4702542056e-02 3.2009819591e-01 -2.6359990348e-01 1.3783194942e-01 2.6036299113e-01 1.4353043840e-01 -3.6345051269e-01 -5.0147790644e-02 -3.5650079979e-01 1.1164341284e-01 1.3535268187e-01 2.7640439317e-01 -3.8406170143e-01 2.8106382433e-01 3.4110162250e-02 -1.1715465401e-01 -3.7183608158e-01 1.6086677879e-01 1.5596968507e-01 8.3332143999e-03 2.8153016101e-01 7.7169510938e-02 1.8877958636e-01 -1.4269089523e-01 -1.0225566873e-01 2.3223212957e-01 -3.0958381088e-01 -6.4459120428e-02 -3.8182762479e-01 -1.0667698049e-01 -2.0752594801e-01 -8.4897211157e-02 5.5873704101e-02 -2.1938878612e-01 -8.9001911756e-02 -1.4517942681e-01 -3.5399179588e-01 -2.1003541159e-01 -1.9034964745e-01 -1.9422990849e-02 3.7271787448e-01 3.6125216588e-01 1.8672232268e-01 1.2950043992e-01 -2.3330114496e-01 1.1602970027e-01 -1.9448811821e-01 -9.0703853041e-02 7.0891086418e-02 -1.7817353450e-01 -2.6638447207e-01 3.2810996756e-02 7.4395057309e-02 2.5191232521e-01 9.7319399838e-02 -5.3175675595e-02 1.6479318221e-01 1.9608711133e-01 2.1343315491e-01 3.0981020587e-01 2.2402626053e-01 -9.3576022494e-02 4.6196136889e-02 -4.8135101609e-02
-3.0596308428e-01 6.2761577306e-01 1.8324373537e-01 -5.2121054167e-01 -3.1005161151e-01 -3.2879358545e-01 -1.9445439119e-01 -2.7726136453e-01 6.6049168449e-02 2.9892589511e-01 -1.8484759827e-01 1.6483186523e-02 2.1570243815e-01 6.1833961613e-02 3.1674873101e-01 -3.2136008411e-01 -5.0251414897e-01 -2.5142790487e-01 -2.5037789825e-01 -1.4413976474e-02 -3.1522874852e-01 2.4058633862e-01 -3.2966410562e-01 -5.0544689812e-02 -1.9502832827e-01 -1.0815127630e-01 -2.3824245336e-01 -4.0088080612e-02 -3.1856991635e-02 1.8339816447e-01 1.0829267971e-01 -1.9689228609e-01 -1.2180876544e-01 3.0879796941e-01 -2.7085697894e-01 -4.8632567892e-02 1.8784672256e-01 -2.7077658180e-01 9.6416821233e-02 1.2940320497e-01 2.5730465274e-01 3.5878689712e-01 -1.2676056634e-02 -1.1662684310e-01 -2.3176574618e-01 5.4539477771e-03 2.9880150781e-02 6.6418505750e-02 1.5403446654e-01 1.6260115843e-01 -4.5989143636e-02 -1.5715028190e-01 3.5999907054e-01 -1.1111708400e-01 1.1459641570e-01 3.3779952541e-02 5.3756486058e-01 -1.5751451189e-01 1.7957953892e-01 -2.3192940535e-01 2.9919448842e-01 3.4830447764e-01 7.7638427249e-02 -5.2576941091e-01 2.5274888219e-01 2.7276590806e-01 8.3181513116e-02 2.2159874288e-01 -1.0215776707e-01 3.0862583702e-01 -2.6659012638e-01 -1.3947921093e-01 1.1224756292e-01 1.3390200615e-02 -2.1457459670e-01 -3.3073210193e-01 2.5074972038e-01 -2.7440667634e-01 -3.0022623592e-01 -2.7388155529e-02 -1.9330345756e-01 2.1619362726e-01 -3.7302175641e-02 8.1524089131e-02 -5.9433650307e-02 -9.4262284386e-02 1.3047178153e-02 -9.1356112943e-02 -8.5662119039e-02 -1.1490908833e-01 -2.8749334316e-02 -2.1602963371e-03 -9.6155257595e-02 -1.2629463149e-02 9.5648250261e-02 4.1856902423e-01 1.7525313073e-01 -3.0231521483e-01 1.9623131473e-01 -2.1484964678e-01 -3.4681395481e-01 2.9016151209e-01 2.0762006660e-01 1.0780867413e-01 2.7965624936e-02 -1.2039816180e-01 -3.1128031837e-01 -2.2273547708e-02 -1.7239827496e-01 8.3777732817e-03 5.6894205902e-01 -4.3185896174e-02 -1.2553766165e-01 -1.7267855298e-01 -3.9920228365e-01 -3.6598814243e-01 -2.7063499569e-01 6.7404158340e-02 -1.0187759084e-01 3.3645488701e-01 4.3909438752e-01 1.1639961495e-01 -2.1604563297e-01 1.5346468769e-02 -1.4270727445e-01 -3.8090178634e-01 -9.9149523865e-02 -1.0526592520e-01 -2.4797770599e-02 -2.9846600692e-01 -2.1276000747e-01 -2.2404979238e-01 -5.6732066377e-02 -1.5803666567e-01 1.9867377756e-01 -4.4655491482e-01 1.7669887373e-01 -2.9049776731e-01 2.9266116672e-01 -1.3679510361e-01 -3.0292384818e-01 -7.2576425692e-03 5.4115999114e-01 -1.0048845304e-01 -2.3470138148e-01 -2.8997088128e-01 9.9165970894e-03 5.0900130942e-02 -1.1699295554e-01 1.3625490673e-01 -3.0074430473e-02 3.1707379716e-02 -1.6871127545e-02 -1.7734654153e-01 -8.9349419623e-02 -1.4112682758e-01 -1.3769264118e-01 -8.4505423311e-02 2.1386758424e-01 -2.7900919233e-02 3.8094843793e-01 1.0420694028e-01
1.9405914414e-01 -1.4746242664e-01 1.2591207063e-01 3.2356419378e-02 4.6346056624e-04 3.6420352195e-01 -1.2198196768e-01 5.0746111162e-03 4.1484063078e-01 3.9977527238e-01 9.9699442459e-02 -1.8168302339e-01 4.6359798824e-02 2.1265935565e-01 -7.1272850945e-02 1.4423780353e-01 2.3994455870e-01 8.9676932378e-02 -1.1387189856e-02 -1.3969790262e-01 7.1042449720e-02 -3.5856205174e-01 1.1872626339e-01 -2.8619768839e-02 -6.4625192887e-02 4.0155228190e-02 -1.2587211721e-01 -1.9498795914e-01 1.2450383965e-02 -2.3729592950e-01 -5.4982309186e-02 -2.1774971570e-01 8.1567324215e-02 -2.0698139164e-02 -1.3761971460e-01 3.0403719937e-01 -5.1148539405e-02 1.3832401030e-01 -1.7171331061e-01 1.6641911525e-01 -1.3453644735e-02 -4.3243335836e-01 1.3132993978e-01 -8.0413216083e-02 3.6684786896e-02 -3.6599319103e-01 1.8868791705e-01 -3.0184389019e-02 1.2224349617e-01 5.3803312872e-02 -9.2943035030e-02 -5.9890844855e-02 -5.3541278635e-02 -4.7220683958e-02 2.4548478385e-01 -2.7874750136e-01 -1.6717566936e-01 1.6414358516e-01 1.0970833661e-02 1.7063648983e-01 1.1904344561e-02 -2.4255269302e-02 -1.6390164302e-01 -5.1253707474e-03 2.3286473634e-01 3.0054490987e-02 1.6826107149e-02 1.8057843895e-01 3.9508902478e-02 -3.1094707122e-01 1.3143639973e-01 -2.8612203387e-01 3.5704394950e-01 -1.3858200921e-01 -2.2880756639e-01 1.1597599168e-01 1.6921842246e-02 6.5390298711e-02 3.3077255232e-01 -1.7129395403e-01 1.6118566750e-01 2.1022372697e-01 -6.5970185786e-02 -7.6734781676e-02 1.1734775735e-02 -1.6009182453e-01 -2.4108898417e-01 -1.6480536135e-01 1.7448580074e-01 1.0733777427e-01 3.9913020172e-01 -2.3534519831e-01 -7.7525682013e-02 3.1579145721e-01 -9.3651715154e-02 1.9191221096e-01 -3.4446131830e-01 -2.7260636594e-02 -1.6506103388e-01 -4.9095835861e-02 2.0426978363e-02 -2.0562566312e-01 1.6348407393e-01 -8.6529615924e-02 -1.1282931867e-01 7.3623045302e-02 1.1833587862e-01 3.3293239471e-02 -1.6019575092e-01 6.2266110200e-02 3.5295697871e-01 6.0114526617e-02 -8.1867067872e-02 2.7370563559e-01 -8.6765663606e-02 -2.7941815240e-02 -6.5349821383e-02 -2.0780034037e-01 -9.1275936761e-02 -1.8161571868e-01 -1.7505059554e-01 -3.3970575930e-03 -3.0159061511e-02 -3.0559133653e-01 2.3286532350e-01 1.2307498670e-01 6.5504365068e-02 1.7814418754e-01 1.9459229096e-01 -1.5247234433e-01 1.0664792500e-01 1.2655643324e-01 -8.1705167501e-02 -9.1068824502e-02 1.7516906439e-01 1.7246069428e-01 1.5248272783e-01 6.6142379254e-02 2.0892626785e-01 -3.0554024773e-01 1.8974553533e-01 7.8296288485e-02 4.3201989591e-01 -6.4884919406e-02 1.0959714573e-01 5.7090537499e-01 2.9486535923e-01 4.5320786753e-02 -3.5241020084e-01 1.5984223703e-01 1.7299087349e-01 -4.3915121930e-02 -1.9489434756e-01 2.7537988317e-01 2.1908136497e-01 -8.0583279814e-02 -1.7842773544e-01 -4.6795336564e-01 -2.4874386816e-02 -4.1979698933e-02 3.4643993724e-02 1.2299577296e-01
5.6924523921e-01 -3.3620254372e-01 3.6110493685e-01 3.2077392543e-01 -2.3702081944e-01 4.5627210241e-02 -3.0578649550e-02 -9.6535265198e-02 -2.9211955120e-02 8.7240876933e-02 2.5720693006e-01 1.2478695974e-01 -2.4914507741e-01 -1.6178224371e-01 1.7314151508e-01 1.8499032764e-01 -2.8648037358e-02 4.5990447968e-01 -1.2105069935e-01 8.7116006579e-02 2.0389107601e-01 2.5474181388e-01 2.5060713418e-01 8.9369173666e-02 -2.1771726114e-01 2.3590891860e-01 6.9320675565e-02 1.4807460581e-01 4.2462750427e-01 -2.5352742594e-01 1.5561813340e-02 2.5879797703e-01 -1.6144887591e-01 -2.5924132715e-01 2.3402554808e-01 3.1437752818e-03 -2.6932819368e-01 -2.6126761016e-01 -2.6782973597e-01 -1.0450162895e-01 -1.4124505747e-01 1.2980322696e-01 -8.8573907521e-02 -8.6035654563e-02 6.9002876414e-02 2.9506008281e-01 2.2653956284e-01 -1.6216979137e-02 -3.0366469565e-02 -4.0820388688e-01 4.1842250324e-01 -1.8169285631e-01 -6.5022344424e-02 -2.9797854341e-01 3.8204420930e-02 -3.5188387345e-01 1.7652326522e-01 -7.4184946775e-02 1.4107971158e-01 7.1765434226e-02 -4.2034804461e-01 -3.2200527301e-01 1.2880787424e-01 1.0086300772e-02 -3.0895193309e-01 -1.9434071109e-01 -2.0826904369e-01 -2.6206755430e-01 8.0221684606e-03 -1.6418471364e-01 1.5383208131e-01 -1.4512073948e-01 -2.5517986407e-01 5.8946134628e-03 -1.0811273007e-01 2.9239327215e-01 -1.5240661918e-01 1.3707283172e-01 1.0231926438e-01 -3.4562757925e-01 2.3668102622e-01 -1.6729362951e-01 1.2948842791e-01 -1.6208672718e-01 -3.2023605377e-01 -2.0729146687e-02 -4.2017252144e-02 5.5607128833e-01 5.0069375119e-01 5.4625249929e-02 8.7425034297e-02 2.1919766024e-01 -1.4379137562e-01 2.0858513740e-02 3.0373868982e-01 -7.1872560065e-02 -1.1541659853e-02 2.0556212221e-01 -3.3450697006e-01 -7.9515012309e-02 3.0679673603e-01 -2.4204938720e-03 -2.0825795093e-01 -4.5315876204e-01 -1.0371997841e-01 -8.1496151009e-02 1.6460529964e-01 -2.0113471070e-02 4.0767210810e-01 -3.6859548425e-01 -1.7726304181e-01 -2.7281688800e-01 2.1694739715e-02 -3.8272512382e-02 1.1269862392e-01 1.8385892467e-01 -2.8578841332e-01 2.7086435062e-01 9.8630910228e-02 -2.9739518644e-01 -4.1236213127e-01 3.3398408313e-01 2.8978204610e-01 1.7210967520e-01 -2.7375465601e-01 1.1008435370e-01 -7.5057962519e-02 1.4998347609e-01 2.4773012913e-01 3.1102152710e-01 2.5366195567e-01 5.3204110978e-02 -1.1760380179e-01 1.0366129345e-01 -2.7961615464e-02 1.5592044472e-01 2.6694330345e-01 -3.5837205448e-02 -5.2521148010e-01 -2.9820968518e-01 1.6177149028e-01 -4.0789837103e-01 -3.7403505271e-01 1.0137055206e-01 5.9821224703e-02 -1.6003337653e-01 -1.8106737191e-02 -1.8965631026e-01 2.3512690901e-01 1.0577491758e-02 -2.2872810164e-01 -2.5735100771e-01 -2.3848169488e-01 -3.9775968696e-02 1.6122871183e-01 -1.3826992298e-01 2.3430048835e-01 1.2705016158e-01 1.8767858203e-01 -5.2555957570e-01 -3.2260541812e-01 -2.6725352317e-01
4.6133020737e-02 -9.1304182231e-02 -2.6154896151e-01 2.8295053791e-01 6.9869622826e-02 -2.0913623458e-01 -6.2188521044e-02 5.0799562039e-02 1.2220690526e-02 -3.7039899181e-02 6.9071507465e-03 -1.4171329609e-01 6.7520479378e-02 -3.3752439541e-01 -1.1718022412e-01 4.0605479454e-02 5.3035556632e-02 -1.3826839829e-01 -1.6503745096e-01 -6.4782422545e-02 -1.3162052303e-02 1.5330852246e-01 -4.3795934522e-02 -3.1189471591e-01 -1.7846883181e-01 1.1902151450e-02 8.3178680904e-02 1.8245378609e-01 -5.0773229833e-02 2.0911050286e-02 -2.1456942428e-01 1.3957157087e-01 1.4796072789e-01 -1.9337868259e-01 5.2957511646e-02 -3.5151819269e-01 1.5433309107e-01 1.8007148818e-01 6.6568075535e-02 -9.4415810642e-02 -3.3166243662e-02 -4.2389934531e-02 -3.3188867243e-03 2.1908351503e-01 -3.0401165488e-02 -1.6125819458e-02 -2.1919551239e-02 1.3906174824e-01 -1.1659485591e-01 9.7051653384e-02 1.3832637063e-01 1.6855779907e-02 -2.9571691276e-01 -1.7034070873e-02 1.3569183572e-01 2.8791730633e-01 1.2182780618e-02 -3.3671934587e-02 8.4684062076e-02 3.6331288592e-01 -1.2924834381e-01 2.8739985973e-01 2.4269901709e-01 -4.3254053940e-02 1.2297980099e-02 2.3088071702e-01 9.0770256701e-03 -2.6567810969e-01 2.4318710039e-01 1.9377518815e-01 3.0543236833e-01 -1.8223079780e-01 -4.6748273912e-02 7.0892025081e-02 -9.8937305324e-02 3.1213440161e-02 -3.8981352895e-02 -1.5884576307e-02 -1.9663854786e-01 1.9652126424e-01 5.4405262760e-02 -7.0372998720e-03 1.7889435532e-01 -1.7194955687e-01 -6.4336815639e-02 -3.2992430803e-02 -2.4203076466e-02 2.5369472169e-01 -2.1500180723e-02 2.6491042808e-01 1.3966702790e-01 9.9216415013e-02 -1.8645153390e-01 8.5679555501e-02 2.1543298744e-01 -2.2756500963e-01 -1.5558767602e-01 2.3286010885e-01 1.2810357391e-02 1.1216371099e-01 2.5750465631e-01 -1.4053246470e-01 -6.6478333369e-02 -2.3103484845e-01 -1.3619808020e-02 1.7952806995e-01 1.4777322976e-01 3.9940635208e-02 7.0537838950e-02 3.2068996678e-01 -1.4132861444e-01 6.1051556454e-02 7.8179952649e-02 -3.7617113876e-02 3.1226456206e-01 2.1324654849e-01 -4.6457135637e-03 4.8193660712e-02 -7.0010766316e-02 -1.0491809802e-01 -1.1065368264e-01 -1.8172183372e-01 -1.0658261964e-01 1.4773348950e-01 2.6582189178e-01 -3.5376884985e-02 -1.3841945937e-02 3.1481161448e-02 1.4607492060e-01 3.5119278080e-01 5.3374007131e-02 7.0804832572e-02 -2.8416335472e-01 1.0423319648e-01 9.4509977902e-02 2.3856863812e-02 -1.8072422961e-01 2.7506948170e-01 -1.4025709070e-02 2.5543819695e-01 1.4570177035e-01 2.4132612921e-01 5.7833978203e-02 1.4731720533e-04 -1.2846115578e-01 1.6558698829e-02 -4.4668538491e-01 -2.2512588582e-01 -6.6824421235e-02 -6.0006047971e-02 7.1370628231e-02 -1.2363320147e-01 4.4824294956e-02 -6.9638644538e-02 2.3188035303e-01 4.6784718964e-02 2.2770077735e-01 1.3509949445e-01 3.8944165096e-01 -6.2395001199e-02 4.8789911556e-02 -1.2450384211e-01
5.1220046199e-03 1.8101412657e-01 6.3904145823e-02 1.8610288671e-01 9.0581158933e-02 1.3063628480e-01 1.8398309069e-01 3.6134367360e-02 -4.7697333120e-03 -2.4735026181e-01 -1.3811200343e-01 -4.8450488551e-02 -1.0008360202e-02 5.8507741771e-01 4.9809626588e-02 3.2433636375e-01 1.3479179022e-01 5.6716095498e-02 1.2336519847e-01 -1.0249002229e-01 -1.1904726833e-01 1.5831479018e-01 6.4977005027e-02 9.2055276992e-02 1.2321450756e-01 4.0247777413e-02 7.2177287563e-02 1.8823874693e-01 1.0379509880e-01 -3.6174001385e-02 5.3147338975e-02 -3.3178847150e-01 3.3879410361e-01 8.8855287565e-02 -4.1778805867e-02 -1.1355339791e-01 2.2558498788e-01 -1.7892062747e-01 -1.0877497018e-01 -1.6444703308e-01 3.0534152450e-01 -1.3163086731e-01 1.0549296661e-01 2.0064153242e-01 -7.7413437267e-02 -1.4514205687e-01 2.3217724479e-01 -2.4626963253e-01 -1.9497121535e-01 -1.7526318887e-01 -2.1257895819e-01 1.5317691301e-01 1.8149946838e-01 -9.1900071384e-02 2.3958494192e-02 1.3597037109e-01 -8.9970532139e-02 -2.0661441070e-02 -3.4004412300e-02 -1.4971768396e-02 -4.1101589261e-03 -2.1944313706e-01 8.1088687605e-02 3.6313277199e-01 -1.2773709270e-01 1.6554907968e-01 -6.0296925661e-02 -9.4442356716e-02 9.2938461081e-02 5.7815933394e-02 2.6286042933e-02 2.2883584967e-02 -3.0807322779e-01 -5.7968471323e-02 1.3647416309e-02 -4.2847330820e-02 -3.4790502837e-02 -2.4670742185e-01 -9.5822265773e-02 5.2516681636e-02 7.3621466982e-02 -1.3659916369e-01 -1.9705106633e-01 1.0680417857e-01 -1.5756236904e-01 -2.1518102111e-01 2.1594265167e-01 9.0812762653e-02 5.9282729916e-02 -9.5972376774e-02 2.0512387179e-01 -7.1226914479e-02 1.6899325630e-01 9.8030194331e-03 -1.4843695643e-01 2.0741393898e-01 2.1690183561e-01 -2.0369552305e-01 2.1646276440e-01 1.7392512418e-01 3.9062263511e-02 1.2229850948e-01 -3.1657609733e-02 1.5251494438e-01 -1.5167526232e-01 1.7543406006e-01 -1.4477666794e-01 6.9012897353e-03 -1.5593421538e-01 -3.2645509749e-02 -1.1901795488e-01 3.5341730844e-01 7.7066492267e-02 1.1698648778e-02 -3.5598138291e-01 1.3861905386e-01 2.2412836987e-01 4.8986720404e-02 3.1187775499e-01 2.7274277186e-02 4.0088641252e-02 3.0251456380e-02 -6.3901418452e-02 1.0617088212e-01 -2.1312828745e-01 -2.8663544315e-02 -4.4839327186e-01 8.6405072126e-02 3.8015643469e-02 2.4993789257e-01 -6.1999622759e-02 1.4898483934e-01 2.6632278637e-02 -8.7093476476e-02 7.8115836134e-02 -1.1977554774e-01 -8.0758883358e-02 -9.1693828816e-02 1.8292362646e-01 2.8880684143e-01 2.1696565570e-02 1.1627680408e-01 -4.2119253223e-01 2.3006234018e-01 3.3230535417e-01 2.2791696657e-02 -2.2549897013e-02 -1.5390132799e-02 -9.4931073586e-02 -2.2273751406e-01 8.5541791591e-02 1.5492250907e-01 3.6047362297e-02 3.7102755636e-02 -2.0995000136e-01 -2.9841214557e-01 2.1032462032e-01 6.3578023321e-02 2.6481759624e-03 7.6181547830e-02 2.1579333705e-01 1.9079562835e-01
-3.4650031266e-01 4.2308305019e-02 2.6964761899e-01 1.0935069558e-01 2.7752681479e-01 -4.4109478641e-01 2.1711131865e-01 -3.1121980139e-01 -4.2596673180e-01 -3.9935178236e-01 -1.8125216043e-01 1.8410503507e-01 2.6983275907e-01 3.3803328690e-01 3.2782059075e-01 -4.7815850771e-01 -1.8805612352e-01 -4.5403157378e-02 -5.3496738192e-01 1.0418790358e-01 -2.3402143006e-01 -1.1387080354e-01 -6.4390462327e-01 -1.9762448056e-01 -2.9630080223e-01 -3.0322511941e-01 7.2304437470e-02 1.0850109544e-01 -5.0129517087e-01 2.1738095371e-01 1.4150739627e-01 1.7179075813e-02 2.7323828928e-01 7.0035329330e-05 -5.2990010426e-01 -1.7532891688e-01 1.2908166445e-01 -2.3828810071e-01 1.3393518260e-01 2.2175637501e-01 2.3501895120e-01 6.7368595168e-02 -4.2043712988e-01 5.2929142880e-01 -2.0361549254e-01 -6.2468248839e-02 -2.3531507701e-01 -3.6306729674e-01 -1.8281800316e-01 6.2042047810e-02 7.3358184021e-02 2.8022303324e-01 -5.2505878587e-02 -2.3945308737e-01 2.8147076551e-01 1.5781577350e-01 1.5441595770e-02 -1.9373380091e-01 2.3901992297e-01 3.3309600835e-01 -1.8356521896e-01 1.5798678063e-01 2.7975603772e-01 -1.7635553936e-01 -3.6273793705e-01 2.4330200134e-01 2.5209260612e-02 -3.6990429844e-01 4.0004526766e-01 1.3746125619e-01 -1.3388052448e-02 1.3161472525e-01 -4.1734763184e-01 3.1003282691e-01 3.1351414773e-01 -1.7716275585e-01 -3.3079214660e-01 -2.2905206478e-01 1.4110578789e-01 3.1407412975e-02 -2.2742528214e-02 -2.6163377875e-02 7.1330129229e-03 1.4596083781e-01 -3.2668174208e-02 -2.1215734286e-01 1.6258604327e-01 2.7431764910e-01 -1.8311156877e-01 -2.6238516029e-01 -2.7442990458e-01 2.9208639705e-01 3.0352608829e-01 -4.5103957163e-02 1.1127694376e-02 -1.5912893833e-01 3.0244007180e-01 -3.4003358098e-01 -2.6512524900e-01 4.2163417700e-01 -3.0589794581e-01 2.1338470757e-01 3.2630341932e-03 -1.1226230830e-01 -2.5596913784e-01 -2.1106992170e-01 -2.9004704614e-01 3.3823717785e-01 1.4204277397e-01 2.1282829514e-01 -2.4384581809e-01 2.8388756902e-01 -3.2300640444e-01 3.2194782442e-01 -3.9528827356e-02 2.0885411687e-01 -2.9277336808e-02 2.0298246373e-01 5.2854728717e-01 -5.9380886324e-02 1.6952745440e-01 -5.0863375557e-01 -1.9355588625e-01 1.6544751218e-01 -1.7797196157e-01 -1.6205481278e-01 -4.4327249735e-02 -4.3947808142e-02 -3.0598375185e-01 -4.7472598589e-02 1.3295632905e-01 -2.6530081118e-01 -4.3490699890e-01 -2.6769362174e-01 -4.4483990083e-01 -3.8780479801e-01 4.1077799166e-02 3.2762914591e-01 2.2512403681e-01 4.9920384093e-01 4.1163559969e-01 8.5022718537e-02 -3.4340213129e-01 6.2983418713e-02 -2.8664200425e-01 -2.4526859787e-01 1.0217167410e-01 -2.1082384823e-01 -1.6108553549e-01 -6.7122171270e-02 -1.0934406468e-01 3.5168268389e-01 -1.8972099680e-01 2.6828965006e-01 -1.3540454147e-01 -3.5050718813e-01 4.2475148315e-01 3.4052677469e-01 4.3545745547e-01 1.7979320607e-01 -1.5904417551e-01 1.1285506192e-03
5.5064491696e-02 7.0245224827e-02 2.4225544333e-02 1.5979588728e-01 -6.3965199280e-02 3.5072772407e-01 4.9898711969e-02 -1.6542568626e-01 -8.0483697222e-02 8.2751533653e-02 -2.3839060277e-01 -7.2024721422e-02 2.9292822454e-02 -2.3963644186e-01 1.2117705943e-01 1.0740715177e-01 9.5139617739e-02 1.2215930404e-01 4.6975461626e-02 -6.7835484101e-02 1.0016955322e-01 1.6054748421e-01 3.9254953494e-02 4.4210125573e-01 -4.3544613549e-02 3.0213375417e-01 -6.8698728894e-02 -9.8726314037e-02 -3.1676031534e-01 4.2552757280e-02 -1.4633982115e-01 2.3506675062e-01 -3.7281298873e-01 -3.8437357974e-02 1.8775155716e-01 -3.2284990159e-01 -1.4622863287e-01 -1.1680762285e-01 -8.8096639890e-02 4.5644155899e-02 -1.6296345068e-01 -1.2099691354e-01 1.5924620418e-03 3.9314830534e-01 2.8121438660e-01 1.2414156126e-02 1.9358790725e-01 1.4576960525e-01 -2.4097469614e-01 5.8234147205e-02 2.5792100978e-01 -3.3068465842e-01 4.8526011645e-02 -5.9410414795e-02 6.6193045449e-02 -7.1584848509e-02 1.5777801133e-01 -2.6608156620e-02 1.0072166347e-01 2.0895465922e-01 -2.4013850311e-01 -2.5825048089e-01 8.6007694900e-02 1.5411596199e-01 -6.0132974410e-02 8.3388374947e-02 -1.0117535584e-01 -2.3242944272e-01 -4.4673407381e-02 1.8810844067e-01 3.5116589691e-01 1.0904286467e-02 -1.3892425869e-02 -2.7794637622e-01 -4.0408080352e-02 -2.6656237588e-02 1.3500502989e-01 1.7375726992e-01 2.0193686231e-01 -2.8703238320e-01 1.7180346210e-01 -3.8711176483e-02 5.2100360202e-01 -1.9298762970e-01 -3.0431539285e-01 -1.3061867086e-01 -1.9982253179e-01 2.8523743299e-01 -1.4692729657e-01 -5.9804495893e-02 3.4704396015e-01 1.6108301949e-01 1.8198841696e-01 2.4499425433e-01 -3.0045268599e-01 8.8392804085e-03 -4.3221744710e-02 -4.4086524209e-02 -2.0884434583e-01 1.0923816754e-01 -1.3931812067e-01 1.2378447956e-01 4.3301521648e-02 -3.3018083405e-01 -9.5636157111e-02 -4.0845036064e-01 2.5923863274e-01 3.3754869567e-01 -1.0625834902e-01 -1.0362399633e-01 -4.4118056162e-01 7.0598512047e-02 5.8428985769e-02 3.8629896734e-01 -1.9911428244e-01 -1.3444060703e-01 -4.1939579360e-01 1.3288210064e-01 -1.3539707081e-01 -1.5983320772e-01 -1.7504164554e-02 -1.5283646588e-01 2.1903041520e-01 2.9163756723e-01 -5.9385421089e-03 1.4115128244e-01 -1.2568262497e-01 2.8612592078e-01 1.9252461075e-01 2.2033958894e-01 1.1403267987e-01 6.0098547404e-02 2.2342891050e-02 2.8559154981e-01 -1.6455237700e-01 9.7884233991e-02 6.1432138134e-02 3.2741579845e-01 3.0996909571e-02 3.7670829844e-02 7.6016639576e-02 -1.6249840670e-01 -2.0310009707e-01 -1.0933942196e-01 7.3052229662e-02 2.6641524508e-01 1.3744521803e-01 -2.4585097764e-01 9.5096344131e-02 2.8895253636e-02 5.5446619606e-02 -2.9946212674e-01 -8.3870468747e-02 -2.4306651833e-01 3.0747697879e-01 -8.2434515042e-02 1.2503810946e-03 2.4300367206e-01 1.1595514912e-01 -2.8075685659e-02 -1.5482256399e-01 -2.5717183717e-01
8.5089732706e-02 -1.2201071121e-01 2.5441758176e-01 -5.4023987582e-02 4.7018883016e-03 4.4321054013e-02 -1.5365417186e-01 1.7329364684e-01 2.0006192257e-01 -7.9410212895e-02 3.6622648001e-01 -3.6212067856e-02 -2.6243364420e-01 1.9422706005e-02 -9.6398405820e-03 2.9323010981e-01 3.6968592231e-01 -1.4956802586e-01 1.6246392291e-01 -2.9390074987e-01 3.8220846959e-01 -4.5153515557e-01 2.2930097571e-01 1.9593591088e-01 3.6621816108e-01 -6.6183409481e-02 -4.0343745660e-01 -3.8106525207e-01 -1.7556827349e-01 -3.8269576721e-01 1.3056552166e-01 1.7600017174e-01 -7.9179823566e-02 -3.5566517142e-01 2.5667909482e-01 4.7212477400e-01 -2.5286458141e-01 2.5573135097e-02 -2.2907692449e-01 1.7040896603e-01 -4.3460890241e-02 -1.6428533359e-01 3.5833439207e-01 -6.9266527771e-02 -1.2469787025e-01 4.2255535395e-02 2.7573873866e-01 -1.6996360462e-01 -3.0335518964e-01 -1.3263483754e-01 -3.0171946580e-01 1.0078318952e-01 -3.1456030772e-01 4.2147037201e-02 2.3747185778e-01 -1.4880874689e-01 -5.3283014781e-01 3.4666321736e-01 -3.9655545020e-01 7.5839369978e-03 -2.9216204543e-01 7.8098225476e-03 -3.5351212339e-01 3.8243448961e-01 -2.6723702427e-03 -2.8636525366e-01 -2.1725846001e-01 1.5152456302e-01 -2.6978592504e-01 -2.3519269310e-01 2.5128832259e-01 -2.7856082309e-01 -6.7351149059e-02 -7.4313018642e-02 -1.1025799151e-01 1.6574939465e-01 -1.1951299307e-01 -5.1098348219e-02 2.6385679073e-01 6.0229759178e-02 -1.5405810980e-02 -4.4336879009e-01 6.3802383243e-02 -1.1638977639e-01 -2.5364034343e-01 -2.1851269297e-01 3.5300180175e-02 1.4083438841e-01 3.3678543497e-01 1.3644100892e-01 1.7916203703e-01 -8.6838808672e-02 -4.8938887049e-02 1.7604329679e-01 1.0204006138e-01 -4.3138894689e-01 1.7037217017e-01 7.0879061213e-03 -2.7272628938e-02 -2.5754353865e-01 1.2435020965e-01 -3.1897167996e-01 -4.0280955367e-02 1.3638119858e-01 -1.7488868268e-02 3.9559349409e-01 6.9149094295e-02 -1.5933205400e-01 5.2714813034e-03 1.4983836748e-02 -4.1502669569e-01 -4.1173706160e-01 -1.4483363845e-01 6.1960365634e-02 2.7365011423e-01 1.3416180121e-01 2.0416986162e-01 -4.4358103174e-01 5.7808659943e-02 -1.6881088975e-01 1.3285402531e-01 1.8620556112e-01 -1.9567011243e-01 -7.0889664619e-01 -8.5585034100e-02 4.8279111043e-01 -1.9532489322e-01 2.3875166044e-01 -3.8488345669e-02 4.4572212299e-01 -4.3633604822e-01 5.2014508632e-01 3.2046934984e-01 -1.4748350264e-01 -3.0708162822e-01 5.8819909997e-02 -2.7146877185e-01 -1.4071474170e-01 -8.9104645208e-02 -6.8115883296e-02 1.1796041560e-01 1.6306861401e-02 -2.3727895201e-01 2.4933933374e-01 -1.8295087819e-03 1.5693315503e-01 -3.5606708278e-01 -1.3587629590e-01 -8.3106679715e-02 -2.4754424556e-01 -2.9075947153e-01 1.0208799971e-01 -9.0191465920e-02 4.4196902893e-01 4.4139068783e-01 -1.6284460837e-01 -1.7857858090e-01 -2.3659885889e-01 -4.6146849466e-01 -4.5406990152e-01 -1.6712229801e-01 1.4087304644e-01
-1.9335835725e-01 3.5281481141e-01 -3.0173858450e-01 -8.3106509679e-02 2.9962865354e-01 -2.1976581830e-01 8.4436858102e-02 6.9925118805e-02 1.7859979152e-01 1.4380503993e-01 1.0720999272e-01 8.2291658785e-02 5.1823277042e-02 3.8757143664e-02 -3.6614417600e-02 -1.0911263041e-01 -1.1896676096e-01 -1.5252877361e-01 1.8810181139e-01 -2.0469695653e-01 -3.5372950116e-01 -1.2246804465e-01 -4.2756050994e-01 -5.1088566958e-01 8.9760406972e-03 -4.0731759712e-01 -5.1420029634e-02 1.9343418390e-01 -3.4910148975e-01 1.2846649390e-02 3.7224303236e-01 1.2674712424e-01 1.1262883774e-01 1.3355866511e-01 -8.1012843901e-02 -1.0120722756e-01 1.6799849744e-01 1.4160221597e-01 4.3435245081e-02 -1.8138349319e-01 3.9301969102e-02 4.6928510828e-01 -2.1764726589e-01 1.0057329346e-01 -2.8095383003e-01 -6.4429752647e-02 -3.2387741127e-02 -1.2065000003e-01 1.0326049169e-01 1.7760644014e-01 -7.2352711595e-03 1.5877801443e-01 1.4391687209e-01 1.9457606159e-01 -2.3863675999e-02 1.1851515720e-01 1.1151159993e-02 -6.2460214154e-03 -2.6730311519e-01 1.9257901523e-01 1.1349380837e-01 1.3787210461e-01 1.2770807977e-01 -2.4383818780e-01 1.7256612929e-01 -1.1612039829e-01 2.8550645008e-01 1.6886406659e-01 -1.3840377398e-02 1.6039780131e-01 -8.1145032975e-02 -1.8066071898e-01 1.6564617428e-01 -8.8020984279e-02 -8.3450536152e-02 -1.0649831589e-01 -1.9302665976e-01 -5.2764277111e-02 -3.4769042794e-02 7.0377522937e-02 -3.2249013261e-01 -1.8977285935e-02 -1.7929926841e-01 -9.6517781641e-04 1.8650169027e-01 -6.1527919225e-02 -3.1539441277e-02 1.2077380307e-01 1.1160063174e-01 1.8422728554e-01 -7.6302480155e-02 -3.5107400692e-01 -2.8194023736e-01 -2.0985724415e-01 5.8654581375e-02 1.5387371762e-01 3.9037513387e-01 -8.7009201409e-02 2.9892449242e-02 9.1416338405e-03 -9.0444500442e-02 -4.6904717762e-02 1.5222504794e-01 6.1245058632e-01 -3.2956090557e-03 1.7436367345e-01 -1.2821127416e-01 -2.9554386665e-01 -2.2843519537e-01 -1.6020041593e-02 5.4151225974e-02 -3.9019709918e-02 4.7012094796e-02 -5.8238745319e-01 3.2313315234e-01 1.2936771431e-01 2.9544915113e-01 -3.2809410146e-01 1.8703172171e-01 1.2916682140e-01 1.7666898216e-01 -1.0569908152e-01 -2.9570201573e-01 -1.3320764033e-01 -1.8573122883e-01 -1.9948366440e-03 4.2099782110e-02 -2.9166380177e-01 -8.8677443261e-02 -2.7192309132e-01 -5.7701550596e-02 -1.7221204821e-01 -1.3361326299e-01 5.8087401556e-02 -3.6077728632e-02 8.2308340133e-02 1.0343412781e-01 -2.6142233772e-01 3.5161976222e-02 8.4886245133e-02 -4.2453027889e-01 7.1486774481e-02 2.2726071684e-02 3.9281838355e-01 2.1844550494e-02 -1.9156990571e-01 7.2261440898e-02 -2.6951241076e-01 7.5349624342e-02 -6.9425467088e-02 -6.8654933923e-02 2.7918173242e-01 -8.6333230760e-02 1.9875217854e-01 -5.3871082258e-02 7.9816361113e-02 -1.0881557922e-01 9.6376943422e-02 -1.6847549724e-01 3.7711061896e-02 1.1646857428e-01 2.3740659634e-01
9.1512300035e-02 -2.4525934803e-01 -1.2476883346e-01 -6.3169396327e-02 1.1458289023e-01 1.8827369651e-01 -4.8902884990e-01 1.0087070125e-01 -8.6506978635e-02 -3.4259740262e-01 4.2645686443e-01 -2.1526885318e-01 -3.1500250833e-01 5.0001812333e-02 1.3142106941e-01 -2.0274328725e-02 1.3044889464e-01 2.1963976816e-01 2.5646850807e-01 4.4746528414e-01 2.7812360257e-01 2.8719940612e-01 1.7656294244e-02 -9.4461297085e-02 -2.5352997460e-01 -6.9060146417e-02 -1.1702589207e-02 1.7258966744e-01 2.7241271534e-02 -3.4243212074e-01 -2.4639676472e-01 1.2037418574e-01 2.0284347510e-01 -1.1734979307e-01 2.0875663927e-01 -1.7365885967e-01 -3.7073658613e-01 2.4037493050e-01 -1.1903854964e-01 -4.1857380811e-01 -3.8343430281e-01 9.1206558722e-03 3.7880801990e-02 -4.7720321832e-03 -1.3750771253e-02 3.1823112089e-01 -1.1128570221e-01 4.0546112353e-01 1.6161321054e-01 -1.3058999341e-01 9.3708921876e-02 -2.4100561210e-01 -1.3509746661e-01 -2.5514200265e-01 -3.5581228831e-01 -3.3688084608e-01 -1.0438640159e-01 4.0602822351e-02 -8.0223136356e-02 2.3712958133e-02 -2.5363020721e-01 -3.4080617679e-01 -2.9115140872e-01 -1.0994623219e-01 -3.3391046063e-01 -1.8646116697e-01 -2.8842715065e-01 -1.4174131572e-01 -1.4773157530e-01 -7.5870035199e-02 2.1605124257e-01 -1.3693746437e-01 -2.4661220633e-01 4.5379397176e-03 -4.7164725913e-04 1.6746042189e-01 -1.5782715699e-01 1.4494888909e-01 2.9773537893e-01 -2.5201716739e-01 8.7291411078e-02 -2.0635520561e-01 2.7052893400e-01 -1.7142467389e-01 -2.8688169986e-01 6.7882671475e-02 -2.9671029675e-01 1.1257710419e-01 3.0293358789e-01 3.8918646558e-01 1.8951664832e-01 2.4360466927e-01 -3.2134119483e-01 -8.9910987120e-02 2.6481255461e-01 -2.5105416844e-01 -2.1941946731e-01 3.9750625246e-01 -3.6864666749e-01 -1.0518699020e-01 2.6032060806e-01 1.3595614849e-01 -1.7279904823e-01 -2.2097645839e-01 1.0985896123e-01 1.3266318577e-01 -1.2101968889e-01 2.0655350394e-02 1.4289676172e-01 -1.4812751938e-01 2.4482179832e-02 3.6795828407e-02 -2.3421771340e-01 -1.9742354476e-01 1.8744121043e-01 -1.7769348521e-01 3.7039257874e-02 -1.1119712813e-01 1.0990153811e-02 -2.9717129196e-01 -3.7207087010e-01 8.2628327090e-03 -1.4719836255e-02 5.7410950347e-02 1.7845459701e-01 2.0710623183e-01 2.4700334431e-01 9.5508088147e-02 1.3360010940e-01 2.0052394187e-02 1.4292572604e-01 8.1990367997e-02 -2.5446813805e-01 2.5035006428e-01 -2.8816983111e-01 2.1384360576e-01 1.8372123811e-01 -2.2998889243e-02 -3.1023813923e-01 -3.1644799582e-01 -3.8194077698e-02 -1.9156525523e-01 -2.7941280827e-01 1.6391314672e-01 1.3907250833e-01 2.4836666809e-01 -7.8471483360e-02 -3.7070354515e-01 4.1217608487e-01 -3.3130226111e-01 -1.1294005562e-01 -1.7851890051e-01 2.4564718743e-01 -9.0322080707e-04 -5.1212649146e-02 1.4217670877e-01 1.6411011945e-01 -7.3128626993e-02 3.0533549597e-03 -2.9368060899e-01 -3.0230700424e-01 -2.5235323748e-01
